-4.302444 -0.665068 6.464817 12.645333 12.461455 6.775380 8.865125 12.596187 8.902658 12.315862 12.809457 7.586504 12.622436 9.934233 9.454602 2.613502 8.342091 3.991236 -4.486288 -8.444920 -7.866933 -11.691676 -13.847308 -13.571321 -16.185125 -16.100284 -18.738674 -14.459385 -9.383640 -14.122044 -12.114214 -16.447720 -20.143570 -21.871312 -21.892921 -21.880548 -23.142692 -24.737098 -23.682528 -23.480971 
-16.472188 -12.955092 1.301555 17.111881 14.553305 -8.441041 6.501749 15.130253 -0.232488 12.045214 17.041325 2.128152 16.536850 6.461026 11.245114 4.742266 10.845561 -0.809174 -8.974889 -14.091104 -17.576180 -21.430446 -23.371263 -25.321862 -24.655140 -24.842208 -19.714028 -11.675516 -10.312229 -15.552285 -13.486689 -17.324567 -25.522147 -31.945379 -27.377481 -30.577146 -37.921244 -38.370031 -26.819105 -28.427108 
-15.487944 -27.883801 -2.379372 16.758985 14.861905 -7.351932 5.831596 14.839882 -1.751049 11.118494 16.590310 0.816150 16.456398 6.483862 12.043084 5.447358 10.376794 -2.004308 -8.249440 -13.914853 -17.465595 -19.895801 -22.353411 -23.787843 -24.101604 -24.027218 -19.192866 -10.039370 -10.748079 -15.381993 -13.080274 -16.893230 -25.010531 -29.091584 -27.148712 -29.132533 -35.164461 -34.519575 -24.024129 -25.874073 
-23.585374 -15.343776 -2.816385 16.418710 14.524709 -8.797437 5.686247 14.698413 -2.021161 11.688355 16.830919 0.290832 15.932679 5.637512 12.241712 4.822901 7.603371 -3.947979 -9.787212 -15.549783 -19.560303 -22.104639 -24.562508 -26.944091 -26.629579 -25.741852 -21.099459 -12.066037 -11.408501 -15.901097 -13.487884 -17.074953 -26.058619 -31.816171 -27.881325 -31.636971 -43.622894 -42.347731 -26.321477 -28.801529 
-26.559324 -27.848383 -2.096569 16.185364 13.837682 -11.796610 6.375171 14.572765 -3.080497 12.605193 16.478189 -1.615890 14.808561 4.400301 13.324495 4.025102 5.422244 -6.545224 -10.810015 -16.549912 -21.058888 -22.697251 -24.366306 -26.275550 -26.456739 -26.459869 -21.490229 -14.253528 -11.437867 -16.781239 -13.866999 -17.673788 -26.430803 -31.908399 -27.819606 -30.072600 -38.859344 -37.795643 -23.779222 -26.932073 
-17.833142 -16.795437 -2.875398 16.181802 13.896031 -9.114493 6.664580 15.128675 -2.225961 13.247270 17.207616 -0.259923 14.037156 3.534980 14.168765 4.916006 2.668293 -9.645396 -12.484769 -18.247588 -22.901170 -25.873376 -28.088812 -29.909185 -30.480800 -29.701903 -24.047037 -16.413302 -10.896778 -16.682884 -13.071216 -17.553477 -26.931068 -32.916234 -28.852101 -31.595386 -44.220054 -43.427625 -25.630573 -29.186384 
-20.661217 -20.868460 -2.433800 16.238552 14.042322 -9.807824 7.467983 15.949584 -1.983423 13.615692 17.418205 -2.962157 12.434428 3.039153 14.347985 5.199616 -1.478558 -12.108763 -14.306563 -20.549523 -24.135498 -26.631727 -29.845143 -31.349455 -31.668546 -30.851423 -25.514523 -18.209352 -11.816352 -17.147774 -14.674188 -18.420948 -28.574173 -35.846046 -30.636294 -32.527850 -50.391655 -48.447097 -27.231770 -30.225793 
-26.070281 -25.978369 -0.878339 16.797320 14.213658 -12.021034 8.376688 16.789028 -0.302390 13.280305 18.033990 -1.648152 11.780885 1.960701 13.396623 6.167284 -0.549058 -10.688783 -13.379737 -20.104118 -23.197669 -26.256922 -28.376689 -30.250398 -29.466423 -29.571526 -25.742947 -19.107051 -14.350526 -21.060587 -17.449735 -20.920681 -31.163118 -35.182256 -33.830157 -34.695349 -38.800760 -39.070616 -30.146496 -31.419723 
-25.816676 -19.906215 -1.172278 17.463443 15.505192 -8.936102 9.102900 17.699008 1.199498 14.156374 17.711963 -3.079848 10.793133 1.590026 12.770517 6.766964 2.044584 -7.788251 -10.376178 -17.583139 -20.801787 -24.066068 -25.853522 -26.463911 -26.790512 -27.166455 -23.556626 -16.003030 -11.931260 -17.509118 -13.863856 -16.685960 -27.924142 -32.875538 -28.336608 -29.493335 -38.290735 -37.728747 -26.258090 -27.688745 
-19.010899 -19.186076 -2.226253 17.807193 16.318912 -5.745325 9.628662 18.429828 1.533822 12.796150 16.545307 -3.789442 6.238720 -0.455237 11.028174 6.491374 1.788201 -7.098875 -10.940265 -19.631233 -22.486430 -25.691747 -28.457736 -28.659752 -28.821478 -28.566148 -24.611589 -16.829025 -14.439949 -18.276443 -14.738817 -16.474962 -26.991835 -33.331008 -29.033533 -31.916205 -48.818255 -44.851759 -26.478235 -27.377495 
-22.829986 -19.321610 -2.297999 18.146769 16.784356 -6.776422 9.704194 18.853613 1.936062 7.878293 11.968994 -9.569540 2.878778 -3.965096 5.378911 1.708939 1.502555 -5.638088 -11.135902 -17.312501 -19.478562 -21.710349 -23.695198 -25.154377 -24.708039 -24.486945 -22.799802 -15.562030 -16.114828 -20.192010 -16.420284 -16.293036 -25.479532 -29.282933 -27.996934 -29.503674 -33.064314 -33.178375 -25.098935 -25.643782 
-12.564383 -16.777815 -2.722104 18.928864 17.823180 -4.019571 10.341729 18.888016 2.028762 1.573443 6.297249 -11.618683 -0.153998 -6.857806 0.338300 -2.658015 1.872626 -2.770876 -11.736512 -20.423342 -23.172075 -27.257670 -30.198916 -31.197348 -30.496412 -29.704814 -24.387572 -15.542044 -20.417485 -25.887011 -20.589379 -18.055012 -28.247897 -36.790859 -36.600666 -35.994673 -49.159517 -48.049397 -29.288282 -29.157957 
-19.885412 -13.891706 2.895379 19.916450 18.045247 0.764720 11.316443 16.399920 0.938659 -2.489043 -1.838017 -20.824630 -6.978178 -12.367905 -6.678785 -8.668959 -0.895159 -1.322744 -10.896756 -20.232208 -23.654220 -27.648538 -29.634250 -29.405226 -30.157310 -29.359547 -24.253165 -19.685518 -27.169253 -31.922519 -28.039457 -23.891490 -29.762316 -34.897464 -34.342956 -34.089715 -37.999821 -38.076018 -31.750392 -31.089160 
-23.031989 -16.347485 7.003267 19.447471 13.433872 -6.313181 6.811623 4.572408 -4.432328 -3.680311 -5.310906 -21.504221 -19.636861 -23.079074 -16.714995 -14.960574 -13.933856 -12.017370 -15.557103 -26.299949 -34.383593 -42.025688 -41.728547 -42.981981 -42.968104 -42.764174 -34.231964 -32.803566 -43.312393 -44.991903 -41.323145 -38.421975 -43.476792 -47.020907 -43.575285 -44.918313 -52.382380 -51.255113 -40.690072 -38.025221 
-36.256715 -18.516207 9.574920 18.539999 9.503316 0.774083 7.406255 -0.211376 -9.753019 -4.951031 -15.445225 -16.536130 -22.965888 -30.039169 -23.979380 -16.469814 -19.527336 -27.150512 -32.032833 -33.947251 -36.558656 -37.503541 -38.162849 -39.032118 -39.440371 -40.200746 -39.979271 -39.687767 -41.862637 -42.715364 -42.931839 -42.733450 -43.527794 -44.419256 -44.621330 -45.025576 -45.757438 -45.987943 -45.572425 -45.049712 
-25.850097 -13.094681 10.515029 16.958265 6.907269 -1.554534 5.222984 -4.255514 -8.967917 -9.121225 -13.448147 -11.924407 -23.200015 -29.176762 -28.870304 -28.119166 -27.295040 -32.404102 -33.492939 -33.729562 -35.767809 -36.728196 -37.428354 -38.181900 -38.753249 -39.478815 -39.768968 -40.705830 -41.223598 -41.710846 -42.351929 -42.652645 -43.279726 -43.584194 -43.993751 -44.436746 -44.678690 -44.896183 -45.001420 -45.159479 
-20.056649 -9.149704 8.869900 12.952902 -0.894449 -2.497719 0.465330 -10.666070 -14.992834 -21.774784 -13.782530 -14.761924 -31.738475 -30.718422 -29.982214 -34.976558 -35.046383 -36.350402 -39.805623 -40.569742 -42.074087 -42.973503 -43.593042 -44.433357 -44.964138 -45.864254 -45.111622 -45.218054 -47.871283 -48.219176 -48.699919 -48.821021 -49.120017 -49.652677 -50.182906 -49.857419 -50.626479 -51.032526 -51.272352 -51.595679 
-38.537033 -13.801922 1.848102 7.415115 -1.611726 -6.057069 -7.086485 -17.973629 -21.576790 -31.328045 -24.031320 -25.705956 -35.464189 -40.012219 -39.095321 -40.414080 -40.314803 -43.006929 -42.469708 -43.713255 -45.011738 -45.806854 -46.820852 -47.542895 -48.028972 -48.842095 -49.646997 -49.377238 -50.652590 -50.908725 -51.177619 -52.050902 -52.137685 -52.650890 -53.434184 -53.322113 -53.748657 -53.962309 -54.119961 -54.310955 
-19.644168 -20.317061 -9.954617 -2.456928 -9.274380 -16.213798 -20.231845 -26.156882 -29.867237 -39.431134 -37.178533 -38.852905 -44.448048 -43.744652 -44.535487 -46.087001 -47.126629 -47.664130 -48.496656 -49.007186 -49.355336 -51.064001 -51.283406 -52.286371 -52.948064 -53.643313 -54.241955 -54.302173 -54.944362 -55.911193 -56.283162 -57.178591 -57.535741 -57.314360 -57.812794 -58.437510 -58.785446 -58.896062 -58.962925 -59.308267 
-19.196398 -22.721512 -17.720296 -9.026886 -19.215576 -22.576583 -24.533294 -29.352122 -30.847022 -32.303442 -32.639529 -35.617286 -38.223050 -40.406950 -40.343064 -39.213330 -37.314170 -35.958564 -35.623460 -36.050320 -37.247943 -39.793765 -43.228923 -48.019762 -52.075741 -55.614216 -58.657561 -60.158007 -62.938467 -58.846141 -54.497442 -54.588242 -56.493584 -59.341761 -62.376510 -59.711387 -57.530279 -57.362496 -62.128358 -66.032546 
-9.459150 -7.227928 -5.866742 -8.892840 -12.418911 -6.802666 -4.727767 -4.746312 -9.225540 -12.725936 -16.227106 -18.506182 -19.660632 -21.757931 -17.700640 -14.460171 -15.160527 -16.920670 -10.837420 -11.380167 -15.579286 -17.200304 -15.957891 -16.589254 -20.152291 -29.760648 -32.612209 -35.007063 -35.867684 -37.293427 -37.437499 -31.500398 -33.084038 -30.403983 -31.001656 -33.874783 -35.819904 -34.827172 -35.136999 -35.115446 
-16.176486 -12.181431 -5.994559 1.258811 0.526223 -4.667210 -6.421506 -4.998446 -5.037572 -11.751444 -19.256619 -19.265695 -22.343336 -23.768855 -21.544588 -18.930041 -18.169725 -21.569838 -14.747156 -13.949258 -14.770733 -16.306999 -7.506750 -10.174366 -15.947275 -23.750209 -23.053610 -28.272961 -29.654283 -31.668026 -31.671462 -30.632081 -26.672403 -22.278209 -22.798354 -27.102451 -31.697120 -27.936855 -27.643851 -29.563102 
-7.725462 -5.282172 7.017714 16.892888 15.419668 5.216928 10.269523 14.374554 8.955370 7.274663 6.510972 -4.943996 -6.149307 -12.717147 -9.790195 -13.944415 -14.780479 -16.721971 -14.534250 -12.314205 -11.830970 -9.262061 -8.531602 -10.206698 -10.217746 -7.730245 -9.464605 -17.499193 -23.534884 -25.120571 -20.321789 -18.412911 -26.899835 -29.435390 -30.290658 -31.494151 -35.499157 -35.716951 -30.140938 -29.306127 
-22.253306 -20.193835 7.426147 19.499867 13.135654 -3.700205 13.993607 14.677064 3.616445 15.780763 14.512248 2.890037 3.964388 -5.676014 -3.456269 -6.852206 -9.306737 -7.956217 -8.942881 -6.455249 -3.455454 0.136002 -4.882796 -7.657292 -6.994923 -4.149924 -4.211656 -11.410251 -18.801417 -20.856219 -14.332167 -14.364015 -24.053148 -30.447829 -28.115709 -31.458286 -44.737775 -42.653542 -23.998432 -23.549042 
-22.269639 -22.720234 8.182707 19.177683 11.307953 -4.951794 12.855245 10.635539 -5.802318 16.350702 11.885623 10.199704 10.932907 -1.771713 -3.421022 -3.121566 -7.479578 -4.597930 -4.125625 -2.501237 1.059407 0.609138 -9.030873 -11.757832 -10.475004 -7.350565 -3.246906 -9.718410 -18.555690 -19.791115 -14.679995 -14.886935 -24.707008 -33.370043 -30.302959 -32.281899 -49.621644 -46.589174 -25.126145 -23.888580 
-26.797096 -17.566318 7.851285 18.999275 11.578312 -6.094717 11.928822 10.051803 -6.705531 13.561805 3.867652 12.208498 14.210196 0.954949 1.187067 1.225065 -1.583027 0.061995 0.781071 3.562953 4.665910 -4.075081 -9.879194 -11.429458 -11.306408 -9.100496 -3.100652 -6.274575 -14.441445 -17.130781 -13.112075 -16.283750 -25.018302 -33.063121 -28.325690 -31.486553 -49.606741 -46.327382 -26.393677 -24.843299 
-28.981994 -21.400570 7.561614 19.592865 13.107541 -7.232555 10.065408 8.491468 -6.922119 12.469308 4.996480 11.432809 13.342886 0.547943 4.446237 1.908711 1.082066 3.530204 4.127775 4.123724 1.356572 -9.474785 -13.116893 -16.210097 -15.979232 -13.963908 -6.977630 -6.513728 -13.568708 -17.307471 -14.060373 -19.592639 -28.798639 -36.150142 -30.209180 -34.336235 -46.426987 -44.110918 -26.900025 -24.810941 
-22.324559 -24.021450 8.615413 19.777929 12.223384 -9.531646 8.944031 6.073950 -6.834350 11.293831 1.375556 12.260061 12.214721 2.313792 3.190302 5.460453 2.441469 7.381234 4.319933 -0.480570 -6.836950 -13.055512 -16.071120 -20.160816 -21.273827 -18.783217 -12.158798 -5.155479 -11.574486 -15.390561 -12.667096 -21.280018 -29.353916 -38.774774 -29.441361 -34.964777 -49.407573 -45.630867 -26.556194 -24.635421 
-21.238331 -29.880998 8.537411 19.426548 11.334100 -10.357114 7.722399 4.355014 -8.020399 9.354551 -1.553844 12.935399 11.533826 2.825760 2.894679 8.350012 5.677738 10.622992 1.005649 -3.294110 -9.651363 -14.055935 -16.534061 -21.447455 -24.593035 -23.070314 -15.069023 -6.033282 -8.997288 -12.570982 -12.314502 -24.202975 -30.894593 -42.099344 -33.691559 -39.110755 -51.684938 -47.611470 -26.347041 -25.786532 
-32.423450 -26.424890 8.362790 19.230168 11.213352 -11.387350 6.920976 3.369932 -8.830873 8.177453 -3.020009 12.273064 10.695798 1.228316 1.586446 9.361670 6.763897 12.394270 -0.120742 -4.744174 -11.207565 -15.075225 -17.300521 -22.551554 -27.452611 -26.769060 -18.559835 -9.293517 -7.100836 -11.086066 -12.780949 -23.673779 -29.725762 -41.258362 -33.471898 -40.717448 -50.891905 -44.236825 -27.106728 -28.279925 
-30.060992 -29.260361 8.068292 19.052182 11.167638 -12.001491 5.911819 2.652440 -10.298141 7.686617 -3.023200 11.635423 9.545654 -0.482136 -0.233819 10.115843 7.085075 11.594496 -1.554668 -5.825791 -12.249872 -15.321062 -17.693560 -22.824720 -29.681698 -29.927200 -20.915106 -11.269510 -5.821735 -9.041984 -12.755036 -24.071417 -31.215539 -42.324597 -33.597044 -38.993578 -49.440565 -45.520396 -26.418549 -24.760984 
-30.098250 -24.333809 7.087243 18.826790 11.630060 -14.149401 4.992203 3.336014 -11.932566 7.334383 -2.317277 10.136319 10.237918 -3.687061 -0.192542 9.144182 7.353338 9.708535 -1.402120 -5.345769 -12.589069 -16.388363 -17.203381 -21.743196 -28.446273 -31.769161 -24.058147 -14.027102 -6.470342 -8.323087 -13.165974 -24.125022 -31.160757 -41.535724 -35.422672 -42.552899 -50.123235 -42.828221 -23.826765 -23.751031 
-26.446970 -21.665319 5.044959 18.710795 13.369091 -12.579375 3.189507 4.779104 -13.432800 7.270322 2.543360 7.776073 12.458505 -2.541524 3.694272 7.432255 9.213824 6.961174 0.684794 -2.192369 -11.568377 -16.412160 -17.496636 -20.703731 -28.287808 -27.856573 -22.856896 -13.853421 -7.525791 -8.081339 -11.320741 -22.953335 -29.967342 -39.475368 -33.318009 -38.438801 -44.266790 -41.296425 -27.330512 -28.342360 
-34.491359 -22.312437 4.716299 18.881568 14.027871 -12.917574 2.575191 4.890243 -14.727290 7.459358 3.882388 5.841746 13.811230 -1.040093 6.284917 5.134319 10.115711 6.091562 1.143491 -1.076174 -12.150769 -16.288442 -18.068973 -21.420551 -33.128038 -29.621051 -22.729632 -13.599847 -8.382123 -9.175341 -10.875947 -23.653003 -30.787515 -42.602641 -32.659325 -39.319387 -50.657666 -43.295548 -26.414851 -27.111054 
-19.649691 -29.475421 4.717458 18.738808 13.295872 -14.223225 3.084382 4.513380 -17.105539 7.282149 2.575196 6.846766 13.898828 -1.757435 4.714161 5.912402 10.706100 4.260003 -0.578162 -2.112580 -12.946211 -17.220569 -18.362451 -21.561770 -31.756343 -30.128398 -24.162265 -15.539419 -9.049873 -8.830763 -11.268886 -24.610884 -30.322495 -38.738764 -32.201982 -37.246251 -42.195571 -39.989811 -24.699293 -23.030662 
-15.141220 -18.391637 3.975671 18.406173 13.030437 -12.995003 2.820091 4.815353 -17.264816 6.957473 3.248940 5.870176 13.385079 -3.041170 3.528966 5.840251 10.905949 0.980588 -3.092222 -3.127850 -13.703717 -17.089845 -18.469386 -22.109718 -33.671713 -32.330243 -26.968996 -17.798590 -9.805031 -8.758318 -12.139181 -27.101754 -32.308454 -43.869130 -32.209965 -39.592052 -53.185096 -42.963178 -26.100304 -26.122668 
-17.422702 -22.399588 3.885765 18.335561 13.133459 -14.569048 2.605947 4.988507 -17.260328 6.728638 3.495359 5.119226 13.068051 -3.058042 3.341748 5.793632 11.579225 0.179298 -3.623435 -3.349251 -14.386078 -17.597699 -18.905748 -22.223181 -33.827047 -35.318889 -29.193648 -20.079171 -11.026795 -9.265698 -12.274595 -27.595389 -32.254403 -42.456313 -34.139310 -40.364139 -48.052348 -42.349791 -27.686552 -27.575108 
-22.441124 -24.983116 4.179431 18.518041 13.482246 -13.322020 2.430681 4.885028 -19.492431 6.548723 2.989642 4.808597 12.965888 -3.788534 2.510050 5.445911 11.372432 -0.607397 -3.652809 -3.152513 -14.280002 -17.069878 -18.267146 -21.248813 -30.810379 -31.803452 -28.305142 -20.204691 -11.415129 -9.698443 -12.814473 -26.256801 -30.438528 -36.946998 -33.446633 -36.837115 -39.677729 -38.206489 -27.516901 -27.679181 
-33.327218 -22.135212 4.807725 18.782340 13.726002 -13.937694 2.426985 5.029165 -15.101482 6.699613 2.413988 5.582558 12.880461 -3.488834 1.618015 6.121783 10.818022 1.921459 -2.585135 -3.048521 -13.440177 -17.079609 -18.828879 -22.572566 -32.842850 -34.235136 -28.288349 -19.553635 -11.299218 -9.086053 -12.394794 -26.155248 -31.681027 -40.712195 -35.706600 -39.555283 -44.894061 -41.653795 -27.774254 -26.122373 
-20.429146 -23.349423 6.280211 18.964022 13.039580 -11.567309 3.638370 4.216541 -13.756282 6.978574 0.394532 8.135596 12.665669 -1.308707 1.741805 8.640021 9.777597 8.405109 1.055569 -1.740272 -10.732507 -16.190421 -17.925012 -21.984860 -29.830213 -29.868780 -23.279754 -14.036891 -7.931008 -7.484257 -10.202857 -21.652248 -29.289671 -36.823813 -31.502272 -35.901737 -40.131229 -38.535437 -25.257234 -24.830143 
-18.942383 -22.517739 7.384264 18.651331 10.986600 -13.035090 5.212883 3.356316 -11.110717 7.272771 -1.267998 10.843796 11.161215 -1.717909 -1.502776 10.739167 8.246118 11.732842 1.019922 -3.389700 -10.354228 -15.777969 -17.433491 -21.464089 -26.933995 -28.211285 -22.987353 -14.011173 -6.142857 -7.714441 -10.980061 -21.445418 -28.946597 -39.342263 -31.755483 -39.226278 -45.545861 -42.789602 -26.063329 -24.366642 
-24.556975 -23.094053 8.628644 18.451608 9.606893 -11.085872 5.906189 1.592349 -8.132155 5.952944 -4.815742 11.637921 7.085596 -0.655047 -2.639237 11.994201 7.682644 11.787092 0.139313 -5.498931 -10.354307 -14.567906 -16.421766 -21.162211 -31.477043 -30.447355 -22.931779 -14.271462 -7.120792 -6.540887 -10.314969 -22.596732 -28.458512 -39.058651 -31.613367 -39.747433 -47.803828 -42.140810 -26.562733 -26.010149 
-22.368019 -20.412755 9.407702 18.392432 8.755931 -8.874024 5.663821 -0.740871 -5.693436 4.345787 -6.053151 12.283176 3.029513 1.796510 -0.929290 12.126479 7.804811 9.990691 -0.903277 -6.447462 -10.574728 -15.517321 -18.037392 -19.980112 -31.936602 -29.491974 -24.024405 -15.451619 -7.034605 -6.586738 -10.644273 -22.696977 -28.813493 -38.474625 -31.752254 -40.320175 -49.025805 -41.445627 -26.516317 -27.621311 
-22.680162 -16.826026 10.439093 18.303678 7.859201 -5.925046 5.124082 -4.275952 -3.933042 2.565308 -2.853968 12.840255 1.210974 3.657171 2.168121 10.961886 9.225033 8.606986 0.972311 -3.030819 -9.302437 -15.006660 -16.639098 -18.345486 -32.044773 -28.494745 -22.674506 -14.490472 -6.171927 -6.816907 -10.479030 -22.380915 -27.896208 -36.551187 -31.270658 -36.335822 -40.780357 -37.770567 -25.545993 -25.623992 
-22.515014 -14.643138 10.727018 17.665293 5.955066 -6.171491 4.792523 -5.954886 -3.172516 1.030115 -1.105849 12.223346 -1.859180 3.524704 2.471683 8.079244 7.243114 5.115074 2.797457 -1.276448 -9.713376 -14.552946 -15.956897 -20.282917 -26.604920 -25.627727 -21.206125 -12.799644 -6.806319 -7.282991 -10.308205 -22.308269 -27.585999 -36.502486 -31.420692 -35.432997 -38.938036 -37.239222 -24.876347 -25.013468 
-20.144463 -13.535513 11.067670 16.946661 4.858594 -2.961639 4.660512 -7.120559 -1.373838 -2.124272 4.285039 11.984284 0.975911 5.087906 5.792220 6.969040 7.652431 5.647819 5.143284 0.835588 -8.396217 -14.275009 -15.986506 -21.234764 -26.265324 -25.390774 -19.602839 -11.020392 -5.776865 -7.770440 -10.960762 -21.647729 -29.587935 -41.757636 -33.503809 -40.029368 -46.857081 -43.025322 -27.540959 -28.385017 
-17.797768 -10.687061 11.121281 15.584320 1.158758 -1.262382 4.026212 -10.720197 -1.295764 -4.726416 7.427272 10.901313 2.094620 3.982951 6.819433 3.831250 7.207150 7.664379 4.859644 -0.500039 -9.665353 -14.843371 -16.617322 -22.630751 -28.437476 -25.615864 -20.734250 -12.275503 -6.802466 -10.423336 -12.118606 -23.445975 -29.772962 -42.206149 -32.377498 -40.520542 -51.191365 -45.052622 -26.021696 -28.155487 
-19.805330 -11.325575 10.608757 14.985411 0.726773 -2.557902 3.706890 -9.854708 -1.490539 -5.750197 7.725802 10.962298 2.976024 3.137357 6.269568 2.748083 5.478169 7.130772 5.530242 1.039392 -8.732960 -13.175405 -16.140847 -23.164515 -27.128041 -24.054385 -19.226521 -11.106354 -6.988393 -10.378703 -12.788541 -23.051980 -29.600851 -43.089396 -32.390784 -40.913416 -53.073723 -42.226782 -25.388541 -27.139400 
-21.866972 -11.837289 10.090874 14.550435 0.419274 -4.863556 3.466958 -10.207393 -2.038594 -3.399365 6.456969 10.980884 0.787799 3.257040 5.336174 2.479029 2.931235 3.418735 3.568072 4.537877 -6.934687 -12.487851 -15.312370 -22.580323 -25.927988 -22.566020 -17.902091 -9.809937 -7.503125 -10.866239 -13.213210 -23.412414 -29.750344 -41.013476 -31.467012 -38.832532 -45.315374 -42.864191 -26.686098 -25.437682 
-26.321953 -13.564703 9.565068 14.464766 0.283770 -4.418563 4.173747 -9.095026 -1.944771 -2.808492 5.364006 11.673146 -0.091804 3.131122 4.064304 1.305544 1.285199 -0.875427 1.195244 7.165536 -3.025594 -10.638942 -13.935937 -19.730210 -23.648117 -20.177662 -14.765527 -7.378975 -8.092341 -11.955648 -13.642700 -21.133783 -29.175013 -39.510158 -31.591579 -36.957120 -45.026634 -43.127989 -25.375819 -24.058692 
-22.371598 -16.128010 8.855355 15.093109 2.561334 -6.892231 5.221142 -4.698079 -2.826546 1.145568 4.210485 13.329888 -1.602594 2.160911 1.258711 2.741407 0.353779 -2.421902 -0.582269 6.622991 -0.472239 -6.194012 -11.860012 -17.215326 -20.990915 -18.687240 -11.872343 -4.631137 -7.602598 -12.669316 -12.017945 -19.868540 -27.625497 -40.982830 -30.088742 -36.134725 -50.317286 -47.071075 -26.697373 -26.748829 
-28.817510 -18.713359 8.682142 15.945924 4.712911 -5.687296 6.050918 -3.420328 -3.451848 2.433268 -0.065483 13.520139 -1.202867 2.116409 -4.327223 1.179728 -2.568956 -4.398968 -2.001864 3.367699 -1.684113 -5.644478 -12.195728 -18.252772 -22.038909 -18.899351 -13.455229 -6.127532 -10.836496 -16.150452 -13.650329 -20.476262 -29.125366 -39.985356 -32.494027 -36.249377 -42.800694 -41.252160 -28.550439 -29.499353 
-30.025312 -20.399463 8.914470 16.665967 5.680303 -6.357423 6.318082 -2.140538 -3.665587 3.898736 -0.850558 13.101144 -0.689948 0.836369 -4.798868 0.173667 -4.207895 -5.072616 -3.041694 2.516985 -0.575993 -5.849695 -11.601812 -17.544305 -22.041594 -19.522005 -14.559890 -6.847460 -12.179388 -17.787243 -14.802471 -19.347669 -29.874539 -43.549276 -30.573941 -34.933915 -49.939085 -46.676386 -27.792480 -27.311548 
-16.569314 -24.959617 8.512159 17.661786 9.143954 -4.792705 6.509789 0.953436 -2.362240 5.998380 -0.831583 9.468182 0.584447 -4.332282 -9.130356 -3.901948 -8.632700 -6.269893 -5.530036 -1.987970 -1.146870 -4.448521 -12.143131 -16.879577 -22.051320 -20.218460 -14.195010 -7.167745 -11.594587 -18.515606 -14.483587 -16.462293 -26.617289 -39.457174 -33.199871 -35.549120 -44.546604 -43.945065 -28.701024 -28.098483 
-17.958244 -23.420154 8.182147 19.862325 14.380131 4.073376 7.748724 2.993335 -3.342558 -1.133225 -3.248551 -7.381232 -7.581883 -10.835167 -13.939128 -12.157057 -16.402796 -15.002892 -12.863145 -7.019959 -5.145015 -11.749459 -15.760446 -18.162895 -24.732086 -28.585573 -23.028521 -16.015381 -22.553515 -27.812969 -23.357266 -22.927839 -29.169016 -37.552321 -40.282320 -43.038218 -55.387406 -51.815007 -37.022748 -39.338552 
-17.820749 -18.918804 7.067955 22.009646 18.307336 -2.278624 5.734535 9.095238 -9.153088 -1.824432 -4.257663 -9.691200 -12.772873 -18.733297 -16.303355 -25.626582 -25.412528 -30.815338 -25.355448 -12.048158 -11.890639 -13.456701 -18.057506 -17.403077 -26.230936 -29.983324 -25.364260 -23.793856 -37.116581 -41.458667 -32.738152 -29.197656 -29.241946 -35.846325 -39.924434 -40.861792 -44.048979 -44.053490 -37.806884 -38.604072 
-27.950273 -21.909250 4.556617 21.513253 18.476222 -6.345270 3.544564 9.168955 -10.934764 -8.213723 -5.760950 -14.252721 -15.293312 -18.850089 -16.277150 -22.053912 -23.087824 -24.553810 -24.932836 -16.812241 -14.472299 -13.927369 -21.099869 -17.680532 -25.765643 -27.843654 -25.383715 -23.999541 -32.947289 -33.608301 -32.132338 -31.372547 -28.275420 -32.455267 -34.432886 -35.601400 -36.420585 -36.547687 -34.420246 -35.318255 
-14.925041 -13.022642 -0.451714 21.412431 20.920447 1.387902 -1.273931 8.838174 -2.417960 -11.063092 -3.848380 -17.865999 -16.095678 -20.495331 -19.517032 -23.386379 -31.380856 -30.741217 -26.586065 -20.969120 -17.031054 -13.848300 -22.029980 -21.062086 -26.451890 -30.881194 -27.870276 -26.444605 -38.668301 -42.639802 -37.196522 -35.668385 -31.371363 -37.330444 -41.566914 -43.617187 -45.973056 -45.654499 -38.800888 -40.206344 
-19.042849 -16.244635 -5.820282 21.311477 24.046135 7.236655 -10.971877 6.466599 1.538632 -16.029808 -5.355614 -11.680251 -18.925601 -13.770096 -21.514141 -20.941856 -24.756726 -26.094947 -24.170590 -23.086902 -15.707016 -19.711769 -22.706287 -20.506175 -27.634868 -30.261569 -28.451679 -27.223280 -33.124742 -34.730362 -33.687260 -32.521557 -32.322389 -35.022996 -36.575832 -36.752932 -37.587920 -37.852951 -35.353875 -36.400240 
-36.054343 -28.255997 -10.072023 20.082078 24.690276 9.467511 -14.309394 3.985652 2.410092 -22.806367 -9.542702 -13.095733 -25.743187 -12.612299 -26.834663 -28.876257 -38.441865 -40.735997 -37.078548 -26.339421 -19.794202 -20.043189 -24.799483 -21.721054 -30.128787 -34.285249 -29.625435 -29.106538 -47.508009 -49.815732 -39.424367 -36.432532 -32.398290 -38.973637 -42.748243 -44.024155 -53.777720 -49.529101 -38.810820 -41.725536 
-20.774910 -18.010279 -12.221686 17.248847 24.043640 11.202914 -18.343100 -3.964058 -0.211966 -20.623578 -14.543599 -13.250233 -30.700508 -14.865420 -22.625382 -33.183931 -36.816767 -37.599636 -38.981486 -31.098046 -29.030917 -23.518512 -30.088132 -31.291356 -35.127633 -40.627633 -35.837360 -31.270947 -46.847067 -48.577826 -42.892095 -42.664781 -41.229024 -46.149419 -47.043559 -48.449971 -50.861829 -49.898983 -43.874788 -45.401010 
-14.839238 -14.438381 -15.116514 11.844170 21.730159 12.549411 -15.043137 -12.474252 -5.295246 -16.588833 -23.825975 -16.848532 -27.943282 -21.391382 -20.937892 -33.121971 -34.389666 -36.084846 -36.153037 -31.278429 -29.696374 -27.101619 -34.762265 -36.955310 -38.560367 -42.696318 -41.158722 -43.339886 -44.469252 -45.294407 -44.078631 -43.570519 -45.297858 -45.846634 -45.845215 -46.181294 -48.124882 -48.027765 -45.008769 -46.807968 
-16.511320 -17.670807 -18.206341 5.216766 18.194717 11.157791 -12.567668 -18.947023 -13.142429 -23.409899 -25.388966 -23.845851 -29.364976 -27.220340 -29.579005 -35.399555 -36.407462 -37.584847 -39.028078 -38.146417 -37.591080 -35.130013 -36.676636 -40.322092 -42.774105 -43.517297 -44.491030 -44.880271 -45.728299 -46.051848 -45.535591 -46.147750 -47.991325 -47.685415 -47.207442 -47.324033 -49.113274 -49.230148 -47.753945 -47.771952 
-35.410342 -26.774725 -19.194033 -0.174208 13.695112 8.434447 -12.233486 -21.240288 -25.212037 -25.002376 -28.914751 -29.278676 -29.104520 -33.405259 -31.643027 -34.133349 -35.304603 -35.860295 -36.627958 -37.519937 -35.903460 -37.768850 -38.181239 -39.879000 -40.521288 -41.635328 -42.284863 -42.904175 -43.320092 -44.062446 -44.239745 -44.510258 -45.374149 -45.819026 -46.091849 -46.414930 -46.911342 -47.045273 -47.041155 -47.243072 
-22.761650 -19.069158 -20.871814 -4.859287 8.021048 3.293258 -15.606417 -27.446710 -26.409994 -29.161781 -30.892132 -33.298564 -34.916114 -33.339642 -33.520720 -38.200731 -39.074340 -39.700960 -40.182863 -35.691902 -35.729643 -41.359485 -42.659508 -43.732765 -44.164696 -45.516129 -46.101867 -45.765851 -47.156846 -47.869296 -48.261202 -48.695491 -49.190990 -49.667088 -50.069640 -50.423283 -50.860234 -51.176359 -51.273435 -51.331154 
-20.718595 -18.766835 -27.751999 -9.357275 -2.582488 -7.805398 -24.708820 -38.959529 -38.015416 -35.635189 -34.698510 -36.377521 -40.491474 -34.431270 -34.921020 -43.273439 -48.310280 -52.462857 -49.904965 -40.079174 -43.049280 -47.495379 -46.168474 -53.197082 -56.915437 -58.159885 -56.920584 -49.971775 -60.587206 -61.258025 -60.943171 -61.408991 -66.603626 -65.384231 -62.144656 -62.770320 -66.217231 -67.145645 -64.197458 -68.565477 
-42.586735 -36.475557 -32.323495 -30.025366 -30.001859 -32.755790 -38.953673 -45.620183 -47.403607 -51.985560 -45.809389 -47.712722 -54.307405 -55.195739 -48.698397 -52.636829 -59.739740 -57.918714 -58.914127 -61.466639 -60.744826 -58.329494 -60.715394 -61.986821 -63.308619 -64.569457 -64.072553 -63.977831 -64.788908 -66.063569 -66.397398 -66.873878 -68.118409 -68.233953 -69.307897 -68.860210 -69.201215 -69.519406 -69.242306 -69.887209 
-58.160885 -60.150894 -68.046241 -64.956235 -55.567047 -58.641293 -69.827731 -67.661591 -68.666138 -66.186163 -69.139980 -69.325610 -70.377315 -76.033094 -76.052852 -76.098337 -77.772985 -75.790061 -79.242801 -79.049351 -77.635980 -79.056629 -75.698612 -80.230420 -79.619159 -86.370576 -84.822448 -84.239814 -84.456532 -87.566365 -85.131049 -83.472861 -86.159560 -84.495616 -88.375345 -87.647619 -88.449520 -89.843110 -86.840826 -89.866580 
-76.752526 -73.773129 -74.204572 -73.646004 -71.275146 -71.853416 -76.058269 -78.184858 -82.095633 -79.687517 -76.514974 -77.694177 -78.925793 -87.926784 -94.412408 -90.084122 -96.258740 -93.246432 -90.659418 -87.248665 -85.877013 -91.541383 -90.760043 -91.715563 -95.404620 -95.511649 -93.794120 -92.164180 -94.442643 -99.195688 -96.963719 -95.022276 -97.441673 -98.766972 -99.193213 -96.885240 -102.261738 -100.807725 -99.332807 -103.118363 
NaN NaN NaN NaN NaN NaN NaN NaN NaN NaN NaN NaN NaN NaN NaN NaN NaN NaN NaN NaN NaN NaN NaN NaN NaN NaN NaN NaN NaN NaN NaN NaN NaN NaN NaN NaN NaN NaN NaN NaN 
NaN NaN NaN NaN NaN NaN NaN NaN NaN NaN NaN NaN NaN NaN NaN NaN NaN NaN NaN NaN NaN NaN NaN NaN NaN NaN NaN NaN NaN NaN NaN NaN NaN NaN NaN NaN NaN NaN NaN NaN 
NaN NaN NaN NaN NaN NaN NaN NaN NaN NaN NaN NaN NaN NaN NaN NaN NaN NaN NaN NaN NaN NaN NaN NaN NaN NaN NaN NaN NaN NaN NaN NaN NaN NaN NaN NaN NaN NaN NaN NaN 
NaN NaN NaN NaN NaN NaN NaN NaN NaN NaN NaN NaN NaN NaN NaN NaN NaN NaN NaN NaN NaN NaN NaN NaN NaN NaN NaN NaN NaN NaN NaN NaN NaN NaN NaN NaN NaN NaN NaN NaN 
NaN NaN NaN NaN NaN NaN NaN NaN NaN NaN NaN NaN NaN NaN NaN NaN NaN NaN NaN NaN NaN NaN NaN NaN NaN NaN NaN NaN NaN NaN NaN NaN NaN NaN NaN NaN NaN NaN NaN NaN 
NaN NaN NaN NaN NaN NaN NaN NaN NaN NaN NaN NaN NaN NaN NaN NaN NaN NaN NaN NaN NaN NaN NaN NaN NaN NaN NaN NaN NaN NaN NaN NaN NaN NaN NaN NaN NaN NaN NaN NaN 
NaN NaN NaN NaN NaN NaN NaN NaN NaN NaN NaN NaN NaN NaN NaN NaN NaN NaN NaN NaN NaN NaN NaN NaN NaN NaN NaN NaN NaN NaN NaN NaN NaN NaN NaN NaN NaN NaN NaN NaN 
NaN NaN NaN NaN NaN NaN NaN NaN NaN NaN NaN NaN NaN NaN NaN NaN NaN NaN NaN NaN NaN NaN NaN NaN NaN NaN NaN NaN NaN NaN NaN NaN NaN NaN NaN NaN NaN NaN NaN NaN 
NaN NaN NaN NaN NaN NaN NaN NaN NaN NaN NaN NaN NaN NaN NaN NaN NaN NaN NaN NaN NaN NaN NaN NaN NaN NaN NaN NaN NaN NaN NaN NaN NaN NaN NaN NaN NaN NaN NaN NaN 
NaN NaN NaN NaN NaN NaN NaN NaN NaN NaN NaN NaN NaN NaN NaN NaN NaN NaN NaN NaN NaN NaN NaN NaN NaN NaN NaN NaN NaN NaN NaN NaN NaN NaN NaN NaN NaN NaN NaN NaN 
NaN NaN NaN NaN NaN NaN NaN NaN NaN NaN NaN NaN NaN NaN NaN NaN NaN NaN NaN NaN NaN NaN NaN NaN NaN NaN NaN NaN NaN NaN NaN NaN NaN NaN NaN NaN NaN NaN NaN NaN 
NaN NaN NaN NaN NaN NaN NaN NaN NaN NaN NaN NaN NaN NaN NaN NaN NaN NaN NaN NaN NaN NaN NaN NaN NaN NaN NaN NaN NaN NaN NaN NaN NaN NaN NaN NaN NaN NaN NaN NaN 
NaN NaN NaN NaN NaN NaN NaN NaN NaN NaN NaN NaN NaN NaN NaN NaN NaN NaN NaN NaN NaN NaN NaN NaN NaN NaN NaN NaN NaN NaN NaN NaN NaN NaN NaN NaN NaN NaN NaN NaN 
NaN NaN NaN NaN NaN NaN NaN NaN NaN NaN NaN NaN NaN NaN NaN NaN NaN NaN NaN NaN NaN NaN NaN NaN NaN NaN NaN NaN NaN NaN NaN NaN NaN NaN NaN NaN NaN NaN NaN NaN 
NaN NaN NaN NaN NaN NaN NaN NaN NaN NaN NaN NaN NaN NaN NaN NaN NaN NaN NaN NaN NaN NaN NaN NaN NaN NaN NaN NaN NaN NaN NaN NaN NaN NaN NaN NaN NaN NaN NaN NaN 
NaN NaN NaN NaN NaN NaN NaN NaN NaN NaN NaN NaN NaN NaN NaN NaN NaN NaN NaN NaN NaN NaN NaN NaN NaN NaN NaN NaN NaN NaN NaN NaN NaN NaN NaN NaN NaN NaN NaN NaN 
NaN NaN NaN NaN NaN NaN NaN NaN NaN NaN NaN NaN NaN NaN NaN NaN NaN NaN NaN NaN NaN NaN NaN NaN NaN NaN NaN NaN NaN NaN NaN NaN NaN NaN NaN NaN NaN NaN NaN NaN 
NaN NaN NaN NaN NaN NaN NaN NaN NaN NaN NaN NaN NaN NaN NaN NaN NaN NaN NaN NaN NaN NaN NaN NaN NaN NaN NaN NaN NaN NaN NaN NaN NaN NaN NaN NaN NaN NaN NaN NaN 
NaN NaN NaN NaN NaN NaN NaN NaN NaN NaN NaN NaN NaN NaN NaN NaN NaN NaN NaN NaN NaN NaN NaN NaN NaN NaN NaN NaN NaN NaN NaN NaN NaN NaN NaN NaN NaN NaN NaN NaN 
NaN NaN NaN NaN NaN NaN NaN NaN NaN NaN NaN NaN NaN NaN NaN NaN NaN NaN NaN NaN NaN NaN NaN NaN NaN NaN NaN NaN NaN NaN NaN NaN NaN NaN NaN NaN NaN NaN NaN NaN 
NaN NaN NaN NaN NaN NaN NaN NaN NaN NaN NaN NaN NaN NaN NaN NaN NaN NaN NaN NaN NaN NaN NaN NaN NaN NaN NaN NaN NaN NaN NaN NaN NaN NaN NaN NaN NaN NaN NaN NaN 
NaN NaN NaN NaN NaN NaN NaN NaN NaN NaN NaN NaN NaN NaN NaN NaN NaN NaN NaN NaN NaN NaN NaN NaN NaN NaN NaN NaN NaN NaN NaN NaN NaN NaN NaN NaN NaN NaN NaN NaN 
NaN NaN NaN NaN NaN NaN NaN NaN NaN NaN NaN NaN NaN NaN NaN NaN NaN NaN NaN NaN NaN NaN NaN NaN NaN NaN NaN NaN NaN NaN NaN NaN NaN NaN NaN NaN NaN NaN NaN NaN 
