NaN NaN NaN NaN NaN NaN NaN NaN NaN NaN NaN NaN NaN NaN NaN NaN NaN NaN NaN NaN NaN NaN NaN NaN NaN NaN NaN NaN NaN NaN NaN NaN NaN NaN NaN NaN NaN NaN NaN NaN 
NaN NaN NaN NaN NaN NaN NaN NaN NaN NaN NaN NaN NaN NaN NaN NaN NaN NaN NaN NaN NaN NaN NaN NaN NaN NaN NaN NaN NaN NaN NaN NaN NaN NaN NaN NaN NaN NaN NaN NaN 
NaN NaN NaN NaN NaN NaN NaN NaN NaN NaN NaN NaN NaN NaN NaN NaN NaN NaN NaN NaN NaN NaN NaN NaN NaN NaN NaN NaN NaN NaN NaN NaN NaN NaN NaN NaN NaN NaN NaN NaN 
NaN NaN NaN NaN NaN NaN NaN NaN NaN NaN NaN NaN NaN NaN NaN NaN NaN NaN NaN NaN NaN NaN NaN NaN NaN NaN NaN NaN NaN NaN NaN NaN NaN NaN NaN NaN NaN NaN NaN NaN 
NaN NaN NaN NaN NaN NaN NaN NaN NaN NaN NaN NaN NaN NaN NaN NaN NaN NaN NaN NaN NaN NaN NaN NaN NaN NaN NaN NaN NaN NaN NaN NaN NaN NaN NaN NaN NaN NaN NaN NaN 
NaN NaN NaN NaN NaN NaN NaN NaN NaN NaN NaN NaN NaN NaN NaN NaN NaN NaN NaN NaN NaN NaN NaN NaN NaN NaN NaN NaN NaN NaN NaN NaN NaN NaN NaN NaN NaN NaN NaN NaN 
NaN NaN NaN NaN NaN NaN NaN NaN NaN NaN NaN NaN NaN NaN NaN NaN NaN NaN NaN NaN NaN NaN NaN NaN NaN NaN NaN NaN NaN NaN NaN NaN NaN NaN NaN NaN NaN NaN NaN NaN 
NaN NaN NaN NaN NaN NaN NaN NaN NaN NaN NaN NaN NaN NaN NaN NaN NaN NaN NaN NaN NaN NaN NaN NaN NaN NaN NaN NaN NaN NaN NaN NaN NaN NaN NaN NaN NaN NaN NaN NaN 
NaN NaN NaN NaN NaN NaN NaN NaN NaN NaN NaN NaN NaN NaN NaN NaN NaN NaN NaN NaN NaN NaN NaN NaN NaN NaN NaN NaN NaN NaN NaN NaN NaN NaN NaN NaN NaN NaN NaN NaN 
-39.893967 -40.415620 -41.313262 -42.915044 -45.328536 -49.297333 -54.979397 -56.674117 -52.046289 -49.775659 -49.605492 -51.380677 -55.482779 -62.285583 -63.309330 -60.965283 -60.334624 -59.200579 -59.305015 -62.109062 -63.332666 -63.705886 -67.908003 -67.957273 -68.278719 -68.638452 -69.642799 -68.590322 -67.146709 -67.715312 -73.079401 -67.764540 -65.505633 -71.619883 -70.352998 -70.921211 -70.086068 -73.069587 -72.709776 -70.972567 
-17.496771 -16.348169 -19.938407 -20.863034 -22.786590 -28.354155 -32.508794 -31.407117 -29.188094 -28.901554 -26.715740 -36.296609 -34.300911 -33.479113 -31.837638 -37.656083 -37.971027 -39.565207 -48.212590 -42.189972 -42.867059 -47.108238 -50.663341 -51.481543 -49.252020 -41.832133 -34.667698 -38.291172 -40.448926 -40.540469 -41.263378 -38.289388 -38.902626 -46.881635 -48.789833 -39.903844 -44.961464 -45.557808 -44.098400 -45.345144 
-8.045732 -3.797428 0.988719 -1.489258 -6.993218 -3.841685 -6.429139 -7.999570 -4.856528 -5.397436 -14.168877 -14.946580 -16.206100 -18.946311 -18.304798 -13.711080 -19.423076 -24.922853 -27.425066 -29.440096 -32.276510 -31.554439 -33.212690 -33.491116 -31.406465 -26.253164 -25.016177 -26.707083 -31.310086 -31.983404 -34.940582 -33.445420 -30.365261 -37.500783 -37.257014 -31.938185 -34.660949 -36.187292 -33.713871 -35.062184 
-4.074728 8.881669 13.934729 7.213249 8.890375 10.190114 10.529207 11.581221 16.514466 13.320048 5.346194 -0.032836 1.005484 -0.873402 -1.695540 -3.932587 -9.701325 -21.173563 -22.441789 -23.853620 -26.472240 -29.906174 -28.697695 -27.023888 -23.206587 -15.360972 -15.759676 -21.120372 -20.872740 -27.037683 -30.958733 -27.764806 -30.438956 -37.547115 -36.007202 -28.169726 -31.622264 -31.113550 -33.585732 -34.371025 
-3.961310 11.673917 16.567677 7.338734 14.365859 10.707808 15.184149 14.938057 23.336505 18.462946 8.792999 2.949333 2.303965 1.581481 4.263445 4.570855 -4.219102 -12.760179 -13.365486 -16.664754 -21.675290 -23.621587 -23.154557 -24.018234 -18.830865 -10.197280 -16.242491 -19.577237 -18.829148 -21.751801 -26.822151 -25.936991 -33.156909 -45.073595 -40.986401 -28.692060 -24.359182 -25.512412 -28.710236 -30.643560 
-6.140557 12.153059 18.018962 10.271835 16.324217 13.890326 18.036090 18.730148 25.197135 17.828329 7.253103 3.693060 4.152299 5.656076 9.321734 5.763658 -4.356625 -9.029094 -11.578782 -14.149509 -17.461154 -21.391812 -21.370956 -21.926314 -13.710877 -7.270366 -16.094712 -16.006338 -14.730334 -17.400048 -21.895606 -20.353191 -28.932439 -41.725487 -41.057358 -23.396358 -20.819616 -22.303325 -26.422186 -30.364364 
-3.925168 14.239070 18.840593 10.900826 17.982293 15.222046 20.228499 17.896364 24.328088 16.656140 5.558590 4.703895 8.363795 8.867597 7.944868 -2.594592 -10.428668 -14.050024 -16.649794 -18.818754 -21.811300 -23.625344 -21.697540 -21.546918 -12.292799 -9.652460 -18.129374 -15.713564 -16.707171 -22.482396 -26.286470 -24.483375 -31.788192 -41.115617 -36.208551 -26.998055 -30.815474 -34.630790 -34.499517 -35.171994 
-4.771413 15.053697 19.489609 10.375929 18.993708 16.369173 22.396016 17.733040 20.738167 9.858583 5.964456 6.902941 10.937715 6.582046 -1.278809 -12.224697 -15.044681 -17.184037 -18.258925 -19.255465 -21.784191 -23.848855 -23.173886 -23.343388 -13.962120 -12.346834 -22.936451 -19.764358 -23.003303 -27.566621 -30.038557 -28.314220 -36.886328 -41.758776 -37.629552 -25.926877 -30.685462 -34.166202 -29.280244 -29.928107 
-1.869113 15.373592 19.903577 13.053580 20.208402 16.031119 23.976926 17.907080 14.843764 7.097233 6.890568 8.964388 7.714669 5.012106 -7.160987 -15.580504 -18.707773 -19.437312 -20.988703 -22.954059 -23.559296 -24.405833 -23.975879 -23.128424 -15.172963 -13.647321 -23.539767 -18.022411 -22.154333 -28.816535 -31.699681 -31.960703 -35.551507 -37.411032 -34.516184 -22.881610 -29.583600 -34.180053 -34.452485 -33.232382 
-0.841866 16.007365 19.607080 14.043845 20.755158 16.009406 23.862066 15.762703 11.719578 7.079121 7.623359 9.108132 1.087891 -2.595314 -12.177940 -18.408590 -20.881358 -20.738133 -21.448128 -22.166712 -23.290879 -24.358689 -24.241480 -24.550510 -18.326303 -15.555166 -23.900638 -17.089025 -21.827179 -27.000962 -29.366699 -29.776558 -31.648682 -32.520934 -31.728357 -27.068254 -31.559925 -32.278859 -33.488501 -33.804868 
-0.291996 16.375938 18.430112 14.163765 19.018124 16.332450 22.420207 13.833081 10.239526 5.136968 5.443970 5.349038 -8.312163 -13.057781 -22.823140 -26.205946 -29.833173 -28.689176 -29.248759 -34.875678 -33.408248 -34.251293 -32.508856 -31.127027 -24.470800 -22.513108 -27.873033 -22.728288 -27.833469 -32.713925 -32.697578 -36.415058 -43.854986 -45.601561 -42.089270 -29.618466 -37.135226 -41.587946 -41.078721 -39.747916 
0.988649 16.732486 17.830882 14.020360 15.728534 15.481246 19.101259 11.946675 10.212366 6.691126 2.416187 1.079668 -11.271932 -18.837680 -21.595760 -24.134256 -27.003981 -27.816104 -30.255247 -36.514388 -38.952210 -35.476710 -40.124226 -38.300561 -32.235985 -29.393244 -37.117649 -33.889013 -41.081833 -41.717895 -42.981442 -42.160454 -46.372194 -48.965000 -45.361386 -38.773478 -43.351266 -46.012060 -43.567845 -47.675086 
1.051976 16.907925 17.457236 14.065102 14.904249 13.620879 14.549677 10.257190 8.234469 6.055504 -1.200974 -6.814803 -13.440543 -18.621698 -22.664497 -27.185393 -27.121521 -29.543329 -30.684856 -33.087140 -34.528303 -34.578923 -35.515120 -36.473256 -33.701946 -30.194826 -37.275582 -35.954316 -37.410124 -40.175815 -40.071579 -41.215006 -42.135242 -42.400829 -41.674063 -38.451949 -42.666235 -42.836869 -43.095298 -43.082544 
-0.108607 15.629727 16.313887 14.012526 14.927677 11.891153 12.065776 9.297136 6.718571 4.675844 -4.919194 -11.092183 -16.521002 -21.726399 -28.576633 -31.161448 -34.049088 -32.915349 -32.638042 -35.144670 -33.660071 -35.260840 -42.393718 -41.744374 -42.997274 -34.248475 -35.414879 -36.013702 -38.357674 -43.086356 -44.947799 -46.716803 -50.131881 -48.061398 -47.951615 -42.978779 -48.827213 -48.528720 -49.191278 -47.731181 
-0.804838 14.280749 15.778991 12.391128 16.677639 10.251925 11.492709 6.639160 5.525861 2.303296 -6.089651 -10.089773 -14.276450 -23.079304 -28.868162 -28.626425 -36.441523 -38.880358 -40.050042 -38.217601 -40.389150 -43.020592 -41.863640 -43.643596 -45.049242 -38.764475 -43.603817 -41.403934 -41.043156 -42.418482 -43.066308 -47.621190 -49.879788 -52.275551 -52.533643 -50.352586 -52.504318 -46.720220 -48.891226 -49.503840 
-2.067785 13.320995 15.453202 12.446243 17.616472 11.645425 13.479945 6.941066 6.734125 2.344768 -3.491639 -7.180737 -11.721466 -19.968898 -22.759869 -25.980327 -32.648861 -33.771515 -36.933720 -37.840057 -38.095125 -37.627932 -38.884613 -41.069814 -41.086751 -38.547313 -38.737427 -41.410005 -42.104991 -43.736833 -44.705335 -43.563278 -45.401091 -47.306081 -46.329103 -43.427706 -46.371756 -47.052037 -46.294832 -46.194947 
-2.871059 13.771636 16.659210 11.750778 17.699104 12.180945 14.801440 6.560910 8.942952 -0.165856 -4.347345 -6.120725 -10.650207 -16.842271 -21.541402 -25.019398 -33.300826 -35.932122 -35.412889 -36.022992 -34.138684 -34.533389 -39.100718 -39.628372 -37.692023 -32.823162 -35.425364 -33.179145 -37.759724 -39.782365 -40.295170 -40.608842 -42.384270 -43.334769 -43.904633 -40.683243 -41.219095 -44.461980 -42.339544 -41.865723 
-4.657126 14.006038 17.856132 9.321504 17.686006 13.853856 15.312630 10.182414 10.664359 0.797579 -2.832607 -6.957368 -14.207082 -17.167596 -20.861406 -25.410783 -25.754362 -27.470023 -28.293277 -28.343902 -28.896324 -30.367491 -30.715480 -31.213483 -31.499500 -27.125710 -30.413590 -29.362539 -33.449026 -34.462693 -34.711225 -34.419609 -36.046187 -36.988319 -37.091496 -34.734975 -37.041544 -37.077506 -38.041375 -37.967280 
-4.529369 13.529998 18.487966 11.792802 19.598290 15.638095 13.861987 11.177138 11.302380 5.671143 -2.075985 -9.269815 -8.738402 -14.117291 -23.606651 -25.968669 -26.299881 -28.276803 -29.135105 -30.101285 -30.568536 -31.986593 -33.337096 -34.321338 -32.605253 -30.380930 -30.756826 -27.132706 -32.950699 -36.876912 -37.308396 -37.246953 -38.680079 -39.827920 -40.016041 -35.350649 -37.224967 -37.773653 -39.914217 -40.680860 
-7.229540 11.870946 18.648450 11.433944 19.945423 18.385576 12.492865 14.074743 12.575380 10.711122 0.649561 -2.192156 -5.598378 -10.417979 -16.011744 -19.441840 -20.805913 -21.461653 -22.108323 -23.361380 -24.478006 -25.164794 -26.002591 -26.637883 -27.317268 -25.539460 -26.771879 -25.644177 -28.682445 -29.700660 -30.484028 -30.655694 -31.294656 -31.797636 -31.853031 -30.773766 -31.868163 -32.661175 -33.478585 -33.082187 
-9.749926 11.161645 18.852671 11.956732 19.155831 19.443709 12.360390 17.376061 11.074046 13.043297 4.699786 0.054128 -3.985572 -11.216796 -17.067950 -25.813855 -31.689662 -31.727526 -32.896491 -33.531103 -31.529097 -30.800141 -33.063756 -37.438768 -34.120525 -23.422544 -24.595726 -26.910520 -28.446961 -37.813579 -38.352422 -33.575062 -38.066080 -41.758057 -38.459203 -35.260416 -36.454809 -38.094590 -36.555225 -38.438208 
-7.564781 10.271455 19.006508 12.284537 17.656048 20.301656 13.590461 20.222906 9.641023 13.657096 4.317615 4.945230 -4.183496 -13.384473 -22.510404 -24.833250 -27.832805 -29.594851 -28.107818 -29.150580 -29.626706 -31.627046 -32.173391 -31.549288 -29.511284 -21.446081 -23.107810 -23.295943 -26.842681 -35.233047 -36.728363 -33.386197 -34.741798 -38.853561 -37.515607 -33.513506 -35.608223 -35.487247 -35.089919 -36.586042 
-9.910721 9.546691 19.778075 14.019939 15.178878 21.338314 13.471203 22.571550 14.590942 14.102226 6.253927 10.538093 1.946069 -3.948573 -17.647918 -18.700974 -20.362598 -20.662997 -22.813213 -23.160010 -24.298322 -25.051535 -26.595780 -26.102949 -25.666518 -19.318580 -20.355937 -20.125007 -25.264987 -30.609930 -31.494838 -31.322690 -32.434401 -32.687361 -31.732182 -28.361919 -30.940497 -32.748521 -30.346439 -31.432413 
-7.054960 8.910054 20.465037 15.626773 12.097849 20.929355 13.035043 23.848578 20.373302 11.926224 5.451377 12.158772 9.039750 6.263171 -5.391317 -15.457193 -21.870527 -22.304456 -23.134718 -23.926432 -26.583028 -25.838502 -26.342919 -27.074986 -27.051235 -16.997596 -19.334452 -19.489914 -23.710989 -33.185377 -39.084379 -32.822125 -37.487598 -43.203721 -39.222865 -27.474577 -30.435767 -35.648241 -34.251094 -36.314813 
-12.158676 7.863989 20.628852 17.337672 8.629569 19.303575 12.660997 23.263432 24.185270 9.349026 8.057435 9.609585 10.014985 12.246266 6.438984 -7.403687 -16.364340 -22.288960 -20.839175 -21.635302 -24.416176 -24.950794 -25.446678 -25.948928 -22.608628 -15.031112 -20.930687 -21.097535 -20.546300 -32.920483 -37.843146 -34.485771 -39.238671 -40.946564 -36.946391 -29.200391 -29.601504 -30.915743 -30.673500 -31.832505 
-15.245167 6.734700 20.688126 18.556368 5.393253 18.081584 12.697425 18.840823 25.072329 9.811671 11.566031 6.970093 8.113527 11.299630 13.242284 4.353953 -5.671653 -12.227850 -14.442443 -17.412540 -23.487434 -22.234562 -21.810081 -22.718081 -17.481394 -10.439299 -17.890398 -16.917125 -15.713830 -25.396571 -31.568956 -29.924672 -32.800254 -34.274402 -32.495455 -25.097851 -30.145618 -31.544186 -31.246211 -31.111988 
-16.220912 4.328271 20.014789 19.654488 3.925642 16.877926 14.669145 12.546993 24.586636 11.908920 13.801929 5.035674 7.175375 4.088081 4.986804 7.290438 4.358752 -4.405934 -10.804695 -13.543080 -17.877889 -19.841679 -18.735818 -19.788889 -13.405696 -8.988219 -11.518358 -11.957343 -13.537962 -23.573154 -34.369049 -31.894965 -32.697913 -36.733949 -31.065264 -22.265038 -25.345211 -28.837637 -29.846586 -30.474862 
-17.343316 2.149905 18.984999 20.119763 3.061726 15.186408 16.144261 7.797196 24.160429 13.630494 12.666597 7.008088 7.282593 0.786409 3.485725 4.442216 7.398907 5.270947 -3.504000 -7.937476 -12.221417 -13.697022 -11.590828 -13.842203 -9.162653 -6.369267 -12.743657 -13.355428 -10.498192 -17.873909 -25.229227 -23.341721 -26.804368 -31.647582 -27.965253 -17.866192 -21.287450 -27.520062 -27.926438 -28.675652 
-27.680444 -3.024391 17.432651 20.388068 4.925689 14.221151 17.112059 6.963497 24.907593 17.133678 11.675930 9.398905 6.146881 1.654185 3.003937 -1.315814 1.675229 9.425494 4.651136 -2.146038 -7.504431 -10.123484 -8.962436 -11.931493 -6.902403 -3.583778 -7.877305 -11.540501 -8.649329 -12.366017 -21.077018 -18.838902 -21.797516 -30.401195 -25.790171 -16.270067 -21.148295 -24.993808 -24.685597 -25.567255 
-8.636819 -2.074405 16.471412 20.840879 6.200298 12.402493 17.597073 5.931363 25.175188 20.349534 10.171267 11.814127 4.718176 2.593564 2.566094 -2.565427 -0.525026 8.097162 5.757065 5.150646 -3.744440 -7.657121 -6.957093 -8.934695 -4.746184 -1.228688 -7.346723 -11.593001 -8.200198 -11.862719 -20.423626 -17.952563 -20.755025 -34.938818 -25.709364 -13.854474 -20.731677 -27.664052 -27.505118 -27.770233 
-6.349828 -9.084657 15.442100 20.997556 8.302111 9.625159 17.396027 4.918702 24.497937 22.728411 7.185379 12.080012 1.340018 3.474849 -1.473193 -3.270317 -1.996048 1.925720 4.292905 8.433663 -2.235249 -7.120585 -7.755845 -10.066340 -3.860775 0.300757 -6.710963 -9.894359 -7.617849 -9.906432 -18.462720 -19.009007 -17.974402 -33.887955 -29.812359 -20.708856 -26.486369 -26.492678 -23.009738 -22.879470 
-14.008896 -10.234412 15.159634 21.156911 8.446104 8.079478 16.952850 4.550551 23.494937 23.694693 6.473860 11.538789 -2.767874 2.709421 -4.626259 -4.267260 -4.464789 -6.657896 -2.030195 7.667375 1.122341 -3.291126 -5.742910 -10.468712 -7.142324 -0.405569 -5.022913 -14.103333 -10.758522 -11.361500 -20.787250 -23.865922 -23.758871 -34.262935 -28.464188 -19.289475 -22.262444 -25.918080 -25.516822 -24.348421 
-11.186395 -5.860305 15.614000 21.121076 7.756170 8.480509 16.910823 3.924060 22.820759 23.051474 5.764604 11.079535 -1.984366 3.054712 -3.727983 -4.807539 -4.513484 -7.041681 -5.773185 2.296359 0.383318 -1.882826 -4.512245 -11.036139 -8.589900 -5.188605 -9.588806 -13.778532 -9.876873 -8.293330 -17.450403 -19.999119 -23.278723 -36.761863 -28.954407 -18.141013 -21.122646 -26.720157 -20.755820 -19.329790 
-18.130697 -5.739691 16.390301 21.163241 7.560040 9.828101 16.873001 3.497312 23.015164 21.809891 7.027472 10.177779 -0.441446 2.010974 -3.670400 -8.346578 -5.951770 -6.122031 -6.904852 -1.499470 0.539160 -1.594183 -3.302939 -8.372261 -9.116291 -4.626539 -9.175186 -12.195264 -10.443213 -12.904662 -19.144637 -18.191431 -19.909612 -31.729771 -27.322814 -15.945646 -22.165302 -29.554833 -23.716921 -23.802297 
-25.282484 -2.816226 17.706370 21.160400 5.538887 11.197008 16.135747 4.256460 23.293980 19.416774 8.981171 9.048745 3.495374 1.377400 0.093071 -6.138151 -9.250686 -5.910954 -6.913927 -4.030045 -1.612534 -1.265191 -7.826439 -11.445273 -7.069537 -5.943618 -7.409822 -13.251591 -12.669213 -15.190172 -20.811140 -22.241650 -21.380996 -32.028035 -26.920258 -14.556528 -19.602911 -25.585268 -20.151657 -23.336263 
-16.251770 2.415751 19.356062 20.549886 4.604799 13.281405 14.407605 8.130168 22.091926 14.995997 12.544912 6.116681 7.975579 0.859434 -1.087348 -9.969459 -8.465606 -5.602740 -4.914990 -1.484006 -1.950362 0.054041 -4.459428 -6.973203 -5.934708 -1.710961 -4.812251 -15.571501 -13.758321 -15.342806 -19.695588 -17.683545 -19.691269 -33.767546 -25.611583 -15.420448 -21.049067 -26.666751 -23.699772 -26.302212 
-8.867001 4.696038 19.969261 18.776708 3.235036 15.053468 11.599094 10.521335 17.008708 8.416816 13.126986 4.216689 6.689106 -1.334825 -3.796829 -10.536888 -8.306007 -4.307617 -4.663147 -0.561837 -0.057677 2.131949 0.690196 -5.863669 -6.810920 -2.334447 -6.594223 -16.846784 -16.260286 -16.395284 -22.328436 -20.803757 -26.085527 -39.357482 -31.807178 -20.586159 -25.205672 -29.026273 -25.908769 -26.041746 
-15.805000 8.337707 20.520198 16.269020 6.591335 15.927471 8.292804 14.900530 13.605381 15.188756 12.979784 6.972925 3.998596 -0.154209 -5.012871 -8.147872 -10.606980 -7.151562 -6.501603 -3.396213 -1.539480 0.260839 -0.069630 -5.724590 -7.308573 -5.024633 -5.367490 -11.311148 -12.850221 -16.716218 -23.703188 -19.977648 -21.626095 -35.602855 -28.665963 -17.454021 -22.311356 -27.239855 -23.962183 -26.660174 
-10.495177 11.588105 21.115836 15.410763 11.396973 14.645049 7.524466 16.153778 14.750048 20.237437 10.605202 5.007689 0.349402 -2.929675 -6.212360 -14.833835 -14.386394 -10.858402 -9.129472 -7.283457 -1.931754 0.406252 -2.282363 -5.484245 -10.802135 -7.326904 -9.809028 -11.798894 -13.178947 -14.585790 -19.883887 -26.671480 -23.706945 -36.461245 -30.127464 -18.881320 -21.716445 -29.228628 -27.942535 -27.822487 
-6.702542 13.677754 19.731909 12.510552 14.486007 11.516093 9.340192 10.768866 18.400394 19.669927 10.937605 1.860311 -1.965216 -2.185614 -11.335163 -17.984931 -17.131246 -12.082813 -9.967777 -6.176433 -3.045667 1.678264 -0.621586 -5.458511 -8.360656 -6.159007 -14.486029 -20.684941 -17.047335 -15.585667 -24.472556 -28.970949 -25.895191 -38.329525 -30.596532 -18.102865 -25.072076 -32.236840 -28.270412 -28.931310 
-0.391112 15.123722 15.989901 10.823899 15.031677 9.189219 9.537953 10.676663 17.186028 13.711482 9.012858 1.492615 0.889295 -1.591669 -8.504155 -12.287613 -13.340463 -10.004133 -9.230565 -6.456716 -4.221567 -1.288072 -5.975337 -9.060672 -8.602830 -10.557707 -13.758673 -13.511033 -16.683901 -20.405358 -28.372684 -25.677107 -23.441398 -32.720731 -31.551877 -21.077713 -26.682744 -29.858311 -31.653675 -29.564355 
5.493702 17.301548 14.276894 13.301582 12.198771 9.607307 9.727827 11.415240 11.036777 13.609061 5.558554 -1.783108 -4.389932 -8.529821 -14.323590 -20.436712 -20.399098 -18.595724 -16.852623 -11.600589 -6.840778 -0.228866 -0.573196 -8.864843 -7.222460 -5.749410 -14.037118 -16.768918 -16.302223 -21.693853 -28.822581 -32.148712 -28.627331 -37.543421 -35.170064 -25.534625 -28.374046 -30.346196 -30.549314 -29.614132 
7.737491 18.304644 15.741054 14.727001 10.013757 8.717223 7.026990 8.327347 12.633785 9.985795 3.414254 -4.206167 -3.689942 -9.113276 -16.165390 -23.564092 -26.188320 -18.577826 -14.946166 -13.043486 -12.485643 -4.748797 -2.061271 -9.204319 -12.575848 -15.043869 -17.988584 -17.479147 -17.681755 -19.619553 -24.691925 -31.547398 -31.179257 -37.637743 -36.774976 -21.095022 -26.045265 -29.104546 -24.309492 -24.715859 
10.056697 17.829508 15.024053 13.262533 7.817761 6.065810 4.508762 5.299633 7.566012 9.381103 -2.716118 -7.214248 -14.355840 -15.989190 -17.767108 -19.715965 -25.896228 -22.511252 -21.633104 -21.314774 -13.864501 -4.983078 -4.742533 -8.690177 -16.868304 -21.083598 -22.892441 -20.662728 -15.476898 -23.294816 -33.951837 -38.744800 -33.320390 -38.212185 -38.589585 -29.017120 -30.423338 -29.781077 -28.465978 -28.597433 
10.875358 18.186366 15.537639 11.023241 4.002603 1.703474 2.390188 3.193418 8.812062 5.899133 -1.578672 -12.463863 -10.455986 -11.681232 -15.616107 -20.146928 -23.172134 -22.129471 -20.951679 -20.724158 -16.393806 -8.751163 -5.936978 -8.538774 -9.233710 -15.937472 -15.319276 -18.916970 -22.124757 -25.192898 -34.548001 -34.889988 -29.818263 -38.723126 -38.961155 -30.622685 -31.190245 -32.715151 -34.473800 -36.068234 
12.582012 17.771351 14.245587 9.361439 1.913400 -2.537794 0.231911 4.151405 7.755463 6.783969 -7.662177 -13.084824 -13.165295 -15.596459 -17.214368 -22.678698 -24.392971 -23.395436 -23.951215 -25.300078 -19.210751 -11.288875 -3.625751 -8.484137 -15.917552 -16.538978 -17.012113 -20.233980 -24.714035 -30.741965 -34.299312 -36.150598 -32.751227 -40.881858 -38.757650 -23.318082 -26.829922 -30.730359 -30.968786 -29.568541 
11.499719 12.728208 7.584107 5.523495 -1.309593 -2.744181 -1.346739 1.876782 9.429340 3.706379 -10.738753 -21.735145 -18.554543 -20.976322 -23.316418 -29.449074 -30.099416 -28.923570 -28.112135 -25.534969 -22.882481 -13.815229 -6.756867 -12.305469 -14.762009 -12.709599 -16.880802 -21.324774 -28.626309 -26.316001 -37.031691 -38.403851 -36.067902 -43.545515 -42.357423 -27.944539 -30.774032 -34.084195 -31.781480 -33.167425 
12.014748 14.519207 10.252362 4.373406 -1.223255 -0.319533 1.599981 2.939352 5.845811 -2.892443 -13.290111 -26.529435 -25.767898 -27.064293 -30.521261 -32.521325 -33.229281 -29.076000 -25.664312 -24.480147 -28.134498 -20.140385 -10.648363 -14.575657 -11.655229 -13.157252 -18.300214 -21.927025 -23.560149 -23.310621 -36.372114 -40.909420 -39.927696 -41.867170 -45.502339 -30.128429 -32.948573 -35.709105 -33.878403 -36.299078 
11.561635 14.622986 10.494802 3.155613 0.743442 3.133283 4.140434 4.961594 7.831100 1.889895 -7.246620 -15.022164 -15.510658 -18.540909 -25.018676 -30.833829 -32.486263 -27.731608 -24.799708 -21.736844 -21.821602 -22.315330 -8.966730 -10.063183 -13.347584 -15.720162 -17.950188 -23.742666 -22.477531 -22.651030 -35.975280 -37.529943 -36.075978 -40.553525 -40.401960 -33.501866 -32.365890 -31.633057 -33.761852 -37.125656 
9.656887 9.266735 3.861254 -0.583777 -3.810580 -2.551433 -5.106012 -2.011090 5.025079 -2.135856 -17.814391 -16.619585 -21.347156 -26.389213 -27.923011 -31.116619 -29.742761 -28.569180 -30.478024 -31.398648 -27.617402 -20.829072 -9.532520 -7.649268 -12.661117 -16.927091 -21.845262 -25.914602 -23.144645 -27.051512 -40.221259 -41.834807 -41.788925 -44.191107 -43.821172 -32.549484 -33.631921 -35.581060 -32.701092 -37.312468 
8.775821 8.476051 0.426718 -2.284844 -6.262194 -7.152917 -3.678746 -0.214059 3.177476 -4.098422 -20.697392 -22.372015 -21.356173 -28.603506 -31.567114 -33.489225 -33.416970 -33.120846 -31.793354 -31.857033 -26.802647 -18.996300 -10.196651 -8.728205 -15.586265 -17.547872 -23.624555 -25.566435 -24.191748 -27.188348 -41.124936 -41.454874 -42.407082 -44.966406 -41.743851 -28.355579 -31.054151 -36.078436 -33.798321 -36.873429 
8.787036 10.580744 3.425734 -2.360187 -4.408315 -6.149386 -4.687327 -5.529347 -9.248685 -18.061982 -18.117660 -20.310956 -18.338073 -21.286423 -30.375656 -34.043204 -34.328912 -34.731331 -30.781508 -26.189478 -21.999295 -19.771280 -18.017134 -14.676257 -18.433032 -17.317579 -21.547834 -18.426823 -19.393496 -22.285757 -35.019341 -40.274661 -38.289663 -43.156593 -44.712677 -35.028587 -34.327102 -36.589050 -35.014959 -35.613997 
7.911051 10.753835 2.324291 -6.471769 -11.880316 -7.114038 -8.452036 -14.009347 -19.860576 -15.481935 -20.911265 -23.232754 -25.067844 -34.082136 -35.799689 -36.118522 -37.162405 -39.138625 -34.032163 -32.552138 -29.875214 -26.115302 -17.481062 -10.746220 -14.011729 -16.593162 -20.272572 -23.391339 -24.695000 -30.100083 -39.071815 -44.196337 -46.045913 -50.220775 -48.985448 -40.916614 -35.842874 -37.362565 -34.578701 -36.946060 
1.306726 9.777688 4.213104 -3.022598 -7.519136 -8.544121 -10.981908 -8.545265 -10.478186 -14.681198 -20.199206 -23.688580 -21.344272 -28.281061 -32.332553 -37.409957 -36.109174 -36.341095 -36.148959 -35.029840 -29.514857 -22.480771 -17.712772 -9.071882 -12.255640 -11.801887 -18.354363 -25.247993 -24.217439 -32.155531 -36.489957 -45.238986 -42.330119 -46.130533 -43.713602 -36.170637 -36.723986 -35.432413 -34.118010 -34.069827 
5.343521 9.583982 0.263482 -9.893701 -14.341728 -20.170825 -18.761825 -13.851054 -21.517205 -22.393764 -23.936811 -25.601617 -29.711859 -30.993424 -34.358098 -39.649454 -40.324566 -34.416227 -38.327204 -36.506948 -34.871209 -25.901164 -19.510712 -14.268073 -14.298722 -15.737504 -15.703085 -21.180905 -22.118854 -29.939558 -37.272104 -37.156807 -39.457320 -44.384927 -40.937739 -34.497834 -34.539533 -36.990613 -34.978579 -35.030435 
7.469863 9.299188 -0.442653 -18.072094 -15.951249 -16.776098 -14.494185 -14.218539 -15.047481 -15.654651 -24.916024 -34.630240 -31.392584 -31.880580 -38.295101 -42.954485 -41.093227 -37.226653 -38.106203 -38.147452 -39.854180 -30.389484 -21.198721 -14.722064 -19.645642 -20.435375 -22.369998 -26.071243 -27.161889 -32.145990 -37.817283 -39.556908 -41.669724 -44.939286 -45.849154 -36.707712 -40.105702 -40.813438 -40.699862 -39.007785 
5.739758 4.242402 -6.059464 -10.939245 -14.545764 -14.463733 -10.184279 -13.319769 -17.063376 -13.883666 -25.965370 -29.808684 -31.734367 -27.937408 -34.846692 -40.368447 -40.331533 -37.797452 -35.760673 -41.746236 -37.686912 -34.260150 -22.759463 -11.724516 -12.832251 -16.229690 -18.726541 -30.641333 -29.350858 -29.416789 -36.930272 -37.173187 -39.280816 -41.505749 -44.054754 -35.937645 -39.695615 -40.204912 -41.171430 -43.544097 
4.398455 5.911038 -4.444770 -18.704790 -12.503053 -15.034915 -15.935338 -9.168954 -10.601325 -22.438638 -26.861492 -24.942187 -30.873997 -38.973932 -39.204705 -43.102740 -41.401087 -40.506656 -46.780118 -40.579252 -36.352053 -29.763666 -26.171841 -20.060711 -22.046024 -19.171205 -22.276246 -29.042414 -26.196289 -27.205702 -34.039661 -37.809564 -42.068996 -43.108106 -41.515020 -34.929869 -37.255718 -40.815653 -40.151432 -43.215120 
0.544713 -1.983727 -14.632977 -19.015777 -15.003818 -15.202630 -18.417256 -14.041488 -18.900828 -30.347090 -27.647763 -24.106200 -30.186096 -30.710468 -37.889674 -42.749389 -39.655036 -37.840450 -41.072347 -41.030540 -40.331846 -31.524804 -27.133275 -22.243770 -21.063093 -20.029719 -23.268771 -29.969330 -27.341596 -29.834127 -38.844427 -38.114907 -40.647114 -42.954061 -45.244730 -41.057898 -46.113189 -44.361278 -44.212723 -45.314260 
-8.669721 -8.678988 -12.015029 -16.111412 -19.067477 -21.984603 -24.293056 -30.924565 -31.786238 -35.010282 -38.409921 -37.987398 -36.161365 -33.170756 -38.709295 -42.996679 -45.321778 -45.706857 -44.834356 -42.755276 -37.766183 -31.007114 -28.024402 -25.458714 -27.027675 -26.571573 -30.325773 -34.648736 -41.670812 -41.535713 -48.013560 -48.841273 -45.131367 -47.050746 -48.888177 -46.053414 -55.590922 -54.487679 -56.811085 -56.766014 
-52.023328 -52.530179 -55.340346 -60.762398 -65.071591 -69.792633 -70.679239 -74.250913 -73.079733 -75.072623 -78.159003 -76.470839 -76.047425 -78.558706 -83.202344 -88.433956 -86.695412 -84.478018 -84.449711 -82.394544 -78.690728 -85.671701 -76.729911 -71.326395 -73.902289 -72.718251 -76.296720 -80.239868 -80.429613 -80.875081 -86.867898 -84.556884 -83.151391 -80.941978 -82.652835 -84.369267 -85.054016 -85.138399 -87.275335 -89.873319 
-97.140852 -92.351124 -90.480489 -90.699458 -93.510686 -101.218836 -99.408928 -93.426862 -92.442738 -95.924971 -102.503629 -98.318029 -96.720525 -100.013318 -104.196205 -104.405892 -104.946539 -104.265427 -104.975648 -105.541162 -97.551938 -100.548863 -94.601446 -97.199532 -93.454776 -95.760681 -95.237885 -96.144448 -98.541605 -100.624290 -104.833854 -108.477298 -102.145749 -98.631445 -97.187336 -97.108946 -98.323418 -102.542731 -111.896072 -113.406135 
NaN NaN NaN NaN NaN NaN NaN NaN NaN NaN NaN NaN NaN NaN NaN NaN NaN NaN NaN NaN NaN NaN NaN NaN NaN NaN NaN NaN NaN NaN NaN NaN NaN NaN NaN NaN NaN NaN NaN NaN 
NaN NaN NaN NaN NaN NaN NaN NaN NaN NaN NaN NaN NaN NaN NaN NaN NaN NaN NaN NaN NaN NaN NaN NaN NaN NaN NaN NaN NaN NaN NaN NaN NaN NaN NaN NaN NaN NaN NaN NaN 
NaN NaN NaN NaN NaN NaN NaN NaN NaN NaN NaN NaN NaN NaN NaN NaN NaN NaN NaN NaN NaN NaN NaN NaN NaN NaN NaN NaN NaN NaN NaN NaN NaN NaN NaN NaN NaN NaN NaN NaN 
NaN NaN NaN NaN NaN NaN NaN NaN NaN NaN NaN NaN NaN NaN NaN NaN NaN NaN NaN NaN NaN NaN NaN NaN NaN NaN NaN NaN NaN NaN NaN NaN NaN NaN NaN NaN NaN NaN NaN NaN 
NaN NaN NaN NaN NaN NaN NaN NaN NaN NaN NaN NaN NaN NaN NaN NaN NaN NaN NaN NaN NaN NaN NaN NaN NaN NaN NaN NaN NaN NaN NaN NaN NaN NaN NaN NaN NaN NaN NaN NaN 
NaN NaN NaN NaN NaN NaN NaN NaN NaN NaN NaN NaN NaN NaN NaN NaN NaN NaN NaN NaN NaN NaN NaN NaN NaN NaN NaN NaN NaN NaN NaN NaN NaN NaN NaN NaN NaN NaN NaN NaN 
