NaN NaN NaN NaN NaN NaN NaN NaN NaN NaN NaN NaN NaN NaN NaN NaN NaN NaN NaN NaN NaN NaN NaN NaN NaN NaN NaN NaN NaN NaN NaN NaN NaN NaN NaN NaN NaN NaN NaN NaN 
NaN NaN NaN NaN NaN NaN NaN NaN NaN NaN NaN NaN NaN NaN NaN NaN NaN NaN NaN NaN NaN NaN NaN NaN NaN NaN NaN NaN NaN NaN NaN NaN NaN NaN NaN NaN NaN NaN NaN NaN 
NaN NaN NaN NaN NaN NaN NaN NaN NaN NaN NaN NaN NaN NaN NaN NaN NaN NaN NaN NaN NaN NaN NaN NaN NaN NaN NaN NaN NaN NaN NaN NaN NaN NaN NaN NaN NaN NaN NaN NaN 
NaN NaN NaN NaN NaN NaN NaN NaN NaN NaN NaN NaN NaN NaN NaN NaN NaN NaN NaN NaN NaN NaN NaN NaN NaN NaN NaN NaN NaN NaN NaN NaN NaN NaN NaN NaN NaN NaN NaN NaN 
NaN NaN NaN NaN NaN NaN NaN NaN NaN NaN NaN NaN NaN NaN NaN NaN NaN NaN NaN NaN NaN NaN NaN NaN NaN NaN NaN NaN NaN NaN NaN NaN NaN NaN NaN NaN NaN NaN NaN NaN 
-81.240131 -81.260833 -81.295281 -81.353413 -81.432229 -81.542831 -81.678173 -81.852201 -82.084268 -82.362172 -82.702317 -83.127447 -83.631400 -84.249401 -85.001657 -85.898049 -87.003161 -88.333820 -89.948655 -91.867264 -94.040628 -96.091179 -97.141443 -96.834180 -95.951903 -95.314041 -95.267552 -95.972456 -97.600438 -100.404306 -104.339868 -106.616968 -105.241186 -104.372174 -105.427476 -106.738955 -104.893889 -102.480885 -102.080941 -103.969384 
-19.804492 -17.360532 -10.921142 -10.093602 -13.490804 -21.153905 -19.107801 -18.509644 -8.110167 -11.226259 -10.326385 -10.956310 -15.733057 -16.690354 -14.309674 -25.832007 -27.485377 -31.148159 -30.028306 -34.999204 -39.954699 -44.718578 -43.775703 -36.826484 -29.705301 -28.716261 -33.152067 -33.655591 -32.052470 -29.845162 -31.357072 -37.061834 -44.217979 -39.035156 -40.086262 -41.035162 -39.485455 -33.584007 -33.623236 -45.218658 
-9.274879 0.724335 5.838394 0.564625 3.032365 2.263343 -2.228664 3.096607 6.075267 9.536836 9.556416 5.359518 2.000186 1.172816 1.719548 -5.163910 -11.510654 -16.494940 -19.500598 -24.860102 -29.659791 -34.140038 -34.756721 -30.178700 -22.690935 -19.918073 -21.859173 -23.292929 -19.870254 -15.132054 -18.613392 -25.020302 -32.139414 -25.139142 -24.761401 -28.881019 -30.083240 -25.262107 -24.681049 -36.421372 
-9.220595 7.551392 10.613726 5.572258 11.687627 5.032709 9.025503 6.803726 13.676409 16.958389 16.950318 13.146030 9.706553 9.990013 7.939725 3.931570 -2.583407 -8.900789 -12.380436 -16.893718 -22.218226 -24.332446 -25.309997 -21.821965 -15.468957 -13.178371 -21.666404 -24.821177 -19.792953 -14.783516 -18.430586 -30.428883 -42.766758 -32.813550 -24.491331 -25.763541 -27.943180 -22.579178 -21.810285 -35.134395 
-6.982131 9.345029 12.554461 7.434822 13.869421 7.268648 11.485300 9.746255 15.400151 17.055770 13.909063 9.767449 8.062713 9.122160 9.505700 4.064392 -4.833165 -11.581143 -13.331166 -15.889593 -18.345122 -20.189095 -22.059616 -18.832780 -13.531968 -15.684854 -21.275809 -22.758751 -15.922311 -13.546454 -19.101621 -27.818677 -35.421092 -30.825295 -24.654412 -27.572465 -26.480315 -22.202248 -24.268006 -36.246872 
-7.684051 10.597464 13.756758 8.849538 15.497929 10.062835 13.401584 12.468180 18.993373 17.277535 15.379205 7.994407 7.552659 10.155826 11.120152 4.826761 -2.605293 -8.914815 -11.256346 -14.807143 -18.737929 -21.836644 -22.254398 -15.506919 -9.739834 -16.740993 -21.898122 -23.817741 -18.009988 -16.427628 -20.773582 -30.271111 -44.517665 -37.931586 -27.621890 -23.577946 -29.191540 -25.820649 -27.100419 -42.958378 
-5.853619 10.989007 14.312678 8.467541 15.986402 10.252739 14.567117 14.068050 20.225205 15.414396 13.809192 6.907481 7.187369 10.623121 9.876524 2.682815 -4.805253 -11.145367 -12.809048 -16.581076 -20.300121 -23.205423 -22.808724 -15.716742 -9.875610 -17.619607 -22.531403 -24.565832 -17.640717 -16.499456 -20.916619 -33.438601 -43.039006 -34.288287 -28.808837 -23.717530 -28.424777 -26.818776 -27.253113 -42.901230 
-6.905088 11.107961 14.433075 8.825807 16.256176 9.156409 15.097701 14.242074 21.139662 13.717819 12.244310 8.253864 8.780847 9.185411 6.966419 -2.533163 -9.523094 -13.567281 -14.935163 -17.821791 -22.224648 -23.867704 -22.525219 -16.354760 -10.844722 -18.876473 -23.620199 -23.230156 -15.900221 -16.454180 -22.189968 -31.884312 -36.173154 -33.676930 -30.146427 -28.145681 -30.395961 -29.226656 -33.651892 -38.204040 
-3.152574 11.303162 13.699683 9.994683 15.994435 10.403243 15.338545 16.060278 19.678317 12.400487 8.214939 6.678468 8.772448 7.629130 3.248969 -4.977874 -13.355023 -16.983047 -17.855703 -20.275957 -23.413359 -26.363036 -26.943959 -19.098125 -13.395588 -18.863174 -23.729724 -23.621966 -17.264706 -19.279406 -25.257363 -35.349752 -43.203528 -37.195844 -32.155095 -32.496232 -37.242464 -31.506299 -36.080381 -44.744825 
-5.517138 10.880801 12.222999 10.942075 14.780383 11.842022 14.645910 17.837138 17.519973 11.130574 5.946387 6.885250 8.663400 2.949673 -2.814112 -9.253504 -16.639425 -21.587818 -23.889985 -26.930403 -29.729853 -31.164440 -29.835937 -25.049420 -16.881434 -20.511198 -26.579002 -26.088866 -19.273871 -20.671122 -25.945875 -36.889782 -46.992550 -41.539251 -35.341485 -34.854793 -45.004470 -41.736496 -41.705851 -48.062367 
-4.638128 10.030332 10.160905 10.706230 12.649370 12.049589 13.500416 18.522731 13.389327 10.225349 7.349271 7.111742 4.954892 -1.204471 -9.015586 -15.143661 -21.635920 -24.535442 -26.638652 -29.470411 -31.604894 -33.010397 -34.174427 -28.557529 -22.029188 -23.750047 -30.032849 -30.354815 -23.576254 -26.139422 -31.728030 -40.022408 -45.304605 -43.308818 -41.644756 -38.044808 -41.099328 -42.089669 -43.658989 -48.625329 
-4.456562 9.339398 8.004595 10.680612 11.561373 12.512886 13.570326 17.850606 10.334543 7.369909 5.600363 4.687106 -0.617313 -7.850970 -13.477842 -18.156368 -24.854398 -29.367165 -32.155916 -32.825042 -35.601160 -39.213967 -38.838585 -31.381058 -25.547468 -27.180429 -36.109014 -34.055631 -25.989450 -27.641762 -33.507812 -44.296238 -51.201755 -46.064277 -41.250483 -41.300229 -48.605286 -48.210624 -45.226175 -56.352208 
-4.740899 8.601514 6.362945 10.480376 10.721147 12.464925 13.053659 16.709616 8.556409 6.092783 4.812208 0.907107 -5.786866 -13.359956 -18.672285 -23.507038 -30.504929 -32.180350 -32.440416 -34.185409 -35.659551 -36.881024 -37.842326 -36.697654 -32.665790 -31.814076 -35.320176 -34.898369 -28.134315 -29.665311 -35.900432 -42.045523 -44.004868 -44.676174 -43.107786 -42.923895 -44.938532 -43.998063 -43.464764 -46.154301 
-5.277680 8.242617 5.373522 10.569701 9.823660 12.149919 12.398914 15.597988 7.568687 4.335512 3.085624 -0.969367 -10.525991 -19.096909 -21.923367 -25.763345 -29.887522 -31.252511 -32.896083 -33.425654 -34.275736 -34.892675 -35.679069 -35.956762 -35.385134 -34.766177 -37.557288 -36.834361 -29.706458 -32.674093 -38.678238 -42.947383 -43.215552 -42.844907 -42.602013 -43.485606 -43.619099 -42.769727 -42.784107 -44.302398 
-6.327137 7.607255 5.208917 10.209932 9.645799 12.000082 11.696771 14.339626 6.809671 2.699094 -0.560260 -5.313440 -14.137583 -19.101200 -22.060112 -24.641965 -27.333621 -28.566121 -29.553310 -30.274215 -30.822239 -31.999423 -32.497759 -33.346088 -33.628466 -34.371247 -34.871960 -35.690867 -34.964972 -35.643872 -36.999057 -37.546681 -38.115879 -38.292216 -38.539568 -38.783330 -39.705226 -39.592445 -39.863301 -40.458612 
-5.246266 7.068658 5.430639 10.030249 9.255054 11.650778 10.513467 12.631503 5.481914 1.438718 -2.787724 -9.410854 -15.612770 -20.772437 -22.450475 -26.934321 -34.480556 -37.724255 -41.075783 -40.876583 -43.400969 -44.541175 -45.860979 -45.059334 -37.729372 -37.327560 -43.679651 -44.792196 -42.993356 -39.602578 -43.108848 -50.910233 -50.613090 -48.322725 -45.552078 -42.056354 -43.873766 -42.644141 -46.128084 -51.253893 
-6.286953 6.974025 6.277375 9.895825 9.904797 11.293808 9.570681 11.057771 4.571132 0.982418 -1.967241 -12.976918 -18.595419 -23.507648 -24.610943 -27.983868 -33.624986 -34.531394 -35.609203 -35.919245 -37.512118 -37.529097 -38.778479 -38.854657 -38.933083 -39.154191 -40.455181 -40.257245 -39.400104 -39.086919 -41.727879 -44.368447 -45.054538 -44.695815 -44.512200 -43.575680 -44.980724 -43.106906 -43.957501 -46.820328 
-8.666676 6.918006 6.906489 9.560108 11.419215 11.404559 9.977905 9.407015 4.133932 1.727376 -3.974248 -10.130407 -16.417033 -22.570022 -27.233722 -31.194119 -37.433311 -36.361986 -38.267664 -38.570243 -40.034633 -40.253937 -41.340225 -41.028513 -40.526844 -40.479452 -43.360300 -42.213976 -39.291365 -37.270289 -43.378429 -46.136236 -46.864134 -46.848849 -46.375275 -46.525538 -47.096157 -46.380224 -46.964837 -49.041948 
-8.256438 6.867595 6.673823 9.391551 11.862774 11.070001 11.209633 7.224337 3.943190 2.516055 -7.376224 -12.985040 -19.565078 -22.536233 -27.712423 -30.527235 -36.165599 -36.942689 -34.994458 -37.756928 -41.794239 -43.547264 -43.460099 -42.815255 -44.086121 -43.503514 -43.794467 -42.310840 -35.557734 -38.064869 -45.722270 -47.178120 -49.674171 -49.206325 -45.237841 -47.137654 -48.589251 -46.924416 -47.013235 -50.776687 
-8.455894 7.094761 7.191815 9.315134 12.112716 11.309262 12.585908 7.362455 4.627709 5.018514 -4.110368 -13.290451 -25.036231 -24.472282 -27.862253 -32.888189 -41.631238 -48.271160 -44.324791 -43.601034 -46.097170 -47.032477 -49.721192 -45.370258 -42.457715 -41.818299 -44.511822 -45.543145 -39.566291 -38.529140 -43.133768 -53.100789 -52.403475 -49.821571 -45.964803 -50.117447 -48.228455 -48.691456 -48.580956 -56.219055 
-9.285937 6.555442 8.050190 8.739306 11.277473 11.568051 12.609735 8.149609 4.530816 5.055602 -5.301688 -14.828083 -20.102018 -23.309590 -25.962376 -31.187790 -36.654812 -37.601028 -38.246918 -38.413273 -38.842504 -40.343992 -40.665338 -39.575417 -38.715349 -38.165333 -40.235350 -41.608139 -32.756861 -33.290551 -42.064747 -45.731909 -46.077305 -45.950162 -42.869321 -42.761904 -44.413951 -45.166803 -45.811161 -47.991024 
-11.420885 2.072407 8.102917 7.058150 4.941867 10.524585 12.504003 1.029414 1.561297 0.653405 -4.883932 -12.421495 -18.420764 -23.356409 -24.187716 -28.964507 -33.034241 -35.900483 -35.753293 -36.058434 -37.212312 -38.719308 -39.684491 -39.679666 -39.052633 -39.880226 -40.621210 -41.012603 -34.876380 -34.730222 -42.704790 -44.671633 -45.429264 -45.034181 -45.614752 -43.598050 -43.558431 -43.439665 -46.359475 -47.417935 
-9.943176 6.303354 9.274985 10.162006 14.094511 11.681669 15.836261 9.403371 6.097050 5.892428 0.772031 -3.599540 -16.446531 -19.540228 -20.909093 -24.977616 -31.949663 -35.740132 -37.941578 -38.350595 -39.421513 -43.308772 -43.805905 -42.393807 -34.019352 -31.790510 -40.608052 -41.156305 -35.829219 -37.621631 -42.177246 -45.915947 -50.705235 -47.385590 -42.328494 -40.847241 -42.843375 -37.176568 -42.212530 -51.423037 
-8.708513 7.904492 10.570453 8.582472 15.464147 11.241176 17.085986 9.295519 6.320331 5.972944 3.711606 -0.234688 -12.544664 -18.804555 -21.846030 -26.307294 -30.827036 -31.586929 -31.305634 -32.624104 -34.291656 -34.830267 -35.385397 -35.366645 -34.173071 -34.025656 -37.358533 -37.119930 -31.520025 -30.789685 -36.899746 -40.870308 -41.718623 -41.129914 -38.940248 -39.524177 -41.233366 -42.068073 -41.366469 -43.359968 
-6.659159 8.785491 11.492090 7.846787 15.845231 9.799798 17.922898 10.643299 7.542571 5.575199 5.764303 1.025928 -7.906653 -14.512477 -20.428083 -23.304831 -28.139487 -30.757978 -32.621335 -32.761777 -33.210322 -34.659464 -35.275175 -36.714720 -35.070008 -33.400638 -38.006796 -35.464093 -27.952312 -31.752370 -36.472720 -40.784101 -42.090038 -41.893634 -39.527480 -38.802991 -42.422667 -41.505818 -41.298757 -43.878559 
-8.278420 8.876701 12.023211 8.284317 15.896980 11.578643 18.966126 12.434375 10.020948 5.698234 6.113212 2.413578 -5.964258 -18.799387 -19.295099 -23.434186 -28.641560 -33.150996 -31.920277 -33.998610 -35.143251 -36.386985 -37.554062 -35.902379 -30.049621 -33.973453 -37.927293 -37.174850 -29.486127 -29.809344 -36.140257 -42.515595 -43.992147 -43.197108 -40.458030 -40.404704 -40.222761 -39.444273 -43.559123 -45.508928 
-7.566003 9.393183 13.228268 7.216161 16.185529 12.159738 19.656785 14.908563 12.256450 6.246962 7.612068 6.787292 1.987325 -10.839351 -15.243546 -19.084615 -25.344364 -26.962859 -29.043072 -31.840480 -34.256035 -34.494858 -35.544707 -29.158029 -23.809547 -27.275114 -31.867668 -32.785740 -24.305969 -24.798378 -30.782340 -41.993980 -51.012059 -46.394082 -39.854835 -35.699691 -42.849889 -45.436654 -46.761613 -52.065624 
-8.367693 9.603626 13.862816 7.768098 16.550205 11.553727 19.341527 16.199902 15.897816 10.157337 8.534092 8.398448 6.774596 1.930616 -6.625916 -14.421579 -19.449298 -22.944407 -24.008971 -25.848142 -28.200293 -31.676385 -30.981217 -25.601895 -21.925422 -25.645333 -30.436561 -33.571250 -24.109562 -23.032904 -27.747191 -34.893860 -37.027260 -37.382515 -34.901024 -31.735253 -36.616380 -37.702550 -38.575541 -39.379894 
-5.889788 9.588907 14.152292 7.986474 16.696258 12.222233 18.113005 16.429652 19.156966 15.195110 10.599465 7.215248 6.801233 10.599221 0.745735 -10.964923 -12.643445 -16.413182 -19.581667 -23.307304 -25.597403 -27.320307 -27.684237 -18.879194 -14.128321 -21.405195 -25.792731 -26.207698 -17.315907 -16.292274 -22.212120 -33.196311 -38.387674 -37.311440 -33.188069 -30.490118 -37.281350 -34.568895 -35.526747 -40.068159 
-7.036193 9.617273 14.584602 7.293224 16.447946 12.514411 16.203753 14.174570 21.671146 19.305034 11.896817 6.478747 5.985229 13.216978 11.434151 5.544578 -5.838574 -10.229664 -12.825817 -17.490474 -21.776034 -24.585246 -23.594681 -15.365157 -12.501597 -21.909132 -25.533784 -27.985937 -18.115217 -15.888879 -20.980516 -32.258414 -48.891733 -40.649885 -32.295273 -29.202853 -40.189802 -37.059214 -39.366588 -49.862692 
-11.522227 9.101352 14.713883 6.205478 15.523071 12.379081 14.089007 12.707999 21.671041 20.740215 16.921824 10.019361 9.051413 8.488761 12.215432 12.630394 5.164772 -1.660397 -5.846588 -10.071314 -15.167165 -17.297079 -16.552941 -9.000063 -8.537074 -17.787753 -23.224557 -24.778323 -15.271937 -11.786453 -16.509332 -27.134610 -37.660693 -34.005957 -29.248044 -26.921847 -32.408954 -30.562185 -34.427679 -38.677311 
-10.520266 8.531490 14.618956 6.896370 14.675208 12.501767 12.532988 13.523259 20.204970 20.461984 18.908194 11.953070 8.150075 5.884037 7.475368 9.835901 13.277769 5.198869 -1.328570 -5.406407 -9.687902 -13.405910 -12.866771 -3.892022 -5.039113 -15.793583 -20.906911 -24.506705 -14.467572 -8.681982 -11.424878 -22.275467 -41.893090 -33.723375 -27.791316 -25.352257 -32.717243 -32.087859 -31.953139 -43.461174 
-9.055845 7.966417 14.496686 6.644818 14.029117 12.767934 11.331826 14.094238 18.617279 20.278855 20.009489 14.408300 8.018451 4.383484 3.799085 5.521204 9.724125 10.437304 5.564096 -0.412511 -5.613096 -9.687883 -11.154264 -2.596317 -4.393892 -14.206250 -18.372290 -22.118606 -14.523961 -8.186580 -10.712067 -20.200256 -32.477410 -27.543330 -23.008446 -23.052927 -28.604368 -25.080491 -26.347321 -35.637539 
-15.041805 6.876224 14.346965 6.719477 13.089927 13.264055 10.058697 14.615372 16.883926 20.635230 19.782831 16.500810 7.846798 2.429714 1.567781 3.145109 4.389662 10.054411 9.724503 4.768099 -1.883763 -6.377554 -7.806566 -0.401559 -2.952658 -11.848116 -16.408422 -20.782026 -13.780109 -6.560305 -8.518645 -18.785754 -37.104645 -27.491880 -21.003329 -19.816738 -29.911521 -27.096089 -26.080422 -40.849533 
-15.716788 6.056616 14.060637 7.009834 12.448220 13.372350 9.163268 14.615520 15.591183 21.097879 19.517429 17.977848 6.857992 0.215267 -0.890664 1.934219 2.891366 5.088889 11.356132 8.585040 1.044984 -3.954360 -5.671142 0.943883 -0.795688 -9.602143 -14.578576 -19.659997 -13.299651 -5.435611 -6.165636 -15.466919 -32.980909 -25.338943 -20.161903 -20.179644 -26.661587 -21.460832 -21.788625 -36.196288 
-16.022627 5.837715 13.723342 6.356599 12.249975 13.196371 8.786256 14.618107 15.418487 20.598458 20.183888 18.691208 6.781273 0.482370 -0.158063 1.868799 1.670084 1.649172 9.547630 10.997337 5.843942 -0.932580 -4.399945 1.127967 1.198048 -6.994031 -11.929982 -17.570049 -13.697475 -6.102328 -5.837067 -13.712613 -32.532154 -25.974021 -20.520024 -19.033198 -25.617690 -27.267835 -24.318706 -37.432545 
-16.549291 5.210492 13.481974 6.458756 11.778741 13.385499 8.526681 14.621352 14.573172 20.614708 19.717511 19.221876 7.062817 0.973433 -0.033461 1.305637 0.284099 0.114757 6.715978 11.077097 8.082641 1.041857 -3.297754 0.585157 1.052958 -5.621515 -10.761653 -16.381924 -12.433965 -4.794864 -4.149051 -11.390370 -27.359012 -21.364368 -15.106260 -14.900799 -25.081177 -25.181042 -22.656967 -31.598974 
-16.975067 4.246541 13.303841 7.055960 10.756562 14.088569 7.124985 15.396979 13.727867 22.366355 18.733418 19.666198 7.338187 2.136946 0.570523 0.466908 -1.112712 0.063536 5.258630 10.617943 9.389249 2.976585 -2.675514 1.079417 2.038449 -4.815934 -9.985036 -15.320390 -12.172319 -4.510274 -3.346784 -9.960006 -27.532737 -21.130418 -16.150817 -18.068701 -26.416372 -21.699784 -19.992249 -33.385798 
-17.161114 3.448877 13.230843 6.836560 10.119491 14.658559 7.132401 15.686878 13.140940 23.851799 16.350904 19.179797 8.012199 3.739490 1.446291 -1.859065 -4.630159 -1.726751 2.822937 7.470501 8.706148 2.883338 -3.525880 -0.434669 0.893842 -5.347035 -10.564597 -16.255535 -12.884125 -5.632428 -4.916323 -11.243227 -29.564278 -24.337092 -18.452099 -16.800737 -25.627552 -24.692128 -23.211612 -35.774568 
-17.429492 3.524947 13.328036 7.728655 10.556045 14.961041 7.197037 16.049503 13.569304 24.612529 15.875341 18.154401 7.511663 3.943462 1.929772 -1.818894 -5.785799 -3.101384 1.180925 5.828329 8.374120 4.759626 -2.619267 -0.247035 1.103703 -3.877830 -8.421413 -14.429752 -12.146818 -5.577413 -4.799338 -10.497902 -25.937836 -21.370858 -16.190088 -15.486426 -23.728067 -23.915764 -24.225287 -31.008973 
-15.431316 3.730559 13.101562 6.865026 10.764393 14.741698 7.843170 15.769714 14.684566 24.976955 15.550043 16.670552 7.195231 3.242291 1.004664 -2.361485 -7.547538 -3.933399 0.356080 4.260474 8.650460 7.189143 -1.415253 0.735286 2.527202 -1.070729 -6.462899 -12.865826 -11.573386 -4.764385 -3.647234 -8.720007 -26.256542 -21.803205 -15.092779 -15.535412 -24.353174 -21.143814 -20.821751 -33.569817 
-10.748149 5.508931 10.754356 6.238533 9.912972 14.776624 11.427876 14.396054 16.842181 23.483618 14.676231 15.340233 7.542036 0.530982 -1.164994 -2.809296 -8.056264 -6.366486 -0.430018 2.080178 7.437587 7.007541 -1.395053 -0.618716 1.138508 -2.245564 -8.527379 -14.575914 -14.037903 -7.817529 -6.837096 -11.073668 -28.391681 -22.875584 -18.166620 -18.301786 -27.116800 -21.555683 -20.425939 -36.047857 
-6.231902 8.222985 10.540426 7.080890 9.570865 15.115360 12.205573 13.430395 15.160294 20.216664 17.341061 14.209760 5.186126 -1.811585 -1.480228 -2.510920 -7.718796 -5.433381 0.267581 0.819589 6.539825 6.645291 -1.190195 -1.853990 -0.547987 -4.099251 -8.593614 -14.836310 -14.825203 -9.398724 -7.637146 -12.528127 -29.155827 -26.956317 -21.425853 -21.877749 -26.618906 -24.387615 -25.481806 -38.561212 
-9.853097 6.519305 13.882614 6.589757 13.200987 13.035531 10.078110 14.477421 18.762650 22.452136 17.465856 13.183244 6.284593 -0.764531 -2.144404 -3.153258 -6.091091 -5.448803 -0.926858 2.240304 6.725468 8.037230 0.934831 1.565991 3.517598 -0.177062 -5.257721 -11.964569 -11.690977 -5.660187 -4.318232 -8.505007 -24.827229 -24.782589 -17.595392 -15.470878 -20.616594 -18.903713 -21.950191 -36.794096 
-8.985456 6.721396 14.260945 6.752448 12.760668 13.159166 9.239998 14.331292 18.534922 22.394627 16.022715 13.076363 6.804455 0.220364 -2.068443 -3.130706 -6.929120 -5.979488 -1.923260 1.172560 5.652681 8.129294 0.827024 0.345024 2.800102 -1.129944 -6.764941 -13.036320 -12.014066 -5.985698 -5.582785 -9.233706 -26.410573 -23.085467 -15.338236 -13.656234 -22.995301 -18.516582 -18.021650 -33.754843 
-13.327122 6.542976 14.296402 6.856252 12.629592 13.301057 9.053020 14.287441 18.764911 22.623236 14.509160 11.414359 6.600098 0.339874 -2.471953 -3.572529 -8.255955 -6.713017 -2.403504 0.489971 4.480991 7.585977 1.032960 0.420303 2.649262 -1.161319 -6.724188 -12.919383 -12.067553 -6.317165 -6.227801 -10.962776 -28.046393 -23.576506 -18.468932 -19.642807 -25.562816 -21.379485 -20.120629 -35.838596 
-13.065278 6.205491 14.266202 7.522948 12.576746 13.570786 8.919459 14.426960 18.321792 22.771336 13.212627 10.650876 5.879296 0.027884 -1.905874 -3.569423 -8.734112 -6.907327 -3.074223 -0.555239 3.293336 7.097997 1.027288 0.791144 3.142267 -0.249278 -5.723008 -12.013544 -11.592924 -5.824897 -5.452727 -10.297565 -26.357941 -22.618433 -16.692065 -17.997853 -25.658127 -21.884029 -20.689878 -32.615713 
-15.236789 6.017924 14.134474 7.070518 12.096977 13.960773 8.035281 15.262406 17.608482 23.220554 11.249952 9.173121 4.584062 -0.107088 -2.199699 -3.858913 -9.431667 -7.430787 -4.432804 -1.796460 2.305991 7.011866 1.611733 1.308052 3.411675 -0.166210 -6.362653 -12.931553 -12.008548 -6.263828 -5.563986 -10.046551 -26.957096 -23.825487 -17.937159 -17.489357 -26.330899 -20.291352 -18.549154 -35.228549 
-18.082794 4.586949 13.827306 7.417516 11.199547 14.443581 8.601947 16.086392 17.209834 23.466330 10.194915 8.225971 3.742087 -0.157733 -1.728386 -4.092088 -8.751294 -6.299270 -3.310565 -0.585724 3.153305 7.892721 3.527854 2.202731 3.527453 -0.388062 -6.056237 -12.326697 -11.566249 -5.749591 -5.421002 -9.899076 -26.377383 -25.035231 -17.982006 -15.982867 -24.195746 -22.055638 -22.205694 -36.571722 
-22.233303 3.238632 13.418570 7.525820 10.310210 14.722425 7.594644 17.091663 13.735572 23.158413 8.950913 5.299395 0.622915 -2.491159 -2.368619 -6.882652 -9.881988 -7.680198 -4.699209 -2.922511 0.543782 5.541738 2.498110 0.853478 2.478111 -1.698003 -7.356765 -14.583767 -13.610392 -7.806026 -6.991992 -11.622666 -28.837807 -24.208606 -18.063484 -16.793536 -25.386691 -21.627301 -21.195108 -38.599951 
-18.994224 2.748584 13.203234 7.059933 9.782348 14.949858 7.887457 17.684717 12.016358 22.140911 9.151681 4.202133 -1.824724 -3.485687 -3.094316 -7.731586 -10.416655 -8.523823 -5.240500 -3.212809 -0.237094 3.678771 2.576836 -0.047775 1.100241 -2.642627 -7.841809 -14.526809 -12.557183 -6.688329 -6.360726 -10.975611 -26.924304 -22.195819 -15.468649 -14.764011 -25.403358 -23.801711 -23.361793 -34.233454 
-23.637013 2.703978 13.093679 7.407050 9.636818 15.157575 8.163263 18.181983 12.599779 21.204120 8.717065 4.003198 -2.644769 -3.815506 -4.256441 -9.276415 -11.365198 -8.191780 -4.861020 -3.321630 -0.867350 4.170753 3.830160 0.875501 2.117311 -1.034839 -6.941571 -14.054459 -12.319178 -7.181748 -7.265012 -11.649951 -27.900956 -22.203472 -16.625953 -16.419135 -26.049811 -25.261483 -22.061522 -35.907944 
-16.318986 1.889971 12.927492 8.348467 7.099759 15.748340 8.055992 18.664116 13.287966 18.267032 10.581472 3.615035 -3.626162 -4.064545 -5.680241 -9.541884 -10.955540 -9.493453 -4.645349 -3.449184 -1.554968 3.880972 4.679478 1.307686 2.506581 -0.066031 -6.042844 -12.770761 -11.998303 -6.036706 -6.274988 -10.983903 -27.539363 -22.392296 -15.908692 -14.998043 -23.253182 -22.788401 -22.183677 -32.795285 
-17.219288 -0.694547 12.477628 9.013036 5.019781 16.179852 9.049392 18.754274 16.049008 13.349465 11.248598 2.245163 -1.660309 -3.502239 -9.717253 -10.815533 -12.205211 -10.756897 -6.892478 -5.161715 -2.797568 3.261247 2.687341 1.449341 1.921808 -1.024689 -7.268600 -14.254954 -13.278864 -7.003357 -7.089396 -11.407916 -27.810471 -22.442781 -16.878888 -16.054721 -24.398107 -22.894253 -21.954186 -36.633255 
-21.943057 -1.565214 12.086191 10.048308 2.844793 16.185262 10.643827 17.831355 18.891115 8.045258 10.618911 0.364974 -0.345453 -3.760214 -9.665205 -10.510635 -12.446765 -10.387092 -8.312485 -6.536653 -4.349587 1.321632 2.822817 0.522840 1.470517 -1.196847 -7.822250 -15.038481 -14.423466 -8.557117 -8.646402 -12.196648 -26.503541 -22.247078 -16.196483 -14.829357 -24.580448 -23.022903 -21.044628 -34.316021 
-25.623472 -3.558070 11.651031 10.748989 -0.730431 15.468206 11.981497 15.575950 20.796785 4.532463 8.611220 -1.352145 0.290556 -5.900180 -8.654127 -10.451989 -13.376110 -11.087528 -8.525968 -7.448421 -5.543908 -0.457604 3.071526 -0.421190 0.713014 -1.840527 -7.707813 -15.557100 -14.962431 -8.866844 -8.659101 -11.918408 -26.918952 -22.280611 -15.265723 -14.628678 -24.955711 -23.951449 -20.912868 -33.957800 
-19.685997 -5.924312 11.020861 11.685557 -2.041508 14.426225 14.623253 13.226831 21.676203 6.148126 5.743350 -2.513986 -0.656407 -8.691555 -8.286600 -12.171759 -14.687716 -12.668618 -8.572100 -7.846365 -5.729780 -0.220804 3.122085 0.990010 0.929621 -1.351387 -7.853336 -15.546741 -14.913479 -8.827652 -9.598869 -13.048962 -27.779525 -22.812443 -16.348408 -15.441792 -24.982445 -23.042731 -24.289440 -40.696061 
-22.619025 -8.084663 10.110619 12.692777 -2.696635 13.247539 16.275345 7.872647 20.057911 9.494290 1.037821 -2.060114 -4.492240 -8.903383 -9.463787 -15.007994 -14.416851 -13.808034 -11.260488 -9.791582 -7.780559 -2.535395 1.162391 0.657405 0.655614 -2.724433 -8.830566 -16.631829 -16.833266 -10.283069 -11.550635 -15.407253 -30.044754 -23.795841 -18.418953 -17.149427 -25.248869 -22.565143 -22.611096 -36.144371 
-23.240174 -12.590573 8.838595 13.463789 -0.228893 10.513720 17.230637 5.115152 15.146075 11.139534 -3.804027 -0.520882 -9.778036 -8.803457 -12.100908 -15.591169 -14.950872 -14.221394 -13.141910 -10.891275 -9.335847 -5.680202 0.703940 -0.322937 0.087067 -2.701714 -9.859678 -17.378570 -16.963859 -10.869200 -11.854757 -15.888192 -31.339482 -24.318834 -18.388672 -17.699627 -25.390293 -24.012143 -23.383962 -38.192514 
-24.664446 -20.055674 6.917214 14.188511 3.135562 6.152907 17.102371 7.482198 6.884499 10.679179 -6.448040 -0.309352 -12.077308 -9.373556 -16.676597 -14.380145 -17.403269 -16.362005 -12.936231 -11.259386 -10.735789 -7.671737 -1.903660 -0.415277 -1.289221 -3.304932 -10.391228 -18.188088 -19.384185 -13.775179 -13.187266 -16.030316 -29.460513 -23.934802 -18.721797 -17.533786 -26.504879 -27.487108 -26.496977 -38.068104 
-27.498058 -23.358396 5.182888 15.196598 6.656455 0.208548 15.926699 11.050201 -1.525938 8.070974 -5.745283 -3.082019 -10.083422 -11.734742 -17.870077 -14.517078 -20.469002 -17.886201 -14.477361 -13.782009 -12.252436 -8.811931 -2.333493 -0.399294 -1.851090 -3.927844 -12.862827 -19.627290 -20.036827 -13.531481 -15.151240 -16.950827 -32.027817 -24.603511 -18.735499 -17.885861 -26.958004 -26.792727 -26.017929 -38.209962 
-24.203356 -23.545681 3.615584 16.032091 9.811088 -5.407088 12.918111 12.320104 -8.316161 4.409213 -4.769595 -10.322287 -9.484883 -16.979181 -15.117028 -19.364650 -21.847437 -19.268488 -20.030802 -19.040226 -16.065280 -12.011141 -5.200191 -4.537353 -5.633467 -8.395806 -13.448453 -21.331873 -23.019268 -18.631184 -18.923875 -19.148065 -32.098567 -26.608567 -22.159361 -20.109901 -29.631473 -28.390535 -24.603878 -36.773749 
-19.115048 -22.922970 2.098035 16.710865 12.203931 -8.485929 8.883160 12.019721 -8.316117 0.077726 -3.969022 -14.931613 -10.256432 -20.404501 -16.887067 -23.357661 -21.339572 -21.058410 -21.870708 -21.032576 -18.969042 -14.741597 -10.056577 -7.425738 -11.046455 -10.763146 -16.170265 -23.717307 -26.933206 -23.472891 -23.375318 -22.059600 -30.953950 -28.829544 -25.375370 -24.489957 -34.390372 -28.979280 -26.018958 -39.713236 
-19.437047 -19.853415 -0.498246 16.456585 13.538762 -8.487277 2.262074 8.441664 -6.698971 -6.076803 -5.793345 -19.863651 -13.027660 -23.151928 -19.367530 -26.864286 -27.741939 -26.680319 -26.793181 -25.561991 -25.202676 -21.799069 -17.972860 -15.440510 -13.868334 -13.906923 -20.709793 -32.197066 -30.621223 -26.369986 -29.326693 -25.212282 -36.494100 -32.038611 -27.354777 -26.717886 -32.245436 -30.697202 -30.826844 -41.562226 
-19.201658 -20.621726 -2.880558 15.374247 13.522847 -9.150700 -6.598996 1.901754 -8.835936 -10.167087 -8.662709 -20.942388 -17.215374 -23.894762 -25.392945 -27.328565 -28.774632 -29.882080 -26.470130 -30.311877 -30.426357 -28.812535 -20.943833 -17.330878 -17.491938 -19.865244 -22.966114 -30.943057 -34.216544 -32.579908 -26.884820 -28.156167 -36.707626 -35.543456 -30.747351 -29.393630 -34.832247 -34.196721 -31.895246 -39.893493 
-21.574793 -24.013358 -3.163580 12.975763 10.952623 -10.057802 -23.000397 -11.249099 -15.772969 -21.271671 -22.093338 -22.280267 -23.384752 -29.967989 -34.612927 -31.228523 -35.779861 -32.484637 -36.972626 -43.337505 -34.845525 -26.057372 -23.661041 -22.333053 -19.289812 -17.663470 -23.208379 -27.875029 -34.901559 -33.412831 -27.201431 -34.680595 -38.694025 -39.847811 -33.733053 -32.762718 -38.717957 -39.604710 -36.107843 -42.002605 
-15.122358 -9.519298 -1.265522 7.098187 5.647419 -4.113831 -9.192065 -13.408319 -19.080349 -18.639682 -18.028678 -23.749274 -28.722147 -33.010712 -29.477086 -33.843704 -36.674739 -35.526149 -38.481504 -37.838636 -36.298982 -32.527407 -30.676114 -27.539520 -19.436990 -19.675756 -23.092649 -31.977941 -37.072097 -34.836370 -32.941499 -36.950354 -45.856320 -43.999864 -38.361764 -40.478073 -42.631506 -43.323199 -42.102748 -49.004800 
-26.807664 -20.565069 -16.973313 -14.500972 -14.028283 -15.600078 -19.546711 -26.494211 -27.336261 -27.549801 -33.097108 -33.787672 -38.802628 -40.053507 -41.268842 -43.966101 -45.008479 -44.598683 -47.651729 -50.224525 -46.870719 -49.871032 -49.503304 -46.913743 -39.307603 -40.396512 -39.374429 -47.501793 -53.122913 -53.883423 -51.745816 -52.157031 -55.608097 -54.465604 -54.199926 -55.359121 -56.412160 -56.544232 -56.071065 -58.551550 
-73.583301 -75.494322 -69.541912 -63.591050 -63.684167 -68.732220 -68.166782 -67.864945 -74.871442 -83.144513 -74.789846 -72.295059 -72.508523 -73.233259 -78.899427 -85.882878 -88.075916 -85.336331 -88.660695 -93.714745 -88.715582 -90.626211 -87.483495 -82.737700 -89.187068 -87.481307 -89.444357 -90.649374 -87.995919 -90.024489 -87.675270 -88.876606 -93.733380 -94.527781 -96.434051 -94.272483 -92.915989 -94.527306 -98.033279 -95.541744 
NaN NaN NaN NaN NaN NaN NaN NaN NaN NaN NaN NaN NaN NaN NaN NaN NaN NaN NaN NaN NaN NaN NaN NaN NaN NaN NaN NaN NaN NaN NaN NaN NaN NaN NaN NaN NaN NaN NaN NaN 
NaN NaN NaN NaN NaN NaN NaN NaN NaN NaN NaN NaN NaN NaN NaN NaN NaN NaN NaN NaN NaN NaN NaN NaN NaN NaN NaN NaN NaN NaN NaN NaN NaN NaN NaN NaN NaN NaN NaN NaN 
NaN NaN NaN NaN NaN NaN NaN NaN NaN NaN NaN NaN NaN NaN NaN NaN NaN NaN NaN NaN NaN NaN NaN NaN NaN NaN NaN NaN NaN NaN NaN NaN NaN NaN NaN NaN NaN NaN NaN NaN 
NaN NaN NaN NaN NaN NaN NaN NaN NaN NaN NaN NaN NaN NaN NaN NaN NaN NaN NaN NaN NaN NaN NaN NaN NaN NaN NaN NaN NaN NaN NaN NaN NaN NaN NaN NaN NaN NaN NaN NaN 
NaN NaN NaN NaN NaN NaN NaN NaN NaN NaN NaN NaN NaN NaN NaN NaN NaN NaN NaN NaN NaN NaN NaN NaN NaN NaN NaN NaN NaN NaN NaN NaN NaN NaN NaN NaN NaN NaN NaN NaN 
NaN NaN NaN NaN NaN NaN NaN NaN NaN NaN NaN NaN NaN NaN NaN NaN NaN NaN NaN NaN NaN NaN NaN NaN NaN NaN NaN NaN NaN NaN NaN NaN NaN NaN NaN NaN NaN NaN NaN NaN 
NaN NaN NaN NaN NaN NaN NaN NaN NaN NaN NaN NaN NaN NaN NaN NaN NaN NaN NaN NaN NaN NaN NaN NaN NaN NaN NaN NaN NaN NaN NaN NaN NaN NaN NaN NaN NaN NaN NaN NaN 
NaN NaN NaN NaN NaN NaN NaN NaN NaN NaN NaN NaN NaN NaN NaN NaN NaN NaN NaN NaN NaN NaN NaN NaN NaN NaN NaN NaN NaN NaN NaN NaN NaN NaN NaN NaN NaN NaN NaN NaN 
NaN NaN NaN NaN NaN NaN NaN NaN NaN NaN NaN NaN NaN NaN NaN NaN NaN NaN NaN NaN NaN NaN NaN NaN NaN NaN NaN NaN NaN NaN NaN NaN NaN NaN NaN NaN NaN NaN NaN NaN 
NaN NaN NaN NaN NaN NaN NaN NaN NaN NaN NaN NaN NaN NaN NaN NaN NaN NaN NaN NaN NaN NaN NaN NaN NaN NaN NaN NaN NaN NaN NaN NaN NaN NaN NaN NaN NaN NaN NaN NaN 
NaN NaN NaN NaN NaN NaN NaN NaN NaN NaN NaN NaN NaN NaN NaN NaN NaN NaN NaN NaN NaN NaN NaN NaN NaN NaN NaN NaN NaN NaN NaN NaN NaN NaN NaN NaN NaN NaN NaN NaN 
NaN NaN NaN NaN NaN NaN NaN NaN NaN NaN NaN NaN NaN NaN NaN NaN NaN NaN NaN NaN NaN NaN NaN NaN NaN NaN NaN NaN NaN NaN NaN NaN NaN NaN NaN NaN NaN NaN NaN NaN 
NaN NaN NaN NaN NaN NaN NaN NaN NaN NaN NaN NaN NaN NaN NaN NaN NaN NaN NaN NaN NaN NaN NaN NaN NaN NaN NaN NaN NaN NaN NaN NaN NaN NaN NaN NaN NaN NaN NaN NaN 
