NaN NaN NaN NaN NaN NaN NaN NaN NaN NaN NaN NaN NaN NaN NaN NaN NaN NaN NaN NaN NaN NaN NaN NaN NaN NaN NaN NaN NaN NaN NaN NaN NaN NaN NaN NaN NaN NaN NaN NaN 
NaN NaN NaN NaN NaN NaN NaN NaN NaN NaN NaN NaN NaN NaN NaN NaN NaN NaN NaN NaN NaN NaN NaN NaN NaN NaN NaN NaN NaN NaN NaN NaN NaN NaN NaN NaN NaN NaN NaN NaN 
NaN NaN NaN NaN NaN NaN NaN NaN NaN NaN NaN NaN NaN NaN NaN NaN NaN NaN NaN NaN NaN NaN NaN NaN NaN NaN NaN NaN NaN NaN NaN NaN NaN NaN NaN NaN NaN NaN NaN NaN 
NaN NaN NaN NaN NaN NaN NaN NaN NaN NaN NaN NaN NaN NaN NaN NaN NaN NaN NaN NaN NaN NaN NaN NaN NaN NaN NaN NaN NaN NaN NaN NaN NaN NaN NaN NaN NaN NaN NaN NaN 
NaN NaN NaN NaN NaN NaN NaN NaN NaN NaN NaN NaN NaN NaN NaN NaN NaN NaN NaN NaN NaN NaN NaN NaN NaN NaN NaN NaN NaN NaN NaN NaN NaN NaN NaN NaN NaN NaN NaN NaN 
-90.264234 -90.269732 -90.278883 -90.294344 -90.315322 -90.344808 -90.380936 -90.427441 -90.489519 -90.563891 -90.654848 -90.768218 -90.901854 -91.064443 -91.259798 -91.488702 -91.764835 -92.089114 -92.473727 -92.926893 -93.467172 -94.117475 -94.890019 -95.835228 -97.002479 -98.458220 -100.322110 -102.793188 -106.358312 -112.415320 -120.463692 -112.722695 -107.509919 -104.784286 -103.315105 -102.762439 -103.035750 -104.269253 -107.095135 -113.217964 
-78.416877 -78.422389 -78.431565 -78.447065 -78.468092 -78.497641 -78.533835 -78.580413 -78.642567 -78.717004 -78.808011 -78.921413 -79.055059 -79.217643 -79.412994 -79.641923 -79.918148 -80.242627 -80.627586 -81.081248 -81.622155 -82.273169 -83.046455 -83.992521 -85.161039 -86.619136 -88.487814 -90.969257 -94.563054 -100.804318 -110.408157 -101.058615 -95.697880 -92.951976 -91.475423 -90.918549 -91.193643 -92.423894 -95.197066 -101.212287 
-97.583610 -97.589111 -97.598268 -97.613737 -97.634724 -97.664219 -97.700352 -97.746859 -97.808930 -97.883283 -97.974208 -98.087536 -98.221126 -98.383679 -98.579030 -98.807992 -99.084276 -99.408816 -99.793802 -100.247403 -100.788097 -101.438685 -102.211312 -103.156467 -104.323789 -105.780172 -107.645706 -110.119592 -113.688752 -119.749417 -127.707612 -120.000200 -114.810438 -112.093016 -110.624687 -110.070711 -110.349452 -111.570644 -114.280403 -120.109926 
NaN NaN NaN NaN NaN NaN NaN NaN NaN NaN NaN NaN NaN NaN NaN NaN NaN NaN NaN NaN NaN NaN NaN NaN NaN NaN NaN NaN NaN NaN NaN NaN NaN NaN NaN NaN NaN NaN NaN NaN 
NaN NaN NaN NaN NaN NaN NaN NaN NaN NaN NaN NaN NaN NaN NaN NaN NaN NaN NaN NaN NaN NaN NaN NaN NaN NaN NaN NaN NaN NaN NaN NaN NaN NaN NaN NaN NaN NaN NaN NaN 
NaN NaN NaN NaN NaN NaN NaN NaN NaN NaN NaN NaN NaN NaN NaN NaN NaN NaN NaN NaN NaN NaN NaN NaN NaN NaN NaN NaN NaN NaN NaN NaN NaN NaN NaN NaN NaN NaN NaN NaN 
NaN NaN NaN NaN NaN NaN NaN NaN NaN NaN NaN NaN NaN NaN NaN NaN NaN NaN NaN NaN NaN NaN NaN NaN NaN NaN NaN NaN NaN NaN NaN NaN NaN NaN NaN NaN NaN NaN NaN NaN 
NaN NaN NaN NaN NaN NaN NaN NaN NaN NaN NaN NaN NaN NaN NaN NaN NaN NaN NaN NaN NaN NaN NaN NaN NaN NaN NaN NaN NaN NaN NaN NaN NaN NaN NaN NaN NaN NaN NaN NaN 
NaN NaN NaN NaN NaN NaN NaN NaN NaN NaN NaN NaN NaN NaN NaN NaN NaN NaN NaN NaN NaN NaN NaN NaN NaN NaN NaN NaN NaN NaN NaN NaN NaN NaN NaN NaN NaN NaN NaN NaN 
NaN NaN NaN NaN NaN NaN NaN NaN NaN NaN NaN NaN NaN NaN NaN NaN NaN NaN NaN NaN NaN NaN NaN NaN NaN NaN NaN NaN NaN NaN NaN NaN NaN NaN NaN NaN NaN NaN NaN NaN 
NaN NaN NaN NaN NaN NaN NaN NaN NaN NaN NaN NaN NaN NaN NaN NaN NaN NaN NaN NaN NaN NaN NaN NaN NaN NaN NaN NaN NaN NaN NaN NaN NaN NaN NaN NaN NaN NaN NaN NaN 
NaN NaN NaN NaN NaN NaN NaN NaN NaN NaN NaN NaN NaN NaN NaN NaN NaN NaN NaN NaN NaN NaN NaN NaN NaN NaN NaN NaN NaN NaN NaN NaN NaN NaN NaN NaN NaN NaN NaN NaN 
NaN NaN NaN NaN NaN NaN NaN NaN NaN NaN NaN NaN NaN NaN NaN NaN NaN NaN NaN NaN NaN NaN NaN NaN NaN NaN NaN NaN NaN NaN NaN NaN NaN NaN NaN NaN NaN NaN NaN NaN 
NaN NaN NaN NaN NaN NaN NaN NaN NaN NaN NaN NaN NaN NaN NaN NaN NaN NaN NaN NaN NaN NaN NaN NaN NaN NaN NaN NaN NaN NaN NaN NaN NaN NaN NaN NaN NaN NaN NaN NaN 
NaN NaN NaN NaN NaN NaN NaN NaN NaN NaN NaN NaN NaN NaN NaN NaN NaN NaN NaN NaN NaN NaN NaN NaN NaN NaN NaN NaN NaN NaN NaN NaN NaN NaN NaN NaN NaN NaN NaN NaN 
NaN NaN NaN NaN NaN NaN NaN NaN NaN NaN NaN NaN NaN NaN NaN NaN NaN NaN NaN NaN NaN NaN NaN NaN NaN NaN NaN NaN NaN NaN NaN NaN NaN NaN NaN NaN NaN NaN NaN NaN 
NaN NaN NaN NaN NaN NaN NaN NaN NaN NaN NaN NaN NaN NaN NaN NaN NaN NaN NaN NaN NaN NaN NaN NaN NaN NaN NaN NaN NaN NaN NaN NaN NaN NaN NaN NaN NaN NaN NaN NaN 
NaN NaN NaN NaN NaN NaN NaN NaN NaN NaN NaN NaN NaN NaN NaN NaN NaN NaN NaN NaN NaN NaN NaN NaN NaN NaN NaN NaN NaN NaN NaN NaN NaN NaN NaN NaN NaN NaN NaN NaN 
NaN NaN NaN NaN NaN NaN NaN NaN NaN NaN NaN NaN NaN NaN NaN NaN NaN NaN NaN NaN NaN NaN NaN NaN NaN NaN NaN NaN NaN NaN NaN NaN NaN NaN NaN NaN NaN NaN NaN NaN 
NaN NaN NaN NaN NaN NaN NaN NaN NaN NaN NaN NaN NaN NaN NaN NaN NaN NaN NaN NaN NaN NaN NaN NaN NaN NaN NaN NaN NaN NaN NaN NaN NaN NaN NaN NaN NaN NaN NaN NaN 
NaN NaN NaN NaN NaN NaN NaN NaN NaN NaN NaN NaN NaN NaN NaN NaN NaN NaN NaN NaN NaN NaN NaN NaN NaN NaN NaN NaN NaN NaN NaN NaN NaN NaN NaN NaN NaN NaN NaN NaN 
-63.945195 -65.162671 -67.071669 -69.402256 -70.542476 -70.592783 -71.428692 -74.017384 -77.562319 -79.138681 -82.863121 -86.338353 -81.033656 -81.605122 -89.014174 -93.268939 -85.815653 -87.054823 -91.993665 -91.564322 -97.558428 -91.489052 -92.815220 -89.157889 -96.467235 -94.603236 -97.263060 -94.319831 -94.779862 -90.891250 -91.676487 -99.137319 -103.572353 -93.561501 -93.061742 -100.155772 -104.152594 -98.562382 -95.989320 -97.539946 
-43.137234 -48.840630 -60.928011 -57.856242 -55.424576 -56.614980 -61.771376 -60.992063 -64.612545 -65.468971 -68.162853 -68.411132 -69.106212 -64.276701 -63.773259 -70.739083 -69.054861 -71.447917 -75.085050 -76.129462 -78.208715 -76.048125 -72.434248 -73.127200 -73.126250 -75.870902 -78.284688 -72.765960 -77.759926 -74.812135 -75.408755 -77.089051 -80.768969 -77.449540 -74.637839 -75.166119 -77.060571 -79.574488 -76.268031 -78.519685 
-23.956841 -16.702650 -15.180852 -15.848933 -19.398973 -24.745284 -29.393869 -33.359687 -41.874485 -48.173454 -57.535214 -53.523127 -57.532544 -57.056017 -59.884026 -59.473021 -52.205175 -49.624110 -54.736554 -57.548269 -63.189425 -65.741159 -65.968880 -67.499821 -70.228635 -70.478528 -68.833287 -69.757498 -71.447552 -72.961968 -74.041622 -72.495221 -70.326808 -71.761405 -71.901994 -70.787235 -71.890561 -69.687564 -70.774115 -74.485911 
-17.210893 -2.134505 4.186077 -0.186312 -8.623721 -15.857089 -19.804259 -24.051348 -33.635376 -41.395101 -41.044800 -40.427577 -41.555670 -42.943187 -42.368719 -45.763226 -40.403040 -38.353483 -43.279336 -46.704941 -48.359487 -48.669407 -49.598930 -50.787391 -51.213448 -51.795355 -52.133325 -53.070998 -53.678884 -54.355322 -54.761361 -55.059057 -55.196416 -55.270195 -56.136443 -56.277675 -56.662075 -56.872467 -57.317116 -57.603672 
-6.497322 8.327023 10.552682 1.029343 -0.074205 -8.550693 -11.128772 -20.594354 -22.580944 -31.487108 -35.795491 -43.063875 -47.213940 -41.871136 -40.596115 -39.770259 -36.670090 -34.389440 -38.569418 -49.157908 -54.462854 -53.638851 -55.839943 -55.175285 -57.209111 -57.133835 -58.081427 -58.973997 -60.717630 -60.523879 -59.558414 -58.829439 -60.070266 -59.362363 -61.133696 -60.555458 -60.958736 -62.573461 -62.948793 -62.257459 
-1.572198 12.887256 14.326051 7.628568 7.808819 -2.948061 -7.510553 -16.451031 -22.147090 -23.901557 -33.683996 -37.972652 -37.502869 -38.655799 -36.102509 -33.630544 -30.293186 -32.004180 -39.026543 -46.456426 -47.827272 -48.422980 -50.175324 -49.904745 -49.634176 -50.744011 -52.024232 -53.031667 -53.291813 -54.458469 -55.255262 -55.919609 -54.522426 -55.280438 -55.717263 -55.177122 -55.085726 -57.205366 -57.243590 -57.140941 
-2.475634 13.298891 14.232092 7.570303 7.649674 -4.376243 -7.034115 -14.511391 -19.761786 -24.189751 -32.934914 -37.483067 -41.455305 -41.466677 -36.149118 -35.004430 -29.499059 -27.837361 -37.494808 -44.864918 -46.784792 -52.510813 -52.961272 -52.705169 -54.542507 -59.658113 -59.932051 -56.836642 -59.599986 -59.077605 -57.589755 -63.308132 -62.520396 -56.184764 -57.186004 -55.707453 -58.653517 -59.987683 -60.228938 -61.578470 
-3.757157 12.220826 12.936823 5.972085 5.745784 -7.059884 -8.122157 -15.338084 -18.651662 -26.240701 -34.145988 -35.796150 -41.008954 -42.523396 -39.463132 -38.931539 -33.561766 -33.235726 -42.761758 -48.107730 -48.044730 -49.670080 -50.510082 -53.728414 -52.152852 -53.489004 -54.173900 -53.522200 -55.565451 -56.838187 -54.873461 -55.800227 -56.910544 -57.450571 -56.118541 -57.564123 -57.925882 -57.040574 -58.170731 -58.267088 
-5.147071 11.193262 12.580725 3.667846 4.275163 -5.518551 -8.218286 -15.292314 -17.484825 -26.888459 -34.486850 -35.871081 -39.647418 -46.568369 -42.504719 -37.965876 -34.413191 -35.914701 -44.151949 -48.237696 -47.184809 -52.164155 -50.012956 -52.164810 -53.417991 -55.797651 -56.845100 -55.523995 -57.061351 -57.632089 -57.264180 -57.747460 -58.019537 -58.147403 -57.504020 -56.956199 -58.639664 -59.373314 -58.628287 -59.754486 
-7.341032 8.768229 9.942444 2.526085 3.223144 -7.367801 -13.013989 -18.030426 -22.610548 -29.769027 -39.644368 -39.488687 -41.534511 -47.870990 -43.587812 -37.844702 -35.754455 -39.711176 -48.426760 -53.757080 -54.196156 -55.242525 -55.868531 -57.210759 -58.078523 -58.767619 -57.357489 -56.498424 -55.598250 -58.663502 -61.579252 -61.297626 -57.711519 -55.506912 -58.970187 -60.252333 -62.648448 -62.882966 -60.233722 -61.296436 
-9.448826 0.343547 5.615166 -0.214652 -2.807325 -9.285112 -24.565356 -29.074077 -30.324484 -37.923761 -41.315481 -45.465931 -42.722580 -46.749079 -46.481036 -42.983837 -48.678223 -49.391681 -45.441338 -44.286510 -46.797034 -47.075204 -51.980837 -54.285979 -53.057750 -56.336939 -57.935063 -56.245248 -58.128939 -57.994532 -59.916522 -59.608498 -59.937377 -58.187909 -59.527780 -62.266983 -60.522047 -61.623498 -61.640447 -60.454975 
-2.110220 6.822172 10.435354 8.897994 6.141115 1.072477 1.790306 -0.787374 -10.306257 -16.643208 -20.530033 -27.672799 -27.036763 -26.839969 -24.059854 -22.707690 -21.929273 -20.246255 -11.647571 -14.576916 -16.659722 -21.234449 -21.411025 -25.298889 -29.633418 -30.701223 -32.204845 -30.625840 -28.001116 -34.155156 -35.239851 -33.813474 -32.792818 -35.455520 -35.575182 -39.738136 -42.423834 -42.150916 -42.352172 -42.189429 
-4.585684 12.681276 20.382398 14.813513 15.621931 18.648784 13.521755 17.048938 9.524750 0.982138 -12.850336 -12.220256 -9.951740 -12.249364 -10.681610 -10.877472 -10.937630 -7.729591 -2.303506 1.341521 3.660637 -1.570231 -4.812344 -9.403424 -11.381521 -12.408047 -12.562995 -10.557658 -11.292560 -19.726281 -31.081225 -29.420181 -22.891975 -21.462275 -22.307858 -29.512671 -30.230524 -28.749509 -29.505848 -29.377330 
-6.491522 12.965808 21.692045 14.934432 16.069417 19.400175 16.571209 24.380216 12.889303 5.480738 -6.216584 -10.418807 -7.956040 -7.500933 -7.341892 -7.412880 -7.697905 -4.308717 -1.441560 3.814658 9.228012 9.552185 1.453848 -4.291937 -4.473857 -6.080713 -8.923898 -6.997302 -5.136979 -10.102808 -28.124615 -23.640610 -14.354174 -14.557826 -15.177544 -24.468844 -21.451691 -19.386907 -23.048583 -24.824118 
-19.069633 9.582657 21.196817 16.535772 10.480113 20.229174 14.638685 24.304575 18.566433 -0.044808 -3.088759 -13.142680 -11.007980 -6.220061 -7.274991 -9.256598 -7.993601 -4.438732 -2.998243 -0.233603 5.760971 11.759277 6.184557 -3.055898 0.559893 -1.958061 -5.843200 -7.135957 -4.589043 -6.863295 -25.139901 -22.878475 -14.581767 -14.597189 -13.979851 -21.782103 -20.307799 -18.855986 -21.026754 -21.529253 
-14.733768 5.558006 19.872057 17.678118 6.820214 20.938516 16.341409 19.061316 20.489283 -0.608983 -0.664554 -11.534869 -10.976352 -8.383623 -8.906028 -8.093912 -9.424693 -7.896502 -5.724459 -3.527954 1.216108 8.378340 9.087082 -2.883120 1.078419 0.384521 -4.236080 -6.129849 -5.244439 -7.255354 -23.323508 -20.797530 -14.196314 -15.121712 -14.070634 -21.904288 -19.538945 -19.219898 -22.096574 -22.988870 
-10.677391 1.407129 17.956655 18.373176 5.157548 21.235966 20.178573 9.648249 19.231552 4.396904 0.147412 -9.673257 -10.336165 -10.142378 -7.661016 -11.222044 -10.205657 -7.161202 -5.792174 -4.498788 -2.011172 5.658554 8.458779 -0.951592 0.074922 2.235397 -3.695928 -6.347801 -6.853414 -7.287462 -22.158518 -19.756085 -11.751731 -11.994321 -13.394431 -20.710087 -19.400772 -16.987626 -19.593504 -19.175901 
-21.000034 -4.327860 15.816805 19.389274 5.898151 19.720846 23.477977 8.905033 16.721137 10.067807 -1.351833 -3.357884 -8.835571 -10.443242 -7.238621 -12.768324 -10.971194 -6.756913 -6.701681 -5.687192 -2.547478 4.357520 8.364407 0.151533 -0.969828 2.669435 -2.556740 -6.388838 -7.225503 -8.348552 -21.387555 -18.256689 -11.368281 -12.173318 -14.856055 -20.123273 -18.138624 -19.174423 -22.300131 -20.013120 
-13.142854 -11.417374 13.764001 20.390543 8.915744 16.022541 25.185166 14.162688 11.751691 12.348608 -6.856449 -4.195428 -11.826746 -7.955054 -10.360977 -9.300971 -10.303065 -9.635820 -8.234621 -7.028422 -5.084499 0.744031 5.748406 -0.289233 -2.666685 2.198915 -2.112898 -6.662385 -7.631677 -8.298687 -21.893179 -17.606693 -11.164953 -10.174927 -10.207748 -16.371395 -14.545667 -15.499291 -19.146507 -17.796565 
-14.512135 -16.828405 11.769502 20.940361 12.032917 11.783505 25.408285 18.076232 5.277683 11.501012 -6.816311 -10.851628 -14.488330 -9.025057 -12.689538 -9.635165 -10.879559 -8.623691 -8.364149 -8.611404 -6.688156 -0.847472 3.819497 0.924868 -1.456486 2.943829 -2.408040 -6.478856 -7.818520 -9.717546 -22.471440 -17.696997 -10.973122 -10.823429 -12.688192 -20.360954 -18.718102 -16.586771 -20.209234 -17.846783 
-23.561115 -21.142558 9.366571 21.349550 14.761030 7.384096 25.168549 22.318891 -1.016877 7.322795 -4.190884 -12.816575 -10.670758 -13.657134 -10.868928 -16.344629 -14.690663 -8.962474 -12.354966 -12.261618 -10.049397 -4.360354 0.250399 -5.093262 -3.392487 1.133336 -3.083682 -7.453515 -9.275969 -11.361500 -22.834586 -17.735802 -12.323685 -13.986965 -14.611253 -21.011996 -20.128440 -23.209891 -26.926053 -23.311252 
-16.878138 -12.689648 7.609282 21.511479 16.434748 3.200150 24.353336 24.705450 -3.303260 -1.417353 -5.597027 -13.645700 -9.321135 -15.103981 -8.794731 -18.535715 -15.338386 -12.686513 -14.575844 -11.854496 -12.534271 -8.314859 -3.220120 -2.086802 -4.654509 -0.564024 -4.996232 -9.227662 -11.757781 -13.204120 -25.225512 -18.170112 -12.447654 -15.409439 -14.457158 -22.202824 -20.065184 -19.357177 -23.529477 -21.419664 
-15.925388 -13.424760 6.319526 21.755457 18.069547 -0.649316 21.988632 25.147588 1.024124 -12.239693 -7.972371 -16.004658 -10.756377 -18.720326 -9.906256 -18.387568 -15.456781 -16.818195 -15.021094 -13.404213 -14.147661 -11.051177 -5.820655 -4.403499 -5.388371 -0.756542 -6.917931 -11.612561 -14.957108 -16.958047 -24.647710 -18.442763 -13.720008 -16.053307 -15.529652 -21.324096 -21.216579 -21.013742 -25.422053 -24.585736 
-14.774542 -19.667794 5.819845 22.418600 19.211944 -2.379687 18.423917 23.749328 1.554432 -9.288126 -6.738836 -13.728295 -11.211934 -15.457440 -11.159395 -16.006837 -15.104095 -15.987264 -14.966640 -14.312473 -14.563034 -11.544796 -7.600434 -8.265825 -4.285946 -2.903734 -7.650506 -13.337376 -15.731393 -17.150341 -24.401396 -17.720749 -15.645001 -17.524156 -18.159416 -22.250152 -22.336696 -21.638367 -25.527411 -22.986683 
-8.448443 -10.736203 7.554903 23.042620 18.608116 -1.964150 18.077657 21.953163 -1.884308 -7.946189 -8.842453 -17.554749 -13.527918 -19.189670 -12.418349 -21.624284 -18.264446 -16.428134 -16.328089 -13.861007 -14.509377 -11.553915 -7.749367 -6.046564 -3.373350 -0.214312 -7.286734 -11.897081 -13.554444 -15.521090 -24.437666 -18.202914 -12.757682 -16.022506 -16.209467 -20.564983 -19.652563 -16.028305 -20.530780 -19.511457 
-11.828807 -14.408869 8.634429 23.350793 18.573684 -3.406820 17.906990 20.949488 -4.582131 -7.036612 -8.944020 -14.612937 -13.255906 -16.219482 -11.831584 -18.559320 -19.176456 -14.270377 -15.624805 -13.551833 -13.700099 -10.442439 -7.123549 -4.865152 -2.018164 0.257676 -8.046770 -12.243639 -14.584167 -15.700127 -25.527399 -18.222749 -11.152936 -16.464987 -16.567999 -22.546066 -21.346303 -18.776416 -23.066197 -20.440595 
-26.463176 -18.936886 10.535122 23.678637 17.732427 -2.532259 18.316501 19.529603 -10.336154 -6.306829 -10.363987 -16.315120 -15.638902 -18.011793 -12.932645 -19.326357 -18.479338 -13.394137 -15.831391 -12.839042 -9.252560 -5.234088 -1.097970 -4.017244 -1.138399 -0.799771 -9.022201 -11.973088 -13.528641 -16.506877 -28.681953 -17.984094 -13.008976 -19.261926 -18.359324 -23.329970 -22.499445 -20.264505 -25.528360 -22.880696 
-6.905392 -1.645983 14.652505 22.040045 18.112649 7.565846 15.622058 16.713614 1.658116 -6.537814 -12.260347 -20.846538 -15.878196 -14.576361 -12.732709 -16.640655 -14.265709 -11.554670 -11.884631 -13.835142 -6.407850 -2.914901 -4.065803 -11.704136 -7.847907 -11.219002 -17.600516 -18.311897 -19.301209 -25.461222 -38.793609 -25.746636 -26.209328 -30.403375 -28.743411 -34.569367 -33.417885 -33.014589 -37.600147 -37.671891 
-12.582532 -7.190354 13.472410 17.999928 11.342366 2.440890 -1.321656 1.237008 -5.872969 -16.724436 -20.712805 -21.260593 -19.773982 -19.243028 -21.790874 -22.638295 -25.157525 -20.745015 -27.515270 -24.144867 -25.603987 -24.472606 -31.468071 -30.142280 -30.685573 -33.265023 -34.561072 -34.268405 -37.859728 -39.077587 -40.101262 -39.733994 -39.355085 -40.446635 -40.796949 -40.489601 -41.111353 -41.026012 -41.287144 -41.247742 
-26.642243 -10.194598 12.099645 17.324390 3.513724 -9.820785 -9.711146 -13.503935 -19.712070 -21.988786 -32.349641 -33.229662 -32.084565 -30.048124 -32.398151 -35.723252 -39.684355 -39.364799 -40.932928 -41.794625 -41.107504 -43.086615 -44.321098 -43.631656 -45.597221 -46.885714 -47.111112 -47.508592 -48.396028 -48.582486 -49.373372 -49.128194 -49.581050 -50.932059 -50.852990 -51.244388 -51.404864 -51.390322 -52.040724 -52.078300 
-20.867512 -6.114643 11.743637 16.623573 5.094292 -12.909413 -13.821485 -17.966884 -19.351460 -22.556347 -25.674657 -26.577234 -28.033635 -28.532498 -29.805161 -30.026787 -32.279866 -32.589473 -33.623481 -34.157685 -35.045421 -35.619555 -36.380513 -36.863384 -37.554136 -38.356448 -38.971708 -39.439973 -40.016807 -40.511892 -41.070351 -41.450552 -41.975312 -42.507485 -42.814893 -43.156517 -43.360480 -43.641896 -43.806051 -43.926726 
-16.586048 -8.252770 10.969522 13.584552 -5.051208 -8.121455 -11.973531 -19.345473 -22.719734 -28.690606 -32.022791 -33.369067 -31.122138 -34.154110 -31.720908 -34.478882 -37.274182 -38.583916 -39.240571 -40.371643 -41.056001 -41.721950 -42.400218 -43.418390 -44.046362 -44.364767 -45.142918 -45.771585 -46.085989 -46.638188 -47.364923 -47.741297 -48.129671 -48.710384 -48.936466 -49.221754 -49.722982 -49.844810 -49.855328 -50.250189 
-11.588218 -4.322436 8.851472 12.165328 -0.701035 -9.429434 -8.138119 -20.017886 -19.877898 -26.498217 -26.505366 -29.189551 -31.096483 -28.779240 -27.431087 -27.316494 -29.573399 -26.575039 -29.223179 -35.298248 -36.228373 -39.261710 -37.642719 -41.929931 -44.085987 -45.676205 -49.632416 -47.924667 -49.269886 -50.900175 -52.964655 -51.135022 -50.013882 -53.825144 -57.471381 -55.848873 -54.815790 -54.030396 -54.985824 -56.611746 
-0.110857 3.131179 6.613721 12.994524 8.793716 -5.126226 0.922596 -2.631736 -10.787596 -16.827168 -17.703917 -19.695789 -27.038248 -19.658948 -16.395469 -16.023619 -20.871660 -14.848401 -11.840242 -13.182715 -17.503202 -21.600741 -23.988607 -27.755966 -32.377128 -31.502096 -29.989860 -28.089626 -30.240670 -36.581484 -37.864399 -38.623600 -38.595349 -39.348139 -40.378999 -39.492618 -42.218048 -44.902017 -46.433077 -45.357745 
-6.884187 0.057402 16.490900 21.136476 15.749687 17.202891 17.929780 8.124266 -3.767604 -10.935600 -13.875985 -18.956014 -19.215174 -18.140859 -15.094729 -17.139358 -18.112699 -13.241164 -13.350008 -5.424233 -3.706837 -3.824604 -7.837818 -14.133298 -12.964327 -21.877214 -20.742177 -20.639563 -21.916008 -31.858597 -38.766072 -31.382471 -31.043231 -33.723804 -33.338467 -36.750678 -37.217432 -36.403654 -39.996444 -32.857449 
-14.029344 1.592207 18.158690 19.090003 2.755780 20.095748 20.529128 1.720047 -6.515489 -12.534706 -14.167784 -20.554607 -19.754108 -23.328450 -18.539934 -21.769153 -21.759530 -18.531726 -20.508082 -17.193120 -12.435164 -4.520539 -1.992432 -9.938698 -6.509826 -15.277785 -18.413142 -20.652996 -19.332113 -22.735118 -31.794381 -24.677257 -26.042921 -29.648305 -27.246043 -30.143826 -31.368886 -27.963427 -31.051442 -28.003121 
-24.089022 3.123580 18.759519 18.509910 6.417512 22.067706 19.976031 -2.014316 -6.857214 -15.378992 -12.567441 -20.676599 -19.778936 -20.137088 -20.568505 -21.356330 -20.296580 -19.082018 -21.738190 -21.074011 -21.506383 -13.018158 -7.394070 -11.250083 -9.661326 -7.126538 -14.734192 -17.266809 -17.377482 -16.850201 -27.588565 -17.843477 -17.949927 -21.729491 -19.291245 -26.617033 -26.952972 -27.754667 -29.765711 -25.534272 
-21.788239 5.234017 19.399130 17.170291 10.215999 23.627189 18.077916 -5.046037 -7.364542 -17.783957 -15.260601 -20.885610 -22.784505 -21.088737 -22.615456 -20.596886 -19.722209 -18.566119 -19.615523 -19.383638 -17.498861 -12.529892 -8.475091 -10.147591 -5.640024 -4.085110 -12.045389 -15.700428 -16.084950 -16.322626 -28.248502 -18.978541 -16.695025 -21.461260 -20.984235 -26.009918 -25.474601 -22.985887 -27.715978 -26.013029 
-15.481934 8.123341 19.960164 15.443606 14.280231 23.356685 12.866008 -4.113083 -12.688010 -14.478810 -22.547458 -25.888296 -28.079560 -24.179955 -21.466315 -23.453056 -25.313394 -20.548508 -22.255719 -21.308266 -19.566228 -15.299419 -12.220643 -10.579131 -5.550610 -4.357192 -12.245883 -17.669749 -16.727167 -16.682086 -29.873692 -15.618531 -16.452712 -22.623379 -19.580842 -23.493594 -23.546806 -22.009807 -28.137854 -23.590373 
-13.761945 9.841788 20.517524 14.983148 16.433998 22.851321 9.056770 -2.745659 -11.599842 -11.319764 -19.044287 -19.558253 -21.430212 -21.171875 -20.062386 -21.380965 -20.005701 -18.935058 -21.170100 -20.778693 -19.919170 -15.181886 -11.674173 -11.292910 -4.841768 -4.409772 -13.133580 -17.278082 -17.891446 -18.793993 -27.768453 -15.816858 -13.496328 -20.177838 -18.673280 -23.636075 -22.459946 -21.062786 -25.294554 -21.921380 
-8.226993 12.262549 20.783157 14.271924 18.990129 22.032561 7.795785 2.277591 -10.702731 -8.857255 -21.609655 -26.579153 -23.085551 -21.436940 -21.633689 -21.847469 -21.216885 -19.651914 -20.056504 -19.683901 -17.078423 -12.936354 -8.703125 -8.771302 -4.380696 -6.066668 -14.401781 -18.650572 -19.215573 -21.262822 -31.556922 -15.387457 -13.640751 -19.900627 -20.034574 -21.284670 -20.133600 -20.600275 -25.827796 -20.445931 
-5.893289 13.976725 20.853789 13.565837 19.045432 18.617458 8.595795 7.343677 -7.750136 -10.218323 -18.348089 -22.243123 -21.022742 -20.646491 -20.706418 -21.007601 -21.067091 -16.884718 -17.885370 -16.473307 -14.314978 -6.124057 -3.157523 -9.739755 -3.428329 -8.272901 -15.589078 -20.021500 -19.790953 -21.889466 -28.520305 -14.173578 -12.605157 -19.077878 -19.443417 -21.296849 -20.138068 -20.182150 -24.406966 -21.873656 
-5.408126 14.296238 19.970119 10.997557 14.966842 10.324326 9.901995 8.297154 -9.955289 -20.345884 -17.712448 -22.119815 -21.242683 -20.386713 -20.292446 -25.600378 -21.429789 -17.494421 -16.628393 -13.752173 -10.499920 -9.452349 -13.903400 -20.592253 -13.547979 -17.667226 -21.445286 -25.774305 -26.738740 -26.064618 -23.820015 -17.719596 -14.995405 -19.785049 -24.512527 -25.551549 -24.395313 -27.066342 -30.315925 -30.051485 
-3.462812 12.823867 16.839131 8.374163 9.254605 2.466451 5.900590 0.713945 -9.842721 -21.721053 -31.115424 -25.470174 -25.786785 -21.955217 -18.707126 -22.543304 -24.108282 -20.703796 -21.121339 -15.544553 -9.346456 -10.652264 -18.615880 -24.879518 -14.280552 -18.813636 -22.309993 -20.425716 -19.903032 -17.476908 -12.496630 -10.311035 -12.119914 -14.962726 -14.633113 -18.958258 -13.767595 -18.085980 -19.915915 -20.388852 
-7.177587 5.579798 8.670686 4.487424 1.614778 -3.896081 -7.874102 -14.525425 -21.419774 -25.133518 -34.452394 -30.087384 -19.336668 -19.082295 -16.576508 -23.957118 -16.765867 -22.606850 -26.485748 -19.764274 -9.793905 -13.766217 -19.695217 -25.303553 -20.151672 -21.428192 -22.347696 -16.615046 -18.263364 -16.769731 -6.947417 -3.019829 -5.917547 -8.313733 -8.354701 -7.863974 -5.219926 -7.670625 -9.709323 -13.651371 
-20.459541 -12.221061 -6.461070 -6.432159 -13.816482 -16.626139 -16.312274 -22.265633 -24.785061 -24.506948 -26.574390 -25.610141 -21.043598 -22.037929 -19.328394 -20.011121 -18.932255 -25.891263 -25.964039 -16.444181 -9.677019 -12.121573 -19.810645 -26.890076 -20.864914 -18.596712 -20.104382 -16.301601 -18.216979 -14.369476 -7.285300 -4.855249 -3.109666 -4.658568 -5.187857 -3.047582 -1.806683 -3.087011 -5.965020 -11.275887 
-27.344542 -23.004623 -18.305417 -22.501516 -25.016211 -29.321158 -23.417307 -24.291431 -23.707264 -27.152534 -28.525166 -35.090129 -27.371683 -21.589906 -19.037102 -21.575561 -20.980100 -21.352920 -22.274686 -18.584094 -12.063748 -16.475005 -24.134799 -29.439615 -26.203316 -22.322939 -21.161423 -19.543167 -16.475022 -11.355950 -5.715283 -2.041457 -2.184729 -4.199291 -6.310242 -6.016973 -1.988774 -0.635476 -5.767939 -6.788271 
-34.640202 -27.894982 -22.388697 -27.027992 -29.488723 -33.251629 -29.557806 -25.825883 -26.945783 -30.854584 -32.209097 -32.907735 -25.128558 -23.527725 -22.414193 -21.510190 -19.799640 -22.672753 -21.104664 -23.362509 -16.739046 -17.454476 -24.160572 -33.527922 -24.900909 -20.934360 -18.720229 -14.830945 -11.780121 -9.368749 -5.631374 -1.324990 -1.564595 -1.441939 -3.156388 -5.321993 -1.654347 -1.208791 -2.851438 -6.074889 
-34.261859 -29.286572 -31.592249 -41.287701 -32.632187 -30.707023 -29.644215 -28.762238 -25.618528 -27.668371 -30.515707 -34.672584 -34.220791 -29.509197 -20.806657 -23.852924 -27.657131 -25.975439 -26.421793 -23.993265 -19.962532 -23.073740 -25.795272 -31.560132 -24.338920 -21.677160 -20.144987 -14.879349 -12.805777 -9.849577 -4.787437 -0.482413 1.611356 0.263026 -6.390253 -5.207156 -2.666074 -3.475249 -3.554741 -6.589788 
-25.000248 -31.294170 -28.749061 -35.077196 -42.023619 -31.388052 -30.610592 -32.335840 -30.081194 -33.111945 -36.467405 -37.822618 -33.831333 -22.933029 -18.656177 -24.513556 -20.109181 -19.294190 -28.403468 -25.099216 -24.686544 -25.804863 -29.908346 -34.173194 -28.480318 -23.941270 -19.490754 -17.920569 -14.309059 -11.250806 -6.419370 -2.547308 -2.516853 -4.267870 -7.941102 -4.604382 -0.538005 -1.558155 -3.318490 -5.493399 
-21.908569 -27.062681 -33.037149 -34.714649 -40.299763 -33.440389 -29.423917 -31.393688 -26.757249 -26.513646 -32.948220 -34.862272 -32.735229 -29.497817 -22.895383 -23.037937 -18.958235 -19.269266 -23.737384 -24.377279 -22.998702 -29.673324 -29.535649 -34.953441 -24.207656 -20.176900 -15.374490 -15.301472 -12.787521 -8.456114 -1.040741 0.434335 -0.973418 -2.694163 -2.494386 -0.145716 0.734902 -0.663159 -1.912188 -4.855960 
-36.207245 -38.748834 -34.756237 -38.886415 -40.213474 -35.584337 -31.413832 -31.353166 -31.837802 -31.163842 -29.728744 -31.963069 -27.550934 -29.469260 -25.374574 -22.176997 -22.477759 -20.230245 -29.336156 -26.874462 -24.833655 -19.579358 -29.917058 -33.754037 -24.381841 -18.641545 -15.424606 -12.245513 -12.844902 -8.189601 -0.299840 -2.767669 0.808681 -4.650641 -4.470225 -1.300124 -1.814535 -3.904812 -4.195806 -5.048959 
-31.372933 -35.066923 -35.381377 -36.815920 -33.679408 -31.983678 -36.094201 -28.750303 -30.652086 -37.990868 -28.098248 -32.096171 -31.071846 -27.651250 -22.819547 -21.636288 -25.209521 -21.344869 -22.205880 -18.280328 -20.118601 -21.151532 -26.368881 -31.919439 -21.971133 -18.221759 -15.061578 -14.352540 -12.027818 -7.855571 -1.591123 -0.652290 -3.897242 -3.561996 -4.518561 -1.901858 -0.197498 -3.130858 -6.156435 -8.631558 
-43.372868 -35.156054 -38.404489 -30.184781 -28.860050 -29.620703 -27.445434 -22.573621 -23.120494 -34.982395 -25.281606 -35.538900 -25.174153 -22.201800 -21.479803 -22.615563 -25.042253 -26.676906 -26.818166 -18.003282 -20.260485 -24.608270 -21.917681 -33.411336 -23.535961 -22.535113 -20.747329 -19.281632 -13.742429 -7.386102 -4.531793 -1.572442 -4.562393 -3.189471 -4.848369 -2.357009 -1.344713 0.070840 -3.643824 -5.686249 
-37.244468 -33.617167 -34.608064 -27.479357 -24.512129 -22.326315 -23.791637 -23.518435 -23.796037 -29.718565 -31.209971 -29.702299 -29.611553 -20.248767 -16.089708 -21.585815 -23.598871 -23.322500 -21.482845 -15.570097 -15.188896 -24.405121 -24.263691 -34.454062 -23.226211 -21.245616 -22.340870 -19.076535 -19.379258 -10.072079 -3.740123 -2.312689 -3.993112 -7.063556 -5.982050 -4.205606 -4.397853 -3.728836 -8.641796 -9.073251 
-19.264296 -21.395741 -28.517047 -26.322659 -20.626810 -17.329279 -19.612215 -21.910346 -22.143125 -29.242687 -35.322147 -26.770946 -24.381105 -19.453250 -17.565028 -26.479298 -29.620350 -23.085442 -20.856069 -19.104621 -22.623539 -26.142105 -27.513823 -30.929660 -20.903157 -23.145057 -18.515473 -20.799326 -16.281750 -11.469576 -5.087208 -3.973582 -5.293232 -9.887290 -8.926683 -10.118183 -7.188446 -7.350536 -7.410501 -7.950750 
-12.862490 -14.857068 -15.676505 -22.241902 -24.670153 -19.387458 -20.309849 -17.008444 -24.015592 -29.851658 -29.859360 -26.988608 -22.614854 -18.168476 -15.665924 -19.342961 -24.674958 -21.847011 -26.977672 -15.245893 -15.670098 -21.729315 -23.505139 -31.107157 -16.780052 -20.906199 -25.731785 -22.311314 -14.177696 -9.902332 -11.799161 -7.749995 -9.101132 -8.543203 -8.843550 -10.570764 -9.700205 -10.815921 -11.914110 -13.259740 
-5.226733 7.841744 11.251963 7.656412 -0.376452 1.140512 1.385716 -5.515131 -9.554710 -16.087303 -20.372730 -22.933762 -21.710007 -17.937955 -16.188557 -16.186329 -19.878824 -19.983368 -14.930913 -7.365060 -12.972855 -19.891735 -22.106776 -24.354369 -16.664291 -21.902964 -24.761959 -18.267589 -18.240592 -11.733611 -13.536895 -8.515791 -11.273086 -13.164147 -13.426697 -12.050992 -15.247287 -18.879238 -17.499057 -18.123111 
3.120811 15.244861 14.827371 15.653890 16.258338 13.934978 15.549634 11.384796 3.837517 -5.253348 -11.255365 -16.644438 -16.709121 -15.345530 -16.259540 -16.786003 -14.664197 -10.118655 -3.201988 2.919400 -4.534377 -11.731779 -16.351540 -15.797326 -11.018659 -16.957916 -19.368249 -19.128626 -18.336026 -17.087836 -17.576386 -11.631327 -11.555905 -17.558958 -18.749293 -21.407989 -21.262903 -24.550574 -25.341719 -24.832944 
1.093804 15.262508 12.058492 17.714908 17.147137 15.801804 18.032123 19.370559 8.137755 -1.053872 -5.464325 -13.220011 -14.043547 -11.330267 -10.156409 -11.854393 -10.576529 -6.408217 -1.089293 5.165786 0.342509 -6.174772 -10.372629 -11.749313 -5.495541 -10.038661 -12.300292 -13.069117 -11.381794 -15.010768 -29.214027 -17.865885 -15.336042 -16.413874 -15.279633 -19.420903 -17.867793 -21.718018 -24.654024 -25.506520 
2.136888 14.792476 10.421406 18.117903 15.975333 14.912860 17.896869 23.560159 12.655865 0.422757 -4.501402 -13.427134 -13.058141 -10.408858 -9.063566 -10.049565 -8.303221 -4.969965 1.029547 8.549276 3.659756 -3.369212 -8.052957 -9.630822 -2.738354 -7.217764 -10.475297 -11.580843 -9.947972 -15.134969 -32.398746 -20.281560 -16.452257 -15.969034 -14.904574 -19.421601 -16.959730 -22.921838 -25.126275 -23.389144 
3.260643 13.931184 11.897915 17.911323 14.265819 12.412432 18.824182 22.943505 14.357610 4.332395 -6.289572 -9.446618 -11.662881 -9.363784 -9.135571 -9.967431 -9.627769 -4.913054 1.592939 8.292362 2.667729 -4.227270 -7.286573 -10.602204 -3.426532 -7.048595 -9.833416 -10.444018 -9.077223 -14.951245 -31.442996 -24.798730 -18.904296 -14.780918 -14.393265 -20.950028 -18.561997 -24.602983 -24.617695 -23.156550 
4.408901 12.857648 11.933713 16.001802 10.209582 8.773242 16.770981 19.540335 16.144425 4.343715 -3.801751 -13.731149 -11.388368 -9.435219 -9.541356 -9.998042 -8.447448 -4.697594 2.737856 7.337033 -0.201867 -5.558332 -8.766963 -12.759283 -6.807303 -8.713145 -11.291758 -12.453088 -10.841814 -16.732252 -34.847546 -26.075307 -20.453958 -18.962806 -17.788056 -24.043359 -22.777062 -25.275708 -25.355220 -23.916662 
3.174321 10.129508 9.522720 11.294941 7.956438 8.079730 13.397205 16.185648 12.007732 -1.692976 -7.315333 -14.411046 -14.981147 -12.614957 -11.374958 -12.077170 -9.886652 -5.307146 2.890228 2.224109 -6.842727 -9.745774 -11.582640 -17.517128 -13.627805 -13.853581 -14.223281 -14.728666 -17.607156 -24.936974 -36.115869 -33.126725 -29.926380 -24.094078 -23.325214 -31.081920 -33.673807 -29.695666 -29.279146 -27.514724 
2.146463 6.494602 8.660298 9.288125 5.997036 3.015740 0.171723 2.505879 -8.784030 -16.217357 -24.877261 -28.019248 -24.189066 -22.247343 -21.316884 -22.366629 -22.656654 -16.070834 -13.771409 -17.242250 -24.476938 -26.303398 -28.072663 -33.960778 -35.623194 -36.221851 -35.803749 -38.538594 -41.417078 -45.599005 -47.050410 -47.241660 -48.519171 -47.383838 -46.963306 -48.100562 -48.784259 -50.075108 -48.964350 -47.217501 
-0.231948 5.995980 8.819270 7.759068 5.661201 -0.980235 -9.038997 -17.848591 -20.984138 -25.067633 -29.590504 -36.214874 -34.386669 -36.208729 -35.857263 -36.488987 -33.340260 -31.517800 -31.079876 -34.544861 -35.269706 -33.561787 -33.090296 -37.961723 -34.281198 -35.261620 -37.083534 -42.866186 -48.413009 -43.902771 -48.593873 -52.992085 -51.524885 -51.406838 -51.275871 -51.810605 -52.889502 -58.728978 -57.088200 -57.416445 
-10.218328 -2.163890 3.967202 2.139567 0.344787 -5.834598 -3.536915 -6.931293 -13.369357 -19.035771 -22.525792 -24.012732 -29.252171 -21.424140 -20.464570 -21.273926 -20.966151 -22.158472 -16.687237 -15.547185 -19.321648 -16.790415 -17.939003 -26.604560 -20.570181 -15.160854 -14.128200 -21.286010 -21.080634 -19.571462 -29.439047 -32.546773 -33.260441 -31.794804 -33.496814 -30.276521 -32.103802 -38.084350 -36.938911 -37.599904 
1.247031 7.964762 7.560783 5.527631 2.286536 1.169571 3.100089 2.595046 -0.799434 -7.539561 -11.865349 -17.790754 -19.143158 -15.740302 -14.922195 -16.889624 -15.597322 -11.680042 -8.252643 -5.470099 -8.213030 -9.330567 -15.760730 -24.406285 -22.408434 -18.285162 -17.025783 -21.305363 -23.779740 -22.782127 -31.580061 -32.484194 -35.291192 -33.334064 -33.991726 -31.485325 -31.986772 -36.933935 -37.031349 -34.992541 
5.180957 8.651635 10.503377 9.932909 8.067757 8.432917 12.917123 14.971225 9.755679 -0.155227 -7.517833 -14.583234 -13.798104 -10.913120 -9.614089 -10.618258 -9.795223 -3.827129 1.094697 0.884996 -1.284312 -0.417389 -7.198796 -22.303465 -21.781957 -19.768118 -19.967614 -23.630552 -32.002350 -41.828826 -50.557872 -44.623999 -41.055830 -40.588368 -40.415242 -38.813653 -37.180366 -42.693066 -42.922369 -37.465018 
2.388356 3.639230 9.848814 10.068776 3.714708 2.275682 4.664917 8.115022 2.497286 -3.899341 -9.599927 -16.354440 -14.595552 -13.869462 -12.227179 -12.846818 -9.126859 -3.932788 -1.579727 -4.294707 -7.469247 -13.474199 -22.440835 -30.955336 -32.996173 -29.869634 -28.058497 -28.239732 -32.656831 -36.806369 -38.024623 -38.493472 -38.583771 -36.697061 -36.273746 -36.220259 -36.360868 -40.859056 -40.310152 -36.556754 
4.594859 5.877237 8.459929 7.495294 5.907329 3.052378 9.445144 14.093361 8.130039 -3.115100 -11.405891 -17.821491 -15.614782 -13.399548 -11.610831 -12.707360 -8.243779 0.294568 3.274568 0.113449 -3.608761 -13.130016 -24.697215 -39.221146 -39.875538 -31.375527 -26.241486 -24.577056 -32.838013 -43.534367 -54.622564 -53.819478 -50.871685 -39.084679 -36.252323 -38.115193 -37.325983 -51.784289 -46.792628 -41.051756 
3.799600 7.142180 8.765659 7.854484 4.909538 0.505791 0.661973 6.668820 -2.934604 -11.187617 -25.748088 -29.967475 -29.433229 -26.584640 -23.567031 -24.476411 -21.497028 -15.223444 -9.870578 -17.317730 -21.389387 -31.560296 -40.311418 -43.903675 -45.221039 -41.741214 -35.111591 -31.993240 -43.409042 -49.295330 -50.568615 -51.390084 -51.964228 -40.948048 -39.953997 -41.285111 -39.094500 -52.463844 -47.287299 -40.839324 
3.408884 7.852326 8.790906 6.562956 2.903611 2.997869 7.765269 9.288542 5.804896 -1.400570 -9.696697 -16.431019 -16.262489 -14.126573 -13.614650 -11.932489 -5.681476 1.346524 -1.101288 -4.409273 -15.107430 -24.978394 -32.594145 -41.117529 -42.544075 -39.504921 -34.439381 -30.184778 -35.673642 -43.940206 -46.672454 -47.140757 -47.628851 -46.070765 -43.005371 -41.325336 -39.946763 -48.558934 -46.111859 -34.797268 
1.637927 2.378784 1.104729 0.748307 -3.328626 -2.195491 2.913372 11.370347 8.030993 -7.664773 -14.872727 -21.964221 -22.766235 -20.325050 -18.400648 -18.062795 -8.537967 0.339262 -2.281843 -4.458091 -19.880285 -30.670537 -37.800182 -49.298047 -53.016723 -46.841658 -39.009960 -32.458325 -39.508005 -51.773555 -59.066718 -60.515017 -57.067992 -49.727535 -47.274304 -46.615621 -44.154771 -58.475345 -52.160891 -39.470139 
1.579615 4.468364 4.434213 2.588034 0.197729 -0.003109 3.574851 7.747723 4.384744 -4.745503 -12.621947 -20.730258 -20.366751 -18.670904 -16.362904 -15.491896 -7.241915 -3.811187 -2.233585 -6.414805 -24.675208 -32.216757 -37.745807 -46.357249 -48.213011 -46.995426 -43.496526 -41.252110 -44.673558 -52.049573 -54.466821 -54.580642 -54.152975 -46.497258 -46.159769 -49.545006 -49.890321 -55.431022 -48.027107 -36.283817 
0.004999 2.468260 0.653319 -2.392720 -12.509611 -6.510827 -7.115796 0.388658 -2.045263 -12.031711 -18.575870 -24.249327 -24.353200 -22.493755 -20.333489 -18.735475 -11.076615 -7.524449 -6.008551 -13.157757 -31.491253 -32.789872 -40.941317 -51.047025 -50.835073 -47.179898 -43.422050 -41.802485 -48.755800 -52.169733 -53.547574 -55.936451 -55.518374 -45.791809 -43.413324 -47.275818 -44.616201 -52.963294 -46.833813 -30.410328 
-2.319099 -3.230547 -3.702918 -6.671796 -8.599060 -8.873400 -5.284452 0.904060 -1.947595 -11.974162 -21.740726 -28.143056 -27.132299 -25.292102 -21.837425 -19.895246 -11.275847 -4.656732 -4.767933 -11.932203 -31.083425 -35.986151 -43.815783 -55.551879 -54.930306 -50.413419 -44.813974 -41.333607 -49.887731 -55.586036 -55.818652 -58.658809 -60.746177 -47.297575 -41.733920 -47.067641 -44.805469 -57.069449 -49.664873 -32.989610 
-8.876156 -6.286196 -14.541987 -16.472952 -19.160193 -23.876307 -16.283512 -14.821961 -19.072260 -25.350401 -30.712858 -35.676294 -36.642649 -35.654034 -33.687267 -35.217623 -22.990689 -13.896938 -22.287438 -27.615326 -36.073623 -39.912114 -41.424556 -42.709591 -43.578396 -44.387338 -44.550730 -42.495998 -45.863772 -47.158916 -47.692778 -48.361646 -48.897308 -46.059846 -43.201560 -42.625001 -42.056125 -50.285406 -46.789556 -33.386390 
-5.409080 -1.952334 -3.470502 -7.857981 -15.118170 -9.952209 -6.701908 -4.211691 -4.911137 -11.303905 -21.369105 -27.960845 -27.006990 -22.532284 -20.330536 -20.691331 -12.551197 -6.828881 -7.746141 -13.899801 -28.578041 -35.875940 -44.116751 -51.804358 -54.869333 -50.010385 -44.329620 -44.434362 -52.080867 -57.438725 -58.798193 -59.971134 -60.037802 -53.725797 -48.810256 -48.574196 -47.624079 -56.013226 -50.680299 -40.643190 
-6.107758 -9.649658 -16.507986 -13.477508 -12.256023 -19.065089 -12.081872 -4.312585 -7.153249 -16.199274 -29.103445 -32.252154 -31.376443 -31.557071 -28.608647 -29.007702 -16.956317 -9.042601 -9.739382 -14.166104 -31.229675 -40.544916 -48.710800 -55.505511 -58.208656 -55.681613 -50.039703 -47.261044 -55.376745 -57.101992 -58.261430 -61.754381 -60.642423 -54.440993 -50.287384 -47.225396 -45.092120 -56.868367 -51.413906 -44.255082 
-11.536168 -7.886812 -13.555386 -14.183126 -10.702278 -14.534795 -16.765153 -15.621224 -13.079111 -21.458805 -29.608201 -35.680356 -38.421112 -37.501673 -36.334530 -31.540069 -18.796932 -12.863061 -15.819103 -12.695125 -30.761295 -43.708499 -52.257117 -58.687372 -62.860075 -57.814030 -50.437634 -50.332943 -58.604173 -60.252709 -65.449738 -61.060894 -61.073745 -49.116593 -45.092339 -44.660138 -44.157422 -54.686333 -51.277657 -42.652908 
-16.114999 -15.703943 -20.306644 -24.901468 -20.469084 -23.887418 -26.613134 -29.313934 -27.577084 -23.675812 -28.308699 -30.510193 -29.755266 -32.592310 -32.015585 -32.406419 -29.061086 -18.399372 -14.115227 -17.563884 -28.023289 -41.430037 -48.227756 -54.852458 -56.259537 -53.274316 -52.647189 -47.612162 -57.184369 -61.397358 -60.686094 -61.941387 -61.950670 -46.576117 -41.820192 -47.682943 -48.241718 -58.522816 -53.148369 -41.057843 
-26.263559 -17.381317 -14.221596 -14.696362 -14.839691 -21.601403 -27.718226 -30.151719 -28.374338 -28.224990 -28.691464 -29.918712 -24.959967 -23.572778 -25.792495 -35.149692 -30.345381 -15.308950 -12.234232 -14.932930 -27.062150 -43.380903 -47.397385 -59.595084 -61.984889 -60.172208 -51.745211 -52.666012 -58.329719 -62.806433 -62.317695 -62.102469 -60.812049 -49.241089 -43.905894 -45.284456 -44.884627 -58.428076 -54.162341 -43.759134 
-21.105466 -21.798822 -27.486398 -29.282357 -22.026438 -27.636163 -33.450367 -35.098914 -30.481807 -28.698226 -23.176248 -28.131122 -25.142810 -22.033434 -28.151998 -36.185386 -39.548400 -24.748301 -13.067733 -21.808749 -27.284102 -37.555673 -54.162630 -57.760078 -58.815226 -57.602241 -51.882557 -51.658535 -57.286277 -58.536355 -62.720168 -63.943117 -63.297560 -49.263890 -46.900704 -44.161920 -44.014894 -57.307164 -55.089234 -47.710690 
-23.403595 -30.194633 -31.661361 -25.574105 -24.768566 -31.257286 -33.651912 -32.928968 -30.288839 -32.161518 -32.118530 -34.998584 -29.045047 -26.848926 -32.607266 -44.264427 -36.469101 -26.722406 -24.721699 -28.643334 -30.722369 -36.380195 -53.905254 -55.992581 -60.615857 -59.694499 -55.033713 -54.795295 -60.245855 -64.252242 -64.226605 -65.189660 -65.641014 -53.453704 -50.507765 -47.945605 -51.080746 -64.341820 -62.514247 -60.028066 
-22.412690 -32.200533 -29.170043 -20.256068 -20.760816 -35.575537 -38.401735 -39.841259 -32.581916 -29.735900 -27.281836 -31.999266 -29.568042 -30.729926 -34.823579 -41.397729 -31.842762 -23.809976 -23.447312 -29.330952 -33.707786 -40.019402 -53.627569 -59.622551 -63.039805 -60.091431 -60.059597 -63.491537 -66.400116 -63.735242 -65.174191 -65.910860 -70.908866 -58.892646 -54.207397 -49.114518 -54.076426 -68.364954 -66.231154 -68.154431 
-21.072604 -26.716662 -30.663991 -28.541266 -22.570877 -29.441827 -36.063301 -32.975004 -27.302301 -32.223071 -32.169842 -31.241540 -33.906565 -27.552588 -32.226303 -42.569807 -28.435868 -24.264365 -28.533219 -36.356720 -35.928046 -33.570863 -44.060106 -56.208104 -58.739351 -58.854925 -59.095112 -66.202861 -65.059972 -65.148623 -65.481349 -65.182082 -69.317620 -63.032447 -60.459334 -52.025040 -55.603966 -68.971488 -69.514136 -68.206690 
-25.013321 -26.362494 -26.835967 -25.226192 -31.742953 -37.856702 -41.066592 -35.086863 -29.339415 -32.735258 -35.776723 -46.033192 -48.238278 -40.626239 -45.463965 -40.485820 -36.916686 -32.727775 -30.294792 -33.376980 -34.508793 -37.759593 -49.004319 -57.670418 -58.226308 -60.580069 -58.063790 -56.861072 -58.618067 -60.645251 -62.717731 -68.213371 -73.572190 -65.117968 -60.901741 -60.468820 -64.590016 -70.679973 -69.354228 -73.377742 
-44.305249 -48.098600 -49.030784 -44.901799 -43.918431 -47.708507 -51.809057 -45.654239 -43.251270 -44.320202 -47.107112 -52.970987 -55.769255 -56.689050 -63.446278 -55.990091 -53.263001 -55.126951 -49.385776 -48.126485 -48.248136 -51.818937 -63.253325 -65.508537 -66.606664 -69.341421 -70.011102 -69.079208 -71.215992 -72.148712 -77.022938 -81.258552 -86.630237 -77.154869 -75.175955 -80.112069 -79.268218 -82.265610 -81.049592 -85.570331 
-78.626685 -85.668123 -86.691980 -79.399057 -76.962445 -80.725954 -86.778186 -78.988305 -78.050222 -84.764017 -79.609343 -78.804512 -84.778706 -78.464840 -82.537154 -80.586887 -81.002520 -80.904730 -81.853439 -80.455280 -82.990641 -81.701115 -81.854440 -83.055208 -83.090472 -83.195280 -84.040464 -84.722338 -85.364389 -86.345013 -87.686273 -89.346226 -90.633318 -92.975027 -96.643130 -99.433470 -100.431320 -98.114332 -96.014266 -94.345154 
-80.823313 -79.075095 -78.865797 -78.437545 -79.436573 -78.459465 -79.127537 -78.993644 -78.697508 -79.768364 -78.141660 -79.598582 -79.195465 -80.202930 -79.491906 -79.904062 -80.129931 -80.447282 -80.733388 -81.189243 -81.799713 -82.088276 -82.991375 -83.892564 -84.366439 -85.700492 -87.178394 -88.105631 -89.383321 -90.815127 -92.306007 -92.543022 -92.065304 -91.490955 -90.918242 -90.687405 -91.024869 -91.534445 -93.396127 -95.766974 
-85.803145 -85.809166 -85.817832 -85.832798 -85.854436 -85.883989 -85.919426 -85.966546 -86.028569 -86.102594 -86.194271 -86.307061 -86.441451 -86.603628 -86.799612 -87.028268 -87.304616 -87.628954 -88.013241 -88.466257 -89.006455 -89.656784 -90.429731 -91.375941 -92.544704 -94.002270 -95.868113 -98.342289 -101.917929 -108.053710 -116.628423 -108.347599 -103.067559 -100.325412 -98.853593 -98.312664 -98.579893 -99.802859 -102.992745 -111.108743 
NaN NaN NaN NaN NaN NaN NaN NaN NaN NaN NaN NaN NaN NaN NaN NaN NaN NaN NaN NaN NaN NaN NaN NaN NaN NaN NaN NaN NaN NaN NaN NaN NaN NaN NaN NaN NaN NaN NaN NaN 
NaN NaN NaN NaN NaN NaN NaN NaN NaN NaN NaN NaN NaN NaN NaN NaN NaN NaN NaN NaN NaN NaN NaN NaN NaN NaN NaN NaN NaN NaN NaN NaN NaN NaN NaN NaN NaN NaN NaN NaN 
