NaN NaN NaN NaN NaN NaN NaN NaN NaN NaN NaN NaN NaN NaN NaN NaN NaN NaN NaN NaN NaN NaN NaN NaN NaN NaN NaN NaN NaN NaN NaN NaN NaN NaN NaN NaN NaN NaN NaN NaN 
NaN NaN NaN NaN NaN NaN NaN NaN NaN NaN NaN NaN NaN NaN NaN NaN NaN NaN NaN NaN NaN NaN NaN NaN NaN NaN NaN NaN NaN NaN NaN NaN NaN NaN NaN NaN NaN NaN NaN NaN 
NaN NaN NaN NaN NaN NaN NaN NaN NaN NaN NaN NaN NaN NaN NaN NaN NaN NaN NaN NaN NaN NaN NaN NaN NaN NaN NaN NaN NaN NaN NaN NaN NaN NaN NaN NaN NaN NaN NaN NaN 
NaN NaN NaN NaN NaN NaN NaN NaN NaN NaN NaN NaN NaN NaN NaN NaN NaN NaN NaN NaN NaN NaN NaN NaN NaN NaN NaN NaN NaN NaN NaN NaN NaN NaN NaN NaN NaN NaN NaN NaN 
NaN NaN NaN NaN NaN NaN NaN NaN NaN NaN NaN NaN NaN NaN NaN NaN NaN NaN NaN NaN NaN NaN NaN NaN NaN NaN NaN NaN NaN NaN NaN NaN NaN NaN NaN NaN NaN NaN NaN NaN 
NaN NaN NaN NaN NaN NaN NaN NaN NaN NaN NaN NaN NaN NaN NaN NaN NaN NaN NaN NaN NaN NaN NaN NaN NaN NaN NaN NaN NaN NaN NaN NaN NaN NaN NaN NaN NaN NaN NaN NaN 
NaN NaN NaN NaN NaN NaN NaN NaN NaN NaN NaN NaN NaN NaN NaN NaN NaN NaN NaN NaN NaN NaN NaN NaN NaN NaN NaN NaN NaN NaN NaN NaN NaN NaN NaN NaN NaN NaN NaN NaN 
NaN NaN NaN NaN NaN NaN NaN NaN NaN NaN NaN NaN NaN NaN NaN NaN NaN NaN NaN NaN NaN NaN NaN NaN NaN NaN NaN NaN NaN NaN NaN NaN NaN NaN NaN NaN NaN NaN NaN NaN 
NaN NaN NaN NaN NaN NaN NaN NaN NaN NaN NaN NaN NaN NaN NaN NaN NaN NaN NaN NaN NaN NaN NaN NaN NaN NaN NaN NaN NaN NaN NaN NaN NaN NaN NaN NaN NaN NaN NaN NaN 
NaN NaN NaN NaN NaN NaN NaN NaN NaN NaN NaN NaN NaN NaN NaN NaN NaN NaN NaN NaN NaN NaN NaN NaN NaN NaN NaN NaN NaN NaN NaN NaN NaN NaN NaN NaN NaN NaN NaN NaN 
NaN NaN NaN NaN NaN NaN NaN NaN NaN NaN NaN NaN NaN NaN NaN NaN NaN NaN NaN NaN NaN NaN NaN NaN NaN NaN NaN NaN NaN NaN NaN NaN NaN NaN NaN NaN NaN NaN NaN NaN 
-64.650231 -66.213486 -68.730914 -71.883361 -73.508677 -74.326289 -76.729602 -81.077461 -85.094854 -90.348797 -86.747028 -84.596976 -82.944855 -79.688769 -81.934135 -88.682727 -86.037273 -81.694444 -82.467676 -84.993616 -89.175467 -88.544542 -86.076383 -89.092202 -97.482242 -98.673572 -94.871561 -93.366476 -92.190316 -92.292389 -89.353838 -93.092772 -94.338105 -92.786564 -94.783296 -92.504745 -92.533963 -98.311850 -90.654762 -89.044342 
-48.073879 -53.334020 -57.866422 -62.553645 -63.873300 -64.829240 -64.559639 -69.767892 -77.105670 -77.546461 -71.181880 -70.397016 -69.100204 -64.670005 -68.253162 -71.769826 -71.763261 -68.366014 -69.178487 -71.851972 -74.006966 -74.077071 -72.065875 -74.357272 -76.761556 -78.726396 -80.146891 -76.769756 -79.658763 -78.886899 -77.489919 -78.161640 -78.538251 -74.736085 -78.657341 -76.308494 -78.830375 -83.577326 -79.209257 -77.336657 
-20.155858 -14.448385 -12.658615 -13.488454 -16.364216 -21.237424 -27.696351 -31.776604 -33.361225 -38.790951 -47.647768 -48.389106 -51.183298 -53.378586 -53.724613 -54.964021 -52.398137 -51.111815 -53.051351 -54.614649 -57.390222 -57.942565 -58.837569 -60.343394 -61.767415 -61.210813 -62.540963 -62.595408 -63.121487 -63.729470 -64.594386 -66.022646 -65.586015 -65.357936 -65.554441 -66.382137 -67.216461 -66.919003 -66.986112 -67.718796 
-6.616333 3.673238 7.473824 5.108510 3.697643 -2.297380 -11.305780 -12.146965 -15.111204 -21.088024 -27.603948 -35.370058 -38.596356 -42.687357 -44.763304 -43.151587 -35.205040 -32.514642 -39.314089 -48.170777 -55.602493 -58.322069 -55.101128 -56.277154 -55.217065 -59.875841 -63.197668 -62.428490 -61.578702 -61.257851 -60.498359 -60.653804 -62.912646 -62.954638 -61.334830 -64.915916 -63.673064 -63.690879 -64.348648 -66.748336 
-8.863018 6.045773 8.689320 2.730692 6.641267 -2.401322 -8.188183 -14.510335 -13.702474 -18.236403 -23.850391 -27.847252 -33.131288 -34.592720 -34.557865 -36.224059 -33.918025 -31.759589 -40.200053 -44.864381 -46.431394 -47.841287 -48.378084 -48.364228 -48.758935 -50.087112 -51.081574 -51.302795 -52.037613 -52.624937 -52.896202 -53.036154 -53.721668 -54.318384 -54.649431 -54.957548 -55.325609 -55.686317 -55.851467 -55.980003 
-6.036960 8.487871 8.932214 8.079874 11.265494 -1.787295 -9.706371 -10.760532 -11.663081 -16.088938 -24.274014 -29.058955 -34.850996 -39.379636 -41.682796 -44.686210 -39.433463 -34.174506 -40.154778 -45.057938 -47.871151 -49.228064 -50.188523 -49.216374 -50.328899 -50.845393 -51.964850 -52.770806 -53.334365 -53.404243 -54.113038 -54.662978 -55.293029 -54.994435 -55.715991 -55.385365 -55.130235 -56.700058 -57.256080 -57.019024 
-7.354043 7.630510 9.518023 4.171204 7.608561 -2.448379 -16.735426 -14.502419 -12.951268 -18.821172 -26.163829 -31.261520 -36.841949 -43.693340 -42.856395 -44.100822 -36.925524 -40.036283 -44.218235 -46.662417 -49.269526 -49.923501 -50.904314 -50.581733 -49.028329 -51.367134 -53.100800 -53.811632 -53.342309 -53.483607 -54.892245 -55.521661 -55.512200 -56.045684 -56.718095 -56.790756 -56.113678 -57.143304 -57.630713 -57.496571 
-11.758133 1.585063 3.458234 -4.369478 -0.771510 -10.643144 -19.989174 -23.446762 -23.334871 -34.703031 -31.562244 -36.034080 -36.339082 -37.920056 -38.605262 -39.620773 -39.802494 -40.280510 -41.788235 -42.951545 -43.624590 -44.392880 -45.082075 -45.665204 -46.155751 -46.779030 -47.385776 -47.872552 -48.655249 -49.228446 -49.606017 -50.188166 -50.625041 -50.922477 -51.387983 -51.789010 -51.910732 -51.938432 -52.449557 -52.600787 
-4.053733 -2.834407 -10.209639 -7.472527 -6.841517 -6.947208 -10.071407 -10.707262 -12.045763 -14.244348 -15.367564 -18.604676 -19.826056 -21.895251 -22.301360 -20.917137 -19.140508 -18.379826 -17.028444 -18.618935 -21.464533 -25.650561 -27.174591 -26.036882 -25.426463 -26.311416 -28.927809 -29.239123 -30.588461 -35.361163 -34.464155 -36.658275 -38.372256 -39.298055 -36.740765 -34.722453 -35.762342 -37.419510 -38.194950 -44.083171 
2.952298 6.101449 9.692876 10.890419 8.022256 7.150252 5.217077 -0.951075 -0.364713 -5.931087 -7.099669 -11.936057 -13.682352 -14.483168 -17.474114 -12.787365 -10.996555 -10.280887 -5.381896 -5.537074 -9.353674 -14.658109 -18.577635 -17.824061 -16.086473 -17.671704 -21.491834 -20.912022 -21.919069 -24.809243 -25.874108 -26.370135 -27.649825 -29.473627 -27.963585 -25.798845 -26.556608 -29.246874 -29.101703 -34.681719 
-1.742574 6.399382 15.962449 11.289174 9.155865 19.669890 14.732644 14.337993 10.357810 -0.853885 -3.821757 -6.707236 -12.386652 -13.589117 -16.776771 -15.738631 -14.197741 -10.571548 -7.763948 -5.193006 -2.558050 -5.706462 -11.622936 -10.440394 -6.741473 -14.311809 -18.759089 -23.406383 -21.807186 -25.475703 -35.925254 -23.928545 -19.388214 -20.474525 -24.196106 -22.477943 -27.169113 -30.875188 -30.048927 -37.479854 
-8.784173 1.345234 15.548924 13.609942 8.924207 22.027766 16.157474 17.743989 18.528416 3.326700 2.177702 -5.695997 -7.672086 -11.509939 -16.232763 -14.373078 -14.254674 -10.954082 -8.720387 -7.974294 -3.262297 -1.029946 -3.503918 -6.689034 -1.743424 -3.357933 -9.978953 -16.671613 -17.902726 -17.989540 -33.122543 -17.905967 -15.118857 -19.048568 -22.567915 -18.320997 -23.007160 -31.381581 -29.774385 -36.758627 
-17.358843 0.090426 15.616502 15.750689 5.324099 20.187762 18.515824 13.062146 19.436342 4.840301 4.785445 -4.953171 -4.151689 -12.490051 -14.961375 -14.213036 -14.896714 -12.202324 -11.504019 -11.673766 -9.975299 -6.257402 -2.662417 -2.752628 -3.247575 -0.640328 -3.841081 -12.167929 -16.297203 -13.876937 -26.218335 -15.031685 -12.049218 -15.151518 -16.421831 -12.481835 -16.215246 -23.206856 -21.898595 -27.716679 
-18.497167 -4.393476 13.484696 16.268575 2.559475 14.430713 19.204687 7.454548 16.262108 8.200729 2.840273 -0.171488 -4.236584 -8.709979 -18.859429 -18.772607 -16.087457 -11.594675 -12.179576 -13.083633 -12.311626 -10.077088 -3.287682 0.709939 -2.537215 -0.837360 -1.866722 -9.106495 -14.214173 -14.269083 -26.533224 -12.600982 -8.431189 -13.448957 -16.093744 -13.148922 -14.856212 -22.533999 -20.491830 -24.602800 
-17.978382 -12.122235 9.945040 16.857980 4.945398 11.289497 21.820121 10.782115 9.781352 9.851712 -2.858894 0.958056 -8.797183 -5.528546 -16.524734 -16.157068 -16.121424 -13.846480 -13.222984 -12.854365 -12.352257 -11.492032 -6.407506 0.715869 -0.739655 -0.108115 -0.414325 -8.128588 -14.163186 -15.726636 -23.627822 -9.329285 -7.208194 -11.388600 -14.092033 -11.720612 -13.367972 -21.506586 -18.941316 -22.565831 
-27.295962 -14.868900 10.355310 18.478603 8.465287 12.928640 24.661801 16.189768 2.476652 10.091217 -4.609227 -1.060234 -7.935416 -5.561118 -13.082068 -12.172389 -15.177148 -14.458356 -12.275043 -14.447544 -14.225464 -12.446521 -7.397449 -0.811642 1.283373 -1.498198 -2.734524 -7.227375 -13.697198 -15.913832 -22.528726 -8.315960 -6.238481 -11.686618 -13.989787 -12.014138 -12.246588 -19.608597 -19.470169 -22.749913 
-30.521059 -19.214804 11.032161 20.311482 11.780124 8.412224 25.468759 21.106904 -2.614909 9.647661 -3.359242 -7.871113 -10.779365 -11.909224 -14.656860 -15.020694 -16.179697 -11.401937 -13.207785 -15.072489 -15.426518 -13.797362 -11.347818 -1.766324 0.999039 0.118918 -1.225709 -8.144981 -15.867252 -15.358191 -22.302227 -9.080797 -6.778907 -11.573629 -14.891280 -11.680610 -11.588006 -20.655159 -18.807545 -24.330332 
-16.017171 -14.844145 8.660056 20.540172 13.528272 6.538590 25.646105 23.419390 -5.005232 7.132715 -2.035043 -11.948767 -9.093349 -18.601003 -16.457706 -16.858355 -17.270375 -10.992464 -14.742489 -14.766545 -14.048112 -14.114716 -12.828044 -3.853373 -1.456664 -2.451184 -3.785527 -8.516531 -14.885953 -18.180415 -23.672183 -8.402555 -7.273355 -12.853452 -16.988337 -13.815756 -14.772796 -24.061917 -22.538719 -27.203445 
-18.842942 -19.267310 5.416348 20.342639 15.564627 5.145493 25.049419 25.730897 -2.328674 1.972518 0.251059 -9.970158 -5.867353 -13.531066 -12.305290 -15.515053 -15.917062 -12.039404 -13.760701 -13.733843 -14.117691 -14.494554 -12.548019 -4.223272 2.076935 -2.220526 -4.785597 -10.752283 -18.475636 -17.601089 -20.594205 -8.270639 -8.175137 -14.858001 -18.452041 -15.502336 -15.787282 -22.551945 -20.860945 -27.242681 
-24.114793 -15.110480 5.186607 20.407193 16.269329 0.545307 22.734770 25.885799 1.156853 2.286221 1.178732 -9.570153 -5.264902 -13.752544 -13.049516 -17.215385 -17.608655 -17.540911 -15.887568 -15.702869 -18.235088 -16.047942 -13.190123 -7.093269 2.276850 -2.108578 -4.328743 -11.740826 -18.204932 -21.060729 -19.414426 -8.421151 -7.541854 -12.137143 -16.176335 -14.441890 -15.039489 -21.163739 -18.908908 -22.113450 
-13.189092 -12.800145 7.119455 20.591249 15.081194 1.735437 22.984929 24.142162 -2.762253 3.224101 -1.891153 -11.692498 -9.022703 -19.114109 -15.863632 -21.833430 -22.948225 -14.874929 -17.990347 -17.861192 -17.273397 -15.765065 -13.459474 -5.129630 2.191196 -1.528673 -3.560758 -10.067669 -17.189270 -17.094015 -19.347544 -5.178825 -5.654333 -13.124914 -16.499693 -12.773350 -13.731525 -21.408898 -18.035886 -22.457208 
-22.605378 -17.059542 9.644962 20.850898 13.633985 5.176500 23.909701 21.804457 -6.831009 3.580592 -6.940054 -13.707357 -14.609002 -19.649636 -20.365545 -22.500672 -23.110515 -14.319804 -17.554239 -17.907667 -17.353092 -17.024083 -15.802709 -5.103134 0.434981 -0.789610 -4.415179 -9.059034 -13.706285 -16.288037 -20.487914 -5.155070 -6.524654 -12.207952 -15.327503 -13.198583 -14.611131 -23.059609 -18.798716 -24.553709 
-15.655860 -16.072720 11.888699 20.575293 11.290021 10.250182 24.594852 18.365632 -3.233410 2.905377 -9.887346 -12.244398 -20.276762 -16.066660 -19.645107 -18.281758 -20.108042 -15.840495 -14.726724 -17.830730 -17.977340 -16.802007 -12.412371 -2.733892 4.386877 0.721466 -4.019495 -10.951246 -16.516774 -16.292576 -20.278789 -6.125478 -7.447604 -14.108258 -18.355586 -14.864088 -17.760786 -24.041209 -18.913620 -24.842476 
-26.991392 -10.104012 13.788167 19.525189 7.415590 15.601514 24.214443 12.895497 -1.789110 -0.783507 -12.505534 -11.056071 -16.605013 -14.818750 -16.405228 -16.180544 -18.216774 -16.676455 -14.780445 -16.900663 -16.133683 -13.737376 -9.114489 0.198713 3.081833 -0.690755 -7.881981 -13.618473 -17.604700 -19.001498 -23.641972 -9.462123 -10.460405 -17.455547 -23.192442 -18.600170 -21.425984 -27.939358 -23.575533 -27.743742 
-10.823652 -3.403505 14.411034 18.119166 9.860882 14.431545 21.076334 10.961848 1.069648 -4.286648 -12.732690 -13.957498 -18.986965 -15.569168 -17.522945 -18.567356 -20.912449 -18.964921 -17.288268 -15.407651 -13.353875 -10.869050 -8.150984 -4.465167 -2.733313 -5.423905 -15.936051 -20.833134 -23.598853 -24.936067 -28.627223 -16.026619 -18.890693 -25.172420 -29.775657 -25.995263 -31.156398 -36.122813 -35.421730 -39.363980 
-15.855806 -1.285440 13.512306 12.937813 6.280971 7.709609 7.530759 4.145534 1.053463 -7.595337 -12.172711 -23.515398 -24.870563 -22.920522 -21.955388 -21.400374 -24.349349 -27.296279 -25.484394 -23.212410 -21.243953 -23.977998 -25.151305 -22.219627 -17.010011 -25.642222 -29.330173 -31.511357 -33.690507 -32.829355 -34.972912 -29.670196 -32.086546 -35.102610 -37.338004 -36.793688 -38.891120 -39.699355 -39.465700 -40.186688 
-26.004329 0.366894 13.123484 9.273384 2.895991 9.268996 2.832712 -0.975232 1.128259 -10.170033 -15.354243 -23.827050 -26.125314 -32.366868 -26.499304 -23.761248 -23.452851 -29.080539 -36.599514 -39.283027 -39.680021 -44.388441 -38.618119 -34.470862 -31.972320 -43.676733 -49.208587 -50.901684 -47.832802 -47.542499 -51.072091 -47.644450 -50.764745 -52.880902 -54.187987 -52.295591 -53.924100 -54.583778 -55.309817 -55.825266 
-21.993880 0.377340 12.893349 10.161019 -0.011380 8.517298 1.666308 -0.365252 -4.119098 -12.020508 -14.152453 -22.778810 -29.495216 -35.731414 -29.465371 -28.943018 -27.817441 -31.708780 -40.306716 -44.825949 -45.948241 -51.765100 -52.298540 -42.819574 -38.138642 -53.658000 -54.322049 -53.747271 -54.178274 -54.847632 -54.796839 -54.511348 -58.527127 -58.227593 -59.059348 -58.372466 -57.443411 -56.633135 -59.167862 -60.420782 
-16.993990 2.733603 12.973121 8.424868 3.984417 6.804406 -2.840111 -1.163784 -6.249569 -11.467814 -18.453005 -22.235028 -34.568466 -37.058748 -32.547969 -31.336368 -32.189259 -36.000161 -44.033908 -47.087197 -49.508542 -48.638474 -50.303182 -47.450401 -44.942277 -51.931069 -53.333995 -53.706228 -55.544973 -56.724248 -56.041253 -55.653999 -55.257489 -57.141743 -57.844820 -57.594748 -56.467503 -56.866024 -58.940247 -59.093347 
-13.460661 1.602167 11.487762 4.976578 5.428679 5.529130 -4.698847 -6.145933 -12.283388 -13.186908 -20.681182 -23.914323 -31.227634 -35.908212 -30.683681 -28.783647 -30.220359 -23.457364 -21.860870 -29.272929 -30.224955 -28.885163 -29.219616 -29.362068 -30.299453 -35.848321 -31.662417 -35.367503 -37.352654 -38.847942 -38.124180 -41.964623 -40.103339 -43.379634 -40.466846 -42.443899 -44.571511 -45.927210 -45.629434 -46.593191 
-13.762116 2.927536 12.965721 8.558026 7.844790 15.652961 8.071903 1.722575 0.491821 -17.835066 -16.107904 -20.294587 -23.409395 -19.924977 -19.488548 -18.315581 -18.099731 -15.530323 -13.500005 -13.487215 -13.317989 -12.535428 -14.831861 -16.091057 -13.913262 -21.056016 -26.017595 -23.889706 -25.486563 -29.845349 -29.694826 -24.588437 -22.814431 -31.400322 -29.636462 -27.923427 -34.099799 -36.885966 -35.015433 -38.325719 
-9.830502 3.951520 15.288573 10.979914 16.414862 22.912585 11.369742 9.328374 4.585278 -11.941249 -18.598714 -18.069317 -20.515719 -18.025450 -19.118745 -20.905519 -21.033171 -15.903974 -14.171061 -13.424538 -12.261398 -7.126693 -5.467414 -4.885421 -3.352792 -12.517033 -19.604379 -20.561695 -20.494840 -25.664657 -30.326832 -17.876156 -16.340278 -24.426577 -25.422552 -21.525212 -28.181114 -33.948552 -31.559336 -38.668092 
-11.664231 6.001394 15.757301 10.846326 20.666163 25.150369 12.167496 11.839151 1.659143 -10.125065 -16.528287 -19.453515 -20.038394 -22.297401 -24.225570 -23.538825 -22.560072 -19.310020 -17.881364 -17.616209 -16.386814 -11.950266 -4.657411 -1.635091 -0.975176 -4.362337 -11.726713 -14.782681 -14.866266 -17.561691 -30.507744 -16.545424 -16.900463 -26.415879 -27.051774 -21.555307 -27.486714 -29.186321 -24.978504 -33.557086 
-12.238880 6.605159 14.634803 10.992294 23.531804 24.725199 10.655548 11.373635 -4.070006 -8.656368 -17.566878 -21.831619 -18.435497 -24.061056 -25.318441 -22.406836 -24.826211 -19.718651 -19.020145 -20.086949 -18.782799 -16.506998 -10.867225 -2.619844 -1.875116 -3.109738 -7.156885 -12.759765 -14.350944 -16.500328 -28.222868 -14.390418 -13.964927 -21.737806 -23.832285 -16.577757 -21.780930 -26.310317 -23.932833 -31.917047 
-12.616257 6.624185 11.596203 11.365105 25.508689 23.147567 12.034106 9.528268 -4.445467 -11.631810 -18.124352 -22.134446 -19.781997 -23.568983 -22.433503 -24.061713 -24.838926 -19.953151 -19.039883 -19.502123 -19.661248 -17.228754 -14.101576 -3.216063 -3.285175 -3.922802 -7.978524 -12.480965 -14.518686 -16.896886 -27.337030 -14.156613 -13.715112 -20.483658 -20.547771 -13.962945 -20.334082 -24.827666 -21.435070 -30.719047 
-5.945975 7.477276 10.811111 12.997688 26.151071 20.720386 12.389483 7.224827 0.113009 -10.292721 -19.464707 -23.236618 -22.650441 -24.143017 -24.487931 -23.102630 -25.504226 -20.249171 -19.607462 -21.153392 -20.321196 -18.414131 -13.823965 -2.388059 -2.673556 -2.922220 -5.102419 -12.025311 -14.303104 -16.260103 -28.644297 -14.530654 -11.385347 -20.040852 -19.592742 -13.620073 -19.498009 -24.195180 -21.178959 -27.964058 
-6.322624 9.798245 13.037799 15.366511 25.376869 17.979714 14.115446 5.300530 2.929659 -10.838066 -14.779792 -19.488563 -18.951619 -21.116408 -22.942566 -23.105333 -23.096886 -19.891347 -20.581058 -22.474141 -22.035487 -19.505199 -14.622927 -4.938730 -5.588435 -5.613971 -10.595475 -17.435471 -18.568272 -18.780124 -29.980857 -16.067665 -11.064414 -20.846014 -22.553053 -15.626068 -19.245842 -25.625881 -25.729724 -32.306774 
-2.628515 12.256945 13.930969 16.972115 22.334287 13.098393 11.794608 5.135081 2.436271 -8.870665 -17.404968 -21.933691 -20.942855 -23.158863 -21.992761 -23.479517 -24.255464 -21.879241 -19.450222 -22.527964 -23.008326 -21.051827 -13.113805 -7.759861 -10.356887 -5.896191 -8.897754 -17.015047 -19.554759 -18.247731 -25.145245 -19.232047 -13.753145 -22.831024 -19.731803 -15.838956 -19.316916 -21.275501 -24.263706 -33.582575 
-1.085184 13.360189 13.971417 15.160406 14.354122 8.190124 6.208599 2.337270 -5.048310 -12.666544 -21.157169 -25.652013 -24.861075 -26.985554 -25.604834 -23.754970 -28.622775 -23.387938 -21.196968 -21.422868 -22.595915 -17.694269 -13.575709 -13.218298 -13.805768 -8.870275 -13.539317 -17.345212 -19.112439 -17.039734 -16.051470 -14.826345 -16.377535 -15.570648 -10.523389 -10.957206 -11.793344 -12.006484 -16.416496 -21.621997 
2.420129 12.440376 10.508735 7.114388 2.943141 0.769047 -2.591224 -5.570487 -14.531973 -20.896530 -20.489589 -19.731183 -22.536265 -30.881064 -25.840921 -22.584436 -26.779321 -23.098033 -18.790047 -24.309739 -22.163638 -14.110013 -8.795305 -14.567141 -17.261097 -11.317328 -14.916923 -17.362791 -11.601467 -10.130632 -12.227427 -12.086046 -8.273995 -7.838976 -3.152383 -0.982724 -3.862417 -3.893218 -3.613868 -7.328930 
-3.500795 7.460781 5.140293 -2.491056 2.204268 -6.177086 -12.376063 -15.357803 -15.225876 -19.550797 -23.660617 -19.070730 -21.505225 -24.841428 -19.349041 -19.456301 -21.114263 -23.918300 -18.374506 -23.474424 -17.869936 -13.205886 -8.193712 -12.815435 -16.620387 -8.944865 -13.795916 -16.188068 -13.656415 -8.968981 -11.091449 -13.606018 -11.497730 -5.423803 -2.067450 0.152197 1.436946 0.623073 -1.291975 -3.923312 
-11.487977 2.055106 0.907780 -6.229761 -3.231201 -13.854192 -25.181144 -30.138566 -20.594539 -23.529912 -18.410693 -17.892728 -23.891544 -24.675019 -21.623891 -17.928037 -21.314347 -25.218836 -23.340274 -30.031774 -24.326768 -15.946250 -18.744128 -18.066214 -17.134275 -13.161714 -13.610774 -15.395024 -12.948732 -10.352064 -15.278490 -14.869975 -11.130180 -6.173860 -5.051995 -0.349393 1.593840 1.773498 -4.139158 -5.348860 
-12.500000 0.029761 -0.762473 -14.059891 -16.595435 -19.813804 -22.000693 -25.478093 -24.417358 -26.806625 -24.714983 -21.821869 -23.480648 -25.749695 -23.453573 -19.146848 -24.107819 -20.541482 -21.079042 -26.539225 -23.482541 -15.011919 -16.731323 -20.571992 -19.707662 -17.956688 -15.661194 -17.101298 -18.618660 -13.921264 -16.884697 -14.603885 -9.833441 -10.727362 -5.370295 -1.446091 -1.917607 -0.991981 -3.676267 -8.494201 
-16.260162 -3.149187 -4.183024 -17.702315 -21.256881 -28.847610 -30.782155 -27.127563 -25.210720 -28.278604 -27.343735 -29.398082 -31.942735 -26.272628 -26.630398 -24.476008 -27.495234 -23.769973 -19.218414 -22.070746 -21.171659 -21.984956 -22.428724 -25.993417 -26.083032 -18.428422 -17.443675 -21.905806 -18.803206 -20.161409 -17.978323 -15.982679 -11.282583 -10.724426 -4.202759 -0.218286 -0.634164 -0.242964 -2.972045 -5.815628 
-18.999495 -6.765471 -6.971275 -21.658131 -29.996002 -29.326264 -28.119924 -23.989294 -27.464799 -25.182864 -26.773168 -26.668704 -28.474633 -32.965599 -27.901402 -24.726198 -24.386109 -21.322258 -19.211950 -21.300879 -16.672558 -22.069929 -20.568122 -23.125655 -24.110295 -20.704895 -23.531103 -23.212270 -16.621691 -12.029834 -14.134387 -13.823260 -8.785010 -5.375826 -1.864864 1.651872 0.232505 -0.317232 0.377824 -2.733954 
-20.512481 -8.754890 -9.414761 -22.986976 -32.719559 -30.028048 -30.575336 -32.112640 -24.538084 -27.364903 -27.225212 -27.189823 -29.322189 -26.379245 -22.870139 -21.494915 -25.027632 -25.217174 -23.205865 -22.874483 -14.977628 -19.733443 -22.928211 -22.968445 -25.037632 -20.364027 -20.782265 -20.992572 -16.880107 -15.454921 -14.460828 -16.037555 -12.380339 -6.807548 -3.588230 -0.880269 -0.368272 0.270849 -3.370020 -5.397966 
-21.426738 -12.475711 -12.843170 -25.521730 -33.510434 -28.886289 -26.225237 -25.599975 -25.039431 -27.382425 -21.288870 -22.008317 -25.882937 -29.943316 -25.520063 -20.421382 -23.201013 -26.980511 -25.099437 -28.391773 -20.763366 -20.640967 -23.448377 -24.284890 -22.047705 -20.388243 -18.122660 -18.847045 -17.215420 -11.737426 -16.694081 -14.257071 -8.292582 -6.485601 -3.421411 -0.059798 1.608324 -0.127663 -4.796036 -7.939536 
-21.136615 -18.593844 -16.095239 -24.330000 -28.857003 -23.802102 -19.303446 -23.178603 -21.410755 -21.543931 -23.725660 -25.540265 -23.771396 -21.994254 -23.769634 -15.970148 -18.605033 -16.761645 -18.375359 -25.592285 -16.360611 -16.210869 -17.348118 -19.903000 -22.608850 -16.831844 -14.192814 -17.058777 -17.281779 -12.754896 -13.776312 -13.927656 -8.179617 -6.551382 -1.352895 2.219918 0.549424 1.419399 -0.251379 -5.251763 
-21.375874 -18.405857 -18.808137 -29.589856 -23.212806 -21.054430 -17.435887 -15.270307 -18.682626 -22.302481 -27.946517 -27.798721 -26.637033 -25.431014 -20.263001 -21.421077 -18.217881 -21.618411 -24.293109 -24.822301 -12.552734 -14.856807 -19.159379 -23.426307 -21.001489 -10.303523 -9.208663 -13.206938 -14.149119 -7.886162 -13.588038 -13.655664 -8.079442 -5.537152 -0.433593 1.367021 2.995380 1.267396 0.485467 -4.981381 
-18.628528 -20.643806 -22.997814 -24.723957 -23.367961 -14.901345 -15.598930 -14.353616 -15.246245 -22.227832 -20.207729 -22.330208 -22.694611 -20.549441 -21.162002 -18.704329 -18.364082 -20.192097 -21.125294 -21.703041 -13.619231 -17.501524 -18.777367 -18.626822 -16.943263 -8.318565 -12.385281 -16.992703 -12.894723 -7.509341 -12.132899 -11.182082 -6.787409 -5.749886 -1.024083 0.911274 0.551019 -0.343426 -3.330112 -6.570284 
-19.243839 -10.573458 -5.546043 -11.885323 -18.278328 -21.265734 -17.279028 -14.614705 -9.075426 -15.221920 -15.821810 -14.079764 -15.721214 -20.283630 -22.034637 -15.806310 -12.012482 -16.443995 -16.678326 -16.592136 -8.286800 -10.361233 -17.448507 -18.102482 -14.871720 -6.753445 -14.672586 -16.315188 -14.995290 -7.301638 -10.402728 -9.614164 -11.883893 -3.469000 0.491657 3.674816 0.682667 -3.914392 -7.437089 -8.912248 
-1.388601 7.103690 7.781294 7.113025 8.702736 1.705012 4.385134 0.507100 -2.860110 -10.076334 -14.260116 -16.138329 -16.193886 -15.388634 -24.138879 -24.098784 -20.156207 -24.205597 -19.782698 -14.111364 -5.938813 -12.177357 -22.545259 -26.234795 -20.383201 -13.278137 -15.950702 -16.141537 -13.924823 -5.128929 -15.704526 -13.028837 -10.860568 -9.941333 -9.384458 -5.684489 -5.906083 -12.074177 -13.871746 -15.148350 
-0.167461 12.595995 11.641084 13.797333 16.068137 13.789890 16.318253 13.546931 7.546542 -0.437224 -7.105828 -11.043785 -12.390104 -14.848943 -15.157279 -14.055519 -14.815198 -13.516723 -11.614287 -7.018356 -0.948559 -7.976500 -14.903438 -15.100955 -10.706995 -5.500457 -10.149348 -17.898952 -16.852599 -14.123309 -25.276347 -20.964018 -17.679052 -18.624531 -17.936130 -16.737354 -20.940989 -25.805411 -27.845027 -28.398300 
-0.366141 13.286100 11.132865 15.468807 15.760083 14.899463 15.071783 18.034364 12.290521 2.490657 -0.982828 -8.422578 -12.759069 -12.327962 -13.731585 -13.383792 -14.420101 -11.956451 -8.806680 -4.735376 0.545451 -8.544669 -14.270826 -15.511383 -9.279510 -0.756387 -7.170509 -13.367414 -13.881633 -14.194632 -29.706599 -23.785325 -16.585441 -22.459984 -25.563721 -17.436480 -17.556464 -21.370339 -22.761731 -29.759187 
0.183910 13.607934 10.912141 15.759862 14.448215 14.360497 14.890700 21.754533 12.715586 2.354433 -1.639892 -7.086988 -11.446937 -11.521000 -12.817647 -13.331073 -13.743205 -12.324470 -10.321492 -4.828911 1.964114 -5.619369 -13.160997 -15.563290 -11.174359 -3.965552 -11.878633 -15.324932 -13.306532 -14.049860 -28.932508 -26.509218 -17.820356 -24.207399 -24.459631 -15.172967 -18.744817 -25.509068 -24.669941 -32.428554 
2.244989 13.296100 10.653888 15.322868 13.129987 14.732704 16.734411 19.323473 10.888724 4.103745 -2.030415 -7.839144 -10.973688 -12.264985 -12.488196 -11.980500 -12.830134 -10.946821 -8.545774 -4.128925 0.873893 -6.517957 -13.474659 -14.555101 -7.878229 -1.065015 -9.345554 -13.417200 -14.259235 -16.386258 -26.440483 -27.155965 -20.391335 -25.787901 -25.111469 -17.986004 -22.203798 -25.417357 -24.840308 -31.481672 
1.671774 13.216591 10.033726 14.930992 12.981401 13.689205 15.344277 17.071023 13.553456 5.322719 -1.215453 -6.603476 -10.997902 -11.608525 -13.606609 -11.779186 -11.267587 -9.560807 -4.972778 0.859992 0.773249 -10.048469 -14.507066 -14.888977 -7.712194 -3.295347 -12.435542 -16.334150 -15.871290 -18.777442 -30.446933 -29.908819 -26.344535 -31.720328 -28.787549 -21.208396 -25.733590 -28.365286 -29.373633 -38.707814 
2.077205 11.931368 10.989440 13.745024 12.157189 12.728171 15.361666 13.798362 9.497910 2.648637 -3.081012 -9.879764 -11.740098 -13.095899 -15.210395 -12.440400 -13.788298 -11.359148 -4.487531 0.611068 -3.834892 -11.710939 -15.257077 -14.993528 -7.910030 -4.943218 -13.210970 -17.759430 -20.734125 -23.066996 -33.970889 -35.529968 -33.185605 -38.951802 -35.615557 -26.555178 -32.715776 -40.456693 -38.742899 -43.084089 
-0.741589 9.943507 11.242963 15.023745 11.352556 4.280023 -3.677656 -2.104747 -3.899915 -13.068806 -21.258323 -23.005965 -27.907765 -29.828895 -29.579928 -30.645601 -31.120847 -23.226627 -18.256629 -13.823499 -23.025521 -28.477323 -28.165236 -28.304457 -25.226532 -25.642699 -35.147147 -36.523267 -38.367699 -37.972694 -40.375715 -41.979551 -41.041022 -42.006888 -42.690416 -41.796134 -41.630095 -42.526343 -43.240531 -43.493524 
0.384029 6.125921 9.022588 13.864766 9.933541 1.458535 -2.776717 -6.538643 -5.156897 -16.637815 -19.376111 -19.379863 -25.611107 -19.946406 -18.069030 -15.628218 -15.656019 -17.644469 -17.408472 -20.386181 -25.992923 -27.523217 -25.152510 -18.126028 -15.875067 -17.246520 -15.999408 -21.705679 -29.786452 -32.833143 -32.712363 -31.574727 -38.371989 -37.472059 -34.537861 -34.824305 -34.603788 -39.444584 -37.376634 -40.523335 
-2.252222 4.186674 0.247214 4.622268 10.230982 5.145500 1.329216 0.486191 -7.413152 -10.725129 -11.728954 -17.700645 -17.222023 -14.047226 -17.527672 -14.163482 -15.197370 -15.121822 -7.506917 -7.310044 -13.446958 -19.918047 -20.108303 -13.527241 -9.528821 -12.000337 -10.534444 -12.763255 -17.931451 -17.146547 -22.685663 -23.989869 -25.640483 -29.424869 -28.999607 -28.305227 -25.206743 -26.402830 -27.859582 -30.863703 
1.207659 10.034917 8.605399 13.213501 10.772069 10.839612 10.863038 13.299995 8.015554 -1.183309 -6.966611 -11.477347 -14.236940 -20.003170 -22.783177 -15.090187 -15.007174 -12.700650 -5.679217 0.626965 -5.410325 -14.758600 -13.004566 -9.016220 -3.735181 -4.563411 -7.366927 -9.959599 -20.812065 -16.184494 -18.969998 -22.425575 -22.126553 -26.526834 -28.280996 -22.932842 -28.668930 -27.519658 -28.910724 -32.614681 
1.489751 11.561087 10.988445 15.004834 12.332670 12.749525 13.623542 16.523090 12.688240 5.667087 -0.672396 -6.097378 -9.639494 -11.073800 -12.033669 -10.977643 -10.490144 -5.841110 -0.399410 2.324922 -2.239934 -7.371163 -7.034634 -7.610232 -12.344633 -14.975488 -14.951361 -15.397482 -21.527690 -26.631159 -35.592666 -34.889512 -29.007769 -40.261457 -40.860696 -30.469845 -35.455702 -37.015848 -35.531473 -46.332351 
0.503445 11.342615 10.235177 14.269674 11.679518 12.258829 12.611699 13.223207 13.808095 7.825131 0.216672 -7.031568 -8.557648 -7.891522 -9.319074 -9.154926 -7.524942 -2.076357 3.221130 0.039083 -3.121512 -4.890202 -10.718408 -18.889335 -23.185856 -25.031887 -24.789480 -22.709135 -28.704996 -33.597614 -41.276104 -41.098967 -36.040347 -42.358654 -42.069400 -36.757371 -39.707730 -37.299111 -36.576238 -44.486806 
0.478935 10.975244 10.379335 13.696816 11.231280 11.796330 11.780606 12.932148 15.143204 8.059114 0.446255 -6.775814 -9.012944 -7.570115 -8.129112 -7.517991 -4.343184 1.868192 5.224539 1.733140 -0.656840 -4.861715 -15.301890 -22.029532 -24.042761 -24.856185 -24.586888 -21.003733 -26.829797 -35.813652 -45.225737 -41.867567 -31.582087 -43.495082 -47.658993 -34.809106 -35.946833 -37.768286 -40.890258 -51.113662 
-0.131143 9.696314 8.988354 12.665392 9.459857 10.063202 8.685439 9.825199 14.389976 7.503496 -0.704199 -6.767514 -7.016175 -7.508209 -8.848276 -6.985708 -4.231040 1.706519 3.946776 0.155382 -0.391215 -9.151276 -19.369630 -26.462871 -29.495372 -32.238737 -29.434360 -23.233915 -28.545107 -40.628015 -49.217670 -43.352278 -32.990670 -45.556609 -50.476210 -33.442891 -32.768313 -40.242873 -44.676925 -53.250106 
-0.570522 8.518440 8.543070 12.382391 10.069105 10.010547 9.451465 11.836691 15.018769 9.380648 1.029448 -6.217038 -7.111232 -6.902814 -7.434076 -5.021468 -1.223421 4.746667 4.493927 1.912958 0.524769 -10.935484 -20.980842 -26.449209 -29.124273 -31.101644 -29.874118 -22.866417 -25.906136 -38.216019 -43.283032 -40.218010 -32.135812 -42.326251 -46.346879 -35.827243 -34.777524 -38.664139 -40.827580 -47.872934 
-0.474518 7.879248 8.133771 11.453473 9.509862 8.640616 7.837179 11.881849 12.823494 8.747401 0.605830 -5.435603 -5.455975 -6.410737 -7.992890 -4.526141 -1.638145 5.738829 4.457840 3.186309 -0.399770 -15.366794 -24.771426 -30.693613 -31.492289 -32.598712 -30.806751 -24.624609 -28.406248 -40.412621 -44.542230 -42.294345 -32.572468 -43.354507 -46.540267 -35.964563 -35.928087 -37.222890 -40.618894 -49.327823 
-0.488295 7.513197 8.093036 10.695667 9.315420 7.519026 5.427837 10.582817 9.643425 7.904301 -1.348587 -4.751804 -5.103073 -7.429574 -8.140964 -5.074823 -0.856111 5.848851 4.091668 2.213162 -2.304087 -15.630471 -25.276823 -30.293482 -32.313715 -33.221671 -32.639739 -27.148576 -30.318581 -42.690992 -50.766569 -43.561527 -34.632634 -48.816656 -51.599856 -38.664487 -37.546101 -44.178393 -46.104610 -56.435349 
-2.433056 5.797520 4.850544 6.542125 2.652489 0.818846 -5.584464 2.925301 3.097371 -1.436714 -10.924537 -12.230636 -15.744276 -20.435738 -19.207060 -19.778814 -11.990065 -3.014945 -6.650266 -8.896305 -11.085183 -25.633024 -36.318198 -38.102395 -40.125677 -40.570274 -44.093144 -38.244490 -39.785598 -46.217308 -47.686933 -47.202949 -41.551664 -48.227588 -50.061598 -40.332327 -37.282952 -46.053438 -46.573683 -52.261732 
-3.215679 5.546899 5.112463 7.330807 4.079977 1.947839 0.264461 4.370113 6.372272 2.725754 -2.199441 -6.696035 -9.972660 -11.725247 -12.629899 -9.493642 -5.378851 0.988944 3.212306 0.240377 -6.928307 -19.964773 -28.809613 -36.053247 -38.202964 -39.296846 -38.749576 -34.473882 -36.820669 -45.252801 -50.083430 -50.233771 -45.993010 -50.146744 -51.540793 -46.210826 -43.666403 -43.737663 -45.338015 -51.738492 
-3.668541 4.391183 1.315714 3.443135 -5.835294 -4.464154 -7.204445 -2.506045 3.312380 -3.975430 -11.973268 -17.516652 -20.007521 -23.560395 -22.969992 -19.597513 -15.515631 -5.517118 -2.748089 -6.752129 -11.734330 -28.609237 -35.935860 -38.503592 -41.229684 -40.930971 -41.599322 -39.974479 -42.678349 -45.979357 -46.807105 -47.414861 -44.891130 -47.580831 -48.410553 -46.642939 -45.522195 -46.197340 -43.700967 -49.524101 
-3.201875 6.169643 5.580568 7.218963 4.223838 -0.436159 -2.758516 0.666971 1.732207 -0.596175 -3.448180 -9.146158 -14.077112 -14.929082 -15.629781 -12.593611 -8.575422 -2.412454 -0.367041 -2.880733 -7.426583 -22.082722 -32.466620 -39.803291 -38.976045 -40.659831 -41.587632 -35.788131 -38.255574 -50.780463 -53.939877 -50.681735 -40.534906 -49.735964 -58.188117 -50.257288 -46.093521 -45.895276 -49.061648 -57.006247 
-3.995177 5.210340 1.768499 4.620040 0.201254 -5.945161 -10.267473 -8.382552 -1.661572 -6.309383 -11.654709 -17.626808 -20.339384 -20.362701 -25.593229 -22.024130 -17.528953 -9.001937 -5.330841 -7.517912 -11.020549 -26.518870 -38.021555 -44.654338 -46.583972 -49.760490 -48.435008 -39.980196 -41.576795 -50.902423 -56.116421 -55.615638 -43.440223 -54.162869 -59.790770 -51.695965 -47.199831 -50.831470 -50.676144 -59.021714 
-6.711746 5.694560 6.239706 4.890318 1.142712 -4.331397 -7.370838 -4.390118 -4.035634 -7.304737 -7.509822 -10.038661 -13.419225 -17.450842 -21.410618 -17.793841 -11.719960 -8.312697 -5.491318 -5.630793 -14.203603 -25.530341 -31.998895 -34.910042 -40.731860 -41.606925 -41.266499 -39.500604 -37.700094 -46.209899 -51.934853 -53.057166 -44.321961 -50.538680 -54.408372 -47.645080 -48.267018 -49.225861 -48.649436 -55.805837 
-6.827929 4.748906 1.581750 -4.479674 -8.475664 -12.581562 -19.044519 -15.422392 -13.687272 -16.251459 -17.596221 -19.545355 -20.408950 -26.691867 -27.388277 -29.675141 -23.718923 -17.055393 -13.277670 -13.512904 -16.989418 -27.562039 -34.599512 -36.408983 -35.618278 -38.693921 -37.766566 -35.666563 -35.939974 -41.397099 -46.887967 -49.761829 -43.172178 -46.370372 -50.052881 -50.251077 -48.499626 -49.425771 -48.117911 -51.097155 
-8.164954 3.076554 1.620655 -4.995380 -9.224135 -15.635414 -26.658209 -24.802722 -16.136686 -22.934498 -26.614567 -24.489537 -19.711582 -21.285418 -24.807119 -30.851782 -18.415721 -18.015144 -17.586611 -20.908293 -16.426328 -21.623774 -31.499852 -36.586663 -34.289062 -40.537112 -39.569828 -34.309912 -36.731833 -45.618170 -48.197592 -46.940236 -44.519208 -49.109330 -53.249012 -56.728875 -53.830835 -53.580382 -50.970536 -57.922004 
-9.350269 -2.006136 -5.513477 -17.790549 -14.238952 -15.755703 -27.506081 -27.078773 -17.274920 -17.590631 -21.263768 -21.034809 -18.495319 -27.598763 -32.349990 -33.267820 -29.660224 -25.818662 -26.358268 -25.228790 -22.711979 -24.367882 -32.283268 -41.995450 -38.813544 -41.925345 -42.795446 -39.356193 -44.291577 -49.877768 -53.182836 -55.455098 -51.110058 -55.745098 -57.822122 -59.592531 -58.301698 -57.589400 -59.482977 -65.016548 
-13.394289 -7.781240 -7.964346 -19.510772 -17.432279 -19.025112 -28.397354 -30.464212 -20.226747 -25.974961 -24.496790 -26.730974 -27.460264 -28.206270 -34.884086 -38.098514 -33.075504 -29.074242 -27.222211 -30.592394 -29.055006 -30.605552 -37.527604 -42.659229 -42.708306 -46.826403 -46.060662 -42.847007 -41.253761 -47.293931 -55.750715 -60.415860 -57.663586 -60.500645 -65.909776 -65.921918 -65.437134 -63.921614 -65.816503 -67.750675 
-16.290602 -12.752508 -14.049087 -23.781998 -28.464365 -26.306104 -29.270084 -30.868357 -23.794243 -24.846328 -28.484745 -33.316942 -29.558069 -33.244027 -38.075345 -41.194052 -35.782937 -33.897100 -31.322533 -32.497004 -39.213196 -37.545623 -42.456053 -45.905324 -49.501507 -50.417358 -49.988971 -51.706053 -49.998743 -53.861626 -60.990179 -63.313006 -61.242930 -63.787071 -65.366858 -67.834153 -65.969561 -66.930956 -68.788112 -69.409297 
-35.740060 -35.805822 -36.839486 -39.676711 -43.950678 -49.480124 -48.967899 -50.387792 -56.244375 -54.704348 -57.732278 -49.981168 -45.564299 -49.007534 -55.820544 -57.083806 -51.447191 -49.566367 -47.260926 -49.162492 -61.707887 -57.533057 -56.312720 -65.001145 -64.894701 -65.088019 -66.018324 -65.689176 -65.351417 -65.983274 -68.824975 -70.148656 -69.670599 -69.602749 -70.358579 -70.646590 -71.197875 -71.132931 -71.765582 -72.022019 
-68.781948 -67.024208 -68.676005 -70.977667 -70.073431 -69.328177 -73.392829 -73.758097 -71.616982 -74.673876 -72.829868 -71.960357 -73.750766 -73.230309 -76.189074 -78.837139 -82.726912 -82.931480 -82.599413 -83.814356 -86.266196 -85.019226 -80.016176 -79.236158 -82.533036 -88.608709 -87.091222 -88.144253 -86.226060 -81.741141 -84.279675 -85.565969 -84.933398 -84.215512 -84.404964 -86.830491 -88.272350 -88.428918 -92.282380 -97.273978 
-68.620860 -68.002945 -69.324679 -72.278937 -68.404361 -70.323300 -73.992690 -69.136814 -75.319517 -71.482955 -75.243315 -74.309809 -77.370640 -77.568127 -79.594701 -79.448648 -78.851707 -78.824650 -79.296266 -79.744209 -80.821530 -83.116623 -85.546843 -84.371884 -81.619784 -79.737326 -79.428399 -80.784051 -83.659901 -87.035681 -87.113156 -86.757057 -87.783300 -88.646690 -88.301463 -89.552773 -92.031685 -92.571231 -93.803567 -93.061889 
-73.397961 -73.192799 -71.474636 -80.143202 -70.888158 -77.185415 -73.226379 -73.806540 -72.980731 -75.806178 -75.327586 -75.867075 -76.883411 -76.396131 -76.940999 -78.288121 -79.566291 -80.379927 -80.470971 -81.328624 -82.159097 -83.128367 -84.127699 -85.576170 -87.082145 -87.477282 -86.724967 -86.838045 -86.599954 -87.354737 -89.052325 -92.932995 -95.350149 -91.489347 -89.558552 -90.642741 -93.397071 -91.457443 -89.728145 -93.413743 
-80.368629 -80.397785 -80.446180 -80.527465 -80.636980 -80.789136 -80.972941 -81.205274 -81.507505 -81.857188 -82.265702 -82.744098 -83.262476 -83.820855 -84.388019 -84.911381 -85.367143 -85.719516 -85.991526 -86.252153 -86.618674 -87.244869 -88.300325 -90.063231 -92.961999 -97.499154 -100.334592 -96.643027 -93.590253 -92.635693 -93.691622 -96.966017 -99.761812 -96.998166 -95.170136 -96.892876 -99.980261 -96.282780 -94.444199 -99.727487 
NaN NaN NaN NaN NaN NaN NaN NaN NaN NaN NaN NaN NaN NaN NaN NaN NaN NaN NaN NaN NaN NaN NaN NaN NaN NaN NaN NaN NaN NaN NaN NaN NaN NaN NaN NaN NaN NaN NaN NaN 
NaN NaN NaN NaN NaN NaN NaN NaN NaN NaN NaN NaN NaN NaN NaN NaN NaN NaN NaN NaN NaN NaN NaN NaN NaN NaN NaN NaN NaN NaN NaN NaN NaN NaN NaN NaN NaN NaN NaN NaN 
NaN NaN NaN NaN NaN NaN NaN NaN NaN NaN NaN NaN NaN NaN NaN NaN NaN NaN NaN NaN NaN NaN NaN NaN NaN NaN NaN NaN NaN NaN NaN NaN NaN NaN NaN NaN NaN NaN NaN NaN 
