NaN NaN NaN NaN NaN NaN NaN NaN NaN NaN NaN NaN NaN NaN NaN NaN NaN NaN NaN NaN NaN NaN NaN NaN NaN NaN NaN NaN NaN NaN NaN NaN NaN NaN NaN NaN NaN NaN NaN NaN 
NaN NaN NaN NaN NaN NaN NaN NaN NaN NaN NaN NaN NaN NaN NaN NaN NaN NaN NaN NaN NaN NaN NaN NaN NaN NaN NaN NaN NaN NaN NaN NaN NaN NaN NaN NaN NaN NaN NaN NaN 
NaN NaN NaN NaN NaN NaN NaN NaN NaN NaN NaN NaN NaN NaN NaN NaN NaN NaN NaN NaN NaN NaN NaN NaN NaN NaN NaN NaN NaN NaN NaN NaN NaN NaN NaN NaN NaN NaN NaN NaN 
-159.024573 -159.025993 -159.028347 -159.032297 -159.037606 -159.044965 -159.053830 -159.065006 -159.079523 -159.096341 -159.116109 -159.139595 -159.165750 -159.195433 -159.228220 -159.262803 -159.299281 -159.335081 -159.368045 -159.394422 -159.409456 -159.406433 -159.377506 -159.312396 -159.200016 -159.029296 -158.790517 -158.478488 -158.089354 -157.627119 -157.100205 -156.526492 -155.924617 -155.311442 -154.708498 -154.139698 -153.624544 -153.183485 -152.838672 -152.613746 
-48.787633 -52.724858 -60.810097 -64.047822 -61.878876 -65.876984 -71.700912 -76.474813 -76.873149 -75.833500 -71.262188 -72.457034 -82.742289 -78.269247 -79.078501 -77.504655 -82.080830 -85.375244 -80.857717 -80.723285 -78.032894 -81.671362 -86.542610 -84.987514 -84.193866 -80.817212 -85.393425 -85.149204 -78.739982 -82.655709 -83.445687 -83.914616 -83.372965 -80.778606 -86.097768 -87.443029 -81.736447 -81.744806 -84.369627 -87.969394 
-44.470213 -46.524165 -46.688324 -52.298532 -57.617850 -57.210717 -66.167091 -71.943583 -66.492731 -72.686024 -65.728382 -64.331893 -71.474969 -73.960954 -69.000306 -69.236520 -74.909696 -79.116222 -75.449110 -76.086599 -72.305091 -72.727892 -73.447399 -78.260785 -77.624220 -75.956445 -75.743155 -74.571019 -74.171583 -74.728303 -79.156082 -79.642918 -80.634939 -77.079087 -77.149725 -78.888605 -79.001938 -77.732379 -80.297650 -81.633791 
-41.140853 -42.507699 -46.741552 -41.676520 -48.674299 -47.472266 -53.479208 -51.545550 -54.584130 -55.098877 -57.869357 -59.295726 -61.388552 -63.960904 -65.763698 -64.817222 -66.210196 -66.841465 -68.450635 -68.923454 -68.048850 -68.622554 -66.893354 -71.068529 -70.933686 -72.479204 -71.771657 -71.941759 -72.903062 -74.388547 -74.662995 -74.898040 -74.844469 -75.583123 -75.917029 -75.087508 -75.011507 -73.908634 -74.551066 -76.566374 
-22.661234 -25.983744 -15.329731 -9.293833 -10.670415 -17.550088 -26.192430 -27.872212 -35.242179 -41.205564 -45.216512 -43.845412 -46.112221 -52.843835 -49.010010 -50.306667 -49.411698 -52.979948 -53.207301 -55.591982 -57.955429 -58.636889 -57.796939 -58.632634 -58.627081 -58.915852 -57.395648 -60.250024 -62.405819 -62.404193 -63.759091 -63.232892 -64.847312 -64.391986 -65.218836 -64.708619 -64.117992 -64.657252 -65.438071 -65.883091 
-14.999864 -15.527373 -2.779152 5.200332 0.517292 -8.111739 -12.610478 -15.143776 -23.710915 -30.250945 -34.044657 -35.524343 -41.827188 -38.976436 -41.369111 -46.123933 -39.825397 -46.517455 -44.092124 -47.239726 -53.564353 -56.972035 -51.906817 -53.038994 -54.691501 -52.496608 -52.243716 -55.707110 -58.971895 -62.020110 -60.609149 -60.364196 -61.630384 -62.300619 -61.693615 -61.576904 -61.648694 -62.101087 -61.989275 -61.969258 
-18.027751 -13.082716 1.898704 9.181185 2.477701 -9.251396 -14.204767 -17.679493 -21.908389 -27.193926 -38.358360 -33.997325 -41.909192 -46.688115 -41.936603 -42.839556 -41.182512 -44.839987 -42.229559 -46.948984 -51.082588 -52.986318 -53.396523 -53.880484 -58.173767 -54.469945 -52.366519 -56.154946 -58.684052 -61.028971 -58.130114 -60.486363 -60.409657 -59.517980 -59.807768 -58.158703 -57.045977 -58.474999 -61.394611 -63.085336 
-18.082997 -15.564430 -4.957444 2.067404 -0.815915 -15.444869 -26.081229 -33.594199 -32.941623 -31.656888 -40.206583 -39.585049 -41.453687 -48.174413 -47.135687 -49.003258 -48.460047 -49.808378 -47.567515 -49.978786 -51.128697 -52.416818 -53.401483 -52.369168 -55.768783 -52.572229 -51.907605 -57.172132 -56.822702 -57.771779 -57.363577 -58.567429 -59.227809 -56.926106 -59.438691 -59.961057 -59.827511 -60.492632 -61.234985 -62.921825 
-38.210168 -29.885084 -27.317246 -21.791751 -20.603390 -26.822633 -35.901304 -39.292836 -46.150895 -42.779642 -50.646232 -47.060215 -49.319491 -54.773183 -54.405434 -57.379144 -58.501277 -58.139344 -57.485266 -61.735480 -60.460029 -60.572687 -61.003812 -63.909894 -64.055457 -65.311066 -63.810154 -64.478834 -64.674686 -66.103860 -66.359208 -65.802542 -68.300811 -66.511811 -66.584172 -65.663395 -67.092702 -69.876324 -68.609411 -70.220343 
-35.526905 -39.568606 -40.685512 -35.545976 -37.465042 -49.684869 -55.317087 -59.643852 -61.907240 -63.780554 -62.920924 -62.775358 -61.596426 -62.050743 -70.639719 -72.082450 -65.989471 -67.462375 -70.202892 -69.423489 -66.983409 -68.011810 -71.159917 -73.452617 -74.145104 -75.769174 -72.994126 -72.870933 -72.754577 -73.036022 -76.795799 -75.015362 -75.309534 -73.462637 -71.856452 -70.904147 -72.297965 -76.605504 -76.499306 -77.097962 
-26.681775 -41.034350 -47.234166 -44.480656 -49.193274 -51.224492 -52.747852 -56.311356 -61.316824 -63.291890 -61.244135 -66.745079 -62.065765 -66.559224 -65.800937 -65.860561 -66.152866 -69.230940 -71.211307 -69.981145 -66.481366 -68.184452 -68.679656 -69.831324 -70.907774 -70.124417 -75.334553 -72.531034 -70.642957 -72.635852 -70.391317 -71.541051 -73.364423 -76.245279 -78.230928 -78.198374 -75.397804 -72.878038 -74.982632 -77.557159 
-2.300951 -3.543799 -6.881423 -7.223943 -4.179085 -2.521660 -2.668418 -4.752912 -9.401059 -15.555204 -16.243282 -14.008281 -12.634154 -17.471115 -18.139767 -15.557340 -18.833249 -20.835987 -15.623529 -11.732737 -15.967075 -13.075575 -17.933731 -20.918124 -20.760189 -23.455804 -22.686322 -31.210638 -35.564789 -32.375759 -27.633834 -33.541417 -35.567645 -32.791878 -33.946026 -36.987398 -37.405039 -39.912638 -36.841788 -36.483583 
3.252045 -0.360082 -2.183610 6.382835 8.385002 6.039976 1.611160 -0.518820 -3.418291 -11.926150 -16.321261 -14.241137 -10.066202 -10.281655 -10.651836 -12.521394 -20.143733 -19.647847 -11.666282 -8.079653 -7.180967 -6.607547 -11.969034 -16.800817 -14.796248 -14.449539 -12.793122 -18.292506 -20.497895 -24.120477 -19.126431 -23.971010 -26.837171 -27.856764 -20.037376 -25.117782 -24.460626 -27.754572 -28.140256 -30.781229 
-2.095864 -5.591571 -0.360466 18.337116 22.691995 14.781906 13.166158 21.291483 18.839433 -2.013120 -6.215863 -8.376724 -16.734778 -10.689621 -14.758425 -12.172638 -17.077795 -15.690389 -19.245911 -13.923525 -12.570760 -7.879918 -4.512915 -7.484490 -10.028250 -9.404845 -10.985010 -19.544609 -23.475827 -28.282367 -19.659495 -21.721381 -25.452580 -27.338678 -23.885133 -30.391417 -31.820532 -33.298741 -33.479276 -31.835172 
-19.270672 -11.857083 -9.581682 17.791095 24.025089 10.453524 2.794550 23.321794 25.980107 3.570942 -3.264461 -1.115366 -21.798590 -9.925045 -17.455686 -10.919205 -14.031069 -14.499532 -15.111275 -13.629736 -15.086057 -11.470803 -5.511126 -1.628276 -0.204287 -3.814998 -1.385825 -11.451647 -19.929565 -24.574982 -21.987729 -16.280228 -21.430815 -25.779800 -23.078451 -30.019453 -39.757571 -41.573503 -36.610122 -31.575077 
-5.799758 -9.422095 -11.483188 14.865758 23.602582 12.276234 -6.847422 18.913618 27.179794 7.346467 -6.508827 0.939844 -14.196862 -8.677412 -12.239788 -14.275253 -10.172079 -16.757925 -12.532176 -14.904784 -16.330802 -10.772515 -9.340596 -4.387521 0.264480 -3.691077 -1.034438 -4.951050 -11.693280 -15.826890 -19.431941 -16.516580 -18.033204 -19.613603 -20.878100 -26.283867 -33.476161 -33.250068 -29.643598 -27.085253 
-28.355847 -27.427010 -19.130883 13.248686 22.958299 12.266743 -10.881011 16.325636 26.978029 9.763354 -12.447658 1.226406 -12.897258 -13.278246 -8.964208 -19.099137 -9.931014 -19.193016 -12.209198 -17.191739 -15.345279 -11.008764 -10.253488 -6.516591 0.384852 -5.155410 -2.911334 -3.767021 -7.687851 -12.861254 -16.046997 -14.777357 -17.245511 -19.378604 -20.899631 -27.108446 -42.326664 -43.085030 -30.875473 -28.213904 
-17.312065 -22.230042 -20.012365 9.559487 22.377226 15.325887 -8.836980 12.215575 26.069107 12.952596 -16.266893 0.558468 -3.887691 -18.281021 -7.357454 -17.680784 -12.330506 -19.831025 -12.797359 -19.049221 -13.442581 -14.066877 -10.543140 -3.909275 1.747487 -0.194578 -3.890285 -1.564511 -5.598770 -11.001270 -11.693450 -11.642332 -14.311475 -18.836984 -23.037714 -26.487746 -35.595767 -35.877257 -30.777170 -27.987198 
-11.763672 -12.708636 -13.137063 5.961461 21.517749 17.201634 -4.467726 4.874013 23.404656 15.032040 -15.153168 -0.419570 0.214066 -18.290449 -6.722699 -13.852892 -19.300994 -19.048051 -16.845916 -18.201078 -15.888960 -16.724232 -10.050702 -4.205389 -0.227930 3.986047 -3.904512 -1.321743 -5.704951 -10.237219 -11.326425 -10.030748 -11.176603 -18.990181 -23.837369 -31.194075 -41.328551 -39.934671 -27.203582 -27.398459 
-24.271901 -22.898715 -20.962082 1.907159 20.843782 18.821722 -3.653015 -6.743077 18.607606 15.344229 -12.847035 -2.502281 2.159385 -18.916628 -8.831665 -10.924512 -24.924652 -17.578986 -24.064094 -16.648472 -18.981122 -16.179686 -10.070247 -7.206095 -1.947512 5.912894 -0.734096 -2.003210 -4.471449 -9.773870 -11.150249 -11.264002 -11.217338 -16.784997 -24.552316 -30.759486 -40.603597 -39.081789 -26.877641 -24.060419 
-20.427111 -27.770141 -31.970969 0.566366 20.956895 20.439057 -0.719258 -10.489475 12.529197 14.090705 -11.278621 -6.347303 2.597885 -14.531047 -10.807085 -8.481555 -24.631167 -17.100837 -26.145622 -17.894195 -22.766428 -15.838143 -12.747450 -10.524236 -2.402439 3.477970 -0.220310 -3.142921 -4.894323 -10.485741 -12.303991 -11.179203 -11.510132 -17.338576 -25.032407 -33.221629 -41.371875 -37.417979 -24.954587 -22.762549 
-18.800198 -31.936930 -37.627311 0.223211 20.883795 21.772677 1.472695 -14.640553 8.231392 12.811016 -10.438624 -14.595473 0.265726 -13.591826 -18.167585 -9.407773 -29.734800 -19.606777 -29.570085 -20.759733 -27.777521 -17.063324 -17.376256 -12.559937 -3.952714 0.499561 1.633300 -4.137017 -7.168876 -10.758175 -13.088985 -13.189872 -12.512336 -17.081600 -26.279182 -33.453522 -43.691396 -36.988171 -23.538071 -23.060677 
-22.522170 -22.184348 -20.668115 -1.728924 20.234687 22.798662 4.500425 -14.576900 3.865194 10.702182 -8.591735 -19.755318 -3.208932 -11.325854 -19.410938 -8.924025 -23.924165 -19.561906 -23.182311 -21.360145 -24.126302 -18.077897 -19.699562 -11.610298 -6.771040 -2.423851 1.933428 -2.825162 -5.347204 -10.639020 -13.832339 -13.646783 -12.304937 -18.338533 -27.013485 -33.772881 -37.810077 -36.372483 -25.526644 -23.567277 
-16.360364 -12.652828 -13.445841 -3.895502 20.018341 23.649163 6.314013 -15.947498 -1.536414 7.590923 -9.231572 -19.063104 -3.505209 -9.738359 -22.287005 -9.975917 -22.601026 -20.850677 -22.340775 -24.654670 -24.250142 -20.365074 -22.709812 -11.992837 -9.181333 -4.346086 3.776471 -1.848271 -5.591111 -11.164408 -15.127452 -14.654363 -13.548737 -18.459368 -29.489967 -35.310694 -41.664587 -36.674171 -25.397252 -22.867406 
-12.411527 -10.349188 -12.212120 -5.501763 19.605254 24.601883 8.951548 -15.451552 -9.792221 3.803730 -8.653085 -22.319316 -5.165646 -8.609986 -27.878121 -11.558915 -20.419893 -23.836774 -22.872043 -30.013444 -25.782016 -24.856733 -23.641082 -13.895315 -11.647230 -6.450326 2.729578 -3.542063 -6.437674 -12.631876 -16.378950 -14.756085 -13.618056 -20.032719 -29.293031 -36.049035 -41.044301 -36.085673 -26.335640 -23.456563 
-13.316099 -9.906501 -11.847453 -6.548845 19.234583 25.375979 11.078773 -12.140082 -11.253329 0.551644 -10.765754 -23.893877 -6.460021 -6.944818 -28.859104 -13.192340 -19.571593 -26.453222 -22.363568 -31.290038 -24.876783 -27.787141 -23.254308 -14.661929 -13.228911 -6.241751 1.650875 -3.670248 -6.860440 -12.882451 -16.791681 -16.241131 -14.805181 -20.384111 -29.115622 -36.421895 -44.793082 -37.517990 -25.378156 -25.066701 
-12.034872 -11.508757 -10.771893 -7.700842 19.054814 25.559921 11.165402 -15.494126 -16.960402 -3.056941 -12.138734 -23.307055 -7.883568 -7.335431 -28.424582 -14.652894 -19.807720 -26.988877 -22.130490 -31.523123 -24.580024 -28.152276 -23.520849 -16.724226 -15.709243 -7.569860 0.119227 -2.804624 -6.557264 -13.891557 -17.927372 -16.040217 -14.165728 -19.760052 -29.653347 -37.071272 -44.249578 -38.803262 -26.449959 -25.298064 
-13.018702 -10.035408 -11.026115 -6.754377 19.278828 25.767851 11.423114 -20.799095 -13.439024 -3.608802 -14.784697 -24.071074 -8.183784 -8.069321 -29.088398 -15.015590 -19.945656 -27.795042 -22.182520 -31.498677 -23.847372 -28.692807 -23.485835 -16.562055 -15.174798 -7.296902 0.987777 -2.809623 -6.695169 -13.267545 -18.407184 -19.201972 -17.711857 -22.151407 -29.983532 -36.013902 -43.231609 -37.338115 -24.823346 -23.220042 
-12.820025 -10.638504 -10.869474 -6.006458 19.778403 25.779322 10.914680 -12.660838 -12.593965 -2.767824 -14.160387 -21.939961 -7.584497 -8.307173 -26.691724 -14.589553 -20.536403 -26.749070 -23.282353 -31.114805 -25.536393 -26.933628 -23.678757 -16.640648 -16.287398 -9.820142 -0.087627 -3.868069 -8.173667 -16.267517 -19.822757 -17.844801 -14.911948 -20.084238 -28.727870 -33.266112 -39.785037 -37.268282 -29.051562 -26.029039 
-11.977142 -11.011355 -10.700266 -4.557064 20.450668 25.734708 10.337383 -11.857171 -13.152920 -1.016385 -13.781755 -22.273341 -7.406860 -10.060387 -27.316456 -14.776279 -22.097304 -27.371206 -25.961295 -28.965146 -27.691857 -26.499759 -25.014499 -17.409410 -15.300295 -9.045004 -2.275639 -4.317555 -7.740110 -17.456870 -19.825588 -19.349001 -18.159449 -23.321650 -29.369795 -35.964044 -43.701538 -38.406723 -28.280368 -26.578774 
-12.943549 -11.667751 -12.579909 -1.840310 21.281162 25.245020 8.812406 -17.752686 -8.869739 1.547985 -14.137322 -23.889447 -7.288373 -12.847611 -27.527280 -14.917104 -25.347678 -26.843228 -27.990230 -27.717848 -27.654639 -25.040778 -25.734911 -14.664251 -9.955174 -9.363958 -5.892748 -6.834481 -12.675626 -19.357634 -21.030887 -20.436402 -21.601540 -26.113595 -32.109159 -40.125337 -47.091187 -39.972824 -31.292545 -30.829931 
-24.790305 -18.059510 -16.703752 4.480865 21.713008 22.946447 8.126080 -10.572426 -2.394721 2.807216 -16.268142 -22.876873 -8.678989 -16.221523 -23.408435 -16.944283 -31.070802 -25.830759 -27.566223 -22.138466 -26.510042 -23.407097 -21.731189 -18.887789 -13.208586 -16.851055 -14.053429 -12.889606 -21.460751 -28.648740 -25.882379 -23.887138 -27.368940 -33.004789 -36.603277 -41.525117 -44.626843 -44.688051 -40.824605 -38.037233 
-16.339923 -13.837824 -18.397337 6.507601 16.992285 11.065432 1.507148 -15.959968 -5.498502 -1.500024 -14.671504 -25.464652 -17.554184 -20.328431 -24.676153 -24.772347 -30.612901 -30.330477 -29.671348 -28.290882 -30.888495 -32.184042 -33.958265 -33.466352 -34.273522 -36.031095 -30.530938 -29.793510 -39.627429 -42.758501 -39.434488 -40.614609 -47.238631 -47.032063 -47.761031 -52.038815 -54.925167 -53.511483 -52.508252 -51.901023 
-24.993742 -21.691671 -23.699526 4.530773 13.514650 6.975922 -12.119690 -27.504670 -21.679262 -17.459196 -27.604614 -27.134720 -21.999343 -27.769272 -30.723885 -33.179700 -37.725652 -36.634301 -37.675007 -40.007633 -40.997546 -41.949764 -42.361746 -42.761269 -42.868207 -43.443214 -42.096699 -44.681392 -47.104108 -47.207006 -47.543750 -47.486393 -48.006253 -48.556421 -48.493138 -48.938853 -49.528886 -49.909619 -50.002526 -50.210089 
-29.213044 -25.470777 -21.979393 -3.607000 2.484534 -2.908428 -18.131948 -28.084660 -25.723199 -27.951756 -31.078573 -34.024558 -31.631878 -35.450186 -36.117948 -36.661997 -38.002473 -39.248291 -39.475435 -41.012527 -41.336518 -42.225165 -42.966185 -43.468307 -44.191213 -44.726868 -45.312285 -46.177701 -46.469574 -47.286730 -47.606972 -48.078483 -48.527615 -48.962657 -49.178714 -49.696285 -49.906903 -50.325064 -50.492784 -50.670835 
-33.616176 -40.752760 -34.164820 -21.699519 -16.126158 -23.257184 -32.624550 -43.634056 -40.163827 -34.056637 -47.220365 -49.144866 -46.320766 -49.170639 -49.491032 -53.109035 -52.512395 -54.475845 -54.388700 -54.822223 -56.214063 -56.434660 -57.653439 -58.033905 -59.180246 -59.097267 -58.736439 -59.877320 -61.161136 -60.989529 -61.383307 -62.755913 -62.945374 -63.306756 -63.433994 -64.119247 -63.809904 -64.267290 -64.880676 -65.112404 
-33.306045 -40.367652 -41.688318 -30.689266 -25.468434 -31.520592 -38.104800 -50.981266 -45.731980 -45.384228 -51.894328 -54.326955 -54.734108 -59.037275 -61.936611 -64.268328 -63.374142 -67.801973 -65.184278 -66.152622 -66.714044 -65.563248 -67.919733 -70.787407 -69.599650 -67.443892 -69.589369 -67.726491 -68.022713 -69.768199 -71.297448 -70.474391 -71.797078 -71.296435 -71.533296 -73.383827 -72.070413 -71.360126 -72.195984 -74.041882 
-28.124424 -31.986569 -36.177912 -32.640121 -26.858366 -29.888069 -36.966399 -36.601714 -37.312294 -37.598686 -37.949315 -38.795066 -38.878457 -39.422411 -39.945532 -40.021533 -40.277396 -40.627441 -41.055675 -41.673663 -42.253079 -43.228617 -44.612823 -45.981902 -47.682075 -49.039416 -50.361038 -51.191002 -51.675425 -52.396901 -54.210415 -57.845697 -61.484065 -58.477374 -55.300023 -55.065832 -57.546320 -63.456745 -67.150585 -62.926740 
-8.625724 -9.932935 -11.401749 -9.840966 -7.524301 -7.536077 -9.141152 -10.784905 -14.760173 -18.184345 -20.135679 -26.421772 -22.750473 -21.769928 -22.632597 -23.118327 -16.774823 -15.701590 -22.201253 -20.079894 -21.360635 -14.974024 -13.295522 -20.531868 -21.459877 -21.172746 -26.796691 -21.513531 -24.084096 -23.742543 -30.766842 -29.118602 -31.348320 -32.366315 -34.363223 -36.869774 -33.184741 -33.729037 -34.635086 -37.652928 
-11.800754 -16.368089 -12.873296 -2.615048 2.170076 -1.717395 -7.471667 -9.051083 -21.624451 -29.365938 -21.624242 -28.909082 -26.143520 -25.776671 -23.403507 -20.705633 -16.475295 -18.337101 -21.918568 -20.960111 -18.631303 -14.457924 -13.260157 -14.339662 -18.129873 -20.538319 -21.203412 -20.114050 -24.408177 -23.858195 -23.255731 -19.961428 -24.607777 -25.508243 -31.456106 -31.314276 -32.354319 -32.482261 -33.364208 -38.424651 
-9.337898 -6.783795 -7.662292 12.155936 20.619478 17.237384 6.460092 -2.855750 2.597205 -8.479077 -20.159673 -15.566080 -16.620327 -21.490622 -19.979868 -22.763196 -23.300978 -22.972778 -23.937115 -24.498988 -25.130306 -20.676796 -17.650187 -14.192645 -13.028263 -9.831590 -9.901375 -13.297599 -22.211755 -27.558376 -24.283109 -22.994245 -29.564332 -29.842416 -32.120616 -33.661904 -36.448889 -36.626143 -36.501848 -35.407896 
-23.976947 -17.267095 -15.046924 15.301378 24.839893 15.038310 -7.270391 0.542513 9.802300 -4.644578 -22.899043 -8.416592 -16.199691 -19.635774 -17.074576 -28.323421 -22.201319 -27.320037 -23.150679 -27.504875 -26.811308 -23.836285 -22.277464 -16.800190 -8.918361 -3.537523 -3.683530 -6.102466 -16.148730 -20.584919 -22.548182 -17.178385 -20.567240 -27.031577 -28.860847 -36.168956 -40.864503 -40.144084 -30.228743 -31.378501 
-18.151035 -20.703480 -19.660941 16.806609 25.579371 14.159915 -12.541618 3.134210 10.620263 -8.974615 -14.927760 -8.884580 -20.114758 -13.823544 -15.362567 -21.269442 -19.533876 -22.954675 -23.406484 -24.331506 -24.857678 -20.234512 -20.189272 -17.059239 -12.492622 -3.847833 -3.638195 -3.944080 -10.738174 -18.066171 -18.845362 -13.764587 -13.491397 -22.627234 -29.239420 -33.119859 -34.861120 -34.759663 -28.905764 -30.307622 
-28.230439 -26.580750 -15.448710 17.984718 25.957730 14.169664 -13.588369 5.291477 10.657384 -10.752093 -16.360183 -10.522804 -26.188959 -13.546293 -18.008504 -22.845390 -22.371907 -27.394293 -27.250881 -26.357458 -28.072114 -23.214251 -20.545191 -17.638340 -13.453887 -6.230150 -1.845878 -6.643347 -8.878983 -15.987122 -17.047256 -12.892881 -13.281168 -22.517578 -31.477160 -36.706925 -43.663211 -39.438899 -29.926854 -31.582292 
-21.576100 -24.690659 -17.770172 19.191393 25.734368 11.710144 -15.716531 8.036863 9.800943 -16.644233 -14.459558 -12.494198 -24.267925 -13.090721 -20.944781 -22.494470 -24.436067 -26.598819 -29.829491 -26.056296 -27.924825 -25.131634 -21.299447 -18.466956 -15.077753 -7.280907 -1.181118 -8.301184 -8.131579 -17.053588 -18.204919 -15.671989 -13.924467 -25.677321 -32.408426 -35.055384 -38.556225 -36.532582 -27.809146 -28.271409 
-21.370059 -24.904916 -19.045755 20.271429 25.723510 11.053203 -13.873398 9.486334 8.610202 -20.784088 -14.290477 -13.647254 -28.505048 -13.958705 -27.094545 -22.067844 -30.556572 -31.111930 -33.664681 -26.597745 -28.782952 -28.761036 -23.982743 -18.994802 -16.587984 -8.384582 -4.925491 -6.359794 -10.086106 -17.246805 -19.744635 -17.293714 -16.113875 -27.524132 -34.367462 -35.327887 -46.224887 -42.232244 -33.353125 -29.506763 
-17.632685 -23.179030 -18.192384 20.766017 25.185893 9.338789 -10.732833 10.767254 7.250344 -22.735182 -12.604832 -16.282132 -22.584739 -15.619752 -29.580080 -22.574143 -31.162784 -26.985670 -29.666511 -26.842975 -26.586022 -27.187386 -24.753979 -20.388979 -16.823681 -10.239439 -6.587950 -5.445754 -10.329583 -19.368984 -20.579509 -20.241601 -20.702217 -30.188573 -34.332469 -37.291763 -47.795897 -43.011351 -30.460342 -27.185358 
-13.674101 -20.404289 -10.995873 21.082999 24.381481 7.675539 -6.080350 12.712458 7.214225 -19.799657 -13.397831 -16.851830 -20.219200 -16.789470 -24.975826 -22.995799 -27.116228 -25.548001 -25.842074 -24.802870 -26.008092 -28.101728 -24.781433 -21.900451 -17.980161 -10.089872 -5.323959 -4.675119 -12.658590 -21.722192 -25.844910 -25.548265 -20.698035 -28.834506 -33.783738 -34.979900 -39.838716 -39.439818 -32.982450 -30.722653 
-20.039536 -22.518332 -4.540429 21.139508 23.057926 5.295689 -1.803008 13.837325 5.709907 -18.735587 -15.714346 -21.857609 -17.520685 -17.906508 -24.344933 -22.204168 -26.620858 -25.612701 -24.095577 -26.238640 -26.604833 -28.842534 -27.788924 -22.780871 -14.134616 -8.638616 -8.847327 -5.338465 -15.793974 -23.264371 -28.004690 -30.879855 -23.479867 -29.289801 -32.668902 -34.960052 -37.629836 -36.142462 -27.145583 -25.995288 
-17.248235 -15.711755 2.106538 20.138180 19.765450 2.145910 4.712484 13.595347 1.080477 -21.169252 -18.466443 -23.782936 -17.959681 -23.954183 -22.417808 -22.734545 -25.770864 -26.807991 -25.918037 -28.807335 -27.393146 -23.854359 -15.913531 -10.860220 -6.531773 -11.215347 -16.869923 -15.203118 -19.287171 -26.196342 -27.707929 -26.166835 -28.194195 -31.511194 -28.957133 -28.129337 -29.533489 -30.507456 -28.006960 -28.103995 
-15.407613 -19.197817 2.194713 14.242646 11.007788 -6.635302 0.868658 6.512283 -5.915692 -15.118205 -18.380585 -21.444674 -20.087524 -15.741828 -14.434036 -17.506285 -23.135865 -25.657990 -22.358213 -21.159200 -25.314856 -14.429080 -3.173928 -4.983758 -7.952465 -17.563280 -15.093648 -12.541180 -21.014694 -20.697172 -20.640938 -19.233024 -16.694306 -20.908944 -20.045541 -16.004842 -15.733398 -13.365817 -12.104711 -17.317020 
-14.381693 -14.658045 -6.241287 1.540764 -5.939848 -12.471882 -10.114384 -10.719068 -13.423153 -15.401090 -13.879316 -20.503902 -15.621407 -15.497886 -17.999502 -20.000349 -18.735935 -21.770801 -23.246422 -19.943020 -17.943017 -11.065902 -2.931326 -4.385380 -12.653045 -15.404074 -16.493142 -13.487623 -18.243500 -19.308161 -17.390471 -18.609825 -19.137149 -21.769362 -17.637861 -12.111667 -10.632239 -7.852265 -6.818383 -9.786156 
-20.144896 -24.817097 -23.313160 -10.997500 -15.372629 -24.376010 -13.510312 -14.290302 -21.578324 -18.498200 -19.088102 -20.416485 -21.904825 -23.597440 -22.251921 -17.808154 -19.029996 -21.393845 -23.181697 -23.819755 -22.051114 -13.286233 -9.358175 -8.514562 -12.227580 -17.401665 -20.111215 -18.205864 -20.518688 -20.632219 -19.577426 -20.709858 -22.869882 -25.328791 -22.928639 -19.686447 -12.586198 -10.711686 -7.679781 -6.610617 
-30.044300 -22.698121 -21.001041 -17.139364 -21.249536 -30.227200 -19.123526 -19.079460 -21.392262 -20.199778 -21.877591 -25.239413 -21.322062 -19.301527 -22.844916 -17.500488 -20.457773 -23.125891 -24.229743 -26.579008 -20.350765 -8.452017 -6.761623 -14.457879 -18.243970 -26.851168 -20.801787 -19.353254 -20.548392 -21.289155 -19.739036 -19.783741 -20.140560 -23.771133 -21.242605 -15.179581 -10.960308 -10.234098 -5.492975 -5.352303 
-26.644139 -31.965190 -32.768907 -27.621291 -24.956282 -24.728468 -23.845615 -26.397740 -26.031879 -19.676376 -22.380827 -22.215933 -20.556012 -23.913281 -20.219018 -15.189251 -22.714606 -23.147776 -29.645164 -25.889972 -19.096633 -7.587449 -8.123727 -14.188692 -16.076877 -20.797979 -21.115876 -21.123961 -21.079635 -19.898428 -20.344274 -25.158585 -20.100388 -20.112805 -19.136145 -16.054533 -10.221485 -11.432117 -9.114022 -5.996334 
-19.104702 -23.247902 -33.811715 -29.859105 -25.323933 -22.850352 -20.470079 -18.846893 -21.707234 -24.284764 -22.150080 -21.695211 -27.754669 -23.440365 -18.997975 -17.836190 -21.942839 -24.790513 -26.185277 -27.101947 -27.055327 -16.634819 -19.298685 -16.046802 -18.365507 -21.122175 -23.739672 -27.424184 -21.962564 -17.358165 -20.907970 -25.630285 -21.101269 -20.033673 -16.625432 -14.274810 -12.185285 -12.778487 -9.329363 -7.143119 
-18.551796 -33.982096 -34.827970 -37.657657 -39.676270 -38.860467 -28.226953 -25.713362 -30.581366 -29.481503 -27.763491 -30.744006 -25.140521 -20.688637 -19.275436 -22.555202 -29.445299 -29.540905 -25.557477 -25.898805 -25.799203 -22.620797 -22.118506 -20.078702 -22.318876 -25.927752 -23.932934 -25.654630 -27.434461 -25.322061 -23.376864 -21.608154 -22.191606 -25.303152 -22.249927 -16.485427 -13.819433 -10.000316 -13.289697 -6.075079 
-19.745915 -29.562865 -39.321229 -34.079108 -33.597352 -35.676150 -40.899099 -32.623770 -30.447980 -32.863809 -32.276543 -30.194565 -30.247896 -27.417862 -26.248253 -28.229867 -32.417530 -33.352716 -26.982614 -27.820055 -29.078689 -23.973479 -24.175615 -28.031240 -26.115101 -23.094469 -26.742939 -27.822004 -28.316443 -30.311901 -26.871977 -24.732992 -24.864544 -25.878286 -20.574095 -17.453652 -15.160349 -10.758827 -10.170815 -6.618438 
-24.844844 -33.464158 -38.161279 -43.666532 -39.128234 -41.534192 -33.434166 -30.489099 -31.317667 -30.678735 -33.102026 -28.826128 -29.702229 -33.753898 -29.485090 -28.273457 -30.082899 -27.701803 -24.318895 -28.420584 -26.875374 -24.668680 -22.007495 -24.653371 -25.301779 -25.666227 -33.720032 -32.685956 -25.556560 -23.847024 -25.343678 -25.663366 -23.741901 -22.981848 -20.818012 -16.880685 -14.949526 -11.580981 -6.518512 -5.332309 
-33.835051 -30.017067 -38.051748 -42.220899 -38.234506 -34.061771 -31.633868 -37.525397 -29.801515 -33.684922 -31.632199 -30.923469 -31.042735 -27.943923 -24.198071 -24.594589 -29.409663 -31.564465 -28.573667 -30.140130 -26.658181 -24.170996 -24.192627 -23.896221 -25.608292 -27.808315 -30.178078 -29.486581 -25.783139 -27.220146 -25.786067 -28.367817 -28.859882 -25.631997 -23.839442 -21.339926 -16.721112 -12.204563 -11.411231 -8.766209 
-28.333487 -31.866316 -34.570250 -36.740878 -37.934991 -37.599651 -33.605616 -33.561942 -32.177986 -32.943321 -26.312992 -26.359114 -27.668881 -30.536488 -27.879238 -24.209634 -27.003482 -30.312266 -27.232028 -33.524012 -30.951913 -23.339018 -24.224904 -24.815728 -21.638092 -26.853490 -27.591153 -26.364384 -26.364065 -25.288581 -29.220880 -28.554592 -25.806856 -26.538074 -24.866094 -21.863018 -16.127798 -14.319804 -14.889817 -12.875680 
-19.655011 -23.193946 -29.845589 -33.906418 -37.579391 -32.549139 -28.649648 -31.972922 -30.109751 -29.974069 -31.894502 -30.367137 -28.721159 -25.930447 -26.677179 -20.624234 -22.776311 -21.821565 -22.023743 -28.426116 -26.703511 -20.556268 -18.618488 -21.281646 -23.543674 -26.664242 -25.505565 -26.049391 -27.120538 -27.110974 -28.088624 -28.255100 -26.643273 -27.643737 -24.230612 -20.134470 -19.021088 -13.575076 -12.073277 -10.394264 
-16.515910 -28.277937 -37.659067 -43.044700 -30.648606 -27.655860 -27.979382 -24.651945 -28.405346 -29.525034 -32.018602 -34.335204 -33.368386 -29.544849 -22.766739 -24.437442 -21.517647 -28.029435 -29.220834 -30.696321 -26.691894 -19.852406 -20.453829 -24.187618 -23.960448 -21.942136 -21.794704 -22.603690 -25.707725 -24.109290 -28.093066 -27.384174 -26.367302 -27.603681 -24.844570 -22.216944 -18.024717 -14.976699 -11.835307 -13.349605 
-13.900930 -22.036295 -32.637178 -29.183724 -28.146138 -22.722792 -18.781798 -16.694451 -23.012785 -26.640181 -23.234000 -25.144487 -29.128089 -21.703219 -21.907402 -21.484802 -17.868678 -24.445380 -21.968382 -24.998158 -24.590450 -21.073094 -17.797794 -18.426889 -18.198746 -18.751032 -21.419696 -21.809756 -22.557396 -21.675255 -23.045361 -23.361679 -23.048987 -25.345361 -26.229566 -21.623236 -18.464325 -17.174913 -15.635687 -13.621307 
-21.758950 -25.168123 -28.014417 -26.278087 -20.563466 -21.694574 -20.746161 -21.057747 -17.042234 -20.632292 -26.400226 -27.444822 -26.568548 -22.305865 -21.576446 -18.357365 -18.807024 -24.408952 -22.234959 -24.364896 -21.898467 -16.517297 -13.447443 -17.313333 -20.176163 -22.826385 -22.969170 -25.209268 -23.414112 -24.377772 -25.774056 -26.259703 -25.664479 -24.262617 -24.872653 -25.283780 -22.130477 -18.916525 -19.341964 -17.751350 
-12.936807 -14.396247 -10.357148 -4.510896 -5.298581 -6.999965 -11.400682 -14.905501 -19.170042 -19.084806 -21.652761 -19.704128 -24.002798 -23.891667 -19.562264 -22.021876 -22.163599 -24.896230 -25.170704 -31.068788 -20.100638 -11.041355 -13.103767 -18.000223 -23.702929 -21.966065 -22.799784 -23.823457 -24.837242 -27.592121 -26.795153 -25.392352 -24.584067 -26.905552 -27.689706 -26.483845 -21.205484 -20.481025 -20.365137 -18.874438 
-6.676580 -14.637930 4.858166 15.625832 16.059425 10.274575 10.202710 12.836118 7.544738 -3.133446 -11.190166 -11.982278 -16.815807 -18.531506 -16.668191 -19.665509 -19.409216 -22.147846 -22.022628 -24.312342 -15.264320 -5.781078 -11.958996 -18.982207 -22.806501 -20.605692 -22.130000 -25.180479 -29.537981 -31.192892 -29.569224 -27.613332 -28.881011 -30.340285 -29.873890 -23.292719 -24.015282 -28.677317 -28.344811 -29.997722 
-14.806258 -11.552319 8.125181 20.124304 15.321118 3.344846 20.346010 23.034396 8.869926 4.569365 -3.362462 -3.017467 -2.858657 -9.015395 -8.627578 -12.122578 -12.272795 -14.416848 -16.109933 -15.219529 -12.996540 -2.208179 -4.983990 -15.529949 -19.377259 -18.053940 -12.453178 -17.601898 -23.865659 -27.336096 -32.533360 -30.344168 -29.290796 -30.390318 -34.900320 -27.624732 -28.550876 -37.294479 -36.174768 -31.652799 
-20.174458 -22.387024 9.563927 19.498199 10.320559 3.886094 22.024927 19.283019 1.389245 11.284833 -0.433497 3.697845 0.281407 -4.727231 -8.168912 -6.482602 -12.877836 -13.363718 -13.729505 -16.701087 -16.656556 -5.772950 -4.626670 -10.257893 -16.470262 -16.818583 -8.933956 -16.050003 -22.565879 -31.361614 -33.068075 -29.403571 -26.586541 -33.430691 -33.113109 -33.218773 -36.001130 -44.644138 -39.937835 -32.338120 
-18.375720 -15.496857 10.497478 19.271280 9.847037 6.455628 21.823423 15.634428 6.453205 15.807863 0.831647 5.983039 -2.479156 -1.393739 -8.892004 -4.644020 -12.080154 -13.611741 -12.872240 -17.473710 -15.420471 -7.879582 -2.671384 -12.720968 -15.433040 -11.451069 -5.804821 -13.219744 -22.492269 -29.766421 -26.170363 -22.193715 -21.126812 -27.288373 -27.988210 -28.044701 -34.201343 -40.978251 -36.622525 -30.620977 
-15.584013 -16.516651 10.901429 18.528050 7.367998 8.181438 21.430975 13.114112 10.909627 18.552612 1.762278 6.063680 -5.995964 0.068717 -8.741066 -5.156531 -11.407980 -13.083969 -12.583288 -16.463051 -14.493363 -6.605365 -2.389839 -8.973345 -14.666834 -12.761663 -5.443020 -11.105375 -22.497063 -27.416946 -28.649913 -24.175932 -22.321239 -28.458729 -25.092751 -27.439766 -31.262782 -40.767083 -39.617102 -32.127580 
-18.141000 -13.304775 11.268867 17.845154 5.809045 9.128675 20.633013 10.444281 14.473082 19.920171 1.588994 5.678917 -6.427420 1.317513 -8.889204 -5.478624 -9.769184 -12.654459 -13.338463 -17.830957 -15.697257 -6.462097 -4.238139 -7.479238 -12.483490 -12.432932 -7.787704 -15.430668 -24.217039 -28.120388 -26.911914 -22.016437 -22.358721 -29.325431 -30.342274 -29.567530 -34.651974 -42.352785 -39.598593 -33.576034 
-15.259721 -11.289365 11.753428 17.326677 4.551181 10.486920 19.680485 7.048754 17.609345 20.059519 1.988140 5.844389 -3.765089 2.248362 -6.790618 -7.246260 -8.332425 -13.182322 -14.834305 -19.070371 -15.551220 -6.443364 -3.920112 -6.896681 -11.044429 -9.802327 -4.324639 -16.455063 -28.399793 -29.552663 -27.895191 -23.793459 -23.770402 -28.002424 -29.725246 -28.467430 -36.126484 -44.217678 -42.349123 -38.744845 
-20.589699 -10.082548 12.271802 16.945121 3.197689 11.629664 19.141442 5.994100 19.684641 18.900992 3.143939 6.295205 -1.083588 2.407424 -5.057383 -7.605701 -7.817073 -13.851689 -15.870725 -15.000076 -10.728640 -3.316726 -4.210666 -12.367899 -16.512712 -13.684155 -7.579828 -20.679049 -28.303522 -27.577868 -24.485043 -22.752170 -22.432454 -27.237715 -27.781881 -28.292762 -35.664466 -45.005455 -40.817352 -37.791617 
-19.410869 -6.232587 12.512878 16.090921 1.086758 13.432800 18.184147 6.593665 20.704623 15.030643 3.727947 4.152337 0.717749 0.173436 -5.292457 -8.902698 -8.541970 -14.567695 -15.095589 -13.439275 -8.525800 -2.033707 -3.448654 -11.297894 -15.284451 -13.653484 -9.530281 -19.846405 -27.051113 -28.096953 -27.504285 -24.637634 -22.952832 -28.785331 -34.713730 -34.686485 -38.240752 -39.667755 -38.708758 -35.262248 
-9.929741 -2.067916 11.752278 13.188562 4.006474 13.665846 14.539231 12.206091 16.866303 6.262616 -5.040659 -3.668169 -4.022981 -7.151125 -9.464199 -14.850151 -13.178428 -18.101693 -19.697099 -17.604139 -10.575248 -6.496858 -7.767295 -13.475945 -15.657693 -13.549325 -12.109832 -21.364089 -25.368249 -27.502981 -26.529251 -24.030601 -25.531424 -31.549819 -37.346529 -35.374022 -37.079184 -39.791688 -41.575013 -41.728034 
-14.077079 -4.969733 6.398662 7.708934 5.691551 3.484519 -5.985666 -0.081896 2.267432 -11.293258 -18.325166 -22.340106 -19.377712 -16.873842 -21.919841 -23.515199 -27.791179 -29.827978 -28.784290 -26.446211 -23.751225 -22.280076 -24.656885 -24.675718 -26.266893 -23.411321 -22.033123 -23.956722 -25.500513 -25.171438 -26.964652 -28.174101 -28.149650 -32.405661 -33.590726 -36.839404 -40.572009 -40.633863 -40.007096 -44.370481 
-16.923816 -11.159555 6.718370 8.162552 -3.375827 0.068905 -0.288347 -11.472249 -5.829976 -16.257303 -18.762823 -19.999159 -17.523346 -21.846764 -21.176348 -20.969523 -26.722375 -25.540717 -24.266949 -23.949964 -19.857958 -18.233530 -18.695569 -18.088795 -20.674872 -17.295251 -13.175398 -18.791657 -18.975305 -15.997222 -17.730509 -18.218747 -20.734078 -24.644250 -26.410889 -28.909828 -29.985478 -33.518493 -36.948558 -36.805892 
-16.616327 -6.020326 10.080354 10.412838 -9.243203 7.770239 8.218240 -3.872924 6.176107 -4.230749 -5.976223 -14.629273 -10.666163 -15.107438 -18.461171 -19.615841 -22.171509 -21.376374 -17.127168 -20.319995 -18.791618 -14.101652 -19.305897 -17.891896 -17.542372 -12.876395 -11.489069 -14.965730 -20.788241 -22.898763 -23.159131 -25.415459 -27.582773 -29.158702 -28.504401 -31.497985 -30.156668 -33.657320 -35.357060 -36.985238 
-20.101996 -4.438145 11.855980 12.537593 -2.014548 11.765029 11.639252 2.675613 13.652431 3.612702 4.312561 -4.494511 -0.726314 -8.302543 -8.945793 -11.243663 -14.927951 -16.850802 -16.455224 -15.632950 -11.273443 -8.387326 -15.797592 -14.559551 -11.628242 -8.432768 -10.828762 -13.841709 -23.954440 -25.945403 -27.584232 -28.979029 -30.037011 -34.652073 -40.364492 -37.602894 -41.334792 -41.815138 -43.074723 -44.009795 
-20.311687 -2.741449 12.987721 12.910723 -1.777143 13.584210 11.533070 4.203091 15.816700 4.782899 9.741645 -0.749100 3.584220 -4.766574 -5.251387 -7.068393 -13.147445 -14.804693 -13.752271 -10.044767 -6.107196 -5.749588 -9.342824 -11.801029 -10.706209 -14.007196 -15.433186 -16.603654 -23.774501 -34.613018 -40.494603 -41.803388 -42.887624 -40.807704 -41.434121 -42.011503 -44.504933 -45.126836 -44.535080 -44.483892 
-24.490348 -2.330717 13.254650 12.910927 -2.111961 13.700374 11.258341 4.055020 14.645354 3.044934 12.868489 3.125473 5.988283 -1.817136 -1.876016 -4.162842 -10.396385 -14.085671 -14.339176 -8.635160 -5.653431 -6.468374 -10.431419 -8.562514 -9.666107 -16.005375 -18.507685 -18.649577 -23.754444 -31.176575 -38.651356 -40.731711 -41.669805 -41.403567 -40.687581 -38.049123 -40.395110 -43.217469 -42.867389 -42.848867 
-29.254079 -1.864833 13.278668 12.476474 -0.742540 13.826073 10.701090 5.155651 13.415804 4.336525 14.691210 4.298060 7.480042 -0.090485 -1.054437 -2.258987 -9.539320 -12.123083 -10.910687 -7.540126 -3.070378 -7.417838 -7.820489 -6.907247 -10.204057 -18.670033 -22.502926 -24.943126 -26.881118 -36.501951 -44.288992 -49.783201 -50.790137 -45.892723 -39.193506 -35.929541 -41.816063 -49.211146 -50.288575 -46.894893 
-25.293122 -0.130777 13.437028 11.676441 -0.222667 14.237223 8.896612 6.608115 11.562413 6.917144 15.008938 5.499523 8.162896 1.016315 -2.129616 -1.904022 -7.619663 -10.926441 -10.963177 -6.863259 -2.737017 -5.284183 -5.660516 -4.442921 -12.316307 -22.293011 -28.214476 -27.977917 -23.136564 -28.246947 -34.775135 -35.998946 -36.820450 -35.965030 -34.474756 -35.097512 -37.279883 -38.885120 -39.127183 -39.164992 
-30.245407 -0.602141 13.605509 11.467143 0.782785 14.671461 8.802286 7.159445 10.261250 8.994223 14.795638 6.778306 8.597096 2.075169 -3.013978 -1.890113 -7.435857 -10.729387 -10.347622 -4.778438 -3.138967 -6.031535 -3.792796 -6.103185 -19.743904 -27.799368 -30.551648 -28.816018 -26.209229 -32.382026 -42.585781 -49.522392 -49.289994 -38.745168 -32.398454 -32.406116 -36.960730 -51.153459 -48.644068 -46.586955 
-28.880806 -0.183962 13.626523 11.305208 1.567423 14.830341 8.463627 7.211054 9.472212 9.625555 14.787640 7.585089 8.332870 3.415782 -1.576476 -1.698462 -6.205836 -9.536210 -8.121477 -4.420278 -3.783949 -4.884530 -4.214360 -8.465535 -20.834714 -27.581202 -31.255254 -30.426192 -26.001138 -32.479557 -44.869370 -47.408245 -47.602775 -43.224531 -37.794640 -33.245813 -38.169824 -46.407568 -49.543904 -47.615606 
-21.582879 0.284003 13.597307 10.615150 2.716489 14.853818 7.580840 7.793746 7.979114 10.443902 13.205433 7.331283 6.376240 2.956670 -1.825456 -2.805314 -5.978489 -8.246596 -6.888048 -4.884492 -4.889928 -8.730199 -8.677509 -14.028601 -23.949649 -30.434694 -33.330186 -33.318210 -31.649320 -36.272495 -40.124575 -40.644175 -41.055470 -38.845801 -36.826516 -32.383283 -36.236070 -42.356358 -42.850715 -42.577228 
-35.106833 0.552707 13.630149 10.024774 3.302477 14.765845 6.232086 7.926652 6.143105 10.763958 11.063171 7.485589 3.468843 2.094305 -2.699562 -3.899872 -5.948795 -9.233405 -7.011471 -3.963646 -8.145242 -8.300293 -8.981034 -16.921681 -24.697617 -35.381249 -39.935607 -41.342979 -38.738543 -40.216143 -48.252779 -49.740181 -49.966862 -37.539389 -33.410041 -35.128141 -40.768122 -48.129088 -50.371870 -48.009974 
-28.151976 0.976397 13.625810 9.635004 4.393171 14.484227 5.364577 8.196276 5.539003 10.618085 9.142253 7.138999 2.232894 1.606613 -2.650179 -4.533848 -6.749301 -10.193356 -7.442175 -6.522221 -8.345368 -9.926119 -9.101719 -16.585115 -29.146640 -37.555240 -39.313488 -35.049296 -31.101590 -34.047871 -43.624033 -45.763304 -45.801241 -38.111900 -35.640420 -35.511728 -39.590256 -44.659426 -45.950517 -45.721586 
-18.585055 1.531154 13.492432 8.894670 4.709141 13.937257 3.706424 8.129308 3.696530 9.805045 5.751159 6.329280 0.685689 1.290461 -4.268089 -7.467178 -9.741176 -12.485437 -7.883533 -4.881740 -9.350790 -10.637332 -11.079336 -19.854964 -29.277117 -38.373319 -42.739156 -41.177891 -36.383542 -37.216331 -47.692160 -51.268080 -51.277559 -41.778090 -37.574762 -37.146132 -39.882240 -48.648555 -51.438386 -51.139773 
-20.866468 1.996689 13.221581 8.020725 6.187759 13.247352 3.054286 8.219984 1.838883 8.654832 2.229413 4.098438 -1.182549 -0.740427 -5.254151 -9.889403 -14.178429 -15.713893 -10.384434 -4.969792 -8.873700 -16.841608 -13.775298 -23.184886 -31.938763 -36.448193 -38.690274 -40.102976 -40.521170 -42.593974 -46.398898 -48.211866 -48.363450 -40.550687 -35.660909 -35.294986 -36.553704 -46.626909 -50.244095 -50.750067 
-21.271586 2.713659 12.934082 7.053623 5.992192 12.193098 0.846319 5.909301 -1.893855 6.280596 -1.266824 2.046435 -1.459741 -3.472063 -7.169800 -12.242762 -16.220703 -15.761846 -11.927737 -12.990861 -9.491406 -8.483338 -11.974723 -22.447220 -31.128266 -33.490689 -34.432628 -35.300030 -34.604694 -35.872593 -37.415546 -37.826779 -38.031573 -36.871209 -35.826054 -36.073618 -37.374698 -39.330901 -40.035986 -40.061277 
-24.920454 1.039666 12.199012 6.579705 4.508563 10.598730 -0.074501 3.639615 -3.464533 3.670883 -2.078861 -0.295969 -4.562153 -3.626686 -12.933998 -18.070892 -17.951794 -21.362898 -13.401476 -7.877084 -9.937080 -8.566862 -14.602328 -23.429210 -29.769551 -38.882405 -39.880113 -43.926369 -39.367835 -42.209172 -51.547381 -55.018083 -54.507631 -45.752031 -43.152818 -36.590564 -37.921218 -48.250998 -49.591734 -48.767378 
-21.365327 -0.014125 11.663748 7.601852 1.613764 8.461242 -1.832492 0.759771 -5.307746 -1.743475 -7.814743 -3.490823 -4.630860 -6.947980 -15.870827 -20.593185 -19.141863 -19.173930 -13.333284 -11.973799 -13.657890 -15.093431 -16.053073 -25.518158 -31.858077 -38.495122 -40.408967 -38.148395 -36.589666 -39.921888 -43.757145 -43.913003 -45.003468 -41.792185 -39.790078 -38.560934 -35.680993 -44.058705 -45.868627 -46.210935 
-22.039258 -3.608051 10.010366 8.012300 -3.419917 4.728613 -1.576456 -6.009288 -5.392795 -6.261702 -5.548763 -7.643316 -8.016041 -12.079018 -13.953810 -23.320060 -21.604564 -24.254889 -19.900502 -13.808431 -11.054561 -13.652751 -11.825814 -18.536824 -28.767111 -33.076605 -37.643750 -42.411465 -41.351040 -44.348499 -53.210086 -54.633363 -58.708582 -50.533061 -47.010467 -46.264767 -42.923451 -47.501512 -50.525219 -52.507183 
-18.521330 -5.151326 8.303855 6.862407 -9.336935 -0.830290 -5.734853 -12.789160 -10.160443 -17.668884 -9.892418 -12.541209 -14.743106 -14.825082 -11.396532 -18.262741 -22.309070 -22.241338 -19.013269 -17.126761 -11.854975 -10.837717 -10.304765 -17.722321 -26.121781 -33.508452 -36.099043 -37.526959 -36.385270 -38.841561 -54.282056 -53.966496 -53.075550 -48.570291 -47.286236 -47.492777 -43.958933 -50.468527 -53.031563 -52.761146 
-12.885291 -8.220980 5.103555 5.090533 -9.283494 -6.109952 -10.946240 -17.878325 -17.699990 -17.586075 -20.273308 -18.808666 -12.900949 -14.608608 -17.822938 -24.155297 -27.549966 -24.422267 -26.728087 -23.102894 -18.001716 -18.705668 -18.634496 -18.337481 -25.403714 -36.470249 -39.600444 -42.608010 -39.555827 -42.363361 -50.312266 -52.009590 -52.238343 -52.938722 -51.843238 -52.146154 -49.013710 -50.572038 -53.391123 -54.025977 
-23.442898 -13.992129 -0.522131 1.194331 -10.850280 -23.281193 -20.824678 -25.165774 -23.461731 -22.122883 -22.302249 -21.269875 -20.545950 -18.849021 -22.703948 -25.493624 -25.660337 -25.544672 -30.608869 -28.462000 -21.360233 -20.433024 -24.220167 -26.918528 -26.849540 -34.622556 -40.106710 -41.812234 -42.021942 -47.567021 -53.175113 -55.264263 -55.402484 -54.483519 -54.252031 -54.421203 -52.717537 -53.421766 -55.521171 -56.107753 
-18.825037 -19.135499 -14.615992 -13.518759 -21.683320 -25.863382 -34.182815 -34.267625 -32.822350 -23.736642 -26.063409 -27.252542 -26.817671 -27.123165 -29.955249 -33.231440 -31.563336 -35.737132 -32.819661 -34.570978 -29.801524 -34.349491 -33.431477 -36.538525 -31.677573 -39.693832 -46.961565 -52.417135 -53.617177 -54.742982 -60.790011 -61.826066 -65.070525 -62.732176 -60.473645 -61.889172 -62.114618 -61.370710 -60.748967 -63.041732 
-26.960898 -36.827902 -29.921108 -37.865807 -33.570041 -36.623488 -38.154554 -46.556693 -42.440677 -41.686949 -38.249749 -36.208773 -35.645645 -40.313433 -44.328054 -47.293495 -51.198601 -50.965307 -55.397356 -53.865639 -45.874135 -41.899104 -52.001857 -53.962633 -51.420356 -53.799082 -62.171340 -61.454035 -66.253700 -71.022678 -69.902679 -71.930645 -74.606428 -72.085794 -71.620928 -72.219072 -72.507449 -74.124125 -72.219046 -72.351628 
-30.929816 -39.779309 -53.664951 -47.227747 -46.886706 -43.474340 -43.544413 -52.003748 -54.453817 -53.799810 -56.556645 -56.680908 -60.791180 -60.541602 -65.356413 -64.459362 -68.368821 -72.108544 -69.535190 -69.823908 -69.027362 -66.205543 -71.526489 -71.953092 -74.527584 -76.848868 -76.202336 -76.583216 -75.034696 -77.270587 -79.208978 -81.479231 -84.846620 -78.548900 -77.772614 -77.182358 -79.726206 -83.276656 -82.253241 -82.580971 
-55.955346 -56.815134 -58.265695 -60.634251 -63.294155 -64.607337 -64.167580 -64.044913 -65.780030 -70.083358 -74.081338 -72.361344 -73.006979 -80.251484 -82.947372 -79.736043 -86.137683 -84.534714 -86.810355 -89.222693 -88.075376 -86.602380 -85.538096 -86.648040 -92.054745 -90.893447 -89.120228 -89.679164 -91.781335 -91.706867 -95.505623 -96.040949 -95.230678 -94.540397 -93.318012 -93.279241 -97.813312 -96.623756 -95.674159 -96.082608 
NaN NaN NaN NaN NaN NaN NaN NaN NaN NaN NaN NaN NaN NaN NaN NaN NaN NaN NaN NaN NaN NaN NaN NaN NaN NaN NaN NaN NaN NaN NaN NaN NaN NaN NaN NaN NaN NaN NaN NaN 
NaN NaN NaN NaN NaN NaN NaN NaN NaN NaN NaN NaN NaN NaN NaN NaN NaN NaN NaN NaN NaN NaN NaN NaN NaN NaN NaN NaN NaN NaN NaN NaN NaN NaN NaN NaN NaN NaN NaN NaN 
NaN NaN NaN NaN NaN NaN NaN NaN NaN NaN NaN NaN NaN NaN NaN NaN NaN NaN NaN NaN NaN NaN NaN NaN NaN NaN NaN NaN NaN NaN NaN NaN NaN NaN NaN NaN NaN NaN NaN NaN 
NaN NaN NaN NaN NaN NaN NaN NaN NaN NaN NaN NaN NaN NaN NaN NaN NaN NaN NaN NaN NaN NaN NaN NaN NaN NaN NaN NaN NaN NaN NaN NaN NaN NaN NaN NaN NaN NaN NaN NaN 
NaN NaN NaN NaN NaN NaN NaN NaN NaN NaN NaN NaN NaN NaN NaN NaN NaN NaN NaN NaN NaN NaN NaN NaN NaN NaN NaN NaN NaN NaN NaN NaN NaN NaN NaN NaN NaN NaN NaN NaN 
NaN NaN NaN NaN NaN NaN NaN NaN NaN NaN NaN NaN NaN NaN NaN NaN NaN NaN NaN NaN NaN NaN NaN NaN NaN NaN NaN NaN NaN NaN NaN NaN NaN NaN NaN NaN NaN NaN NaN NaN 
NaN NaN NaN NaN NaN NaN NaN NaN NaN NaN NaN NaN NaN NaN NaN NaN NaN NaN NaN NaN NaN NaN NaN NaN NaN NaN NaN NaN NaN NaN NaN NaN NaN NaN NaN NaN NaN NaN NaN NaN 
NaN NaN NaN NaN NaN NaN NaN NaN NaN NaN NaN NaN NaN NaN NaN NaN NaN NaN NaN NaN NaN NaN NaN NaN NaN NaN NaN NaN NaN NaN NaN NaN NaN NaN NaN NaN NaN NaN NaN NaN 
