NaN NaN NaN NaN NaN NaN NaN NaN NaN NaN NaN NaN NaN NaN NaN NaN NaN NaN NaN NaN NaN NaN NaN NaN NaN NaN NaN NaN NaN NaN NaN NaN NaN NaN NaN NaN NaN NaN NaN NaN 
-75.243343 -70.852296 -69.523249 -70.179224 -72.458894 -77.314491 -86.619262 -83.073153 -81.195248 -89.780441 -88.514214 -90.006546 -91.621654 -87.065211 -90.000701 -91.072940 -90.992401 -92.604054 -90.883477 -86.893236 -91.469505 -91.695753 -93.194459 -90.757034 -95.967807 -94.457684 -92.913327 -91.860409 -92.074894 -94.590598 -96.940922 -94.447707 -89.532135 -90.794027 -94.290182 -91.617103 -93.862323 -96.376317 -93.057408 -95.738410 
-40.447698 -34.171174 -33.095435 -35.230902 -34.668428 -36.303516 -40.619871 -43.166668 -44.516938 -48.515516 -49.737611 -49.335114 -50.969672 -51.365788 -52.719824 -53.922610 -55.146282 -56.003703 -55.420800 -56.414205 -57.402186 -58.271770 -58.816415 -59.302081 -60.060576 -60.803827 -61.222313 -61.846999 -62.519542 -62.999241 -63.343112 -63.887803 -63.869262 -64.321236 -65.209524 -65.500822 -65.884331 -66.147404 -65.903037 -66.207417 
-18.628453 -5.923681 -0.520851 0.019271 -4.224150 -15.955390 -29.243733 -29.812699 -31.698069 -37.630528 -35.093225 -45.318426 -47.390513 -50.950590 -53.255120 -49.085518 -48.116555 -42.692026 -43.658960 -50.080774 -59.272637 -64.312749 -63.852348 -59.119685 -62.463603 -64.187800 -63.823750 -64.461083 -62.948042 -58.555554 -61.467311 -68.889088 -65.717656 -67.239756 -65.649043 -64.502071 -67.238104 -66.866891 -65.028810 -69.545190 
-11.490422 2.697879 6.425100 -1.450237 1.665212 -8.191187 -17.152695 -19.442394 -19.829549 -24.131638 -32.828151 -34.403129 -41.635295 -42.848001 -44.281875 -45.000345 -39.750821 -34.126125 -37.127099 -43.664799 -49.535200 -50.603543 -50.325464 -49.452312 -49.543805 -53.338169 -53.960820 -54.086781 -55.499260 -56.088497 -56.054408 -56.002095 -56.915095 -57.105960 -58.272735 -57.715747 -57.444359 -58.103927 -58.606888 -59.473816 
-10.704423 4.411244 6.776312 -0.899623 2.683289 -7.810554 -14.724050 -18.258979 -16.717077 -28.537903 -33.167459 -37.095726 -39.880252 -44.525747 -46.761892 -44.818565 -41.401510 -34.244819 -33.375527 -44.899535 -48.689549 -49.500985 -50.744586 -50.449257 -50.558852 -52.725589 -53.974151 -53.902115 -52.543957 -53.461555 -55.961199 -55.880985 -57.201494 -57.021563 -56.335988 -56.592185 -55.116953 -56.746984 -57.174602 -58.794648 
-10.578049 3.911080 6.279772 1.599794 3.800506 -8.172978 -15.553101 -21.084399 -21.663004 -31.388378 -40.032163 -39.348368 -40.605447 -47.888157 -47.040604 -48.334455 -48.212429 -37.044851 -35.835992 -45.815896 -51.490278 -54.241487 -54.105863 -50.293788 -49.388721 -55.997749 -57.864601 -58.376405 -55.345718 -52.027935 -55.120595 -55.783118 -58.741276 -59.053589 -56.397674 -58.906756 -58.579070 -58.782689 -58.320884 -61.018299 
-10.184565 3.591234 4.107414 2.129453 3.421052 -10.994584 -22.361434 -19.098437 -22.815920 -29.705575 -34.694848 -36.742636 -39.892948 -44.603143 -47.916575 -44.408947 -45.764041 -36.672695 -36.592489 -48.434933 -51.195928 -54.779003 -53.077702 -51.502593 -52.347786 -56.570092 -57.472805 -58.033229 -56.892340 -57.041563 -56.419563 -58.141106 -57.686914 -56.798779 -56.849491 -57.218980 -60.812679 -61.188772 -58.874245 -58.789233 
-13.297889 0.267806 -0.145300 0.444152 0.424346 -13.926088 -25.622830 -22.221220 -25.029556 -30.109216 -35.993933 -40.563196 -43.278669 -42.881844 -44.225620 -45.089685 -44.700549 -38.507865 -38.071331 -46.456994 -48.518924 -49.580820 -50.380116 -50.927051 -51.231201 -52.058314 -52.992712 -53.134106 -53.328923 -54.119774 -55.011511 -54.511433 -55.663268 -55.589941 -55.549890 -56.864834 -56.979884 -56.557138 -56.537300 -56.765873 
-15.430647 -2.379931 -3.048359 -3.194379 -2.486435 -16.200174 -25.937185 -28.936587 -31.827701 -34.598094 -37.223216 -39.315075 -45.026066 -45.212959 -52.023231 -50.899017 -45.681020 -42.757976 -38.494124 -37.302088 -40.219230 -44.396718 -51.864664 -48.795828 -46.771862 -41.536695 -41.933567 -45.906243 -48.346732 -50.375679 -54.154990 -54.493373 -56.644789 -57.828931 -55.625438 -58.214114 -58.903766 -55.017123 -56.487105 -58.932767 
-7.438135 -1.207088 6.663978 5.643165 2.188691 4.935655 1.423613 -3.680150 -8.204852 -18.668948 -18.721807 -23.207699 -20.009926 -22.595799 -24.408976 -25.210674 -27.846009 -22.844279 -17.002378 -14.594479 -20.727451 -19.343613 -20.792214 -21.651216 -25.671167 -26.336720 -25.904570 -31.379526 -32.449485 -28.487290 -30.461883 -37.687728 -39.353509 -37.170795 -37.386925 -38.359034 -41.125216 -37.381030 -39.734711 -40.489693 
-2.708034 10.049740 14.925008 7.427484 16.749378 16.063692 15.154835 15.394605 3.671685 -1.967812 -7.867210 -12.502714 -11.603319 -11.580719 -14.201521 -15.567564 -15.936135 -14.482287 -7.908667 -0.887362 -1.318005 -6.106014 -8.785077 -9.414474 -15.605035 -22.855972 -25.617287 -27.503549 -21.655661 -22.649907 -27.507430 -32.837976 -36.338848 -33.647996 -35.166697 -34.606393 -36.150350 -32.283544 -33.652589 -38.045971 
-5.463027 12.004043 16.753014 10.062211 19.040191 15.598601 20.360952 20.334581 8.944625 3.493273 0.520201 -6.025749 -6.629159 -7.395557 -9.628807 -10.453780 -11.931200 -10.454517 -6.809247 -1.272508 4.942033 1.360652 -3.304772 -0.852001 -4.509840 -12.514884 -18.941737 -23.302385 -15.483739 -12.795056 -19.606976 -32.275998 -44.292266 -32.672516 -26.975535 -28.764004 -36.376956 -34.692411 -36.157026 -42.488902 
-5.106033 11.730568 17.383184 10.536484 18.767427 16.022112 21.292900 22.763784 11.898493 8.890492 3.918016 -2.552955 -4.429601 -5.941126 -8.076818 -8.970407 -10.920395 -8.620494 -5.334134 -1.683398 4.319173 6.749870 1.051617 2.044600 1.625597 -6.425208 -13.110702 -16.274996 -10.582849 -7.176188 -14.532491 -27.277890 -36.985416 -28.163339 -21.036876 -19.413840 -26.775670 -25.511111 -26.476946 -39.558813 
-10.219910 10.438158 17.444885 10.035615 17.568747 17.402803 20.385131 24.396408 11.897841 11.580812 3.715898 0.288295 -2.366417 -5.676829 -7.373865 -8.340556 -10.219433 -8.803753 -5.498115 -3.042845 2.607452 7.315894 2.783080 2.403033 3.775708 -2.755297 -8.622818 -14.404807 -9.969033 -5.497446 -11.770228 -22.463054 -29.883610 -21.086832 -16.268476 -17.704296 -24.666112 -22.496149 -25.590492 -33.196779 
-13.521782 8.793869 17.204809 10.104231 15.558593 18.655575 18.724161 25.926195 11.152009 10.741896 1.617462 0.352836 -3.673999 -6.813608 -7.923415 -8.573618 -10.454266 -8.306110 -6.157761 -4.079060 -0.519954 5.613460 3.858616 2.036227 3.499208 0.612579 -5.892961 -12.020913 -8.414274 -3.180352 -8.063341 -18.605019 -31.910310 -21.837861 -15.580546 -15.516676 -24.336138 -23.480268 -23.248908 -34.571180 
-15.104747 6.281461 16.328809 10.678033 13.927782 19.901116 17.533292 26.687662 14.432741 6.328827 -1.818194 -0.123436 -5.382842 -8.050429 -9.104786 -11.295643 -11.107497 -9.930502 -7.193046 -6.016444 -3.704412 3.417835 5.689952 2.618309 3.321391 1.544927 -4.801633 -11.170114 -8.305643 -2.669847 -6.528213 -16.292018 -30.522385 -21.244510 -15.268139 -14.967443 -20.598698 -19.442033 -23.090147 -35.460232 
-23.643588 3.118171 15.243852 10.623914 12.151541 21.125944 15.535349 25.673073 17.169742 2.024113 -1.734000 -2.896798 -7.969632 -7.017302 -9.360855 -11.560692 -11.868696 -11.085781 -7.768569 -6.855187 -5.570706 0.132848 5.752279 1.387650 1.966895 1.416277 -3.461902 -10.108990 -8.119869 -2.984616 -7.607644 -17.756422 -34.879290 -22.354388 -13.583945 -13.508604 -22.437640 -21.097058 -23.485397 -38.294027 
-20.946409 2.075653 14.745428 11.289609 11.170447 22.475760 15.293904 22.890730 18.974293 1.601079 0.435096 -6.780518 -9.270072 -8.406090 -11.564333 -12.145672 -12.355102 -12.696357 -10.518413 -8.914021 -7.690382 -1.637979 5.244393 2.959508 1.658454 0.914370 -4.437530 -11.849656 -9.090527 -3.565733 -8.296980 -18.158319 -34.108841 -21.698265 -15.222301 -14.528622 -21.116113 -16.424241 -17.248122 -36.092958 
-22.272691 1.243290 14.686566 12.134368 10.078154 23.380660 16.587565 19.482682 19.376270 1.109377 2.440877 -7.402357 -7.597005 -9.288039 -13.112300 -12.147474 -13.402770 -12.914517 -11.444891 -9.451671 -7.733171 -2.784977 5.039264 5.280277 1.717582 1.246473 -4.505838 -11.272415 -8.823941 -2.747957 -7.848587 -18.187547 -32.270701 -19.305184 -12.995766 -13.026578 -23.117354 -19.809123 -17.537883 -33.446918 
-21.624181 -0.479065 14.307262 12.955761 7.701391 23.793057 19.377299 14.602492 18.436571 0.704265 3.821402 -7.856125 -5.350807 -10.991816 -13.198794 -11.905352 -14.796318 -13.715355 -11.152625 -9.550023 -8.234016 -4.263906 3.590721 5.642236 2.149004 0.543544 -4.359897 -12.753158 -9.634225 -3.306042 -7.353732 -16.897053 -30.492338 -17.885551 -12.358331 -12.912087 -21.716133 -20.829953 -20.303609 -35.739840 
-13.734022 -0.654795 13.993364 13.895795 5.817226 24.039043 21.119598 9.660714 16.576311 0.247166 3.864976 -6.384920 -4.141558 -11.733298 -11.791216 -12.175448 -15.441629 -14.324584 -10.805946 -9.286722 -8.195036 -5.074883 2.962252 5.522845 2.856124 0.572003 -4.413122 -11.262927 -10.156621 -2.669466 -7.008550 -16.631952 -27.757624 -17.054194 -11.356757 -11.891221 -21.736852 -21.990082 -22.016169 -32.432161 
-10.264328 -2.875336 13.830264 14.212673 4.221286 24.142459 22.831464 5.856393 13.923825 -0.068832 2.537524 -7.965382 -4.197922 -12.371850 -11.207212 -14.187703 -16.539291 -15.431952 -12.226761 -11.056992 -9.665120 -6.527300 2.182257 3.959363 2.081713 0.149961 -5.843821 -12.752946 -9.856875 -4.064460 -7.068820 -16.692579 -28.904492 -17.123868 -11.663857 -12.402075 -23.230503 -19.855403 -17.696555 -32.755820 
-9.855589 -3.220443 13.315744 14.641850 2.686875 23.984626 23.920850 4.932468 11.466882 -1.248751 0.350409 -8.149783 -4.794720 -12.149305 -10.815638 -16.466830 -17.319900 -16.012256 -13.184919 -12.279313 -10.167872 -6.503754 1.992262 3.469082 0.799301 -1.215055 -7.321794 -14.841235 -10.834201 -4.842860 -7.891682 -17.709427 -29.832037 -16.821795 -12.157628 -13.837990 -24.568584 -21.564676 -18.766391 -35.668362 
-15.083075 -2.499375 13.297994 14.607644 2.728043 24.258484 24.113090 4.582484 9.180464 -2.986812 -0.750053 -8.033187 -5.385611 -12.764018 -11.123267 -15.500990 -16.929818 -17.084602 -13.788058 -13.108867 -11.055935 -7.545745 1.259515 2.342155 0.692433 -1.668228 -9.556934 -16.877436 -13.496984 -7.454703 -10.134337 -19.751640 -28.857027 -18.834134 -14.520249 -15.242273 -24.689441 -20.521711 -20.256872 -33.482099 
-27.963690 -3.009918 13.727951 14.142870 4.558983 24.805454 23.375746 1.196158 6.542767 -7.214756 -1.821212 -9.207257 -5.914330 -12.308319 -11.535107 -14.111371 -15.761654 -15.990137 -13.555275 -12.265191 -11.219620 -7.410428 1.198881 1.160785 1.224808 -4.203630 -12.297852 -17.814223 -14.199756 -8.174357 -11.042607 -20.179354 -28.088559 -21.319506 -18.842954 -18.364689 -25.633113 -21.808060 -20.955395 -30.297927 
-20.322427 -0.960037 13.589149 13.255889 9.610118 25.117716 22.153072 0.770718 2.743197 -7.703144 -5.439569 -11.428758 -7.998505 -13.908947 -14.863847 -16.659285 -18.440611 -16.556953 -12.723172 -10.812253 -7.111464 -1.409840 1.599826 -0.637313 -0.732040 -10.121035 -18.011923 -22.612458 -17.894042 -11.843470 -15.252223 -23.500007 -34.110823 -26.698273 -23.191761 -23.139053 -32.998459 -29.866687 -27.268965 -38.746189 
-13.453333 0.589901 11.418548 7.152339 13.425847 20.483562 16.423920 4.642893 -2.213193 -12.068449 -15.277592 -17.465429 -14.924366 -18.436987 -18.087292 -20.472016 -19.697873 -15.345950 -10.153531 -11.067869 -12.889457 -9.429143 -11.778546 -11.717901 -12.420043 -25.771299 -30.099653 -35.563487 -29.500496 -21.861439 -27.499294 -35.552041 -39.752485 -35.344562 -36.002782 -36.909603 -43.092622 -40.830267 -38.059122 -44.817997 
-15.219717 -1.034683 9.607081 5.744417 2.396548 5.311457 -5.141330 -3.723446 -6.826673 -20.273591 -22.939985 -23.488723 -23.177474 -22.121384 -24.747911 -28.264551 -34.108034 -39.635353 -34.763058 -34.609949 -33.021705 -35.524317 -36.333877 -33.811238 -39.325046 -41.600682 -42.304712 -42.820201 -42.797901 -44.478261 -44.128480 -44.195624 -44.446339 -44.857919 -44.944090 -45.736290 -45.776623 -45.871252 -45.736196 -46.498477 
-24.965822 -2.559273 7.198763 1.325700 -0.667281 2.653117 -6.637990 -6.922294 -15.667889 -23.031750 -30.654784 -31.217597 -31.491246 -32.390648 -33.474488 -35.916048 -40.437722 -43.409011 -48.909732 -48.082898 -51.033334 -51.155575 -46.869122 -48.001987 -48.095660 -53.980984 -58.011453 -58.250479 -54.405785 -50.302066 -55.803918 -60.617082 -57.141066 -56.491108 -57.670395 -59.756730 -60.274330 -62.682803 -60.051966 -61.511138 
-29.093778 -4.918162 4.962290 0.065716 -4.490209 -2.037249 -13.553721 -12.362409 -23.833487 -23.811677 -31.382940 -34.560819 -37.742392 -36.767183 -36.112179 -33.086640 -36.314072 -41.385576 -48.905496 -49.987799 -52.478355 -51.265716 -47.647757 -47.510654 -48.156382 -52.719625 -55.841244 -57.030638 -56.290577 -56.476271 -58.157314 -59.186393 -57.870405 -58.259360 -56.216814 -58.861494 -59.566814 -60.105275 -59.675907 -62.033451 
-22.434866 -7.956015 0.351925 -6.879594 -7.786118 -4.050003 -10.853000 -18.237726 -35.351587 -35.747228 -35.486998 -44.529231 -42.499193 -41.482096 -42.181776 -47.558510 -44.809146 -47.577216 -49.380947 -48.800243 -56.343875 -55.870625 -53.332697 -51.551696 -53.069772 -57.098718 -57.708658 -59.297341 -60.529421 -57.241649 -59.464414 -61.727822 -61.508148 -60.574576 -61.149959 -60.632225 -60.971827 -61.953634 -63.160934 -64.015099 
-20.624083 -10.836970 -5.147782 -10.694192 -18.769213 -22.328818 -18.627802 -24.917087 -38.960548 -36.401440 -39.663956 -45.144077 -44.998050 -48.158051 -49.094808 -48.604072 -47.399569 -50.340862 -52.355174 -53.776251 -54.391194 -55.635475 -56.257095 -56.023948 -56.408506 -56.580931 -58.752402 -58.904490 -59.014504 -60.508604 -60.889368 -61.285560 -61.686798 -62.272770 -62.238549 -62.862556 -63.730540 -62.915645 -61.751866 -62.916985 
-19.483970 -20.357194 -16.923956 -19.762001 -21.253283 -24.420943 -30.324979 -35.264027 -37.790608 -37.771992 -35.733501 -36.042236 -37.211780 -37.989065 -38.183906 -38.134220 -38.359114 -37.905702 -36.873104 -35.695795 -34.855930 -35.039701 -36.470091 -39.082167 -41.456720 -42.940681 -43.156438 -44.025765 -45.670090 -46.249901 -48.241807 -51.693119 -52.700629 -56.293634 -61.003511 -62.732950 -60.403727 -62.405314 -66.212823 -61.694195 
-2.488573 0.155951 4.001408 3.757721 0.456990 2.705664 1.267925 -9.243888 -15.469380 -13.285459 -17.562597 -20.489724 -20.772928 -25.296076 -20.760053 -15.851665 -14.072246 -11.170667 -12.808004 -11.878796 -11.594550 -11.773154 -15.719689 -16.761200 -16.818736 -24.512063 -23.851485 -22.985211 -22.383900 -21.427169 -23.443493 -31.391486 -30.804108 -33.899959 -36.085642 -37.622386 -31.973781 -34.776200 -38.801760 -38.591308 
-2.145135 0.719425 12.793562 14.387350 7.252620 16.590584 15.008798 -2.730149 -2.644982 -8.433628 -11.559983 -14.506076 -17.644854 -23.576851 -18.344543 -18.121410 -17.878863 -14.200617 -14.279101 -11.913168 -7.125258 -12.112540 -14.566971 -7.297642 -13.029716 -22.166401 -22.727911 -24.713671 -22.892532 -15.943342 -19.345601 -30.192939 -30.870758 -27.204726 -27.176415 -27.674821 -30.268972 -34.239838 -33.221995 -38.252513 
-11.600078 -0.916925 14.456222 14.669647 6.186453 22.129519 19.953660 0.174472 -0.149655 -11.807335 -13.048036 -20.123792 -14.349682 -19.668925 -18.465789 -19.998457 -22.059925 -19.913571 -15.814086 -13.268271 -9.078041 -6.582823 -7.116526 -5.284868 -11.972906 -22.346229 -25.697055 -30.722738 -21.858379 -15.485362 -25.587363 -31.827015 -36.630135 -33.007384 -33.127155 -31.798341 -34.152642 -34.360894 -33.664659 -41.165817 
-11.851311 -0.081067 15.174228 13.964051 5.361233 23.236080 19.786147 -3.205839 -1.358362 -13.950256 -11.876765 -15.139030 -13.510469 -15.655746 -18.014798 -18.040898 -21.843302 -19.937193 -17.633954 -16.222411 -15.170718 -10.721118 -2.470891 -3.725281 -6.124647 -14.325227 -20.302985 -25.793793 -17.939853 -14.167510 -20.493873 -28.235191 -33.117001 -26.715573 -25.593312 -27.208686 -33.186594 -29.427780 -29.529399 -36.583370 
-14.141489 1.440901 15.276421 13.121235 8.353117 24.066847 18.830137 -2.500484 -3.521203 -16.739916 -12.954778 -16.799648 -14.802155 -17.259519 -20.375672 -20.389784 -23.532502 -22.249117 -20.078002 -17.638491 -15.649892 -11.255665 -2.736116 -2.027667 -5.256946 -9.643639 -17.015086 -21.437169 -13.935104 -9.355015 -17.395980 -28.788776 -36.397386 -24.361475 -19.430227 -20.587427 -32.683988 -29.323986 -28.672709 -42.190016 
-18.826078 1.765356 15.311172 12.591405 10.375015 24.416524 17.647821 -1.489633 -2.241926 -13.077870 -11.490651 -14.064500 -15.229084 -16.851185 -20.943442 -20.944722 -22.369719 -21.601250 -20.611877 -17.520456 -15.287975 -10.532512 -2.019468 -2.118598 -6.409453 -6.325117 -13.078721 -19.093364 -14.297959 -9.557058 -15.058323 -24.950975 -31.732127 -21.673024 -16.810604 -17.779514 -29.864357 -27.163707 -24.332720 -39.758978 
-24.210289 2.320538 15.387803 11.685695 12.246302 24.422831 15.908831 0.583298 -1.758553 -10.749274 -11.838763 -13.328344 -17.294839 -18.048583 -21.068796 -21.992127 -21.977190 -21.601193 -18.939168 -17.584903 -15.351189 -10.951801 -2.540456 -3.089632 -5.414607 -5.506257 -10.854218 -19.036962 -14.449104 -7.699408 -12.805558 -23.229091 -31.641540 -21.232681 -16.340211 -16.975200 -28.457601 -25.805281 -24.153658 -39.251730 
-22.032623 3.640364 15.499149 11.133704 13.533741 23.978732 14.151343 1.929621 -2.890441 -8.750989 -14.232419 -12.896600 -18.832559 -19.625992 -19.056695 -22.269022 -21.761896 -21.311558 -17.883940 -16.650599 -13.602740 -9.938234 -1.970177 -0.843094 -3.213878 -4.440629 -11.016758 -18.955886 -14.338613 -8.509759 -13.157886 -21.519598 -30.837077 -18.739250 -13.651933 -15.020146 -26.712528 -23.680254 -23.535828 -38.736536 
-13.884496 5.006798 15.434539 9.857866 15.017157 22.490870 10.007211 1.709341 -7.012267 -8.118740 -13.885404 -14.972897 -20.526359 -20.375604 -17.910600 -20.645978 -22.144038 -22.648321 -18.380048 -16.246963 -13.808481 -9.868298 -2.223393 -1.053293 -3.022782 -2.847280 -10.496823 -18.333953 -18.436152 -13.312361 -16.700131 -22.607626 -32.682115 -19.083536 -13.654213 -14.876807 -24.754759 -22.324115 -21.151086 -35.134874 
-13.373875 6.513233 15.195531 8.988378 15.153561 19.635195 7.193494 3.448785 -9.317863 -6.241806 -15.914851 -17.546629 -17.838964 -20.420762 -19.233726 -20.617107 -22.068063 -21.345549 -19.620488 -18.089395 -15.978372 -10.935208 -3.353657 -4.300674 -3.345389 -3.660144 -11.821351 -19.112993 -18.647602 -14.477439 -18.080855 -22.939687 -24.579444 -18.865975 -15.611536 -15.479552 -23.275533 -20.952212 -21.860997 -29.064702 
-11.071927 8.230991 14.437342 6.924640 12.848563 12.773222 2.700136 3.043775 -8.868225 -10.477476 -20.881158 -20.529653 -17.673402 -19.459517 -23.070667 -25.256325 -25.932761 -27.933705 -27.781594 -25.252260 -20.523409 -16.199866 -10.879880 -12.906840 -7.730430 -7.412643 -18.375575 -22.536430 -20.219069 -18.021649 -20.219596 -18.659823 -20.223735 -18.840994 -15.427194 -14.220182 -18.355225 -18.821918 -22.771690 -24.695121 
-8.390450 8.602780 12.566566 4.084147 5.258038 0.839670 0.746503 -3.261900 -15.138570 -16.347441 -22.871267 -22.609978 -23.225459 -24.051119 -27.207588 -25.747424 -26.455180 -23.898849 -23.535572 -25.575029 -19.689840 -13.402764 -10.854369 -14.297916 -13.095419 -8.757257 -14.740764 -17.792257 -15.619811 -16.818537 -15.172480 -14.579734 -15.332716 -12.162398 -9.425301 -10.170566 -10.161813 -11.650179 -13.088381 -19.062867 
-8.183729 6.525098 7.791984 -2.209040 -6.804495 -5.009404 -5.635780 -12.357525 -21.020097 -22.666480 -24.809353 -23.650251 -24.611138 -25.630498 -22.702119 -20.836813 -22.255925 -22.143336 -24.794917 -26.737213 -20.198382 -10.155460 -10.773297 -16.906297 -12.405314 -11.036035 -19.558369 -21.786909 -17.029514 -15.235184 -12.929357 -9.741288 -13.907860 -8.782955 -5.738150 -1.111145 -2.225862 -6.298173 -7.684502 -12.047178 
-10.907783 -2.047842 -0.267084 -7.755932 -13.258405 -15.357514 -25.211834 -28.481234 -24.917090 -24.767610 -25.276797 -23.838669 -19.922143 -20.764130 -27.519777 -26.757254 -21.130486 -23.176838 -21.766203 -24.801134 -18.237280 -7.478502 -12.340261 -17.961227 -16.609507 -12.746951 -15.574505 -15.384135 -17.399722 -13.736149 -16.584166 -13.263633 -16.273463 -7.901300 -4.195049 0.813032 0.523615 -4.330805 -6.881198 -8.535553 
-19.366594 -17.586508 -14.677356 -24.087163 -22.575387 -20.235671 -25.027752 -29.555169 -30.960641 -27.758603 -32.105351 -26.937671 -24.943382 -23.530314 -24.979484 -25.167215 -24.283446 -25.407357 -26.900217 -26.261493 -23.962379 -16.021422 -16.645925 -22.596368 -19.008322 -13.675100 -17.944475 -19.594355 -16.274596 -15.616059 -15.962911 -14.724361 -14.117219 -12.079943 -9.832274 -6.351392 -4.972425 -4.476560 -6.024499 -5.687903 
-20.185352 -15.083767 -13.260649 -20.315363 -19.412230 -21.317473 -29.303393 -27.232319 -22.979058 -21.348223 -24.580265 -23.928285 -20.535863 -22.882382 -22.589589 -21.801514 -20.639117 -25.890222 -25.017440 -27.798910 -20.122163 -16.934795 -19.722825 -20.653968 -20.038538 -17.089990 -16.916410 -21.303353 -19.686664 -19.163357 -18.473914 -15.185394 -17.955259 -13.411250 -5.787242 -4.174031 -0.967901 0.191135 -0.429029 -4.853479 
-17.237915 -19.000830 -15.808058 -25.327793 -32.481169 -23.890113 -23.528916 -29.348956 -29.502386 -31.519170 -29.540241 -25.387386 -22.711273 -20.678313 -20.463238 -25.054804 -23.645473 -25.153383 -22.697653 -26.082139 -21.041714 -15.337758 -22.111565 -20.891851 -16.506731 -13.850069 -15.156474 -20.005018 -18.979706 -20.335097 -16.062759 -18.015940 -15.689957 -11.880791 -2.007001 -0.149346 0.118104 -1.083783 -0.708583 -2.056834 
-20.589968 -21.554873 -23.285341 -26.267990 -33.959289 -36.627727 -30.639194 -30.978490 -30.878312 -28.475653 -28.628180 -33.290938 -35.571820 -27.030334 -25.019165 -25.429424 -24.363020 -22.292211 -27.627427 -28.553825 -24.255909 -19.552576 -24.751203 -21.974255 -20.386151 -17.969583 -15.921787 -18.602558 -18.359587 -20.385612 -17.039387 -15.922467 -16.842064 -10.993514 -2.669193 -0.546333 0.367014 0.003276 -0.906263 -2.973713 
-23.236723 -25.219506 -32.345416 -32.316486 -27.703418 -33.044201 -28.808683 -28.060468 -22.803234 -22.293752 -30.852345 -37.082946 -26.339320 -20.021865 -22.390552 -25.349414 -23.204336 -25.260965 -20.149821 -26.772880 -28.877814 -24.354818 -26.213431 -21.770465 -21.063274 -16.916497 -19.417614 -24.514460 -21.888744 -19.882454 -18.118228 -14.207236 -13.755825 -11.243794 -5.593252 -0.514518 0.188838 1.028837 -5.236915 -5.769378 
-27.153750 -27.667361 -30.760155 -33.646777 -33.585175 -30.403972 -27.164622 -20.869666 -22.515945 -28.935320 -31.783803 -25.253677 -23.893703 -23.531208 -23.814524 -29.957513 -30.138778 -25.775708 -24.395551 -24.125816 -15.556199 -17.567380 -19.997517 -22.933392 -19.761151 -12.298433 -13.853947 -21.901238 -18.974306 -15.986395 -14.945740 -14.765650 -18.885266 -10.138892 -3.344403 -0.510757 0.712368 0.705715 -2.847283 -2.313034 
-22.639055 -26.925165 -31.193289 -35.656712 -32.477266 -27.755833 -27.554110 -19.625477 -20.883350 -30.570685 -26.262285 -19.649692 -23.745776 -20.616975 -18.570808 -21.100174 -17.501496 -19.564818 -24.388834 -22.760923 -14.704144 -15.456046 -23.644653 -24.007743 -17.989779 -14.089978 -16.403107 -18.974065 -15.309433 -14.506491 -16.379735 -12.322117 -15.613685 -9.870289 -2.976828 1.117626 0.464352 -0.023818 -2.419717 -5.242243 
-21.812322 -25.994297 -36.115010 -38.717042 -30.514643 -31.902369 -23.269218 -22.313835 -28.626488 -28.960782 -20.805756 -20.337317 -21.540187 -15.626162 -21.974151 -20.729792 -18.552453 -17.981158 -19.014029 -19.886262 -13.345151 -12.512922 -17.177585 -20.224312 -14.212570 -13.577125 -17.004526 -19.907622 -19.641787 -18.154743 -16.549530 -12.446052 -11.845406 -6.903826 -4.259702 -0.424065 -3.770114 -3.776147 -5.932548 -5.019580 
-23.878972 -27.967224 -25.123877 -26.978576 -23.419455 -29.021191 -25.059234 -28.215803 -25.877773 -20.754206 -22.147002 -24.754085 -24.780717 -19.073392 -19.135874 -21.695477 -24.135284 -21.053052 -22.758022 -19.783494 -11.161536 -14.831804 -18.836260 -18.422920 -12.056923 -13.869000 -17.015406 -20.229235 -19.406271 -16.399679 -16.092194 -13.988372 -13.250066 -7.245954 -2.984925 -2.875862 -4.794454 -3.694794 -3.632524 -8.475695 
-13.221685 -5.457959 1.593371 4.302937 0.878386 -3.263733 -0.624618 -4.293671 -8.733273 -12.016261 -18.844208 -21.482472 -18.279800 -20.724661 -18.339260 -19.401270 -21.183504 -21.189195 -20.873366 -18.164312 -11.693818 -15.994741 -22.999836 -22.302945 -9.510195 -8.284708 -16.068740 -19.858133 -21.645148 -16.997191 -16.154597 -16.215864 -15.302944 -8.757855 -6.702122 -9.434557 -11.256814 -11.526089 -12.009402 -13.245584 
-15.009992 2.098583 13.410491 12.631988 10.466528 14.281301 12.931262 10.809498 5.791377 -2.284534 -4.710336 -10.513486 -9.761189 -8.643973 -11.864134 -15.494433 -16.380884 -14.683273 -10.239707 -3.659068 -5.764172 -15.716224 -20.990161 -16.988182 -11.651058 -13.355405 -20.320276 -24.926900 -23.038521 -18.411667 -19.272507 -17.632749 -23.684163 -19.538552 -15.845835 -16.006383 -16.721990 -18.710512 -18.703876 -22.164535 
-21.131015 5.304911 15.738236 10.477757 11.973827 19.592271 11.412295 18.490952 13.550319 3.284070 -2.555086 -4.446168 -9.576599 -7.453076 -7.371150 -9.858823 -10.791043 -9.282957 -5.064854 1.277983 -0.261277 -9.497116 -14.593149 -12.842451 -5.134658 -6.162454 -16.134763 -22.630744 -18.716262 -12.498491 -14.654231 -18.374960 -26.108162 -20.159115 -14.031110 -13.612376 -19.665696 -21.426060 -21.061900 -28.128205 
-15.798786 5.468656 15.801001 10.087060 13.255349 19.296298 12.143892 23.805863 17.146352 7.293979 -1.508663 0.173495 -5.671858 -6.806003 -6.825227 -8.607421 -9.062334 -7.188015 -2.338907 3.655095 4.116316 -7.248656 -12.526539 -10.055932 -2.370829 -4.541944 -14.287606 -21.568955 -16.607317 -11.130632 -11.282563 -17.026357 -29.901322 -18.958746 -11.717621 -11.161581 -21.700530 -19.621867 -21.158573 -32.462866 
-17.405271 5.858930 15.330338 9.158088 13.750528 17.523802 13.309775 25.429982 16.105910 12.287924 2.224499 2.984039 -2.242307 -5.568129 -6.647586 -7.463674 -8.471375 -5.764869 -1.310188 4.351676 4.145607 -5.379499 -9.855577 -8.639424 -2.134417 -3.888701 -13.778198 -19.814668 -15.772051 -9.925620 -11.034288 -17.822179 -29.529200 -19.525961 -13.129406 -12.348135 -21.172182 -17.976961 -19.590353 -32.466676 
-14.339907 6.233003 15.226921 8.519338 13.989267 16.906826 14.796524 24.668246 13.044447 15.487010 4.565458 3.811731 -2.206662 -5.497012 -6.178692 -7.024167 -9.162720 -5.144536 -0.339427 5.541224 3.468817 -3.787298 -8.733300 -7.805262 -2.360366 -5.542632 -14.290909 -19.362125 -14.756519 -7.795945 -8.481501 -15.394412 -29.600996 -18.753115 -12.262589 -10.999766 -18.977052 -18.575152 -19.906035 -31.660635 
-15.215541 7.064399 15.218570 8.396783 14.571032 16.208268 15.198556 23.459187 13.565668 16.846501 5.555974 3.263969 -2.245252 -5.052350 -5.989621 -5.928327 -7.600691 -4.415188 1.273487 6.936840 3.092700 -4.204048 -9.290940 -8.211239 -2.134075 -6.833671 -15.074071 -19.690240 -14.140902 -7.441610 -7.489998 -15.000219 -32.051677 -21.368079 -14.061748 -12.200219 -19.516182 -16.511854 -18.719802 -34.383912 
-13.535714 7.080319 15.064144 8.146323 14.353504 15.721768 16.126702 22.192002 12.793895 15.857716 5.258462 2.212510 -3.007289 -6.197099 -6.563170 -6.290947 -7.501942 -4.217043 1.836233 7.064979 1.035456 -5.945869 -10.616711 -8.501424 -1.879832 -7.740264 -16.040473 -20.460856 -14.667581 -8.194358 -9.728347 -18.649402 -32.370163 -25.743065 -18.034783 -14.863449 -22.400371 -24.343089 -26.862881 -35.784951 
-12.536634 6.722714 13.581729 7.252652 13.206613 14.295664 17.815924 19.163440 11.118441 9.739160 2.440777 -2.407203 -5.092151 -8.266934 -8.466649 -8.174720 -9.313254 -6.228159 1.228555 5.385582 -3.183323 -10.269297 -14.220831 -8.388188 -2.269075 -10.279567 -17.542164 -21.749559 -17.275469 -12.481645 -13.667993 -21.557238 -36.094700 -34.749403 -28.169051 -23.974329 -29.547266 -29.742507 -30.161828 -40.312219 
-6.727055 5.840886 9.336303 5.818731 9.415067 -0.732076 3.653978 3.610030 -1.342996 -9.004697 -12.782169 -20.536227 -18.666081 -20.778938 -20.915838 -19.994969 -21.274223 -17.468413 -10.913336 -8.170207 -21.645179 -30.757496 -27.706994 -19.549180 -16.995236 -23.131759 -28.336594 -29.356431 -31.006979 -29.612810 -32.244294 -35.691933 -40.056630 -39.270370 -37.679210 -34.371102 -35.167842 -38.371958 -39.817830 -44.880895 
-10.536863 3.200754 7.463272 2.436076 8.879547 0.364968 -4.182475 -5.080859 -13.735407 -22.209513 -26.508624 -28.507346 -36.010387 -39.444296 -43.143914 -38.127491 -37.420456 -30.869324 -25.772115 -35.396904 -39.785123 -42.348744 -41.198738 -40.618744 -41.174101 -45.989198 -49.012104 -50.757322 -50.428515 -49.790785 -49.557323 -56.148171 -57.684814 -56.005181 -56.404540 -54.961881 -59.027287 -57.461577 -57.699943 -58.601331 
-12.964422 -0.423204 -1.651290 -7.423613 4.811772 -1.945734 -4.925417 -13.585296 -19.902704 -20.117207 -25.877715 -28.512124 -31.210015 -29.259064 -22.530386 -23.715420 -29.052921 -30.493699 -26.768368 -21.202391 -31.802081 -37.746650 -34.744127 -22.125519 -22.532402 -24.086915 -27.547554 -20.955172 -17.990858 -21.542039 -21.377876 -32.989423 -34.228695 -34.142724 -31.768405 -37.027167 -36.187688 -29.578713 -32.967056 -37.092961 
-11.147768 4.608213 10.259257 4.933374 9.282115 9.771633 6.496554 9.385079 4.263924 -0.126108 -7.482157 -12.344274 -14.762677 -14.859832 -13.233371 -13.794348 -13.872885 -12.094150 -5.682376 -5.519380 -13.138827 -17.551330 -16.695632 -9.948941 -7.608713 -13.477482 -17.814679 -14.483668 -13.006395 -15.443985 -16.836224 -24.021766 -28.819053 -28.033791 -26.242660 -27.234654 -26.477357 -24.773393 -29.671979 -31.474319 
-9.858181 7.497914 13.764373 6.742545 13.972408 12.839116 13.412803 17.941098 10.368754 8.320233 0.528935 -5.273003 -6.716070 -6.964777 -8.242590 -8.258260 -8.112338 -4.008379 2.446662 2.929072 -5.280093 -7.705574 -8.608048 -4.586523 -4.923448 -12.136979 -18.512301 -18.385007 -15.656512 -17.626562 -20.923371 -27.340022 -33.213667 -32.493186 -31.153654 -29.602555 -27.878248 -24.335809 -26.416629 -34.850579 
-10.808791 7.981749 14.596966 7.139919 14.513266 13.458615 15.217310 19.911000 12.519247 12.794020 4.268836 -0.169685 -2.309785 -3.744256 -5.456690 -5.323266 -5.140234 -0.861110 6.322302 6.502933 -1.067197 -4.795127 -4.652823 -6.648839 -13.295730 -20.814378 -22.056224 -21.058699 -18.056966 -18.835718 -21.901199 -29.363609 -40.773494 -36.986513 -32.525866 -32.734440 -32.131356 -27.095134 -30.189400 -43.967022 
-14.114589 7.963586 14.424499 6.570669 14.648137 13.127353 15.690558 18.147048 15.225025 15.109570 6.191640 -0.234043 -2.041516 -2.034596 -4.162028 -4.558555 -4.540286 1.287774 7.934748 7.637323 1.098088 -0.783635 -5.732303 -13.709615 -18.726536 -22.450635 -23.838481 -22.569394 -16.200230 -15.010864 -18.048979 -25.360186 -37.543571 -36.430875 -30.759105 -28.084200 -36.754078 -35.270931 -36.429667 -42.076487 
-11.218177 8.069011 13.961197 6.679127 14.812949 12.152516 15.375322 15.913425 17.697632 15.678785 6.599445 -1.160822 -2.441223 -1.097787 -2.922393 -3.820523 -2.670855 4.341945 9.114261 7.326573 3.953056 -0.086327 -9.208526 -16.977577 -21.079029 -23.981271 -24.734907 -24.810314 -18.268719 -14.490996 -16.029367 -24.333923 -33.407280 -33.785423 -31.246233 -28.005941 -33.223802 -34.201357 -33.398245 -35.491091 
-11.467466 7.863058 13.565915 5.608493 14.863854 11.884242 15.362643 14.506703 19.616979 14.951856 6.076538 -1.423093 -2.814687 -0.522483 -2.096700 -2.871600 -0.542386 7.069214 9.108331 6.108484 3.864663 -4.449790 -15.014330 -21.678906 -25.197796 -29.553532 -30.648606 -30.166606 -21.935722 -16.425125 -17.432036 -25.345707 -39.539355 -39.377510 -33.722170 -28.689159 -37.282263 -36.245996 -36.130174 -47.312980 
-12.385726 7.760257 13.356227 6.052000 14.738425 11.394309 15.363379 14.225490 19.728165 14.144170 6.201087 -2.014515 -2.585161 -0.553252 -1.722646 -2.062370 0.391923 7.818154 9.191730 6.636687 3.478572 -5.849918 -17.616930 -23.551449 -25.140693 -28.935167 -30.037212 -29.252125 -23.226586 -18.007677 -17.453828 -24.105193 -35.392960 -36.854340 -34.357281 -30.932271 -37.052568 -35.682520 -34.253090 -38.768227 
-8.909948 7.787515 13.086779 6.081280 14.535797 11.107688 15.285461 14.085906 19.360357 13.543741 5.896980 -1.898826 -2.650440 -1.168851 -1.921222 -1.728388 1.553553 8.854599 9.700038 7.809036 3.032887 -8.141997 -19.926702 -26.405104 -27.723368 -29.871759 -30.990577 -30.921758 -25.174809 -18.837512 -16.923662 -24.682682 -38.522027 -37.553451 -34.789985 -31.501191 -39.389897 -37.830337 -34.579058 -40.436572 
-9.407162 7.445358 12.947365 4.779036 14.138538 11.107505 15.015081 14.123779 18.642075 13.279691 5.344053 -2.136822 -3.334360 -1.349692 -2.083858 -2.057741 2.223209 9.192416 10.200203 8.241089 0.669249 -11.997525 -21.614390 -26.361300 -27.603314 -29.409241 -31.687939 -30.862467 -26.691930 -20.066325 -16.602375 -23.073252 -35.033793 -35.951061 -34.575476 -31.483656 -36.877047 -36.830855 -36.571373 -38.342183 
-11.152816 6.925784 12.578606 5.197239 13.781499 10.575176 14.543856 13.582506 18.038236 13.055388 5.209596 -3.058458 -3.960813 -1.925571 -2.898767 -2.291795 2.106376 9.272168 10.664032 7.849441 -0.307621 -13.842764 -22.504544 -26.647639 -27.365117 -30.414286 -30.923736 -31.832964 -28.144043 -22.500470 -17.724288 -23.101345 -35.222644 -36.670971 -34.792258 -32.252568 -37.353723 -37.032197 -36.939822 -38.804479 
-13.937689 6.636639 12.257239 5.164575 13.420462 10.132663 13.974819 13.012143 17.916336 12.942436 4.132378 -3.676851 -4.325175 -2.291558 -3.347322 -2.684527 2.324793 9.305295 10.746857 7.045305 -1.371092 -15.061104 -23.375961 -27.465595 -28.689675 -30.493246 -32.076925 -32.036607 -28.742163 -23.607874 -17.616318 -22.543212 -34.135863 -35.751626 -34.995914 -32.910327 -36.850024 -37.267078 -36.002461 -37.828148 
-12.457546 6.608491 12.146780 3.759700 13.245693 9.994780 13.532072 12.303892 17.926958 12.560486 4.017762 -3.745871 -4.512034 -2.564299 -4.011748 -3.568685 1.605544 8.730026 10.757841 6.372930 -2.048863 -15.543877 -24.272888 -26.898656 -28.099290 -29.492710 -30.074935 -30.737581 -29.043738 -24.270665 -18.970098 -22.789835 -32.779093 -34.385293 -34.293813 -32.947430 -35.127269 -35.524321 -35.120181 -36.178612 
-11.317444 6.655523 11.978802 4.743563 13.080331 9.563667 13.097351 11.872689 17.655048 11.625421 3.607602 -4.032519 -4.443199 -2.912203 -4.128371 -3.617839 1.361885 8.452159 9.941556 5.904889 -3.031405 -16.541454 -25.071758 -28.562718 -28.867552 -31.143877 -31.352756 -31.695198 -30.883503 -25.168012 -18.523800 -22.511395 -34.022201 -35.339737 -34.858548 -32.648502 -35.974210 -35.914350 -34.685901 -36.935015 
-15.341729 6.183615 11.728058 4.727207 12.635887 9.063442 12.565639 11.252485 16.841794 10.929212 2.641073 -4.794349 -5.594676 -3.871321 -4.796154 -4.296668 0.548062 7.988369 9.756071 5.617292 -3.972254 -17.938073 -27.588450 -32.489654 -33.793027 -37.621517 -40.624577 -40.348142 -35.008858 -26.693591 -18.395253 -22.836385 -40.021600 -43.238713 -41.719752 -36.184295 -45.184135 -42.771103 -41.657761 -52.770831 
-13.187174 5.862231 11.413492 2.971469 12.157420 8.718573 11.971883 10.682358 15.971730 10.378688 2.414597 -5.116061 -5.797105 -4.034047 -5.281278 -4.664471 -0.025647 7.650198 9.438095 5.727757 -3.445027 -17.649713 -27.099282 -32.547816 -33.928195 -37.777861 -38.713659 -39.554219 -34.870174 -27.718637 -19.467685 -23.012144 -38.566050 -40.834407 -41.259690 -36.311510 -44.922697 -44.726516 -44.463402 -48.713081 
-9.392265 5.810584 10.913794 3.605902 11.777588 7.779754 10.996024 9.360544 15.117634 9.285867 2.669593 -4.560584 -5.887833 -4.976130 -7.070725 -5.836472 -1.694477 6.076067 8.169748 4.343340 -4.529828 -18.907838 -27.682757 -30.727554 -33.456410 -36.392491 -37.749683 -39.124185 -36.517220 -29.589448 -20.326425 -23.436516 -40.005568 -41.354667 -40.715166 -37.293153 -43.821817 -45.875922 -42.113194 -46.510929 
-13.269585 5.110049 10.437320 3.413900 11.018109 7.187860 9.657516 7.955157 13.873776 8.078803 2.252755 -5.417879 -6.510707 -6.020966 -7.547055 -6.548993 -2.528659 5.197852 6.906746 3.549568 -4.916247 -18.743604 -28.352642 -32.486080 -33.811003 -37.296314 -37.310043 -37.987323 -37.870589 -32.062237 -23.693003 -27.151920 -39.802614 -42.941052 -41.457681 -38.791859 -44.396774 -43.333250 -40.910474 -45.488399 
-12.578250 4.282925 9.628339 1.116322 9.940280 5.876526 8.054677 6.338888 12.750133 6.715067 1.621215 -5.841953 -7.433013 -7.611318 -8.868255 -8.139188 -4.593968 3.028365 6.061959 3.037746 -5.617992 -20.402110 -30.918131 -36.247817 -38.586528 -43.063056 -44.077237 -45.618426 -40.927566 -34.316869 -24.970678 -28.189391 -45.623754 -47.869017 -48.727682 -44.948088 -49.488716 -45.776207 -42.643740 -51.590066 
-12.423060 3.522657 8.815458 1.695264 9.335387 4.833844 6.328224 4.325166 11.300156 4.665173 0.609392 -6.049243 -7.599966 -8.537912 -9.548485 -9.141579 -6.575589 1.044272 3.915320 1.278007 -8.269088 -22.341276 -32.617089 -35.345559 -36.808032 -39.437638 -40.331166 -41.158163 -39.297994 -33.015247 -24.965019 -28.046783 -43.324207 -44.970069 -44.904117 -43.309760 -46.164692 -44.037869 -39.987372 -46.563413 
-15.696812 3.152319 8.648945 1.585955 7.737201 4.058794 3.589457 2.858208 8.660143 3.368377 -1.758959 -8.571892 -10.023327 -10.053642 -11.626614 -11.530036 -9.419963 -2.136328 2.200966 0.269543 -7.652861 -23.434925 -34.191466 -38.052741 -38.799045 -45.435342 -49.363939 -47.702718 -45.929348 -37.699055 -29.693463 -30.625300 -44.738666 -48.364159 -48.522931 -43.253494 -49.662878 -48.426301 -44.773279 -51.408090 
-16.773996 1.898620 8.105162 -0.576393 5.008227 1.776228 -1.898758 -2.322814 3.094548 0.587790 -5.400229 -12.049533 -13.387418 -13.950906 -16.153581 -18.259866 -18.325831 -9.816890 -4.483480 -4.957869 -12.236461 -29.608134 -35.779864 -41.576511 -43.489545 -48.786894 -48.906904 -51.761864 -51.025449 -40.870125 -33.464831 -32.080285 -44.991928 -50.992955 -49.783705 -44.962270 -47.584250 -45.853893 -39.772481 -50.941075 
-19.865181 -0.883303 6.850132 -1.428658 0.523202 -1.472361 -8.188571 -11.058029 -5.834876 -12.405660 -17.275063 -16.825834 -20.106327 -21.549485 -23.131860 -23.473099 -23.108907 -17.175468 -7.944316 -5.493461 -16.185125 -29.293734 -43.855114 -44.543434 -47.202429 -47.129710 -49.214467 -50.863647 -50.879459 -46.230860 -37.032265 -38.758561 -49.476765 -54.864609 -50.586469 -46.400630 -48.963014 -45.641731 -39.308794 -50.589210 
-18.048736 -1.098562 4.067522 -4.801961 -6.598100 -7.999604 -16.702669 -18.219373 -12.457706 -17.451141 -22.091369 -20.273835 -23.844395 -31.073313 -34.072423 -29.210272 -27.817392 -22.340949 -19.492504 -13.814792 -19.442544 -30.292696 -42.060441 -40.081368 -42.371264 -47.028081 -50.451331 -49.392526 -51.874988 -46.557993 -38.491452 -39.661234 -51.878761 -52.703574 -50.890012 -51.109890 -50.416200 -48.013956 -42.410787 -52.011204 
-16.842479 -4.977703 -4.771004 -10.113164 -14.773128 -16.876406 -24.674680 -27.729334 -19.367603 -18.877954 -26.023206 -29.659567 -27.298301 -27.464030 -33.718591 -30.980543 -33.271967 -26.339988 -18.281060 -14.038286 -17.807060 -23.471129 -32.388940 -43.507613 -47.485977 -54.602169 -49.014196 -50.043294 -51.037961 -47.930012 -39.525547 -39.310477 -51.782444 -55.287315 -52.787823 -49.804641 -49.871765 -48.224350 -44.237974 -53.589356 
-17.480488 -6.079117 -2.747814 -10.571585 -21.845740 -22.040800 -24.989561 -27.891316 -27.450169 -21.627599 -27.896339 -25.561013 -25.553021 -31.703493 -31.952657 -30.212623 -37.206748 -32.803181 -30.609278 -16.609435 -15.945687 -22.086532 -32.814151 -39.581794 -43.303527 -49.718966 -49.663623 -53.878111 -53.906451 -47.250215 -44.452248 -51.247928 -55.258507 -54.304871 -54.228688 -52.571275 -53.680203 -53.986717 -51.243453 -59.243492 
-21.433462 -11.259904 -5.031036 -11.895611 -20.530367 -25.356833 -26.296459 -26.202512 -23.602688 -26.188459 -26.230671 -23.425399 -28.750030 -30.075895 -29.968176 -33.137401 -36.524994 -34.504487 -28.477519 -24.516707 -23.732297 -25.277076 -38.060386 -41.307546 -45.340488 -50.183123 -54.007149 -60.137354 -52.422899 -44.530837 -45.077170 -53.836246 -59.056179 -56.824056 -56.021699 -55.097839 -57.366937 -58.790091 -56.368845 -64.219638 
-22.430547 -16.779743 -12.951075 -20.370552 -32.431809 -41.079075 -38.407573 -35.145812 -32.222327 -34.118271 -32.461850 -34.189572 -30.499218 -29.270869 -31.603674 -37.761952 -44.360490 -40.298256 -30.662176 -23.827277 -27.234467 -31.816201 -43.861186 -46.421485 -53.229755 -60.194795 -56.155654 -60.324700 -60.537182 -54.838165 -54.178607 -59.393276 -65.971137 -67.205831 -65.544284 -61.688601 -63.207408 -65.011311 -65.949626 -70.335541 
-32.960178 -32.530110 -32.664392 -34.460783 -39.130313 -45.520661 -44.043987 -45.624099 -52.266759 -52.892604 -45.017658 -42.330000 -41.622962 -44.504283 -50.563577 -49.138311 -56.550830 -60.874213 -46.564565 -42.225132 -45.323223 -55.678048 -60.179500 -61.025347 -66.167266 -69.977281 -71.279502 -71.224360 -75.070925 -75.984491 -73.903195 -73.492871 -77.863723 -80.269835 -79.462463 -78.363366 -81.948397 -79.441514 -80.228794 -82.652224 
NaN NaN NaN NaN NaN NaN NaN NaN NaN NaN NaN NaN NaN NaN NaN NaN NaN NaN NaN NaN NaN NaN NaN NaN NaN NaN NaN NaN NaN NaN NaN NaN NaN NaN NaN NaN NaN NaN NaN NaN 
NaN NaN NaN NaN NaN NaN NaN NaN NaN NaN NaN NaN NaN NaN NaN NaN NaN NaN NaN NaN NaN NaN NaN NaN NaN NaN NaN NaN NaN NaN NaN NaN NaN NaN NaN NaN NaN NaN NaN NaN 
NaN NaN NaN NaN NaN NaN NaN NaN NaN NaN NaN NaN NaN NaN NaN NaN NaN NaN NaN NaN NaN NaN NaN NaN NaN NaN NaN NaN NaN NaN NaN NaN NaN NaN NaN NaN NaN NaN NaN NaN 
NaN NaN NaN NaN NaN NaN NaN NaN NaN NaN NaN NaN NaN NaN NaN NaN NaN NaN NaN NaN NaN NaN NaN NaN NaN NaN NaN NaN NaN NaN NaN NaN NaN NaN NaN NaN NaN NaN NaN NaN 
NaN NaN NaN NaN NaN NaN NaN NaN NaN NaN NaN NaN NaN NaN NaN NaN NaN NaN NaN NaN NaN NaN NaN NaN NaN NaN NaN NaN NaN NaN NaN NaN NaN NaN NaN NaN NaN NaN NaN NaN 
NaN NaN NaN NaN NaN NaN NaN NaN NaN NaN NaN NaN NaN NaN NaN NaN NaN NaN NaN NaN NaN NaN NaN NaN NaN NaN NaN NaN NaN NaN NaN NaN NaN NaN NaN NaN NaN NaN NaN NaN 
NaN NaN NaN NaN NaN NaN NaN NaN NaN NaN NaN NaN NaN NaN NaN NaN NaN NaN NaN NaN NaN NaN NaN NaN NaN NaN NaN NaN NaN NaN NaN NaN NaN NaN NaN NaN NaN NaN NaN NaN 
NaN NaN NaN NaN NaN NaN NaN NaN NaN NaN NaN NaN NaN NaN NaN NaN NaN NaN NaN NaN NaN NaN NaN NaN NaN NaN NaN NaN NaN NaN NaN NaN NaN NaN NaN NaN NaN NaN NaN NaN 
NaN NaN NaN NaN NaN NaN NaN NaN NaN NaN NaN NaN NaN NaN NaN NaN NaN NaN NaN NaN NaN NaN NaN NaN NaN NaN NaN NaN NaN NaN NaN NaN NaN NaN NaN NaN NaN NaN NaN NaN 
