NaN NaN NaN NaN NaN NaN NaN NaN NaN NaN NaN NaN NaN NaN NaN NaN NaN NaN NaN NaN NaN NaN NaN NaN NaN NaN NaN NaN NaN NaN NaN NaN NaN NaN NaN NaN NaN NaN NaN NaN 
NaN NaN NaN NaN NaN NaN NaN NaN NaN NaN NaN NaN NaN NaN NaN NaN NaN NaN NaN NaN NaN NaN NaN NaN NaN NaN NaN NaN NaN NaN NaN NaN NaN NaN NaN NaN NaN NaN NaN NaN 
NaN NaN NaN NaN NaN NaN NaN NaN NaN NaN NaN NaN NaN NaN NaN NaN NaN NaN NaN NaN NaN NaN NaN NaN NaN NaN NaN NaN NaN NaN NaN NaN NaN NaN NaN NaN NaN NaN NaN NaN 
NaN NaN NaN NaN NaN NaN NaN NaN NaN NaN NaN NaN NaN NaN NaN NaN NaN NaN NaN NaN NaN NaN NaN NaN NaN NaN NaN NaN NaN NaN NaN NaN NaN NaN NaN NaN NaN NaN NaN NaN 
NaN NaN NaN NaN NaN NaN NaN NaN NaN NaN NaN NaN NaN NaN NaN NaN NaN NaN NaN NaN NaN NaN NaN NaN NaN NaN NaN NaN NaN NaN NaN NaN NaN NaN NaN NaN NaN NaN NaN NaN 
NaN NaN NaN NaN NaN NaN NaN NaN NaN NaN NaN NaN NaN NaN NaN NaN NaN NaN NaN NaN NaN NaN NaN NaN NaN NaN NaN NaN NaN NaN NaN NaN NaN NaN NaN NaN NaN NaN NaN NaN 
NaN NaN NaN NaN NaN NaN NaN NaN NaN NaN NaN NaN NaN NaN NaN NaN NaN NaN NaN NaN NaN NaN NaN NaN NaN NaN NaN NaN NaN NaN NaN NaN NaN NaN NaN NaN NaN NaN NaN NaN 
NaN NaN NaN NaN NaN NaN NaN NaN NaN NaN NaN NaN NaN NaN NaN NaN NaN NaN NaN NaN NaN NaN NaN NaN NaN NaN NaN NaN NaN NaN NaN NaN NaN NaN NaN NaN NaN NaN NaN NaN 
NaN NaN NaN NaN NaN NaN NaN NaN NaN NaN NaN NaN NaN NaN NaN NaN NaN NaN NaN NaN NaN NaN NaN NaN NaN NaN NaN NaN NaN NaN NaN NaN NaN NaN NaN NaN NaN NaN NaN NaN 
NaN NaN NaN NaN NaN NaN NaN NaN NaN NaN NaN NaN NaN NaN NaN NaN NaN NaN NaN NaN NaN NaN NaN NaN NaN NaN NaN NaN NaN NaN NaN NaN NaN NaN NaN NaN NaN NaN NaN NaN 
NaN NaN NaN NaN NaN NaN NaN NaN NaN NaN NaN NaN NaN NaN NaN NaN NaN NaN NaN NaN NaN NaN NaN NaN NaN NaN NaN NaN NaN NaN NaN NaN NaN NaN NaN NaN NaN NaN NaN NaN 
NaN NaN NaN NaN NaN NaN NaN NaN NaN NaN NaN NaN NaN NaN NaN NaN NaN NaN NaN NaN NaN NaN NaN NaN NaN NaN NaN NaN NaN NaN NaN NaN NaN NaN NaN NaN NaN NaN NaN NaN 
-66.222633 -70.037413 -70.541180 -67.610484 -68.004617 -72.037015 -74.235421 -75.584136 -80.614433 -81.805642 -86.215344 -86.153677 -90.292060 -90.644186 -93.065408 -88.962054 -85.545174 -85.340602 -85.420245 -88.335545 -88.536074 -90.075329 -91.674065 -92.157129 -90.160685 -91.397781 -97.876475 -99.838989 -95.285604 -94.720912 -94.127983 -92.745457 -91.210346 -93.590647 -95.527904 -96.292312 -94.204282 -93.156288 -95.690172 -100.184757 
-47.587337 -55.194329 -54.936266 -56.891491 -58.759055 -67.438900 -65.750390 -71.149032 -68.343201 -68.538388 -73.441444 -74.012314 -80.644472 -76.393074 -77.217886 -77.154749 -77.186527 -75.790108 -71.705697 -75.234358 -74.904892 -79.693063 -80.096892 -79.603912 -81.679306 -83.954392 -85.953111 -87.738759 -85.459934 -83.486624 -79.535474 -80.506332 -80.362989 -81.968557 -82.303250 -83.720074 -82.716854 -81.800192 -82.979398 -85.030702 
-40.796540 -49.338231 -56.566921 -58.472113 -56.606856 -65.024701 -69.609708 -78.565389 -68.429050 -77.388783 -76.542550 -77.382724 -75.974956 -73.473320 -71.217937 -70.587210 -77.548215 -78.140381 -77.098583 -74.913264 -76.929968 -78.988865 -77.257382 -76.267005 -79.782778 -82.238640 -78.568767 -81.426611 -80.100177 -81.275740 -78.679328 -78.444583 -81.823929 -78.061145 -76.562533 -78.937901 -79.489856 -76.981007 -79.859167 -82.149552 
-42.334877 -49.466597 -45.810340 -45.858433 -55.689556 -56.036373 -66.262210 -71.669463 -68.109262 -73.181499 -70.898728 -68.346032 -75.005778 -75.160490 -76.687283 -75.738159 -82.509881 -80.603262 -76.545102 -76.164599 -77.425878 -77.069816 -80.301125 -76.235897 -73.918202 -79.827464 -78.888798 -80.319331 -78.415037 -80.139163 -83.394262 -80.884039 -81.727078 -78.726341 -79.567577 -81.314687 -80.603936 -81.759986 -80.984302 -81.442153 
-41.264188 -42.325116 -41.406432 -37.601660 -43.694219 -53.993499 -55.737313 -61.218742 -68.494697 -65.704025 -70.817134 -68.622585 -74.899631 -70.306154 -73.612462 -73.993145 -74.443547 -72.157976 -71.915262 -71.163555 -72.374162 -75.313801 -75.180347 -72.889978 -76.065066 -81.726859 -76.732066 -78.066111 -76.168119 -77.414767 -80.836989 -80.972575 -82.616741 -81.316997 -79.432686 -79.105684 -79.985014 -76.885918 -79.057210 -84.078717 
-37.501809 -50.976804 -48.844076 -44.075280 -47.826039 -57.097983 -69.724536 -69.913570 -69.502227 -74.746360 -76.040524 -77.012875 -75.450911 -77.729782 -75.202331 -74.873522 -74.620752 -78.053336 -73.581893 -75.647904 -74.894254 -77.256266 -79.131140 -79.181024 -80.486509 -77.451902 -75.618964 -77.249736 -78.790199 -76.203796 -85.434079 -84.176369 -81.839296 -84.148721 -77.658731 -78.827882 -79.373812 -76.943270 -79.051309 -80.184447 
-38.325543 -52.263539 -54.360990 -46.867632 -52.094537 -56.601465 -59.366562 -62.906075 -71.225602 -72.260165 -74.025989 -76.592309 -77.891669 -70.806450 -71.147641 -73.655460 -72.802523 -72.781360 -73.473639 -79.457079 -79.379273 -80.214702 -79.324990 -76.556221 -75.652301 -74.947826 -76.872224 -76.900682 -76.768140 -76.746875 -76.852892 -78.949449 -81.607721 -82.871989 -77.780818 -78.798922 -80.069669 -79.311717 -81.197275 -80.474543 
-14.891899 -15.543573 -14.918437 -14.138666 -14.221681 -15.793630 -18.587579 -21.570343 -25.847798 -32.937291 -32.596917 -31.534625 -37.144841 -38.159125 -35.158617 -34.499281 -36.161307 -33.388891 -31.532522 -30.632575 -30.121375 -31.034854 -30.500792 -33.929278 -38.289980 -33.925999 -39.688938 -37.779987 -37.326491 -42.341717 -39.699965 -42.272548 -43.615668 -49.680087 -49.809980 -49.434336 -45.025380 -46.123241 -50.327591 -51.478893 
-3.904792 -4.921358 1.565097 8.398956 3.551623 -3.671823 -0.875457 -3.026668 -11.614109 -12.663873 -16.932394 -17.915571 -25.168085 -22.210592 -19.900506 -21.237117 -24.631170 -20.384417 -15.194266 -17.656123 -11.291076 -16.260758 -17.298151 -21.311160 -22.899535 -20.572715 -27.326373 -26.599826 -24.335198 -27.715710 -25.601821 -21.902448 -29.271885 -33.629922 -31.112662 -35.765676 -32.410074 -31.513723 -33.812777 -38.729955 
-2.189346 -1.613616 13.284522 20.539378 14.747057 12.383021 20.659274 18.486460 5.842239 5.246854 -5.519010 -2.921092 -11.033018 -9.612448 -13.074387 -10.490054 -13.974659 -12.300854 -8.300437 -6.012084 -0.318178 3.600748 -1.614064 -8.177740 -11.470391 -5.974943 -10.095090 -16.857141 -22.312907 -24.243902 -20.739869 -17.708200 -25.258791 -24.228612 -18.535700 -27.453152 -31.020425 -25.213684 -24.323557 -25.599237 
-7.533254 -11.408663 13.722071 22.975738 14.107646 8.275872 24.290862 20.507078 1.757422 11.388152 0.616635 3.471887 -1.460971 -2.834949 -9.077429 -9.132673 -14.679620 -11.248966 -7.793645 -5.787573 -3.721906 3.906276 8.100178 1.103943 -5.941516 -4.079677 -1.889202 -7.952239 -14.604593 -19.918562 -16.710553 -13.943902 -17.868315 -20.847779 -18.076646 -27.404914 -33.927409 -22.110250 -18.178938 -18.858799 
-17.355679 -14.294471 12.314336 23.212399 15.590027 3.874409 23.016235 20.884149 -3.047675 13.613703 3.757764 1.281537 0.797040 -6.487883 -7.113179 -12.257660 -14.379731 -8.917489 -9.463776 -8.443139 -3.973832 -2.630122 7.297102 4.471334 -1.274686 -5.213960 -0.390348 -3.733625 -9.512151 -14.567581 -12.371530 -9.627295 -10.926942 -18.806152 -19.527384 -33.025913 -35.206245 -21.895954 -18.687265 -20.207664 
-26.598265 -15.623850 11.345863 23.193551 16.300215 1.573850 22.380992 21.519604 -1.235434 14.253731 5.212635 -0.990736 0.307144 -8.537802 -6.167996 -14.045844 -15.880248 -9.236170 -10.503197 -8.434988 -4.619867 -4.451236 3.948753 5.874805 2.357533 -2.742162 1.143630 -1.081161 -9.008238 -14.560657 -14.470657 -7.613973 -7.538924 -13.981527 -15.958455 -24.874546 -32.638484 -19.688593 -16.778620 -16.066673 
-15.366992 -14.907932 10.489328 23.205673 17.371304 0.673812 21.936794 22.287027 -3.068366 13.645061 7.173442 -2.177549 1.758569 -9.319130 -5.883057 -13.223431 -12.637779 -8.997734 -10.396082 -7.748233 -5.046939 -5.207931 1.481847 5.624585 4.091773 -5.420108 -0.481958 -0.842006 -6.324707 -12.137118 -13.101554 -9.025336 -6.239703 -12.254560 -12.410141 -23.224708 -30.134722 -20.803192 -13.744321 -14.014937 
-18.900912 -18.828245 8.813911 23.114921 18.295414 -0.517701 21.382987 23.290578 -1.881814 10.953969 6.856641 -6.979960 0.145919 -11.740248 -5.537093 -14.465331 -13.637922 -10.983272 -11.632182 -8.087482 -7.214096 -7.320957 -1.514066 2.838157 4.032533 -4.863228 -3.180677 -1.640098 -6.921287 -12.166467 -11.665817 -8.867154 -7.338132 -12.210421 -15.610104 -25.755435 -31.011112 -20.308558 -16.468767 -17.602514 
-20.024898 -10.742843 7.445199 23.017213 19.020271 -1.526278 20.936487 24.199259 0.765203 7.296276 5.873372 -9.821554 -1.857372 -12.007096 -5.599655 -18.469558 -14.156642 -13.075073 -12.570652 -8.790247 -9.852549 -8.536310 -4.543295 1.975141 4.845041 -4.394874 -2.795176 -0.522523 -6.613859 -14.405038 -16.444842 -12.991255 -10.693755 -13.140861 -18.311003 -27.078746 -33.008202 -21.856084 -21.000200 -18.902139 
-16.244130 -14.879525 5.935093 22.856045 20.010800 -1.925027 19.811983 24.827949 3.113096 1.906538 4.075552 -13.355587 -4.428116 -11.993702 -7.581235 -14.775856 -13.935006 -14.734228 -11.516341 -9.933020 -13.397685 -10.825392 -6.239887 -2.473671 1.510506 -1.912585 -3.535000 -1.349214 -9.080656 -13.055869 -16.307103 -14.592430 -12.228403 -14.300283 -17.805815 -24.091597 -28.889017 -20.454157 -15.400647 -15.996930 
-8.614723 -14.648933 3.384092 22.879910 20.687643 -0.979893 18.553611 24.777518 4.024586 -3.131969 1.319270 -11.497275 -7.019986 -13.907267 -11.555017 -16.348476 -15.115897 -16.838641 -13.001538 -14.257496 -15.845035 -14.148180 -8.367518 -6.510295 -1.421249 -2.815558 -5.754357 -4.427581 -10.615756 -19.372162 -20.651925 -16.592773 -11.417000 -14.827600 -18.938804 -25.868575 -30.270695 -20.290951 -15.837449 -15.073004 
-8.747597 -10.667150 4.519992 23.348762 21.116741 -1.518683 16.876543 23.966184 3.839396 -9.065381 -1.682163 -14.875552 -10.648354 -16.851437 -11.542173 -17.484508 -17.115053 -19.155142 -15.264531 -16.093518 -17.587254 -15.660293 -10.071363 -8.464585 -3.247092 -2.982923 -5.167757 -5.441250 -9.124293 -15.583198 -20.970834 -14.815530 -10.278951 -13.103008 -18.902083 -28.923928 -33.234665 -21.953328 -16.406334 -17.403401 
-18.874579 -14.613204 5.650415 23.794735 21.454517 -2.433136 15.902986 23.051746 3.469323 -7.132697 -3.443930 -13.662395 -11.153759 -14.494058 -13.087535 -15.827490 -17.133870 -17.401469 -15.809284 -16.376955 -17.078431 -16.625975 -13.402280 -10.115720 -5.737911 -2.760286 -5.370399 -7.515720 -13.602496 -19.202104 -19.953006 -13.992620 -10.351995 -12.938189 -16.422897 -28.196769 -30.080551 -18.741356 -15.914299 -18.651548 
-11.776810 -13.104511 6.191296 24.188516 21.402594 -3.363836 15.074225 22.253812 2.777800 -9.549917 -5.882196 -19.904036 -11.328040 -19.255371 -14.854006 -23.206046 -22.404090 -23.821728 -19.150263 -19.948982 -21.453270 -20.112536 -15.081777 -12.033251 -6.943841 -2.359423 -4.926854 -6.262030 -11.937392 -20.540138 -18.929186 -13.291772 -12.295577 -14.304923 -18.563908 -30.528861 -30.096239 -19.220566 -19.261212 -20.671799 
-20.006223 -16.985585 8.081564 24.434247 21.051640 -4.710871 15.324088 21.421318 0.869641 -12.519896 -9.100441 -17.190082 -10.828385 -18.887640 -15.367954 -22.089028 -22.715426 -24.318742 -20.934137 -19.643397 -20.427419 -19.201961 -16.028618 -12.484479 -7.357348 -1.023591 -5.487800 -7.740732 -14.247377 -21.493556 -20.335153 -14.073802 -10.011600 -15.311695 -20.702752 -33.254261 -28.904471 -17.030413 -17.173910 -21.392050 
-21.352558 -17.614562 9.684847 24.653723 20.291610 -5.408899 16.674923 20.893404 -2.278788 -12.331696 -12.839357 -22.995670 -13.735688 -24.084408 -15.173374 -27.226705 -24.740023 -24.601517 -23.629403 -20.768200 -23.133491 -21.372281 -17.824835 -13.268430 -7.457657 -0.439212 -4.239406 -7.564258 -20.163347 -21.939461 -18.947639 -12.686767 -9.361806 -16.441724 -23.170438 -35.929644 -30.599039 -17.593141 -16.801976 -21.429539 
-29.249025 -20.364237 10.320858 24.865274 20.326096 -5.007648 17.283536 21.094164 -1.823989 -10.385642 -12.509014 -19.167031 -12.620584 -21.056853 -13.972072 -23.852818 -22.223885 -23.014622 -23.550335 -19.594011 -21.406563 -19.299613 -14.629332 -7.288145 -3.522741 -2.396304 -4.586649 -10.211825 -20.484166 -22.915997 -20.030317 -14.414426 -12.166087 -21.038467 -25.622962 -36.123975 -36.128718 -23.558264 -22.846600 -25.937707 
-19.483828 -18.514831 11.372086 24.300936 20.341448 3.205559 16.744664 19.820497 -0.558259 -10.810938 -9.392782 -18.411357 -12.645073 -18.433445 -13.920234 -25.419976 -21.578878 -21.469458 -22.904676 -15.510277 -11.048688 -11.271819 -6.271599 -4.907980 -5.945793 -9.247078 -7.651438 -17.095161 -24.002733 -28.780664 -24.485966 -17.921987 -21.366617 -26.366609 -31.608685 -39.243092 -38.748164 -29.680333 -26.402282 -32.577189 
-21.774477 -9.092172 12.749440 19.508959 10.762870 4.848683 11.646126 11.536521 -0.744456 -8.836035 -9.818822 -17.140591 -16.589788 -20.260712 -18.739435 -28.225146 -24.997731 -26.165033 -32.522363 -21.216853 -15.729063 -16.300058 -16.564400 -22.343848 -24.488673 -21.336371 -19.892933 -32.525927 -34.944323 -38.616926 -35.126222 -27.631404 -33.612861 -38.194019 -39.529529 -43.745464 -45.991919 -42.280166 -41.471872 -39.355814 
-12.636199 -7.423345 10.582763 16.212343 6.199048 -1.346047 0.520184 -7.199457 -13.105200 -14.876021 -22.685841 -23.477256 -29.894698 -29.305360 -27.604019 -30.680812 -31.352989 -30.872135 -33.865904 -33.443568 -32.014364 -32.792277 -32.675750 -33.001188 -33.936459 -34.254823 -36.270965 -38.138438 -39.076887 -40.003430 -40.746643 -40.114249 -41.074744 -42.021081 -41.871490 -42.823672 -43.136876 -43.431391 -43.693315 -43.277431 
-21.339671 -15.141178 2.003642 9.594239 2.635716 -12.542136 -9.047534 -7.652201 -20.628192 -26.735142 -32.732263 -30.123473 -33.209602 -40.638208 -44.711727 -42.664878 -45.086841 -46.643275 -44.665783 -47.473706 -47.176026 -50.480827 -45.465676 -44.265946 -42.853346 -42.435924 -47.310530 -53.024763 -56.999574 -56.412998 -52.007484 -52.343551 -54.681929 -56.863414 -57.743212 -55.726153 -58.411196 -58.034236 -58.547193 -59.344869 
-22.441884 -21.402226 -9.960097 -4.956914 -9.524707 -21.969135 -23.591370 -22.309431 -34.004287 -36.115274 -41.099711 -45.828069 -49.697020 -50.464708 -52.956683 -53.118247 -54.296210 -52.368678 -52.178691 -53.631438 -52.680680 -52.234965 -55.250930 -58.079894 -57.260856 -52.965542 -57.041043 -62.572120 -64.396035 -65.234034 -64.038034 -64.271920 -66.113390 -66.321577 -66.107725 -65.046794 -67.030398 -68.439646 -65.705592 -68.331825 
-6.756138 -6.623110 -8.821823 -8.956126 -5.937172 -8.675000 -15.848768 -16.660403 -15.407724 -22.505724 -27.601292 -21.831740 -23.315764 -28.893396 -29.224015 -21.203719 -17.245662 -19.111903 -15.746225 -15.291677 -18.920186 -24.952176 -23.019874 -22.973786 -32.640761 -31.130583 -30.675445 -29.590781 -28.543485 -35.549174 -32.324660 -35.368661 -40.145043 -40.591649 -39.885966 -41.907911 -44.582115 -44.195873 -45.611300 -46.830717 
-4.125648 -9.156181 3.746365 12.947223 10.084375 1.067355 0.324304 0.593854 -11.056718 -17.985600 -18.625189 -18.750314 -17.917097 -20.661542 -21.038544 -17.963795 -11.325235 -12.895388 -8.512727 -4.429647 -9.523015 -14.566444 -17.317674 -19.075336 -23.639124 -20.502500 -20.177195 -26.128436 -24.323165 -28.045659 -24.652576 -27.675898 -31.120634 -29.457607 -30.254099 -34.942306 -37.028841 -34.265303 -35.632231 -34.938486 
-7.174981 -11.595164 10.666907 21.647289 16.640717 3.855546 15.197067 13.238797 -8.860276 -14.038564 -15.853103 -15.035914 -12.977142 -19.720306 -16.641580 -21.127024 -21.318808 -21.744946 -20.227435 -14.884759 -14.703101 -13.624548 -6.685732 -8.409858 -12.007832 -13.017031 -16.821812 -24.668556 -31.284308 -27.829052 -23.066371 -21.132701 -24.417444 -25.370688 -29.106165 -37.336147 -36.709888 -26.304034 -31.053792 -33.222344 
-12.118813 -16.141495 13.144840 23.471615 15.723778 3.005339 19.515948 15.553060 -15.453269 -14.751604 -22.105786 -13.479471 -16.833380 -18.119111 -20.054658 -24.048771 -29.072388 -24.993887 -23.499212 -21.975446 -18.063181 -16.320238 -7.428032 -2.714767 -1.636451 -1.471624 -5.875494 -13.390037 -22.354822 -23.623507 -17.540231 -13.157947 -16.773908 -21.957855 -27.369906 -41.024769 -38.282106 -27.623786 -28.596382 -28.171839 
-14.837816 -16.874008 14.591095 23.819049 14.418981 3.869485 20.102352 14.196452 -16.698013 -8.842433 -19.313916 -13.412618 -19.142416 -16.609024 -22.702950 -23.920362 -27.843006 -25.613431 -22.799158 -21.738268 -21.029089 -19.281502 -12.519018 -8.103792 -0.078871 -0.339346 -3.762684 -7.318768 -15.253815 -17.751952 -16.114833 -10.481860 -11.250468 -16.835304 -22.565864 -38.434847 -36.401659 -21.579788 -21.484654 -25.951836 
-15.804621 -16.146460 15.483612 24.326763 14.747921 4.861079 20.194374 13.125781 -14.685706 -5.997309 -16.142272 -13.040848 -18.780009 -14.360527 -20.373441 -21.218831 -23.530430 -23.393964 -19.588729 -19.311490 -20.035427 -19.860099 -14.532635 -10.689691 -4.272533 0.965470 -3.573674 -4.880428 -11.347901 -16.512206 -16.335472 -9.375805 -8.222289 -17.524105 -28.120586 -38.678671 -37.175682 -21.579514 -21.934657 -27.002673 
-23.076914 -13.192424 16.443160 24.346221 13.717688 7.637487 20.633321 12.332823 -10.906268 -4.633321 -14.690655 -13.350826 -17.913884 -12.604728 -20.209064 -19.946956 -23.640395 -23.452976 -19.923460 -19.079136 -19.649119 -19.632456 -16.010890 -10.473656 -2.657633 0.978965 -4.946102 -5.195491 -10.840556 -16.804738 -16.159507 -9.650841 -6.282798 -16.950511 -29.215173 -35.407800 -32.194371 -22.007508 -21.409745 -26.343985 
-22.999312 -8.641013 17.060735 24.193031 12.581241 8.757909 20.748658 10.932410 -7.516174 -3.340523 -18.562351 -14.346731 -20.068572 -12.791758 -22.006478 -21.809657 -24.832916 -24.724133 -21.150248 -20.441064 -21.991548 -22.090755 -17.365534 -12.362362 -3.368053 -0.878782 -5.666489 -5.501435 -11.294141 -18.499805 -18.425831 -11.984101 -7.714370 -16.967580 -29.036524 -38.177483 -32.171537 -18.757510 -22.790630 -25.988522 
-18.544651 -6.271476 17.881323 24.067532 11.549944 10.274630 20.449319 9.091761 -4.785517 -2.754246 -21.335454 -17.698246 -22.290316 -14.891402 -21.860338 -23.455253 -25.221196 -24.469989 -22.315759 -20.764149 -21.631189 -24.089810 -17.320419 -12.585801 -4.031833 -3.239715 -4.644439 -3.981017 -11.248187 -19.095767 -20.084899 -12.177159 -8.889176 -14.235029 -24.650852 -37.821313 -32.119193 -18.020912 -21.990128 -24.200454 
-13.977817 -4.974601 18.571498 23.730351 10.697168 11.039329 19.539554 6.797795 -1.909791 -3.032102 -23.147714 -25.493766 -19.427172 -16.681829 -20.037517 -22.008181 -22.031320 -21.977410 -20.791075 -21.268604 -20.743218 -24.446449 -15.757008 -11.640070 -4.033444 -7.265401 -7.766752 -8.384323 -14.289320 -22.979798 -23.285210 -15.570660 -11.509228 -15.643802 -24.136376 -33.700202 -31.785228 -20.815208 -20.532061 -22.161438 
-17.286507 -0.793720 19.157450 22.418072 7.990372 12.293439 17.019435 3.126987 0.814175 -6.001986 -17.334441 -20.692428 -17.560673 -19.368046 -15.324506 -20.050898 -22.169562 -23.345978 -26.480913 -23.281153 -22.358188 -23.910703 -14.536088 -9.400124 -6.397277 -12.165496 -10.223141 -13.037341 -19.686498 -22.240909 -26.149707 -20.653027 -14.667784 -18.225464 -22.439508 -27.339636 -27.995337 -18.246828 -17.435311 -20.580239 
-14.376907 2.833492 18.312666 18.924726 4.838632 9.991872 9.121579 -1.117838 -0.042916 -11.468575 -14.067143 -18.990696 -17.444819 -19.345622 -17.037447 -22.841401 -24.229663 -28.660755 -28.207284 -23.402995 -23.500598 -17.958727 -9.748184 -7.164404 -14.388174 -16.792806 -14.173668 -15.127348 -22.448467 -22.762215 -17.894043 -14.848685 -12.097409 -15.715879 -19.720591 -14.827583 -15.266449 -14.923524 -15.800654 -19.457960 
-14.312326 2.644252 13.577430 10.875074 -1.758192 -0.064036 -8.731299 -5.670784 -9.148675 -16.063496 -19.962323 -23.617912 -25.679787 -27.048438 -23.051680 -23.608229 -21.949531 -22.068729 -28.753852 -26.710165 -17.408297 -11.065649 -7.052428 -11.091883 -17.333172 -19.062604 -16.381012 -14.891119 -18.220567 -20.107520 -18.427932 -15.440443 -11.765011 -12.171740 -11.462721 -7.806122 -5.101472 -5.459458 -7.351176 -9.765545 
-13.390448 -2.217911 2.486301 -7.829732 -11.458963 -12.755002 -15.397608 -23.865530 -21.077019 -16.830023 -20.526303 -20.715005 -24.747143 -22.393165 -22.900321 -22.186193 -18.730401 -23.586160 -25.695793 -25.285077 -17.288785 -10.899909 -9.765907 -18.800365 -15.186987 -16.824481 -15.244259 -15.175043 -17.950520 -18.544572 -12.518118 -11.381992 -6.907934 -8.749219 -5.691054 -3.460150 -4.781426 -4.235112 -1.131109 -1.762946 
-16.281301 -14.029154 -15.322299 -13.249013 -17.939523 -22.504922 -19.656788 -20.599985 -24.040691 -24.074307 -21.309184 -22.133004 -18.082018 -23.179530 -24.626579 -20.418440 -25.186304 -24.541680 -30.819495 -30.489646 -15.717749 -6.674108 -14.975719 -18.357818 -17.091736 -16.819594 -15.586327 -12.609355 -17.465984 -18.281787 -11.224608 -15.799924 -6.217783 -9.833806 -7.221913 -5.164322 -3.625341 -4.506984 -1.227335 -0.236465 
-20.131439 -14.890538 -6.822910 -7.168196 -17.660987 -27.105240 -28.119711 -26.521379 -24.148210 -35.487201 -19.757985 -21.700857 -23.088486 -20.899709 -22.604600 -21.363415 -23.880078 -29.286879 -27.582114 -27.735534 -18.459374 -12.750182 -15.159726 -21.071475 -19.398583 -22.385228 -19.132762 -19.534287 -17.793898 -19.675681 -17.416487 -13.685535 -12.134151 -9.700091 -9.224746 -7.063889 -4.239613 -2.539015 -0.888232 -0.180433 
-18.688470 -12.880528 -8.408790 -8.963682 -19.052587 -22.407541 -23.345366 -20.722648 -21.155073 -28.812302 -23.214002 -30.703256 -22.809428 -18.395178 -22.245856 -23.637907 -24.343059 -27.622637 -30.326922 -28.287844 -22.937848 -20.538742 -16.553835 -22.937287 -22.869208 -25.946683 -24.723548 -21.312584 -22.444058 -18.955845 -17.185880 -16.748127 -13.552108 -10.933535 -10.337370 -7.275136 -5.992530 -0.091044 2.486428 3.306018 
-21.920630 -17.911600 -13.803389 -12.926131 -23.075716 -24.408870 -26.788196 -29.684778 -28.644886 -28.756260 -29.981626 -25.601394 -28.153783 -21.422991 -18.562589 -25.531099 -27.398055 -24.673773 -24.340348 -27.920469 -20.711022 -23.794695 -22.434497 -25.712959 -23.179061 -25.859594 -24.981798 -24.365877 -26.735609 -23.950313 -18.673901 -17.192122 -12.017153 -15.505760 -9.659999 -10.317214 -8.564939 -4.811740 -0.606187 2.287575 
-15.290220 -15.402603 -10.148463 -10.779171 -29.025051 -30.100955 -29.469134 -30.763255 -26.301635 -29.796816 -32.453261 -27.591526 -30.521005 -25.897589 -23.299304 -26.024298 -29.634413 -23.956507 -28.882041 -30.814071 -25.200642 -23.241177 -23.176239 -21.484809 -20.736573 -26.779505 -23.639539 -24.342685 -22.496794 -23.455354 -21.375824 -19.237989 -12.819985 -15.179266 -11.366968 -12.681066 -8.229425 -5.365044 1.238438 2.604595 
-11.953624 -14.747680 -11.859457 -13.431897 -23.585268 -30.600823 -32.585417 -26.061810 -26.887655 -36.293829 -29.979386 -22.324753 -22.009936 -21.417176 -23.684698 -25.836093 -27.574144 -30.925381 -30.284197 -29.763909 -22.995744 -23.029676 -24.215368 -23.771256 -27.124085 -27.831059 -26.787981 -25.602537 -21.339823 -23.808868 -21.541001 -18.637892 -13.814957 -15.880554 -15.585178 -13.282394 -7.813858 -5.334937 -0.955508 1.777778 
-14.616182 -18.716616 -31.638313 -28.753924 -33.296711 -30.011162 -28.684243 -27.264506 -39.234744 -37.561452 -32.924325 -27.267228 -20.899777 -21.335237 -24.265780 -27.015187 -26.496417 -26.729734 -33.743821 -28.147192 -21.458859 -19.867365 -20.118342 -28.073738 -26.145102 -27.307359 -27.881624 -24.935822 -25.117619 -19.917104 -24.173219 -21.762500 -14.423787 -15.104898 -13.664306 -14.775385 -8.989726 -5.141707 -0.394462 3.454756 
-20.904820 -23.387421 -25.927664 -23.501304 -28.409869 -30.276133 -36.191785 -24.508064 -27.853581 -35.849570 -29.132862 -26.292393 -24.397395 -21.090270 -20.643988 -19.140976 -23.429126 -22.973492 -30.290813 -23.523254 -22.016659 -23.092906 -19.390119 -22.497841 -20.354827 -24.318178 -26.090728 -21.578321 -23.322321 -21.791917 -23.328562 -18.498942 -16.403740 -15.828877 -12.927845 -11.099739 -11.272183 -9.836494 -2.373921 0.110459 
-21.452094 -24.621181 -26.546907 -31.979698 -35.909272 -26.235853 -23.920881 -21.988525 -28.133261 -24.248293 -27.751724 -29.613885 -24.732842 -17.242521 -16.037881 -21.076430 -20.409564 -26.929075 -25.461890 -20.567144 -24.920867 -22.163806 -16.360926 -20.447957 -21.132992 -26.505732 -20.378768 -20.049732 -25.584455 -21.353357 -21.878748 -15.595912 -10.106209 -14.273985 -12.818679 -9.927579 -8.471464 -4.977366 0.401766 -0.661914 
-19.342517 -19.752987 -21.547793 -27.925203 -28.984139 -21.104060 -16.310395 -17.083770 -23.275884 -20.840890 -18.341821 -23.035764 -18.877010 -18.541560 -21.527608 -19.999769 -17.373447 -21.446779 -25.697819 -19.386529 -14.642651 -17.739290 -21.780206 -19.759873 -20.716300 -19.922504 -18.324644 -16.162329 -18.920227 -20.284636 -19.000087 -15.974841 -11.817819 -15.310599 -12.127154 -9.988445 -7.448464 -4.991644 -0.215421 1.423432 
-14.073319 -23.364416 -31.116863 -27.302469 -27.080358 -25.439135 -17.424061 -14.723571 -20.744257 -22.939692 -26.088362 -22.208668 -24.309469 -22.670722 -21.338335 -16.762898 -19.587071 -22.196936 -22.399920 -15.591026 -13.327879 -16.016153 -17.409122 -14.651841 -16.641480 -22.473044 -15.628375 -15.386561 -19.512249 -19.174404 -17.479394 -14.974205 -11.723013 -16.018028 -14.538732 -13.098362 -7.939833 -7.613886 -2.754217 -2.447356 
-15.373035 -11.794510 -2.277783 1.347892 0.430884 -5.379550 -13.027085 -11.829470 -12.036135 -17.723268 -22.402404 -22.341830 -19.685412 -17.869840 -23.128338 -20.447555 -25.055067 -27.540834 -27.575878 -17.316461 -8.748671 -9.189981 -11.156415 -18.001886 -23.775339 -25.205484 -12.917925 -16.933431 -20.815460 -22.742353 -19.344187 -14.764441 -9.484070 -18.323607 -15.117295 -11.967756 -9.807564 -11.085898 -6.288355 -8.962861 
-11.833347 -0.386562 13.342805 17.729030 11.527941 10.832689 13.337664 8.175115 0.236618 -7.568951 -13.631936 -9.509307 -12.679560 -11.009102 -12.752440 -15.946503 -17.449700 -17.645762 -17.783454 -13.331244 -5.261211 -8.477164 -15.631110 -18.955559 -20.805263 -17.729303 -13.032909 -20.330691 -25.359108 -26.546249 -26.853156 -23.898410 -15.862166 -21.239762 -20.341727 -21.925311 -19.634735 -22.319793 -19.488295 -20.298909 
-26.010224 -1.495238 16.491515 18.584476 3.942759 17.187038 19.792243 7.988282 11.539964 2.436892 1.236599 -3.832720 -8.967006 -10.345869 -8.299695 -12.678891 -11.997154 -11.052699 -9.124416 -6.385689 -1.248032 -0.671269 -6.557263 -10.642453 -12.622087 -9.921362 -6.750556 -14.174466 -21.912075 -24.646749 -23.396285 -17.190315 -10.275939 -15.622168 -17.443939 -24.626904 -31.989550 -29.501678 -25.305392 -24.113293 
-18.864048 -0.274566 16.826081 17.865560 3.178269 18.062942 18.022581 7.844691 18.711566 6.516965 5.455022 -4.753879 -5.051641 -12.241608 -7.806051 -11.334310 -13.163090 -11.726262 -8.102361 -4.707347 0.137857 2.885128 -0.817046 -7.481810 -10.378152 -7.062637 -4.274573 -11.051802 -17.475865 -19.674117 -18.104889 -9.740979 -4.960653 -13.238573 -18.970634 -28.835492 -37.147479 -29.993403 -25.872042 -22.461244 
-17.188621 0.483568 16.682590 16.221728 1.645975 17.960516 15.728110 11.360693 22.104824 7.939312 6.670452 -6.535469 -1.705679 -7.312018 -7.494732 -10.301237 -12.746517 -11.885349 -8.892461 -4.712828 -0.147533 5.565634 0.690015 -5.771527 -9.062748 -6.167923 -3.028297 -8.413991 -14.924258 -17.154155 -14.872955 -5.130005 -3.517490 -12.889174 -17.094248 -25.115773 -31.896467 -29.319469 -25.996739 -25.267981 
-16.439951 2.252400 16.536391 15.108063 4.427426 17.659129 13.084771 15.214534 22.877164 7.787757 8.579803 -3.293415 -1.756943 -5.961606 -9.870279 -10.578475 -11.667643 -10.188464 -7.048760 -2.679972 3.537708 6.821599 -1.652600 -5.327772 -8.184492 -4.661217 -1.688776 -9.355314 -15.321347 -17.925484 -14.446995 -4.557465 -3.232116 -11.738373 -17.535488 -29.926133 -40.970128 -33.203583 -25.803944 -24.709854 
-17.001834 3.383828 16.403551 13.498827 5.865705 17.769248 10.535613 18.373895 21.205510 8.674733 8.676063 -0.347694 -3.307681 -3.745793 -9.733475 -11.278841 -9.989662 -9.864363 -6.993388 -1.512752 5.024214 5.106239 -3.440343 -6.033583 -8.510882 -4.417096 -2.166440 -9.800237 -14.215791 -16.736309 -14.264925 -6.186675 -5.479986 -13.485034 -19.014757 -34.525659 -42.856306 -36.246894 -31.817159 -26.231585 
-14.886214 4.787934 16.089231 11.941930 9.036321 17.842722 9.875257 19.672666 16.299972 8.745196 6.369593 0.863855 -3.052425 -3.459535 -8.957432 -10.487594 -9.768446 -8.912047 -6.223031 -0.636952 5.359246 -0.889218 -5.448241 -8.510799 -9.996732 -3.743926 -4.788739 -12.518534 -17.757624 -20.791239 -17.018175 -9.508896 -9.576057 -20.094006 -26.055802 -32.139753 -36.080439 -35.540531 -33.799090 -30.632976 
-13.221757 4.287117 12.293755 8.001793 13.358360 13.943134 11.899488 15.161883 9.170230 1.155344 -1.743815 -4.130257 -7.342354 -9.574015 -11.159009 -13.017821 -12.289460 -10.966135 -7.127004 -1.053749 1.372699 -9.059212 -13.524018 -16.133367 -13.440733 -7.636325 -10.628253 -19.583998 -23.424568 -22.254489 -19.446517 -16.412544 -16.319590 -27.678896 -30.463700 -32.233077 -32.874958 -34.575075 -34.312834 -34.293696 
-11.086179 1.466902 0.816272 4.901758 7.156656 -5.328216 -9.518161 -12.463662 -6.969846 -11.228804 -20.040795 -24.298478 -29.578808 -23.141411 -25.003524 -30.983913 -29.889293 -28.885059 -26.682176 -20.274717 -15.588945 -22.114999 -24.924778 -26.260803 -23.088875 -17.935457 -20.887391 -23.262301 -24.489309 -23.447721 -24.657926 -25.401619 -26.544184 -31.491818 -35.847295 -36.699851 -37.484105 -36.679421 -37.797557 -38.570250 
-5.069250 -4.614075 -9.047907 -1.432201 3.222837 -9.126727 -9.880572 -4.858099 -8.759140 -11.197294 -11.893640 -14.147734 -20.168034 -14.855110 -14.506486 -19.320476 -13.964666 -19.862268 -19.011512 -21.540857 -13.486435 -16.453315 -16.332965 -14.058644 -13.570744 -10.599026 -14.463435 -16.249307 -13.373313 -11.648755 -10.578262 -11.952467 -15.844413 -21.161810 -24.925747 -26.427729 -28.153125 -31.081462 -31.660701 -32.773241 
-6.832673 0.883768 9.594046 10.230482 8.316303 6.018584 3.868803 4.314889 -0.923800 -1.920745 -9.451087 -9.508691 -12.041111 -15.107948 -14.374677 -15.296585 -17.870605 -16.663838 -14.814647 -12.271714 -9.341611 -14.751883 -13.593237 -14.026181 -11.685148 -10.371380 -12.368355 -15.868247 -11.536956 -15.548509 -17.426771 -16.748399 -18.156874 -18.863442 -23.074354 -29.629713 -32.781392 -29.969323 -29.322344 -32.100932 
-8.061233 6.957003 15.468015 9.109709 10.911192 15.247278 7.225157 15.457235 10.291846 8.426334 -0.673990 -0.929247 -6.964354 -6.844842 -6.609257 -10.561633 -12.085652 -10.054498 -7.612004 -2.290048 0.438014 -4.673388 -6.422042 -6.570212 -6.364863 -8.062902 -14.719716 -16.646256 -17.195016 -21.292823 -26.923640 -23.956598 -23.383455 -24.579039 -29.046082 -37.991509 -41.979067 -39.295206 -35.317945 -35.424325 
-18.227569 6.130335 15.688722 9.521217 12.730797 16.743778 8.712309 17.315935 8.413460 12.083785 2.751797 1.759296 -3.121215 -5.867910 -4.825874 -9.157267 -10.930673 -9.354125 -4.152234 0.732819 1.949822 -1.347696 -0.999455 -0.397969 -5.313507 -14.224682 -19.864080 -21.155223 -18.913541 -17.473425 -21.796911 -26.495773 -27.659903 -25.547938 -26.453633 -38.442777 -40.863811 -40.882673 -40.167730 -36.891415 
-8.429286 6.896188 15.500482 8.357284 13.279080 15.861524 8.441677 15.911793 8.357577 13.950472 4.181047 2.299483 -1.879112 -2.911823 -2.345128 -6.639062 -7.090067 -5.346048 -1.108459 4.585761 3.645846 0.305289 1.857729 -1.749803 -12.935222 -21.636835 -25.483294 -25.706234 -23.468982 -19.840372 -16.553010 -22.635368 -26.385704 -24.921480 -24.343494 -36.303519 -40.006106 -40.250910 -39.867661 -34.993989 
-10.645009 7.434055 15.558890 8.423790 13.883215 15.120787 8.581281 14.217789 8.494915 13.061735 5.082450 3.237924 -0.415325 -2.327153 -2.612296 -6.028856 -5.936744 -4.435684 0.582023 5.832854 2.373370 0.238117 0.133184 -6.940049 -17.790726 -24.269356 -27.324395 -27.978803 -27.694424 -23.855654 -17.802189 -23.075926 -28.381615 -26.716992 -24.243174 -33.605040 -36.804004 -37.135258 -37.035363 -35.965524 
-8.596974 7.674051 15.538774 8.472449 14.430182 14.514975 9.156722 13.441188 9.506933 11.934457 5.788214 3.175543 0.235122 -0.994130 -3.398096 -5.474653 -4.474051 -2.513676 2.704694 5.801278 3.428999 1.353415 -3.375893 -12.396333 -20.493491 -28.043107 -30.394873 -31.938770 -33.423310 -29.454371 -20.347866 -22.342552 -29.837369 -29.802720 -24.806091 -36.354292 -46.141566 -46.696063 -44.411307 -36.561343 
-9.583933 7.957802 15.338898 8.036425 14.893522 13.690114 10.126140 12.453784 10.645693 10.907992 6.858591 1.696446 -0.876360 -0.231859 -3.825509 -5.465990 -4.359152 -1.237702 3.596414 5.092133 3.638870 -0.017364 -9.692916 -16.968197 -25.369528 -31.573829 -35.245900 -36.094414 -36.684516 -33.332501 -22.587312 -21.392950 -28.822800 -30.474059 -21.054669 -35.761523 -54.458996 -51.944192 -45.232919 -34.828906 
-10.188686 8.368532 14.639890 6.746456 15.334860 12.568666 11.036576 11.085378 12.286655 9.211123 6.902460 -0.868414 -3.788070 -0.211594 -3.714381 -5.949871 -4.031826 -0.129100 3.478392 4.521672 3.435764 -0.771972 -12.465423 -19.178194 -27.869853 -32.406023 -35.043406 -34.996668 -35.796680 -33.943042 -23.562280 -22.211377 -31.103778 -31.826725 -23.115336 -36.108843 -48.254135 -48.463882 -47.093619 -39.228817 
-9.834822 8.334556 13.215615 6.663027 15.279150 10.953116 10.795835 8.876697 13.124649 8.155156 5.798098 -2.725121 -3.746312 -0.772160 -3.993788 -6.179554 -5.060550 -0.857980 3.117866 1.999884 1.763547 -5.262831 -16.110309 -24.504297 -30.781922 -36.610231 -38.845302 -40.217527 -39.612155 -40.298334 -28.238485 -24.708659 -32.198783 -33.768723 -25.194527 -37.643867 -51.557852 -52.394542 -49.420110 -39.241321 
-9.516305 7.756687 11.205646 6.103881 14.913428 8.802593 10.436659 7.197035 13.695449 6.700785 4.805548 -2.412789 -3.339434 -2.742146 -4.642509 -6.906810 -4.915124 -1.648908 2.831367 2.333297 2.170701 -6.246433 -18.575923 -26.393626 -35.075895 -38.293839 -39.805559 -42.266950 -43.344049 -41.638611 -29.972419 -25.077294 -34.053257 -34.210707 -26.154348 -39.617121 -49.997289 -50.865661 -48.524448 -40.142714 
-7.695860 7.385531 10.190878 5.865873 14.582865 7.060166 10.106619 6.284523 13.184296 5.495849 3.272952 -1.869828 -3.194441 -3.724052 -3.775213 -7.066752 -5.359017 -1.188878 1.480286 1.279769 0.512725 -10.084846 -22.470110 -28.657519 -32.916052 -35.235398 -36.782215 -36.997036 -37.048654 -37.375142 -31.545577 -27.011105 -36.764128 -35.310879 -28.675695 -37.821019 -41.154289 -41.463546 -41.611170 -38.937259 
-8.256030 8.086880 10.477946 7.243798 13.782886 6.003766 9.018445 4.818073 11.163004 4.329589 1.142425 -3.262508 -4.217122 -5.063193 -6.133982 -9.029166 -8.179653 -4.833465 -0.766127 -0.697975 -3.247648 -11.656874 -25.731814 -34.625541 -40.898164 -42.783528 -44.530311 -45.625634 -45.692510 -43.985293 -35.952652 -30.151545 -41.225396 -40.002929 -28.808121 -41.514710 -52.276841 -52.035611 -51.498508 -41.959572 
-6.641500 8.610633 10.752058 8.038030 12.981868 5.369072 7.228620 5.061582 8.755218 3.134249 -1.598107 -5.905016 -5.990207 -6.507571 -10.377223 -12.397851 -11.325403 -7.123393 -3.143487 -3.640641 -3.442532 -13.625771 -26.403314 -34.938810 -45.945284 -51.179371 -49.033438 -51.010746 -51.918816 -48.408899 -39.154110 -33.464900 -39.461240 -36.793098 -29.362430 -44.423962 -53.128589 -52.369828 -51.015539 -38.697111 
-7.348237 8.883623 10.238701 8.388502 12.555298 4.624343 4.713632 4.096603 5.116225 0.570353 -5.353119 -9.650596 -9.546394 -7.913360 -11.581225 -13.097328 -14.411831 -11.435233 -6.282250 -5.105877 -6.547938 -18.793804 -32.651443 -37.756096 -49.133355 -54.884420 -55.053199 -53.777113 -55.205311 -52.519149 -43.925890 -34.778046 -45.058624 -40.800552 -32.651742 -47.061544 -55.779063 -55.586303 -55.356691 -43.980369 
-6.084310 8.858613 9.074652 8.602190 11.824934 3.328910 2.594885 2.610647 1.629367 -1.433941 -4.146447 -6.890086 -7.891124 -5.806822 -10.586845 -13.196922 -13.969291 -10.112381 -3.401938 -4.628691 -9.346067 -18.800370 -35.844655 -41.751430 -48.854800 -50.864994 -49.752906 -50.961575 -53.089473 -51.172893 -41.620078 -36.011073 -45.145851 -40.095046 -31.691158 -44.396259 -53.676008 -55.632966 -52.901875 -42.573075 
-6.371855 8.815805 8.789735 8.065669 10.498853 0.757848 -1.424217 -0.864583 -4.564848 -8.006611 -7.051234 -11.544829 -10.861249 -10.367876 -16.354477 -18.253574 -17.753681 -14.943841 -7.495690 -7.110870 -8.744207 -17.935868 -33.196114 -36.279208 -37.734759 -38.837720 -39.273524 -40.233590 -40.905747 -41.308389 -37.743656 -33.945746 -41.619748 -39.743167 -34.334798 -41.267157 -45.039433 -45.109727 -45.229250 -41.525525 
-7.028454 8.502294 8.360213 7.152086 8.894240 -3.599146 -8.221439 -6.122185 -10.388040 -20.276404 -8.491041 -12.647692 -13.069831 -15.911048 -22.884120 -23.830919 -23.556728 -17.788960 -10.372016 -9.649579 -15.106459 -27.112506 -41.388025 -42.817043 -46.761481 -50.216963 -52.637940 -55.400106 -55.261324 -51.605657 -42.594290 -38.539248 -51.001374 -44.623861 -35.345568 -45.090500 -56.529315 -55.197832 -55.105246 -48.963771 
-6.617476 7.608163 7.847194 4.717771 6.551797 -7.802641 -13.208660 -11.895246 -17.423074 -23.643980 -13.424766 -12.963625 -17.164214 -19.948814 -21.584222 -28.157083 -19.863902 -16.970009 -11.705329 -10.398711 -16.377802 -20.057491 -31.727936 -36.564652 -41.910146 -51.117988 -51.551163 -54.205077 -54.945890 -54.696057 -44.399424 -38.082367 -52.152536 -51.787920 -42.917745 -47.699153 -57.258619 -57.209610 -56.142176 -47.689156 
-7.904728 6.903199 7.865712 1.289596 3.328773 -9.577938 -13.223888 -15.947916 -18.723193 -28.879828 -23.293953 -17.599088 -23.460650 -25.521360 -26.321091 -26.491790 -25.415669 -20.663924 -15.180824 -17.254049 -19.561449 -20.110530 -35.048161 -41.924082 -48.025496 -55.934488 -56.849716 -56.799894 -57.993020 -56.340595 -44.214109 -42.552464 -50.507655 -52.418605 -41.766802 -49.942890 -59.077693 -59.245372 -58.902480 -48.921809 
-8.543519 4.327187 6.131376 -2.411231 -2.514332 -10.663746 -15.601291 -22.398463 -21.507359 -23.522637 -22.897283 -16.418552 -22.610839 -19.039441 -29.623228 -26.984443 -29.983153 -29.181219 -20.454182 -16.881190 -18.909765 -22.524436 -32.342997 -39.593250 -41.919110 -51.756717 -53.222100 -53.684493 -53.747700 -51.104215 -44.258420 -42.244469 -51.930315 -52.837451 -43.842315 -52.304723 -57.585405 -57.530378 -58.794645 -54.139572 
-10.407493 1.765861 3.546679 -8.116454 -14.247852 -22.362016 -27.500687 -26.296373 -23.481825 -24.842526 -22.631899 -18.464003 -20.577514 -24.657128 -27.842878 -25.662412 -31.279167 -26.536019 -17.934798 -13.975629 -16.302809 -20.434642 -31.774200 -40.182113 -47.202342 -50.503405 -52.476266 -54.088411 -54.912343 -53.377096 -45.603657 -45.644617 -54.565146 -53.049219 -49.211607 -53.763981 -56.800835 -57.462960 -58.163774 -57.448977 
-10.372081 -1.339367 -2.658248 -14.743113 -16.130874 -22.760376 -27.718782 -33.316376 -30.443197 -35.043774 -31.184981 -29.227959 -24.232406 -25.299880 -29.248138 -35.114615 -37.841851 -28.762080 -25.893264 -19.260880 -19.357422 -20.305668 -29.886699 -45.665406 -51.809826 -53.898628 -60.037193 -61.449832 -63.479118 -61.691664 -52.685693 -53.888471 -57.538875 -58.091409 -56.718906 -60.768320 -64.782387 -64.965050 -64.753808 -64.972233 
-15.155209 -8.486627 -10.588946 -21.445949 -27.704294 -32.854653 -38.840199 -37.585272 -40.908514 -41.579408 -34.288857 -31.523561 -35.031174 -28.973877 -35.425977 -40.995307 -42.710631 -35.418630 -34.877825 -34.932557 -33.328260 -36.012589 -37.024643 -47.689066 -56.615605 -59.059374 -59.555632 -60.634856 -61.015674 -59.725881 -57.973006 -60.319892 -62.865411 -61.785349 -60.558141 -63.896831 -64.796914 -63.905263 -65.418891 -65.699755 
-27.338048 -27.928607 -27.148039 -29.991834 -30.287593 -38.990160 -44.490043 -51.633083 -49.043842 -53.274537 -42.758028 -39.703376 -40.808007 -40.751505 -47.262089 -48.889933 -49.549631 -50.339779 -38.480586 -36.058788 -39.761513 -45.596186 -48.668921 -55.387680 -64.400593 -64.738201 -65.364897 -66.090726 -66.418320 -66.778670 -66.484142 -68.385112 -69.480417 -67.881650 -67.651247 -69.571863 -70.093549 -69.441882 -70.195082 -70.121849 
-43.017768 -44.582834 -47.425548 -52.380840 -56.928315 -58.853153 -64.179588 -65.782946 -66.463651 -69.837860 -65.471222 -68.491207 -61.847687 -65.133030 -69.347774 -72.814464 -75.724239 -72.721984 -66.517262 -62.828092 -68.918396 -77.062066 -83.426618 -81.119548 -85.330019 -87.255990 -89.656380 -91.196367 -91.342535 -92.380412 -90.021213 -97.379419 -94.546738 -88.623097 -86.992839 -93.533935 -95.123810 -94.803398 -92.358312 -91.162286 
NaN NaN NaN NaN NaN NaN NaN NaN NaN NaN NaN NaN NaN NaN NaN NaN NaN NaN NaN NaN NaN NaN NaN NaN NaN NaN NaN NaN NaN NaN NaN NaN NaN NaN NaN NaN NaN NaN NaN NaN 
NaN NaN NaN NaN NaN NaN NaN NaN NaN NaN NaN NaN NaN NaN NaN NaN NaN NaN NaN NaN NaN NaN NaN NaN NaN NaN NaN NaN NaN NaN NaN NaN NaN NaN NaN NaN NaN NaN NaN NaN 
NaN NaN NaN NaN NaN NaN NaN NaN NaN NaN NaN NaN NaN NaN NaN NaN NaN NaN NaN NaN NaN NaN NaN NaN NaN NaN NaN NaN NaN NaN NaN NaN NaN NaN NaN NaN NaN NaN NaN NaN 
NaN NaN NaN NaN NaN NaN NaN NaN NaN NaN NaN NaN NaN NaN NaN NaN NaN NaN NaN NaN NaN NaN NaN NaN NaN NaN NaN NaN NaN NaN NaN NaN NaN NaN NaN NaN NaN NaN NaN NaN 
NaN NaN NaN NaN NaN NaN NaN NaN NaN NaN NaN NaN NaN NaN NaN NaN NaN NaN NaN NaN NaN NaN NaN NaN NaN NaN NaN NaN NaN NaN NaN NaN NaN NaN NaN NaN NaN NaN NaN NaN 
NaN NaN NaN NaN NaN NaN NaN NaN NaN NaN NaN NaN NaN NaN NaN NaN NaN NaN NaN NaN NaN NaN NaN NaN NaN NaN NaN NaN NaN NaN NaN NaN NaN NaN NaN NaN NaN NaN NaN NaN 
NaN NaN NaN NaN NaN NaN NaN NaN NaN NaN NaN NaN NaN NaN NaN NaN NaN NaN NaN NaN NaN NaN NaN NaN NaN NaN NaN NaN NaN NaN NaN NaN NaN NaN NaN NaN NaN NaN NaN NaN 
