NaN NaN NaN NaN NaN NaN NaN NaN NaN NaN NaN NaN NaN NaN NaN NaN NaN NaN NaN NaN NaN NaN NaN NaN NaN NaN NaN NaN NaN NaN NaN NaN NaN NaN NaN NaN NaN NaN NaN NaN 
NaN NaN NaN NaN NaN NaN NaN NaN NaN NaN NaN NaN NaN NaN NaN NaN NaN NaN NaN NaN NaN NaN NaN NaN NaN NaN NaN NaN NaN NaN NaN NaN NaN NaN NaN NaN NaN NaN NaN NaN 
NaN NaN NaN NaN NaN NaN NaN NaN NaN NaN NaN NaN NaN NaN NaN NaN NaN NaN NaN NaN NaN NaN NaN NaN NaN NaN NaN NaN NaN NaN NaN NaN NaN NaN NaN NaN NaN NaN NaN NaN 
NaN NaN NaN NaN NaN NaN NaN NaN NaN NaN NaN NaN NaN NaN NaN NaN NaN NaN NaN NaN NaN NaN NaN NaN NaN NaN NaN NaN NaN NaN NaN NaN NaN NaN NaN NaN NaN NaN NaN NaN 
NaN NaN NaN NaN NaN NaN NaN NaN NaN NaN NaN NaN NaN NaN NaN NaN NaN NaN NaN NaN NaN NaN NaN NaN NaN NaN NaN NaN NaN NaN NaN NaN NaN NaN NaN NaN NaN NaN NaN NaN 
NaN NaN NaN NaN NaN NaN NaN NaN NaN NaN NaN NaN NaN NaN NaN NaN NaN NaN NaN NaN NaN NaN NaN NaN NaN NaN NaN NaN NaN NaN NaN NaN NaN NaN NaN NaN NaN NaN NaN NaN 
NaN NaN NaN NaN NaN NaN NaN NaN NaN NaN NaN NaN NaN NaN NaN NaN NaN NaN NaN NaN NaN NaN NaN NaN NaN NaN NaN NaN NaN NaN NaN NaN NaN NaN NaN NaN NaN NaN NaN NaN 
NaN NaN NaN NaN NaN NaN NaN NaN NaN NaN NaN NaN NaN NaN NaN NaN NaN NaN NaN NaN NaN NaN NaN NaN NaN NaN NaN NaN NaN NaN NaN NaN NaN NaN NaN NaN NaN NaN NaN NaN 
-115.873451 -115.871371 -115.867939 -115.862228 -115.854638 -115.844284 -115.832057 -115.817013 -115.798073 -115.776947 -115.753173 -115.726308 -115.698002 -115.667789 -115.636471 -115.605505 -115.574781 -115.546209 -115.520930 -115.500994 -115.488915 -115.488275 -115.502945 -115.536900 -115.592072 -115.666117 -115.751024 -115.832516 -115.894430 -115.920671 -115.899220 -115.821997 -115.686948 -115.511234 -115.357350 -115.325180 -115.487230 -115.891372 -116.770342 -118.482750 
-57.704743 -56.755654 -59.802738 -64.360920 -68.037956 -75.594891 -76.043386 -71.063476 -75.936966 -84.602601 -80.123501 -78.695443 -78.608245 -81.464884 -77.679622 -82.939189 -89.031718 -82.579790 -81.433451 -81.782093 -85.394920 -84.450787 -84.834155 -89.208661 -85.229010 -88.209895 -91.509388 -87.217581 -81.925061 -81.564133 -82.902844 -84.393328 -84.945235 -82.995455 -81.014795 -84.864645 -81.696930 -86.928390 -84.406455 -85.386075 
-17.112826 -13.936086 -13.256566 -15.551037 -21.622641 -31.858678 -34.336017 -41.435261 -45.661310 -48.145766 -48.220552 -48.397359 -51.053107 -50.570820 -52.828322 -55.386170 -54.848436 -54.352296 -56.476722 -57.908646 -57.233207 -57.895569 -59.344656 -58.885144 -60.552005 -60.353327 -61.205923 -61.125780 -62.388712 -63.087654 -63.423166 -63.628831 -63.675547 -65.180726 -65.249271 -64.217131 -65.939641 -65.922820 -66.489819 -66.710185 
-5.904205 5.350062 8.768612 1.876744 -8.196408 -15.530602 -19.891046 -22.884517 -26.189813 -28.882755 -35.412639 -34.046063 -35.916439 -37.038546 -37.637031 -38.291417 -39.852981 -39.917930 -41.266140 -41.257296 -42.247178 -42.992334 -43.731646 -44.294480 -44.980494 -45.667898 -46.140306 -46.631668 -47.247251 -47.894711 -48.299753 -48.596316 -49.264807 -49.704597 -50.061063 -50.183219 -50.420553 -50.497851 -51.033270 -51.160503 
-1.075502 13.519347 14.939469 3.597592 0.602773 -9.816350 -10.575234 -16.297037 -17.647923 -22.739149 -29.595119 -37.164457 -42.346766 -42.561540 -47.700137 -46.409513 -43.573510 -48.680842 -44.245777 -47.430547 -51.009498 -53.723624 -52.611722 -54.772209 -54.056741 -56.780467 -55.428959 -54.422021 -54.140507 -57.420980 -57.226854 -56.431899 -56.720580 -55.820899 -56.731830 -55.760652 -55.074909 -56.800417 -57.556260 -58.307147 
0.132608 14.732441 14.927444 3.097448 1.126006 -10.991359 -12.950506 -16.249560 -16.060023 -21.338437 -28.948298 -34.914631 -43.353429 -47.497567 -45.725339 -45.325817 -47.074330 -43.055033 -40.533180 -45.315441 -46.275049 -49.786235 -51.553312 -55.092356 -55.884101 -54.973527 -52.624472 -55.699484 -55.242460 -53.348293 -54.529158 -55.552911 -55.235958 -53.491792 -55.622373 -55.826099 -57.195294 -55.292276 -53.785685 -58.970801 
-2.583636 13.773210 14.875770 5.912480 3.052896 -9.784180 -19.032546 -16.367796 -19.969046 -21.778510 -30.750180 -39.093294 -44.302551 -45.215871 -46.488376 -43.701126 -42.674867 -39.147960 -46.596295 -49.014397 -50.324492 -48.967142 -54.625980 -52.253962 -50.110477 -50.316973 -50.946607 -53.619829 -52.897941 -52.208377 -54.810760 -56.865029 -55.499765 -53.754635 -53.397711 -57.554737 -57.887737 -56.460684 -55.975385 -57.491672 
-4.072119 11.706046 13.075280 1.807975 -0.276685 -15.120016 -25.569674 -22.664805 -25.206908 -24.860385 -35.070194 -38.405699 -41.813304 -44.652387 -48.787094 -46.789904 -46.351736 -42.615906 -46.821205 -52.409027 -50.037024 -48.874373 -49.399181 -48.142099 -47.694635 -51.845807 -52.385753 -53.298600 -52.563287 -53.460556 -55.543400 -55.514257 -55.663685 -54.621071 -55.864934 -57.135937 -57.435072 -57.102707 -57.108450 -58.960887 
-4.005956 6.779846 12.331122 6.119607 -4.149940 -13.532393 -12.055045 -9.174030 -18.535872 -17.758277 -19.812465 -22.578789 -24.209250 -26.767724 -28.047254 -30.519037 -29.233608 -32.090559 -22.429090 -23.895181 -24.731031 -26.182919 -28.274745 -29.216228 -27.297137 -28.038039 -29.242975 -27.706325 -27.960949 -32.350675 -35.710096 -37.216788 -37.592991 -38.639087 -38.482403 -38.895173 -39.325030 -38.981267 -38.385033 -40.891428 
0.414869 12.236885 18.366682 13.563461 13.043448 14.063711 12.273480 11.389738 -2.340062 -2.477356 -9.540867 -12.749656 -14.270999 -20.254821 -21.692113 -21.821836 -21.813124 -19.866580 -10.656261 -7.446901 -6.798117 -13.004401 -14.362726 -13.186118 -15.003439 -18.416040 -22.934399 -18.967442 -19.796716 -26.485572 -28.806462 -24.868581 -27.974485 -34.866808 -35.044999 -31.526035 -34.719049 -33.622804 -31.549021 -32.749073 
-3.003850 14.303002 20.308274 12.100818 19.143083 20.249295 18.072625 21.930470 10.428792 6.084661 -4.048347 -8.609965 -6.564541 -10.621233 -14.670719 -16.077165 -13.835765 -11.060269 -8.986063 -0.958606 4.041348 1.685811 -2.680122 -2.542129 -1.978397 -7.473945 -12.619761 -12.840639 -8.045650 -12.779781 -20.102712 -18.553877 -25.043087 -37.119049 -35.432999 -27.152708 -32.970727 -33.073432 -32.708459 -32.852818 
-6.255404 9.005029 19.520176 14.064964 18.178099 21.292183 18.879058 26.806285 14.160614 8.398053 -5.470554 -6.771225 -6.525674 -9.184454 -11.433385 -16.257359 -13.889196 -8.677569 -6.115946 -1.207720 4.890179 6.605235 2.674581 -2.355111 1.977549 -0.302917 -8.012809 -11.749448 -6.153324 -8.283149 -16.728083 -20.571998 -27.534937 -36.424023 -30.612314 -20.620123 -25.482427 -27.182952 -26.478334 -23.729182 
-8.869124 8.926839 19.816236 15.147648 14.061026 22.575662 16.276087 25.867634 18.680984 5.514755 0.361310 -4.526800 -6.952627 -7.677957 -12.681554 -14.945832 -13.061869 -9.919317 -7.572060 -5.626028 -1.097625 5.394266 5.447652 -1.124951 0.103764 1.788723 -4.204112 -10.638783 -8.201836 -10.257367 -16.957418 -19.483193 -22.176488 -28.526433 -23.901562 -15.184384 -21.564416 -26.889677 -23.917756 -25.976385 
-12.064946 5.744709 19.859866 18.162385 11.148391 23.179333 17.809828 22.010832 21.898383 2.425872 -0.401212 -4.559106 -3.512289 -9.488223 -12.756094 -14.217092 -15.198666 -11.752934 -9.715880 -6.659361 -3.918588 3.226974 5.740891 2.184638 0.080386 1.398588 -2.760777 -9.242186 -9.150247 -9.712812 -17.056487 -19.311654 -24.299401 -32.283630 -21.415784 -10.293468 -18.857238 -29.289072 -27.003988 -24.866789 
-9.123269 4.602330 19.196074 19.876044 5.759671 22.131147 22.734641 13.833620 19.478666 5.142609 -2.934247 -6.217243 -2.660943 -10.337371 -12.762040 -18.189979 -15.371871 -11.110552 -10.471636 -8.684302 -9.174781 -2.773701 3.535854 4.658394 2.906518 2.933158 -0.637234 -8.783606 -9.163799 -9.495166 -16.594950 -21.760702 -25.771243 -33.596403 -27.494564 -19.170567 -25.530270 -31.416203 -23.878520 -22.514656 
-17.246152 -7.052662 15.317740 20.114361 6.855708 21.466366 26.419600 10.722877 12.270973 8.171213 -9.299271 -8.406994 -7.875176 -7.958958 -13.334682 -18.179698 -17.419605 -12.516544 -12.320793 -11.017069 -9.900435 -6.941711 -1.553701 2.619673 3.091697 3.777908 1.373655 -5.433410 -7.605807 -9.098065 -15.357020 -15.947330 -19.676631 -34.264355 -29.906790 -21.105576 -24.451085 -27.101268 -21.743688 -21.676881 
-11.214152 -9.554651 13.012144 20.382677 9.636646 21.162747 28.308371 14.625025 8.094952 7.997336 -11.353044 -9.789922 -12.512726 -10.509631 -17.092396 -17.869076 -16.759855 -16.888820 -14.415622 -12.167086 -11.062894 -9.821698 -4.650006 -0.247912 2.080023 3.816803 3.576497 -3.791925 -8.243184 -11.274381 -18.981223 -18.619820 -18.511629 -30.120599 -23.976067 -17.707312 -23.488174 -27.813118 -21.512195 -21.673658 
-11.722344 -13.425535 10.544960 20.486060 11.071540 17.443003 28.037818 18.306694 -1.530147 4.924123 -10.345038 -11.013640 -15.846281 -15.145576 -20.829603 -18.916235 -19.125127 -16.171001 -16.559613 -17.040958 -16.870852 -13.227551 -8.481494 -4.664435 2.539765 2.268531 1.169756 -6.041096 -9.358326 -11.972450 -16.808436 -16.162221 -18.574159 -27.972605 -23.625308 -16.289998 -23.577655 -27.055519 -21.831133 -23.162078 
-16.673024 -26.070414 10.953384 21.226997 12.909859 11.045553 24.830365 18.617965 -9.594472 -1.453370 -10.144417 -15.535805 -16.385062 -17.597618 -17.398228 -21.202616 -21.616481 -16.429664 -20.411450 -22.096492 -19.261496 -14.977898 -11.316086 -8.678450 1.015412 -0.513638 -4.282491 -10.987481 -13.634619 -16.592757 -20.939240 -19.620746 -19.393367 -26.718017 -23.966533 -17.671387 -23.528529 -24.562225 -25.668515 -23.833612 
-19.768987 -16.635060 10.671034 21.913699 14.838985 2.871634 18.350285 16.593789 -12.379522 -4.438224 -12.459461 -20.531851 -18.485472 -22.048449 -19.385853 -26.619524 -25.814123 -18.389940 -25.946931 -25.332646 -22.159407 -17.520454 -13.704501 -11.338645 -2.628856 -1.224233 -5.927248 -11.296889 -14.558954 -16.688932 -21.744970 -18.015648 -19.867359 -27.274001 -24.215296 -17.851236 -24.977799 -25.580397 -24.396964 -21.491789 
-17.972682 -17.783479 10.472272 22.136675 15.172390 -3.752774 15.159521 14.345740 -17.989659 -5.555388 -13.693761 -18.569964 -17.868327 -24.610974 -22.296143 -28.827618 -26.284191 -17.953142 -26.518858 -27.964511 -25.683743 -19.844448 -15.861379 -11.205438 -3.285329 -2.000709 -5.665656 -9.973549 -16.550800 -16.336722 -21.838061 -20.089825 -21.145817 -26.157069 -24.237657 -18.071100 -26.411625 -27.069451 -22.845295 -24.972481 
-19.448124 -18.008559 11.643395 22.184508 13.967253 -2.281628 15.031756 11.837749 -14.474078 -4.349512 -17.257035 -18.684146 -18.995970 -22.962071 -26.312404 -31.293427 -30.058286 -18.964335 -24.545192 -25.377549 -26.035259 -21.657381 -16.514543 -11.380861 -0.342901 -1.370346 -7.841102 -13.459206 -18.430006 -18.551175 -22.053381 -16.381116 -16.073725 -21.954350 -28.075186 -21.371537 -30.094409 -33.634974 -28.248699 -25.380656 
-20.866036 -20.409582 13.030535 22.332613 13.080721 1.444515 16.041556 9.901446 -13.287976 -4.196539 -18.451845 -16.716805 -22.036432 -17.663271 -23.761370 -28.014034 -27.243930 -21.764346 -25.458227 -28.816572 -27.500733 -22.023358 -12.583624 -5.898594 0.325173 -5.669210 -11.651624 -21.174354 -19.703064 -18.625560 -23.304527 -16.807440 -18.300779 -26.802470 -27.181644 -23.785254 -30.360404 -30.112780 -25.083034 -29.108387 
-13.266913 -11.940930 13.918593 22.219609 13.671932 1.094899 15.926103 9.816568 -15.599153 -6.014709 -20.821714 -14.619616 -20.188030 -19.952869 -24.083041 -23.946070 -21.074728 -18.783416 -18.821598 -21.550221 -19.480430 -13.265142 -9.669750 -6.811108 -6.970851 -8.016703 -19.991626 -24.730409 -25.866324 -25.242696 -30.236998 -23.845542 -23.291983 -29.012144 -32.732112 -30.638837 -37.616600 -36.902387 -31.868412 -34.295365 
-12.876444 -1.344497 15.922086 18.077864 7.046194 6.402934 12.939173 4.034093 -11.492558 -10.859588 -21.980663 -17.117295 -18.973843 -21.792492 -17.834885 -19.231040 -18.314729 -20.399015 -21.505126 -21.487219 -25.769263 -22.010379 -20.069389 -20.908559 -20.229184 -22.200356 -30.236544 -32.967162 -31.728620 -31.820828 -33.857728 -28.354635 -31.615308 -36.232783 -36.965983 -35.970462 -39.153588 -38.613157 -39.008665 -39.249047 
-21.133116 -0.054521 16.272054 17.372827 1.517842 0.910929 6.692786 -5.258202 -12.858185 -13.936994 -18.239748 -23.432811 -22.103810 -23.294370 -23.349494 -29.704943 -34.449249 -40.189261 -34.282745 -37.824638 -40.734412 -41.270414 -38.058539 -38.596830 -40.516219 -41.107248 -45.491723 -46.375781 -46.844280 -45.688032 -46.766918 -47.167066 -48.433745 -49.291021 -50.375051 -49.920329 -50.019051 -49.403117 -50.796805 -51.607603 
-25.875135 -1.578871 14.862753 15.451082 -0.615499 -0.587365 -2.682024 -14.567352 -15.938344 -19.722309 -25.434450 -28.530709 -29.643325 -27.330426 -27.496083 -32.977071 -35.366751 -35.775437 -36.922842 -37.590030 -38.299793 -38.981639 -39.475436 -40.295911 -40.545760 -41.188048 -42.005694 -42.929549 -43.139063 -43.795856 -43.746642 -44.435314 -45.432548 -45.858065 -45.949645 -46.158100 -46.839217 -46.687129 -46.949450 -47.332223 
-16.609066 -0.739881 13.268936 12.112842 -6.965791 -5.901205 -10.429678 -24.971606 -20.194376 -24.708562 -24.253740 -33.288239 -32.603912 -35.368808 -35.383291 -47.037422 -46.640600 -45.290376 -48.944746 -51.787287 -55.015591 -53.933131 -52.111133 -51.630265 -50.436591 -55.403153 -54.167430 -55.313491 -55.934407 -51.495097 -52.715186 -54.546308 -58.170216 -55.143598 -56.052400 -54.821465 -55.628700 -54.459506 -53.723158 -58.879922 
-11.894604 -4.406682 10.047579 9.347799 -8.376126 -9.533526 -15.006356 -18.287994 -24.048556 -30.690901 -31.981678 -36.762506 -36.252632 -37.473083 -39.205131 -41.587456 -40.978856 -41.942507 -43.610163 -44.413939 -45.209158 -45.527817 -45.834625 -46.512666 -46.761565 -47.809555 -48.168955 -49.601652 -49.741266 -50.867613 -50.199056 -50.222645 -51.694824 -52.389074 -52.239765 -51.849873 -52.317960 -52.796132 -53.351163 -53.288590 
-5.374179 -2.982735 6.331677 4.463654 -8.451824 -17.467996 -15.322280 -19.141830 -19.483909 -24.622919 -25.747786 -28.588945 -27.863014 -28.349025 -28.764015 -30.435429 -36.775562 -35.981966 -31.699666 -31.000587 -33.901638 -35.910819 -36.718068 -33.002923 -31.940757 -36.301102 -38.490478 -40.166311 -42.202995 -45.168353 -46.160417 -44.113988 -49.788435 -51.865252 -51.217608 -50.399035 -49.667787 -49.912153 -51.182451 -50.939046 
-2.457089 -6.024484 2.409103 7.597549 -1.651115 -8.402149 -11.608969 -9.422784 -10.711691 -15.035375 -19.552757 -21.962934 -19.925423 -20.123368 -20.754084 -18.353652 -16.343312 -15.652653 -15.586411 -18.455149 -13.942371 -17.642835 -21.975738 -22.258499 -21.158973 -24.706543 -25.334929 -28.152204 -27.917299 -29.406664 -28.042436 -28.201832 -29.321397 -33.787993 -40.127121 -33.963108 -37.889073 -39.522251 -38.657242 -40.930496 
-3.378448 1.701679 13.965508 17.795793 8.586634 7.389454 8.635757 -2.628403 -14.458272 -14.208949 -21.265367 -21.315499 -25.004726 -24.993292 -27.186311 -24.044018 -20.799138 -17.592718 -14.672119 -12.797863 -4.915946 -7.587561 -9.773999 -10.819917 -19.039150 -18.835820 -23.722923 -25.121448 -25.168331 -28.349475 -29.735148 -23.662883 -25.658042 -31.693572 -34.797064 -29.605155 -34.017259 -35.846827 -32.299723 -34.852017 
-9.746925 -2.189148 16.849187 20.797084 6.938900 12.127577 15.861066 0.100683 -7.001374 -10.803579 -19.187622 -19.505056 -18.762164 -20.126510 -21.837659 -24.484783 -22.769763 -21.832716 -23.764386 -19.529527 -16.591706 -10.449791 -5.861144 0.419855 -4.583755 -13.584296 -20.293617 -23.569316 -20.485890 -22.506227 -26.893197 -24.405247 -23.133881 -29.850232 -32.364320 -24.310980 -35.348930 -32.962535 -29.138620 -31.061497 
-9.481232 -3.901258 17.288377 21.517314 8.318566 11.927429 17.353889 1.181450 -6.533337 -11.276336 -21.495888 -19.628994 -19.439765 -17.873018 -21.390392 -26.489226 -24.848021 -23.112439 -23.580397 -23.043373 -20.296808 -15.867531 -6.481137 0.261972 -0.310872 -4.137765 -7.455789 -13.959506 -11.380015 -17.115316 -22.244454 -21.191511 -21.727456 -28.674787 -30.121270 -27.124561 -34.341399 -33.958102 -32.389984 -27.973516 
-11.759400 -0.906643 17.783747 20.677502 5.124699 13.816781 17.635021 0.327882 -4.769706 -10.856279 -17.782528 -18.006603 -15.029226 -19.153752 -18.713996 -23.496312 -23.325717 -22.055785 -24.012814 -23.851789 -22.175624 -17.751405 -9.229465 -0.221898 0.397697 -4.545505 -3.235019 -8.846932 -11.433004 -16.736956 -20.600137 -19.153123 -24.189485 -26.743408 -27.819294 -26.802937 -33.711419 -31.525301 -27.652784 -25.439599 
-11.359286 1.476331 18.769562 19.439785 1.896552 15.653793 16.371540 -3.786400 -5.018415 -18.167681 -16.157334 -20.968734 -15.441560 -20.561250 -20.332116 -25.374966 -26.981030 -23.326445 -25.131827 -23.765806 -24.222747 -19.666371 -12.305299 -4.529193 -3.134539 -6.732697 -4.021635 -10.120604 -13.772514 -13.656351 -19.796119 -19.993412 -25.472229 -33.383474 -27.778029 -21.616398 -31.762653 -32.052648 -30.662056 -28.710305 
-16.373827 4.415761 19.626319 18.580658 3.396737 16.834557 13.640709 -6.307356 -5.030174 -21.656919 -17.689880 -20.767099 -18.014595 -21.776115 -23.981916 -26.270828 -25.824727 -25.179946 -25.731813 -24.217419 -23.920373 -19.953478 -12.714312 -4.638205 -2.816983 -9.328722 -4.363659 -9.653418 -13.411861 -12.734549 -22.399889 -20.529805 -22.770506 -31.619693 -31.488841 -24.511046 -33.497639 -33.490020 -29.275934 -28.309755 
-19.245175 6.175662 20.542953 18.384789 4.683127 17.684205 11.499394 -8.075605 -5.475905 -23.910849 -26.062993 -20.596743 -19.665406 -21.702936 -26.215556 -29.216923 -27.365156 -27.287955 -26.708043 -26.484341 -25.850203 -22.628392 -14.674491 -5.558739 -4.042706 -8.135863 -8.519669 -14.650010 -15.537731 -16.139912 -24.183690 -20.411925 -21.089773 -26.930636 -27.502789 -25.556561 -33.393138 -29.692318 -25.871769 -29.545770 
-21.773528 8.383743 21.509522 18.626774 8.026043 18.666376 11.719435 -4.947542 -7.593437 -22.849931 -22.408815 -19.173844 -20.706679 -22.893647 -30.555116 -30.132763 -28.896447 -27.348030 -25.921562 -24.991701 -23.920613 -21.250973 -13.885110 -6.014430 -8.256333 -10.934267 -14.364864 -17.921540 -19.614768 -18.600260 -23.434354 -19.998969 -22.097205 -29.735346 -31.608818 -26.363463 -32.836612 -30.840248 -29.989270 -30.854397 
-18.005629 10.663785 22.017597 17.421291 8.700863 17.982129 8.484893 -4.031666 -12.930379 -22.616854 -22.616179 -18.742699 -24.028567 -25.323672 -31.696860 -31.927909 -29.609589 -25.536339 -25.814945 -28.084784 -25.862271 -22.142379 -15.069029 -10.170235 -11.286966 -11.074307 -19.650609 -22.416410 -24.152988 -23.418274 -23.781245 -25.380617 -23.981534 -26.554795 -29.617552 -28.854933 -31.734823 -29.974994 -32.345439 -30.871789 
-11.984489 11.960229 21.199706 15.075812 9.422772 14.223277 2.359693 -2.147334 -12.121375 -16.881415 -18.644433 -18.798260 -21.632409 -26.365217 -27.322606 -28.616822 -26.236525 -27.064998 -25.877640 -27.872348 -23.959156 -16.419740 -14.156138 -9.409040 -10.860633 -11.235127 -17.001899 -23.333415 -23.078286 -22.027455 -22.691269 -18.355617 -20.607416 -21.286492 -22.287730 -24.363483 -25.353963 -25.064479 -24.131798 -25.886059 
-7.191613 11.813045 17.804555 9.757077 5.017414 6.564521 -2.453890 -4.079426 -14.896260 -17.052098 -23.781783 -22.884433 -24.123353 -29.239469 -28.610232 -32.593379 -35.521576 -32.926309 -27.854625 -23.312284 -17.012555 -11.313158 -4.195802 -7.492860 -11.583594 -11.250123 -20.615216 -21.571088 -21.795669 -19.322194 -18.858721 -13.748189 -8.529118 -13.893650 -18.143000 -18.195090 -20.442742 -22.417146 -17.001892 -20.094469 
-4.332693 9.970118 9.828712 -2.893527 -6.387723 -8.905079 -7.638929 -10.719375 -18.785636 -22.575870 -28.722327 -31.955447 -29.353685 -29.157282 -23.927706 -30.101000 -29.905950 -28.902360 -29.151263 -26.984548 -19.571572 -6.903930 -5.272069 -9.368863 -15.138418 -7.682983 -13.875221 -19.048167 -18.535608 -16.921672 -20.963561 -11.276218 -6.927199 -8.001147 -9.413225 -11.435961 -11.413523 -12.752088 -11.708801 -13.446988 
-3.296881 9.263231 8.469415 -4.107655 -20.799661 -12.120057 -18.322319 -24.554204 -23.762622 -27.839030 -27.213072 -28.685888 -26.029787 -29.512865 -25.964497 -24.989361 -24.798160 -27.762476 -26.920749 -26.376363 -23.183645 -6.417905 -4.368627 -9.904000 -13.100363 -12.888165 -17.532618 -16.627870 -17.348036 -15.384492 -14.078682 -5.435966 -2.672179 -3.449576 -7.252090 -5.332216 -5.915927 -8.478009 -8.463903 -13.004961 
-3.552238 5.019370 6.233333 -5.443790 -16.947013 -11.768204 -19.488357 -22.653073 -25.819156 -22.130706 -30.578873 -33.874714 -30.650329 -26.859654 -25.130816 -28.176312 -23.493380 -22.681599 -29.357238 -26.447423 -23.260515 -14.419730 -13.587140 -15.899438 -14.595685 -12.731444 -17.227497 -16.415661 -14.094356 -15.765411 -12.120182 -6.770195 -3.165148 -2.826078 -3.902405 -1.922180 -1.051943 -3.435313 -5.948549 -6.600769 
-11.695100 -5.900280 -2.785571 -9.869489 -20.319470 -21.971021 -30.919152 -29.057590 -24.058975 -20.066719 -25.964463 -30.305242 -32.921916 -31.743287 -30.330084 -27.035605 -22.050750 -24.429340 -25.161503 -27.168543 -22.455035 -18.811915 -12.925319 -21.311050 -13.284449 -14.519537 -16.499562 -15.961579 -14.320514 -12.946314 -7.717588 -3.282698 -0.830315 -0.019570 1.994325 2.235525 -0.236151 -3.260692 -2.537714 -4.848042 
-13.805633 -4.087336 -5.629031 -21.350096 -25.798139 -30.194578 -30.920596 -28.750032 -25.824233 -25.250755 -25.862461 -28.552381 -26.987751 -31.850680 -32.556032 -25.468353 -26.911490 -22.468626 -31.272265 -32.325949 -21.272124 -11.484061 -17.459984 -21.423316 -13.747883 -11.652806 -15.717042 -12.126528 -13.391131 -10.374673 -4.970224 -6.315308 2.581690 0.382738 1.445635 2.411610 -0.730541 -4.637341 -4.150905 -4.675365 
-16.463166 -10.682929 -13.821642 -26.217785 -25.765978 -25.697910 -34.022038 -28.383499 -26.964630 -35.145790 -24.727479 -29.025559 -29.943235 -28.917401 -28.761125 -24.503060 -25.153676 -23.804844 -23.846184 -23.454368 -18.499601 -12.246285 -15.649840 -20.909411 -11.258852 -13.164164 -15.469837 -13.817449 -10.223686 -9.058343 -6.398573 -1.990238 -0.815716 2.727468 2.587687 2.228955 0.957461 -3.987517 -5.920870 -7.930610 
-18.169753 -9.936793 -8.289403 -18.037478 -24.622034 -24.775050 -27.154183 -21.662204 -20.779454 -32.641525 -24.356486 -34.917312 -26.133202 -23.283497 -27.037041 -24.566880 -24.045014 -24.745198 -27.038585 -22.784467 -19.284019 -15.563269 -11.392033 -19.196493 -11.251875 -13.566243 -19.657713 -15.949589 -11.207430 -6.019945 -5.590642 -2.041614 -0.531097 3.643446 2.770714 3.044132 0.253187 0.404406 -2.113111 -3.476179 
-24.709586 -13.456688 -12.686192 -21.385246 -24.433369 -22.600787 -23.661476 -24.034726 -24.186825 -26.562680 -31.150611 -28.103458 -28.698661 -22.658934 -19.857094 -23.280711 -22.225591 -21.414487 -20.998202 -18.968774 -12.571637 -15.965086 -13.905099 -20.334619 -11.423951 -10.822628 -18.709987 -14.983548 -15.317707 -8.766009 -5.055683 -1.700409 2.713802 1.200124 4.046481 3.143730 -1.386675 -2.868543 -6.084730 -5.474140 
-13.370225 -11.002965 -14.614188 -20.577408 -22.058717 -19.561034 -21.373208 -19.337153 -16.124935 -20.158832 -25.004994 -21.927534 -26.431188 -23.362487 -22.537283 -26.091072 -26.914806 -16.141556 -19.773669 -20.629128 -13.788406 -11.391688 -14.423922 -14.417041 -5.163235 -10.724100 -12.406700 -14.660312 -8.905978 -6.504392 -4.249974 -1.730920 3.110573 2.370497 3.360255 -1.028385 -2.276084 -5.582611 -2.557465 -3.158834 
-13.863289 -20.157389 -19.872972 -20.790119 -18.551207 -17.059355 -22.790367 -12.193535 -11.049086 -17.456191 -18.612720 -17.637739 -21.114114 -20.740676 -22.890698 -25.631567 -24.677399 -22.614724 -23.868932 -15.891213 -8.835910 -13.557252 -18.248209 -14.225866 -5.638737 -8.146709 -15.683137 -16.072192 -7.728862 -9.995184 -9.535398 -3.022188 1.343365 0.607708 -1.754342 -0.836002 -2.722142 -6.923676 -7.737228 -10.192964 
-15.013644 -6.089730 -2.539823 -5.135692 -11.102112 -14.237828 -8.409513 -8.906008 -16.145865 -18.188925 -22.015580 -17.860765 -14.322045 -17.509025 -22.979065 -26.996438 -26.305138 -24.927350 -28.775342 -13.257040 -5.298301 -7.336474 -11.780706 -19.491060 -10.029446 -12.573988 -20.033131 -17.487826 -12.620283 -9.442392 -13.333587 -10.774273 -4.249225 -3.930169 -7.478861 -9.472880 -8.629136 -10.900952 -9.776647 -8.682002 
-4.603550 6.428369 14.980384 13.227207 3.523051 6.173896 6.728279 -0.919259 -3.552341 -11.138831 -13.541023 -16.654199 -15.878519 -20.287758 -24.189079 -21.769645 -24.444596 -18.762857 -23.550334 -9.843790 -8.576055 -17.286545 -17.648511 -17.625121 -5.721993 -11.187355 -21.676055 -24.634920 -19.017667 -13.945579 -18.799798 -16.964572 -13.096736 -13.546257 -15.390033 -16.919488 -19.347360 -21.971600 -21.082958 -20.103843 
-4.763662 12.142846 20.758376 14.855807 12.512458 17.885843 13.142945 13.134096 5.436695 -1.974013 -8.439439 -8.007662 -11.734504 -13.387986 -13.239489 -17.952966 -17.197264 -17.169769 -14.733169 -6.776259 -8.125359 -16.888038 -15.950618 -13.418854 -4.326020 -12.270850 -20.084160 -21.983929 -19.815994 -15.353400 -16.623657 -16.219659 -20.369325 -26.934471 -22.822105 -18.068485 -23.564410 -26.694880 -21.687006 -23.376053 
-14.062125 11.473360 20.925836 14.495560 17.528332 20.646475 13.191733 19.713704 6.928758 4.971629 -5.803529 -7.829795 -6.185537 -11.128240 -12.370339 -14.597752 -12.168807 -9.621040 -7.015359 1.221616 0.031751 -6.261671 -9.327905 -7.804186 -3.406271 -9.512483 -15.927688 -15.484166 -11.491209 -7.027899 -9.422525 -15.685732 -21.299109 -31.901585 -29.315760 -22.386016 -27.436204 -26.573996 -23.097836 -23.127658 
-7.290458 13.067231 20.557583 12.994275 19.145246 19.997033 17.487520 23.023064 8.550647 5.669098 -5.883404 -8.769625 -4.800098 -10.712861 -13.259982 -13.722670 -13.310471 -9.096064 -3.356542 4.933381 3.784031 -4.061449 -7.280125 -7.700933 -0.308138 -8.212459 -13.184998 -14.813590 -9.535378 -4.795902 -8.505112 -18.067909 -24.651656 -40.398464 -35.485834 -26.504334 -32.017139 -31.981835 -25.836809 -25.989853 
-7.547044 13.133287 19.621022 12.128173 19.741500 18.603962 20.492278 24.229248 9.447770 4.710147 -5.340552 -8.830708 -4.908795 -8.203117 -11.106373 -12.189414 -11.927105 -5.891411 -0.761533 5.783960 5.570476 -3.365004 -4.946158 -2.362251 1.532665 -5.952690 -13.799105 -14.262876 -8.672766 -2.768231 -7.053309 -18.542655 -27.059772 -35.497719 -29.091600 -20.956093 -28.815059 -29.307374 -26.528652 -27.005096 
-5.677774 13.501044 18.806833 11.501711 19.780368 17.343515 22.192099 23.523161 10.534440 5.285501 -3.891194 -6.234937 -4.735777 -7.114898 -10.027602 -12.290663 -11.095695 -4.671070 0.434585 7.458326 5.518536 -3.940501 -3.284501 -1.598793 1.509531 -4.307496 -12.890486 -15.086225 -7.935078 -1.699461 -5.913163 -19.321624 -29.366278 -41.633512 -32.986499 -21.874955 -29.416472 -33.826979 -30.547556 -28.886963 
-4.202434 14.484743 18.186755 10.859058 19.562500 16.849879 22.587354 18.952214 9.588775 3.756570 -4.510516 -6.681927 -6.320646 -8.545849 -10.522202 -14.007319 -11.465559 -7.126014 0.287337 8.308316 2.574242 -4.864696 -5.789179 -2.341820 0.275414 -9.606568 -16.644717 -16.980348 -9.670951 -2.367000 -6.615221 -17.751831 -27.681881 -41.321558 -40.686289 -29.173977 -35.665581 -39.704087 -37.148973 -32.366564 
-0.152308 15.200291 15.953677 11.488103 16.184314 16.559858 19.159132 9.055607 2.060245 -6.153033 -13.163293 -10.130929 -9.342845 -12.340644 -15.636181 -15.584617 -14.831211 -10.765677 -0.121737 4.873947 -4.947734 -7.828281 -8.352474 -4.904538 -5.336473 -13.608945 -18.896860 -17.396263 -11.360387 -4.736882 -8.227397 -21.283299 -29.151525 -40.772490 -40.897028 -34.680396 -39.510937 -40.736991 -43.440687 -38.835717 
1.723268 15.847123 15.207612 11.093016 5.400784 4.448735 10.408575 5.787183 -4.300730 -9.268189 -16.075840 -17.780499 -16.475202 -23.962602 -22.715098 -22.529687 -25.529626 -19.673713 -12.530064 -10.083521 -14.249600 -27.750409 -30.254375 -24.714499 -25.687109 -21.833622 -27.440406 -25.732571 -21.863626 -16.590781 -20.570599 -28.503221 -34.399669 -43.779903 -44.274103 -41.400411 -42.934593 -41.934612 -44.533763 -44.881773 
-0.190636 14.926293 14.185172 9.511391 7.901442 -3.788794 -3.286051 -8.856790 -12.754090 -18.100858 -19.750517 -24.646212 -29.781021 -35.303596 -35.591974 -37.127406 -41.358500 -34.265238 -26.732629 -27.475960 -33.427250 -41.607686 -39.372263 -36.711805 -36.982708 -40.933155 -45.496645 -44.668795 -39.194549 -35.473311 -39.998265 -50.715288 -55.266943 -56.479892 -54.250065 -51.705735 -53.828049 -53.286287 -54.832327 -57.663448 
-0.211788 11.894103 8.440839 7.719010 2.779589 -8.315335 -14.804142 -14.022331 -18.256514 -19.553744 -23.499368 -26.320936 -28.258755 -35.586786 -36.622586 -35.739413 -38.325653 -37.922259 -29.062621 -32.098734 -29.893859 -34.161004 -34.479557 -34.561372 -25.431067 -25.867986 -25.613099 -23.910536 -26.190335 -28.927218 -38.110506 -43.690641 -41.014432 -44.451681 -45.711216 -45.832699 -41.999083 -42.801562 -48.446123 -48.943233 
4.639848 9.588675 5.546473 5.851486 2.645250 0.122213 -1.381388 -1.651582 -6.031785 -12.367328 -12.352077 -14.484485 -17.057608 -17.294860 -22.807479 -20.636106 -21.299416 -20.224549 -14.559856 -9.831069 -15.485011 -19.307435 -17.362047 -15.455584 -6.772970 -14.183506 -12.402369 -9.700318 -9.064572 -11.688694 -20.784181 -22.073043 -21.433256 -28.524219 -30.172698 -31.810632 -28.779115 -29.805206 -32.444181 -33.072230 
4.915223 15.876664 14.276711 11.028689 10.526214 10.737586 10.469421 8.017591 1.373666 -3.343303 -9.503494 -14.459491 -13.506631 -12.372753 -15.299193 -19.576738 -16.889913 -14.334705 -3.521748 -1.387839 -10.695613 -13.584343 -11.074578 -9.105914 -5.596974 -12.461881 -12.759133 -11.000028 -11.338212 -10.248363 -15.180407 -18.492459 -23.652402 -30.057625 -28.561581 -28.322844 -29.025317 -22.394991 -24.079430 -29.488277 
2.025522 17.625107 17.828111 12.424097 14.349928 14.144375 16.552227 13.057998 8.637411 0.361102 -6.706806 -10.173793 -9.332442 -10.033486 -12.406974 -14.810435 -13.373216 -5.598923 2.245934 2.612844 -2.137975 -5.951792 -4.648510 -5.267773 -8.144399 -9.953537 -12.064765 -12.124898 -10.163645 -13.826688 -14.108923 -19.565720 -30.021490 -37.830507 -35.784969 -30.410004 -28.311742 -26.886043 -28.374762 -32.011917 
2.848080 17.040181 18.588337 12.795481 16.110288 14.955234 19.496693 14.642887 13.211960 2.507686 -4.597461 -6.458362 -6.429438 -7.123423 -8.953991 -13.047773 -10.660956 -3.741562 4.325945 4.679792 -2.239043 -0.811903 -0.255950 -8.179433 -15.847550 -17.759423 -16.078744 -10.842972 -10.393579 -15.961425 -18.337690 -20.324030 -30.161851 -48.570273 -40.016801 -30.092072 -29.689067 -27.404878 -32.119915 -31.698748 
2.299502 17.689302 18.732527 13.351943 16.631286 15.561792 20.457845 16.267628 16.258387 4.285348 -2.326982 -4.345180 -4.264359 -6.253031 -7.349580 -10.098335 -5.960442 1.415678 8.409657 5.682849 0.653816 0.424931 -0.696736 -9.739622 -18.005284 -21.276193 -21.264570 -15.894817 -14.603904 -17.436137 -19.562703 -21.030916 -28.210379 -44.662894 -43.028273 -33.572449 -33.098953 -31.884244 -30.854848 -32.605248 
0.711342 17.469787 18.375389 13.692211 16.090650 16.102508 20.037912 18.407254 17.475983 4.760470 -0.670729 -3.294149 -4.103674 -6.022261 -6.218666 -8.304012 -5.857608 3.382773 9.784039 4.799932 2.842782 2.150258 -6.624350 -17.626404 -22.978230 -23.226735 -24.174044 -18.986440 -14.984921 -18.369356 -19.413974 -18.956405 -27.682927 -44.411644 -42.549337 -28.856489 -29.432177 -28.836101 -28.205582 -30.361940 
2.070917 18.021725 18.189899 13.673043 14.592638 15.930354 18.248021 20.702856 17.381447 6.345182 -1.192717 -4.682604 -4.925909 -7.611591 -7.603619 -8.671989 -2.691738 4.953084 8.164296 3.669822 2.240085 -3.309165 -11.841834 -20.029059 -26.329866 -27.546113 -29.233271 -25.702676 -22.311985 -22.447859 -22.930369 -21.087053 -30.702568 -37.946404 -36.674247 -25.866185 -30.612954 -31.728165 -32.464572 -34.416016 
4.634068 18.573106 17.890583 14.231974 12.952117 14.770412 14.660273 21.804483 14.496112 6.519748 -0.384004 -6.585963 -5.242492 -4.493335 -6.223614 -6.054568 -1.153872 6.774022 5.370035 3.748166 1.769784 -11.704286 -18.995543 -24.640333 -28.090741 -30.310153 -31.101791 -28.159661 -24.970691 -24.820503 -23.811298 -22.093058 -29.537537 -35.950649 -35.244187 -27.586292 -30.032717 -30.423480 -32.441092 -33.760022 
6.293894 18.708502 16.991071 14.142843 11.850838 13.056534 14.284617 21.071853 12.715032 6.411724 0.133628 -7.522826 -4.741285 -5.837132 -7.364540 -8.945951 -1.562879 5.624014 3.967143 4.363451 -1.112859 -14.162200 -23.033273 -27.120645 -29.831332 -31.394469 -32.395798 -31.533975 -30.484882 -30.443540 -28.884774 -27.912623 -33.737843 -37.564557 -37.256751 -35.103933 -32.836548 -32.555603 -37.120006 -36.129854 
7.544580 18.604618 16.090071 14.328362 11.375469 12.521450 14.584036 17.353025 11.340304 5.122938 -1.638441 -6.318786 -4.365557 -6.366189 -6.854628 -7.285598 1.085862 4.507751 1.384812 1.931030 -6.101938 -19.742778 -26.177420 -29.077319 -30.603965 -32.195389 -32.441655 -33.654255 -34.657965 -31.175647 -29.874046 -28.079639 -33.386329 -37.243238 -37.131141 -35.269857 -32.618693 -30.523266 -35.389431 -35.259378 
8.601172 18.419065 15.219785 14.074805 10.526478 10.486811 11.936002 12.255731 12.229041 3.621910 -3.837368 -10.498896 -7.745212 -8.634226 -10.793839 -11.924253 -2.895922 1.237395 -2.035752 -0.375478 -10.205195 -24.674478 -30.232660 -36.525684 -36.662069 -39.675862 -41.358592 -38.448096 -34.711832 -29.939225 -29.564627 -32.404102 -39.279570 -45.615364 -45.112376 -32.696351 -30.113216 -34.251777 -34.761622 -37.642951 
10.413659 19.139496 16.105140 13.620411 9.226648 7.345683 9.309595 11.471923 11.911528 5.194804 -2.335003 -7.656859 -7.155751 -10.258620 -11.548735 -11.792465 -3.404525 -3.960834 -6.268201 -4.085855 -11.426851 -24.703948 -31.129552 -31.438406 -33.197468 -33.641492 -34.341535 -34.857024 -35.050441 -34.992576 -34.431640 -34.014138 -35.922624 -38.030912 -38.253218 -35.946425 -34.994271 -36.983192 -35.693070 -33.879460 
12.062171 19.867431 16.912889 12.237349 6.869568 4.940853 6.554612 10.691040 9.336272 4.235037 -4.467040 -8.005733 -8.693153 -10.824268 -11.857365 -13.751903 -5.313014 -3.271657 -4.950556 -7.737116 -18.446303 -27.763246 -30.759655 -31.522544 -32.580112 -33.443143 -33.913712 -34.589820 -35.090524 -35.165233 -35.618327 -34.652607 -36.400854 -37.653802 -37.674207 -33.359858 -35.655291 -35.522035 -38.376789 -38.252033 
12.273251 18.560563 14.058288 9.206306 4.043419 2.550411 3.328930 5.982585 8.774393 0.607310 -7.249010 -13.999259 -11.694682 -14.008061 -16.712336 -17.934702 -7.766108 -5.035089 -9.364201 -10.853804 -22.670404 -25.883733 -33.743472 -42.122917 -45.761390 -47.010722 -47.819059 -46.805359 -45.761035 -39.954988 -40.593437 -38.609104 -44.069946 -49.362426 -46.676148 -36.276497 -30.705831 -32.296123 -38.722582 -38.081957 
11.749383 14.798827 10.007164 7.132358 -0.248933 -0.092212 -0.848004 5.661964 6.663450 0.245507 -8.076779 -16.741807 -15.112843 -17.532052 -18.196442 -17.915372 -8.197274 -2.613740 -6.327966 -10.640752 -22.470842 -31.365409 -39.329765 -46.420638 -48.131299 -48.432862 -48.239702 -49.239654 -48.293892 -45.087540 -45.432084 -40.050354 -45.864063 -51.159143 -48.632135 -38.731995 -35.640276 -36.038510 -40.690922 -38.806622 
11.382618 14.468115 10.284346 4.201137 -2.771516 -3.719814 -2.552854 3.308814 4.981464 -0.957451 -9.065161 -16.478044 -20.155385 -20.217160 -19.311349 -20.152232 -12.732136 -3.452855 -3.239839 -8.591299 -22.756173 -34.961398 -46.826509 -47.538527 -48.600671 -51.252581 -50.041737 -51.113015 -53.583387 -50.137995 -47.030472 -40.269027 -44.420328 -52.370286 -50.503792 -41.783078 -42.516583 -41.175754 -40.421454 -40.092112 
11.151828 15.504238 11.874895 5.007428 -1.883533 -2.627754 -4.580857 -1.762325 -4.904954 -12.197976 -15.196473 -18.706641 -21.614536 -26.282633 -26.158094 -24.273347 -16.232507 -6.440613 -7.260283 -10.493722 -26.372548 -34.025656 -38.619137 -42.001742 -45.930452 -47.421122 -48.124547 -48.069780 -47.436420 -45.057285 -46.835162 -43.074525 -43.375675 -49.410681 -48.472081 -42.777233 -42.530191 -38.351620 -34.814881 -35.294861 
10.064355 12.221589 5.307104 -1.132244 -3.443410 -4.946253 -6.896964 -8.378987 -6.791705 -12.057535 -17.449476 -17.184875 -12.039606 -14.515329 -17.578534 -21.306450 -15.636497 -5.936792 -4.939121 -12.865120 -24.699756 -35.777331 -43.391405 -45.050615 -45.386452 -46.657246 -47.079354 -47.888312 -47.483861 -45.861034 -44.029773 -39.787574 -47.083653 -48.955148 -49.830873 -44.505955 -39.203590 -39.339015 -42.530483 -42.363188 
8.458359 9.324672 0.217123 -5.841523 -11.105375 -12.780117 -9.568867 -9.264701 -12.101533 -10.246749 -15.437910 -16.963428 -16.101624 -18.565294 -22.538572 -22.988664 -18.573496 -8.074869 -4.843423 -13.163802 -28.571874 -40.041573 -45.449684 -47.411238 -50.187834 -50.950754 -50.184847 -52.515060 -50.503608 -44.667608 -46.321618 -43.226921 -48.805571 -53.647004 -53.068413 -43.427231 -38.178989 -37.667657 -38.399103 -40.805302 
5.974073 6.448233 -3.793669 -14.688674 -14.989743 -17.063072 -18.743456 -12.856892 -15.633315 -22.117776 -22.336558 -20.240741 -15.380519 -22.007964 -24.349994 -22.348313 -23.718818 -13.519834 -6.210138 -13.840773 -24.099333 -34.313610 -43.932936 -44.604212 -46.440186 -46.677765 -45.289991 -47.238606 -47.245362 -42.729809 -41.430085 -40.643232 -45.934554 -49.681849 -49.617449 -36.618326 -37.757221 -35.194304 -35.778122 -40.226272 
2.739850 -1.062198 -12.355934 -14.552488 -14.985018 -20.685850 -20.735347 -14.878841 -10.046458 -13.279380 -18.657866 -23.016780 -16.110178 -22.381357 -27.163939 -28.946151 -19.226309 -15.547875 -12.140055 -14.093159 -20.665472 -39.410164 -43.386101 -45.515865 -50.769551 -51.585146 -49.907227 -52.275818 -50.558894 -43.227845 -44.591770 -45.359157 -53.018821 -53.489417 -51.756046 -46.067103 -45.036733 -43.925207 -41.238786 -44.156345 
-2.608281 -3.434734 -9.795944 -17.486030 -22.047801 -23.866344 -22.479486 -19.198442 -15.958933 -14.993416 -20.285475 -17.152551 -17.672199 -21.135177 -26.431573 -30.759951 -17.036447 -10.349124 -10.049217 -14.147023 -20.782291 -28.834536 -36.340396 -40.371687 -42.149847 -45.994316 -45.305165 -50.315247 -47.602137 -44.761879 -46.576393 -44.770497 -51.248632 -55.930615 -55.041833 -47.039642 -47.500310 -46.242677 -44.295503 -47.387790 
-11.214203 -10.557899 -15.033497 -20.964086 -27.840360 -25.161268 -25.996882 -19.136033 -17.046179 -22.867019 -32.366879 -23.204152 -23.871314 -31.242668 -32.648565 -31.484538 -19.207813 -16.494702 -17.639799 -26.124672 -30.038745 -29.819769 -38.416159 -42.486361 -41.407981 -47.996080 -50.680288 -52.293854 -47.425656 -50.763542 -51.396388 -47.934279 -52.754225 -56.505424 -57.858462 -52.276283 -53.531677 -55.484462 -55.429441 -55.085792 
-17.547486 -20.469191 -26.513764 -25.766711 -34.256921 -30.169822 -34.014910 -29.739482 -38.646506 -42.902253 -41.287194 -34.700485 -37.421585 -45.072576 -47.836077 -43.341960 -41.876214 -31.523901 -29.256773 -41.908595 -52.186472 -47.586126 -55.069151 -57.437441 -60.244815 -60.905925 -60.682455 -60.367809 -59.057380 -60.532959 -63.479089 -60.464295 -62.902835 -69.009536 -63.886038 -65.158390 -63.495428 -63.774961 -64.383182 -67.100045 
-39.737579 -40.131778 -40.921147 -42.549084 -45.157236 -48.662487 -50.579905 -50.640116 -52.409156 -58.107016 -60.037624 -57.295647 -58.928772 -61.716004 -65.016046 -69.294098 -67.505579 -68.474898 -67.523955 -68.063026 -73.747672 -75.045981 -73.221886 -75.488533 -78.110506 -82.790639 -86.981571 -85.819085 -83.454802 -85.774788 -92.152964 -94.484789 -88.011734 -86.758848 -86.708712 -90.845007 -89.712427 -86.160983 -94.912599 -95.426970 
NaN NaN NaN NaN NaN NaN NaN NaN NaN NaN NaN NaN NaN NaN NaN NaN NaN NaN NaN NaN NaN NaN NaN NaN NaN NaN NaN NaN NaN NaN NaN NaN NaN NaN NaN NaN NaN NaN NaN NaN 
NaN NaN NaN NaN NaN NaN NaN NaN NaN NaN NaN NaN NaN NaN NaN NaN NaN NaN NaN NaN NaN NaN NaN NaN NaN NaN NaN NaN NaN NaN NaN NaN NaN NaN NaN NaN NaN NaN NaN NaN 
NaN NaN NaN NaN NaN NaN NaN NaN NaN NaN NaN NaN NaN NaN NaN NaN NaN NaN NaN NaN NaN NaN NaN NaN NaN NaN NaN NaN NaN NaN NaN NaN NaN NaN NaN NaN NaN NaN NaN NaN 
NaN NaN NaN NaN NaN NaN NaN NaN NaN NaN NaN NaN NaN NaN NaN NaN NaN NaN NaN NaN NaN NaN NaN NaN NaN NaN NaN NaN NaN NaN NaN NaN NaN NaN NaN NaN NaN NaN NaN NaN 
NaN NaN NaN NaN NaN NaN NaN NaN NaN NaN NaN NaN NaN NaN NaN NaN NaN NaN NaN NaN NaN NaN NaN NaN NaN NaN NaN NaN NaN NaN NaN NaN NaN NaN NaN NaN NaN NaN NaN NaN 
NaN NaN NaN NaN NaN NaN NaN NaN NaN NaN NaN NaN NaN NaN NaN NaN NaN NaN NaN NaN NaN NaN NaN NaN NaN NaN NaN NaN NaN NaN NaN NaN NaN NaN NaN NaN NaN NaN NaN NaN 
NaN NaN NaN NaN NaN NaN NaN NaN NaN NaN NaN NaN NaN NaN NaN NaN NaN NaN NaN NaN NaN NaN NaN NaN NaN NaN NaN NaN NaN NaN NaN NaN NaN NaN NaN NaN NaN NaN NaN NaN 
NaN NaN NaN NaN NaN NaN NaN NaN NaN NaN NaN NaN NaN NaN NaN NaN NaN NaN NaN NaN NaN NaN NaN NaN NaN NaN NaN NaN NaN NaN NaN NaN NaN NaN NaN NaN NaN NaN NaN NaN 
NaN NaN NaN NaN NaN NaN NaN NaN NaN NaN NaN NaN NaN NaN NaN NaN NaN NaN NaN NaN NaN NaN NaN NaN NaN NaN NaN NaN NaN NaN NaN NaN NaN NaN NaN NaN NaN NaN NaN NaN 
