NaN NaN NaN NaN NaN NaN NaN NaN NaN NaN NaN NaN NaN NaN NaN NaN NaN NaN NaN NaN NaN NaN NaN NaN NaN NaN NaN NaN NaN NaN NaN NaN NaN NaN NaN NaN NaN NaN NaN NaN 
NaN NaN NaN NaN NaN NaN NaN NaN NaN NaN NaN NaN NaN NaN NaN NaN NaN NaN NaN NaN NaN NaN NaN NaN NaN NaN NaN NaN NaN NaN NaN NaN NaN NaN NaN NaN NaN NaN NaN NaN 
NaN NaN NaN NaN NaN NaN NaN NaN NaN NaN NaN NaN NaN NaN NaN NaN NaN NaN NaN NaN NaN NaN NaN NaN NaN NaN NaN NaN NaN NaN NaN NaN NaN NaN NaN NaN NaN NaN NaN NaN 
NaN NaN NaN NaN NaN NaN NaN NaN NaN NaN NaN NaN NaN NaN NaN NaN NaN NaN NaN NaN NaN NaN NaN NaN NaN NaN NaN NaN NaN NaN NaN NaN NaN NaN NaN NaN NaN NaN NaN NaN 
NaN NaN NaN NaN NaN NaN NaN NaN NaN NaN NaN NaN NaN NaN NaN NaN NaN NaN NaN NaN NaN NaN NaN NaN NaN NaN NaN NaN NaN NaN NaN NaN NaN NaN NaN NaN NaN NaN NaN NaN 
NaN NaN NaN NaN NaN NaN NaN NaN NaN NaN NaN NaN NaN NaN NaN NaN NaN NaN NaN NaN NaN NaN NaN NaN NaN NaN NaN NaN NaN NaN NaN NaN NaN NaN NaN NaN NaN NaN NaN NaN 
NaN NaN NaN NaN NaN NaN NaN NaN NaN NaN NaN NaN NaN NaN NaN NaN NaN NaN NaN NaN NaN NaN NaN NaN NaN NaN NaN NaN NaN NaN NaN NaN NaN NaN NaN NaN NaN NaN NaN NaN 
NaN NaN NaN NaN NaN NaN NaN NaN NaN NaN NaN NaN NaN NaN NaN NaN NaN NaN NaN NaN NaN NaN NaN NaN NaN NaN NaN NaN NaN NaN NaN NaN NaN NaN NaN NaN NaN NaN NaN NaN 
-93.808817 -93.689148 -93.511813 -93.267538 -93.018204 -92.795072 -92.662196 -92.649293 -92.819843 -93.200289 -93.800608 -94.592338 -95.381034 -95.906947 -95.973685 -95.747334 -95.666022 -96.167381 -97.585316 -99.940452 -101.912354 -101.474392 -100.753227 -102.174705 -105.957407 -105.162170 -102.311179 -103.622872 -106.910223 -104.047212 -104.657794 -108.913232 -104.808128 -106.892698 -104.765366 -104.338066 -106.322480 -106.648657 -110.041167 -110.558846 
-36.633428 -39.550617 -47.548289 -58.947099 -59.918684 -55.855069 -60.085840 -61.678543 -59.676082 -60.462049 -61.830803 -62.812006 -67.347224 -75.661669 -82.419477 -76.996903 -70.494088 -73.219132 -75.447360 -79.376125 -73.169897 -74.937954 -76.378200 -78.509826 -81.674609 -78.839905 -80.272345 -82.521693 -86.869802 -84.553770 -79.464761 -83.307559 -79.272100 -79.740569 -83.482911 -78.420896 -79.948288 -81.171194 -81.048477 -82.546059 
-26.459754 -29.295128 -30.206350 -28.662452 -32.223581 -34.073948 -35.003455 -37.067419 -38.834944 -41.224826 -42.807764 -45.351112 -46.291177 -47.261225 -48.534634 -48.996874 -50.023719 -50.696919 -50.741532 -51.948964 -52.943061 -53.865646 -54.057966 -55.077079 -55.638607 -56.008138 -57.188552 -57.803040 -58.042311 -58.648668 -59.116511 -59.523214 -60.123522 -60.218539 -60.705352 -60.760362 -61.365538 -61.548253 -61.872556 -61.934982 
-13.187680 -5.736340 2.485971 6.671705 4.303634 -2.511933 -6.457974 -11.346355 -18.924721 -17.864470 -25.593727 -29.374706 -31.105667 -36.942970 -36.157962 -35.926158 -32.540157 -33.255555 -33.967929 -42.268403 -44.523713 -47.595869 -48.551362 -49.417025 -49.964024 -50.160695 -51.101506 -51.530768 -52.344846 -52.853319 -53.172639 -53.605571 -53.670411 -54.364114 -54.510439 -54.734724 -55.592505 -55.964353 -56.109907 -56.264999 
-16.114948 -8.350825 9.020942 14.678401 7.908646 -2.884328 0.376312 -5.672608 -6.977793 -8.905544 -13.146087 -16.301173 -23.722769 -28.710981 -30.071321 -32.664802 -28.833893 -27.998169 -28.971248 -39.662884 -43.467901 -47.011242 -47.728994 -48.611673 -49.888663 -50.340255 -51.129065 -51.613635 -51.395559 -52.684047 -52.574322 -54.072368 -53.726447 -54.355081 -53.036304 -54.666599 -55.297350 -55.278409 -55.668034 -56.526730 
-21.702634 -9.479256 9.308901 11.156928 -4.536635 -2.265998 -3.788813 -15.215904 -7.362029 -15.510569 -12.749536 -18.539804 -30.239112 -31.632618 -31.674136 -33.535830 -35.298278 -33.107114 -35.219041 -41.035091 -42.699293 -43.802362 -44.637057 -46.106985 -46.928618 -47.525374 -47.986408 -48.509598 -49.350641 -49.986099 -50.002622 -50.712524 -51.309875 -51.476788 -51.924500 -51.833470 -52.404648 -52.900653 -53.096030 -53.019596 
-15.109122 -4.844844 7.049444 8.388097 -1.192393 -3.346805 -9.115627 -16.622745 -12.356579 -19.396174 -18.649047 -23.296090 -31.003457 -34.302293 -35.916548 -37.136002 -40.441478 -37.077717 -37.825850 -43.322916 -44.130795 -45.717716 -45.928322 -46.773637 -47.569606 -48.178142 -48.913685 -49.091689 -49.781616 -50.388685 -50.462834 -51.183941 -51.612980 -52.270424 -52.625967 -52.638382 -53.156943 -53.304244 -53.518713 -53.784712 
-17.545512 -11.183217 -4.678795 -5.520282 -7.323542 -6.763036 -13.802416 -29.802240 -27.350045 -28.084948 -32.402548 -39.128399 -43.482665 -44.360256 -49.413913 -47.605179 -49.691414 -51.892651 -52.742808 -53.109974 -53.961463 -55.588929 -55.605295 -56.691270 -57.461143 -57.922963 -57.655849 -58.425327 -59.017186 -60.350264 -60.701670 -60.871608 -62.156475 -62.717532 -61.424525 -62.304577 -62.528905 -62.902928 -63.495651 -63.931126 
-12.735011 -21.937310 -7.805848 -10.209202 -17.426826 -24.197851 -24.935067 -25.855175 -28.677496 -37.890837 -33.357872 -35.912867 -36.399678 -35.303848 -33.261446 -36.464681 -36.222267 -40.224711 -40.608365 -40.832242 -40.062227 -38.772935 -39.746968 -41.958112 -44.239848 -44.852662 -44.270929 -44.390404 -44.642157 -47.933865 -50.211604 -50.038683 -51.615836 -54.880066 -54.081484 -54.503741 -54.756452 -55.474479 -57.206643 -55.822369 
-0.885361 -1.423427 -2.335686 -0.028029 -3.423858 -4.237850 -8.051779 -7.716233 -7.553571 -9.192787 -11.440231 -16.142294 -19.423653 -17.781672 -18.748885 -24.534357 -24.413566 -24.976260 -26.538750 -26.193320 -21.955424 -24.588959 -26.634038 -32.219716 -34.453857 -28.081051 -25.542697 -29.827883 -30.378794 -35.085047 -33.991480 -34.417970 -38.742353 -40.472713 -36.983098 -36.914625 -36.224013 -40.320413 -41.029457 -37.610743 
-0.473063 -1.316808 4.305912 15.415228 16.039826 7.437893 4.995828 13.948053 13.352972 11.930190 14.600189 11.731243 10.830647 6.215602 2.501671 -1.529286 -2.982735 -2.212347 -1.844148 -0.882484 -4.163725 -12.018293 -16.761005 -17.870104 -20.657510 -19.356022 -14.719330 -14.557094 -18.773833 -20.653519 -19.061014 -19.943656 -26.889018 -28.526532 -24.281088 -32.619598 -40.341414 -41.098967 -41.537289 -39.829979 
-15.945411 -19.801283 -2.057972 17.488206 17.403105 -2.149645 6.515682 16.539084 6.433483 13.264507 21.626559 9.584880 17.876085 17.010513 6.648398 6.182948 0.833829 0.887096 4.231616 3.670761 6.226319 -2.046889 -7.864138 -9.507401 -12.303006 -10.475957 -6.236052 -5.828532 -12.159359 -15.892995 -12.471799 -9.967936 -17.529662 -23.807059 -22.030580 -27.859448 -34.994825 -35.730643 -35.710810 -32.737546 
-21.475194 -19.767342 -11.858879 15.573327 18.188739 0.533941 -7.224438 13.853403 8.781929 -1.715403 18.067743 11.935662 13.179960 22.215089 5.380157 8.510344 -3.831398 1.554516 -1.411126 0.237646 7.988393 0.760082 -3.616427 -4.502064 -7.358627 -6.062593 -3.113950 -1.352455 -8.811387 -15.396399 -13.026181 -8.865139 -12.408453 -17.511899 -18.074104 -26.848399 -42.348519 -44.059799 -43.287599 -34.191296 
-19.288065 -31.915042 -14.412106 14.385412 18.612636 2.733406 -10.200092 12.329529 10.494690 -15.700014 15.680269 14.489745 7.205285 23.545739 9.621618 7.516294 -0.875941 2.665360 -4.261111 0.518496 6.885381 4.395073 -2.299898 -2.626290 -6.328885 -5.953600 -2.672443 -0.876181 -6.384159 -15.802497 -14.592112 -10.545921 -13.350002 -16.806712 -18.273468 -28.196043 -41.377644 -46.080061 -43.041433 -34.677231 
-26.449768 -25.455083 -15.853545 12.413561 18.565190 4.657693 -12.210259 8.837490 11.018832 -9.277696 12.861629 14.864588 1.493766 22.351093 12.614028 8.503232 4.452549 2.984647 -1.415762 2.336346 4.221263 5.921417 -3.988725 -5.050367 -7.681712 -7.834304 -4.168287 -1.420526 -5.606435 -14.598900 -16.074633 -12.307589 -14.665089 -18.233915 -18.554282 -28.493923 -41.504900 -45.507209 -42.963171 -35.531566 
-17.327915 -14.272345 -16.788137 11.705466 19.192180 6.818811 -12.912325 7.233925 11.964145 -8.729700 8.634446 14.516300 -4.206207 19.136607 12.601130 6.438310 6.475763 1.388270 1.188038 1.649054 0.419291 6.804705 -6.446482 -8.505175 -10.092501 -11.288397 -9.414001 -4.630813 -6.391908 -10.912680 -10.598728 -10.177487 -14.860236 -18.311899 -18.683084 -25.377566 -31.307324 -31.780134 -32.020272 -29.430295 
-17.062222 -21.055685 -21.170529 9.505128 18.977947 8.249075 -16.889325 3.556530 13.057392 -5.468515 3.023281 14.961413 -1.320284 15.942988 17.589182 2.693803 8.527690 0.028251 4.363712 -0.148836 0.781992 8.568659 -3.036335 -6.306936 -7.825935 -8.984384 -9.440200 -5.758990 -7.623818 -11.387068 -10.174016 -9.520828 -15.610245 -20.968845 -19.208636 -26.956279 -37.517991 -37.980416 -37.115470 -29.796855 
-19.046182 -16.389167 -19.811895 7.984107 18.621785 8.592910 -16.490893 3.804268 13.198086 -5.315805 -0.044314 14.108351 -3.104408 15.842915 18.594143 2.555134 11.469412 0.072709 7.009139 -0.464193 0.299315 6.646406 -1.531392 -3.238609 -5.851097 -6.980098 -6.418598 -4.526910 -7.637575 -12.503528 -11.968125 -10.376704 -16.163681 -21.372969 -19.076497 -28.876504 -41.309564 -41.809886 -39.015752 -32.495200 
-13.468765 -19.686717 -18.604225 9.707372 18.833904 8.004824 -17.549817 5.252105 12.683387 -7.390133 3.374212 13.544747 -4.967434 16.477825 16.544026 8.433161 14.000625 3.859872 8.486140 3.147107 1.690398 8.086406 -2.059003 -4.443806 -6.255399 -6.981577 -5.899861 -3.207316 -7.176250 -11.395862 -10.180987 -9.911217 -15.258131 -19.465094 -19.075414 -26.806805 -40.009350 -43.717214 -39.908200 -29.584382 
-22.245861 -23.615377 -23.037623 11.386250 18.621486 5.640783 -17.660164 7.300513 10.967506 -13.064082 7.127984 12.404345 -6.790032 16.040694 9.851006 14.858861 15.244153 6.655840 6.291423 5.570180 3.919395 9.170575 -2.657947 -5.346092 -6.543625 -6.612982 -5.292961 -2.393816 -5.233497 -12.757428 -11.453415 -10.605396 -14.793642 -19.337533 -20.702365 -26.679713 -36.406891 -37.531753 -36.302943 -30.721888 
-29.228440 -37.953720 -15.533841 13.550732 18.114628 2.831718 -9.223964 10.223815 8.169965 -10.430719 11.684984 10.254100 3.393511 16.215179 5.778591 19.174320 13.391665 8.025378 3.359166 5.437895 7.973112 6.844651 -1.678488 -1.589319 -5.006519 -5.593115 -4.539980 -2.710642 -4.203461 -10.951390 -10.127526 -9.288526 -14.562083 -18.541994 -20.496512 -27.628890 -39.757874 -43.632856 -41.194109 -33.634553 
-26.484873 -18.878793 -5.395089 16.787376 18.253786 -0.404700 -1.561622 12.457897 4.132691 -0.135413 14.165872 4.878493 11.092628 13.664455 10.347318 18.457992 9.191717 6.163570 6.788070 4.414506 9.451755 4.604084 -0.685214 -1.030065 -4.250493 -5.512330 -4.366010 -1.474356 -2.603352 -9.033544 -8.434813 -8.353186 -15.037605 -18.730794 -18.397305 -27.294505 -42.283688 -50.591098 -46.067593 -31.062969 
-16.510617 -21.434672 1.987477 19.257774 17.494368 -4.072314 6.136141 12.276692 -2.203132 9.321275 12.428234 3.033413 13.324319 6.862339 14.568003 11.951771 13.489470 8.199307 9.651991 6.940758 6.858090 5.225539 -3.066018 -3.900227 -7.829849 -9.388220 -8.718205 -5.107847 -3.527010 -8.446571 -8.359149 -9.135772 -18.504327 -24.061901 -20.625786 -26.406623 -41.179987 -47.798511 -42.429242 -31.005982 
-13.744176 -19.703896 7.660567 19.830249 14.317979 -2.814564 10.456538 8.589041 -1.812623 13.492923 7.872331 8.975374 9.640761 9.440805 10.202845 14.813487 13.572154 9.137175 7.823781 6.353861 8.226182 1.626242 -5.293766 -7.530514 -12.529770 -14.433501 -10.920944 -4.231172 -2.766390 -8.039063 -10.032879 -11.512775 -20.164475 -21.894513 -20.489429 -28.782247 -44.553953 -49.999230 -47.785046 -33.660263 
-26.712377 -14.066679 11.044842 18.138676 7.423629 1.728722 12.751949 5.985550 5.617963 11.163560 0.669130 10.355967 4.065030 13.226873 10.761667 16.696235 12.736775 10.068373 11.537914 8.908591 6.739926 2.805755 -5.067070 -8.807100 -16.058795 -15.768248 -12.094004 -4.738281 -3.513728 -9.062954 -10.292259 -14.475645 -22.181074 -22.746735 -20.997862 -29.567946 -41.482958 -43.065924 -40.655034 -34.685181 
-18.164193 -6.810282 12.620019 16.076517 2.497125 5.839470 11.075844 -0.900263 9.757491 4.183768 8.723922 8.333401 11.099427 12.111127 16.042501 15.867518 16.926270 11.763054 10.211924 8.218641 6.185810 -1.727134 -9.489168 -14.053876 -19.523159 -19.664971 -13.233379 -5.800870 -5.327704 -11.660946 -14.490347 -20.224017 -26.413902 -28.111467 -27.521891 -31.325210 -34.814014 -35.327782 -35.628619 -35.034346 
-18.985961 -1.734367 13.450601 12.621810 -2.250283 8.350896 6.038945 3.084621 11.133985 3.157187 12.193103 6.142059 11.304563 11.343573 13.978297 17.509361 14.047910 10.220754 11.214690 9.225784 5.980456 -0.996385 -7.742182 -11.273160 -16.678490 -18.121184 -14.744909 -8.746783 -9.419508 -13.237928 -16.301840 -20.406935 -28.612007 -30.428516 -31.374381 -38.034431 -42.014479 -42.586221 -43.537272 -40.350561 
-18.190166 1.730052 14.293017 10.836884 -0.224256 9.953959 2.391039 8.100205 9.513190 7.587968 10.777553 6.917193 8.085239 13.026234 12.346272 15.416569 13.535378 10.383362 9.848581 7.336860 5.772184 1.352037 -5.806127 -11.129518 -14.923044 -15.359322 -13.262767 -8.573205 -10.758168 -15.196894 -16.109418 -17.841572 -23.129587 -25.643309 -28.469040 -38.189564 -47.359812 -50.673672 -48.751155 -43.056280 
-19.799726 4.241392 15.410504 10.498575 2.531307 11.097393 2.751622 10.782548 6.265351 11.436466 8.168229 7.743430 7.638656 13.348680 14.337624 14.109748 13.083109 7.917942 8.667847 7.727261 7.265556 1.989569 -5.242266 -10.675284 -14.468352 -14.726757 -13.883689 -10.908867 -12.747168 -14.813364 -12.845987 -14.831880 -22.431046 -25.682071 -29.399270 -38.778117 -48.973079 -50.317584 -47.490239 -41.483650 
-21.934422 5.085028 15.904636 10.681024 5.280842 10.547685 2.402043 11.821163 4.470977 11.731901 5.188591 7.163341 9.958447 11.865044 14.248006 15.123202 13.050796 9.652425 10.272621 8.380593 7.329096 2.444929 -3.066050 -7.721871 -10.153861 -10.856089 -10.112741 -8.436809 -11.922317 -15.489983 -12.747003 -15.058650 -25.157256 -27.129268 -27.462054 -35.786461 -45.615104 -48.510325 -47.276283 -44.380100 
-18.352790 5.298467 15.586316 9.433727 5.035837 10.019062 2.013547 11.502052 3.278844 10.973687 3.337822 7.129481 10.200231 10.220773 13.509577 14.616809 11.517615 9.995515 8.843603 7.561729 6.197532 0.349367 -5.535178 -7.840847 -11.147435 -12.599039 -9.665408 -7.585618 -11.517528 -16.861149 -17.259022 -18.904870 -26.313385 -29.024845 -28.112408 -33.850358 -35.335594 -35.629582 -35.777850 -35.654998 
-19.192585 5.506773 14.702661 7.999919 6.518598 9.340258 2.548237 10.662680 4.446847 10.769026 5.538906 7.663946 11.464268 12.073958 14.405542 15.445413 13.116579 11.039433 10.298643 9.897013 7.231195 0.717099 -3.828969 -6.227332 -9.207497 -9.157533 -7.526542 -4.197908 -7.792468 -13.214103 -11.984368 -13.438729 -22.354957 -25.882376 -26.729098 -36.023034 -47.441802 -49.855501 -47.016013 -42.962065 
-19.726245 3.683506 13.851764 7.012565 3.766949 9.018003 0.701124 10.080883 3.092868 11.251971 4.476643 8.546464 11.391786 11.975109 15.484830 14.894111 12.666150 11.108500 10.346161 10.342609 7.152881 0.472492 -4.758777 -7.136351 -9.793627 -10.733694 -7.791340 -3.629694 -6.444303 -11.624041 -10.358839 -12.100746 -19.723672 -23.124680 -24.831745 -33.033845 -35.514223 -35.830494 -35.859687 -36.114986 
-23.394099 4.076320 14.312182 8.948034 3.060850 9.586532 1.628984 10.223624 4.515780 11.162100 4.744023 7.730746 10.039987 12.620484 15.316418 12.905707 10.855000 9.510968 9.951818 7.633865 5.485637 0.136752 -5.242940 -10.271131 -12.398439 -13.766309 -11.445513 -7.622573 -10.433990 -15.531534 -13.009253 -13.037416 -20.117724 -23.711819 -26.892113 -37.966461 -49.618474 -53.308484 -50.330403 -45.588886 
-22.666079 2.719607 13.646893 7.404510 0.910575 8.183995 -3.316758 7.917423 0.609011 8.006270 1.693772 3.443827 7.049618 8.436654 11.061266 9.436512 6.722776 3.923368 4.923926 2.245463 0.492951 -4.849041 -10.705348 -15.944834 -16.958233 -17.139358 -15.432787 -11.688215 -15.554708 -22.610993 -20.401922 -20.320676 -27.589266 -31.849057 -32.525461 -37.561256 -39.042885 -39.453481 -39.784728 -39.047354 
-21.678611 2.956083 13.596643 8.698203 2.132762 8.706166 0.156348 8.746421 2.893475 9.049125 3.246021 5.857406 8.598734 11.419410 13.932393 11.148096 8.246245 6.040199 6.459908 4.704278 4.076566 -1.733448 -8.113774 -11.918036 -14.010005 -14.871630 -12.287640 -7.260762 -12.777561 -20.279074 -19.709413 -22.622400 -26.942606 -28.087903 -27.877589 -37.690898 -46.617884 -47.952175 -47.087883 -40.412778 
-15.174996 1.824896 12.986135 8.379648 2.012800 8.548130 0.204762 7.950164 2.239288 7.838703 3.714665 4.983811 8.889297 11.876412 12.566081 8.067642 4.218454 2.089415 2.962574 -0.592815 -1.099283 -6.396816 -13.582726 -19.192099 -21.270837 -22.813553 -21.103822 -15.551834 -19.152387 -25.545687 -23.893135 -22.477050 -26.270049 -29.144591 -30.368716 -36.740993 -39.343710 -39.587388 -39.545973 -38.905251 
-14.986613 0.504946 13.636927 10.321041 -0.640776 9.346002 1.784153 7.630126 6.426105 6.775757 8.190494 6.950812 7.273685 13.065448 9.444937 8.489580 3.822640 -0.676190 -1.357743 0.144990 0.230612 -4.417746 -12.473085 -17.768272 -19.719843 -19.922352 -17.080119 -10.500525 -13.400939 -19.213652 -20.307577 -16.709890 -21.310452 -24.923360 -27.373567 -35.864571 -47.801225 -54.096668 -50.460064 -42.100744 
-21.014438 0.507127 13.796135 10.866875 -0.055706 8.834156 1.266960 5.772842 3.645297 5.761225 6.666444 3.879854 2.686009 7.660044 3.762310 2.350681 -2.410558 -6.022481 -5.171366 -6.182449 -4.249418 -10.791776 -18.845620 -22.739928 -24.407628 -25.110647 -22.994923 -15.774629 -18.140836 -23.806462 -25.149727 -23.213059 -27.008070 -29.060959 -28.775402 -34.879501 -38.838182 -39.663726 -39.704072 -37.892554 
-17.727664 1.898595 14.038368 10.748623 -3.490454 6.811210 0.854737 0.688880 1.367848 0.063968 1.077880 -3.598855 -2.954607 -1.078835 -6.410993 -8.219658 -12.975389 -17.364721 -14.868583 -16.202232 -16.209309 -18.307625 -24.298578 -29.583439 -28.644241 -30.278955 -28.078472 -19.350649 -19.267239 -29.341676 -30.900561 -25.032442 -26.809619 -29.783760 -34.247057 -34.681402 -45.835044 -50.280252 -49.791910 -43.089001 
-17.927450 -0.872887 12.467282 10.581235 -4.101992 4.739672 -0.467817 -4.532738 -2.174299 -3.092501 0.223306 -4.995877 -2.656433 -2.195095 -5.463099 -8.744375 -10.749694 -14.198398 -17.084208 -21.027030 -19.626704 -21.693537 -26.110805 -27.221283 -28.800391 -29.959922 -28.207760 -24.270018 -28.341384 -36.005842 -36.099558 -30.755139 -32.094693 -39.246803 -37.028713 -34.604639 -41.508920 -45.731380 -42.951399 -44.793449 
-19.666275 -0.470123 11.198754 9.076521 -2.782409 1.567383 -4.257269 -6.270435 -6.965017 -8.335294 -4.124461 -9.870885 -7.557910 -10.744843 -10.798931 -12.701960 -12.101319 -17.252338 -20.829235 -21.378077 -18.920826 -21.468022 -26.330631 -30.633624 -26.883722 -29.190903 -25.154774 -21.892782 -27.695337 -34.228954 -29.347718 -25.837042 -28.846844 -36.041926 -29.024401 -29.383818 -34.091799 -37.058018 -36.613833 -37.269286 
-15.658537 -1.636531 5.940101 -1.499788 -12.793142 -12.563122 -18.707539 -16.916239 -23.921237 -16.556718 -11.585182 -17.220817 -13.465497 -16.851693 -19.585142 -18.454400 -21.438190 -21.496279 -27.974849 -29.057713 -24.370537 -16.052866 -25.117073 -28.214463 -26.933310 -25.912351 -24.555936 -20.275153 -25.862955 -30.587042 -26.119005 -31.430242 -28.007142 -32.392766 -29.425087 -27.810911 -28.252238 -30.028626 -31.437029 -31.794021 
-13.774578 -10.360790 -1.393535 -2.333981 -19.657329 -17.840810 -23.601379 -30.744312 -27.932713 -26.926388 -22.682619 -27.078970 -25.972407 -23.718221 -22.839800 -22.904221 -25.924405 -29.054486 -26.784336 -27.895154 -23.547619 -20.773431 -23.310858 -29.103814 -27.004828 -29.699165 -26.725600 -26.101078 -24.889813 -28.775486 -29.739575 -28.857318 -32.320353 -31.228446 -30.275873 -28.268330 -26.799957 -27.782243 -29.664250 -30.805628 
-22.234604 -11.207693 -2.902063 -6.129533 -20.010621 -19.453772 -26.022219 -27.302944 -29.685005 -39.131451 -31.545006 -42.098765 -31.229849 -27.285671 -30.320755 -29.416011 -30.365647 -32.799714 -36.686063 -31.928918 -29.810263 -29.340215 -23.991265 -30.956165 -31.182070 -34.266885 -33.768193 -31.646115 -30.422362 -29.348787 -30.380261 -31.916851 -33.984488 -32.789728 -32.129780 -29.539120 -30.299896 -26.279563 -28.483325 -28.384147 
-21.127209 -19.919469 -13.015906 -13.541128 -28.714865 -26.947101 -34.017405 -38.112400 -37.285830 -40.335754 -41.622143 -36.769930 -35.825037 -31.381754 -27.444197 -31.115040 -32.860061 -33.225771 -32.460175 -33.563380 -30.210634 -33.708596 -31.416077 -36.513335 -34.873131 -36.220766 -36.130909 -34.265149 -37.222363 -36.509458 -32.878837 -34.157372 -34.805482 -38.153530 -33.361352 -32.349378 -33.186853 -31.984632 -33.626731 -31.831160 
-18.369867 -17.765679 -13.214007 -16.502424 -27.267666 -34.886153 -33.900663 -35.023564 -38.432735 -37.553176 -44.925292 -38.932436 -34.404303 -30.155731 -30.131703 -31.219569 -33.809395 -33.015409 -35.003649 -33.425025 -28.232922 -27.260148 -27.036188 -33.090613 -31.724776 -36.027017 -33.551280 -36.511815 -34.519937 -32.353098 -34.230881 -33.376385 -32.336921 -36.224511 -34.399628 -36.171129 -33.853671 -32.526942 -30.029329 -28.404249 
-22.943147 -21.019197 -27.937268 -23.598160 -25.268436 -33.618483 -34.918263 -29.594485 -29.025429 -36.142270 -37.810073 -36.029490 -29.843586 -26.927509 -24.629090 -24.942062 -27.917449 -26.345441 -35.318371 -28.309011 -25.561957 -29.412170 -26.459067 -30.697746 -26.985282 -30.363432 -33.282207 -32.372379 -28.284623 -29.780273 -33.608138 -32.169976 -33.262639 -33.947515 -31.236355 -30.399129 -32.035657 -31.077454 -30.543149 -30.716221 
-25.519542 -27.230600 -23.619103 -27.296828 -27.740247 -33.711805 -29.703445 -29.065584 -33.953699 -30.246173 -29.971404 -32.628622 -31.070950 -21.737732 -18.373683 -21.372143 -22.054393 -29.086563 -32.454422 -27.296510 -28.932216 -26.252576 -21.874761 -26.139644 -26.252425 -30.399810 -31.021339 -24.420053 -29.746824 -29.189574 -31.551182 -28.711078 -30.159222 -33.014772 -29.793728 -27.236499 -27.576910 -27.558502 -25.912248 -28.653291 
-22.465422 -23.582583 -24.115145 -24.848534 -34.746970 -29.833965 -27.477541 -27.268777 -26.981117 -22.074185 -24.700295 -35.052868 -26.430019 -21.593305 -20.323655 -25.154621 -25.835041 -29.146565 -29.422434 -28.364977 -29.163727 -28.548875 -26.017620 -27.931983 -31.461237 -34.888392 -28.838809 -26.929317 -31.478788 -32.720941 -33.677999 -30.970476 -29.967853 -35.048283 -33.873726 -29.771636 -29.648450 -27.118271 -26.134988 -31.023321 
-27.019360 -22.168312 -27.545506 -29.781282 -31.414619 -28.145899 -24.560348 -25.244575 -26.078934 -21.845179 -24.179439 -29.797891 -26.982759 -27.656451 -28.196704 -26.739589 -24.061557 -28.403985 -33.380401 -30.932028 -28.467878 -28.412387 -32.019738 -26.477232 -28.690863 -31.433880 -30.810048 -26.572343 -29.434520 -33.747078 -34.943417 -32.055492 -34.975600 -39.912385 -36.505787 -35.517580 -32.442974 -32.639263 -30.160023 -32.925368 
-30.346963 -30.589633 -31.816044 -34.035411 -34.954910 -34.110928 -34.139714 -36.117373 -35.592364 -33.605498 -39.123805 -40.565092 -40.632135 -39.628872 -38.043199 -34.381758 -34.790437 -37.239907 -41.434157 -38.149095 -38.869377 -38.293790 -37.391564 -34.401117 -38.492213 -46.858618 -38.110214 -32.526848 -37.575331 -41.085466 -41.176007 -43.907017 -45.737906 -48.425199 -49.519262 -46.092319 -42.807392 -46.112672 -45.158830 -47.392480 
-63.415550 -68.660856 -72.179598 -68.427427 -74.845476 -77.353268 -80.959561 -81.448668 -78.070726 -76.359535 -72.893921 -72.650358 -71.426998 -69.998576 -73.993703 -76.070543 -77.323074 -81.034630 -80.614396 -77.025171 -74.368653 -74.153983 -76.162604 -80.271131 -80.227516 -82.857937 -79.682969 -78.068910 -82.993040 -86.031537 -84.910213 -79.785483 -83.766967 -83.949176 -87.170224 -83.198868 -86.831201 -89.209644 -86.186566 -87.542834 
-81.773617 -81.804729 -82.161408 -83.284792 -85.258962 -87.849560 -89.849500 -91.576941 -91.819799 -88.074748 -85.330155 -84.468271 -83.806022 -83.314871 -84.505216 -86.203088 -88.967362 -95.035431 -94.002257 -88.972157 -86.899280 -87.806677 -92.575727 -103.813972 -96.454312 -97.741596 -103.283948 -105.161841 -99.277180 -99.004724 -100.176708 -98.111209 -98.152475 -96.938909 -102.491830 -100.085125 -105.554312 -104.227778 -101.263565 -101.579473 
NaN NaN NaN NaN NaN NaN NaN NaN NaN NaN NaN NaN NaN NaN NaN NaN NaN NaN NaN NaN NaN NaN NaN NaN NaN NaN NaN NaN NaN NaN NaN NaN NaN NaN NaN NaN NaN NaN NaN NaN 
NaN NaN NaN NaN NaN NaN NaN NaN NaN NaN NaN NaN NaN NaN NaN NaN NaN NaN NaN NaN NaN NaN NaN NaN NaN NaN NaN NaN NaN NaN NaN NaN NaN NaN NaN NaN NaN NaN NaN NaN 
NaN NaN NaN NaN NaN NaN NaN NaN NaN NaN NaN NaN NaN NaN NaN NaN NaN NaN NaN NaN NaN NaN NaN NaN NaN NaN NaN NaN NaN NaN NaN NaN NaN NaN NaN NaN NaN NaN NaN NaN 
NaN NaN NaN NaN NaN NaN NaN NaN NaN NaN NaN NaN NaN NaN NaN NaN NaN NaN NaN NaN NaN NaN NaN NaN NaN NaN NaN NaN NaN NaN NaN NaN NaN NaN NaN NaN NaN NaN NaN NaN 
NaN NaN NaN NaN NaN NaN NaN NaN NaN NaN NaN NaN NaN NaN NaN NaN NaN NaN NaN NaN NaN NaN NaN NaN NaN NaN NaN NaN NaN NaN NaN NaN NaN NaN NaN NaN NaN NaN NaN NaN 
NaN NaN NaN NaN NaN NaN NaN NaN NaN NaN NaN NaN NaN NaN NaN NaN NaN NaN NaN NaN NaN NaN NaN NaN NaN NaN NaN NaN NaN NaN NaN NaN NaN NaN NaN NaN NaN NaN NaN NaN 
