NaN NaN NaN NaN NaN NaN NaN NaN NaN NaN NaN NaN NaN NaN NaN NaN NaN NaN NaN NaN NaN NaN NaN NaN NaN NaN NaN NaN NaN NaN NaN NaN NaN NaN NaN NaN NaN NaN NaN NaN 
NaN NaN NaN NaN NaN NaN NaN NaN NaN NaN NaN NaN NaN NaN NaN NaN NaN NaN NaN NaN NaN NaN NaN NaN NaN NaN NaN NaN NaN NaN NaN NaN NaN NaN NaN NaN NaN NaN NaN NaN 
NaN NaN NaN NaN NaN NaN NaN NaN NaN NaN NaN NaN NaN NaN NaN NaN NaN NaN NaN NaN NaN NaN NaN NaN NaN NaN NaN NaN NaN NaN NaN NaN NaN NaN NaN NaN NaN NaN NaN NaN 
NaN NaN NaN NaN NaN NaN NaN NaN NaN NaN NaN NaN NaN NaN NaN NaN NaN NaN NaN NaN NaN NaN NaN NaN NaN NaN NaN NaN NaN NaN NaN NaN NaN NaN NaN NaN NaN NaN NaN NaN 
-26.824613 -27.421322 -28.444513 -30.254034 -32.944026 -37.203017 -42.755528 -44.907325 -42.460646 -42.325595 -45.141725 -49.829034 -48.737313 -46.588568 -47.474826 -50.035061 -51.359165 -52.558670 -55.791916 -55.109463 -53.965320 -55.528516 -55.432456 -56.918471 -56.970002 -59.548376 -57.685457 -58.924062 -59.823604 -58.715525 -59.230407 -62.001824 -61.824418 -61.294551 -62.260664 -62.743619 -63.262998 -63.499291 -63.385622 -63.440731 
-11.009729 -4.475713 -2.014724 0.638530 -2.578513 -11.819852 -19.752968 -21.403449 -26.488444 -33.549570 -32.182740 -28.775151 -34.422527 -35.560457 -40.121674 -38.776342 -41.403589 -41.924977 -40.491126 -44.875513 -45.160295 -47.603772 -50.003076 -53.014393 -52.824416 -49.022179 -49.001631 -54.392473 -53.251715 -52.027221 -49.667032 -55.140637 -53.429823 -56.671930 -58.310640 -58.296465 -59.545412 -59.516456 -59.347280 -58.838658 
-7.836852 -0.497528 6.397591 10.582122 2.398952 -5.418511 -7.280663 -14.987688 -21.608658 -25.425767 -25.048568 -27.494841 -27.806424 -28.171510 -30.700032 -30.411688 -31.624293 -32.153746 -34.877923 -35.135059 -35.555388 -36.168831 -37.282864 -37.983514 -38.568593 -38.026845 -39.357288 -40.199640 -40.687757 -40.465956 -41.446590 -42.299308 -42.778328 -43.054945 -43.525078 -43.983823 -44.415460 -44.459025 -44.665527 -44.885575 
-10.926003 0.812596 15.520570 18.328755 7.875584 -1.268113 1.333100 -8.467913 -12.691699 -21.328672 -25.383395 -23.634520 -25.772723 -27.400050 -30.410521 -27.409707 -29.603472 -24.827252 -34.283546 -41.331866 -41.513992 -45.623681 -46.904219 -44.922606 -45.145585 -40.405349 -44.410477 -48.704393 -49.295979 -47.415038 -46.935439 -49.798683 -50.364812 -50.274774 -51.093426 -50.845690 -52.303090 -52.015731 -50.733963 -52.589942 
-19.233410 2.372226 18.739279 19.714067 2.877395 5.107850 4.335848 -9.788174 -7.228819 -15.088071 -18.586293 -21.888774 -22.647239 -23.966710 -26.529615 -25.302220 -24.644073 -24.251108 -30.791282 -32.669236 -33.519730 -34.328164 -34.867987 -35.349744 -36.085520 -36.169055 -37.288850 -37.789025 -38.499019 -38.558498 -39.210980 -39.912267 -40.470508 -40.813030 -41.325035 -41.621579 -42.075290 -42.085150 -42.251272 -42.503421 
-19.371075 3.099014 18.781488 18.367915 1.165783 5.594992 2.082911 -9.990486 -5.709957 -19.124042 -13.971222 -23.993371 -23.157100 -26.806059 -27.300691 -29.833182 -31.865304 -28.194383 -30.705813 -40.398657 -45.074951 -47.531284 -48.469563 -48.592169 -46.125517 -42.360434 -46.015277 -48.314654 -50.667912 -48.659257 -47.410732 -48.964585 -54.274142 -54.789670 -50.249000 -52.556210 -51.478702 -50.698018 -52.037356 -53.124446 
-15.626781 2.352601 17.068680 15.975805 -1.363768 2.156860 -4.057078 -12.785507 -10.805977 -23.431050 -19.318493 -27.964749 -27.913132 -30.096689 -32.126048 -32.573197 -33.673966 -34.180122 -33.581880 -37.645361 -38.668895 -39.153928 -39.691616 -40.686737 -40.975894 -40.063931 -41.834592 -43.049353 -43.590347 -43.871542 -43.922144 -45.023902 -45.716076 -45.652531 -45.717357 -46.497807 -46.826469 -46.279603 -46.967796 -47.440615 
-15.648200 0.441175 14.347317 13.140513 -5.884613 -3.172520 -10.966574 -21.162726 -20.481346 -29.294238 -29.584093 -40.138042 -39.074271 -36.274893 -41.732135 -43.884044 -43.900264 -41.683364 -41.588740 -49.356659 -49.408933 -50.017217 -49.711657 -53.532860 -54.730599 -49.742633 -50.650497 -53.401409 -52.293585 -54.829986 -51.770924 -52.836112 -53.899282 -57.222416 -55.595969 -54.307618 -54.052370 -53.903502 -54.539598 -56.566705 
-18.950814 -1.771645 10.629731 9.596187 -5.511113 -6.094121 -12.618260 -24.558900 -31.455474 -30.588905 -33.550207 -36.944014 -36.019970 -37.843745 -39.782434 -41.029318 -41.612453 -41.320586 -43.728872 -44.204200 -45.036956 -45.267552 -45.966743 -46.470713 -47.449368 -47.112870 -47.250067 -48.761881 -48.911899 -49.360071 -48.810908 -50.666836 -50.976141 -51.765813 -51.662044 -51.806325 -52.481498 -52.237180 -52.418470 -53.176321 
-18.922657 -11.325982 0.251836 -1.593463 -12.582498 -13.774079 -18.008379 -28.374982 -33.568385 -33.896434 -34.954066 -36.542494 -36.596359 -38.834370 -39.064443 -39.659978 -41.054057 -41.990775 -43.011555 -43.921487 -44.427237 -45.174003 -45.725368 -46.230225 -46.732269 -47.266907 -47.933748 -48.472410 -49.042580 -49.382189 -50.362330 -50.960162 -51.290003 -51.428711 -51.377620 -51.531647 -52.524631 -52.826818 -52.775846 -53.023632 
-6.769473 -8.763144 -14.555449 -21.584458 -18.990302 -18.743382 -22.357024 -18.759325 -19.679812 -27.970858 -29.970685 -28.767536 -31.588134 -29.715673 -32.719097 -33.478238 -37.256414 -38.263560 -33.686835 -27.894381 -26.617697 -33.528917 -44.298681 -43.263830 -33.163498 -30.561572 -31.851018 -35.683342 -40.371115 -41.909047 -45.538535 -44.983097 -43.404767 -45.007240 -42.260920 -43.147514 -44.490421 -43.990247 -47.312213 -46.606643 
3.947369 6.175499 7.016344 10.614950 6.979352 -1.154872 -5.812013 -1.092356 -6.048727 -10.440840 -18.406642 -16.294227 -17.233281 -21.395569 -24.844167 -24.421825 -28.616555 -26.838249 -14.246585 -8.903574 -7.740512 -12.384715 -16.789016 -26.493147 -22.197863 -18.706608 -22.340587 -25.657335 -27.363922 -28.571805 -28.639770 -31.027384 -31.223573 -32.956670 -32.273914 -32.190603 -34.383536 -35.010139 -36.376322 -34.509086 
2.045243 5.377142 14.691635 23.813955 21.354689 9.696828 16.461541 20.486246 10.016368 -3.620420 -6.120405 -9.648042 -2.964873 -9.607576 -7.033868 -12.527570 -14.345731 -15.775057 -12.737511 -11.630534 -8.169691 -5.996293 -8.769333 -11.523379 -12.627906 -11.465032 -17.035573 -23.596192 -23.945316 -23.221608 -21.975788 -29.031065 -31.374038 -31.007303 -27.552943 -21.754606 -27.652151 -33.847285 -28.805062 -24.934837 
-20.863257 -10.901463 10.665868 25.177600 20.995660 1.508011 20.255918 25.294334 9.272952 -9.765312 -8.414984 -7.542124 -1.163334 -9.088503 -4.849762 -14.553132 -12.619663 -12.582429 -12.816707 -13.320407 -5.933655 -2.648058 -2.301107 -11.023640 -13.843704 -6.386377 -8.262801 -15.522918 -15.992399 -14.327164 -9.885093 -17.384757 -27.690577 -34.651923 -29.203565 -21.852268 -27.907236 -35.694435 -30.704611 -22.101513 
-12.517714 -13.122887 4.715507 23.888298 22.099508 -0.502514 16.194041 25.215772 8.713562 -8.963046 -1.997172 -16.849658 -4.543700 -13.105954 -7.923888 -13.780085 -15.921190 -17.114693 -12.436357 -15.891149 -12.917768 -8.711386 -2.921402 -7.649430 -12.653989 -8.536772 -9.195787 -15.613254 -18.695323 -16.686966 -11.813242 -16.206489 -26.250422 -35.054286 -28.226738 -21.716146 -28.486636 -35.556643 -32.432357 -24.314174 
-18.745238 -14.109789 -0.780291 22.619708 23.090672 3.051975 11.919541 25.243125 14.101977 -11.037322 0.324962 -13.659482 -9.341001 -10.378503 -12.287691 -11.418140 -18.956204 -16.817872 -13.546982 -17.874781 -15.227138 -10.578413 -2.690129 -5.255744 -12.076406 -10.102320 -6.283428 -11.988739 -15.989172 -15.182911 -11.783781 -15.133178 -26.500372 -38.355576 -27.447578 -20.002605 -26.544057 -39.735809 -31.079422 -24.923527 
-21.326703 -13.827036 -7.452330 21.489042 24.099048 6.542859 5.099371 24.097263 18.022189 -10.651176 1.127064 -3.817968 -11.775341 -8.812266 -15.274015 -10.289931 -17.089698 -12.537952 -17.655638 -17.044659 -15.536383 -15.978887 -9.539525 -4.792257 -12.378904 -8.512805 -3.186509 -11.067888 -16.425434 -15.374506 -13.771400 -15.112874 -24.694682 -30.194134 -26.244258 -17.619168 -21.897956 -31.131345 -27.330985 -23.060146 
-13.848474 -14.489269 -12.107867 20.501787 24.676058 8.683918 -0.447848 22.699822 20.057631 -9.307671 1.426681 -1.015006 -16.825520 -10.276241 -21.132078 -13.941221 -19.977218 -12.916062 -20.185227 -18.933412 -17.404379 -17.783338 -12.005230 -3.997155 -9.615895 -7.743069 -4.598038 -7.793041 -14.859072 -18.244421 -15.605399 -14.226936 -24.617166 -35.928667 -26.234956 -14.973770 -24.171506 -37.436380 -33.419158 -24.695253 
-17.993011 -22.014127 -25.544825 19.722845 24.812678 9.490116 -4.292100 21.390356 20.600267 -10.666930 1.116931 -0.186228 -22.266245 -11.033507 -24.338917 -18.257759 -24.259587 -13.718228 -22.823926 -20.043106 -18.229647 -16.416458 -10.094351 -8.653592 -12.435860 -14.131596 -12.282837 -13.593448 -17.071046 -18.333189 -18.145628 -17.074801 -28.264382 -39.065720 -28.054627 -20.177977 -25.488424 -40.870970 -34.018765 -26.824646 
-30.007735 -20.081401 -20.781916 19.062216 24.679264 9.747617 -6.523696 20.169432 20.926314 -9.291992 0.759848 0.513590 -24.743980 -10.279466 -21.150535 -18.411513 -24.769428 -13.829836 -20.518421 -23.203165 -19.577286 -17.561717 -12.646727 -8.585425 -12.974632 -11.943029 -10.038748 -12.638509 -16.045516 -18.262374 -17.344946 -16.193814 -27.805642 -38.720802 -30.313014 -23.960393 -27.048670 -40.268429 -32.411293 -24.924897 
-31.675408 -25.757232 -17.822760 19.218381 24.277806 9.057406 -5.719467 19.968596 20.021427 -8.395469 2.097712 0.525884 -20.815929 -7.901872 -20.331108 -17.413733 -23.025021 -13.273832 -21.445267 -24.868085 -18.173375 -17.519537 -13.489936 -7.118748 -11.667564 -12.774630 -9.576673 -13.333695 -20.973362 -19.766216 -18.367396 -18.312297 -30.201346 -38.573621 -28.463139 -18.985457 -24.762085 -42.709923 -34.902581 -27.664266 
-22.650548 -16.099980 -9.734552 19.971014 23.592173 7.005559 -0.185426 20.905806 17.568918 -10.392110 4.210671 -2.092034 -14.479179 -6.907087 -19.138245 -12.997226 -21.957023 -14.114067 -23.027844 -23.520187 -17.565184 -19.454794 -13.702624 -4.603676 -13.176175 -10.964109 -6.754623 -8.511083 -18.451354 -19.148483 -19.020084 -19.340056 -30.265403 -42.855919 -32.476015 -20.426777 -24.298547 -41.333683 -34.100515 -25.409339 
-9.823836 -9.822257 -3.008388 21.194210 22.376286 4.314052 5.451977 21.572173 13.935540 -5.690580 5.113051 -6.050710 -5.043187 -6.916066 -14.627877 -11.577285 -19.693527 -18.903713 -19.048775 -22.260622 -18.820026 -19.026856 -8.780555 -5.447770 -10.870282 -12.520599 -8.890840 -15.330447 -22.612550 -22.792661 -19.476874 -20.871151 -30.023882 -39.857398 -33.095916 -22.005024 -25.624665 -39.756992 -35.226733 -28.140836 
-23.568880 -13.477997 4.706178 22.142988 20.295575 -0.670503 11.719219 20.550208 6.993897 1.690329 3.815238 -7.983281 0.148148 -7.711471 -5.816131 -12.299695 -14.524987 -19.337499 -15.081514 -17.180908 -17.817175 -17.049664 -8.291004 -5.655210 -11.556068 -11.589576 -8.841409 -14.857311 -19.157577 -22.011574 -19.157263 -20.836814 -30.698976 -37.069896 -28.930370 -21.189010 -23.686045 -38.662663 -34.140024 -25.562244 
-18.522383 -11.414822 10.781352 22.528693 16.347341 1.120548 15.723050 15.705059 2.784876 8.263816 -2.066536 0.206473 0.972671 -4.497518 -3.159137 -9.960190 -14.334349 -13.823397 -15.871398 -17.309702 -14.907011 -12.775590 -8.149098 -4.851411 -12.331282 -11.890750 -10.246708 -12.783071 -19.427971 -22.582086 -18.188577 -21.069104 -29.912918 -40.193065 -26.071118 -21.195853 -22.614351 -36.206281 -35.961779 -25.159479 
-17.218546 -5.483498 16.117570 21.796756 9.782993 9.104938 17.284936 7.826459 14.062910 13.162990 -0.703357 4.841758 -3.625424 -1.473987 -5.283697 -8.308200 -11.862460 -11.002106 -11.213826 -13.100465 -12.579943 -9.721366 -4.800247 -4.106171 -10.863171 -10.742755 -5.947975 -13.729607 -23.513915 -24.110022 -18.265784 -22.437305 -32.088346 -36.671472 -28.982171 -20.587520 -24.376042 -35.115097 -35.412103 -29.685633 
-16.639705 2.460786 19.114091 20.060506 6.352311 15.902233 16.152487 12.345871 21.938265 13.635592 4.079756 0.449771 -1.194947 -4.007801 -3.829327 -7.407264 -11.304421 -9.371219 -10.520683 -12.649695 -10.358065 -6.222904 -2.062177 -3.780353 -9.336340 -11.144746 -9.674825 -16.372658 -22.230788 -21.107437 -17.014203 -19.861455 -31.989507 -36.005070 -27.212857 -21.872478 -24.466137 -35.129083 -37.824130 -32.795340 
-10.981682 8.418079 20.492334 17.003483 9.347480 17.668343 11.514239 19.162415 19.454076 6.987877 -2.316754 1.060679 -2.021632 -1.716631 -4.398718 -7.635776 -10.694763 -10.090816 -9.831717 -11.451093 -8.101561 -5.008340 -0.104348 -2.106502 -7.186360 -8.142412 -5.588382 -15.688135 -21.543285 -19.449076 -15.595456 -20.316831 -32.598240 -39.527224 -24.141609 -18.113566 -23.363249 -38.080457 -39.596518 -32.520845 
-10.328037 12.092813 20.949755 13.778533 13.807452 15.767298 11.997736 19.729025 10.685893 6.876881 -0.745548 1.536848 -1.389554 -1.627324 -2.581507 -5.868732 -11.643479 -10.125467 -8.433879 -10.159191 -7.328500 -3.508771 1.638030 -0.065685 -3.017654 -3.103547 -3.337282 -10.717302 -15.525364 -14.687159 -10.781496 -16.094203 -28.367380 -37.935606 -23.605693 -17.293859 -23.863877 -38.380770 -42.211100 -35.031069 
-5.769977 14.234751 20.794278 13.144492 15.391858 13.433845 14.522185 15.728246 11.681277 8.631020 -0.892534 -3.626352 -3.224682 -3.597512 -6.342871 -7.672146 -10.128005 -10.227643 -10.045455 -10.863002 -8.841948 -5.508459 1.772731 1.417788 -3.242656 -1.027751 -2.302359 -12.157039 -15.694760 -15.026581 -10.257725 -13.194765 -24.402310 -33.245418 -24.369220 -19.655037 -27.047283 -32.658801 -35.195539 -33.267087 
-4.833958 14.578218 19.171343 10.942945 16.631763 12.719451 16.105041 12.582536 14.632655 7.152161 -4.475859 -5.781862 -6.613186 -7.251698 -7.383379 -9.089897 -13.031461 -11.423045 -10.549028 -12.576895 -9.488622 -6.486722 -1.248501 2.487552 1.446815 1.794210 -1.170158 -11.993632 -14.652176 -12.372023 -8.285890 -14.099351 -25.967060 -38.032545 -25.186138 -17.421452 -22.974949 -40.547693 -44.841659 -35.150037 
-2.409673 14.172467 17.966449 9.341988 17.460961 12.209604 17.367108 13.170267 15.423055 2.762216 -9.736770 -8.932245 -9.197186 -8.374037 -9.990361 -10.951852 -14.244298 -12.077610 -11.940692 -13.157890 -12.206100 -9.479915 -0.923530 2.814610 -0.124299 1.906997 -1.662934 -12.988218 -16.401306 -15.385087 -10.295601 -15.043938 -28.776269 -35.308113 -22.547658 -16.062743 -23.682311 -36.305365 -40.793381 -34.688591 
-2.767996 14.126418 15.548055 11.769954 16.422718 13.417987 17.138033 12.654440 12.716233 -5.133870 -14.165903 -9.728961 -11.273274 -13.060118 -14.634481 -14.673054 -17.262331 -15.649750 -15.461374 -16.913995 -15.049004 -13.177158 -6.447186 -3.282549 -4.437571 -1.919894 -5.698311 -16.665561 -21.697335 -18.921504 -12.554069 -19.160399 -31.664832 -38.737514 -31.486146 -22.824645 -24.822307 -37.087293 -39.350754 -33.866814 
-2.228456 13.341002 14.267743 12.094501 14.251599 14.478660 14.238015 11.813011 6.942984 -9.734712 -11.977284 -14.208248 -18.122767 -15.371025 -19.454933 -19.478379 -23.089604 -22.906087 -25.540399 -27.555013 -24.151429 -20.875954 -14.383791 -9.550287 -11.617181 -10.604225 -15.571216 -25.002032 -29.258276 -25.386756 -19.753154 -25.047197 -37.874285 -41.374652 -35.680804 -25.627527 -29.123701 -40.869108 -41.639022 -37.158566 
-3.354444 13.017294 13.969018 12.112416 15.031451 13.675376 14.245761 4.352301 1.844814 -14.492056 -18.700658 -16.921043 -23.235363 -22.739119 -22.279175 -23.820141 -24.974200 -25.852216 -25.615004 -26.866544 -25.957566 -23.540945 -16.789220 -12.403615 -11.015318 -11.997901 -21.281310 -29.751327 -36.062207 -36.876534 -29.264843 -33.781430 -44.333524 -46.357945 -38.730866 -34.437585 -38.612778 -48.371633 -50.105945 -46.952731 
-2.699444 12.171428 14.236284 10.847084 11.671724 7.050059 7.786458 -5.529899 -10.092362 -13.309414 -18.627640 -20.893931 -28.886677 -33.732230 -34.343721 -35.482443 -34.065743 -33.821208 -36.739369 -36.814592 -34.459260 -32.864301 -29.119181 -23.471582 -21.150796 -19.664331 -30.500398 -39.462778 -44.480871 -44.005299 -38.596408 -40.341028 -50.571928 -53.437230 -51.686229 -44.403542 -47.379632 -50.269524 -53.013963 -54.474640 
-3.847116 11.952671 14.293275 8.395956 11.477020 2.483366 2.298202 -6.871973 -7.877772 -16.033983 -21.304293 -24.802879 -30.732501 -33.960748 -38.992625 -39.337077 -39.254592 -40.740334 -40.944416 -41.897109 -42.070791 -40.455504 -41.338045 -37.954661 -29.582482 -31.366594 -42.138903 -47.701395 -47.766941 -47.738080 -44.335719 -46.222818 -49.704924 -51.624305 -51.899311 -50.836428 -52.034268 -52.424602 -51.481737 -53.025547 
-4.208394 11.257527 15.062326 4.606680 9.386528 1.960710 -1.772367 -8.371982 -11.339408 -19.404694 -21.112485 -25.868597 -32.444658 -36.671116 -38.854623 -43.364884 -43.584501 -44.085762 -46.269186 -43.788082 -42.354219 -42.913388 -44.249063 -42.848604 -38.066802 -35.065213 -48.515654 -51.784563 -51.261609 -50.368834 -48.505120 -50.308752 -53.098205 -55.684823 -54.010738 -52.912984 -54.292919 -56.096621 -53.386753 -55.123749 
-5.901797 10.630558 13.880450 4.338029 6.640062 -3.765508 -7.711404 -17.673841 -16.491845 -21.754498 -25.168734 -27.987132 -33.193563 -38.003401 -41.214167 -40.394863 -42.089521 -42.481526 -44.013806 -43.400469 -43.252982 -45.463647 -45.337731 -45.645198 -44.333473 -44.968617 -47.817807 -49.851852 -49.980856 -49.304842 -47.123333 -49.414897 -51.020860 -50.093834 -50.612871 -50.868914 -52.622926 -51.908204 -52.056836 -53.682704 
-9.123710 8.150795 11.806745 3.231657 3.803297 -4.130483 -13.605675 -21.083948 -24.614130 -33.550034 -35.942421 -39.458966 -38.528982 -42.407136 -51.254113 -52.180791 -52.466367 -51.004185 -51.345135 -48.281361 -46.580854 -50.079305 -55.074651 -54.775147 -52.022373 -48.016494 -54.992865 -58.049616 -60.048153 -53.230295 -53.257126 -55.703270 -56.946025 -55.978106 -56.018812 -56.407730 -57.337856 -57.738183 -57.527782 -58.160966 
-10.517086 3.260592 6.924871 0.309814 -2.711183 -11.630532 -21.702181 -28.241330 -27.373625 -33.315108 -35.221424 -36.494593 -37.777156 -37.677931 -38.865985 -39.758449 -40.742408 -41.404928 -41.750188 -43.039918 -43.635015 -44.633026 -44.893274 -45.463518 -46.619140 -46.442329 -47.941072 -48.277310 -48.708954 -49.471959 -49.303429 -49.895218 -50.051911 -50.585534 -50.980978 -51.389918 -51.585571 -52.064430 -52.016884 -52.328059 
-13.494292 -5.978884 -5.980154 -14.487130 -19.234165 -26.760774 -30.793450 -32.743679 -37.058778 -37.693838 -38.599349 -41.101065 -40.628732 -41.840311 -42.778070 -44.169826 -44.644940 -45.886908 -45.398433 -46.836065 -47.751209 -48.415396 -48.895852 -49.480868 -50.678150 -50.825540 -51.491970 -52.301624 -52.234317 -53.311515 -53.600065 -54.209570 -54.530703 -54.670820 -54.900179 -55.311962 -56.228569 -56.221437 -56.561666 -56.519617 
-25.516009 -24.259450 -25.989812 -28.885119 -27.239833 -32.180994 -31.681067 -33.114792 -33.975334 -35.645273 -35.885455 -35.808501 -35.573710 -34.221943 -32.624410 -33.566646 -39.384969 -42.213256 -44.301114 -39.430111 -34.707281 -36.562814 -33.377493 -35.347618 -34.361757 -33.257366 -41.805643 -47.155181 -54.388168 -48.972088 -44.243643 -48.038161 -46.780687 -51.528669 -52.267138 -50.203401 -52.432493 -56.589181 -57.423605 -54.544977 
-11.364989 -9.217500 -12.383306 -19.613762 -13.976181 -11.487887 -16.410897 -22.563105 -12.360695 -17.645224 -17.426077 -17.946682 -20.931961 -19.800099 -13.854989 -14.920921 -21.297138 -25.133304 -30.254400 -22.576485 -17.916121 -18.275371 -15.078865 -11.952631 -12.016537 -9.781311 -19.442277 -22.918055 -30.356052 -28.567611 -24.745914 -28.122059 -27.417301 -27.831708 -26.541799 -29.982527 -33.742742 -33.193703 -33.009197 -30.184421 
-15.926072 -12.749317 -14.695386 -19.654934 -19.655128 -15.869489 -8.693890 -8.117510 -11.502816 -19.838539 -18.651806 -18.822783 -20.300736 -18.327805 -18.614083 -18.149424 -17.686800 -20.314573 -23.685083 -22.274009 -19.620704 -12.169413 -8.603136 -9.785581 -10.881670 -10.550997 -15.538751 -21.947840 -27.049943 -26.035047 -25.632834 -21.654130 -23.242712 -20.504167 -21.460555 -24.181762 -26.507012 -25.175078 -25.416840 -27.869063 
-15.273929 -10.884823 -11.881156 -19.539119 -23.254071 -15.411311 -8.487645 -9.487406 -15.545395 -25.832059 -28.092934 -26.818151 -23.315554 -20.492154 -20.031432 -21.198094 -23.876128 -20.327238 -18.011449 -19.757592 -16.521826 -9.814866 -6.346152 -10.587169 -14.069005 -15.944671 -16.150577 -24.504279 -24.883619 -25.397105 -26.162190 -26.969295 -24.324698 -22.297532 -22.679390 -27.458420 -31.071131 -25.771741 -27.005494 -28.584361 
-17.399106 -16.247415 -18.264008 -26.011314 -22.310282 -21.485295 -18.261009 -16.431180 -15.098651 -20.933589 -23.864393 -30.254362 -28.389959 -30.358231 -26.544322 -31.953727 -32.410769 -29.290772 -28.334110 -28.167090 -21.172232 -15.273957 -10.451833 -12.754640 -18.853633 -22.265013 -24.884137 -29.084853 -34.546893 -31.003880 -29.636182 -28.919892 -30.429536 -31.336934 -33.930993 -34.125591 -30.843260 -33.908945 -36.317714 -36.565526 
-51.782356 -43.856917 -43.208683 -39.886423 -40.619058 -38.403798 -37.036429 -36.646257 -38.022385 -39.396325 -42.320405 -47.982391 -54.987517 -62.074529 -54.352793 -49.986969 -49.302526 -53.112493 -61.190992 -57.632802 -48.744705 -45.382841 -48.118350 -45.109148 -40.017048 -42.488261 -51.481352 -58.362285 -55.854902 -58.026278 -55.662099 -50.873139 -51.991086 -55.365284 -61.431582 -57.038153 -59.101950 -56.104492 -58.101895 -57.514041 
-57.014551 -57.080272 -55.070238 -60.839250 -64.472975 -60.665179 -59.312755 -58.651944 -62.170555 -64.282846 -78.198666 -70.339027 -73.325745 -73.712105 -72.370069 -76.139549 -78.269224 -73.259656 -71.919304 -70.769089 -66.246662 -66.699505 -69.846171 -73.291841 -73.998276 -71.138452 -78.516900 -81.295430 -87.467885 -85.219167 -78.086528 -78.538201 -79.029146 -83.680108 -80.798511 -80.882072 -81.332627 -82.780131 -81.370348 -85.612178 
-71.850938 -72.862017 -74.378372 -76.402658 -78.601007 -82.121368 -89.794760 -89.470710 -82.798927 -82.431878 -86.455229 -94.332443 -95.104911 -90.039375 -92.560394 -95.816750 -90.084923 -87.607730 -90.724208 -88.466871 -84.710481 -83.446644 -87.790721 -94.407358 -88.092833 -88.141927 -98.706213 -104.818477 -104.962803 -100.129368 -100.586744 -101.276906 -96.001039 -97.473686 -97.009899 -97.053483 -101.913980 -100.412801 -97.379606 -103.089137 
NaN NaN NaN NaN NaN NaN NaN NaN NaN NaN NaN NaN NaN NaN NaN NaN NaN NaN NaN NaN NaN NaN NaN NaN NaN NaN NaN NaN NaN NaN NaN NaN NaN NaN NaN NaN NaN NaN NaN NaN 
NaN NaN NaN NaN NaN NaN NaN NaN NaN NaN NaN NaN NaN NaN NaN NaN NaN NaN NaN NaN NaN NaN NaN NaN NaN NaN NaN NaN NaN NaN NaN NaN NaN NaN NaN NaN NaN NaN NaN NaN 
NaN NaN NaN NaN NaN NaN NaN NaN NaN NaN NaN NaN NaN NaN NaN NaN NaN NaN NaN NaN NaN NaN NaN NaN NaN NaN NaN NaN NaN NaN NaN NaN NaN NaN NaN NaN NaN NaN NaN NaN 
NaN NaN NaN NaN NaN NaN NaN NaN NaN NaN NaN NaN NaN NaN NaN NaN NaN NaN NaN NaN NaN NaN NaN NaN NaN NaN NaN NaN NaN NaN NaN NaN NaN NaN NaN NaN NaN NaN NaN NaN 
