NaN NaN NaN NaN NaN NaN NaN NaN NaN NaN NaN NaN NaN NaN NaN NaN NaN NaN NaN NaN NaN NaN NaN NaN NaN NaN NaN NaN NaN NaN NaN NaN NaN NaN NaN NaN NaN NaN NaN NaN 
NaN NaN NaN NaN NaN NaN NaN NaN NaN NaN NaN NaN NaN NaN NaN NaN NaN NaN NaN NaN NaN NaN NaN NaN NaN NaN NaN NaN NaN NaN NaN NaN NaN NaN NaN NaN NaN NaN NaN NaN 
NaN NaN NaN NaN NaN NaN NaN NaN NaN NaN NaN NaN NaN NaN NaN NaN NaN NaN NaN NaN NaN NaN NaN NaN NaN NaN NaN NaN NaN NaN NaN NaN NaN NaN NaN NaN NaN NaN NaN NaN 
NaN NaN NaN NaN NaN NaN NaN NaN NaN NaN NaN NaN NaN NaN NaN NaN NaN NaN NaN NaN NaN NaN NaN NaN NaN NaN NaN NaN NaN NaN NaN NaN NaN NaN NaN NaN NaN NaN NaN NaN 
NaN NaN NaN NaN NaN NaN NaN NaN NaN NaN NaN NaN NaN NaN NaN NaN NaN NaN NaN NaN NaN NaN NaN NaN NaN NaN NaN NaN NaN NaN NaN NaN NaN NaN NaN NaN NaN NaN NaN NaN 
NaN NaN NaN NaN NaN NaN NaN NaN NaN NaN NaN NaN NaN NaN NaN NaN NaN NaN NaN NaN NaN NaN NaN NaN NaN NaN NaN NaN NaN NaN NaN NaN NaN NaN NaN NaN NaN NaN NaN NaN 
NaN NaN NaN NaN NaN NaN NaN NaN NaN NaN NaN NaN NaN NaN NaN NaN NaN NaN NaN NaN NaN NaN NaN NaN NaN NaN NaN NaN NaN NaN NaN NaN NaN NaN NaN NaN NaN NaN NaN NaN 
NaN NaN NaN NaN NaN NaN NaN NaN NaN NaN NaN NaN NaN NaN NaN NaN NaN NaN NaN NaN NaN NaN NaN NaN NaN NaN NaN NaN NaN NaN NaN NaN NaN NaN NaN NaN NaN NaN NaN NaN 
NaN NaN NaN NaN NaN NaN NaN NaN NaN NaN NaN NaN NaN NaN NaN NaN NaN NaN NaN NaN NaN NaN NaN NaN NaN NaN NaN NaN NaN NaN NaN NaN NaN NaN NaN NaN NaN NaN NaN NaN 
NaN NaN NaN NaN NaN NaN NaN NaN NaN NaN NaN NaN NaN NaN NaN NaN NaN NaN NaN NaN NaN NaN NaN NaN NaN NaN NaN NaN NaN NaN NaN NaN NaN NaN NaN NaN NaN NaN NaN NaN 
NaN NaN NaN NaN NaN NaN NaN NaN NaN NaN NaN NaN NaN NaN NaN NaN NaN NaN NaN NaN NaN NaN NaN NaN NaN NaN NaN NaN NaN NaN NaN NaN NaN NaN NaN NaN NaN NaN NaN NaN 
NaN NaN NaN NaN NaN NaN NaN NaN NaN NaN NaN NaN NaN NaN NaN NaN NaN NaN NaN NaN NaN NaN NaN NaN NaN NaN NaN NaN NaN NaN NaN NaN NaN NaN NaN NaN NaN NaN NaN NaN 
NaN NaN NaN NaN NaN NaN NaN NaN NaN NaN NaN NaN NaN NaN NaN NaN NaN NaN NaN NaN NaN NaN NaN NaN NaN NaN NaN NaN NaN NaN NaN NaN NaN NaN NaN NaN NaN NaN NaN NaN 
NaN NaN NaN NaN NaN NaN NaN NaN NaN NaN NaN NaN NaN NaN NaN NaN NaN NaN NaN NaN NaN NaN NaN NaN NaN NaN NaN NaN NaN NaN NaN NaN NaN NaN NaN NaN NaN NaN NaN NaN 
NaN NaN NaN NaN NaN NaN NaN NaN NaN NaN NaN NaN NaN NaN NaN NaN NaN NaN NaN NaN NaN NaN NaN NaN NaN NaN NaN NaN NaN NaN NaN NaN NaN NaN NaN NaN NaN NaN NaN NaN 
NaN NaN NaN NaN NaN NaN NaN NaN NaN NaN NaN NaN NaN NaN NaN NaN NaN NaN NaN NaN NaN NaN NaN NaN NaN NaN NaN NaN NaN NaN NaN NaN NaN NaN NaN NaN NaN NaN NaN NaN 
NaN NaN NaN NaN NaN NaN NaN NaN NaN NaN NaN NaN NaN NaN NaN NaN NaN NaN NaN NaN NaN NaN NaN NaN NaN NaN NaN NaN NaN NaN NaN NaN NaN NaN NaN NaN NaN NaN NaN NaN 
-163.475530 -163.479834 -163.486987 -163.499036 -163.515324 -163.538093 -163.565814 -163.601227 -163.648063 -163.703579 -163.770698 -163.853323 -163.949457 -164.064821 -164.201461 -164.359105 -164.545962 -164.760725 -165.008348 -165.288968 -165.605382 -165.956476 -166.327006 -166.706997 -167.064182 -167.344856 -167.481538 -167.399595 -167.048631 -166.425664 -165.580462 -164.599375 -163.564266 -162.533791 -161.555325 -160.666020 -159.887884 -159.240904 -158.746580 -158.429216 
-54.998666 -60.513173 -64.043129 -65.574111 -73.553579 -77.457613 -76.131523 -72.743518 -71.635261 -76.177328 -81.856259 -84.158149 -80.354341 -84.306449 -87.272916 -83.016337 -87.282095 -85.221588 -80.316380 -86.917831 -83.521513 -82.169612 -89.441920 -94.203517 -87.141275 -87.817067 -84.098825 -85.913889 -92.257478 -90.134163 -89.349672 -87.390409 -89.795184 -90.109183 -93.728797 -90.130107 -87.159668 -89.674480 -90.245535 -89.403926 
-43.605536 -38.470608 -39.111028 -39.703400 -41.773543 -46.140869 -49.421229 -53.717445 -61.884466 -61.612996 -59.257075 -62.263108 -67.026459 -68.867225 -68.971087 -73.840628 -72.432967 -70.003115 -73.518183 -74.434525 -75.178209 -75.278542 -76.922773 -77.746233 -78.972908 -78.819604 -76.940957 -76.436298 -79.521182 -80.561251 -79.859872 -78.761912 -81.511108 -81.590749 -82.077168 -81.402535 -80.153736 -78.743723 -79.403913 -80.987917 
-15.733271 -6.860297 -2.953106 -3.966949 -10.223406 -21.014204 -28.351819 -32.249342 -40.304771 -46.047697 -43.679343 -47.485159 -52.641217 -53.652351 -50.692030 -49.065765 -51.751170 -57.585735 -57.862403 -64.441871 -63.440629 -63.296688 -62.682931 -63.909385 -65.450941 -69.861663 -68.797545 -64.544857 -67.363244 -69.401704 -71.226543 -69.928564 -71.724555 -70.119718 -70.456264 -68.420252 -67.922885 -69.006111 -71.601337 -71.614225 
-6.496952 0.529617 1.100098 0.456754 -8.659543 -19.179223 -28.424818 -31.875667 -30.607421 -35.714045 -44.958208 -46.327031 -44.297284 -41.613074 -42.069087 -48.005937 -50.169086 -51.910457 -52.485022 -53.662310 -54.681824 -54.573687 -54.135667 -55.785332 -57.237458 -58.183073 -58.632955 -57.603683 -58.185901 -59.864959 -60.132231 -60.804499 -61.989371 -61.136520 -60.924045 -60.774072 -60.958599 -61.878907 -61.971261 -63.151221 
-3.616185 3.400496 2.267208 1.851872 -7.198775 -17.015066 -21.163466 -25.040912 -28.909186 -34.847884 -34.375414 -33.858566 -37.894390 -36.029178 -35.482918 -39.482623 -41.044805 -41.688502 -42.737049 -43.445571 -44.327199 -44.845222 -45.508761 -46.020473 -46.932761 -47.557275 -48.107591 -48.723729 -49.164818 -49.610772 -50.162932 -50.339153 -51.146175 -51.596457 -52.121217 -52.284796 -52.275302 -52.627623 -52.965607 -53.001490 
-3.344964 4.896652 3.932786 4.054465 -4.619987 -13.831261 -19.529264 -24.094362 -30.008589 -33.367586 -33.674424 -33.669807 -35.527811 -36.528214 -41.299344 -40.410511 -42.106527 -42.982053 -43.795549 -44.519386 -45.314136 -46.131228 -46.696488 -47.567716 -47.672806 -48.637718 -49.280402 -49.791193 -50.175068 -50.644591 -51.164001 -50.940460 -52.264051 -52.650646 -52.892182 -53.016635 -53.444576 -53.603118 -53.943661 -54.156068 
-4.129962 4.992345 3.835796 3.450772 -6.221180 -15.111636 -19.781251 -24.330329 -31.051785 -38.062005 -41.233532 -41.597192 -40.252075 -40.516359 -44.322206 -46.810423 -49.205039 -49.144324 -50.579645 -51.840466 -51.989891 -52.652561 -53.564937 -53.240171 -54.614254 -55.777068 -55.991341 -56.689867 -57.069041 -55.831677 -57.101343 -58.045854 -57.081396 -57.581217 -58.246291 -59.154072 -59.168817 -58.186205 -59.924150 -60.566423 
-6.686361 2.928278 -0.750541 -2.549782 -8.294696 -21.177499 -24.784131 -31.682758 -34.118549 -41.037587 -43.172584 -45.167453 -44.948121 -50.227998 -49.867270 -52.244984 -54.579134 -56.227633 -58.742391 -57.805182 -57.499172 -58.102823 -59.374573 -57.094910 -60.687348 -62.509842 -61.418769 -61.673621 -60.291086 -61.828244 -64.540586 -63.381824 -63.992379 -65.051964 -63.704725 -65.058802 -65.110791 -65.297551 -63.735801 -65.850666 
-12.317290 -0.212106 -0.961188 -6.921811 -11.819859 -27.494222 -38.032645 -42.230621 -39.868376 -44.672876 -45.540057 -49.197711 -45.685911 -48.366666 -49.673985 -55.746997 -55.948165 -58.038188 -56.696298 -58.279342 -61.086531 -63.200883 -65.081298 -63.044973 -64.505520 -62.067090 -61.733014 -63.307838 -61.337448 -67.042385 -66.086793 -66.306694 -67.621935 -65.994774 -61.538679 -60.617752 -63.274359 -63.555171 -64.289511 -65.809519 
-17.310136 -11.985441 -11.662057 -21.112741 -23.072885 -37.480952 -45.312415 -47.051907 -48.620645 -50.425985 -51.307737 -50.316711 -53.194373 -52.098270 -53.619426 -56.765919 -56.546072 -57.184685 -58.742176 -59.647021 -60.332524 -61.445117 -61.571724 -61.911862 -62.017178 -62.740508 -62.428068 -62.441861 -63.003157 -65.313375 -65.486328 -66.617233 -66.789028 -67.599683 -64.524205 -66.606834 -67.073160 -66.680937 -66.400274 -68.157206 
-10.064583 -1.696174 1.505956 -0.534114 -2.647064 -5.788746 -9.632573 -11.577414 -16.299659 -14.972705 -17.595606 -21.495085 -17.726527 -11.935121 -15.174559 -23.198673 -32.158686 -24.058762 -24.843005 -30.424599 -28.443719 -30.428431 -31.311744 -33.403277 -32.230351 -33.999069 -34.531793 -35.463101 -36.451519 -38.370984 -36.590408 -34.264314 -35.219222 -38.777379 -38.291019 -36.386494 -38.199109 -38.496459 -41.925168 -45.625392 
-5.212204 7.213586 14.115441 10.618565 11.237121 10.947337 4.736384 4.036254 -5.045474 -6.515258 -11.194830 -9.546691 -4.361076 -4.323432 -4.860277 -14.335358 -22.507583 -21.936937 -19.153909 -22.940769 -18.244283 -19.387355 -21.176076 -26.390200 -26.713314 -30.169453 -26.544588 -24.689204 -24.214752 -30.182760 -29.757944 -26.022713 -30.260283 -31.972820 -33.623378 -32.086245 -30.370460 -28.800927 -32.686706 -31.819009 
-10.500422 7.249010 17.279349 12.216606 11.721139 19.395698 13.653362 17.995124 14.147636 4.848358 2.740519 0.207944 5.000219 9.278730 7.547124 -2.350306 -9.226135 -13.618273 -14.659790 -13.704576 -10.292204 -12.649456 -20.888601 -27.995970 -29.352559 -31.290995 -30.033156 -24.511400 -22.289654 -24.463853 -27.398110 -23.561943 -30.478134 -36.295782 -33.858639 -27.567774 -25.999070 -29.820004 -32.378152 -34.134510 
-17.790699 3.342751 17.353090 15.315229 5.590074 20.400524 16.944387 19.372431 22.024846 8.909345 9.977976 4.947872 5.669285 11.249051 9.228317 5.029711 -4.008109 -13.872159 -16.048115 -13.839386 -12.705406 -8.551752 -14.379957 -25.973734 -30.148894 -29.865255 -29.007213 -21.382135 -15.350016 -22.459155 -26.590949 -18.856931 -23.908859 -41.197985 -41.534366 -33.665815 -32.471504 -33.291622 -37.523749 -37.163983 
-26.752918 0.284943 16.295757 16.971075 2.003051 18.590089 19.766262 13.497316 23.534593 11.536217 11.313423 4.734147 5.072990 8.193506 14.718782 5.587496 -0.775311 -7.137837 -14.431927 -11.349180 -6.753283 -3.576095 -15.411290 -24.546612 -31.128364 -31.764384 -30.401771 -23.169489 -16.586489 -20.477072 -21.945353 -15.074119 -22.074814 -38.824546 -39.111511 -34.975563 -31.735442 -29.965638 -32.445763 -35.253558 
-21.440095 -7.055440 13.644020 17.618745 3.976300 17.006257 23.261431 10.994286 19.951909 16.593383 7.199229 9.140175 2.178564 7.246089 14.307757 9.270734 1.534182 -5.259291 -9.529014 -9.642264 -2.335696 -4.492512 -17.843250 -24.965766 -28.142764 -28.081369 -27.062778 -22.888847 -16.355999 -20.229609 -24.396388 -17.917288 -24.058715 -34.698186 -34.498609 -27.971907 -26.803035 -29.666287 -34.596516 -33.269032 
-20.605894 -11.662110 10.549498 17.658551 6.622468 13.950768 25.019013 15.788858 11.199958 17.740671 2.165050 10.224436 1.790643 10.479007 8.318863 14.252576 1.111571 -3.955389 -7.167744 -6.096013 0.178033 -6.920354 -16.876327 -23.481274 -25.272311 -25.340426 -25.870581 -23.865472 -16.900094 -18.708400 -22.926286 -20.233311 -26.315027 -31.439405 -31.900719 -30.979623 -27.887781 -28.937663 -32.524899 -31.496355 
-24.228568 -21.341682 6.519581 16.879573 8.560272 9.155970 24.143483 19.414810 2.962241 18.474064 6.418203 9.420617 6.379748 10.772884 9.557329 15.259306 6.670969 -4.009481 -6.140364 -2.332593 -0.775967 -8.440971 -19.249987 -26.968595 -30.272277 -31.545583 -29.670705 -26.323899 -15.872155 -17.219271 -23.743615 -19.766666 -25.481897 -41.434485 -41.982273 -33.178334 -28.443590 -29.130209 -36.703726 -37.429585 
-16.802639 -15.214176 3.342516 15.942110 10.218364 1.150799 21.290242 21.053720 1.589113 18.900941 10.486551 7.250064 9.806880 7.250737 10.987194 12.199325 11.471461 -7.172844 -8.868183 -4.415248 -0.065445 -13.535697 -21.364260 -23.528649 -27.803166 -28.748557 -27.713415 -26.047935 -15.855855 -18.823751 -24.148539 -18.633266 -24.574469 -35.182983 -35.267328 -30.961840 -30.059198 -31.180094 -34.932437 -35.600510 
-21.213492 -16.592063 2.647343 16.057651 11.311452 -2.690435 20.012243 22.133387 0.363419 17.260336 12.381262 4.804146 11.231771 5.194760 12.885267 9.579876 13.680266 -11.389277 -11.194278 -2.354362 -2.833550 -13.696304 -20.505791 -24.515145 -26.811457 -27.650567 -28.112748 -26.245051 -16.938370 -18.922348 -24.227957 -20.813786 -26.492708 -34.532328 -34.621847 -32.690980 -31.747255 -32.509068 -34.902716 -34.411780 
-17.168607 -16.262228 0.981583 16.129522 11.940057 -6.466726 17.846562 23.039517 1.752790 14.398183 13.316020 -0.251450 11.130837 2.340346 13.048329 6.428195 14.774986 -4.865623 -9.172278 -0.171881 -8.597617 -14.328845 -21.164284 -27.724227 -31.783811 -31.255808 -31.449744 -28.471366 -19.270993 -19.808793 -26.235190 -22.686692 -29.058772 -39.523300 -39.644527 -36.360023 -33.736470 -32.784838 -39.137799 -38.003415 
-14.898861 -17.984119 -0.157745 15.690261 11.448568 -7.398166 18.133667 23.174190 2.151336 12.597223 12.129216 0.282865 11.080726 0.847301 12.752918 7.043176 16.506379 -0.594843 -6.907761 -0.408838 -10.543821 -18.066004 -23.380477 -30.159916 -35.374794 -39.342720 -37.665670 -32.880742 -20.192227 -19.013428 -26.206886 -25.199579 -31.937812 -47.192153 -45.020459 -37.467078 -34.671046 -35.308699 -42.772997 -40.564639 
-25.431041 -20.475788 2.052105 15.763551 10.465371 -2.191685 19.415238 21.293380 -1.777408 14.290932 9.931501 3.265812 9.546543 3.620178 12.118931 9.125128 15.393412 -1.062197 -7.628196 -1.916701 -9.271452 -16.415325 -21.439665 -26.355660 -28.844858 -29.529607 -30.688332 -29.561192 -20.231912 -18.812726 -24.797171 -25.346040 -29.487328 -35.605985 -35.945454 -33.626676 -32.507013 -33.241227 -36.186464 -36.515456 
-29.745403 -29.660722 3.963507 15.528278 8.367525 2.624122 20.953126 18.784618 -0.067642 15.982291 7.048153 6.728928 6.409640 6.899107 9.051201 12.037623 11.318077 2.955028 -3.517699 -2.941832 -5.483654 -17.357698 -25.428409 -30.063660 -32.663125 -35.871901 -35.588521 -34.121772 -22.074233 -20.550720 -29.187675 -27.822576 -33.773528 -47.292431 -48.564713 -37.352409 -34.493002 -36.372139 -40.939092 -43.961784 
-35.104762 -22.755646 6.075786 15.127242 5.934221 6.661981 22.300162 16.730601 4.529385 16.025007 2.999511 8.560918 2.359032 8.337185 5.069895 11.229245 6.850317 5.692466 -3.861385 -2.690556 -4.220818 -17.934526 -28.054966 -33.602298 -33.227728 -37.095765 -35.073264 -32.175317 -21.921915 -20.455057 -26.250702 -27.484957 -34.645564 -44.290965 -42.411197 -32.429824 -31.264621 -33.864606 -41.554389 -43.335694 
-14.989767 -10.997611 8.907143 14.828243 2.792783 11.863732 23.054782 13.455704 9.940434 12.426755 1.407578 7.723093 -1.287607 5.974436 3.035391 6.738976 9.667547 4.276081 -6.893132 -0.348061 -7.615189 -20.667943 -29.420324 -33.647162 -34.570748 -36.235066 -35.625042 -32.530773 -22.356554 -19.641186 -26.120839 -27.429018 -34.597336 -42.089406 -42.426473 -35.770813 -35.688457 -37.849898 -41.803748 -41.895214 
-26.436739 -9.351299 11.159752 14.662933 0.759168 15.934914 22.191399 10.193668 14.857505 7.516658 5.296537 5.510279 -0.233004 1.163336 4.528385 4.941312 11.865214 -0.290461 -4.584807 -2.771505 -8.023122 -18.972028 -30.120519 -32.823383 -35.186731 -36.648356 -35.727503 -33.113290 -23.467513 -22.003823 -26.055623 -25.962212 -33.459557 -43.726762 -43.265922 -34.774655 -34.883822 -36.539845 -41.358635 -38.418027 
-21.218689 -2.915186 13.523070 14.300394 0.433536 17.448219 18.106532 10.300576 19.151091 8.512089 8.634942 1.397812 0.504464 -0.660840 3.694677 7.736529 8.130970 0.124849 -2.761547 -0.542862 -9.302230 -22.647086 -26.445528 -27.843903 -28.647903 -29.590178 -30.246700 -29.208052 -21.686131 -22.148588 -26.435418 -26.866466 -30.464250 -34.498571 -34.850274 -33.978714 -33.133852 -32.682779 -35.510162 -35.662974 
-25.969374 0.915519 15.161233 13.352103 5.102989 15.933826 9.854640 17.697365 19.611788 6.334966 5.531515 -0.277439 -1.378143 2.107519 0.107700 3.269778 7.343497 -0.059196 -2.581151 -0.176206 -9.060108 -20.665501 -29.721295 -31.242520 -31.875056 -32.940403 -32.682468 -31.432079 -23.069528 -24.137929 -29.983948 -30.325376 -33.662131 -37.618442 -37.854715 -36.817017 -34.822169 -35.799329 -38.334144 -37.649541 
-17.192207 4.198898 15.702785 11.805374 9.056710 15.508679 9.682366 22.458502 17.771211 7.831222 1.487269 3.300050 -1.082146 0.863854 0.708557 4.202318 9.142862 2.229321 -3.301666 -1.275733 -9.038778 -21.330369 -25.772601 -26.899159 -27.886143 -28.781780 -29.166746 -28.502593 -22.532725 -22.651827 -26.792534 -26.881267 -30.225188 -32.969092 -33.276315 -31.987006 -32.615584 -33.584612 -33.861139 -34.292989 
-14.565050 6.567664 15.288921 8.854350 12.633548 14.859330 14.464321 23.988985 13.171311 9.261484 3.208540 2.080154 -2.519083 -3.494976 -1.314477 2.760550 7.655987 3.179842 -1.934800 -1.520151 -7.958141 -20.517578 -30.602481 -35.999709 -36.818181 -38.076658 -36.131842 -31.160088 -20.967129 -22.186672 -29.529747 -31.410126 -36.926883 -46.489334 -48.279770 -42.430722 -38.859014 -38.113476 -45.638842 -46.569045 
-11.892473 8.346716 15.097757 7.611144 15.451485 14.144430 18.818695 22.244350 10.742971 5.001301 5.663964 -0.240976 -6.138463 -3.544550 -2.128843 2.269782 7.695402 4.136450 1.190361 3.080528 -7.659051 -17.687026 -25.499441 -31.754694 -32.611235 -34.113211 -33.843997 -29.231231 -19.784886 -20.135221 -24.439634 -26.359687 -33.130256 -40.525335 -40.785674 -37.207605 -34.935392 -36.691334 -36.929554 -37.961325 
-10.204484 9.330236 14.495370 6.510439 16.877783 13.409055 20.243215 17.433412 13.066970 5.587233 3.945077 -4.022953 -7.301262 -4.179575 -2.094275 3.415930 7.964729 5.166491 -0.148443 1.445845 -6.868213 -18.704182 -25.997116 -31.292570 -30.740480 -31.006075 -32.288087 -26.568575 -16.916702 -19.896210 -25.887737 -26.163272 -33.016278 -36.958380 -37.601560 -37.379275 -37.357336 -36.121728 -35.810282 -36.951055 
-4.468320 9.969417 13.151481 8.736269 17.034817 12.989105 20.947247 15.729224 16.034312 3.946977 -2.236481 -2.482026 -2.430603 -2.029997 -0.240193 2.145788 8.197156 4.884072 0.979240 2.735809 -7.412801 -19.965807 -27.427553 -31.264374 -33.876984 -34.896163 -33.573049 -25.187704 -16.228976 -18.383935 -23.694573 -25.458519 -33.420754 -43.406468 -43.959664 -41.092673 -36.129968 -35.811088 -40.430211 -41.441303 
-7.179274 9.821605 11.800349 10.064314 15.894489 13.457438 20.167908 14.081279 16.414500 1.751273 -2.702310 -0.343500 -2.520642 -1.078154 -0.635432 1.912174 7.884681 7.084731 -0.603195 0.579277 -7.994798 -19.493314 -26.872625 -32.161712 -33.343855 -35.979074 -33.969451 -25.950606 -17.003876 -19.870234 -24.982310 -26.372665 -33.459526 -43.759749 -43.055077 -38.424682 -35.474176 -36.149006 -41.507738 -40.842868 
-6.491904 9.792643 10.820156 10.528140 15.171569 13.485675 18.056784 15.873667 15.819771 0.209590 -0.975938 -0.104080 -2.941436 -1.110091 -1.042199 2.587703 8.346197 7.423141 -0.389356 1.566778 -7.893301 -20.454710 -28.584649 -37.080981 -40.024101 -40.068153 -37.449811 -27.662902 -17.621298 -20.514963 -26.092319 -27.356198 -34.823056 -46.263330 -47.350056 -40.817439 -33.954930 -33.151433 -36.065699 -38.247705 
-7.859579 9.052997 10.886387 11.242110 15.282210 13.246996 16.831529 16.840840 15.688913 0.828026 -0.015133 -0.629176 -4.654748 -3.306240 -3.309463 -2.241064 2.820315 2.415925 0.542093 0.775115 -8.051878 -19.094394 -28.249753 -37.526366 -42.561839 -38.997812 -37.265065 -30.689391 -20.158326 -22.915002 -29.390899 -27.103866 -34.217274 -49.082263 -49.222706 -37.357914 -32.621592 -34.659655 -44.521226 -42.930191 
-7.085240 6.052424 8.586495 12.718079 13.472047 10.331365 15.769244 18.183298 12.766241 -2.525976 -1.824774 -4.486018 -7.567813 -6.883903 -4.920488 -6.419039 3.449263 2.661643 -1.320540 0.835390 -10.860875 -24.966015 -30.624868 -33.365304 -34.792834 -35.407291 -36.816056 -33.084504 -23.988254 -26.882623 -33.044898 -30.412944 -34.606121 -40.014895 -40.507590 -36.834710 -33.131250 -34.284326 -39.572744 -41.163199 
-0.923099 7.887560 9.194402 13.058349 12.706094 9.322444 17.152109 20.604780 8.735421 -3.931435 -2.562547 -10.353656 -9.026164 -8.705315 -4.203096 -0.844475 4.397831 6.041403 -0.888223 -1.305721 -13.191454 -25.278630 -28.706245 -30.706019 -31.388887 -31.874927 -32.364442 -30.938030 -23.978356 -25.078518 -32.110163 -32.273230 -34.535817 -36.539725 -36.838393 -34.031438 -32.437642 -32.681047 -36.867114 -36.717516 
-4.487596 10.395249 8.766919 12.306516 13.060877 11.781606 14.016167 20.598392 11.991865 -2.709030 1.071724 -5.661163 -6.832220 -5.964287 -4.339565 -4.104975 3.610595 5.700108 -1.226484 1.183324 -9.130795 -21.589671 -27.754715 -32.895104 -37.233941 -39.799729 -36.062187 -29.499262 -18.206335 -19.844431 -26.296001 -29.423019 -35.372088 -50.656914 -50.111529 -34.762263 -30.134614 -32.209348 -39.384116 -42.451556 
-4.089002 10.731561 9.184550 12.501947 12.482936 11.143844 13.160228 20.571722 10.238747 -3.072141 0.325059 -5.038401 -7.185757 -7.228626 -5.727101 -6.382438 1.690963 4.913996 -1.823206 -0.671246 -10.013834 -21.538584 -28.086341 -34.602069 -36.794689 -37.258797 -37.918848 -33.143920 -20.983859 -22.077883 -27.255122 -31.124843 -38.092086 -46.449829 -47.323527 -37.916816 -28.510846 -29.180835 -39.764813 -40.882180 
-4.080124 10.249686 10.033597 12.017256 13.347594 12.208187 13.090286 19.188273 10.642579 -2.923987 -0.943746 -5.416924 -8.116530 -7.678559 -6.217596 -6.363140 0.435638 4.000806 -3.092967 -0.235674 -9.031083 -23.667580 -29.438167 -33.970565 -37.187615 -37.693641 -38.112681 -30.862323 -23.173243 -25.776283 -30.334413 -31.392573 -37.816737 -46.757575 -48.044505 -38.109922 -33.576048 -33.796730 -47.657713 -42.271808 
-5.834192 10.230710 10.911636 11.023716 14.080835 12.991510 14.405943 16.734504 11.214390 -4.704952 -2.795464 -5.571384 -8.041300 -9.228266 -9.055123 -6.982456 -2.020612 3.734936 -4.008677 -3.750360 -11.246599 -25.426328 -32.829244 -37.791613 -40.553472 -41.973233 -40.482619 -33.649714 -24.690528 -28.255065 -32.084216 -32.014807 -38.263391 -48.687694 -48.921022 -42.603393 -37.612396 -36.290861 -44.891791 -36.796713 
-5.756359 10.043883 11.015213 10.216272 14.411086 13.977041 18.046828 11.518392 10.768192 -1.955163 -6.795156 -6.125731 -8.349084 -9.196726 -9.495804 -8.837986 -4.704499 0.555453 -2.831409 -5.481688 -7.813034 -18.540882 -26.757519 -35.883208 -40.622719 -45.442934 -45.694474 -35.235346 -26.116444 -28.014999 -34.542168 -34.284718 -40.080798 -54.381416 -49.376345 -41.698406 -33.931265 -36.979066 -41.731100 -38.309023 
-6.559693 9.405434 10.947856 9.073331 13.889708 13.392360 16.962135 12.714266 10.567809 -2.384908 -4.400686 -5.517172 -8.801527 -9.828802 -10.646485 -12.091236 -8.885581 0.144530 -1.990590 -4.955934 -4.370519 -21.042924 -27.661351 -33.336666 -37.038495 -37.892895 -39.447042 -36.517603 -26.243889 -28.278482 -33.019563 -30.072670 -36.267910 -52.891795 -51.533493 -44.323496 -38.938407 -39.864580 -43.011099 -42.896927 
-7.455723 8.827292 10.989126 7.384008 13.946069 13.231114 18.671517 10.182233 7.679201 -5.434848 -8.488856 -9.985288 -10.673459 -11.228062 -12.051480 -12.347286 -9.107080 -3.204378 -3.607961 -7.116605 -5.725418 -18.394259 -27.185589 -32.290697 -33.798197 -34.245636 -36.641887 -33.391746 -33.984468 -38.255378 -41.105811 -36.775655 -39.426257 -42.776802 -43.198954 -40.923945 -38.240472 -39.114887 -40.314591 -39.774413 
-6.790435 8.682394 11.263802 7.584193 14.691692 13.165265 19.920297 9.635082 4.393801 -5.973198 -9.406927 -11.401910 -10.452648 -12.367855 -12.510584 -14.665739 -10.814478 -4.760352 -6.211443 -7.452004 -11.259105 -21.837460 -32.389130 -36.123273 -38.729052 -38.104921 -37.593537 -34.026731 -32.009873 -36.834377 -41.200453 -37.785407 -40.294188 -44.053250 -44.481698 -39.314948 -35.709405 -36.697330 -40.407390 -38.855155 
-9.612666 8.459398 11.515480 7.416602 14.962694 14.195673 20.464101 9.899467 0.840744 -8.491316 -13.102311 -12.976738 -12.311671 -13.447914 -14.149092 -15.314597 -12.784736 -4.891853 -1.968756 -4.840634 -7.917485 -20.286729 -32.401810 -35.807655 -36.349246 -36.760619 -35.480462 -34.378165 -34.658543 -38.289452 -39.179475 -35.938253 -38.957076 -41.188787 -41.576080 -40.332138 -37.488312 -35.330180 -39.365170 -40.912697 
-10.863666 7.321745 11.582605 5.965464 15.072855 13.115809 18.504286 10.408844 -8.152886 -15.449588 -17.024770 -17.287142 -15.925741 -15.486465 -16.741268 -18.673867 -17.605149 -8.952776 -4.130768 -5.690680 -7.553968 -18.718816 -32.266532 -37.804617 -38.666552 -38.447167 -42.396834 -43.462230 -44.734645 -45.184880 -44.892584 -44.006107 -51.255793 -54.651989 -52.894298 -49.699313 -41.718266 -42.259532 -49.330616 -47.321223 
-13.624753 5.220028 10.347441 3.970056 13.996973 10.860891 14.182889 8.722927 -13.729071 -19.741405 -18.017667 -21.394553 -19.327407 -18.358453 -21.243362 -22.598223 -21.016948 -15.788214 -7.324372 -5.239365 -9.786805 -18.691009 -32.271962 -38.858159 -40.164062 -40.577844 -36.042558 -35.637302 -39.908569 -41.910202 -41.609767 -42.248844 -43.301145 -44.076367 -44.552485 -43.928603 -42.251489 -41.766312 -42.883444 -42.388175 
-14.406559 2.262667 8.124310 2.322514 11.752262 8.451796 7.147246 4.664422 -16.139124 -22.152520 -19.870849 -23.374585 -21.513610 -23.015451 -25.144322 -25.300811 -25.801537 -21.909905 -13.146089 -4.809787 -7.520918 -10.344050 -20.144519 -30.342951 -40.103149 -41.462735 -35.568352 -38.137769 -42.006707 -41.567275 -43.090589 -46.781807 -46.025327 -49.634427 -51.465828 -48.908201 -45.656924 -46.878866 -46.956609 -48.193013 
-19.321007 -0.831287 4.661859 0.860794 9.323474 4.908939 -0.084010 -2.317773 -14.471018 -22.298519 -23.003572 -24.834328 -30.800620 -28.097994 -28.878523 -32.353841 -33.914961 -30.449562 -22.883782 -11.603960 -16.268482 -17.623124 -24.826446 -28.669321 -34.641412 -33.739484 -33.805315 -39.836966 -39.520170 -38.762223 -40.897262 -43.659601 -43.977425 -44.767959 -44.876094 -44.956497 -45.512303 -46.053455 -45.305022 -45.641171 
-16.491131 -2.128425 3.892698 -3.307245 3.461096 -2.167301 -8.855651 -15.470545 -26.180461 -28.325173 -33.578587 -34.329489 -34.362819 -35.605757 -34.462063 -36.382390 -38.183908 -38.342009 -27.649944 -23.257268 -31.416960 -28.613613 -33.952677 -38.936984 -41.513674 -41.909687 -42.612723 -44.757431 -43.675126 -43.288714 -46.223405 -48.559972 -49.353912 -49.761932 -50.136082 -49.499218 -49.982935 -50.642457 -50.465532 -51.764291 
-17.390090 -3.222887 0.897540 -4.407521 0.370766 -5.941610 -22.913546 -28.151132 -31.969423 -39.068625 -37.858484 -39.349552 -40.737983 -43.978860 -45.574007 -46.769429 -49.253425 -49.091571 -40.064334 -31.105471 -42.273473 -45.949479 -47.653555 -47.998569 -50.791364 -51.614461 -54.088100 -54.878118 -55.444350 -55.810585 -55.995186 -56.351494 -57.463297 -57.876719 -57.857126 -57.753940 -57.125060 -58.555558 -59.135506 -59.501791 
-24.524732 -10.340656 -8.868526 -11.979894 -9.678329 -16.371665 -30.912588 -33.689578 -39.692559 -40.979567 -45.636450 -45.172716 -49.924096 -50.977489 -52.506708 -53.751359 -54.035470 -55.006796 -45.267465 -43.274353 -54.451996 -57.068050 -56.279298 -58.562543 -58.530840 -59.131248 -60.656387 -62.029343 -62.239545 -62.464474 -63.176484 -64.245312 -64.103261 -64.002116 -64.623237 -64.436265 -65.539061 -66.093447 -65.168438 -65.919561 
-33.737003 -23.393631 -20.138790 -30.983911 -34.743929 -41.411693 -41.780695 -42.206937 -45.881854 -50.767660 -53.685408 -51.694794 -54.826323 -55.726677 -56.538183 -56.933930 -58.198135 -58.790788 -56.409496 -57.539516 -58.514058 -60.186563 -61.512889 -62.854167 -62.746346 -63.897069 -64.651942 -65.126210 -65.473641 -65.965447 -66.699090 -67.552380 -67.239337 -67.807129 -68.242655 -68.407432 -68.857938 -69.071082 -69.077102 -69.614934 
-29.064614 -32.162395 -36.307756 -35.180559 -35.687736 -39.269305 -40.563535 -42.087959 -43.415026 -44.714852 -48.449468 -51.382530 -50.253467 -48.231285 -48.477195 -49.093501 -48.920246 -48.046962 -48.887141 -51.982916 -56.955181 -54.773649 -51.255347 -53.161276 -61.634545 -56.533831 -55.812411 -56.604363 -57.154317 -57.138493 -61.767550 -64.230503 -68.939922 -69.371006 -66.841401 -68.680923 -68.962261 -69.274098 -69.613984 -71.279966 
-11.530519 -9.277245 -11.811319 -18.078491 -25.763293 -18.033857 -14.336425 -19.468080 -21.828914 -25.192565 -29.261770 -33.000171 -35.002461 -30.713740 -31.899237 -32.017724 -32.219916 -33.023164 -24.469685 -20.055508 -24.624778 -33.203803 -30.704602 -27.625062 -24.824010 -32.893659 -36.921702 -38.323551 -35.232640 -33.030600 -38.499713 -43.978035 -43.065860 -41.638617 -43.487033 -39.343070 -40.276450 -38.493260 -40.711557 -44.860630 
-11.766379 -11.712086 -13.599915 -18.718063 -20.743292 -18.330333 -10.698210 -16.165514 -27.241849 -34.129600 -34.732662 -34.384140 -39.287917 -36.206563 -33.491874 -35.986784 -36.165082 -37.800372 -28.065568 -22.171693 -21.155861 -27.132352 -30.363528 -30.999385 -22.431818 -27.749351 -29.818155 -29.594132 -30.152570 -24.976070 -33.600148 -37.299494 -37.319363 -36.882244 -36.210255 -34.417683 -33.773163 -34.730167 -33.833505 -38.287638 
-15.473135 -17.792431 -15.547927 -16.719246 -15.210449 -10.082144 -9.243518 -15.150682 -22.017424 -32.130318 -29.269887 -32.465639 -35.541418 -31.497431 -31.872499 -40.497257 -32.961601 -35.096849 -24.942659 -20.584566 -28.793091 -34.066189 -31.579166 -30.942303 -20.965945 -27.125185 -33.396423 -33.418589 -30.847300 -27.825687 -36.964552 -36.664738 -36.178239 -39.452734 -40.468398 -39.426413 -39.229882 -36.725124 -35.845542 -38.660347 
-32.847197 -32.037413 -29.436882 -26.925191 -30.157224 -22.592220 -18.276481 -19.454483 -25.334265 -34.481172 -38.073314 -38.980665 -42.286258 -40.285542 -44.961584 -45.305291 -38.540545 -37.440221 -30.701129 -25.661623 -32.357065 -42.376196 -40.667649 -37.544023 -28.832120 -35.436590 -46.979405 -45.684899 -42.302608 -37.895715 -42.185574 -48.071403 -48.190581 -49.740165 -51.849256 -48.284631 -47.650762 -50.139828 -52.499857 -54.509921 
-71.991351 -74.249223 -80.384405 -76.656891 -71.529382 -71.740669 -76.493511 -75.657441 -76.904867 -81.113170 -79.435738 -82.989772 -84.061378 -82.980330 -79.282423 -86.457091 -78.114770 -80.613226 -74.830879 -75.410859 -77.541766 -80.154018 -81.351194 -83.473438 -83.532643 -84.769692 -83.375030 -83.903516 -85.691506 -84.822791 -86.705517 -86.204146 -86.634557 -88.109158 -85.854165 -87.281501 -90.643353 -91.190093 -89.248204 -90.239936 
-100.801853 -100.802895 -100.804638 -100.807608 -100.811679 -100.817484 -100.824715 -100.834194 -100.847116 -100.862941 -100.882703 -100.907806 -100.937848 -100.974789 -101.019340 -101.071354 -101.133355 -101.204716 -101.287100 -101.381155 -101.489689 -101.616338 -101.762566 -101.936328 -102.142674 -102.385086 -102.667363 -102.991435 -103.366865 -103.807095 -104.333589 -104.963897 -105.714205 -106.611821 -107.708461 -109.085776 -110.854102 -113.209548 -116.724066 -123.024184 
NaN NaN NaN NaN NaN NaN NaN NaN NaN NaN NaN NaN NaN NaN NaN NaN NaN NaN NaN NaN NaN NaN NaN NaN NaN NaN NaN NaN NaN NaN NaN NaN NaN NaN NaN NaN NaN NaN NaN NaN 
NaN NaN NaN NaN NaN NaN NaN NaN NaN NaN NaN NaN NaN NaN NaN NaN NaN NaN NaN NaN NaN NaN NaN NaN NaN NaN NaN NaN NaN NaN NaN NaN NaN NaN NaN NaN NaN NaN NaN NaN 
NaN NaN NaN NaN NaN NaN NaN NaN NaN NaN NaN NaN NaN NaN NaN NaN NaN NaN NaN NaN NaN NaN NaN NaN NaN NaN NaN NaN NaN NaN NaN NaN NaN NaN NaN NaN NaN NaN NaN NaN 
NaN NaN NaN NaN NaN NaN NaN NaN NaN NaN NaN NaN NaN NaN NaN NaN NaN NaN NaN NaN NaN NaN NaN NaN NaN NaN NaN NaN NaN NaN NaN NaN NaN NaN NaN NaN NaN NaN NaN NaN 
NaN NaN NaN NaN NaN NaN NaN NaN NaN NaN NaN NaN NaN NaN NaN NaN NaN NaN NaN NaN NaN NaN NaN NaN NaN NaN NaN NaN NaN NaN NaN NaN NaN NaN NaN NaN NaN NaN NaN NaN 
NaN NaN NaN NaN NaN NaN NaN NaN NaN NaN NaN NaN NaN NaN NaN NaN NaN NaN NaN NaN NaN NaN NaN NaN NaN NaN NaN NaN NaN NaN NaN NaN NaN NaN NaN NaN NaN NaN NaN NaN 
NaN NaN NaN NaN NaN NaN NaN NaN NaN NaN NaN NaN NaN NaN NaN NaN NaN NaN NaN NaN NaN NaN NaN NaN NaN NaN NaN NaN NaN NaN NaN NaN NaN NaN NaN NaN NaN NaN NaN NaN 
NaN NaN NaN NaN NaN NaN NaN NaN NaN NaN NaN NaN NaN NaN NaN NaN NaN NaN NaN NaN NaN NaN NaN NaN NaN NaN NaN NaN NaN NaN NaN NaN NaN NaN NaN NaN NaN NaN NaN NaN 
NaN NaN NaN NaN NaN NaN NaN NaN NaN NaN NaN NaN NaN NaN NaN NaN NaN NaN NaN NaN NaN NaN NaN NaN NaN NaN NaN NaN NaN NaN NaN NaN NaN NaN NaN NaN NaN NaN NaN NaN 
NaN NaN NaN NaN NaN NaN NaN NaN NaN NaN NaN NaN NaN NaN NaN NaN NaN NaN NaN NaN NaN NaN NaN NaN NaN NaN NaN NaN NaN NaN NaN NaN NaN NaN NaN NaN NaN NaN NaN NaN 
NaN NaN NaN NaN NaN NaN NaN NaN NaN NaN NaN NaN NaN NaN NaN NaN NaN NaN NaN NaN NaN NaN NaN NaN NaN NaN NaN NaN NaN NaN NaN NaN NaN NaN NaN NaN NaN NaN NaN NaN 
NaN NaN NaN NaN NaN NaN NaN NaN NaN NaN NaN NaN NaN NaN NaN NaN NaN NaN NaN NaN NaN NaN NaN NaN NaN NaN NaN NaN NaN NaN NaN NaN NaN NaN NaN NaN NaN NaN NaN NaN 
NaN NaN NaN NaN NaN NaN NaN NaN NaN NaN NaN NaN NaN NaN NaN NaN NaN NaN NaN NaN NaN NaN NaN NaN NaN NaN NaN NaN NaN NaN NaN NaN NaN NaN NaN NaN NaN NaN NaN NaN 
NaN NaN NaN NaN NaN NaN NaN NaN NaN NaN NaN NaN NaN NaN NaN NaN NaN NaN NaN NaN NaN NaN NaN NaN NaN NaN NaN NaN NaN NaN NaN NaN NaN NaN NaN NaN NaN NaN NaN NaN 
NaN NaN NaN NaN NaN NaN NaN NaN NaN NaN NaN NaN NaN NaN NaN NaN NaN NaN NaN NaN NaN NaN NaN NaN NaN NaN NaN NaN NaN NaN NaN NaN NaN NaN NaN NaN NaN NaN NaN NaN 
NaN NaN NaN NaN NaN NaN NaN NaN NaN NaN NaN NaN NaN NaN NaN NaN NaN NaN NaN NaN NaN NaN NaN NaN NaN NaN NaN NaN NaN NaN NaN NaN NaN NaN NaN NaN NaN NaN NaN NaN 
NaN NaN NaN NaN NaN NaN NaN NaN NaN NaN NaN NaN NaN NaN NaN NaN NaN NaN NaN NaN NaN NaN NaN NaN NaN NaN NaN NaN NaN NaN NaN NaN NaN NaN NaN NaN NaN NaN NaN NaN 
NaN NaN NaN NaN NaN NaN NaN NaN NaN NaN NaN NaN NaN NaN NaN NaN NaN NaN NaN NaN NaN NaN NaN NaN NaN NaN NaN NaN NaN NaN NaN NaN NaN NaN NaN NaN NaN NaN NaN NaN 
NaN NaN NaN NaN NaN NaN NaN NaN NaN NaN NaN NaN NaN NaN NaN NaN NaN NaN NaN NaN NaN NaN NaN NaN NaN NaN NaN NaN NaN NaN NaN NaN NaN NaN NaN NaN NaN NaN NaN NaN 
