-28.839808 -28.447900 -28.643720 -29.749471 -31.566178 -34.307915 -37.207918 -39.783806 -41.662191 -42.756763 -43.796516 -44.963500 -46.167508 -47.003811 -47.457579 -48.528792 -49.667822 -50.573753 -51.111618 -52.017548 -52.932852 -53.433338 -54.142288 -54.768461 -55.587280 -55.964616 -56.771245 -57.146489 -57.651061 -58.215656 -58.948692 -59.380186 -59.832046 -60.250020 -60.410697 -60.732627 -61.049086 -61.398045 -61.408528 -61.719943 
-5.911927 1.840468 4.808009 5.021259 2.717438 -3.563981 -10.135791 -12.893269 -17.449009 -24.715824 -28.841901 -34.456164 -35.012306 -35.593077 -35.745185 -33.849941 -38.023200 -41.185275 -43.345552 -44.343183 -45.420949 -46.138907 -46.681112 -47.379179 -48.050863 -48.969887 -49.455606 -49.889950 -50.512233 -50.949217 -51.430674 -51.898289 -52.520315 -52.884378 -53.194765 -53.381372 -53.870450 -54.144153 -54.361503 -54.382327 
-6.605011 8.517295 8.550707 7.270665 10.013779 -2.829024 -9.761086 -10.298017 -10.493331 -17.477538 -22.852413 -26.015880 -30.687510 -32.026708 -31.647094 -28.500891 -32.386985 -34.418785 -36.652792 -37.975679 -38.601578 -39.287133 -39.734398 -40.437714 -40.885659 -41.736019 -42.329287 -42.927214 -43.612741 -44.141540 -44.574289 -45.039769 -45.452588 -45.892076 -46.316012 -46.600306 -46.770777 -47.133712 -47.311715 -47.393426 
-1.830852 10.585924 9.364017 11.092032 9.190960 -5.340279 -11.305926 -9.520324 -14.310255 -20.333939 -23.602684 -27.723480 -32.417376 -32.175965 -29.778895 -27.501209 -31.599542 -33.625205 -38.724359 -39.351378 -40.175230 -40.897590 -40.707464 -41.438008 -42.118986 -43.218628 -43.883863 -44.521581 -45.042357 -45.510974 -46.139586 -46.674746 -47.080239 -47.555291 -47.832588 -48.192295 -48.367675 -48.710592 -48.868212 -49.025348 
-1.144098 11.006312 9.217263 9.970505 6.159561 -11.214711 -15.180759 -14.048752 -19.255970 -24.595974 -27.098989 -33.056307 -40.304244 -36.649343 -29.334524 -28.739742 -37.471394 -40.324778 -47.011210 -50.462384 -53.624497 -61.096099 -56.980634 -53.484152 -54.971076 -57.816030 -59.309018 -59.232967 -60.157555 -60.049633 -60.157207 -63.593412 -60.663343 -59.164021 -61.183352 -63.150830 -62.101979 -60.797273 -62.538729 -61.286309 
-1.483131 7.269707 2.688689 2.287050 1.664635 -11.406104 -24.313668 -25.633285 -28.672515 -34.287624 -36.283004 -41.858429 -42.382750 -42.475616 -38.441252 -40.143328 -45.232662 -47.510261 -51.752223 -52.769842 -54.510959 -55.062523 -56.056956 -55.963311 -56.504725 -56.722311 -57.662497 -58.586189 -59.085454 -59.190529 -60.376773 -59.867977 -61.085145 -61.645955 -61.390682 -61.005977 -61.940125 -61.156482 -62.850783 -63.006498 
-9.695123 -0.323893 -1.276672 -11.790157 -9.962664 -16.043494 -30.852729 -35.163489 -32.910086 -38.211612 -43.915941 -43.832785 -47.762658 -47.936843 -48.058122 -48.563220 -49.666274 -51.016191 -51.763586 -52.476162 -53.243457 -54.031578 -54.314266 -55.019918 -56.110663 -56.782030 -57.241169 -57.577762 -58.437190 -58.585390 -58.858316 -59.498880 -59.802225 -59.118984 -60.591822 -60.966967 -61.371048 -60.999544 -61.560828 -61.996102 
-9.633524 -9.689184 -8.828082 -13.063732 -14.676205 -17.052096 -16.650849 -18.074480 -19.939828 -22.797153 -25.977455 -28.260675 -28.277545 -28.417332 -29.104366 -29.718901 -30.406898 -31.816718 -35.021376 -38.969538 -40.224939 -41.354962 -46.987021 -52.593449 -50.798209 -53.433836 -55.358036 -51.694981 -49.355349 -52.121169 -50.426160 -45.400148 -48.571196 -51.567508 -53.808150 -61.752615 -53.106303 -49.821288 -52.535441 -58.445894 
1.511970 0.776100 3.446118 0.679567 4.089433 5.713034 5.041502 0.050525 -5.016232 -6.342274 -10.144936 -11.621252 -11.484706 -14.114860 -11.714031 -10.574460 -13.555797 -12.242200 -17.409377 -21.637065 -18.383589 -25.314287 -27.595286 -26.344124 -25.920014 -26.819495 -28.471342 -28.481918 -29.578960 -33.599317 -29.454017 -25.701907 -30.585948 -33.668832 -34.329101 -34.571054 -33.177572 -32.092717 -35.283260 -40.466290 
-0.977450 6.539558 12.195536 9.129635 12.545609 10.540928 5.932696 7.186620 0.809865 -0.128683 -4.925915 -7.202380 -10.710761 -10.088674 -5.782773 -3.418791 -3.964284 -7.180495 -14.938741 -17.568326 -16.064471 -19.821975 -23.354034 -25.584894 -28.376028 -29.098704 -29.540785 -29.093498 -30.246881 -33.220833 -31.764194 -31.617858 -34.744755 -37.128807 -37.271807 -34.151166 -33.744482 -33.653215 -37.227262 -37.823479 
-6.763689 6.219651 14.684160 9.364312 11.487613 17.135371 12.037905 19.594325 11.358239 8.008058 1.613173 1.380320 -2.497170 -3.592365 -1.298882 4.044522 0.770002 -4.252139 -9.776439 -9.840185 -7.272999 -11.518167 -21.769840 -27.382320 -29.558878 -30.862953 -31.551962 -28.489717 -29.587323 -35.307060 -37.814131 -33.740532 -33.733289 -38.629379 -39.350248 -35.078238 -36.213675 -37.152417 -37.990108 -40.500741 
-22.248593 1.674394 14.752078 11.316190 7.642712 18.530503 14.262235 23.505351 20.145211 7.815631 4.931927 2.118283 -0.166743 0.219928 0.094418 4.178942 6.621109 0.142271 -3.947276 -6.926441 -5.756383 -10.288302 -13.997103 -22.732219 -26.890721 -27.478346 -28.028816 -23.407768 -26.204231 -31.298641 -32.051130 -30.645441 -28.204463 -33.451075 -33.816788 -27.971450 -30.493310 -31.042930 -31.369889 -35.924797 
-21.723919 0.293063 14.762879 13.339848 2.084962 17.164205 14.030286 19.408401 23.174937 6.912691 8.498355 -0.164753 3.176446 -0.719225 -0.213161 5.107677 5.842009 1.775520 -1.558022 -4.812243 -6.771371 -6.354197 -12.122738 -22.798354 -29.181160 -30.205491 -28.203764 -23.259941 -25.507449 -36.246659 -42.019127 -35.686694 -27.838806 -37.392278 -38.443728 -28.237522 -29.336516 -32.923849 -30.899822 -43.900214 
-22.125024 -2.494268 13.552448 14.601605 0.252487 14.382167 15.988554 12.103861 22.831396 11.269287 9.051772 3.389504 5.029930 -2.022820 -0.414335 5.264332 7.041422 7.243386 1.390854 -3.014531 -2.613266 -3.994062 -15.002010 -25.308792 -27.376080 -28.439776 -28.497734 -21.932739 -22.271596 -32.754645 -40.639675 -34.408547 -27.242642 -36.716331 -40.160882 -27.586533 -28.913049 -31.837558 -31.360392 -41.520455 
-18.665356 -7.883809 11.335144 15.164700 1.136162 11.257566 17.871617 6.836718 21.226780 15.248902 6.886113 5.750643 2.090328 1.104536 -0.897827 1.683146 7.591518 7.624045 2.241841 -0.266146 -0.035777 -4.563479 -16.645502 -22.475430 -25.859254 -26.763369 -27.704931 -20.875010 -22.802141 -32.800975 -36.988838 -33.855650 -28.692956 -35.464088 -37.662719 -27.061976 -27.850813 -31.205039 -30.545138 -38.550672 
-26.242439 -15.220690 8.969224 15.670805 3.508808 11.640794 20.253846 8.849384 18.110370 17.334077 1.070547 6.824635 -1.898533 3.497111 -1.572035 0.237855 9.988712 5.370654 2.719379 1.368558 2.967797 -7.569596 -18.626019 -24.900978 -26.197676 -26.499927 -26.644626 -20.356294 -21.266711 -31.093943 -39.246396 -35.433914 -26.142601 -35.270825 -40.318954 -27.738493 -27.658194 -31.622827 -31.398917 -42.241782 
-19.460430 -11.978294 10.490206 16.763883 4.238488 12.104589 21.459953 9.195453 16.130486 17.812278 0.754272 7.249060 -1.991524 4.207677 -2.078088 0.302811 10.716858 6.683232 4.600371 2.357311 4.147962 -6.856903 -20.188338 -28.021774 -29.081065 -27.985605 -25.802926 -21.762664 -22.604970 -32.571630 -39.962874 -35.653916 -27.157986 -36.477298 -41.613098 -27.060007 -26.296084 -32.269947 -30.031668 -44.112276 
-14.406676 -9.284414 11.102416 18.021065 6.420731 9.239538 22.345512 13.474967 12.994798 18.524206 0.198558 6.702369 -3.952451 4.152033 -2.674267 2.532014 9.833602 7.108112 5.242186 2.323809 1.911203 -5.971662 -16.969238 -23.649984 -26.359117 -28.610950 -28.706967 -23.595292 -22.898610 -33.261913 -37.021143 -34.653898 -27.925388 -35.430735 -37.280683 -27.071850 -25.957027 -31.999608 -31.493578 -39.300070 
-26.089604 -13.891294 11.172373 18.472645 7.259056 10.931949 23.458292 14.551901 12.813801 18.513978 -0.459819 6.741927 -3.775918 3.862373 -3.056689 2.344496 9.073362 7.310056 5.194615 1.421199 0.584099 -4.948636 -15.085964 -20.032573 -21.088598 -22.285743 -23.489364 -22.649410 -21.997154 -25.961017 -26.654338 -26.176070 -24.501769 -27.892542 -28.563645 -24.516706 -24.727858 -27.201539 -26.422430 -29.566702 
-14.394130 -15.566992 11.414221 18.713830 8.169515 11.403512 23.537407 14.139383 11.968831 18.418731 0.294497 6.626637 -4.260764 3.989651 -2.605593 2.895073 10.794198 8.840189 5.732518 3.041773 0.553315 -5.753301 -16.773184 -24.874316 -30.192902 -31.575878 -29.509747 -23.292209 -20.775339 -31.309864 -39.145014 -33.618651 -26.445463 -35.707344 -38.323749 -28.150507 -28.058585 -32.071717 -31.613663 -42.032512 
-10.764653 -15.127750 11.976369 18.305362 6.577935 12.362070 22.606322 11.847250 15.417364 17.756344 1.066872 6.555983 -3.611495 4.091904 -2.366939 2.080377 10.911606 8.844321 7.052550 4.561756 2.466561 -6.051090 -17.283719 -23.677827 -26.704266 -27.995102 -27.913123 -21.474110 -20.086982 -28.131832 -32.659142 -31.507314 -27.053594 -32.549720 -34.250602 -27.137437 -27.033085 -30.189420 -29.651139 -36.836708 
-17.249089 -7.504159 12.898572 17.093329 3.386778 14.109972 20.319017 8.864382 19.725598 15.515427 5.647097 6.589656 2.046798 2.579943 0.367581 -0.005427 8.215442 10.979701 8.563406 5.778345 6.685531 -7.317859 -19.197589 -24.517240 -26.015005 -26.097828 -25.651415 -20.839003 -20.643412 -29.065665 -33.357702 -31.951256 -26.585934 -33.205854 -34.401964 -25.225682 -25.195324 -29.810645 -29.592052 -35.649536 
-19.428347 -5.145059 12.945317 14.595047 0.869124 14.761485 15.873799 9.894991 23.502932 13.088571 9.844021 4.359443 6.070620 -0.050557 0.276616 1.799657 6.038857 14.362345 9.116928 7.451120 4.553615 -10.772395 -17.545654 -24.959022 -25.941028 -26.022518 -25.703091 -21.629894 -20.544827 -28.598280 -31.145629 -30.865104 -26.681081 -31.792308 -32.669675 -26.806586 -26.309712 -30.289577 -30.445140 -34.347349 
-23.931813 -1.642064 12.351416 10.321122 3.035733 15.052549 9.690928 17.543677 25.256543 11.556536 11.748845 4.275852 6.441257 1.141738 -0.835896 2.927658 8.901895 12.414425 9.925476 6.788197 2.787032 -8.910687 -18.343152 -25.033101 -30.467874 -30.688386 -28.923100 -22.318818 -21.206140 -31.362946 -37.149513 -35.649153 -29.179251 -35.637009 -38.493160 -28.895152 -28.483608 -33.082342 -32.225003 -39.697789 
-17.902624 1.327071 12.980781 9.270484 7.470736 16.747990 10.171793 22.740102 23.027524 11.343042 9.500938 5.726612 2.566157 2.710255 -0.305973 2.013480 6.453744 10.901369 8.826539 7.519221 3.129281 -10.297353 -20.436857 -28.251073 -31.551736 -32.436498 -31.941979 -26.196063 -24.401505 -35.348945 -44.424063 -39.767211 -32.966101 -41.656905 -44.559457 -32.137910 -31.704693 -36.091433 -37.082166 -49.036651 
-21.062244 4.090122 13.641454 7.630707 12.674760 16.733435 14.387647 25.321235 19.561246 16.202179 9.402966 7.521537 3.074984 2.008199 -1.585756 2.466930 8.192399 12.318995 8.899463 7.813357 3.775176 -13.230169 -19.318227 -23.256172 -23.858312 -24.312134 -24.372987 -22.918052 -22.782138 -27.172751 -28.651695 -28.699331 -28.285612 -29.800467 -30.412208 -26.627603 -26.553973 -29.351970 -29.232947 -31.544381 
-10.704251 6.259204 12.945442 6.624233 16.394770 14.801550 19.042931 21.803186 17.371893 15.059502 9.517773 3.752171 2.742604 -0.235790 -1.597498 1.325734 6.892990 12.216515 9.000060 7.418772 1.583913 -12.785694 -22.926948 -27.824177 -29.653238 -29.243238 -30.244999 -24.628548 -24.487039 -34.679125 -41.182195 -38.312779 -29.053460 -39.769176 -44.777824 -30.286680 -30.155129 -32.869251 -34.881051 -48.164497 
-9.618150 6.892659 9.699927 6.351956 17.550621 13.759688 19.600728 17.339005 20.507684 11.645544 8.261757 3.156212 0.220984 -1.036899 -4.050651 1.339090 6.843468 11.203546 9.014063 7.843067 1.070077 -14.196521 -20.957600 -25.545659 -26.518261 -26.824419 -27.396931 -23.531519 -23.928059 -29.559196 -31.628742 -31.884976 -28.033100 -32.473875 -33.587035 -29.430839 -30.194967 -33.875343 -33.534346 -34.746689 
-8.888733 8.102821 9.581769 10.302279 17.391843 13.699825 17.417862 16.464862 22.870212 12.058385 5.887369 4.173279 1.068419 -2.440506 -2.461924 0.565465 5.178673 11.812888 9.942037 7.476638 1.183935 -13.424769 -21.182745 -26.099938 -27.215162 -27.117983 -26.708727 -24.178478 -25.609049 -32.045811 -33.297230 -33.511438 -31.897977 -34.159419 -34.780077 -29.670589 -30.733116 -34.485111 -33.842239 -36.236203 
-6.194225 9.401440 10.057878 12.142039 16.014116 12.337381 14.738072 20.787424 21.469877 11.130238 5.839803 2.929363 0.549943 -3.601644 -5.599299 -1.487838 3.361926 9.418957 9.876849 8.075666 0.565554 -13.140383 -22.718768 -27.268462 -28.863548 -29.806419 -29.035597 -23.998611 -24.839577 -34.910778 -40.273200 -38.751203 -32.063768 -41.305743 -42.097628 -32.464859 -31.365844 -35.504902 -34.970161 -43.242548 
-4.469824 10.286685 10.142581 13.244958 15.487179 12.487271 13.127065 21.833799 17.297987 10.054323 5.673843 -0.147893 -2.124096 -5.403468 -5.722038 -0.991321 2.643478 10.108445 9.794401 6.130139 -0.372378 -13.720113 -23.146506 -28.278948 -30.285068 -30.528336 -30.788978 -25.670930 -25.812256 -35.562175 -40.435778 -38.539898 -32.069858 -40.336137 -42.436252 -32.866334 -32.869717 -38.516906 -38.198766 -44.853217 
-3.148645 11.291297 10.399313 13.896712 14.754586 12.315470 12.746330 22.640073 16.519833 9.468964 5.700209 0.363441 -2.793582 -5.192593 -4.598657 -1.387149 3.826544 8.731619 7.377073 5.761122 -1.761136 -17.420743 -26.492115 -31.239649 -31.672498 -31.625467 -31.268433 -25.989965 -27.021088 -33.528564 -35.794746 -35.193430 -30.693229 -36.523098 -37.111543 -31.002303 -31.670427 -36.216270 -35.478697 -38.430157 
-1.329898 12.086329 11.496936 14.695279 14.505485 12.745919 14.008956 22.676455 14.886824 8.169445 5.294865 -1.085749 -5.731763 -7.405692 -4.395449 -1.307355 4.668633 7.906116 6.398932 5.577381 -4.112229 -18.797211 -24.138861 -26.588740 -27.521151 -28.399963 -29.064167 -26.576995 -26.703332 -32.388576 -33.367470 -33.186218 -31.932082 -34.856693 -35.073248 -31.429146 -31.725391 -35.154002 -35.452958 -36.672385 
-0.909791 12.508441 11.617511 14.968345 14.159720 13.118017 15.112202 21.291918 12.594209 5.748577 3.266181 -2.608016 -6.982680 -8.388293 -6.247415 -3.132178 2.912684 9.697210 7.534218 4.336995 -4.284439 -18.796858 -27.399031 -31.310508 -32.295834 -33.522145 -32.961229 -28.127063 -29.385873 -38.733396 -46.239272 -41.658752 -35.223847 -46.387594 -44.498512 -33.579942 -35.744662 -40.998746 -39.856610 -50.050016 
-0.179720 12.792618 12.118421 15.304817 14.513801 14.212748 15.659480 19.727058 10.397481 5.913699 3.252117 -3.225347 -8.263928 -7.440280 -5.265455 -3.004339 2.282753 9.984158 7.445330 4.632100 -2.885372 -17.768829 -24.715339 -28.780082 -29.646003 -31.275838 -31.054463 -25.381502 -27.741064 -34.966930 -37.816678 -37.237684 -33.642203 -38.842134 -39.411204 -33.172756 -33.792379 -38.285923 -36.811197 -40.917834 
-0.261809 12.935012 12.120574 15.253201 14.017274 14.348643 16.145673 19.605481 9.868801 4.932515 1.903937 -4.738169 -9.471041 -8.437694 -7.399696 -5.184172 0.111010 8.441856 7.689168 5.494071 -2.326775 -18.769207 -26.899013 -31.651026 -33.133897 -34.352315 -32.379601 -25.212495 -28.341347 -40.192532 -46.500891 -42.398805 -36.526557 -44.989464 -46.423020 -38.560555 -37.451891 -37.347794 -37.926363 -50.769706 
0.332005 12.721485 11.662006 15.071636 13.742116 14.462635 16.703067 19.349798 7.979486 4.075473 0.643918 -5.743894 -9.798895 -9.771326 -8.908276 -5.799044 -1.267686 6.719039 8.650697 4.359716 -1.124033 -15.323133 -24.505212 -29.662594 -31.456766 -31.403128 -31.300677 -24.966816 -28.396218 -38.785181 -42.868005 -42.049490 -37.746837 -43.799443 -45.933491 -40.779182 -40.019200 -42.642378 -41.568851 -46.570159 
-0.637540 12.383738 10.239390 14.759524 13.939596 13.855534 15.043790 20.570078 11.180806 3.552558 0.966148 -6.144296 -9.169152 -8.886425 -8.168018 -6.758368 -2.513752 5.221012 9.456750 6.534366 1.306008 -13.062347 -24.005984 -28.082955 -29.169848 -29.699504 -30.207793 -26.793757 -29.736905 -35.478144 -36.903091 -37.097485 -35.015083 -37.888267 -38.574377 -36.415851 -36.560565 -38.859138 -38.386044 -39.848012 
-0.410393 12.477578 9.361275 14.823115 13.882960 13.055512 15.443623 21.211690 10.676014 3.708980 1.027963 -6.050416 -9.510011 -10.512653 -8.823057 -7.454146 -3.010239 5.219789 9.425213 5.768475 0.961101 -13.272391 -24.126278 -29.850938 -31.658156 -31.634117 -31.015760 -24.039111 -26.636465 -37.584320 -44.768271 -43.545873 -38.493386 -47.337284 -47.914944 -42.451364 -42.579609 -39.220150 -37.933035 -48.318556 
-1.778628 12.601978 10.193965 14.887327 14.415691 13.273337 15.702837 20.654340 8.924308 1.821378 -0.698866 -6.905922 -9.072358 -10.547182 -9.171877 -7.328481 -4.021579 2.527138 9.397141 7.632018 4.086300 -8.857317 -19.754898 -25.653619 -26.644317 -27.685966 -27.097320 -21.345585 -24.327811 -32.063372 -35.046503 -34.905218 -32.892867 -36.182874 -36.663856 -35.827784 -36.113380 -36.277998 -36.041060 -38.094543 
-1.150740 12.624603 11.261060 14.683201 15.787327 14.246851 15.226028 19.209540 10.213264 1.859129 -2.459787 -7.575448 -10.038677 -11.043535 -9.698263 -7.099130 -6.223833 -1.305360 6.378542 7.749136 4.488964 -6.107151 -18.888937 -26.232607 -27.685708 -28.212942 -27.251041 -21.129238 -24.722875 -36.415719 -40.394875 -40.071689 -35.908315 -41.805507 -41.944900 -37.405507 -39.058165 -40.810357 -40.965743 -43.600376 
-2.171915 12.205263 12.169810 13.868287 16.499225 14.249877 14.976741 15.279709 8.983971 0.763957 -4.047463 -7.481452 -12.098296 -14.059511 -14.807670 -11.112722 -10.299388 -5.350850 2.367679 6.970903 2.540409 -3.467925 -14.804170 -22.447092 -25.358574 -25.253194 -25.607720 -22.175661 -28.494259 -38.111275 -45.341353 -44.627036 -42.291067 -48.321536 -47.922722 -42.651453 -45.187692 -46.455372 -46.668625 -49.548147 
-5.897513 10.781986 11.501156 11.442547 15.480294 6.716952 8.497342 7.952913 3.916646 -3.650175 -12.052984 -12.907091 -15.417612 -18.704632 -17.523343 -16.228584 -16.356830 -11.466700 -4.803849 2.315627 2.267828 -6.097259 -19.210539 -22.120526 -22.380990 -23.323565 -26.950977 -28.024689 -34.915839 -42.424456 -48.259848 -48.578053 -48.707057 -51.744024 -52.949957 -47.972131 -49.777194 -50.466155 -50.205441 -53.871935 
-7.951508 9.039672 11.588956 11.884628 16.884174 5.774187 -1.646890 -5.246624 -2.499751 -11.653948 -16.985396 -27.868465 -32.182448 -32.392392 -30.216581 -28.101685 -28.653573 -22.681029 -15.983818 -7.440358 -6.524124 -17.051427 -27.746369 -30.362566 -31.769093 -32.495207 -34.260487 -39.380011 -45.951737 -41.572443 -44.856970 -50.671898 -52.080909 -52.737095 -51.341017 -49.660002 -52.060594 -53.053111 -51.382218 -55.417651 
-8.379803 7.917879 9.634130 11.355333 15.993633 4.972682 -1.467436 -11.850896 -10.811558 -17.502268 -20.796003 -27.945468 -30.625185 -31.265601 -33.088383 -33.976800 -29.869366 -26.559505 -26.400559 -21.292828 -27.733277 -35.711424 -36.902695 -35.588187 -31.206284 -29.262707 -35.206620 -41.006505 -44.191453 -43.201210 -45.881942 -46.142112 -47.039356 -47.653594 -48.537262 -48.169817 -48.517061 -48.763296 -48.489744 -49.258440 
-7.397786 5.676640 7.646877 7.489711 14.041284 3.045708 -5.504732 -13.605750 -11.742790 -19.375350 -21.760422 -27.208536 -31.881366 -32.125467 -33.495482 -34.211381 -32.371264 -30.019214 -28.697220 -26.334670 -33.109774 -37.497399 -40.121998 -40.485537 -36.532093 -37.307369 -40.679113 -42.846651 -43.497077 -44.114311 -44.729595 -44.994062 -45.614702 -46.100925 -46.534402 -46.802668 -47.061188 -47.082225 -47.537440 -47.738802 
-7.491142 3.438990 4.318873 6.373270 7.979743 0.977018 -7.820826 -10.236304 -11.367098 -12.647101 -18.261802 -23.758810 -20.978946 -25.142034 -32.889628 -27.630044 -23.353842 -22.782222 -25.434314 -21.222019 -18.930602 -22.335174 -23.924784 -21.782006 -20.257727 -13.772958 -12.073385 -15.148990 -20.910288 -21.476394 -25.230591 -26.543465 -31.634948 -29.689333 -37.746242 -30.298548 -32.505709 -37.680328 -37.499785 -39.935487 
-4.687321 -1.847596 0.338877 5.831775 0.381625 -4.891939 -7.038780 -2.270963 -8.367838 -10.786321 -12.849443 -20.033964 -16.374733 -22.283468 -25.892427 -17.691618 -18.896544 -18.541230 -16.554068 -10.546772 -6.665596 -14.366326 -19.255658 -16.960787 -12.343150 -9.414127 -8.596985 -10.729053 -15.093694 -13.204871 -16.587819 -17.700682 -21.266703 -21.465189 -22.711248 -21.370471 -24.373046 -26.179668 -23.963750 -31.843833 
-10.466962 3.082941 10.065033 5.219825 6.963207 8.850938 5.990412 5.682254 -0.293172 -6.802841 -11.892099 -14.613725 -16.384922 -18.542617 -20.507506 -18.757466 -23.810503 -19.995929 -14.643654 -9.974290 -5.200211 -15.547251 -22.191662 -19.173323 -11.576469 -9.594281 -16.883592 -16.256222 -19.480959 -16.974892 -22.644154 -22.263505 -21.155598 -24.358537 -25.536266 -23.667568 -28.916843 -27.237304 -26.810480 -34.110168 
-8.760492 4.718399 8.286341 0.570990 8.475793 8.113190 8.954857 12.521641 0.501201 -7.541373 -13.560797 -16.563250 -18.186745 -19.688823 -21.779645 -20.537023 -23.362285 -18.724713 -16.678633 -12.151641 -9.794121 -18.229413 -23.325108 -21.487761 -17.916227 -20.713557 -22.808219 -22.550127 -26.148838 -28.296888 -34.603653 -37.349121 -28.973023 -30.220062 -32.914789 -28.579717 -35.859402 -32.653496 -32.410924 -39.376892 
-14.802648 -11.587430 -7.838000 -6.101837 -7.166089 -5.400400 -0.733144 0.160432 -6.758461 -20.523841 -21.031556 -27.728272 -26.798547 -32.317823 -33.375989 -33.801247 -35.214492 -35.827108 -30.210801 -25.411081 -30.214935 -37.160481 -37.980363 -35.597796 -34.263897 -33.644726 -37.597311 -34.166857 -35.109985 -39.529226 -48.513905 -48.233187 -45.920679 -50.273406 -51.619584 -45.391349 -48.211281 -52.530158 -51.827079 -52.362379 
-52.410205 -48.639197 -51.932368 -64.696468 -62.281049 -69.114570 -64.366301 -60.557978 -60.845506 -67.849538 -69.980101 -71.537173 -66.657530 -68.530313 -75.302564 -77.142330 -76.150354 -71.458114 -73.156879 -69.504363 -70.653100 -73.213936 -74.729443 -77.501930 -72.645268 -70.842130 -73.270111 -76.518283 -75.615354 -77.265334 -80.111514 -79.782239 -80.428002 -83.480935 -81.206076 -84.186935 -82.814623 -82.385736 -82.317591 -85.451591 
-61.970381 -56.409563 -56.140752 -63.856763 -67.027576 -65.543312 -67.626121 -72.863173 -67.816575 -72.330087 -71.407143 -74.337391 -72.929400 -74.106451 -75.661867 -76.340855 -77.816050 -73.544350 -76.181422 -74.825997 -70.562304 -72.331193 -77.431394 -76.240435 -82.520791 -82.041679 -78.983899 -82.713011 -82.386382 -80.859387 -83.703284 -79.410347 -83.790375 -86.258887 -85.621306 -84.503950 -87.890536 -90.408716 -85.994855 -91.560721 
-71.367834 -71.313550 -70.174693 -73.541299 -74.517034 -74.319646 -73.165707 -75.646504 -74.616942 -79.047745 -77.253869 -82.126742 -79.892373 -80.032442 -80.865453 -81.241053 -80.938645 -80.328828 -78.640588 -77.706970 -77.394789 -77.350769 -77.761557 -79.233063 -81.562407 -85.283056 -90.473342 -92.604875 -88.241132 -86.722855 -87.765544 -89.029588 -88.356986 -85.779580 -85.358399 -87.859859 -94.009282 -94.319069 -92.618570 -97.556224 
-90.850468 -90.909292 -91.007421 -91.173652 -91.400462 -91.721228 -92.117838 -92.634233 -93.332718 -94.180644 -95.225650 -96.512176 -97.923303 -99.233702 -99.857657 -99.325238 -97.958902 -96.442696 -95.151933 -94.237914 -93.756113 -93.769416 -94.362037 -95.706553 -98.133572 -102.428677 -110.785605 -111.477003 -105.246296 -103.619743 -105.013365 -108.021381 -106.290419 -102.748464 -101.901398 -104.332319 -110.219846 -110.232507 -108.897061 -114.465862 
NaN NaN NaN NaN NaN NaN NaN NaN NaN NaN NaN NaN NaN NaN NaN NaN NaN NaN NaN NaN NaN NaN NaN NaN NaN NaN NaN NaN NaN NaN NaN NaN NaN NaN NaN NaN NaN NaN NaN NaN 
NaN NaN NaN NaN NaN NaN NaN NaN NaN NaN NaN NaN NaN NaN NaN NaN NaN NaN NaN NaN NaN NaN NaN NaN NaN NaN NaN NaN NaN NaN NaN NaN NaN NaN NaN NaN NaN NaN NaN NaN 
NaN NaN NaN NaN NaN NaN NaN NaN NaN NaN NaN NaN NaN NaN NaN NaN NaN NaN NaN NaN NaN NaN NaN NaN NaN NaN NaN NaN NaN NaN NaN NaN NaN NaN NaN NaN NaN NaN NaN NaN 
NaN NaN NaN NaN NaN NaN NaN NaN NaN NaN NaN NaN NaN NaN NaN NaN NaN NaN NaN NaN NaN NaN NaN NaN NaN NaN NaN NaN NaN NaN NaN NaN NaN NaN NaN NaN NaN NaN NaN NaN 
NaN NaN NaN NaN NaN NaN NaN NaN NaN NaN NaN NaN NaN NaN NaN NaN NaN NaN NaN NaN NaN NaN NaN NaN NaN NaN NaN NaN NaN NaN NaN NaN NaN NaN NaN NaN NaN NaN NaN NaN 
NaN NaN NaN NaN NaN NaN NaN NaN NaN NaN NaN NaN NaN NaN NaN NaN NaN NaN NaN NaN NaN NaN NaN NaN NaN NaN NaN NaN NaN NaN NaN NaN NaN NaN NaN NaN NaN NaN NaN NaN 
NaN NaN NaN NaN NaN NaN NaN NaN NaN NaN NaN NaN NaN NaN NaN NaN NaN NaN NaN NaN NaN NaN NaN NaN NaN NaN NaN NaN NaN NaN NaN NaN NaN NaN NaN NaN NaN NaN NaN NaN 
-85.425383 -82.171215 -81.104898 -82.549879 -88.149814 -94.375760 -87.359490 -86.711831 -94.625802 -85.777913 -81.405922 -83.873616 -86.949035 -82.447564 -85.903761 -90.366857 -89.359261 -87.058676 -82.969331 -86.695948 -84.778276 -89.864761 -89.935798 -84.471928 -87.357918 -87.939953 -90.574711 -86.754280 -88.672035 -90.579075 -88.622364 -89.929533 -90.755136 -90.444278 -90.429508 -91.358657 -90.934217 -92.125101 -92.325830 -95.955241 
-79.074281 -78.056030 -77.822522 -79.209952 -82.558545 -84.966650 -82.988836 -82.613573 -84.490208 -81.147146 -78.125825 -78.745911 -79.730162 -78.777612 -82.008486 -85.133306 -84.015139 -81.982176 -79.135083 -80.617021 -81.852345 -86.982476 -85.059374 -80.971441 -82.680402 -87.839260 -88.016402 -83.729314 -86.919907 -91.654145 -87.330920 -89.688494 -91.518343 -90.959572 -89.880366 -91.718224 -89.058878 -91.481917 -89.847981 -94.733449 
-144.850466 -144.856658 -144.866860 -144.883776 -144.906155 -144.936434 -144.971784 -145.014558 -145.066996 -145.123128 -145.182478 -145.243248 -145.297906 -145.341783 -145.366761 -145.363655 -145.323893 -145.241320 -145.112620 -144.942270 -144.738376 -144.515405 -144.296412 -144.095061 -143.924726 -143.788207 -143.668661 -143.530117 -143.320088 -142.992234 -142.532871 -141.976544 -141.369983 -140.710392 -139.905024 -138.809089 -137.378488 -135.792305 -134.357114 -133.353573 
