NaN NaN NaN NaN NaN NaN NaN NaN NaN NaN NaN NaN NaN NaN NaN NaN NaN NaN NaN NaN NaN NaN NaN NaN NaN NaN NaN NaN NaN NaN NaN NaN NaN NaN NaN NaN NaN NaN NaN NaN 
NaN NaN NaN NaN NaN NaN NaN NaN NaN NaN NaN NaN NaN NaN NaN NaN NaN NaN NaN NaN NaN NaN NaN NaN NaN NaN NaN NaN NaN NaN NaN NaN NaN NaN NaN NaN NaN NaN NaN NaN 
NaN NaN NaN NaN NaN NaN NaN NaN NaN NaN NaN NaN NaN NaN NaN NaN NaN NaN NaN NaN NaN NaN NaN NaN NaN NaN NaN NaN NaN NaN NaN NaN NaN NaN NaN NaN NaN NaN NaN NaN 
NaN NaN NaN NaN NaN NaN NaN NaN NaN NaN NaN NaN NaN NaN NaN NaN NaN NaN NaN NaN NaN NaN NaN NaN NaN NaN NaN NaN NaN NaN NaN NaN NaN NaN NaN NaN NaN NaN NaN NaN 
NaN NaN NaN NaN NaN NaN NaN NaN NaN NaN NaN NaN NaN NaN NaN NaN NaN NaN NaN NaN NaN NaN NaN NaN NaN NaN NaN NaN NaN NaN NaN NaN NaN NaN NaN NaN NaN NaN NaN NaN 
NaN NaN NaN NaN NaN NaN NaN NaN NaN NaN NaN NaN NaN NaN NaN NaN NaN NaN NaN NaN NaN NaN NaN NaN NaN NaN NaN NaN NaN NaN NaN NaN NaN NaN NaN NaN NaN NaN NaN NaN 
NaN NaN NaN NaN NaN NaN NaN NaN NaN NaN NaN NaN NaN NaN NaN NaN NaN NaN NaN NaN NaN NaN NaN NaN NaN NaN NaN NaN NaN NaN NaN NaN NaN NaN NaN NaN NaN NaN NaN NaN 
NaN NaN NaN NaN NaN NaN NaN NaN NaN NaN NaN NaN NaN NaN NaN NaN NaN NaN NaN NaN NaN NaN NaN NaN NaN NaN NaN NaN NaN NaN NaN NaN NaN NaN NaN NaN NaN NaN NaN NaN 
NaN NaN NaN NaN NaN NaN NaN NaN NaN NaN NaN NaN NaN NaN NaN NaN NaN NaN NaN NaN NaN NaN NaN NaN NaN NaN NaN NaN NaN NaN NaN NaN NaN NaN NaN NaN NaN NaN NaN NaN 
NaN NaN NaN NaN NaN NaN NaN NaN NaN NaN NaN NaN NaN NaN NaN NaN NaN NaN NaN NaN NaN NaN NaN NaN NaN NaN NaN NaN NaN NaN NaN NaN NaN NaN NaN NaN NaN NaN NaN NaN 
NaN NaN NaN NaN NaN NaN NaN NaN NaN NaN NaN NaN NaN NaN NaN NaN NaN NaN NaN NaN NaN NaN NaN NaN NaN NaN NaN NaN NaN NaN NaN NaN NaN NaN NaN NaN NaN NaN NaN NaN 
NaN NaN NaN NaN NaN NaN NaN NaN NaN NaN NaN NaN NaN NaN NaN NaN NaN NaN NaN NaN NaN NaN NaN NaN NaN NaN NaN NaN NaN NaN NaN NaN NaN NaN NaN NaN NaN NaN NaN NaN 
NaN NaN NaN NaN NaN NaN NaN NaN NaN NaN NaN NaN NaN NaN NaN NaN NaN NaN NaN NaN NaN NaN NaN NaN NaN NaN NaN NaN NaN NaN NaN NaN NaN NaN NaN NaN NaN NaN NaN NaN 
NaN NaN NaN NaN NaN NaN NaN NaN NaN NaN NaN NaN NaN NaN NaN NaN NaN NaN NaN NaN NaN NaN NaN NaN NaN NaN NaN NaN NaN NaN NaN NaN NaN NaN NaN NaN NaN NaN NaN NaN 
NaN NaN NaN NaN NaN NaN NaN NaN NaN NaN NaN NaN NaN NaN NaN NaN NaN NaN NaN NaN NaN NaN NaN NaN NaN NaN NaN NaN NaN NaN NaN NaN NaN NaN NaN NaN NaN NaN NaN NaN 
NaN NaN NaN NaN NaN NaN NaN NaN NaN NaN NaN NaN NaN NaN NaN NaN NaN NaN NaN NaN NaN NaN NaN NaN NaN NaN NaN NaN NaN NaN NaN NaN NaN NaN NaN NaN NaN NaN NaN NaN 
NaN NaN NaN NaN NaN NaN NaN NaN NaN NaN NaN NaN NaN NaN NaN NaN NaN NaN NaN NaN NaN NaN NaN NaN NaN NaN NaN NaN NaN NaN NaN NaN NaN NaN NaN NaN NaN NaN NaN NaN 
NaN NaN NaN NaN NaN NaN NaN NaN NaN NaN NaN NaN NaN NaN NaN NaN NaN NaN NaN NaN NaN NaN NaN NaN NaN NaN NaN NaN NaN NaN NaN NaN NaN NaN NaN NaN NaN NaN NaN NaN 
NaN NaN NaN NaN NaN NaN NaN NaN NaN NaN NaN NaN NaN NaN NaN NaN NaN NaN NaN NaN NaN NaN NaN NaN NaN NaN NaN NaN NaN NaN NaN NaN NaN NaN NaN NaN NaN NaN NaN NaN 
-75.095073 -75.701966 -76.695332 -78.300091 -80.367218 -82.972133 -85.791677 -89.083047 -92.816454 -91.712792 -86.648814 -83.252888 -82.263045 -83.645975 -87.099989 -90.417632 -90.265824 -88.367270 -87.269582 -89.679001 -95.454955 -90.459401 -90.590203 -92.880217 -96.943820 -98.739302 -93.077352 -93.879666 -91.019155 -91.950770 -94.785858 -93.890085 -93.151729 -93.583360 -91.342033 -92.139121 -92.582834 -95.161368 -96.543094 -96.474615 
-62.827171 -68.917492 -62.733056 -63.334002 -69.809804 -67.389578 -75.809418 -77.046161 -78.604741 -81.057021 -79.021221 -70.841706 -73.225145 -71.456739 -78.142670 -77.988113 -78.624758 -80.169862 -78.554832 -80.596611 -85.085645 -79.910257 -79.477633 -81.811360 -85.288502 -87.501107 -83.826224 -82.296299 -79.078548 -82.583161 -83.689905 -82.352584 -81.871940 -85.850972 -80.090580 -81.145339 -82.342330 -82.929284 -82.069569 -82.427445 
-20.614795 -16.241862 -15.279862 -18.168636 -25.660185 -38.608904 -41.328063 -44.166213 -51.762509 -52.316007 -49.130951 -52.214656 -59.098640 -59.619575 -61.010710 -60.938075 -66.336037 -67.324287 -66.601569 -68.974550 -68.012095 -71.180719 -72.892940 -74.744661 -72.197861 -72.887319 -74.314753 -72.399904 -75.909517 -72.532250 -75.823192 -77.423588 -78.663819 -80.045552 -78.269539 -76.823653 -77.696327 -77.161682 -79.368298 -78.548097 
-4.707796 3.658162 4.261916 -3.471198 -8.943153 -10.965458 -19.042615 -31.955762 -33.361947 -36.161366 -37.675784 -40.385570 -43.930361 -43.365121 -45.951477 -44.424074 -55.708545 -65.103343 -60.107065 -59.218678 -61.982049 -63.540655 -63.865956 -65.803027 -60.338177 -63.368375 -63.519656 -64.255812 -70.199122 -67.432632 -62.865787 -65.884304 -68.238132 -65.632185 -63.908494 -66.149846 -63.835134 -63.862219 -65.307404 -68.859255 
-4.486390 7.088465 3.161776 -1.849847 -3.690229 -10.345081 -20.544243 -22.787948 -24.928389 -31.500246 -39.206943 -38.146851 -39.850260 -38.019862 -38.549666 -44.066333 -52.729410 -54.631946 -59.594279 -60.336708 -62.033448 -58.315371 -58.009790 -57.594874 -57.688376 -61.954781 -61.312663 -62.856760 -61.478084 -61.663682 -61.126396 -62.064114 -64.310416 -60.701678 -63.422272 -64.130688 -63.227814 -62.928127 -62.919756 -65.287481 
-5.333613 7.102820 3.787448 1.598345 -1.045425 -16.882596 -23.667476 -23.301324 -25.981143 -31.719109 -34.884245 -36.501212 -33.719145 -36.433914 -40.531398 -40.063517 -41.417120 -42.539786 -43.027773 -43.697201 -44.559149 -45.213399 -45.802791 -46.413948 -47.028645 -47.672615 -48.256506 -48.959187 -49.277144 -49.917158 -50.266751 -51.104637 -51.467633 -51.979793 -52.061765 -52.542894 -52.675391 -53.194630 -53.226954 -53.276472 
-6.119524 6.682541 5.001795 1.998477 0.661781 -17.535154 -21.250106 -19.871999 -28.828874 -31.208976 -33.670462 -36.094124 -36.612821 -37.702282 -36.013826 -41.490474 -41.498255 -42.526195 -43.677237 -44.182093 -44.986395 -45.638854 -46.215538 -47.197398 -47.966738 -48.422463 -48.893876 -49.651187 -50.025363 -50.563037 -51.055207 -51.434156 -51.893185 -52.300470 -52.646392 -53.044066 -53.221435 -53.419398 -53.562715 -53.858313 
-8.942707 3.816471 1.503261 0.833766 -0.345138 -17.259840 -23.423646 -21.696367 -29.969351 -35.056441 -36.919358 -38.190424 -35.086158 -35.552877 -36.036736 -44.509131 -45.079107 -46.178967 -47.342430 -48.066575 -48.955941 -49.114762 -50.089712 -50.391062 -50.691195 -51.943269 -52.449489 -53.187955 -53.718180 -54.289129 -54.288478 -54.455747 -55.559836 -55.606833 -55.879636 -56.529970 -56.550748 -57.013180 -57.212286 -57.522254 
-11.185436 -2.381039 -4.895025 -5.914524 -10.455894 -22.657541 -28.139347 -35.251301 -40.320061 -45.795527 -43.600842 -43.242294 -44.995004 -49.995849 -49.268402 -59.306338 -57.082424 -63.954439 -67.638884 -65.265099 -64.035519 -63.735740 -65.750040 -65.344638 -64.792819 -66.931890 -69.154686 -65.667970 -69.022560 -64.750097 -66.022822 -68.253777 -72.532420 -67.053541 -67.307128 -69.835877 -66.710965 -68.415130 -70.298214 -72.277502 
-27.825967 -17.207319 -16.123235 -19.520842 -20.191013 -27.638097 -42.049547 -48.018898 -48.121213 -49.337211 -53.387604 -57.374727 -58.851382 -57.639365 -62.060953 -66.802599 -64.420493 -69.356279 -69.265670 -70.434252 -67.908865 -68.663285 -70.838456 -68.833757 -71.893151 -74.135626 -74.241747 -73.588491 -72.612350 -72.926786 -72.995733 -72.130175 -72.502503 -72.857662 -74.950042 -75.789658 -73.547319 -72.398647 -75.933341 -75.022706 
-17.964242 -15.276027 -13.847770 -14.330047 -15.865097 -21.654794 -30.254280 -28.354673 -27.091034 -33.774534 -37.724312 -34.369251 -36.818814 -35.045885 -31.993784 -31.545801 -34.280053 -36.236961 -37.481671 -39.700762 -39.334845 -40.862737 -45.228259 -45.900481 -46.094135 -41.545345 -45.269851 -44.322790 -49.836563 -46.759555 -45.930638 -45.794475 -47.776673 -53.499049 -49.615651 -52.631536 -52.813451 -52.697359 -51.933950 -53.089198 
-3.255909 -2.277582 2.593041 8.466788 6.410414 -0.323707 2.341990 1.719210 -4.779188 -16.976918 -13.048555 -20.273925 -20.983637 -9.516087 -6.842207 -16.144333 -19.538858 -20.466334 -21.086749 -23.449180 -24.736301 -23.908209 -26.990359 -24.288635 -25.290169 -22.091089 -23.224570 -26.225213 -26.827383 -28.425329 -28.998100 -27.186849 -28.580090 -32.042530 -31.298309 -32.993015 -32.115914 -32.476571 -31.048782 -33.420169 
-5.125533 5.211309 15.452748 12.484965 10.761231 18.070865 13.034845 7.921325 -2.400159 -5.960121 -7.575687 -13.175824 -8.217470 1.086017 0.292653 -4.512557 -11.286156 -21.481149 -23.643233 -24.460102 -25.865445 -22.136354 -21.626323 -18.546208 -16.072315 -18.018180 -23.196525 -18.048007 -19.687914 -21.083712 -26.048683 -20.266406 -20.591720 -26.295040 -29.753469 -29.338997 -29.767036 -28.289584 -29.090965 -31.763851 
-8.064611 5.221410 17.637892 15.409515 12.947377 21.216573 15.439066 12.416221 7.712698 -0.838377 -1.311341 -5.988334 -5.222090 1.673955 3.592303 -1.360935 -11.173348 -18.772180 -24.243492 -25.351216 -28.885232 -27.623562 -28.970206 -23.970550 -16.947072 -17.089320 -25.322935 -23.237312 -17.725408 -16.084069 -14.913836 -16.479818 -17.600089 -27.876423 -32.359587 -24.889926 -25.250681 -27.617166 -31.805847 -34.184468 
-16.887870 1.994409 16.962547 16.004333 2.755361 21.483748 19.844936 3.898959 7.325231 -3.264280 2.822764 -4.735533 -0.065405 1.917551 3.008947 -2.966140 -11.057850 -16.870141 -22.587502 -22.798822 -26.956444 -27.698731 -31.735786 -31.534079 -24.323354 -16.155513 -21.711251 -27.820057 -22.504723 -21.155005 -23.238315 -19.931759 -25.802011 -34.531613 -31.906672 -27.580565 -25.575717 -26.219689 -31.535695 -34.499815 
-22.073378 0.111759 16.226881 16.812134 3.377443 21.638732 21.279566 2.425150 7.437563 -5.059304 1.853297 -5.968657 0.599621 -0.484525 2.644884 -6.274925 -14.487988 -19.843527 -22.994074 -22.457595 -25.878397 -28.370424 -28.355812 -25.651166 -19.928706 -11.716114 -19.015566 -27.236030 -23.777578 -19.483921 -19.749170 -20.897766 -26.974067 -32.811184 -29.565393 -27.920380 -28.100644 -29.350877 -31.517454 -34.759893 
-24.057295 -3.904638 14.582652 17.144646 1.081527 20.732593 24.368380 7.069891 4.599120 -2.509226 1.912437 0.323154 3.442189 2.123777 7.808176 -5.257876 -14.179426 -18.736746 -19.842776 -20.309458 -23.951153 -31.603117 -29.149495 -29.157999 -23.952928 -15.577486 -21.766560 -27.391821 -23.484977 -14.845736 -15.240722 -19.645733 -27.013331 -35.479489 -33.904186 -27.062406 -27.201747 -29.789926 -32.492660 -35.444529 
-27.452873 -8.858729 13.299951 17.328562 3.014605 19.022683 26.544800 13.971807 5.857108 3.420037 0.267104 4.481814 3.748924 6.693674 7.193850 0.645601 -9.190160 -19.701865 -21.851610 -21.775998 -26.594736 -25.090661 -24.191939 -27.535595 -28.284507 -26.464124 -27.039111 -25.725260 -24.207268 -20.301870 -18.976696 -25.769798 -27.738381 -31.591459 -31.506193 -25.430806 -26.948257 -31.386238 -33.152981 -35.874806 
-16.092468 -7.612020 12.212101 17.489492 3.677797 17.869483 26.814206 14.032433 7.089873 7.874286 1.531467 7.228334 2.885324 9.085506 4.734465 2.678110 -8.206168 -18.209434 -22.949605 -20.891923 -23.599574 -22.675449 -26.337906 -24.100173 -23.156669 -20.213403 -23.078163 -28.698181 -24.937020 -14.465544 -17.755312 -24.863476 -28.948630 -31.247273 -28.091996 -20.761568 -26.087743 -33.359270 -36.678548 -38.714970 
-27.679010 -12.097304 10.635614 17.450940 5.819828 15.088798 26.235738 16.974711 4.685410 12.387355 -0.816555 8.275954 0.881257 9.925209 1.365562 6.507478 -5.123240 -12.982171 -18.428407 -25.157369 -25.796591 -24.217430 -25.829609 -24.954328 -24.050838 -20.899352 -23.495454 -26.601840 -26.220945 -17.023435 -19.026898 -23.798230 -29.614583 -32.654115 -31.266733 -24.005443 -25.040632 -29.278256 -34.355639 -33.497039 
-16.323192 -11.732760 8.756715 16.608417 6.013342 10.130609 23.473016 17.102338 5.149120 17.417193 3.761531 9.989805 1.358783 10.009615 0.921174 10.543245 3.551977 -2.237141 -11.315947 -15.667364 -21.485159 -21.438296 -21.133784 -23.100079 -24.625487 -21.990118 -20.524985 -25.207469 -25.414565 -18.507612 -16.996673 -19.701226 -28.406406 -36.914145 -31.178158 -23.821834 -27.354108 -29.137139 -34.970038 -34.439150 
-24.277477 -21.881297 5.230701 15.506499 6.218660 2.474671 19.421682 13.724947 7.771728 21.199184 7.841066 12.926381 5.229383 9.468988 2.406353 8.649401 5.213672 9.694867 -6.931443 -11.909050 -13.081857 -15.864651 -18.785136 -18.478464 -16.115999 -18.696681 -21.876131 -24.790341 -22.292494 -17.275309 -16.573444 -20.535105 -28.181040 -36.177802 -33.951628 -27.006732 -29.449894 -31.639222 -31.433026 -32.862408 
-24.000424 -20.330067 5.252639 15.525301 6.912849 1.254358 18.578104 13.771204 8.551784 21.754922 7.798021 12.928306 7.976753 8.453421 4.086734 4.808202 2.615412 11.979115 -1.847381 -7.773604 -9.748759 -13.800174 -18.688845 -17.485032 -14.615611 -12.748352 -18.352690 -21.130261 -22.197549 -16.629263 -16.482299 -22.154939 -29.994587 -39.787301 -31.112113 -25.604361 -27.049063 -29.806647 -31.467203 -33.813855 
-30.570464 -24.962894 4.724036 15.820179 8.315777 -0.416295 17.920061 15.269217 5.280016 21.121218 9.148796 12.802649 11.279042 4.913326 4.187992 1.386026 -1.529433 4.255747 -1.080762 -0.323261 -6.934190 -10.622572 -13.592259 -13.807212 -10.092784 -11.770570 -18.447007 -21.771731 -23.732788 -22.401650 -20.136696 -22.043936 -25.388723 -36.469096 -34.255337 -25.621552 -22.204603 -26.020798 -29.443180 -31.548909 
-25.903139 -18.168060 4.640611 16.302831 9.440540 -2.940742 17.307824 15.802063 1.958914 20.394030 9.376909 10.409658 11.573438 1.398942 3.990103 -4.640379 -6.239317 -1.314952 -0.922625 3.383990 -1.758354 -7.475579 -11.725699 -12.594389 -8.890155 -12.275694 -19.244066 -22.352670 -22.828244 -17.113260 -15.955948 -19.013782 -27.454620 -37.984940 -32.052859 -22.266692 -24.865535 -28.310999 -29.104177 -31.264321 
-20.983623 -21.319679 5.305269 16.855173 10.047231 -2.847651 17.690300 16.195143 0.236776 19.030164 8.938275 9.449343 10.173026 0.226677 3.371080 -6.215769 -7.996965 -3.992859 -5.313638 -2.575018 2.615212 -2.850066 -6.617501 -8.279060 -4.864449 -6.839243 -16.859910 -20.477940 -21.391614 -16.739331 -16.067732 -17.074110 -23.616250 -34.418580 -28.523729 -17.758380 -21.561014 -25.622929 -24.921231 -29.293783 
-24.547668 -20.480628 5.182233 16.995453 10.322832 -3.046471 17.884138 17.037411 -0.734607 17.697645 8.319748 7.861219 9.183832 -0.900195 1.876205 -9.092579 -9.766245 -7.569252 -10.662727 -7.157131 4.527866 -2.355374 -5.204685 -6.145552 -1.716555 -5.526166 -16.209760 -18.732036 -18.917223 -14.684495 -15.855631 -16.384885 -20.724115 -36.151430 -27.957555 -21.089130 -23.858785 -25.934223 -23.088090 -26.593801 
-28.295594 -25.330370 4.984209 16.854506 10.145813 -1.484088 18.399106 17.179370 -0.989126 16.233137 6.941723 5.655785 7.659837 -2.483470 0.971209 -9.447284 -10.876723 -9.952146 -13.951355 -11.574677 1.122129 -1.371637 -3.366845 -5.278909 -3.392980 -5.853902 -14.990516 -19.312368 -19.581749 -17.318039 -16.092365 -14.930248 -19.967079 -35.300013 -28.464455 -20.908672 -24.320698 -28.063211 -29.824627 -31.329121 
-27.785459 -23.063661 4.880021 16.815115 9.993186 -1.482030 18.905422 17.099657 -2.531381 15.394522 5.410486 5.091466 6.080956 -3.052699 -0.126211 -10.413624 -12.720596 -10.908939 -14.173690 -10.565261 -2.866413 1.617374 -1.823561 -5.125275 -4.245317 -7.934971 -17.110527 -19.965872 -19.892195 -20.092725 -19.903001 -15.817116 -20.561674 -35.049325 -31.428125 -20.610575 -22.212244 -22.381785 -23.937645 -27.927183 
-26.523142 -28.882440 4.724084 16.907230 10.288766 -1.582360 18.922069 17.354838 -4.763976 14.009390 4.881798 4.140571 5.209465 -4.272198 -1.267823 -11.054757 -12.811902 -10.542653 -16.643766 -13.843555 -3.677545 1.413719 -2.009588 -6.487402 -4.829050 -7.568778 -16.862563 -19.950867 -20.059997 -16.131003 -15.097536 -11.714167 -19.544182 -37.281938 -31.736846 -20.982273 -23.468375 -28.226078 -25.253184 -29.380426 
-27.854836 -23.359747 4.917262 17.033405 10.422137 -0.681632 19.292979 17.993133 -5.884603 12.558625 3.412748 2.478861 4.096918 -5.069003 -2.148373 -12.581350 -12.603655 -12.481322 -15.837569 -14.132886 -6.877160 2.063091 -3.064292 -7.196217 -5.267025 -7.734306 -16.747440 -19.640974 -22.233980 -18.535146 -17.519392 -14.102545 -20.493504 -36.601439 -28.112489 -19.192316 -23.356058 -28.450171 -28.189315 -29.906797 
-36.264248 -26.614292 6.038793 17.260009 9.869405 1.800896 20.509781 17.785778 -6.044386 11.329277 0.843626 2.900826 1.950058 -5.645726 -3.865350 -12.936396 -14.851857 -14.063117 -16.885298 -14.837734 -10.184116 0.339648 -1.663491 -4.188020 -4.168301 -7.243806 -15.967042 -18.808334 -18.503483 -17.078374 -16.318768 -16.061672 -20.804631 -37.284387 -32.588036 -22.316241 -26.498130 -30.136745 -27.980278 -28.477423 
-15.689405 -17.132288 6.210551 16.138370 9.185433 4.481152 21.543579 17.274161 -6.032532 8.292220 -1.591726 3.645193 -0.245898 -4.315375 -5.855979 -12.950045 -14.912210 -14.228441 -17.369277 -17.385419 -11.770849 -3.294626 0.835336 -0.567315 -0.806434 -4.123876 -15.390781 -20.449486 -21.223907 -21.336676 -19.383223 -19.108977 -21.984541 -38.128116 -30.614793 -23.009273 -27.669786 -24.874396 -23.013726 -26.099141 
-21.931948 -4.310034 6.690020 11.164654 12.613060 11.894757 22.087828 13.162322 -0.799726 2.559402 -2.451697 3.468239 -5.736421 -8.853952 -10.130156 -13.327524 -16.486156 -16.545963 -18.637591 -16.493202 -14.565996 -7.433331 -0.844538 -1.689365 -0.049444 -3.836685 -12.342640 -18.767352 -21.892175 -20.093598 -17.420900 -17.395719 -21.553715 -36.368426 -28.127727 -21.233967 -25.379231 -25.472400 -21.704252 -23.527028 
-23.275380 -9.477883 10.557926 19.141915 12.896342 6.270418 21.713091 16.054441 -4.558667 5.431903 -5.105398 2.376694 -3.481852 -13.995175 -14.655236 -11.831967 -16.178910 -14.482281 -19.230468 -18.633527 -16.022131 -16.014914 -6.936543 -1.186788 -1.991746 -6.787045 -13.906538 -18.740629 -23.052698 -22.453478 -18.523979 -17.315904 -21.715980 -37.713345 -30.493034 -22.747212 -28.449982 -26.554965 -24.851872 -26.994525 
-19.294187 -18.875050 10.117917 19.453623 9.965637 6.365323 20.975387 14.017450 -8.714061 3.134907 -9.973545 2.436336 -3.818673 -13.654412 -19.543767 -12.794086 -19.247760 -19.424377 -24.788855 -24.836345 -22.857335 -18.040452 -10.139575 1.249980 0.252857 -4.524212 -15.308104 -21.909429 -22.568588 -20.613028 -19.104597 -17.045678 -21.720231 -37.746890 -36.004950 -25.941392 -28.958639 -26.799742 -28.051776 -30.331650 
-19.201750 -17.456155 10.683702 19.477827 9.641124 3.902943 19.214856 12.203565 -9.286668 1.878733 -11.987385 1.815259 -6.163771 -19.280567 -21.259325 -14.255194 -21.324630 -22.769634 -30.819918 -28.652636 -23.765713 -19.681961 -13.818760 0.544284 -0.430342 -6.001854 -19.499338 -27.790254 -27.930301 -21.582014 -19.911126 -17.292321 -24.066704 -40.297909 -37.386927 -30.753516 -35.241331 -33.056944 -32.778493 -35.498072 
-23.966614 -12.490980 12.729176 19.564916 7.816446 5.694395 18.004797 9.271102 -8.324277 -0.591924 -12.242360 1.596763 -9.609823 -21.298347 -25.712896 -17.143850 -20.312988 -21.460791 -28.249594 -29.838753 -29.721098 -26.252752 -17.516048 -4.756511 -3.256849 -10.955779 -26.046045 -29.264713 -27.586084 -22.365043 -20.287209 -21.057837 -28.836206 -40.765981 -40.224361 -34.169571 -39.805853 -38.820726 -36.033982 -40.008633 
-25.110432 -10.156841 14.283799 20.225550 7.817709 6.988784 17.253865 5.938203 -8.738970 -4.208264 -11.524232 -0.117014 -15.272517 -19.492379 -25.858841 -23.143699 -20.135315 -23.417115 -25.503037 -27.453334 -24.782322 -24.169038 -19.410191 -12.997069 -10.088580 -17.992358 -29.431029 -34.051136 -36.465583 -30.951646 -26.829605 -26.652149 -31.859652 -43.025536 -46.168620 -42.421263 -47.315057 -46.686434 -42.289627 -42.857549 
-18.981700 -6.298820 15.401031 20.234251 7.463109 8.298251 16.261539 2.990147 -10.799142 -8.866132 -8.179240 -3.344208 -21.351979 -19.175191 -25.789363 -26.707132 -20.519309 -24.934511 -24.409997 -24.540580 -23.212533 -25.577374 -23.952398 -19.097087 -19.837961 -28.607764 -31.967246 -35.521290 -38.750853 -37.038616 -35.025357 -31.179738 -32.575245 -41.427120 -40.960335 -40.278113 -44.494711 -42.785419 -40.630835 -43.199551 
-24.631252 -3.283038 16.033731 19.149874 4.580919 9.811907 14.530552 -0.694056 -13.140751 -15.265662 -8.780496 -7.871105 -21.497478 -24.346073 -21.933591 -24.443075 -20.768863 -23.398734 -25.628492 -26.617780 -27.914058 -30.027466 -28.331018 -25.091829 -23.799381 -31.291513 -31.449931 -35.530667 -37.001016 -35.714435 -36.227812 -33.711059 -34.888089 -40.247012 -40.755191 -40.074266 -41.800921 -42.949333 -42.893009 -42.508492 
-20.760649 -1.108155 15.816705 16.786844 0.725459 8.691604 10.421712 -5.591526 -7.288923 -14.928380 -14.297274 -17.243446 -24.295386 -24.047219 -21.309712 -23.616206 -25.856718 -26.436178 -25.601517 -30.181360 -33.851902 -30.724729 -24.302615 -23.158266 -29.422301 -37.994054 -35.524101 -39.176326 -38.767355 -37.438701 -38.411640 -35.151208 -36.685224 -40.479768 -42.776240 -45.331909 -42.823335 -42.095356 -42.642473 -42.412956 
-22.279259 0.966101 14.166046 12.474659 -3.479512 0.692561 -0.809216 -8.190497 -7.834408 -17.345343 -14.473373 -18.683786 -18.788444 -27.201312 -24.175694 -24.674180 -27.238270 -28.005132 -26.226585 -30.351534 -29.986896 -31.869400 -30.352307 -29.185861 -31.282938 -34.820779 -31.490107 -31.923795 -32.014306 -30.948377 -31.597227 -32.059232 -32.729171 -38.075476 -41.236024 -40.947672 -39.762648 -36.520597 -38.682074 -41.997177 
-15.781040 0.588148 9.180033 4.539889 -1.498777 -6.088763 -17.736013 -13.221035 -14.767773 -26.402364 -25.299989 -27.625914 -27.007209 -33.951392 -31.219822 -34.591875 -35.467150 -40.237749 -40.018766 -39.276753 -37.493077 -37.065769 -31.770876 -32.797394 -43.569886 -47.745492 -40.331125 -39.542367 -40.914025 -42.946977 -40.839519 -40.976434 -42.330093 -45.089428 -50.603276 -52.687915 -53.996701 -52.575753 -46.997130 -52.385704 
-25.426882 -9.206713 -3.691055 -5.104660 -9.968907 -17.362229 -27.245490 -30.568891 -30.472097 -31.132735 -32.463187 -34.165281 -38.287924 -44.353459 -43.815560 -44.597278 -43.969660 -45.470535 -46.033849 -47.035901 -49.676940 -50.880185 -49.882976 -50.353850 -52.468800 -52.768349 -52.084839 -53.380802 -54.694066 -54.411644 -54.999038 -56.053312 -56.067103 -55.777425 -56.423698 -56.664390 -57.030053 -57.269579 -57.664336 -58.232118 
-34.065075 -35.758529 -31.897565 -28.941103 -30.126467 -37.930346 -41.902676 -42.769250 -39.038679 -42.449223 -51.716752 -47.062890 -53.445896 -57.368172 -57.404616 -59.408352 -58.268721 -59.988245 -61.571319 -62.018426 -63.163106 -62.458438 -64.456526 -63.268566 -62.931504 -65.637992 -66.275640 -67.322921 -66.585875 -68.288748 -68.594243 -68.116121 -69.314781 -69.813610 -70.031468 -69.941928 -70.620653 -70.577643 -71.086893 -71.023723 
-39.078503 -37.048561 -34.453388 -37.342275 -47.462223 -45.111173 -40.965868 -45.426549 -51.368787 -60.472416 -67.116272 -60.662924 -65.309355 -73.061481 -73.993534 -72.180617 -68.751075 -68.025157 -74.382826 -76.247182 -73.906600 -72.211454 -73.699623 -71.548500 -74.702883 -75.925469 -78.701974 -79.376434 -77.322457 -74.333293 -76.983842 -76.629131 -76.161833 -80.677677 -76.054867 -79.184877 -78.213623 -74.977746 -79.102194 -79.101305 
-20.083054 -17.680470 -17.265594 -18.463998 -18.905441 -18.159335 -17.978406 -19.914241 -24.180283 -28.959858 -37.770400 -34.897301 -34.847295 -34.971867 -37.568206 -39.496693 -31.762304 -25.111839 -23.258790 -24.360822 -26.584882 -27.049437 -30.506593 -36.311474 -27.222820 -25.249295 -29.368007 -34.750538 -38.593824 -39.309636 -40.722411 -37.975744 -38.444548 -38.250806 -40.954667 -42.641866 -44.109221 -46.665328 -46.789010 -47.823937 
-12.214376 -7.193108 -1.838829 -10.453177 -12.315938 -4.776589 -5.255343 -9.454831 -11.324316 -17.680925 -26.010396 -20.516200 -17.060474 -15.027906 -17.396787 -21.819110 -21.973680 -13.400772 -11.953699 -13.457011 -12.928385 -11.561101 -15.917607 -15.067264 -9.029752 -6.188584 -14.240000 -21.005073 -22.846318 -25.260621 -25.903078 -23.512722 -21.100780 -23.108530 -24.566163 -21.869249 -24.295392 -24.612876 -22.071072 -26.606493 
-15.152881 1.999365 10.094986 6.738172 0.645208 0.770958 -1.607598 -5.675412 -10.715646 -15.653130 -16.203548 -17.560240 -17.991298 -15.147900 -14.944892 -19.064488 -22.537696 -18.102809 -23.012092 -29.297903 -24.465869 -17.515977 -10.207101 -13.628817 -11.900737 -10.653681 -18.907443 -21.207834 -22.137004 -22.850810 -21.663658 -23.556758 -20.064098 -18.652192 -19.975802 -17.106399 -22.732839 -20.946227 -19.867394 -23.127855 
-7.362985 10.446401 16.186747 11.812942 14.105869 15.254058 8.570144 6.423511 -5.872493 -13.464860 -15.279259 -11.772480 -17.626787 -19.713531 -17.973947 -24.373173 -19.967211 -18.032918 -15.454230 -14.374833 -11.409796 -5.986539 -5.295105 -9.842205 -11.619901 -18.613956 -23.181312 -25.807522 -24.643526 -22.429780 -22.365855 -26.742036 -26.522925 -27.250951 -26.548882 -23.149051 -26.839869 -29.407729 -27.231305 -25.811482 
-5.806181 12.488677 15.689933 11.819704 19.752736 15.587069 17.118082 13.916606 -1.095454 -11.927425 -10.524569 -9.308664 -11.730769 -15.095604 -15.078512 -18.349779 -15.960030 -15.079690 -12.851401 -9.941348 -5.898745 1.857896 0.824302 -1.729089 -2.604137 -12.842083 -23.009011 -22.442269 -21.788092 -20.587608 -19.209685 -23.124889 -23.856170 -32.890345 -32.030591 -21.976817 -28.728411 -30.791567 -32.007215 -28.459006 
-4.461724 12.714401 14.437174 12.597592 18.215601 15.717423 22.405481 16.347243 6.676661 -3.586892 -8.823809 -9.269022 -11.511595 -11.747104 -14.716565 -17.046015 -15.039087 -14.151047 -12.454374 -10.398755 -5.225017 0.897867 -3.179123 -7.360685 -8.357807 -17.012068 -22.031810 -22.846730 -22.531422 -17.631090 -20.108762 -25.287343 -25.916198 -39.814737 -35.579279 -23.819954 -27.038647 -29.958321 -33.358295 -33.552411 
-2.679686 12.715792 12.598731 12.966045 14.751704 15.677700 21.043058 16.633635 9.961265 -3.244636 -6.093859 -8.981529 -8.894670 -9.812171 -12.458124 -14.144041 -13.530624 -12.473448 -10.489410 -7.204554 -1.531063 1.940568 -3.741067 -3.504835 -4.995912 -15.873456 -20.815937 -20.661313 -18.322400 -13.277243 -16.571837 -24.908374 -29.177374 -37.101515 -34.924989 -26.445210 -27.439732 -29.735822 -28.305097 -31.365833 
-1.253421 12.261354 11.448520 13.431595 13.413698 13.491290 14.795776 18.731220 9.912319 -4.502033 -2.300973 -8.161152 -9.536958 -10.743452 -11.937930 -14.009993 -13.090835 -11.838702 -10.152717 -6.532313 -0.500200 0.601337 -5.327439 -2.966988 -6.177383 -15.968667 -20.890096 -21.934195 -20.407493 -15.681677 -18.974602 -25.321502 -27.865808 -33.887364 -34.026268 -28.755413 -28.246867 -28.248699 -27.143623 -31.309666 
-1.414325 11.347706 9.984838 13.073911 11.336863 8.684467 12.286268 20.537258 9.509705 0.272754 -3.817981 -9.002200 -10.018154 -9.825197 -11.957299 -13.124944 -13.999737 -12.534807 -10.468502 -6.850063 -0.538470 -1.157823 -5.822160 -2.862742 -4.827432 -15.725901 -24.276982 -27.233491 -24.766688 -17.614820 -19.675470 -24.387569 -26.593762 -45.449532 -43.508854 -27.142417 -26.337534 -29.946023 -27.355985 -26.613003 
-1.278525 9.809580 7.852003 11.357236 8.423121 7.837998 14.389047 18.186807 9.473066 2.120440 -5.771404 -7.232582 -9.952574 -11.202710 -11.456576 -14.830387 -14.931770 -13.929309 -10.913283 -7.196070 -0.395430 -2.403759 -7.847080 -5.350138 -8.206423 -22.752979 -30.214053 -28.831235 -22.551695 -16.378299 -20.513549 -26.860433 -28.980759 -41.152030 -40.238391 -29.421287 -30.524972 -30.860090 -29.775605 -31.632101 
0.095946 8.734006 7.552299 9.625562 6.694508 9.001196 13.696946 13.067770 12.961641 -1.965682 -4.023779 -8.597373 -11.656982 -12.848186 -15.212391 -17.765087 -18.630819 -16.635504 -14.362781 -8.678895 -2.410709 -5.681313 -11.497544 -10.902848 -15.688134 -25.207754 -24.724850 -23.149106 -19.923742 -16.873269 -22.762106 -31.703957 -34.926377 -38.831893 -36.742730 -29.929738 -32.531216 -32.837457 -28.532667 -25.891303 
0.217142 8.130869 7.037643 7.450703 5.769722 8.171919 11.075874 13.795906 11.092337 -5.013696 -7.061410 -11.904250 -14.321854 -13.944657 -15.300910 -17.564212 -18.055904 -16.261650 -15.023128 -10.676081 -5.638306 -8.592114 -13.950575 -15.704453 -16.336877 -24.300236 -32.160858 -30.859287 -25.090102 -20.334952 -26.179066 -35.600364 -32.764079 -41.382356 -41.945544 -36.500138 -34.674858 -31.044927 -36.598201 -33.527841 
0.737923 7.316807 6.115124 6.061562 5.502422 4.525884 6.952859 14.741642 8.702018 -2.674924 -11.163634 -14.821977 -16.831533 -20.421997 -21.888983 -23.824868 -22.560674 -23.793345 -21.056722 -14.320894 -5.754452 -11.837375 -19.935690 -19.545910 -19.411745 -26.241128 -35.791136 -35.786925 -31.677139 -24.751284 -30.465152 -38.197110 -36.800917 -43.965992 -44.705098 -37.165952 -35.819621 -37.452607 -37.722515 -37.551500 
0.199162 4.664777 3.596837 4.029581 3.567420 1.865992 6.797502 12.489956 4.673512 -8.140798 -12.763769 -17.918393 -22.024429 -23.186773 -24.786727 -26.122570 -24.185086 -27.993128 -26.454617 -18.024844 -9.773603 -17.266737 -23.285918 -21.071212 -19.993656 -31.106464 -41.568997 -40.820175 -37.834894 -31.202868 -35.759971 -39.209215 -39.703999 -48.378854 -50.961527 -39.508880 -34.242522 -35.884267 -38.678737 -37.974035 
-1.448304 1.682606 1.979582 1.903151 1.217185 -0.994628 5.885805 8.944057 0.526505 -12.379022 -15.528645 -19.876851 -23.444744 -23.378558 -24.128066 -24.867674 -25.912812 -27.628652 -24.486705 -17.838319 -15.401593 -22.919324 -26.728030 -22.826157 -23.461648 -33.473110 -39.305489 -41.876730 -39.059770 -30.638329 -34.313113 -38.654986 -41.280976 -48.021359 -48.410197 -43.008386 -38.467511 -38.836510 -39.867744 -40.335593 
-3.927321 0.636195 1.209226 0.791969 -4.624893 -7.875257 -0.970801 -4.408560 -5.502855 -28.704429 -24.742745 -23.726956 -27.382166 -28.862107 -31.193436 -32.562082 -35.504946 -29.745534 -23.082058 -20.038195 -20.055709 -20.844476 -22.215287 -18.593731 -19.477128 -28.026233 -37.973107 -42.517751 -37.739447 -31.647525 -33.052129 -42.934610 -45.530543 -50.520156 -52.570041 -45.680747 -45.238255 -43.878833 -42.606577 -45.269805 
-6.270345 -1.337464 -1.461521 -5.063521 -8.716824 -11.017842 -9.697167 -8.954297 -11.128748 -28.803920 -34.264905 -32.349715 -32.990740 -35.761065 -40.262141 -40.414044 -38.479630 -35.449988 -33.177136 -22.409269 -20.714559 -27.425172 -29.012239 -21.527017 -25.216809 -43.169733 -38.413158 -43.870730 -39.320755 -31.288433 -37.782618 -49.383469 -49.620944 -51.299765 -56.405293 -49.120800 -46.890354 -47.582029 -41.285913 -43.979097 
-8.223429 -3.844824 -6.118224 -15.857639 -21.007223 -17.975775 -18.547872 -15.199660 -20.739785 -34.741267 -37.233262 -34.767457 -39.541130 -36.055707 -36.378644 -44.363789 -37.113319 -41.474560 -35.492805 -26.450838 -22.338077 -29.177578 -31.625995 -27.192879 -24.992609 -35.347264 -41.037104 -41.082820 -38.908564 -35.296777 -35.439463 -43.247781 -49.595982 -48.518154 -50.179933 -51.669274 -48.312390 -50.072662 -44.184289 -46.818743 
-9.844867 -8.411346 -12.916421 -14.229285 -15.960006 -17.527653 -17.216875 -24.724747 -28.402576 -37.210062 -38.381564 -41.913924 -42.300471 -40.872438 -40.798613 -46.747335 -39.458284 -44.338114 -42.266904 -38.398758 -30.842421 -36.430562 -40.381898 -33.208432 -34.845852 -45.334204 -48.270722 -46.799480 -46.107566 -43.020844 -43.854340 -48.107088 -55.913017 -56.373644 -55.454924 -57.943953 -55.420333 -56.933838 -55.701612 -57.728509 
-21.571963 -16.020751 -18.349499 -19.271654 -15.178968 -19.094290 -28.363898 -32.234963 -37.892862 -40.116453 -44.644728 -45.663292 -53.279927 -53.902730 -57.774954 -57.315316 -57.446843 -60.556510 -54.721567 -47.120949 -49.773704 -56.290068 -59.579979 -57.324477 -57.089910 -64.537957 -69.151580 -68.523822 -70.968180 -68.185706 -65.676241 -69.111859 -71.871461 -70.869893 -67.739405 -68.031808 -68.097007 -67.838470 -69.845679 -74.851165 
-37.042831 -35.485783 -36.194385 -35.940251 -29.882374 -30.341792 -40.439179 -44.773551 -48.752683 -50.592185 -55.807007 -58.608436 -59.063724 -59.710917 -61.040908 -63.245756 -63.202930 -66.136168 -64.911817 -66.527696 -63.730400 -66.885211 -68.585557 -67.000513 -67.870248 -70.842123 -71.634128 -72.287629 -71.504422 -71.055518 -71.682841 -73.254490 -74.050210 -75.139882 -73.347874 -74.617023 -73.865250 -73.809288 -75.876613 -75.777373 
-57.994549 -57.851015 -52.330337 -50.210674 -53.977052 -57.558549 -66.086339 -63.235530 -65.104477 -70.621975 -78.107159 -73.510559 -72.948013 -75.175449 -77.543594 -74.641829 -73.598542 -74.905183 -76.702344 -78.992950 -81.591334 -80.599188 -78.774016 -84.413088 -85.554613 -83.103906 -80.247755 -85.379671 -76.062390 -77.609698 -79.148997 -80.827578 -80.178803 -81.356294 -81.765879 -79.704110 -80.393434 -80.838379 -81.099311 -83.205158 
-71.975093 -79.949896 -70.044789 -71.510675 -69.582426 -67.977066 -69.022362 -77.067712 -74.271563 -83.512089 -72.744606 -75.339939 -79.593780 -81.300553 -76.384035 -77.344384 -79.542579 -80.174886 -76.808574 -79.191963 -79.697460 -79.811947 -82.832738 -84.415092 -83.861491 -87.460111 -85.615146 -89.123894 -85.758736 -84.539107 -83.355254 -80.299049 -82.456019 -84.578331 -83.947016 -81.048413 -81.298266 -80.078441 -81.368619 -84.069441 
-54.659731 -62.961709 -60.080026 -63.944428 -69.094108 -65.721170 -67.256976 -74.026326 -77.842724 -77.214641 -70.859639 -74.668887 -74.776524 -78.162127 -72.659377 -75.029325 -78.996814 -80.640554 -76.726326 -78.402813 -79.085360 -74.802556 -79.617659 -80.484188 -79.322299 -85.731050 -81.349708 -80.397290 -80.003695 -85.273449 -83.277388 -78.339840 -82.059084 -80.650054 -79.700465 -85.057975 -83.064454 -82.472346 -80.432345 -84.121287 
-17.023205 -17.053824 -18.882897 -19.938757 -19.117661 -19.982575 -24.559167 -31.127876 -28.638140 -33.496443 -37.753239 -35.195218 -33.221445 -34.514698 -32.993359 -32.887435 -30.874234 -30.784735 -36.610267 -30.194774 -28.111276 -35.623288 -45.901733 -41.708559 -35.430759 -35.996982 -35.875958 -36.414004 -33.233089 -33.587447 -35.858669 -40.066799 -37.496433 -37.280913 -38.012650 -40.844569 -36.854956 -35.205699 -37.888389 -39.153682 
-9.007016 -11.370569 -20.262656 -23.024091 -15.170956 -13.477293 -15.370787 -20.504927 -19.846730 -22.837600 -29.054325 -29.591481 -29.436264 -34.831541 -30.042244 -28.654558 -25.929046 -25.747381 -29.238542 -24.101876 -20.077055 -29.870507 -31.107615 -26.262846 -18.862352 -27.754855 -27.740729 -25.268428 -21.471711 -21.347085 -22.642557 -22.812252 -22.474973 -21.455855 -23.663997 -22.433618 -21.037130 -20.777223 -23.022995 -26.156995 
-12.800607 -14.062074 -24.369049 -30.046655 -25.757130 -25.925102 -25.232597 -25.067095 -28.904786 -24.311516 -27.361981 -29.013910 -37.693150 -36.015443 -35.251075 -34.749136 -30.522655 -33.590061 -29.649152 -19.076003 -19.446962 -29.306546 -34.051236 -26.539792 -17.396350 -27.675473 -31.494199 -29.267250 -24.400907 -22.550419 -21.762090 -22.610700 -24.839135 -26.999022 -24.510252 -24.538368 -27.648118 -27.359347 -25.141073 -27.544422 
-29.607284 -30.746382 -23.153464 -27.097928 -37.190918 -34.370971 -27.303210 -30.299662 -36.912338 -35.220998 -33.603396 -35.414234 -38.264432 -42.570312 -48.094795 -45.706177 -45.107051 -36.493093 -34.637645 -23.263251 -25.290048 -30.278098 -33.835054 -32.123240 -25.088503 -32.875241 -38.395404 -36.390958 -36.317554 -34.013988 -32.798195 -39.042201 -35.982277 -41.146083 -39.799220 -38.099433 -40.965648 -42.601087 -38.629194 -40.570009 
-45.291643 -38.678592 -36.443402 -38.830719 -46.484458 -51.733561 -46.790481 -42.540682 -46.132778 -54.238918 -54.353060 -53.052914 -60.811804 -61.340535 -60.307225 -63.228166 -59.947303 -54.842470 -41.048738 -35.586873 -39.332600 -45.951994 -54.166102 -49.160206 -47.537519 -49.433576 -54.866848 -58.133500 -51.932252 -52.014323 -52.936764 -62.962398 -63.381967 -63.669690 -59.848301 -59.426580 -60.881323 -61.779579 -56.295749 -62.191021 
-93.418539 -98.093182 -101.399238 -93.646480 -89.178349 -87.522993 -87.965876 -90.278944 -94.120595 -97.457853 -99.754458 -95.899711 -92.477776 -91.328972 -90.266028 -91.912362 -97.731760 -96.969053 -95.131265 -88.597846 -92.721293 -97.559945 -96.895027 -92.666880 -93.639591 -99.011924 -95.001391 -95.899092 -100.359566 -95.611030 -101.143998 -101.528400 -101.004350 -105.022326 -106.184834 -109.571516 -110.496269 -107.508732 -108.032785 -107.471987 
NaN NaN NaN NaN NaN NaN NaN NaN NaN NaN NaN NaN NaN NaN NaN NaN NaN NaN NaN NaN NaN NaN NaN NaN NaN NaN NaN NaN NaN NaN NaN NaN NaN NaN NaN NaN NaN NaN NaN NaN 
NaN NaN NaN NaN NaN NaN NaN NaN NaN NaN NaN NaN NaN NaN NaN NaN NaN NaN NaN NaN NaN NaN NaN NaN NaN NaN NaN NaN NaN NaN NaN NaN NaN NaN NaN NaN NaN NaN NaN NaN 
NaN NaN NaN NaN NaN NaN NaN NaN NaN NaN NaN NaN NaN NaN NaN NaN NaN NaN NaN NaN NaN NaN NaN NaN NaN NaN NaN NaN NaN NaN NaN NaN NaN NaN NaN NaN NaN NaN NaN NaN 
NaN NaN NaN NaN NaN NaN NaN NaN NaN NaN NaN NaN NaN NaN NaN NaN NaN NaN NaN NaN NaN NaN NaN NaN NaN NaN NaN NaN NaN NaN NaN NaN NaN NaN NaN NaN NaN NaN NaN NaN 
NaN NaN NaN NaN NaN NaN NaN NaN NaN NaN NaN NaN NaN NaN NaN NaN NaN NaN NaN NaN NaN NaN NaN NaN NaN NaN NaN NaN NaN NaN NaN NaN NaN NaN NaN NaN NaN NaN NaN NaN 
NaN NaN NaN NaN NaN NaN NaN NaN NaN NaN NaN NaN NaN NaN NaN NaN NaN NaN NaN NaN NaN NaN NaN NaN NaN NaN NaN NaN NaN NaN NaN NaN NaN NaN NaN NaN NaN NaN NaN NaN 
NaN NaN NaN NaN NaN NaN NaN NaN NaN NaN NaN NaN NaN NaN NaN NaN NaN NaN NaN NaN NaN NaN NaN NaN NaN NaN NaN NaN NaN NaN NaN NaN NaN NaN NaN NaN NaN NaN NaN NaN 
NaN NaN NaN NaN NaN NaN NaN NaN NaN NaN NaN NaN NaN NaN NaN NaN NaN NaN NaN NaN NaN NaN NaN NaN NaN NaN NaN NaN NaN NaN NaN NaN NaN NaN NaN NaN NaN NaN NaN NaN 
