-39.775392 -46.724866 -47.610893 -47.274813 -52.815994 -59.876690 -63.119893 -67.146634 -66.651370 -62.953572 -67.022625 -65.802884 -67.678119 -66.927259 -67.897825 -66.837766 -66.541509 -70.349236 -70.355578 -71.408027 -72.547825 -73.345879 -75.055117 -74.846824 -73.617710 -72.733553 -74.722921 -73.733801 -77.113812 -76.971920 -80.620684 -77.100137 -79.594312 -77.140508 -77.700534 -80.192344 -79.277404 -79.607199 -79.346663 -79.711582 
-33.986224 -25.828490 -26.146262 -33.389492 -46.503619 -45.829448 -50.656573 -52.117649 -59.752209 -60.782308 -60.996491 -60.250580 -62.259746 -62.997465 -64.544917 -63.740832 -66.230322 -67.002306 -67.554071 -67.269508 -70.083169 -68.101573 -67.429378 -70.190409 -70.109768 -69.973052 -70.591540 -72.290995 -71.059041 -75.523091 -73.376416 -70.626739 -73.216129 -71.526769 -72.993917 -73.833046 -75.402218 -72.698859 -72.568726 -74.797300 
-18.090857 -10.161378 -10.144183 -17.926895 -26.993013 -33.882127 -39.933329 -43.918263 -53.403242 -57.038896 -67.962417 -60.489965 -62.805825 -59.180642 -64.753288 -66.160500 -64.918136 -62.625442 -65.015147 -65.763278 -65.237605 -65.642853 -65.447654 -66.337615 -71.294998 -71.124026 -68.602064 -68.475947 -69.199850 -68.335858 -70.185928 -71.249485 -72.056742 -69.443787 -69.513765 -71.132051 -71.142419 -71.155430 -71.048967 -72.014913 
-17.820567 -10.185156 -12.181590 -15.926673 -17.205927 -28.441471 -34.538386 -41.731010 -48.629482 -58.389243 -57.394231 -62.993772 -63.130357 -58.332462 -61.916721 -62.172586 -61.443433 -65.096728 -64.250786 -65.824107 -66.562705 -66.178335 -65.225313 -68.436762 -70.977178 -75.227183 -73.675968 -68.766874 -71.291335 -70.154124 -67.668351 -68.324082 -70.106858 -72.666727 -72.480154 -69.575045 -69.074501 -69.435840 -69.463289 -69.464255 
-28.576219 -20.459553 -19.675082 -20.468065 -22.666735 -37.792139 -48.641908 -46.391356 -55.244653 -53.294883 -57.568350 -64.828036 -61.280964 -63.043017 -63.968337 -63.664887 -64.263652 -64.807007 -62.874381 -67.396783 -66.339117 -69.985474 -69.257939 -70.450359 -68.091855 -70.014968 -72.370843 -69.959412 -69.207791 -72.849525 -70.622681 -68.652407 -66.762455 -68.271515 -71.497818 -71.222344 -70.077399 -72.786074 -71.980704 -72.552644 
-12.281479 -16.214990 -17.797491 -20.407006 -19.186515 -19.557092 -19.833529 -21.405468 -24.068533 -25.692934 -26.822257 -29.901527 -32.973531 -32.077295 -31.520865 -29.441896 -29.467118 -32.822749 -32.335445 -31.875466 -32.108137 -34.825635 -36.484615 -35.260652 -36.208448 -36.566892 -38.468747 -39.413883 -39.137936 -38.991387 -40.766835 -41.281796 -41.236501 -45.039110 -44.768496 -43.893465 -47.829053 -48.573809 -49.669367 -52.614826 
-2.372918 -4.906852 0.852499 -6.508881 -3.852845 -0.633674 -6.497328 -5.688126 -13.560803 -9.956649 -14.668219 -17.549035 -22.236447 -19.523613 -18.005587 -13.763929 -13.999152 -19.742985 -18.471581 -17.442656 -17.605051 -21.748658 -24.242153 -21.513870 -23.623358 -22.811149 -24.759893 -25.718415 -25.179361 -23.223068 -26.633184 -25.113991 -24.455225 -29.941891 -28.626224 -28.919026 -31.610330 -33.863890 -32.679127 -35.478514 
-2.094887 8.929325 13.350124 6.351254 7.271017 11.762068 4.662689 3.486696 -2.550042 -2.970222 -8.269375 -11.800875 -7.835574 -8.027908 -10.249502 -6.844449 -12.116104 -19.124466 -14.162682 -13.042575 -17.129431 -23.875071 -25.309189 -22.697334 -26.800589 -19.852662 -18.961949 -19.226023 -22.212713 -17.647006 -19.491284 -17.940100 -16.780660 -21.823218 -22.359145 -23.927367 -23.098757 -25.377028 -23.906494 -28.356840 
-5.205622 9.257312 14.375211 7.235136 17.084808 16.357872 11.717324 12.494459 1.849296 -2.121267 -1.894431 -5.273710 -1.928648 -3.285083 -9.971525 -14.318847 -17.024515 -18.796918 -22.469543 -21.077741 -26.496866 -25.320391 -27.640071 -27.946523 -27.261498 -24.047345 -23.179405 -22.629675 -21.877894 -21.111681 -23.395756 -21.415208 -22.485166 -23.642112 -27.546619 -23.138090 -27.100051 -26.879606 -28.996924 -30.988928 
-14.039298 3.453093 13.032168 7.752724 16.575275 19.474810 12.599209 17.030840 1.925317 -1.263055 -2.366855 1.035751 2.476837 -4.294079 -9.798710 -13.190147 -19.387067 -22.358802 -26.561423 -28.607568 -29.475090 -31.125324 -31.967253 -31.429940 -30.885519 -26.487150 -22.378668 -27.602061 -29.494519 -26.065275 -30.910642 -29.341417 -28.112495 -29.558460 -30.524959 -22.098876 -24.541151 -28.193177 -30.721034 -35.131141 
-16.919539 3.405969 13.449007 8.093593 14.892831 20.446027 11.071390 18.621510 8.342143 2.319057 -1.856574 3.091609 2.437137 -4.708749 -13.066276 -17.679537 -19.593716 -23.397098 -26.455234 -28.301021 -31.197250 -32.367100 -32.475149 -32.801400 -32.257840 -28.321166 -21.308851 -29.389249 -30.671388 -28.503023 -33.187151 -28.327155 -27.149637 -32.105579 -28.892122 -24.707383 -27.984497 -29.094072 -29.492510 -40.085604 
-14.192201 4.584727 14.665708 9.545280 13.303081 20.517833 10.525357 18.960369 11.982283 3.939409 0.048691 6.088996 -1.572298 -3.589121 -13.087503 -17.869236 -19.679040 -21.231955 -25.966926 -28.228808 -30.058072 -31.488841 -31.238984 -31.878007 -31.893073 -32.875352 -25.318660 -29.172559 -33.950225 -32.160586 -36.847248 -29.221220 -28.270172 -33.355217 -28.720627 -23.478649 -30.454612 -28.733872 -29.130994 -41.986166 
-26.426450 2.177435 14.699647 10.439740 10.507306 21.095874 12.258488 19.138982 16.597138 5.775564 2.508380 6.625513 0.786436 -1.263288 -11.008125 -14.997565 -18.133032 -19.786224 -21.122690 -24.801009 -29.094517 -33.960996 -33.041618 -28.899180 -29.406981 -32.568047 -26.338134 -31.030590 -33.747401 -29.773620 -38.124411 -28.720421 -30.564890 -37.339016 -29.721352 -21.635598 -27.959441 -29.122222 -26.703417 -42.798806 
-26.710215 2.182647 15.149007 12.012841 10.005055 21.085237 13.627167 19.457086 20.319068 6.233944 6.112483 4.654574 2.864615 2.816988 -5.194575 -10.530294 -14.873204 -18.788110 -20.069744 -22.319888 -26.400281 -28.055939 -28.947948 -28.302341 -27.005213 -32.019665 -26.007182 -28.562358 -33.834230 -29.740162 -38.982710 -31.524532 -31.645509 -39.582705 -35.511520 -27.344955 -31.858469 -31.515429 -30.605502 -43.196945 
-17.900383 1.175420 15.009615 13.095281 5.486906 19.249842 13.778730 16.164943 23.043190 8.659471 10.362640 3.069031 5.648826 6.139655 5.823954 -4.071679 -11.308915 -17.518032 -18.602698 -19.467266 -25.436405 -27.584717 -26.595543 -25.471440 -25.265508 -30.576639 -25.568369 -30.108249 -30.907162 -25.392676 -36.295415 -32.558721 -33.591452 -36.293289 -30.963963 -23.603258 -27.261013 -30.612186 -29.764784 -42.159269 
-23.405477 -0.037371 14.694599 13.542675 2.279014 16.997522 12.921003 12.976751 23.710755 11.097060 15.080177 4.381681 7.077796 5.482978 9.390457 6.868029 1.197709 -7.064528 -12.269093 -14.868882 -19.668872 -25.519177 -25.174599 -22.714514 -24.033253 -28.095881 -20.937592 -26.150722 -28.199224 -25.564665 -35.163081 -30.802490 -31.976486 -32.688864 -26.268424 -20.478894 -23.141182 -27.794063 -26.392650 -37.528083 
-14.197000 -1.575053 14.315911 13.935665 -0.158178 15.533989 13.657598 11.392599 22.868548 11.308734 18.305314 7.509991 8.964058 0.699065 0.226923 5.555624 5.760034 5.688582 -3.054746 -9.158206 -13.789633 -18.259099 -20.713012 -19.986027 -20.950970 -22.266884 -15.618214 -20.004947 -25.635968 -22.016952 -32.689343 -28.039080 -26.648148 -28.635768 -22.225451 -15.631998 -18.022184 -25.214104 -25.870914 -35.360729 
-25.620266 -3.987693 13.206333 14.259007 -1.238933 13.536998 13.388662 8.784083 22.186478 10.428876 18.680758 10.418421 9.852135 0.502041 -1.298811 -1.631926 1.562943 11.123273 4.578466 -3.107964 -9.928140 -13.618804 -17.836494 -18.118443 -18.004300 -15.143939 -9.438677 -18.324920 -21.393789 -21.718319 -29.707120 -25.506259 -25.185728 -26.032105 -19.665196 -14.415585 -15.594113 -23.148403 -24.943502 -33.916620 
-24.064305 -6.541293 11.663700 14.609863 -0.978703 10.560033 13.791167 8.073222 22.067111 12.330142 17.786083 10.455761 8.904360 2.094562 -1.858470 -5.455009 -2.821110 3.815153 6.723969 3.548831 -1.470495 -8.547148 -11.930194 -12.457287 -11.468513 -11.435371 -7.530689 -15.212164 -18.957130 -20.313371 -30.039422 -25.428794 -25.028925 -24.805578 -18.727994 -13.129725 -14.499164 -23.986965 -26.447321 -33.061247 
-13.735855 -9.506588 11.509461 15.676579 2.398540 8.305799 14.534455 4.455237 22.278104 16.943632 13.210854 12.698314 4.521255 4.130727 -3.956880 -8.696684 -6.320958 -0.889977 1.131043 4.423546 5.828298 -4.552189 -9.618157 -8.049840 -7.710123 -5.808277 -9.389113 -14.252675 -16.493518 -18.704983 -27.109731 -30.093991 -27.476711 -23.123818 -21.456778 -16.283017 -17.849050 -26.870983 -27.167109 -32.022797 
-31.037374 -11.366975 11.050068 16.285462 2.596639 7.587124 15.402325 2.715301 21.115049 18.180638 8.746382 12.471815 1.854909 4.893172 -5.522446 -8.105209 -8.076262 -5.102481 -2.973619 0.279056 8.026880 -0.836331 -7.569707 -7.773107 -7.669864 -2.060468 -6.669128 -11.868763 -13.334911 -14.390028 -27.027362 -26.070781 -22.335614 -19.392879 -16.177501 -13.065652 -14.741050 -24.478807 -24.581048 -30.760478 
-16.601204 -11.544296 11.132519 16.834873 3.628462 8.392545 16.456824 3.084064 20.039541 19.034067 4.973306 11.327775 0.234801 5.631693 -6.115630 -8.494754 -9.257173 -8.733564 -7.476552 -5.046600 5.077364 1.902946 -5.244778 -8.272052 -9.692850 -2.695938 -4.549403 -11.806860 -15.971805 -13.105504 -26.890520 -27.831225 -21.900967 -21.946759 -19.462211 -14.978029 -16.440984 -24.740672 -26.267257 -33.358577 
-33.967144 -12.322947 11.754724 17.431706 4.725618 8.358383 17.107446 3.964578 19.304326 19.157549 2.678003 10.065514 -0.823543 5.258419 -7.227405 -8.555556 -10.682895 -10.748397 -9.388435 -9.378511 -1.543782 1.449187 -2.516387 -9.510451 -11.400065 -4.784971 -3.939469 -10.650195 -16.618690 -13.716085 -24.409533 -24.421829 -21.661454 -20.421700 -19.022105 -15.530303 -17.132619 -23.646818 -22.383175 -27.937706 
-18.828032 -12.581773 12.048733 17.847065 5.373834 8.432173 17.505720 4.850011 18.421161 18.648559 1.110188 9.140594 -1.899763 4.646335 -7.712021 -9.037768 -13.116077 -12.849125 -11.185203 -13.476086 -6.231073 0.596801 -0.938921 -8.357875 -11.507152 -5.174838 -2.321765 -8.868936 -16.841301 -14.561060 -26.106422 -25.545331 -21.917018 -19.797234 -18.917914 -15.391305 -16.567151 -23.674449 -21.886660 -28.741931 
-16.275605 -9.752418 12.576351 17.991584 5.094101 8.977575 17.649026 4.189734 17.400113 17.286824 1.830933 8.090793 -2.054538 3.619404 -7.590732 -9.231881 -15.403743 -14.009214 -13.377773 -15.827966 -9.523401 -2.925524 -3.118178 -7.392980 -10.442666 -5.831099 -3.636680 -10.275053 -18.406407 -15.803985 -26.232306 -24.513185 -22.231372 -21.086601 -21.434717 -17.293928 -19.089356 -26.844253 -24.673296 -29.904692 
-17.840830 -10.133643 12.876165 18.356565 5.810744 9.698417 18.095914 5.912729 16.190371 15.501625 -0.227693 7.547970 -2.536896 3.349952 -7.200998 -9.390512 -16.482083 -16.127914 -14.240614 -15.971755 -13.558544 -8.750803 -5.696582 -4.380684 -7.715824 -3.470222 -4.918675 -11.596022 -18.618512 -15.899175 -27.031664 -25.950388 -22.200735 -20.559779 -20.279253 -16.686796 -19.070453 -27.315167 -24.691082 -28.708239 
-18.589976 -8.561062 13.635694 18.102625 4.336359 12.558112 17.981908 3.306818 14.896564 10.840565 3.074583 5.564437 -2.006360 0.077788 -4.597654 -9.930682 -21.300138 -16.765617 -14.963795 -13.244730 -20.050996 -14.345057 -9.151331 -3.104164 -3.242061 -0.530410 -2.887759 -11.172975 -13.553645 -13.454347 -26.926244 -22.483513 -19.046127 -20.528820 -18.594279 -14.501456 -17.539702 -25.188284 -23.269395 -27.314478 
-16.338003 -4.535774 14.742979 16.924349 2.221323 15.294585 16.873357 3.009401 13.808290 4.092817 4.680797 1.255175 -1.206481 -4.374521 -2.666201 -12.540604 -17.611261 -16.682385 -14.431145 -15.278170 -23.182045 -23.488841 -17.745731 -5.998925 -1.932018 -2.905935 -7.382024 -13.383419 -16.732252 -17.025104 -28.241332 -21.693583 -22.326028 -24.203599 -23.917494 -18.959046 -22.511203 -29.015881 -26.196669 -31.110700 
-20.583182 -0.517139 15.311122 15.810895 3.201332 17.734734 15.779031 3.561680 13.055617 -0.676871 5.916344 -2.510246 -1.985727 -5.522886 -2.249653 -12.797324 -15.967426 -17.777126 -17.973266 -15.366722 -20.418833 -23.683269 -20.727313 -13.295956 -8.673189 -10.907354 -15.486141 -22.235100 -22.231917 -20.155308 -34.663683 -22.382864 -22.999174 -26.871334 -29.873706 -27.217809 -28.819811 -35.828776 -32.881000 -39.930593 
-18.155312 2.334356 16.002282 13.461497 6.525980 20.621865 15.083741 8.682495 11.903404 1.533624 5.267127 -2.721111 -3.597923 -0.145036 -2.784683 -11.786105 -18.032097 -19.300813 -17.643645 -12.255500 -18.748837 -23.242481 -19.364458 -13.872922 -8.216873 -11.057366 -29.694437 -42.278661 -35.039186 -25.756484 -37.370301 -24.246274 -22.262343 -28.915049 -28.124702 -31.836842 -39.113457 -43.432840 -37.508203 -45.472784 
-13.267579 6.058817 16.872255 13.070166 13.762877 22.104783 14.312861 12.455771 6.595277 0.024700 -2.031424 -3.844771 -7.378088 -2.189821 -10.869423 -17.659751 -21.436218 -20.848750 -20.401182 -17.552240 -23.730109 -26.578329 -24.497766 -17.170237 -10.478611 -14.456784 -32.418314 -41.938643 -35.420995 -29.248935 -37.735626 -30.868181 -26.445096 -30.692942 -30.792922 -32.643186 -40.364436 -41.378012 -38.067474 -42.729511 
-8.033511 5.406755 14.176966 10.168053 14.842314 17.767545 8.599987 8.024648 -0.709707 -7.335869 -7.337722 -9.109961 -15.084944 -10.827709 -16.273668 -21.286640 -27.192340 -26.288630 -22.500349 -22.945300 -28.354256 -34.828404 -27.297427 -22.994139 -21.281039 -24.124451 -36.891098 -44.193449 -39.119782 -31.655840 -37.824390 -33.181843 -33.175638 -31.664902 -32.149227 -34.717948 -39.912926 -38.412163 -35.552861 -37.082510 
-3.976259 3.653263 2.481854 2.777761 4.291653 4.274880 -4.795065 -10.297749 -10.185577 -9.721965 -18.386980 -17.581894 -18.190629 -17.493452 -23.180155 -24.862795 -23.728722 -25.836572 -23.187573 -23.067151 -27.771461 -29.315992 -28.610586 -24.602448 -26.237044 -27.820422 -32.077967 -36.836571 -36.038378 -35.505682 -38.409826 -38.217261 -34.689177 -32.171496 -33.220216 -37.270834 -39.310881 -37.949057 -34.373662 -36.811713 
-12.379585 -1.283199 1.720173 -2.683098 -9.568059 -16.343474 -17.627342 -17.932681 -27.161888 -19.556678 -21.660771 -22.872569 -33.666582 -27.758850 -29.950968 -34.719792 -33.623776 -32.898466 -32.573333 -35.692734 -38.821109 -40.450031 -38.370554 -35.781702 -36.332191 -34.560724 -47.838773 -51.185828 -47.810944 -47.861554 -49.910136 -47.847502 -44.967202 -44.315984 -49.018119 -54.016932 -51.453891 -50.376508 -48.187112 -50.628462 
-24.102624 -10.514171 -6.995349 -10.994110 -12.267757 -8.986761 -20.368629 -21.334685 -29.104345 -41.975139 -40.377255 -38.480930 -46.666949 -45.547709 -49.944164 -51.659072 -51.187213 -51.947400 -49.894660 -51.790440 -56.161491 -55.690187 -59.517750 -57.881501 -55.944235 -59.556236 -61.977979 -63.094141 -63.762788 -62.871591 -64.027195 -63.712987 -66.377920 -62.810238 -63.736415 -64.757568 -64.245823 -66.224116 -67.879569 -68.927241 
-17.490466 -12.226875 -9.047921 -14.110210 -12.953593 -11.223676 -24.351570 -31.330038 -44.237936 -53.851304 -53.454415 -57.114928 -58.115547 -59.816717 -57.978325 -60.472064 -60.833980 -58.485856 -59.700770 -63.270872 -63.118806 -63.381523 -63.898763 -66.123194 -67.577129 -65.174426 -66.790640 -67.295049 -65.014027 -65.704511 -65.417477 -68.804513 -67.372847 -68.833378 -70.325706 -71.455624 -70.276548 -70.021538 -69.680121 -71.072629 
-10.341547 -11.866157 -18.160986 -22.209629 -19.230400 -12.214343 -12.304725 -13.871415 -14.637321 -16.021532 -19.560351 -20.801208 -23.357400 -24.980214 -21.204435 -15.530515 -14.870885 -15.117319 -17.102454 -19.169539 -15.056551 -14.790964 -14.629478 -9.042423 -11.660559 -7.869552 -8.742719 -11.942214 -17.532636 -22.440652 -26.592840 -24.880249 -19.067197 -22.384079 -21.046551 -23.599201 -27.123095 -27.094660 -32.300083 -27.947604 
-8.695255 -15.781477 -14.199565 -14.144083 -16.745825 -8.771586 -4.269551 -10.286135 -10.762297 -12.795815 -17.837876 -18.007218 -18.644796 -16.104580 -13.564400 -10.574877 -12.319471 -11.543590 -9.939883 -10.263049 -10.474519 -10.676344 -10.593229 -3.493991 -4.016028 -3.408768 -4.969467 -9.279191 -13.517384 -16.491453 -17.250830 -17.311812 -13.044430 -14.068782 -17.071083 -18.061337 -23.099665 -22.814906 -25.006631 -23.175709 
-6.418096 -3.492221 -6.199180 -11.788560 -19.671279 -13.339726 -7.530635 -4.589348 -8.640502 -16.907870 -18.830555 -15.897926 -15.255928 -17.332648 -16.609937 -21.463203 -21.062973 -15.131395 -14.271047 -13.394001 -12.306231 -14.825159 -12.408033 -11.545565 -8.091145 -4.412854 -3.755398 -10.910148 -12.795290 -9.724309 -11.752968 -14.692094 -16.856247 -14.491431 -13.281863 -15.460740 -15.995230 -17.778891 -18.813213 -17.282397 
-1.681296 7.872352 9.450025 10.250028 9.185621 8.463211 7.778418 4.857681 -1.160089 -7.237099 -10.745296 -17.648678 -19.731910 -17.751478 -17.183151 -19.476462 -15.334246 -18.823185 -17.209671 -16.610828 -15.876078 -12.961412 -11.627733 -11.848251 -11.728745 -11.090826 -8.847129 -11.787717 -11.026191 -10.488448 -16.385587 -15.572596 -16.312905 -17.956037 -16.933797 -16.346800 -19.158645 -20.813017 -22.224543 -26.019071 
0.968455 11.161228 10.220065 14.368660 12.590362 13.445879 12.528135 14.912098 7.431470 0.119071 -5.223422 -11.452463 -13.990710 -15.596740 -18.702777 -19.396415 -20.779169 -18.210945 -16.461212 -17.066205 -13.938142 -10.129245 -5.640685 -7.303329 -6.212239 -5.753551 -9.871519 -14.404710 -15.191554 -19.099877 -26.605439 -28.744222 -23.292199 -20.810932 -22.690844 -18.275280 -23.043460 -30.028045 -28.867241 -32.132812 
0.567816 10.999683 10.431333 13.829306 11.208738 12.742227 15.197287 15.825732 9.305720 1.903730 -4.417178 -11.577463 -13.820992 -14.847266 -17.613728 -18.961792 -19.046456 -18.951762 -16.679924 -15.265403 -13.264548 -7.990318 -5.374382 -7.601906 -5.409470 -4.278361 -10.440318 -15.295787 -14.873652 -15.647943 -27.877055 -34.577371 -25.406590 -22.685189 -22.107187 -19.112607 -24.399925 -30.139583 -28.743667 -34.013499 
0.602462 10.036030 9.157750 12.460568 8.925676 9.795664 11.479457 12.841327 12.209130 2.545518 -5.891512 -9.907314 -11.265470 -14.050063 -17.760557 -17.729569 -19.268143 -17.947018 -16.253421 -14.085142 -12.138051 -7.091238 -5.554054 -8.744168 -6.086876 -4.202060 -10.830887 -14.454574 -14.385692 -17.410309 -30.147571 -33.533370 -24.242668 -22.872054 -25.095860 -21.660349 -21.893592 -27.423353 -28.700547 -35.926038 
0.547306 9.512081 8.849921 12.332242 9.987386 10.166346 8.911765 8.198400 13.310936 4.387756 -1.941496 -6.757653 -8.624212 -11.181834 -16.669844 -15.249980 -16.524556 -15.098276 -12.743888 -11.966552 -7.682409 -3.418952 -5.819537 -11.880601 -8.252530 -3.950676 -8.703372 -15.486567 -15.831556 -16.236421 -27.867524 -33.312391 -25.073817 -24.934612 -24.535896 -20.901422 -24.794303 -32.456557 -32.127995 -37.283216 
0.740458 10.107748 9.435847 12.441234 9.876463 11.009470 9.661288 9.857349 14.055639 3.687887 -2.973682 -12.694453 -13.424645 -13.922792 -16.103212 -17.068816 -17.560411 -18.148505 -16.662388 -15.661982 -11.350564 -5.069878 -8.679582 -12.685667 -10.518336 -5.471980 -10.684208 -17.490951 -19.812044 -19.364088 -32.176731 -36.463517 -28.166878 -29.250000 -29.103803 -22.469200 -26.688032 -34.038700 -35.551889 -39.398963 
-1.167806 9.126366 8.491035 11.279662 8.716467 9.867848 8.014901 8.002233 13.280785 4.470211 -1.871939 -10.086195 -11.670970 -13.305272 -16.146930 -15.312639 -15.495288 -14.637028 -14.427514 -13.616693 -9.959875 -5.292476 -9.699489 -14.195331 -13.836419 -8.162506 -10.377340 -16.607077 -19.263062 -22.201742 -32.865234 -37.914828 -28.490363 -28.321851 -24.083410 -19.449577 -23.469234 -29.399059 -29.211295 -38.754730 
-2.347214 5.800733 4.730108 7.748665 3.924063 4.814172 1.521207 9.012288 10.684620 2.978856 -7.710005 -14.381540 -17.160567 -21.326181 -22.152099 -21.468387 -22.018795 -21.150758 -19.773694 -19.243598 -14.694023 -7.835860 -13.748842 -21.073135 -19.575876 -10.980618 -14.388329 -22.536038 -25.117657 -25.916145 -38.523509 -42.176521 -31.359730 -31.987769 -29.362596 -23.624548 -26.476929 -34.542982 -34.204244 -40.039269 
-4.393215 4.395705 4.118639 8.310179 4.942495 4.938052 3.981180 4.934387 7.508804 0.953446 -7.591316 -12.962805 -13.694369 -15.878879 -18.373049 -19.025583 -19.065815 -18.185225 -18.312577 -16.048991 -11.525422 -7.957123 -11.468585 -17.237743 -15.380579 -9.536236 -11.832204 -19.996191 -23.141857 -24.186515 -34.827249 -39.801015 -28.268697 -31.917708 -32.494936 -25.448666 -25.479451 -31.020142 -31.089561 -41.335286 
-6.515687 1.795379 1.841431 4.506541 0.829407 -0.626420 -0.075627 10.140362 8.508701 -1.375382 -9.482675 -16.287517 -18.448275 -19.642841 -20.911064 -21.504111 -21.590506 -21.156429 -19.651645 -19.550864 -12.622621 -7.053729 -13.057293 -20.178369 -17.632554 -9.941089 -13.239132 -21.804819 -25.304692 -23.933620 -35.363823 -42.479957 -28.871947 -34.954115 -36.899663 -28.410054 -28.167491 -34.799123 -33.941390 -44.586538 
-7.168979 0.727246 0.150320 1.956561 0.445949 -0.721892 1.347739 3.763609 -4.590867 -12.719454 -15.327981 -21.142017 -22.978774 -25.790029 -26.235946 -26.075648 -26.786209 -25.102204 -23.193331 -22.952737 -13.857209 -12.939489 -20.863402 -25.759278 -21.670445 -15.589050 -20.084099 -26.719843 -28.897419 -27.983997 -38.826767 -45.100038 -36.629904 -40.929811 -44.205256 -37.304606 -39.519016 -43.442064 -41.007233 -48.018320 
-9.052991 -1.548264 -3.148428 0.137524 1.445343 -2.850155 -9.231249 -5.975327 -5.512082 -14.745235 -20.056174 -24.249443 -29.903860 -34.406018 -37.378054 -37.396735 -37.109878 -30.493351 -29.433958 -26.915768 -18.241651 -22.562872 -34.546710 -36.482908 -32.645792 -23.720306 -28.567889 -41.163425 -38.895050 -35.970762 -47.792454 -47.694897 -41.489296 -47.990895 -46.536628 -42.392697 -42.537170 -45.633617 -47.320095 -50.279679 
-17.360999 -7.715929 -11.045559 -14.094519 -14.904429 -24.099113 -22.174298 -20.458807 -17.647161 -22.415582 -25.609155 -31.084080 -37.544997 -40.029516 -44.014390 -42.049065 -45.668831 -46.980886 -41.545024 -39.017646 -29.804968 -37.263974 -43.980892 -39.950920 -36.146483 -37.825425 -44.692870 -45.975390 -45.965584 -42.648810 -53.308772 -53.011529 -49.432172 -55.147818 -55.431686 -53.920123 -55.937239 -56.680376 -56.283843 -60.320283 
-19.844432 -11.503099 -8.730348 -8.945300 -12.780704 -19.576962 -27.720634 -32.793272 -32.399347 -34.085387 -35.400443 -41.606092 -47.704429 -53.476396 -56.945527 -53.027405 -54.584053 -52.669401 -48.949033 -42.750320 -43.645139 -52.789587 -58.977589 -56.115051 -54.881314 -49.578733 -59.062900 -64.078311 -65.360119 -65.383490 -67.120494 -66.141891 -65.778233 -65.983113 -68.014879 -67.203501 -69.581977 -70.259197 -69.279437 -73.631441 
-34.803799 -32.598012 -31.381179 -31.530743 -33.404442 -38.228836 -49.033940 -48.854796 -45.265235 -50.698169 -57.920253 -55.078636 -62.795281 -59.736284 -63.340978 -62.208881 -64.588206 -63.384813 -63.247954 -60.732266 -65.633376 -67.991248 -70.868429 -72.160855 -69.757433 -75.566160 -77.457950 -76.414954 -75.938372 -77.048512 -76.549895 -77.256950 -77.882175 -78.287084 -77.748704 -79.538725 -80.470730 -78.832475 -79.551741 -79.403771 
NaN NaN NaN NaN NaN NaN NaN NaN NaN NaN NaN NaN NaN NaN NaN NaN NaN NaN NaN NaN NaN NaN NaN NaN NaN NaN NaN NaN NaN NaN NaN NaN NaN NaN NaN NaN NaN NaN NaN NaN 
-102.878133 -102.880392 -102.884157 -102.890525 -102.899181 -102.911379 -102.926368 -102.945723 -102.971654 -103.002838 -103.041109 -103.088942 -103.145417 -103.214143 -103.296546 -103.392659 -103.507716 -103.641355 -103.797620 -103.978581 -104.190122 -104.439228 -104.728046 -105.071494 -105.479975 -105.963152 -106.534725 -107.207090 -108.009486 -108.980542 -110.184023 -111.698300 -113.646313 -116.277010 -120.201328 -127.536331 -132.917979 -123.581444 -118.773698 -116.030649 
-87.346211 -78.798596 -77.312211 -78.561022 -78.844535 -87.765965 -85.752329 -79.656523 -77.456663 -80.195935 -87.236156 -81.355682 -77.758038 -82.176211 -84.520451 -78.930672 -81.762794 -83.925494 -79.375092 -85.180009 -80.497331 -83.904323 -81.710745 -84.464173 -82.252022 -85.313736 -84.171087 -84.896297 -86.579104 -87.185022 -88.062796 -89.703498 -91.609708 -94.004903 -97.593199 -103.293884 -107.233149 -101.787190 -96.906806 -94.887285 
-79.371024 -72.301708 -74.272323 -75.837744 -75.001695 -77.407852 -77.978297 -75.029362 -76.326273 -78.197285 -75.765575 -76.389525 -75.800334 -80.298435 -75.827924 -78.360547 -78.205747 -77.550331 -80.836004 -78.486003 -80.147187 -80.225772 -82.008947 -82.468557 -83.167365 -85.723439 -86.786670 -87.520195 -87.765854 -87.738919 -87.719021 -88.037322 -87.630776 -87.813661 -87.833167 -89.278076 -90.745967 -92.351605 -92.904497 -94.655956 
-64.081588 -64.230687 -65.583972 -66.463436 -68.528834 -70.418329 -70.953423 -70.806079 -69.672742 -69.692246 -70.779874 -73.934668 -79.549891 -80.865173 -78.360203 -80.123870 -86.611084 -78.969866 -75.440935 -76.575901 -79.976067 -79.043399 -81.468157 -85.903303 -80.880880 -84.174018 -88.058021 -87.464738 -85.159272 -89.288088 -89.560270 -90.919275 -91.050887 -87.591861 -84.063840 -89.695314 -91.953791 -93.000197 -88.912566 -91.596459 
-79.880399 -80.260632 -80.878269 -81.851143 -83.007056 -84.160043 -84.852409 -85.035474 -85.082836 -85.658529 -87.390510 -91.348700 -100.325633 -101.341081 -95.406000 -95.819901 -98.182580 -94.741073 -92.388709 -94.881079 -101.234961 -97.481491 -98.876209 -103.046681 -97.924564 -102.938867 -106.534424 -102.422960 -101.337979 -108.540850 -105.925994 -105.817590 -107.085649 -106.913490 -102.095683 -108.780296 -108.523678 -109.821504 -107.299050 -109.320232 
NaN NaN NaN NaN NaN NaN NaN NaN NaN NaN NaN NaN NaN NaN NaN NaN NaN NaN NaN NaN NaN NaN NaN NaN NaN NaN NaN NaN NaN NaN NaN NaN NaN NaN NaN NaN NaN NaN NaN NaN 
NaN NaN NaN NaN NaN NaN NaN NaN NaN NaN NaN NaN NaN NaN NaN NaN NaN NaN NaN NaN NaN NaN NaN NaN NaN NaN NaN NaN NaN NaN NaN NaN NaN NaN NaN NaN NaN NaN NaN NaN 
NaN NaN NaN NaN NaN NaN NaN NaN NaN NaN NaN NaN NaN NaN NaN NaN NaN NaN NaN NaN NaN NaN NaN NaN NaN NaN NaN NaN NaN NaN NaN NaN NaN NaN NaN NaN NaN NaN NaN NaN 
NaN NaN NaN NaN NaN NaN NaN NaN NaN NaN NaN NaN NaN NaN NaN NaN NaN NaN NaN NaN NaN NaN NaN NaN NaN NaN NaN NaN NaN NaN NaN NaN NaN NaN NaN NaN NaN NaN NaN NaN 
NaN NaN NaN NaN NaN NaN NaN NaN NaN NaN NaN NaN NaN NaN NaN NaN NaN NaN NaN NaN NaN NaN NaN NaN NaN NaN NaN NaN NaN NaN NaN NaN NaN NaN NaN NaN NaN NaN NaN NaN 
