NaN NaN NaN NaN NaN NaN NaN NaN NaN NaN NaN NaN NaN NaN NaN NaN NaN NaN NaN NaN NaN NaN NaN NaN NaN NaN NaN NaN NaN NaN NaN NaN NaN NaN NaN NaN NaN NaN NaN NaN 
NaN NaN NaN NaN NaN NaN NaN NaN NaN NaN NaN NaN NaN NaN NaN NaN NaN NaN NaN NaN NaN NaN NaN NaN NaN NaN NaN NaN NaN NaN NaN NaN NaN NaN NaN NaN NaN NaN NaN NaN 
-163.475530 -163.479834 -163.486987 -163.499036 -163.515324 -163.538093 -163.565814 -163.601227 -163.648063 -163.703579 -163.770698 -163.853323 -163.949457 -164.064821 -164.201461 -164.359105 -164.545962 -164.760725 -165.008348 -165.288968 -165.605382 -165.956476 -166.327006 -166.706997 -167.064182 -167.344856 -167.481538 -167.399595 -167.048631 -166.425664 -165.580462 -164.599375 -163.564266 -162.533791 -161.555325 -160.666020 -159.887884 -159.240904 -158.746580 -158.429216 
-55.984208 -52.211041 -50.732821 -51.963934 -55.874525 -60.467126 -63.782351 -70.979401 -73.455761 -71.589477 -73.380878 -74.474578 -80.167829 -81.816469 -82.341713 -77.918570 -76.347181 -76.682328 -73.118101 -79.666958 -79.782077 -82.604292 -79.091088 -77.944683 -85.142130 -87.488623 -83.720803 -83.706383 -82.873134 -84.001355 -87.571515 -86.233858 -85.245556 -85.728952 -82.860201 -86.389234 -85.741408 -86.255984 -84.594284 -87.150414 
-37.358325 -40.257950 -37.004343 -41.031969 -45.344909 -53.303879 -53.586106 -58.051167 -56.588146 -60.526411 -67.557783 -69.176961 -71.641953 -69.419408 -66.827618 -68.994270 -69.844882 -75.381245 -71.425044 -73.849558 -72.649625 -71.945051 -71.967113 -71.970341 -76.152597 -73.110616 -75.227390 -77.787924 -77.053337 -77.272398 -77.738695 -77.644796 -77.701229 -77.795475 -78.695031 -78.291486 -77.177643 -76.790384 -76.933641 -78.846468 
-24.417418 -17.550376 -11.609686 -13.043273 -16.937929 -22.041965 -28.626514 -31.009387 -36.138605 -41.447179 -46.676378 -48.629655 -50.575457 -46.837129 -48.365669 -55.057580 -55.402214 -60.978913 -60.773949 -62.087828 -64.197289 -65.224981 -65.609960 -62.560827 -62.270375 -63.551087 -67.415488 -66.979015 -67.035760 -65.558376 -67.958901 -68.366095 -69.137577 -71.330331 -70.400423 -66.452040 -68.578154 -68.254645 -69.523236 -70.619534 
-16.232445 -4.652061 -4.447781 -10.925020 -16.822752 -18.883632 -23.992600 -26.768877 -31.189987 -35.009192 -38.800009 -41.334772 -42.090354 -45.246426 -41.220081 -39.007055 -42.705258 -49.314169 -50.055911 -51.507855 -52.222287 -53.751727 -53.735589 -54.196208 -55.258233 -56.519633 -57.140159 -57.198185 -57.375550 -57.152582 -58.659899 -59.241567 -59.284279 -59.390919 -60.406756 -59.442319 -60.015950 -60.716401 -60.820898 -61.205147 
-18.865581 -3.647692 2.484819 -3.816535 -18.075274 -17.132301 -23.842427 -25.309173 -35.188267 -38.266309 -45.907363 -40.598593 -44.210366 -45.333963 -42.767544 -41.963911 -48.955037 -52.397979 -51.387756 -55.112315 -55.580706 -58.611988 -58.018562 -56.499404 -59.726285 -59.597393 -58.510640 -57.922885 -58.723144 -60.363289 -62.226495 -63.390969 -62.940062 -58.995539 -59.602448 -61.783936 -61.806066 -62.611583 -62.791905 -63.812912 
-21.193465 -5.064112 -0.127270 -5.923369 -10.756053 -14.393501 -19.860853 -24.683826 -29.277695 -38.922017 -39.233683 -38.527164 -45.247192 -45.879913 -43.908607 -47.983114 -48.061398 -46.642067 -47.332659 -48.302933 -49.312492 -51.249115 -50.189320 -51.866864 -53.731348 -54.290401 -58.457274 -55.488512 -56.484504 -56.969703 -58.831327 -61.106243 -62.658922 -62.053501 -61.321207 -61.161854 -59.115968 -60.601050 -63.329001 -66.597507 
-14.071702 -12.550896 -0.132599 4.241237 1.219555 -4.447075 -11.122053 -15.284285 -13.600993 -16.216369 -17.239778 -15.220876 -13.724786 -12.740967 -19.836336 -29.754630 -23.332999 -22.133954 -16.866626 -15.419455 -16.420059 -20.732382 -31.021476 -29.169175 -32.710071 -33.495039 -27.201153 -22.866555 -22.759047 -23.874555 -31.291404 -40.540858 -38.528723 -37.170146 -42.591355 -41.584058 -39.335842 -41.455286 -39.996915 -43.963740 
-16.566325 -2.587589 9.949350 10.212604 4.772968 10.144053 7.571709 4.595939 1.878751 -4.903167 -7.804520 -12.439567 -9.823501 -4.369479 -6.956823 -12.783531 -18.975889 -18.052374 -16.984345 -15.369849 -18.365436 -21.213724 -22.465628 -24.501422 -24.725857 -26.886472 -26.249904 -24.227834 -22.352444 -23.326065 -27.031116 -32.874565 -35.841027 -34.550054 -37.516815 -38.112708 -38.655315 -35.053878 -36.254586 -37.429755 
-31.020836 -1.120617 12.892317 11.332617 2.878632 16.663025 12.287233 7.674461 9.131369 -2.084750 1.544415 -9.353943 -5.413461 2.346557 -0.643143 -6.258135 -17.298373 -19.367439 -19.986639 -22.636222 -21.186449 -24.042786 -23.281406 -16.588612 -18.853163 -31.108011 -27.800459 -27.617295 -26.513736 -30.013104 -31.425294 -33.752368 -39.246441 -37.083880 -32.933823 -34.797893 -35.747188 -32.262585 -33.860465 -39.694911 
-14.711554 -4.498266 12.624766 14.232604 1.601058 18.496770 20.026634 8.563066 14.298315 5.283659 4.763020 0.287474 2.976376 4.323826 4.573336 -4.721229 -9.959844 -16.307989 -16.867176 -18.960527 -22.613848 -25.575608 -24.093533 -16.887671 -16.323370 -23.035776 -25.807912 -28.410754 -29.470526 -27.347076 -27.865974 -33.847903 -35.631462 -34.014520 -30.792074 -29.377040 -32.780698 -34.616265 -35.746371 -39.230903 
-19.740551 -8.200103 11.553230 16.188758 3.368044 16.736683 24.122318 12.290468 14.635938 13.808587 3.000963 6.796049 4.353540 8.018945 8.184054 4.745681 -5.433538 -11.058583 -12.286327 -15.177400 -18.804134 -20.809823 -19.360381 -9.601569 -12.234672 -21.422028 -25.972537 -27.150487 -23.240166 -22.380717 -28.919758 -35.302426 -36.071359 -33.067399 -27.375714 -26.149053 -34.128069 -33.828497 -34.107882 -37.888347 
-10.205063 -7.593298 9.789607 17.150191 6.112583 11.916329 24.755750 17.014237 11.054346 18.803983 4.047039 9.527698 3.910715 13.446155 8.058287 9.389067 -4.330004 -7.444663 -9.838858 -13.660919 -17.758045 -19.876929 -17.984805 -7.649837 -6.548477 -18.702871 -23.261397 -24.255789 -15.165082 -17.616181 -24.095939 -34.805336 -38.453639 -30.711661 -26.656575 -26.834878 -32.832811 -30.248322 -32.060343 -40.057471 
-20.534064 -14.970258 7.232073 16.915371 8.002540 7.408468 23.850329 19.268590 7.896621 21.230714 7.611658 8.916415 5.048172 13.996959 9.710938 7.066115 -3.563972 -6.555383 -9.964877 -14.869065 -17.636877 -19.397343 -18.964341 -10.207055 -6.917354 -15.384302 -21.291425 -22.734007 -14.028835 -13.419694 -19.762342 -33.378965 -40.864471 -27.967429 -23.194248 -20.828850 -30.641392 -28.487852 -29.812405 -42.983641 
-14.446158 -16.778660 5.427440 16.508799 9.464220 2.589576 22.117266 20.586010 4.438090 22.016437 12.701932 6.934106 7.187322 10.950548 12.331870 3.547456 -0.693838 -6.197990 -10.746929 -12.456726 -15.155828 -17.397381 -16.898970 -9.081241 -6.315726 -11.782693 -18.364674 -19.629607 -9.413035 -9.057831 -15.482171 -29.108412 -36.058175 -23.951134 -19.321820 -18.312805 -29.897346 -29.152848 -29.562973 -43.598718 
-12.228292 -11.371311 4.462346 16.203969 10.353183 -2.026779 20.626087 21.383258 0.080671 21.794747 15.620027 4.013884 8.625464 7.184450 13.941278 0.843831 0.530129 -7.305312 -11.316873 -11.293591 -15.219271 -17.541721 -17.114272 -10.506711 -7.054476 -12.321311 -18.508860 -21.785568 -9.915063 -10.069221 -15.909936 -28.508234 -35.854435 -24.138539 -18.036078 -16.689380 -28.085185 -27.189918 -28.133356 -39.611403 
-14.467728 -15.541222 3.082124 15.832942 10.528013 -4.974330 19.489472 21.611981 -0.107422 21.536820 16.837732 2.512945 8.824553 5.697030 14.014955 0.176855 1.746013 -6.474734 -10.757063 -10.578082 -14.168638 -16.882403 -15.610134 -10.620887 -6.814941 -12.122356 -17.097305 -21.079308 -11.135006 -9.175196 -14.783596 -26.424621 -30.508506 -22.355971 -17.411495 -16.153197 -26.032962 -25.747790 -27.564894 -32.669326 
-25.776372 -19.716060 2.720033 15.499726 9.915723 -3.848690 19.198915 20.867012 0.445702 22.409410 17.107424 3.668055 8.314374 6.268732 13.068456 4.187733 4.145496 -5.298293 -9.365173 -10.462894 -14.628172 -15.476228 -15.624361 -10.298610 -5.726918 -9.852674 -16.182812 -20.056550 -10.055338 -8.031221 -13.818789 -24.194336 -29.584852 -21.121826 -16.230848 -15.614860 -25.855117 -25.501218 -26.071600 -32.881064 
-24.233692 -19.239216 4.292632 15.446084 8.606053 -0.594787 19.229237 18.060067 6.471077 25.084577 16.237915 5.774034 5.181122 10.002886 10.466847 9.275002 5.010252 -2.925823 -7.687552 -10.679193 -13.357008 -15.838940 -16.081005 -10.536029 -4.752596 -7.253956 -14.842187 -19.074385 -9.948429 -6.689669 -11.327969 -23.822174 -33.359975 -21.361139 -16.415207 -14.375186 -26.041570 -23.515097 -23.617695 -35.339752 
-17.046183 -20.661900 5.894310 14.923223 5.584355 3.141654 18.424389 13.018448 14.699289 26.826187 13.455532 8.732832 0.745675 13.437034 9.791330 16.509099 5.433800 -1.563575 -4.575365 -10.070146 -14.632377 -17.781403 -16.419864 -11.142733 -5.247000 -8.608891 -14.803830 -19.416588 -12.177493 -7.654709 -13.884141 -25.848448 -34.800436 -22.313312 -17.531523 -15.570884 -27.045446 -26.160012 -27.647890 -38.313483 
-23.099914 -13.487628 7.418595 13.452620 1.225714 7.184410 16.662120 6.277782 20.689566 25.498761 11.426082 12.555392 5.813633 13.169979 13.129613 18.116576 3.224735 -3.680050 -5.048809 -8.469984 -14.344161 -18.109826 -18.747483 -13.592200 -7.873179 -10.330610 -17.502221 -20.905348 -14.182448 -10.584834 -15.608008 -25.386333 -33.616237 -24.683856 -18.868803 -17.328043 -29.704771 -29.096809 -27.841362 -37.589782 
-16.893462 -8.787125 9.576562 11.892165 -2.537633 12.252588 14.670304 6.855949 23.657345 19.767894 17.593930 13.321206 10.920133 8.625280 15.786883 13.993033 6.755033 -1.539042 -5.853862 -9.107153 -14.317131 -18.327764 -19.252344 -13.740784 -7.722013 -9.989630 -17.188160 -22.383346 -15.511495 -10.151007 -14.251349 -25.067307 -37.242903 -27.030865 -20.954782 -19.594142 -30.359698 -29.629961 -30.770516 -41.144661 
-15.426781 -2.320048 11.793744 10.788764 0.253103 15.444211 12.166667 13.527789 21.251739 14.931219 22.005383 11.026346 10.774044 8.050099 10.434414 15.615921 7.842738 -1.583767 -4.341943 -7.041507 -12.569269 -17.829257 -19.577802 -14.640835 -7.910003 -9.818990 -17.504883 -23.342597 -15.163612 -9.412148 -13.176978 -25.112119 -35.007493 -26.387383 -19.720272 -17.482315 -26.970059 -26.115819 -26.924888 -37.139257 
-18.901522 0.639698 12.600626 9.116544 5.887158 16.266664 9.857485 16.406394 15.672452 20.428174 21.106095 11.036667 6.420687 8.743164 12.808189 15.326927 9.880156 0.539145 -2.718410 -6.144325 -11.194473 -15.624917 -17.364458 -11.494824 -6.255180 -10.517876 -17.546286 -22.510275 -16.602233 -10.293987 -13.718941 -24.851073 -36.571316 -24.993786 -17.353811 -17.397117 -29.409529 -26.401823 -26.224641 -42.485211 
-17.777493 2.732499 12.656581 7.097646 9.492407 14.340193 6.781165 15.569673 12.034841 23.408203 16.667732 12.751823 8.125806 8.351869 11.802872 13.160322 9.489330 -0.118401 -4.044376 -6.950488 -11.374979 -15.851992 -17.169396 -11.557688 -6.223824 -11.201706 -18.752265 -23.085667 -16.603633 -10.668779 -13.730806 -23.434758 -33.677134 -27.498196 -21.280364 -19.216557 -27.241752 -24.379573 -25.094615 -36.053821 
-12.369451 4.919751 12.489552 4.714225 11.505454 12.337528 9.013071 12.228976 14.952414 20.997217 14.717046 11.846023 8.463429 6.312827 7.409642 11.261103 9.081674 2.191197 -2.407636 -6.333929 -10.792365 -15.014597 -16.693963 -11.424910 -6.234603 -11.101064 -18.103511 -22.622607 -17.655971 -11.581068 -13.567127 -21.843850 -31.981280 -25.822299 -19.946864 -16.512343 -25.463377 -24.459206 -26.525891 -34.897910 
-12.063968 6.430320 12.189213 3.436416 12.445408 8.910379 9.732859 9.046996 16.950880 14.553987 13.270475 6.947752 4.311844 3.582173 5.143546 7.332164 7.600120 -1.533900 -4.463840 -9.183288 -13.565236 -17.899570 -19.149615 -13.067450 -8.867277 -14.180006 -20.850164 -25.157906 -22.336406 -15.492761 -14.516746 -20.634805 -31.885323 -28.223861 -24.760812 -23.569711 -28.739466 -24.811516 -23.560949 -34.198188 
-6.912260 7.309351 11.511903 5.479883 12.048555 7.385471 9.244180 7.742396 13.461190 6.758288 8.296922 1.943594 -0.566305 -0.635488 1.303542 4.015562 2.702158 -1.299339 -7.566465 -11.502693 -17.466748 -21.664321 -22.059115 -15.816933 -12.432001 -20.203000 -26.263362 -30.001492 -27.240845 -20.297213 -17.525465 -22.337147 -34.671515 -31.133117 -26.842587 -26.323254 -32.083493 -26.893825 -25.490927 -36.382849 
-7.371654 6.774441 8.237381 4.896464 7.284265 1.160177 1.352190 2.559138 4.020172 3.364888 -1.162100 -5.244595 -6.334127 -5.920338 -8.561922 -3.840225 -2.309929 -9.194701 -14.297491 -18.866694 -26.665950 -32.204217 -34.334891 -24.743557 -21.134948 -29.206451 -35.249254 -40.863955 -37.376994 -29.238558 -25.725327 -30.870522 -43.369852 -37.549740 -35.863204 -34.074392 -41.241617 -41.064406 -39.764020 -43.846564 
-10.671561 -1.229115 -3.972462 -11.389303 -7.337325 -10.454484 -14.140466 -13.042496 -12.196422 -16.772139 -13.805498 -21.075287 -22.153110 -24.171969 -23.051396 -21.353490 -20.784882 -25.059532 -34.640891 -35.542292 -46.835386 -44.297218 -47.125137 -41.249365 -43.811423 -47.887884 -50.160223 -49.694782 -49.148964 -44.233861 -40.536098 -42.545828 -52.350470 -49.263399 -48.598409 -49.051898 -53.244168 -48.550019 -48.495041 -52.210973 
-18.189685 -17.267336 -20.848424 -21.453265 -18.021843 -22.246919 -35.449072 -33.193226 -25.550097 -29.438846 -27.039929 -27.344829 -33.831061 -35.619019 -33.626732 -34.429242 -35.885875 -40.397635 -51.277845 -53.950939 -60.853575 -62.032320 -62.928294 -60.884237 -60.239394 -62.386154 -65.933971 -71.205761 -71.482616 -65.390249 -63.792367 -66.623638 -69.538676 -66.158992 -66.101292 -67.183017 -70.183128 -70.041802 -69.741180 -71.511455 
-22.601802 -18.165909 -18.593416 -31.249690 -29.172617 -27.939290 -28.989790 -29.798336 -36.026768 -31.582214 -31.203474 -34.298083 -33.109652 -36.404193 -34.683284 -37.554263 -40.186934 -44.495490 -50.727310 -55.425302 -61.768114 -63.975165 -64.592733 -68.102335 -67.543533 -69.749688 -69.597916 -73.580164 -72.454273 -71.690283 -67.123855 -67.571468 -70.346050 -67.839819 -66.699823 -68.172839 -69.669250 -66.593085 -70.202174 -72.953564 
-27.541703 -22.825364 -21.063159 -30.034460 -33.374374 -40.745686 -32.798562 -34.517938 -43.977672 -41.952935 -32.606573 -37.627580 -37.344608 -38.629009 -41.161656 -44.554733 -49.234569 -47.518317 -53.582984 -57.376676 -63.326278 -66.877395 -65.038423 -66.466084 -69.844291 -74.087811 -71.050573 -73.861906 -71.849231 -69.384448 -69.157125 -70.521368 -72.569133 -70.931054 -69.967331 -69.906682 -69.385612 -70.765124 -72.412535 -73.571816 
-34.682338 -30.583316 -30.358566 -31.546455 -39.592640 -41.980521 -40.296273 -34.023725 -35.332439 -39.033769 -32.148811 -40.136494 -40.796397 -43.238234 -44.005832 -46.248058 -50.027714 -60.183989 -56.431489 -65.283820 -65.764634 -67.041203 -69.625037 -68.905740 -70.648843 -73.676521 -72.884629 -72.848498 -74.324932 -73.865668 -70.009278 -70.301057 -73.802122 -74.020785 -73.175205 -73.730497 -71.324104 -72.803062 -72.519853 -72.268280 
-30.981002 -36.499562 -38.918025 -45.099969 -40.918810 -40.391833 -39.093572 -41.845589 -36.064822 -35.526705 -47.188355 -45.840075 -46.510241 -46.999993 -49.000092 -52.078424 -57.322806 -58.801762 -57.854386 -64.585497 -63.237374 -71.458647 -70.699087 -70.857882 -72.178162 -73.076600 -75.307529 -74.256254 -73.019394 -73.192422 -74.940365 -72.527271 -73.230381 -71.530190 -74.815341 -73.708403 -71.758981 -75.508581 -73.932573 -73.269393 
-28.530546 -34.863778 -45.190497 -46.227668 -46.567161 -48.888600 -50.322639 -49.297984 -43.291961 -43.628562 -45.083971 -47.953891 -54.451186 -57.811085 -60.897180 -58.476386 -62.990193 -68.191524 -63.451611 -69.663892 -72.776744 -78.245896 -79.457682 -77.049213 -75.172829 -75.801463 -75.827767 -71.913132 -74.791182 -73.471357 -72.931235 -75.615577 -77.443282 -75.475002 -76.560232 -77.885110 -76.997132 -78.402626 -77.394469 -74.660038 
-36.886838 -46.287404 -46.385076 -43.610214 -51.373788 -54.263622 -49.970003 -51.483875 -54.484492 -53.251939 -59.182189 -56.281628 -54.696731 -56.204029 -66.068161 -66.868274 -59.889813 -63.892036 -66.168195 -70.633800 -76.716200 -72.873262 -74.904423 -75.055694 -71.424243 -73.252576 -76.306552 -76.666952 -74.671713 -73.680495 -76.204744 -76.457265 -78.265423 -76.583738 -76.330375 -76.027053 -78.055551 -82.731478 -78.991340 -80.039766 
-37.757825 -42.659987 -49.841297 -47.662571 -52.117535 -54.969568 -59.177730 -54.450597 -57.401967 -59.086781 -58.304629 -59.858677 -62.580283 -60.140640 -64.362160 -65.209517 -61.888084 -64.183712 -70.928681 -72.959793 -77.779919 -73.401691 -73.428480 -74.660724 -71.799396 -76.032775 -78.679994 -75.026902 -74.520206 -77.412347 -80.061098 -76.534260 -74.609660 -75.192390 -76.427250 -77.325157 -76.303422 -74.992110 -78.148274 -78.990073 
-29.339319 -30.724787 -32.954428 -31.164592 -31.829395 -32.476096 -32.470314 -33.226168 -33.368191 -33.632387 -33.434866 -32.988700 -32.309923 -31.837572 -31.512745 -31.672501 -32.342378 -33.685746 -35.650423 -37.619996 -38.733126 -39.033210 -39.742439 -42.167587 -47.666537 -51.345713 -48.626605 -47.882856 -49.447119 -51.873531 -53.796566 -59.587211 -64.038172 -63.569754 -66.889057 -66.634652 -63.314716 -61.802678 -67.561551 -68.616528 
-10.502818 -10.430162 -11.515313 -10.349077 -11.185031 -17.502238 -14.378729 -11.867827 -10.390863 -11.059921 -13.813906 -13.773567 -12.722152 -13.146524 -14.646069 -10.725157 -10.330157 -8.630961 -11.815935 -14.585460 -13.295794 -9.242719 -15.506621 -21.171602 -23.696490 -31.889200 -30.849014 -29.941623 -29.506286 -28.523759 -28.483141 -25.919489 -30.577953 -29.634006 -35.829755 -36.144536 -40.265469 -38.023422 -38.355674 -37.226035 
-11.429170 -12.181536 -14.945864 -17.774454 -15.244861 -13.553038 -10.590811 -14.569639 -14.116348 -19.315830 -24.711765 -21.531677 -19.251398 -18.170730 -16.052161 -12.573580 -13.399528 -11.135532 -13.449506 -9.767201 -9.327671 -8.755530 -15.466302 -19.635284 -23.847688 -27.991676 -24.698114 -31.309913 -28.805893 -25.900391 -26.662277 -28.028799 -26.516833 -23.801942 -31.759921 -30.033147 -32.409104 -33.487599 -28.565589 -31.409709 
-14.569181 -12.899739 -14.779095 -20.863884 -23.036004 -29.443731 -15.460512 -11.568081 -15.467849 -22.673942 -25.749218 -21.845039 -23.433942 -22.787908 -19.508827 -20.826176 -19.089933 -22.931893 -20.289765 -13.900078 -8.791724 -12.822031 -17.305854 -19.232885 -18.391837 -25.427187 -26.496403 -27.640878 -28.082774 -26.861594 -23.668558 -25.020354 -26.969132 -24.806448 -27.459289 -31.641620 -29.461481 -30.509597 -27.021095 -29.724855 
-21.810019 -24.609578 -24.178617 -27.517101 -23.962444 -17.725540 -12.827919 -12.475227 -10.005297 -17.035234 -23.804535 -24.590403 -19.741608 -20.031440 -17.661543 -19.940514 -14.794544 -18.774078 -19.758428 -16.104223 -8.989938 -12.185032 -16.860136 -19.680241 -21.219904 -26.480009 -30.154612 -27.852940 -31.648951 -29.693114 -24.931303 -23.222647 -28.086442 -29.082981 -28.538232 -32.846310 -31.235441 -30.277953 -30.568336 -34.620887 
-37.230830 -40.166154 -41.661592 -36.157496 -30.628701 -26.321939 -23.200117 -21.550498 -22.360712 -26.842120 -34.185425 -32.899116 -31.110598 -33.689035 -31.650137 -30.730323 -36.662333 -38.255667 -35.854044 -27.929157 -26.668842 -31.662800 -27.916748 -31.989858 -42.603728 -47.784709 -49.324766 -48.683405 -47.390421 -39.909898 -37.859711 -41.925159 -44.425610 -45.194165 -44.599419 -45.004168 -43.468753 -40.871382 -44.751947 -47.872723 
-77.196792 -74.383384 -74.463203 -78.746466 -72.488082 -70.989265 -63.961074 -62.621270 -61.165499 -70.139376 -72.006880 -70.597383 -72.745376 -68.224275 -73.285467 -79.164009 -76.525876 -71.928965 -69.630860 -66.953744 -61.430539 -64.224063 -69.421941 -71.090927 -73.078332 -79.264189 -78.147090 -77.035716 -78.416556 -75.632254 -76.934840 -76.822367 -82.380397 -81.300370 -79.823722 -83.807320 -80.641593 -81.094196 -83.773002 -86.972148 
-88.379129 -89.377965 -90.793427 -90.338348 -87.146916 -84.146682 -82.585021 -81.705738 -80.694413 -80.085640 -80.910233 -82.268521 -82.033142 -83.345296 -89.991599 -95.899832 -93.439962 -89.381740 -85.587448 -86.406099 -82.450288 -82.328850 -88.568311 -91.656063 -97.147040 -99.588811 -89.380782 -87.766006 -92.261208 -92.188923 -99.171028 -95.702522 -94.768952 -92.421013 -95.795729 -101.229327 -97.160815 -97.703020 -102.058376 -106.392532 
NaN NaN NaN NaN NaN NaN NaN NaN NaN NaN NaN NaN NaN NaN NaN NaN NaN NaN NaN NaN NaN NaN NaN NaN NaN NaN NaN NaN NaN NaN NaN NaN NaN NaN NaN NaN NaN NaN NaN NaN 
NaN NaN NaN NaN NaN NaN NaN NaN NaN NaN NaN NaN NaN NaN NaN NaN NaN NaN NaN NaN NaN NaN NaN NaN NaN NaN NaN NaN NaN NaN NaN NaN NaN NaN NaN NaN NaN NaN NaN NaN 
NaN NaN NaN NaN NaN NaN NaN NaN NaN NaN NaN NaN NaN NaN NaN NaN NaN NaN NaN NaN NaN NaN NaN NaN NaN NaN NaN NaN NaN NaN NaN NaN NaN NaN NaN NaN NaN NaN NaN NaN 
NaN NaN NaN NaN NaN NaN NaN NaN NaN NaN NaN NaN NaN NaN NaN NaN NaN NaN NaN NaN NaN NaN NaN NaN NaN NaN NaN NaN NaN NaN NaN NaN NaN NaN NaN NaN NaN NaN NaN NaN 
NaN NaN NaN NaN NaN NaN NaN NaN NaN NaN NaN NaN NaN NaN NaN NaN NaN NaN NaN NaN NaN NaN NaN NaN NaN NaN NaN NaN NaN NaN NaN NaN NaN NaN NaN NaN NaN NaN NaN NaN 
NaN NaN NaN NaN NaN NaN NaN NaN NaN NaN NaN NaN NaN NaN NaN NaN NaN NaN NaN NaN NaN NaN NaN NaN NaN NaN NaN NaN NaN NaN NaN NaN NaN NaN NaN NaN NaN NaN NaN NaN 
NaN NaN NaN NaN NaN NaN NaN NaN NaN NaN NaN NaN NaN NaN NaN NaN NaN NaN NaN NaN NaN NaN NaN NaN NaN NaN NaN NaN NaN NaN NaN NaN NaN NaN NaN NaN NaN NaN NaN NaN 
NaN NaN NaN NaN NaN NaN NaN NaN NaN NaN NaN NaN NaN NaN NaN NaN NaN NaN NaN NaN NaN NaN NaN NaN NaN NaN NaN NaN NaN NaN NaN NaN NaN NaN NaN NaN NaN NaN NaN NaN 
