NaN NaN NaN NaN NaN NaN NaN NaN NaN NaN NaN NaN NaN NaN NaN NaN NaN NaN NaN NaN NaN NaN NaN NaN NaN NaN NaN NaN NaN NaN NaN NaN NaN NaN NaN NaN NaN NaN NaN NaN 
NaN NaN NaN NaN NaN NaN NaN NaN NaN NaN NaN NaN NaN NaN NaN NaN NaN NaN NaN NaN NaN NaN NaN NaN NaN NaN NaN NaN NaN NaN NaN NaN NaN NaN NaN NaN NaN NaN NaN NaN 
NaN NaN NaN NaN NaN NaN NaN NaN NaN NaN NaN NaN NaN NaN NaN NaN NaN NaN NaN NaN NaN NaN NaN NaN NaN NaN NaN NaN NaN NaN NaN NaN NaN NaN NaN NaN NaN NaN NaN NaN 
NaN NaN NaN NaN NaN NaN NaN NaN NaN NaN NaN NaN NaN NaN NaN NaN NaN NaN NaN NaN NaN NaN NaN NaN NaN NaN NaN NaN NaN NaN NaN NaN NaN NaN NaN NaN NaN NaN NaN NaN 
NaN NaN NaN NaN NaN NaN NaN NaN NaN NaN NaN NaN NaN NaN NaN NaN NaN NaN NaN NaN NaN NaN NaN NaN NaN NaN NaN NaN NaN NaN NaN NaN NaN NaN NaN NaN NaN NaN NaN NaN 
-46.591376 -43.285801 -41.468461 -40.947963 -41.820938 -44.658654 -49.705312 -55.833382 -53.905558 -53.589093 -57.068341 -57.892820 -56.611331 -60.251210 -64.435099 -64.128763 -66.350712 -64.820364 -64.755504 -65.110116 -69.074686 -69.870911 -68.374843 -71.953060 -69.529414 -70.681217 -71.911234 -73.626639 -72.383472 -73.936725 -74.194680 -75.354257 -76.773994 -78.951009 -77.058526 -78.662180 -79.121616 -78.930729 -78.067145 -78.844759 
-13.601299 -12.807956 -8.325547 -8.062353 -8.739508 -14.796376 -22.449686 -32.314720 -29.513267 -28.396135 -32.319243 -34.448480 -33.410537 -34.725374 -38.636588 -34.299491 -34.652352 -38.844947 -39.265655 -39.281772 -40.605743 -41.370345 -41.828599 -42.757011 -42.885975 -43.411870 -44.485909 -45.154017 -45.613415 -46.158463 -46.556559 -47.295599 -47.819167 -47.974063 -48.260482 -48.778369 -49.193235 -49.140537 -49.258264 -49.628987 
-5.414705 6.577779 14.426608 13.551809 3.312535 -1.302669 -4.130172 -13.796929 -13.735601 -26.886708 -23.940659 -26.067205 -27.319371 -24.627712 -21.014513 -20.723661 -27.218728 -31.465076 -32.903647 -36.164387 -37.062624 -37.553875 -38.212308 -38.951365 -39.454916 -37.713153 -40.446491 -41.878621 -42.275885 -42.747532 -43.092840 -43.567432 -44.039237 -44.503283 -45.009465 -45.228295 -45.628013 -45.652142 -45.897242 -46.418220 
-8.184226 10.185385 19.926886 15.244524 2.607262 6.301285 -3.528526 -6.677515 -9.979599 -18.298534 -22.044829 -19.098264 -23.357889 -21.382343 -15.799953 -15.771633 -23.036847 -34.876801 -37.099003 -41.182524 -41.399204 -41.654011 -43.412024 -43.075415 -42.963875 -42.516068 -46.417069 -46.931732 -47.077577 -47.423407 -47.751449 -47.750243 -48.559032 -48.273672 -46.219006 -49.239900 -49.418725 -49.776062 -50.147454 -51.079555 
-9.421387 11.051512 19.764749 11.760528 3.340600 4.828828 -7.124822 -5.830711 -15.478340 -15.289794 -20.779500 -22.404060 -20.422840 -18.202940 -19.278418 -22.122765 -27.333976 -28.982852 -30.445743 -31.102257 -32.056549 -32.722013 -33.354462 -34.230603 -34.907787 -35.568787 -36.037497 -36.692345 -37.201447 -37.863562 -38.241586 -38.823214 -39.147270 -39.409250 -39.761639 -40.228221 -40.596875 -40.935323 -40.989972 -41.135384 
-10.916829 10.063776 19.517600 12.354952 3.286739 3.597346 -8.924680 -6.478033 -15.289022 -17.891340 -23.873462 -22.309659 -25.022785 -24.574927 -21.028235 -23.761043 -30.843739 -33.292147 -33.860852 -34.333638 -35.890746 -36.119917 -36.749257 -37.436628 -37.837094 -38.486321 -38.889958 -39.859334 -39.990764 -40.896656 -41.366336 -41.706422 -42.243029 -42.704772 -42.758203 -43.747341 -43.824419 -43.803603 -43.764663 -44.163675 
-9.348431 10.275911 19.418024 13.729446 4.686565 5.326238 -5.002028 -7.984394 -16.522553 -22.165713 -24.454130 -24.186481 -27.406329 -22.293970 -19.484200 -28.066001 -34.502825 -35.277010 -36.143595 -37.050225 -37.436331 -38.248040 -39.060258 -39.342432 -40.222831 -39.611703 -41.210466 -42.106173 -42.306948 -42.840595 -43.408003 -44.029569 -44.581824 -44.566138 -44.564206 -45.583763 -45.778576 -46.035356 -46.397707 -46.709308 
-8.007079 8.162052 15.818330 9.110733 1.759745 -1.609608 -14.101151 -18.199754 -21.993138 -26.749021 -31.541312 -32.952136 -38.950275 -31.619960 -29.602010 -36.074768 -42.472660 -45.690086 -46.785906 -48.542087 -47.458609 -50.448853 -50.846972 -49.870989 -48.198262 -46.533629 -49.786224 -51.242628 -49.499829 -50.579762 -50.351926 -53.017742 -52.468852 -53.121099 -50.462265 -51.831626 -52.681016 -53.982645 -55.309336 -55.391943 
-4.788633 2.301690 6.370174 2.588711 -4.985592 -7.356269 -12.864966 -15.334919 -16.827291 -19.062704 -23.476107 -28.329156 -24.695029 -18.647634 -16.563479 -19.209258 -25.419397 -27.489529 -26.309794 -34.182182 -40.775442 -36.829052 -36.622324 -36.540995 -38.445907 -33.509785 -36.529395 -38.634153 -37.341292 -42.057029 -39.030032 -35.895732 -38.354299 -41.702660 -39.423543 -38.944637 -41.020720 -39.427087 -45.954987 -45.431553 
-3.045511 1.879426 5.360476 4.579562 -1.922836 -7.929451 -4.316131 -7.460464 -13.182157 -10.509179 -18.206751 -22.781406 -19.023316 -6.795020 -4.725080 -5.330562 -13.468296 -20.097944 -15.512897 -23.072418 -23.154002 -24.453710 -21.358819 -21.145248 -23.047165 -23.508520 -23.548337 -29.384614 -26.643914 -25.889766 -26.791685 -26.080399 -27.148466 -29.455066 -29.869129 -28.833374 -31.225470 -30.103435 -32.684502 -35.865277 
-10.131501 3.768290 16.742091 18.158713 8.882114 5.345713 9.930329 6.283510 -0.226326 -5.267328 -9.981002 -8.337621 -5.048446 -5.523998 -6.451784 -9.891314 -16.998983 -15.188918 -18.235549 -19.073942 -17.485666 -21.971450 -21.561928 -27.218061 -29.558878 -21.505035 -22.843980 -28.785014 -28.830708 -25.785445 -26.526122 -30.454461 -33.520842 -32.447620 -30.960191 -30.179620 -30.386714 -31.675787 -33.011948 -31.702308 
-16.694130 5.088959 20.988909 21.987608 7.487571 17.230168 18.373360 11.842424 16.878885 6.085656 0.327124 -1.282159 4.389999 1.195416 5.066233 -3.571198 -13.031349 -17.019849 -25.149900 -28.184472 -26.776631 -28.120879 -28.992369 -31.072520 -29.920389 -24.589720 -28.397612 -32.632591 -31.248888 -30.215503 -29.293612 -31.534994 -34.184696 -37.673149 -35.973997 -32.870347 -36.342782 -37.320605 -35.944591 -32.199512 
-14.664106 0.452920 20.264301 23.482538 9.165899 16.991581 21.463902 8.493480 18.606239 12.537174 3.625886 3.399105 4.246273 6.036800 10.871577 2.210413 -10.987628 -17.976522 -23.656070 -26.734987 -25.606114 -26.514225 -27.678825 -26.766545 -25.347580 -20.643194 -21.017136 -31.531598 -31.531854 -26.072413 -22.631620 -26.778311 -30.443919 -37.719029 -37.118914 -33.877398 -37.334032 -39.040008 -36.039339 -32.676531 
-10.193066 -4.150325 18.653192 23.544161 10.041403 14.422321 22.026427 8.982740 16.358240 15.697567 2.233917 7.026935 2.336333 7.366868 10.843183 8.313276 -10.694161 -14.269456 -15.582550 -19.071225 -19.750083 -20.772070 -21.231230 -22.658979 -22.807644 -19.024382 -15.945682 -23.908231 -24.294163 -20.544891 -18.579386 -23.348614 -26.334267 -28.762655 -28.645445 -27.492632 -29.653652 -30.169317 -29.758251 -27.292945 
-16.285286 -6.868574 17.634969 23.380669 10.483871 11.805089 21.502569 9.621677 14.548323 17.305367 1.422193 8.527128 1.123235 7.625010 8.636159 10.113257 -12.064839 -15.787235 -16.888030 -24.474332 -24.754353 -26.857807 -27.561209 -26.747024 -26.455802 -23.983497 -16.971526 -24.853349 -26.059899 -19.774482 -19.225807 -24.637043 -29.508123 -37.085783 -36.068480 -31.380554 -36.159470 -38.657609 -38.631347 -33.714057 
-21.709465 -6.752879 17.438414 22.756564 9.750199 11.454451 20.380368 8.214930 16.364211 18.109473 2.375216 7.903969 0.769387 7.275901 8.354790 10.034912 -4.665110 -12.680503 -15.286093 -26.441089 -25.502771 -27.800308 -28.751213 -27.002413 -26.438965 -24.355589 -16.987817 -24.502350 -25.865890 -20.150310 -19.043215 -25.238229 -32.335062 -43.639541 -40.713054 -32.789660 -35.769737 -44.608165 -41.063265 -35.700520 
-18.281340 -3.426243 17.848878 21.895824 7.532801 12.827778 19.071678 5.274390 19.742382 17.856409 5.263044 5.622840 3.751204 4.560745 7.870326 5.193287 0.785159 -9.332253 -15.128639 -21.975563 -25.941578 -32.870939 -33.028913 -30.615098 -29.980842 -24.522355 -19.879640 -27.332789 -29.966194 -21.829998 -20.734628 -29.379813 -37.201871 -47.753959 -40.977833 -33.700903 -39.406130 -48.488609 -44.693748 -40.050810 
-11.696118 0.623207 18.847893 20.954348 4.227004 15.146073 17.362894 6.563933 22.271522 15.130564 7.897478 1.883687 5.106422 2.002611 8.500116 6.362032 3.936789 -8.139601 -14.265472 -20.666450 -25.460895 -29.389266 -31.714200 -31.741465 -29.524706 -25.706040 -16.634677 -24.703442 -32.068204 -25.000855 -22.369802 -30.145552 -37.290261 -46.231210 -42.298250 -35.909166 -42.511790 -46.719398 -46.515100 -43.681439 
-20.028161 4.708012 20.082702 19.903479 4.519208 16.838105 15.027978 11.425029 21.612193 9.658396 9.032675 0.267353 4.950537 4.497171 7.624913 11.169249 2.527431 -11.803968 -13.882482 -21.605047 -25.085018 -26.715999 -30.511461 -31.341782 -31.460828 -27.846147 -17.478464 -23.919472 -29.224535 -24.973678 -26.687300 -30.911236 -35.001418 -44.825875 -40.503931 -31.025600 -37.352519 -46.150351 -45.497235 -44.540639 
-16.052407 7.908836 20.910713 18.023388 6.495563 17.256475 11.342151 14.911747 17.103813 7.923088 8.086808 3.718093 4.456990 7.354714 7.963373 10.787159 1.614807 -6.156676 -11.362659 -18.830318 -22.315116 -24.308326 -28.677735 -29.921999 -27.246063 -22.827035 -17.232602 -23.531126 -28.196933 -26.749322 -24.627443 -28.383072 -35.003828 -43.995179 -37.548251 -29.456931 -37.097046 -44.304214 -46.552267 -48.116105 
-12.255194 10.262310 21.251256 16.224810 9.121103 16.528557 8.197539 16.325244 11.324392 11.576950 6.612722 6.416727 2.867073 4.824422 8.347560 7.990559 6.997604 -4.942639 -10.074116 -17.083296 -21.034039 -23.965824 -27.253869 -27.388868 -23.893962 -21.443002 -14.777587 -22.341367 -26.720680 -22.083567 -18.680322 -25.338506 -33.049668 -45.220997 -34.819207 -31.268823 -35.527449 -44.744374 -48.555007 -49.496063 
-13.360451 11.860468 21.142939 14.581987 12.059904 14.764234 8.389943 14.870045 8.301708 13.245757 5.086007 4.828052 3.268283 3.756185 5.642838 7.711855 4.458031 -2.917051 -9.803854 -15.717648 -19.765040 -23.364176 -26.358827 -25.339488 -23.961829 -18.285423 -14.031522 -21.766246 -26.454914 -21.209426 -17.246580 -25.651426 -34.481051 -40.949965 -35.997839 -29.870705 -33.590976 -41.864254 -43.191357 -43.223855 
-10.829823 12.682389 19.924673 12.130950 13.255158 11.981166 8.534048 12.110470 10.493306 11.979033 4.903426 1.133484 2.055297 2.396649 4.022114 5.198376 7.631034 -1.528851 -7.770330 -15.302954 -18.480482 -22.913082 -26.196558 -24.824775 -23.272035 -18.565103 -14.396046 -24.276403 -28.235421 -24.354016 -20.955787 -31.342007 -38.559840 -44.733217 -37.696347 -28.424805 -35.662423 -45.903263 -48.378221 -49.201110 
-4.143951 12.725457 17.214102 10.370927 13.705748 9.756632 9.486806 8.472298 13.014048 9.329394 4.329821 -0.310219 -0.663114 -1.217427 0.041397 1.419623 2.771996 -2.769069 -9.345741 -18.189737 -22.675532 -26.428386 -30.848564 -29.554588 -26.008329 -19.389809 -17.854285 -30.676824 -34.824397 -28.138821 -23.945778 -31.826322 -39.766924 -44.417810 -37.575610 -31.542362 -33.077971 -42.815195 -49.588597 -49.212678 
-4.828637 10.922542 12.459483 7.083388 10.921218 4.813380 5.634673 3.410035 5.864433 0.419883 -2.392762 -5.718127 -5.828892 -8.518876 -6.914673 -8.749574 -7.497922 -8.667969 -19.391098 -29.066056 -30.426076 -32.615579 -36.940211 -35.783801 -36.259418 -27.406962 -25.553948 -36.622459 -38.803768 -36.040024 -27.898271 -39.349429 -43.685539 -45.843956 -40.673229 -34.744923 -37.607196 -44.664790 -49.772940 -49.108600 
-1.363501 9.332690 9.756942 5.808811 4.727130 0.389525 1.417916 2.176812 -3.836853 -10.124424 -13.666019 -12.697437 -14.279606 -18.995367 -16.281635 -17.077258 -19.547344 -15.761314 -24.931722 -29.779953 -39.063610 -40.283238 -41.279084 -35.624679 -35.481488 -31.356818 -32.440918 -38.633863 -42.261185 -36.719620 -28.085290 -37.935662 -45.939734 -46.659469 -44.166928 -39.350348 -43.490525 -45.940852 -47.704057 -48.457974 
-3.335977 -2.699933 -5.126565 0.399507 -0.047467 -7.324707 -11.381707 -7.553631 -9.395063 -19.909253 -20.254252 -26.569669 -24.262439 -28.037287 -18.796024 -20.109403 -22.473757 -15.135506 -26.105327 -37.036311 -44.223522 -45.268382 -47.810412 -45.078244 -44.934037 -36.232088 -37.306319 -44.707064 -50.840786 -47.694482 -37.606915 -42.223041 -50.220676 -53.011432 -49.218192 -45.576419 -48.263713 -51.915546 -53.216719 -53.564774 
-19.310142 -12.452892 -16.313306 -16.373557 -11.474253 -18.878163 -30.321392 -25.168659 -21.956920 -27.112160 -33.033914 -31.470204 -35.857098 -35.167852 -32.202181 -33.046978 -30.619642 -28.711729 -35.740505 -45.877406 -51.615135 -52.910428 -54.094644 -57.325290 -51.218223 -44.744572 -48.697518 -54.270239 -59.976013 -58.219231 -48.616097 -51.633419 -56.358987 -57.435031 -55.679747 -56.126475 -58.317783 -59.237164 -59.087241 -59.549207 
-15.378880 -11.799190 -15.418099 -29.416044 -36.859460 -27.971558 -26.315529 -28.496621 -33.088019 -41.019356 -45.570202 -43.558799 -42.224303 -44.265929 -43.351673 -43.091543 -40.880303 -34.204382 -37.677780 -47.951449 -57.065086 -57.524126 -57.324246 -61.617805 -59.102931 -54.287101 -54.502536 -62.484225 -62.877786 -64.271211 -62.889416 -62.464196 -62.187422 -62.086950 -60.153870 -62.478283 -66.491383 -62.081937 -62.928131 -64.179968 
-32.384725 -27.469255 -25.904039 -34.628181 -40.571699 -44.307130 -39.283089 -38.841259 -37.438356 -47.846393 -55.440236 -58.199138 -52.569612 -53.002066 -53.302206 -55.052936 -51.764756 -47.188112 -49.990412 -58.586844 -61.869573 -60.211031 -60.339712 -61.207331 -62.533217 -66.876769 -64.434876 -64.844069 -67.655934 -67.065318 -64.919846 -65.538032 -66.814606 -68.215950 -67.645026 -67.319702 -64.767141 -66.514567 -67.377062 -69.146646 
-45.334721 -46.433597 -45.923712 -48.205991 -51.854450 -54.736949 -55.022531 -58.745662 -59.055161 -59.916102 -63.395613 -66.672001 -64.069337 -64.170542 -62.798217 -63.038304 -65.575103 -68.191869 -65.818904 -69.479577 -69.200627 -68.206148 -67.044216 -70.650244 -70.046157 -72.144791 -73.723181 -74.552338 -74.614181 -75.832720 -70.173208 -70.443032 -71.209403 -70.995502 -74.094538 -74.557338 -71.794570 -73.756785 -73.331904 -73.817816 
-60.565908 -65.604882 -67.552269 -70.288707 -67.545943 -61.064761 -60.454433 -61.704644 -62.296738 -63.015672 -68.340845 -68.057630 -69.542034 -72.421025 -76.253981 -74.424191 -71.078448 -74.225833 -76.182263 -72.840346 -72.356374 -75.362071 -76.876896 -75.662466 -76.467811 -71.961858 -74.106823 -72.948021 -76.225310 -74.359993 -75.159681 -73.993369 -75.798495 -73.563565 -76.714470 -77.468910 -77.613502 -77.642070 -74.972165 -77.379280 
-60.596485 -74.397739 -68.167339 -65.957025 -73.226268 -75.249464 -73.026599 -72.234134 -70.560056 -72.408691 -72.360750 -71.278557 -69.714685 -74.215051 -78.422320 -74.888752 -74.491325 -76.543344 -76.111109 -74.994724 -76.544373 -75.323812 -80.152611 -76.154177 -74.223940 -71.897785 -75.044963 -76.525244 -76.197042 -75.964995 -76.011633 -76.772145 -75.479767 -76.823325 -81.821588 -77.740704 -78.771315 -79.090074 -80.504388 -80.130373 
-63.353813 -65.413727 -71.777017 -66.749727 -70.729783 -75.174877 -76.160955 -73.631574 -74.976388 -76.012993 -79.678271 -74.421536 -68.790293 -65.466378 -70.391630 -73.381080 -75.354490 -73.178976 -74.690225 -76.240674 -80.179910 -74.439225 -77.131296 -76.263916 -75.476665 -74.737275 -78.249181 -79.432761 -79.916511 -79.966862 -79.150670 -79.225415 -79.167356 -78.739037 -76.130408 -77.457782 -78.775414 -78.552582 -77.475851 -82.557512 
-66.150076 -62.173471 -63.831617 -67.421822 -69.329672 -66.056486 -68.442869 -69.764335 -72.498810 -79.241939 -76.731375 -72.669691 -75.002516 -75.323501 -78.031960 -74.379770 -71.491353 -72.546361 -75.327770 -76.609956 -79.560561 -73.184854 -73.047691 -75.856914 -75.001032 -74.625548 -81.520025 -78.646159 -76.665195 -77.653603 -78.288339 -77.563265 -75.775780 -77.634180 -77.926576 -77.733620 -74.877512 -74.321601 -79.297448 -80.244264 
-68.082273 -68.362147 -68.058270 -66.863822 -66.916975 -67.368566 -69.713686 -69.778372 -72.098748 -73.042238 -70.756051 -71.525268 -75.696387 -76.529917 -75.431902 -67.642540 -72.958804 -77.447594 -73.971857 -75.178840 -78.970313 -75.989856 -75.562400 -76.319874 -75.663465 -73.777856 -80.259583 -76.836920 -80.782261 -81.094548 -79.020359 -79.248905 -79.475731 -80.380348 -80.050627 -79.283214 -77.373705 -77.634281 -77.712482 -79.584175 
-67.726459 -76.635434 -67.467803 -64.793868 -65.447130 -63.744202 -71.049544 -73.147562 -71.908754 -75.219901 -76.778402 -69.728027 -71.941891 -71.347490 -70.954142 -67.699331 -71.920668 -70.879340 -75.187656 -73.123950 -74.331567 -74.757347 -72.545068 -72.961883 -71.818367 -72.951430 -75.656851 -74.264996 -73.966743 -75.584394 -75.816633 -78.716758 -80.381592 -77.535954 -81.145412 -76.546452 -77.932808 -77.031818 -79.174692 -77.204015 
-48.346766 -49.127897 -50.931085 -50.856222 -54.800803 -56.790161 -59.487006 -60.354540 -60.457430 -63.988336 -67.154929 -63.808567 -62.672021 -66.190814 -67.940307 -65.855878 -67.313883 -70.592887 -72.275949 -69.135456 -67.084320 -71.150956 -72.483647 -71.387074 -73.782078 -74.114011 -70.972233 -72.344243 -72.595262 -73.135879 -74.041414 -78.500698 -78.599867 -72.669074 -74.069264 -74.511647 -76.010041 -75.096699 -76.938345 -77.077153 
-15.892075 -19.205897 -26.385894 -28.797104 -28.750387 -17.871653 -14.185455 -14.981303 -16.580384 -19.759690 -23.166443 -22.457223 -20.261150 -20.779136 -16.862750 -14.109934 -12.875938 -17.935812 -22.322404 -14.961686 -15.310267 -26.574039 -24.964390 -31.014741 -34.714312 -38.434872 -41.400050 -42.879923 -51.149490 -53.439972 -41.901971 -39.036867 -37.845767 -41.599692 -40.602972 -43.159995 -43.040229 -41.951079 -45.329805 -46.149923 
-11.534863 -10.651472 -22.377479 -20.285400 -10.070285 -5.758030 -5.084476 -8.590548 -9.967345 -15.250560 -20.492863 -15.386744 -11.500484 -18.641508 -12.133801 -8.554003 -7.615718 -13.769564 -14.435511 -7.051429 -5.041962 -11.570159 -15.429326 -22.889218 -26.992103 -28.882306 -32.968008 -32.611691 -39.820558 -39.412889 -31.671444 -31.389527 -28.519976 -29.399728 -27.573322 -28.612860 -28.991664 -27.697860 -29.545075 -32.918822 
-13.185148 -12.379236 -19.165216 -17.634299 -11.596266 -17.631196 -11.576314 -7.683357 -8.758468 -17.909372 -19.813823 -18.076359 -18.425051 -15.539834 -13.696193 -13.998986 -9.870413 -12.923753 -11.431331 -8.441592 -2.841795 -9.150499 -14.462317 -20.485721 -23.359904 -26.135300 -28.421041 -30.972865 -33.118721 -31.704969 -30.202846 -27.847002 -25.658326 -27.003612 -28.396154 -29.340869 -28.593006 -26.960698 -31.051873 -32.656987 
-15.107594 -13.627205 -17.957096 -12.875840 -15.558909 -14.301166 -9.527035 -9.416187 -7.581432 -12.127302 -16.320280 -20.752582 -15.702082 -13.910698 -14.562010 -14.433589 -12.442690 -12.095603 -9.347635 -9.202803 -3.754231 -6.065196 -14.487149 -20.032649 -25.200028 -22.604310 -25.462248 -29.925397 -31.874843 -30.709147 -28.078103 -25.964149 -24.522773 -25.210341 -25.627017 -32.463703 -29.263131 -28.303727 -31.436346 -32.050334 
-17.649370 -11.172333 -12.057245 -15.961244 -13.980448 -19.646920 -16.067249 -9.054291 -5.011156 -13.242357 -17.571095 -20.639669 -21.632698 -19.759761 -15.200630 -15.220082 -17.661382 -15.937672 -10.228068 -12.708138 -7.241111 -6.458705 -11.305070 -17.996415 -21.176564 -21.564550 -23.686605 -23.168393 -24.544873 -27.261345 -26.305815 -24.077542 -20.814472 -20.013211 -26.623500 -33.101153 -31.183960 -29.412999 -29.137256 -29.574073 
-17.855044 -23.142821 -19.811632 -21.659618 -24.965268 -12.862807 -7.327593 -7.728648 -9.701660 -16.669012 -25.850796 -29.044573 -30.290611 -18.725050 -13.635020 -19.584709 -21.151550 -17.567729 -15.321905 -14.735347 -7.346205 -8.331196 -13.721385 -18.650826 -23.759279 -19.725913 -26.262495 -31.338634 -33.035993 -32.055117 -31.490186 -26.882668 -25.686728 -28.403860 -30.471635 -33.676383 -34.655867 -32.887742 -29.964787 -31.371907 
-14.561505 -15.235545 -17.576174 -21.976588 -25.063802 -17.518333 -17.098038 -16.103549 -14.278918 -17.958561 -23.690966 -25.742958 -24.081421 -19.802971 -14.035820 -21.583414 -19.384949 -19.062940 -16.859932 -14.080372 -13.283634 -10.184179 -13.112778 -22.763058 -25.539470 -26.643473 -27.108678 -29.543228 -33.340778 -32.612911 -39.094324 -32.238158 -30.296068 -30.500563 -34.259979 -39.586501 -37.841427 -36.504265 -34.845817 -36.548211 
-37.175169 -37.980843 -37.853759 -37.652865 -37.492664 -37.836976 -38.057270 -39.122638 -40.700344 -44.946899 -50.925207 -47.626802 -41.528141 -38.463459 -37.551671 -38.393800 -41.692391 -44.205675 -38.738828 -34.388130 -32.229980 -32.165242 -34.482134 -40.224816 -52.315273 -51.536405 -48.052902 -49.803953 -56.681497 -62.827219 -62.381983 -63.143684 -58.783402 -55.214592 -57.144397 -62.880828 -59.884411 -59.242024 -60.580406 -59.664362 
-76.915677 -72.958569 -73.260876 -79.832816 -78.260264 -74.300008 -80.250339 -75.458712 -72.656453 -79.867893 -83.324201 -85.566712 -84.035828 -82.191898 -84.009350 -85.367394 -83.355155 -80.793054 -80.904394 -77.074364 -79.029369 -82.719931 -86.532030 -82.772821 -87.848943 -87.835701 -92.025021 -91.701256 -90.316514 -92.781133 -93.166768 -91.704356 -94.903393 -98.777760 -96.262791 -97.864103 -93.167188 -92.811753 -91.312172 -96.484749 
NaN NaN NaN NaN NaN NaN NaN NaN NaN NaN NaN NaN NaN NaN NaN NaN NaN NaN NaN NaN NaN NaN NaN NaN NaN NaN NaN NaN NaN NaN NaN NaN NaN NaN NaN NaN NaN NaN NaN NaN 
NaN NaN NaN NaN NaN NaN NaN NaN NaN NaN NaN NaN NaN NaN NaN NaN NaN NaN NaN NaN NaN NaN NaN NaN NaN NaN NaN NaN NaN NaN NaN NaN NaN NaN NaN NaN NaN NaN NaN NaN 
NaN NaN NaN NaN NaN NaN NaN NaN NaN NaN NaN NaN NaN NaN NaN NaN NaN NaN NaN NaN NaN NaN NaN NaN NaN NaN NaN NaN NaN NaN NaN NaN NaN NaN NaN NaN NaN NaN NaN NaN 
NaN NaN NaN NaN NaN NaN NaN NaN NaN NaN NaN NaN NaN NaN NaN NaN NaN NaN NaN NaN NaN NaN NaN NaN NaN NaN NaN NaN NaN NaN NaN NaN NaN NaN NaN NaN NaN NaN NaN NaN 
NaN NaN NaN NaN NaN NaN NaN NaN NaN NaN NaN NaN NaN NaN NaN NaN NaN NaN NaN NaN NaN NaN NaN NaN NaN NaN NaN NaN NaN NaN NaN NaN NaN NaN NaN NaN NaN NaN NaN NaN 
NaN NaN NaN NaN NaN NaN NaN NaN NaN NaN NaN NaN NaN NaN NaN NaN NaN NaN NaN NaN NaN NaN NaN NaN NaN NaN NaN NaN NaN NaN NaN NaN NaN NaN NaN NaN NaN NaN NaN NaN 
NaN NaN NaN NaN NaN NaN NaN NaN NaN NaN NaN NaN NaN NaN NaN NaN NaN NaN NaN NaN NaN NaN NaN NaN NaN NaN NaN NaN NaN NaN NaN NaN NaN NaN NaN NaN NaN NaN NaN NaN 
NaN NaN NaN NaN NaN NaN NaN NaN NaN NaN NaN NaN NaN NaN NaN NaN NaN NaN NaN NaN NaN NaN NaN NaN NaN NaN NaN NaN NaN NaN NaN NaN NaN NaN NaN NaN NaN NaN NaN NaN 
NaN NaN NaN NaN NaN NaN NaN NaN NaN NaN NaN NaN NaN NaN NaN NaN NaN NaN NaN NaN NaN NaN NaN NaN NaN NaN NaN NaN NaN NaN NaN NaN NaN NaN NaN NaN NaN NaN NaN NaN 
NaN NaN NaN NaN NaN NaN NaN NaN NaN NaN NaN NaN NaN NaN NaN NaN NaN NaN NaN NaN NaN NaN NaN NaN NaN NaN NaN NaN NaN NaN NaN NaN NaN NaN NaN NaN NaN NaN NaN NaN 
NaN NaN NaN NaN NaN NaN NaN NaN NaN NaN NaN NaN NaN NaN NaN NaN NaN NaN NaN NaN NaN NaN NaN NaN NaN NaN NaN NaN NaN NaN NaN NaN NaN NaN NaN NaN NaN NaN NaN NaN 
NaN NaN NaN NaN NaN NaN NaN NaN NaN NaN NaN NaN NaN NaN NaN NaN NaN NaN NaN NaN NaN NaN NaN NaN NaN NaN NaN NaN NaN NaN NaN NaN NaN NaN NaN NaN NaN NaN NaN NaN 
NaN NaN NaN NaN NaN NaN NaN NaN NaN NaN NaN NaN NaN NaN NaN NaN NaN NaN NaN NaN NaN NaN NaN NaN NaN NaN NaN NaN NaN NaN NaN NaN NaN NaN NaN NaN NaN NaN NaN NaN 
NaN NaN NaN NaN NaN NaN NaN NaN NaN NaN NaN NaN NaN NaN NaN NaN NaN NaN NaN NaN NaN NaN NaN NaN NaN NaN NaN NaN NaN NaN NaN NaN NaN NaN NaN NaN NaN NaN NaN NaN 
