NaN NaN NaN NaN NaN NaN NaN NaN NaN NaN NaN NaN NaN NaN NaN NaN NaN NaN NaN NaN NaN NaN NaN NaN NaN NaN NaN NaN NaN NaN NaN NaN NaN NaN NaN NaN NaN NaN NaN NaN 
NaN NaN NaN NaN NaN NaN NaN NaN NaN NaN NaN NaN NaN NaN NaN NaN NaN NaN NaN NaN NaN NaN NaN NaN NaN NaN NaN NaN NaN NaN NaN NaN NaN NaN NaN NaN NaN NaN NaN NaN 
NaN NaN NaN NaN NaN NaN NaN NaN NaN NaN NaN NaN NaN NaN NaN NaN NaN NaN NaN NaN NaN NaN NaN NaN NaN NaN NaN NaN NaN NaN NaN NaN NaN NaN NaN NaN NaN NaN NaN NaN 
NaN NaN NaN NaN NaN NaN NaN NaN NaN NaN NaN NaN NaN NaN NaN NaN NaN NaN NaN NaN NaN NaN NaN NaN NaN NaN NaN NaN NaN NaN NaN NaN NaN NaN NaN NaN NaN NaN NaN NaN 
NaN NaN NaN NaN NaN NaN NaN NaN NaN NaN NaN NaN NaN NaN NaN NaN NaN NaN NaN NaN NaN NaN NaN NaN NaN NaN NaN NaN NaN NaN NaN NaN NaN NaN NaN NaN NaN NaN NaN NaN 
NaN NaN NaN NaN NaN NaN NaN NaN NaN NaN NaN NaN NaN NaN NaN NaN NaN NaN NaN NaN NaN NaN NaN NaN NaN NaN NaN NaN NaN NaN NaN NaN NaN NaN NaN NaN NaN NaN NaN NaN 
NaN NaN NaN NaN NaN NaN NaN NaN NaN NaN NaN NaN NaN NaN NaN NaN NaN NaN NaN NaN NaN NaN NaN NaN NaN NaN NaN NaN NaN NaN NaN NaN NaN NaN NaN NaN NaN NaN NaN NaN 
NaN NaN NaN NaN NaN NaN NaN NaN NaN NaN NaN NaN NaN NaN NaN NaN NaN NaN NaN NaN NaN NaN NaN NaN NaN NaN NaN NaN NaN NaN NaN NaN NaN NaN NaN NaN NaN NaN NaN NaN 
NaN NaN NaN NaN NaN NaN NaN NaN NaN NaN NaN NaN NaN NaN NaN NaN NaN NaN NaN NaN NaN NaN NaN NaN NaN NaN NaN NaN NaN NaN NaN NaN NaN NaN NaN NaN NaN NaN NaN NaN 
NaN NaN NaN NaN NaN NaN NaN NaN NaN NaN NaN NaN NaN NaN NaN NaN NaN NaN NaN NaN NaN NaN NaN NaN NaN NaN NaN NaN NaN NaN NaN NaN NaN NaN NaN NaN NaN NaN NaN NaN 
NaN NaN NaN NaN NaN NaN NaN NaN NaN NaN NaN NaN NaN NaN NaN NaN NaN NaN NaN NaN NaN NaN NaN NaN NaN NaN NaN NaN NaN NaN NaN NaN NaN NaN NaN NaN NaN NaN NaN NaN 
NaN NaN NaN NaN NaN NaN NaN NaN NaN NaN NaN NaN NaN NaN NaN NaN NaN NaN NaN NaN NaN NaN NaN NaN NaN NaN NaN NaN NaN NaN NaN NaN NaN NaN NaN NaN NaN NaN NaN NaN 
NaN NaN NaN NaN NaN NaN NaN NaN NaN NaN NaN NaN NaN NaN NaN NaN NaN NaN NaN NaN NaN NaN NaN NaN NaN NaN NaN NaN NaN NaN NaN NaN NaN NaN NaN NaN NaN NaN NaN NaN 
NaN NaN NaN NaN NaN NaN NaN NaN NaN NaN NaN NaN NaN NaN NaN NaN NaN NaN NaN NaN NaN NaN NaN NaN NaN NaN NaN NaN NaN NaN NaN NaN NaN NaN NaN NaN NaN NaN NaN NaN 
NaN NaN NaN NaN NaN NaN NaN NaN NaN NaN NaN NaN NaN NaN NaN NaN NaN NaN NaN NaN NaN NaN NaN NaN NaN NaN NaN NaN NaN NaN NaN NaN NaN NaN NaN NaN NaN NaN NaN NaN 
NaN NaN NaN NaN NaN NaN NaN NaN NaN NaN NaN NaN NaN NaN NaN NaN NaN NaN NaN NaN NaN NaN NaN NaN NaN NaN NaN NaN NaN NaN NaN NaN NaN NaN NaN NaN NaN NaN NaN NaN 
NaN NaN NaN NaN NaN NaN NaN NaN NaN NaN NaN NaN NaN NaN NaN NaN NaN NaN NaN NaN NaN NaN NaN NaN NaN NaN NaN NaN NaN NaN NaN NaN NaN NaN NaN NaN NaN NaN NaN NaN 
NaN NaN NaN NaN NaN NaN NaN NaN NaN NaN NaN NaN NaN NaN NaN NaN NaN NaN NaN NaN NaN NaN NaN NaN NaN NaN NaN NaN NaN NaN NaN NaN NaN NaN NaN NaN NaN NaN NaN NaN 
-138.204552 -138.200408 -138.193589 -138.182303 -138.167409 -138.147304 -138.123870 -138.095502 -138.060543 -138.022575 -137.981175 -137.936112 -137.890600 -137.844214 -137.798147 -137.753826 -137.709220 -137.663499 -137.612300 -137.550304 -137.469823 -137.363171 -137.228123 -137.062332 -136.872489 -136.670860 -136.467419 -136.263696 -136.038918 -135.751959 -135.353060 -134.822623 -134.190045 -133.503245 -132.761037 -131.852066 -130.621839 -129.103675 -127.599995 -126.492858 
-55.842902 -62.526333 -74.465590 -73.465425 -73.898062 -74.611870 -74.265733 -76.600253 -75.703521 -75.145269 -77.417294 -79.442334 -78.575892 -78.707917 -77.272477 -77.786003 -80.513367 -85.505196 -84.583245 -83.698586 -83.685084 -81.222352 -81.807057 -93.741120 -89.714538 -83.483826 -83.281542 -80.716165 -87.551910 -82.717306 -84.769316 -84.482978 -85.006744 -83.979467 -84.508177 -84.705429 -84.878161 -82.861775 -83.172117 -85.790530 
-47.197335 -57.985630 -57.733450 -60.539796 -65.011093 -67.429235 -78.470032 -80.129950 -75.029998 -76.413641 -71.576661 -75.139976 -75.677969 -76.492210 -76.749845 -76.539672 -78.651997 -77.310168 -76.341300 -75.450395 -78.902633 -77.893757 -81.248392 -82.236335 -81.660074 -77.373937 -76.903845 -79.111689 -81.354815 -79.556266 -80.787808 -77.878865 -79.509658 -82.771516 -80.298335 -80.848391 -81.328370 -80.684766 -79.413164 -80.325417 
-14.342367 -7.469915 -4.847074 -6.093895 -11.356392 -19.825509 -26.431782 -28.247031 -38.102798 -46.596487 -42.633258 -43.803892 -46.063591 -47.412791 -50.205863 -48.421817 -51.985204 -52.020026 -52.846395 -53.776839 -54.364083 -55.113863 -55.674011 -56.143217 -56.554515 -57.471113 -58.193033 -58.940064 -59.269834 -59.813599 -60.405213 -60.576498 -60.978873 -61.315589 -61.989486 -62.236305 -62.379486 -62.564378 -62.952513 -63.065013 
-5.844686 4.529732 4.822437 2.040706 -3.699853 -22.390410 -26.564541 -25.203659 -32.449021 -33.884370 -35.919781 -38.838526 -42.982851 -39.189203 -40.408750 -45.292315 -50.617766 -56.000756 -55.371851 -58.117191 -59.588351 -59.966681 -56.806651 -57.923729 -58.180044 -59.390393 -58.530845 -61.010904 -63.398484 -62.908796 -62.778851 -61.697201 -60.810339 -60.752900 -63.760080 -63.062363 -63.052170 -63.611389 -62.133606 -62.217712 
-6.600388 5.168608 1.825399 -1.476312 -3.004531 -17.150257 -25.918585 -24.610617 -26.098406 -29.436990 -33.575150 -36.747926 -40.820112 -40.015854 -40.425146 -45.803801 -45.636450 -46.769918 -47.759780 -48.349177 -49.164077 -49.662478 -50.756901 -51.081231 -51.069637 -52.000550 -52.997425 -53.135731 -54.165142 -54.762869 -54.476041 -55.527634 -56.409865 -56.483126 -56.391551 -56.560141 -56.435450 -57.187498 -57.391945 -57.335123 
-6.215876 4.082530 0.313739 0.113248 -6.387130 -23.673204 -25.949192 -24.659084 -28.413263 -35.642417 -37.265318 -37.637964 -38.522552 -40.944888 -42.182697 -43.321673 -44.032454 -44.720345 -45.665192 -46.257197 -47.063642 -47.638977 -48.317271 -49.078744 -49.386797 -49.913453 -50.948373 -51.033546 -51.767665 -52.289771 -52.474574 -53.066258 -53.764350 -53.957508 -54.039247 -54.801313 -54.224943 -55.220212 -55.237419 -55.564358 
-8.440799 4.168731 3.338865 -0.431951 -5.100809 -21.150604 -25.652417 -26.283983 -35.007746 -34.896290 -36.325427 -41.242610 -41.082842 -41.898159 -46.211799 -49.125241 -49.061365 -50.549633 -50.940334 -51.780566 -52.478554 -52.943653 -53.477544 -54.415982 -54.884755 -55.358504 -55.724082 -55.889072 -56.656429 -57.486294 -57.868169 -58.564097 -58.653104 -59.103252 -58.417040 -59.510965 -59.440287 -59.390306 -59.608836 -60.481820 
-11.747478 1.581038 2.374782 -1.685830 -1.464216 -15.238381 -20.212729 -25.432401 -25.817052 -32.734004 -38.815156 -39.992876 -44.270223 -45.080373 -50.224860 -53.090935 -53.048127 -54.240328 -54.793055 -55.844441 -56.306125 -56.908952 -57.336291 -58.507521 -58.573445 -57.957096 -59.904275 -60.912151 -59.358635 -60.897421 -61.154034 -61.634456 -61.549270 -60.635468 -61.637121 -62.191785 -60.958617 -61.417810 -63.801059 -64.654304 
-11.341138 -0.077777 0.464959 -4.320717 -6.051744 -17.275123 -23.334340 -28.238795 -32.692963 -44.928455 -42.516950 -42.808302 -45.933489 -48.423472 -49.713335 -54.101074 -53.560559 -55.038198 -55.982138 -54.763891 -56.230637 -56.480637 -58.401657 -57.985330 -59.143014 -60.204224 -60.736982 -61.193250 -61.681948 -62.034526 -61.752629 -63.516286 -62.895542 -62.919657 -61.198920 -63.540398 -63.344042 -64.263934 -66.223035 -65.306077 
-13.181750 -4.213640 1.680880 1.181412 -0.800480 -3.153441 -8.585473 -17.531238 -18.403375 -22.471564 -28.352200 -25.687404 -22.975459 -24.441715 -27.435200 -32.951154 -36.187709 -36.904871 -33.754726 -32.539565 -34.054960 -36.665208 -37.974291 -40.730407 -39.719951 -38.960347 -37.862258 -39.723282 -41.662949 -44.047257 -45.275313 -43.932394 -43.674659 -44.454047 -45.397124 -45.451078 -46.758834 -45.314643 -46.476602 -47.773680 
-9.308025 3.257629 13.715004 12.498243 3.756393 12.384027 9.880197 5.860875 2.804332 -4.670883 -3.616044 -6.250635 -7.691074 -3.075373 -10.476279 -25.758301 -18.666514 -19.967203 -17.875552 -23.129426 -24.172904 -22.147433 -23.886243 -27.309790 -27.676338 -27.905241 -32.724354 -31.769904 -25.507173 -29.765360 -30.229905 -26.159693 -26.817214 -32.584055 -33.588525 -30.638639 -33.445078 -35.796474 -33.992875 -36.288738 
-16.013706 2.400020 16.719552 16.626450 4.953750 18.829694 19.119929 10.771098 13.566484 2.487237 6.098670 0.108668 4.603867 8.267023 2.963251 -13.785494 -17.141043 -19.030313 -17.791886 -20.249155 -20.706612 -23.967562 -25.909342 -19.225559 -17.910210 -23.367501 -27.821004 -21.649448 -18.260189 -27.497325 -31.628903 -27.318368 -30.417921 -32.212723 -32.821961 -29.779658 -30.668434 -32.944133 -30.692766 -32.754907 
-14.749627 -2.400970 15.719537 18.817531 4.954903 20.540450 26.093513 13.127751 13.425274 8.164037 6.938751 8.688591 8.318819 9.036185 3.741839 -3.446204 -8.428797 -18.179732 -19.766113 -22.885964 -24.260028 -25.042638 -23.743746 -16.641472 -11.194622 -19.388737 -22.678729 -16.936997 -13.555370 -24.292038 -27.551866 -26.196851 -30.165659 -36.736808 -36.027216 -29.453049 -28.995579 -27.888780 -34.439175 -36.022599 
-13.132448 -8.130639 12.088399 19.062951 8.410128 18.106820 29.055441 20.401136 4.189899 11.014985 2.024783 11.644235 5.344548 12.108025 2.080319 -1.586781 -9.737016 -13.783507 -17.493350 -19.941720 -20.827844 -22.445374 -20.895123 -17.158981 -9.457650 -13.054121 -20.570977 -17.293042 -13.340525 -17.860528 -21.756483 -21.234698 -25.377635 -31.594269 -31.318373 -26.160647 -27.821619 -28.056278 -29.286408 -31.790046 
-19.076920 -14.524990 6.885725 17.267968 9.257605 12.201214 27.879816 23.609329 -1.561642 12.017836 0.558268 9.851962 7.321365 13.347217 9.696958 -6.589038 -14.695508 -13.470132 -22.086281 -24.187939 -27.705101 -29.028156 -25.046377 -22.543313 -13.079084 -15.163914 -22.199330 -19.904105 -14.776678 -19.209937 -22.082068 -20.286857 -26.219118 -41.442192 -39.528814 -29.127709 -28.540597 -25.011442 -28.820806 -33.273293 
-18.674705 -16.185326 4.539352 15.948394 8.730030 5.913898 25.498783 24.196812 -0.962379 13.818269 3.320457 9.329625 8.794100 11.786881 12.905364 -11.100657 -16.068246 -13.943178 -21.657413 -23.488255 -26.298061 -26.431817 -23.785364 -25.808614 -16.185485 -16.877438 -22.248480 -19.568536 -17.945090 -19.071395 -24.640219 -22.701872 -28.046124 -38.693475 -37.057889 -27.648331 -27.437875 -28.548167 -31.131374 -34.418628 
-21.396591 -24.641096 5.920725 16.343722 8.408322 5.281890 24.863258 22.685704 1.822288 15.956544 4.353179 10.670180 8.424856 13.617427 13.339834 -4.438730 -10.833643 -11.801204 -19.382295 -23.141502 -24.571205 -26.565246 -26.520989 -24.079257 -15.566712 -12.948961 -17.337577 -17.657472 -13.085946 -14.244161 -20.165219 -20.053650 -27.569713 -41.106127 -35.391558 -22.708262 -23.322887 -27.409337 -36.418217 -38.776528 
-17.635117 -19.844796 7.259746 16.620382 7.248296 7.160610 24.369121 19.516703 5.706932 17.684822 3.907685 11.892286 6.027721 16.531701 12.327967 -1.312317 -9.102424 -9.661695 -18.887782 -20.522043 -22.855611 -25.775112 -24.291304 -20.537353 -18.373109 -12.780126 -18.966790 -16.901397 -10.972325 -13.349426 -19.344839 -19.373312 -26.741773 -39.103059 -35.621784 -25.262829 -24.381462 -25.475962 -31.661318 -38.774262 
-21.927959 -16.284529 9.860612 16.414575 5.039440 12.762711 24.611684 16.059068 13.809463 16.947263 5.271285 11.687160 6.203158 16.601076 7.741849 1.922734 -8.489745 -13.567977 -18.731880 -18.897318 -20.786369 -21.891033 -20.747582 -20.830931 -18.445416 -14.363590 -19.963255 -18.320275 -15.340322 -18.111838 -24.628258 -21.631398 -26.600260 -35.009123 -32.087897 -22.155030 -22.807553 -25.569290 -32.896537 -36.005594 
-18.882017 -7.993777 12.839686 16.216693 2.462623 17.317192 23.488531 11.957066 20.331126 13.740575 9.514245 8.654312 9.620496 9.957950 9.382458 2.022689 -7.567729 -15.945009 -18.763830 -19.641234 -21.133517 -20.594420 -20.190435 -20.397188 -14.162685 -10.474031 -17.229267 -18.590981 -12.683529 -15.314898 -21.535571 -19.753763 -26.265943 -34.912147 -28.421598 -18.052764 -23.287325 -28.904663 -31.553248 -33.946228 
-12.958722 1.161259 15.389635 15.615156 3.555800 18.605080 18.239179 16.753221 25.046569 13.761387 13.405768 5.205640 9.738878 11.435076 13.515173 0.697226 -10.636819 -15.646062 -20.020430 -23.408247 -26.782762 -26.072457 -28.162851 -26.280382 -21.081622 -15.202726 -21.673104 -21.099051 -17.407383 -20.045775 -27.617236 -25.180561 -29.944313 -42.901300 -38.231796 -27.786901 -28.141463 -30.719231 -35.744321 -33.813475 
-25.596397 3.388763 16.410128 13.623914 7.896909 14.922364 6.164704 22.780083 23.634710 13.807398 10.929000 8.855598 7.301075 14.515293 10.958643 2.927926 -9.308445 -14.182001 -18.127561 -21.931815 -23.936815 -24.376680 -23.498173 -24.873030 -18.982360 -15.467872 -19.917096 -17.260778 -14.268598 -20.129367 -24.036976 -23.115730 -30.413264 -45.474085 -40.662168 -30.968886 -26.163685 -27.342411 -34.345437 -36.994950 
-15.662382 6.559714 16.054698 10.427555 11.982056 15.229901 13.100276 24.804611 18.106346 16.089857 7.765608 7.458252 6.481841 9.986419 12.676448 -2.292403 -11.618733 -17.635267 -19.895566 -22.145803 -24.328266 -23.053609 -25.157017 -24.315853 -18.647391 -15.753848 -20.741078 -18.685625 -16.145068 -20.941217 -24.133684 -26.048670 -30.388503 -38.515279 -34.875259 -26.697690 -28.118358 -27.880139 -32.214404 -33.065031 
-10.061744 8.477729 15.292307 8.068298 14.911531 14.382624 16.729219 20.532078 16.130089 13.484035 8.492947 5.122026 1.720173 13.287673 11.671977 -0.684242 -8.487596 -13.174065 -18.121569 -20.465499 -22.682965 -22.703771 -21.672311 -21.084077 -15.642479 -16.834351 -21.100191 -19.430969 -17.197541 -21.734160 -27.702783 -31.380082 -33.630640 -43.146670 -38.869928 -27.121216 -26.722831 -29.162763 -35.021127 -39.575715 
-8.624016 9.617218 14.615797 7.961100 16.259119 12.368723 16.432078 14.359969 18.778652 11.477622 5.890790 4.461630 4.624035 11.093477 8.890834 0.151853 -10.716770 -15.674068 -22.479091 -25.446653 -26.548711 -26.660336 -25.216061 -23.605262 -17.910887 -19.275966 -26.853351 -24.491150 -20.135740 -23.535710 -25.966671 -26.325142 -31.277190 -46.230998 -42.118106 -27.351387 -26.407768 -29.757598 -39.218319 -40.781632 
-6.794571 9.490304 12.399504 7.862519 15.509577 9.131790 15.514282 13.838998 20.591571 9.122731 1.467469 4.540438 3.535740 7.108011 8.561521 -1.192508 -12.445953 -17.007924 -22.868468 -26.461315 -30.476642 -29.876757 -28.604417 -24.543034 -19.445786 -21.959925 -27.704942 -26.314468 -24.682604 -28.969287 -32.769527 -31.870713 -36.712031 -43.908474 -42.346395 -30.351404 -32.126906 -34.708358 -39.772549 -40.992851 
-7.521074 8.795170 10.559756 8.481400 12.821266 8.559615 13.323986 16.810520 18.400074 4.134256 0.499214 0.738747 -0.564159 5.335938 4.564792 -3.982292 -16.116978 -22.136216 -27.245566 -28.865819 -33.606265 -30.481485 -28.855072 -26.432042 -20.679693 -24.597833 -29.937588 -26.305338 -21.982427 -25.087730 -31.937372 -30.685635 -36.454517 -43.596958 -41.789955 -33.375808 -30.905974 -30.588780 -35.765620 -40.436886 
-7.953212 7.182904 7.375031 5.994184 8.426318 5.816556 7.267188 15.817967 12.643699 0.866784 0.027077 -5.241792 -8.635114 -2.525228 3.582419 -8.286307 -16.136057 -28.700476 -32.162769 -31.456421 -34.353969 -32.975866 -32.811488 -35.174474 -28.345906 -32.628417 -40.006628 -34.271147 -28.371821 -31.264230 -37.508362 -32.935405 -33.711988 -44.329050 -46.806477 -37.082789 -35.328880 -35.968792 -40.201739 -42.041652 
-11.865255 2.833767 2.903694 2.025153 2.925273 -0.092080 2.461422 9.728035 2.409552 -10.744014 -7.523784 -14.117891 -13.074120 -3.436090 -2.291851 -18.184470 -25.516472 -30.070334 -33.789046 -33.353193 -35.621264 -35.485311 -36.166608 -34.829501 -33.027129 -37.318786 -39.457426 -39.444744 -37.785828 -35.984799 -40.179247 -37.956367 -37.529668 -42.974590 -42.828314 -37.154270 -37.332964 -34.868083 -36.629908 -39.671026 
-13.470909 -2.338486 -1.421966 -5.337049 -3.476574 -2.653739 0.389005 -0.089042 -4.041974 -17.341974 -13.722824 -17.942636 -17.464320 -13.339886 -7.774412 -15.618621 -27.977707 -37.900410 -37.743296 -42.732667 -44.836075 -44.900620 -43.281561 -40.103768 -35.384840 -39.647556 -46.091712 -45.127889 -47.704216 -42.493097 -41.799341 -44.016009 -43.381681 -46.410382 -47.883920 -44.261492 -40.503260 -38.942492 -38.965886 -39.437520 
-15.097116 -6.240493 -3.788900 -5.893110 -4.679310 -10.305452 -4.319061 -8.579294 -13.257728 -22.023296 -20.999788 -21.205270 -15.774643 -10.163257 -2.793975 -8.702396 -25.233072 -34.238157 -35.882172 -40.622946 -46.352513 -46.861197 -44.751503 -43.008132 -45.788611 -50.199390 -50.627961 -52.784082 -50.475312 -44.303642 -44.682127 -42.167305 -45.224707 -49.630215 -50.899677 -47.189773 -43.055539 -41.369534 -39.726737 -39.657388 
-15.151152 -12.207757 -24.178542 -20.733271 -11.665385 -12.515402 -13.806917 -21.580274 -24.018760 -27.659379 -23.887102 -28.259399 -25.099720 -14.783642 -12.100522 -15.540153 -27.551599 -42.177623 -38.819347 -47.048603 -51.306898 -51.737568 -53.000779 -49.342539 -50.063594 -56.981096 -55.512140 -55.753976 -53.432763 -45.831364 -48.904349 -49.637449 -48.762777 -55.047728 -55.522698 -54.580464 -47.997006 -44.817981 -42.184805 -41.729234 
-22.166386 -20.036360 -25.540385 -34.827146 -27.176514 -24.286104 -29.939080 -31.670118 -35.482656 -41.585113 -45.918076 -45.512697 -41.664163 -33.895094 -28.219038 -28.715715 -38.330079 -54.909787 -56.742410 -57.849845 -59.390136 -60.674575 -61.118386 -61.573955 -63.651157 -65.679065 -63.653165 -64.392413 -64.889771 -61.484512 -57.916213 -60.014069 -61.641780 -65.738751 -68.394393 -63.682223 -65.505019 -61.843952 -61.797359 -63.562769 
-42.597723 -39.882293 -39.883838 -35.886878 -36.437641 -42.360612 -40.468979 -42.172393 -41.951710 -48.742210 -51.299472 -57.359584 -56.761890 -55.927789 -55.597853 -60.600949 -66.690630 -68.701330 -71.787373 -69.986796 -70.550118 -74.134427 -78.293867 -78.711835 -76.641837 -77.000944 -75.605593 -77.150801 -77.514607 -73.435780 -72.360551 -76.976083 -77.533071 -75.340100 -77.415971 -77.938408 -78.246821 -80.403816 -78.976102 -81.495673 
-54.757022 -56.215959 -50.161814 -52.336495 -52.086634 -55.758176 -56.318646 -65.796685 -62.131766 -59.343266 -66.103003 -67.203516 -72.184236 -68.809490 -68.172150 -74.049355 -72.317269 -72.191752 -75.965896 -78.503342 -76.223837 -79.994270 -80.611492 -79.770994 -78.369110 -78.007302 -82.049588 -83.239335 -79.636596 -78.274504 -78.854353 -81.635097 -81.325236 -79.024080 -79.235144 -80.787588 -80.557862 -82.292710 -84.483996 -83.066008 
-52.527506 -54.557862 -56.439299 -59.858235 -67.123057 -64.375734 -62.623486 -64.606022 -67.580762 -81.027055 -80.551280 -74.600393 -76.008097 -91.994524 -77.346579 -72.822263 -74.910347 -80.607948 -80.295080 -79.610412 -83.601150 -78.575153 -80.089308 -79.785877 -81.633606 -79.043908 -82.685841 -79.600795 -79.174502 -79.583548 -81.424686 -85.160554 -86.102875 -86.052431 -85.380326 -84.083974 -87.169755 -83.726254 -83.697365 -83.804052 
-62.224507 -62.329882 -68.212946 -68.518508 -64.845284 -64.857527 -65.484901 -67.756515 -72.132881 -73.509322 -77.856357 -73.173039 -75.182336 -80.261010 -78.271099 -77.501162 -82.125319 -85.445828 -84.728292 -81.911215 -81.279509 -80.555469 -79.602348 -83.021365 -81.330026 -80.674717 -82.477716 -81.231557 -83.431767 -82.329705 -81.930418 -83.383045 -82.154042 -87.020631 -88.324955 -87.149711 -86.952285 -84.590175 -85.302182 -83.929414 
-67.755976 -68.148714 -70.782265 -71.202500 -68.802435 -69.702294 -71.441818 -75.653716 -79.110815 -79.132055 -83.506803 -84.557480 -81.289420 -79.682356 -81.470104 -79.937788 -83.621531 -87.721376 -83.633049 -84.733250 -82.897365 -85.386307 -83.335139 -85.510744 -82.527808 -83.132866 -86.588614 -86.706320 -87.357304 -86.634839 -85.089982 -86.588401 -85.094523 -84.755975 -87.101476 -89.287560 -89.088789 -87.355959 -87.254170 -89.218837 
-69.217347 -68.635838 -67.614650 -69.276328 -70.348639 -68.591034 -72.091793 -71.179881 -71.953343 -75.448009 -73.043538 -77.723925 -75.371839 -77.359394 -78.000706 -79.516183 -81.537705 -84.787006 -83.978911 -83.421226 -81.972406 -81.555677 -82.690093 -84.342631 -83.489742 -84.206709 -86.907685 -87.628058 -86.367419 -88.195954 -90.272132 -90.519113 -88.917927 -85.513927 -84.614631 -83.224984 -85.951043 -86.235247 -87.458608 -87.704497 
-55.616040 -60.050799 -66.157192 -69.303661 -71.374339 -73.663018 -70.879726 -69.985534 -81.215460 -78.745396 -74.845650 -78.172111 -78.858107 -78.272113 -77.551683 -77.728210 -76.377377 -79.670137 -77.947071 -80.589552 -81.166471 -82.435572 -80.435748 -80.128376 -82.098596 -81.179309 -83.943665 -86.549268 -82.988860 -82.243300 -82.847996 -85.094708 -83.206129 -84.397355 -83.022026 -82.696744 -84.044350 -83.874400 -82.980422 -84.693432 
-37.595457 -36.321235 -34.626170 -33.030057 -31.831567 -31.372906 -31.163252 -31.732824 -32.819670 -34.614663 -37.143459 -39.900491 -41.014080 -40.044922 -38.350361 -36.661191 -35.029995 -33.649588 -32.904541 -33.037057 -34.426138 -37.736392 -44.445916 -54.535600 -52.650973 -56.253028 -62.954069 -59.712970 -63.726898 -68.856961 -66.392288 -66.479814 -62.628635 -63.201114 -64.944132 -68.216455 -66.333431 -67.825594 -69.459214 -70.763109 
-16.139271 -16.436243 -22.635492 -21.841060 -12.630361 -8.519413 -6.643959 -9.752559 -16.712850 -19.378616 -16.833376 -21.579128 -19.368798 -24.362774 -17.123065 -17.358368 -13.483330 -14.728630 -14.111931 -9.072134 -14.933567 -17.817206 -22.160056 -31.804711 -34.497009 -36.453439 -40.337789 -45.141712 -45.283957 -39.795409 -37.206927 -36.348677 -35.741720 -37.647626 -40.458944 -40.381823 -40.074831 -44.802519 -40.581978 -35.788458 
-16.840359 -15.406705 -22.937362 -21.725320 -15.166943 -17.235213 -9.355249 -10.530744 -15.127589 -21.641216 -16.854403 -18.622809 -20.208124 -19.513735 -18.395240 -20.266631 -18.088327 -19.654541 -19.007561 -9.929401 -13.353048 -17.000048 -20.889250 -25.105474 -28.003040 -29.412057 -35.127178 -34.237311 -38.940063 -35.691548 -31.878877 -27.476240 -28.337064 -28.500545 -31.056971 -34.356570 -34.238191 -33.210461 -31.750073 -32.313490 
-20.509557 -16.166575 -20.330271 -31.205781 -27.657446 -20.859748 -9.719695 -10.912795 -19.657825 -27.961935 -24.093891 -22.860577 -22.187569 -24.119828 -24.000644 -23.369423 -20.451339 -18.928977 -15.412604 -9.130231 -14.916176 -17.346639 -21.730892 -25.157496 -28.090137 -29.851899 -34.678869 -36.814994 -37.602375 -35.682132 -34.324676 -29.134115 -28.918704 -29.201444 -31.568471 -33.017511 -34.370833 -30.321082 -30.548237 -34.891053 
-28.040293 -25.558894 -26.204610 -27.248187 -26.281053 -22.146642 -18.795477 -21.090163 -27.916732 -35.439932 -36.367039 -33.421257 -35.611722 -31.674732 -31.723041 -30.396608 -27.015265 -23.847431 -16.774728 -14.370161 -23.527649 -27.662773 -30.985881 -38.629683 -42.490249 -44.877091 -42.964623 -44.050091 -43.161520 -41.388989 -40.438858 -40.757668 -39.528898 -38.152876 -40.621822 -46.023692 -50.516626 -40.021946 -39.983971 -44.854933 
-66.684767 -70.096531 -70.543966 -65.136012 -67.302027 -67.710995 -63.390469 -64.998533 -74.236580 -79.747203 -74.178522 -73.995659 -71.383632 -79.284134 -78.038728 -73.353132 -74.367427 -75.030624 -62.429081 -66.148216 -73.107263 -71.086982 -74.545502 -77.030617 -80.323831 -77.420073 -79.601848 -80.594675 -81.290614 -81.273175 -80.407884 -80.404701 -83.453352 -84.559283 -82.621668 -85.110791 -82.948149 -81.890228 -82.015247 -82.272644 
-81.836539 -81.389354 -80.161542 -78.884356 -78.860476 -81.177584 -87.113745 -99.444897 -94.670344 -95.534420 -94.202821 -91.691444 -89.932615 -95.016727 -96.403837 -92.283659 -88.468765 -84.373947 -79.195122 -82.603493 -85.953462 -88.592066 -97.160053 -92.982905 -94.615086 -96.455926 -91.773968 -90.974027 -92.913900 -98.591279 -98.031809 -98.807234 -101.311310 -97.491804 -101.250764 -104.695006 -99.688014 -94.299878 -99.741137 -103.162873 
NaN NaN NaN NaN NaN NaN NaN NaN NaN NaN NaN NaN NaN NaN NaN NaN NaN NaN NaN NaN NaN NaN NaN NaN NaN NaN NaN NaN NaN NaN NaN NaN NaN NaN NaN NaN NaN NaN NaN NaN 
NaN NaN NaN NaN NaN NaN NaN NaN NaN NaN NaN NaN NaN NaN NaN NaN NaN NaN NaN NaN NaN NaN NaN NaN NaN NaN NaN NaN NaN NaN NaN NaN NaN NaN NaN NaN NaN NaN NaN NaN 
NaN NaN NaN NaN NaN NaN NaN NaN NaN NaN NaN NaN NaN NaN NaN NaN NaN NaN NaN NaN NaN NaN NaN NaN NaN NaN NaN NaN NaN NaN NaN NaN NaN NaN NaN NaN NaN NaN NaN NaN 
NaN NaN NaN NaN NaN NaN NaN NaN NaN NaN NaN NaN NaN NaN NaN NaN NaN NaN NaN NaN NaN NaN NaN NaN NaN NaN NaN NaN NaN NaN NaN NaN NaN NaN NaN NaN NaN NaN NaN NaN 
NaN NaN NaN NaN NaN NaN NaN NaN NaN NaN NaN NaN NaN NaN NaN NaN NaN NaN NaN NaN NaN NaN NaN NaN NaN NaN NaN NaN NaN NaN NaN NaN NaN NaN NaN NaN NaN NaN NaN NaN 
NaN NaN NaN NaN NaN NaN NaN NaN NaN NaN NaN NaN NaN NaN NaN NaN NaN NaN NaN NaN NaN NaN NaN NaN NaN NaN NaN NaN NaN NaN NaN NaN NaN NaN NaN NaN NaN NaN NaN NaN 
NaN NaN NaN NaN NaN NaN NaN NaN NaN NaN NaN NaN NaN NaN NaN NaN NaN NaN NaN NaN NaN NaN NaN NaN NaN NaN NaN NaN NaN NaN NaN NaN NaN NaN NaN NaN NaN NaN NaN NaN 
NaN NaN NaN NaN NaN NaN NaN NaN NaN NaN NaN NaN NaN NaN NaN NaN NaN NaN NaN NaN NaN NaN NaN NaN NaN NaN NaN NaN NaN NaN NaN NaN NaN NaN NaN NaN NaN NaN NaN NaN 
NaN NaN NaN NaN NaN NaN NaN NaN NaN NaN NaN NaN NaN NaN NaN NaN NaN NaN NaN NaN NaN NaN NaN NaN NaN NaN NaN NaN NaN NaN NaN NaN NaN NaN NaN NaN NaN NaN NaN NaN 
NaN NaN NaN NaN NaN NaN NaN NaN NaN NaN NaN NaN NaN NaN NaN NaN NaN NaN NaN NaN NaN NaN NaN NaN NaN NaN NaN NaN NaN NaN NaN NaN NaN NaN NaN NaN NaN NaN NaN NaN 
NaN NaN NaN NaN NaN NaN NaN NaN NaN NaN NaN NaN NaN NaN NaN NaN NaN NaN NaN NaN NaN NaN NaN NaN NaN NaN NaN NaN NaN NaN NaN NaN NaN NaN NaN NaN NaN NaN NaN NaN 
NaN NaN NaN NaN NaN NaN NaN NaN NaN NaN NaN NaN NaN NaN NaN NaN NaN NaN NaN NaN NaN NaN NaN NaN NaN NaN NaN NaN NaN NaN NaN NaN NaN NaN NaN NaN NaN NaN NaN NaN 
NaN NaN NaN NaN NaN NaN NaN NaN NaN NaN NaN NaN NaN NaN NaN NaN NaN NaN NaN NaN NaN NaN NaN NaN NaN NaN NaN NaN NaN NaN NaN NaN NaN NaN NaN NaN NaN NaN NaN NaN 
NaN NaN NaN NaN NaN NaN NaN NaN NaN NaN NaN NaN NaN NaN NaN NaN NaN NaN NaN NaN NaN NaN NaN NaN NaN NaN NaN NaN NaN NaN NaN NaN NaN NaN NaN NaN NaN NaN NaN NaN 
NaN NaN NaN NaN NaN NaN NaN NaN NaN NaN NaN NaN NaN NaN NaN NaN NaN NaN NaN NaN NaN NaN NaN NaN NaN NaN NaN NaN NaN NaN NaN NaN NaN NaN NaN NaN NaN NaN NaN NaN 
NaN NaN NaN NaN NaN NaN NaN NaN NaN NaN NaN NaN NaN NaN NaN NaN NaN NaN NaN NaN NaN NaN NaN NaN NaN NaN NaN NaN NaN NaN NaN NaN NaN NaN NaN NaN NaN NaN NaN NaN 
NaN NaN NaN NaN NaN NaN NaN NaN NaN NaN NaN NaN NaN NaN NaN NaN NaN NaN NaN NaN NaN NaN NaN NaN NaN NaN NaN NaN NaN NaN NaN NaN NaN NaN NaN NaN NaN NaN NaN NaN 
NaN NaN NaN NaN NaN NaN NaN NaN NaN NaN NaN NaN NaN NaN NaN NaN NaN NaN NaN NaN NaN NaN NaN NaN NaN NaN NaN NaN NaN NaN NaN NaN NaN NaN NaN NaN NaN NaN NaN NaN 
NaN NaN NaN NaN NaN NaN NaN NaN NaN NaN NaN NaN NaN NaN NaN NaN NaN NaN NaN NaN NaN NaN NaN NaN NaN NaN NaN NaN NaN NaN NaN NaN NaN NaN NaN NaN NaN NaN NaN NaN 
NaN NaN NaN NaN NaN NaN NaN NaN NaN NaN NaN NaN NaN NaN NaN NaN NaN NaN NaN NaN NaN NaN NaN NaN NaN NaN NaN NaN NaN NaN NaN NaN NaN NaN NaN NaN NaN NaN NaN NaN 
-80.455314 -80.451976 -80.446422 -80.437049 -80.424355 -80.406557 -80.384829 -80.357000 -80.320115 -80.276355 -80.223518 -80.158776 -80.084114 -79.995748 -79.893170 -79.777886 -79.645577 -79.499043 -79.336559 -79.159142 -78.964919 -78.752519 -78.525932 -78.280729 -78.018581 -77.743278 -77.457247 -77.164921 -76.865784 -76.561540 -76.253472 -75.947355 -75.647866 -75.356487 -75.075281 -74.809022 -74.562162 -74.340477 -74.167031 -74.083220 
-77.996906 -77.993442 -77.987679 -77.977948 -77.964763 -77.946264 -77.923667 -77.894702 -77.856283 -77.810675 -77.755583 -77.688071 -77.610238 -77.518194 -77.411488 -77.291780 -77.154689 -77.003204 -76.835580 -76.652834 -76.452944 -76.234391 -76.001243 -75.749083 -75.479971 -75.198228 -74.906564 -74.609266 -74.305171 -73.995517 -73.681951 -73.371443 -73.069205 -72.775424 -72.490713 -72.221660 -71.975037 -71.748070 -71.544550 -71.407441 
NaN NaN NaN NaN NaN NaN NaN NaN NaN NaN NaN NaN NaN NaN NaN NaN NaN NaN NaN NaN NaN NaN NaN NaN NaN NaN NaN NaN NaN NaN NaN NaN NaN NaN NaN NaN NaN NaN NaN NaN 
NaN NaN NaN NaN NaN NaN NaN NaN NaN NaN NaN NaN NaN NaN NaN NaN NaN NaN NaN NaN NaN NaN NaN NaN NaN NaN NaN NaN NaN NaN NaN NaN NaN NaN NaN NaN NaN NaN NaN NaN 
