-15.253728 -16.530836 -18.903247 -14.179628 -15.430214 -17.268639 -14.975521 -16.753134 -22.755543 -27.563065 -37.583379 -29.310971 -22.942345 -20.138904 -18.036179 -19.413423 -16.377361 -19.366188 -26.210013 -26.429673 -29.031631 -25.442715 -27.469347 -30.134943 -33.352990 -29.387284 -32.906743 -32.874928 -33.084028 -31.242078 -37.161219 -42.345768 -40.743030 -36.928141 -37.325526 -40.287300 -38.851256 -43.772795 -44.414485 -42.202621 
-16.942162 -13.310813 -1.626539 1.285806 -9.097822 -6.761613 -3.286153 -6.829319 -18.166554 -19.340424 -24.834266 -19.237936 -10.106395 -2.231518 -3.602166 -2.794768 -8.197051 -12.269225 -14.449045 -16.596527 -15.397468 -13.773773 -19.935448 -21.114778 -22.374475 -24.286918 -23.732275 -22.676963 -23.732431 -24.716758 -28.386747 -27.605923 -28.955425 -26.992964 -26.947826 -30.286597 -30.038225 -31.373005 -30.073680 -29.957879 
-12.531987 -6.957666 7.889399 14.103661 8.582169 -4.391543 1.126375 3.169700 -8.734641 -17.204342 -13.214299 -11.028606 -9.204143 -3.576161 -3.490991 -2.516575 -3.637959 -11.930903 -20.884123 -18.212206 -17.976062 -16.633563 -17.285719 -21.268899 -23.064020 -24.196865 -25.289489 -25.760116 -24.748691 -29.469492 -29.552427 -28.142351 -25.913431 -30.117014 -32.251746 -31.209975 -29.188337 -29.758233 -33.967381 -34.768388 
-13.743075 -5.833225 13.285139 21.552376 14.128165 2.482747 15.396741 13.520490 -2.605137 0.728204 -9.739355 1.706360 -1.033932 3.849721 3.203992 -3.647551 -8.801342 -13.837579 -17.218780 -18.555394 -20.676349 -24.861304 -27.483872 -30.354758 -29.812669 -30.466684 -31.814867 -30.542545 -31.637399 -31.003227 -29.599092 -34.131426 -36.813532 -37.781635 -37.732684 -37.665673 -36.958131 -37.822306 -39.157697 -39.483213 
-19.243520 -16.381906 11.881119 22.647467 14.829568 1.367079 18.350981 15.883200 -7.396104 1.892844 -4.749279 2.991165 0.881472 5.654215 5.538477 4.111672 2.579179 -6.107006 -13.603005 -14.644400 -15.104100 -22.813665 -32.448908 -34.620499 -36.428572 -36.164243 -36.767967 -36.933243 -36.881742 -33.220795 -28.576373 -33.141983 -37.449206 -39.903579 -40.557760 -39.703618 -41.519516 -41.299514 -41.906548 -41.637036 
-13.309194 -15.534582 9.099563 22.701807 17.121957 -2.481044 16.544893 18.791432 -3.037802 4.269843 2.065838 0.372275 5.813796 0.754680 6.451569 5.087286 10.925770 1.520519 -4.795978 -10.448911 -9.572005 -17.710939 -25.168525 -27.042119 -28.680811 -29.737063 -30.522693 -30.795327 -30.877123 -26.467573 -23.216411 -28.285927 -32.788329 -34.954970 -35.362970 -35.557020 -35.946478 -36.299461 -36.439674 -36.530225 
-19.439411 -17.759853 6.371428 22.126158 18.247200 -6.004892 13.124574 18.400086 -2.535403 6.489653 7.691382 -2.461434 7.345947 -3.830068 6.894357 -1.426452 6.679048 2.282850 4.902230 -4.230561 -5.732666 -10.776110 -26.298597 -27.656490 -30.153630 -31.678281 -31.930565 -31.859581 -31.957479 -23.778263 -21.788542 -25.379530 -30.956819 -35.483020 -35.839038 -35.264551 -36.181800 -36.735598 -36.857221 -36.931711 
-16.470690 -19.789269 4.116962 21.629377 19.088799 -5.148630 10.188026 18.149617 1.206906 6.213729 11.748693 -4.430769 7.674991 -2.498008 6.784364 -1.583468 1.524158 0.852745 8.281932 -1.797340 -6.046459 -6.083397 -21.694426 -23.708276 -26.040665 -27.960152 -27.851340 -29.265529 -27.758524 -20.997886 -20.447905 -23.530008 -27.489722 -32.726013 -32.924187 -32.166045 -33.151455 -33.988648 -34.210083 -34.347830 
-13.581876 -19.816973 1.468252 21.226386 19.610692 -4.410238 7.510398 17.162238 2.088757 5.568009 14.390930 -2.862632 8.390334 0.506078 4.648303 -0.731473 -0.406850 -4.690400 2.301723 -0.946214 0.147101 -1.561244 -12.742181 -20.032820 -28.665704 -31.648827 -31.057236 -32.009781 -28.175832 -20.899909 -18.735689 -22.929619 -31.463990 -45.197896 -43.405488 -36.144536 -41.835935 -48.071048 -47.458781 -47.404499 
-19.513636 -16.830493 -0.825000 20.763141 20.100271 -1.494318 4.641573 15.835501 1.987244 3.861412 16.265079 0.537039 9.293392 3.934094 3.257548 0.524902 -3.391133 -7.310010 -0.741439 -1.478036 1.055800 -3.305271 -9.118231 -13.027707 -20.397586 -26.097473 -27.034143 -27.336722 -23.984858 -18.014531 -20.238479 -23.997685 -29.565931 -36.326553 -34.786212 -31.302562 -34.678640 -38.381549 -38.488248 -38.622262 
-16.381303 -19.019099 -2.107312 20.496801 20.346553 -1.435638 1.240200 14.497216 1.495916 3.400255 16.706814 1.122804 8.859466 5.851966 -0.677390 -1.517693 -6.979255 -9.195749 -4.989047 -5.057123 -1.260011 -8.735054 -7.740073 -8.368810 -14.357949 -22.667048 -22.766638 -22.615353 -21.131942 -17.324987 -20.516241 -20.646264 -24.745898 -42.607693 -37.713762 -30.715323 -34.647833 -45.523723 -48.054495 -47.487170 
-17.391130 -15.430245 -2.815209 20.461728 20.703048 0.440856 0.407208 13.614048 1.559099 1.614775 16.681290 1.762486 9.405791 7.902067 -1.376743 -1.984601 -9.232055 -9.409398 -5.402556 -6.827102 -2.329274 -12.961774 -9.165819 -8.238896 -12.088024 -16.706664 -22.440411 -22.929835 -22.959960 -19.349849 -19.079265 -21.213143 -24.294162 -37.925273 -34.173999 -29.142211 -32.137066 -38.285354 -39.921058 -40.662719 
-20.983097 -14.345744 -2.707677 20.414934 20.694545 0.416265 -0.120713 12.796132 1.088001 1.523763 16.218770 1.488204 9.830513 7.800179 -7.881589 -6.489043 -13.305176 -13.165019 -8.019391 -9.830437 -6.098395 -10.356784 -11.292688 -8.092529 -10.911415 -15.585118 -19.210789 -21.911783 -22.854373 -21.455786 -21.333770 -23.200288 -27.077586 -32.766846 -27.694511 -23.207858 -28.270473 -34.079712 -34.795402 -34.896822 
-10.498704 -19.651732 -2.838728 20.335151 20.267993 -0.095229 0.129938 11.832428 -0.479509 2.170715 15.575323 1.000152 8.385630 6.235005 -3.862661 -7.849874 -9.385836 -12.327872 -6.807950 -8.510737 -5.260238 -15.284577 -12.029830 -11.980503 -11.938634 -11.540024 -14.771109 -21.134961 -22.657190 -21.189399 -18.983717 -20.080394 -28.446270 -38.142548 -25.067297 -17.978586 -25.118158 -36.586807 -45.633545 -48.591816 
-13.342961 -20.216594 0.253644 20.529516 19.271137 -3.322530 0.794016 10.906906 -4.818816 5.336731 14.354411 -1.569655 8.840646 2.318743 -2.980004 -7.664801 -8.363859 -11.050832 -6.857534 -9.731014 -8.174821 -11.620134 -15.517705 -14.964437 -14.217450 -13.631314 -12.750895 -20.309297 -23.248658 -22.323356 -20.059059 -23.461463 -27.892624 -33.832336 -23.887322 -20.836273 -23.918041 -31.593463 -37.296302 -37.757810 
-13.504137 -14.758718 3.814588 20.874877 17.532806 -6.558181 4.594089 10.286659 -8.981612 8.788537 11.354889 0.297542 10.056645 -3.399785 -1.586493 -11.032800 -9.159473 -10.192737 -9.174653 -12.171158 -7.568595 -8.660517 -17.081323 -13.624300 -15.014318 -11.455544 -11.366963 -17.857206 -22.675092 -23.679766 -21.288737 -25.616051 -31.235137 -39.110371 -21.781353 -17.739413 -25.560889 -33.697680 -43.018760 -47.137124 
-16.846017 -19.335618 8.251406 20.973382 14.839203 -7.612706 8.331227 8.302869 -7.997563 9.787374 5.208810 5.924493 10.647832 0.937421 3.104381 -5.651088 -8.648920 -5.118056 -10.364166 -12.455433 -2.837916 -5.530022 -13.193602 -11.961400 -14.088282 -14.088630 -9.992103 -14.972223 -20.210255 -25.052274 -19.637190 -23.022783 -31.762447 -36.602763 -24.659797 -18.105079 -21.658463 -31.009401 -38.883674 -40.308150 
-15.673297 -13.854960 12.146204 20.636219 11.381806 -0.711275 10.864588 4.319812 0.147790 7.265954 -0.437240 11.017087 4.116625 6.305645 1.230159 -1.510363 -6.551267 -6.510737 -8.586654 -11.277855 -7.134603 -7.757973 -16.722750 -16.501777 -15.185192 -13.235110 -12.349224 -18.745681 -23.694009 -24.293504 -23.882962 -26.493094 -33.018941 -35.768115 -22.807930 -16.388841 -21.264248 -31.849951 -41.406696 -43.300015 
-16.332587 -8.137666 14.773504 20.063890 7.574958 3.567921 12.116243 1.674522 4.976509 3.107645 5.224960 12.608362 5.238342 8.668771 1.799502 -1.412803 -5.149255 -5.832251 -5.675015 -7.507162 -1.523954 -4.815111 -10.946173 -12.898676 -14.624890 -11.997678 -10.612775 -18.196424 -24.249290 -24.155899 -20.805492 -25.000908 -34.150388 -40.069526 -23.162452 -17.638007 -23.293064 -33.919811 -44.837395 -49.523948 
-15.358940 0.443285 17.483931 18.966273 3.243407 10.052680 10.999043 1.051104 8.850869 1.392171 12.399793 9.769766 12.075699 8.388156 7.209824 1.189560 -2.038062 -2.474390 -2.885212 -2.850809 1.642523 -1.033996 -9.207331 -11.335418 -14.120930 -11.269063 -8.706355 -16.375420 -21.249918 -22.114308 -18.661250 -21.320759 -30.654495 -34.507589 -23.387958 -16.150303 -20.128707 -29.961076 -37.773216 -38.380564 
-15.439216 5.785567 19.277206 17.235144 3.962451 12.869705 7.841191 6.095852 7.539669 5.374799 11.717562 10.330068 11.465260 9.050035 6.021531 3.658005 -0.377057 -0.895710 0.484719 -0.071887 2.573896 0.587742 -8.222276 -9.793500 -12.509336 -12.852720 -10.394092 -19.476089 -23.909923 -24.824287 -20.973038 -22.759040 -31.563111 -37.483781 -22.453905 -17.619339 -23.929995 -31.047140 -41.166411 -45.337816 
-15.059012 9.824627 20.081326 14.522353 7.616840 13.030549 4.724145 10.279929 3.824509 7.664881 6.022874 12.532634 10.196240 9.830986 6.679397 3.618904 0.346248 -0.506274 0.518853 0.779860 5.268313 2.786122 -4.951354 -6.539634 -8.501430 -6.274005 -5.975623 -14.786553 -20.115245 -20.541190 -21.996330 -27.667331 -35.788598 -35.910070 -20.578645 -17.190517 -21.556985 -27.519866 -39.289045 -47.919193 
-9.318779 12.385610 20.265246 12.743159 11.046526 11.316362 6.370860 9.274114 2.525899 3.475090 10.395177 10.839480 11.706809 8.101851 6.618719 4.068391 0.388870 0.147321 -0.044808 0.515114 5.434316 2.272862 -5.382812 -7.293024 -8.125901 -6.719343 -5.191734 -11.173748 -18.557676 -23.449336 -17.724068 -18.847034 -29.938236 -38.031798 -22.392579 -15.049185 -21.206731 -30.713456 -41.796725 -49.790221 
-5.095237 13.603286 19.158566 9.463414 13.292107 8.736790 8.623140 6.178569 6.071510 3.518798 11.671140 11.389079 11.381475 8.311019 6.214224 3.902903 0.207126 -0.471732 -0.173373 -0.132969 4.887208 2.263073 -6.336243 -8.250391 -9.217416 -6.740411 -5.539008 -13.418178 -21.522493 -22.183989 -17.276582 -19.899675 -29.599615 -34.763118 -26.266245 -18.696144 -19.073616 -26.857899 -37.345376 -39.343827 
-1.014117 13.845359 17.665055 8.173380 14.077409 8.362309 9.546809 4.421289 7.254835 6.578704 9.708953 12.003505 7.585920 7.107652 5.191510 2.026099 -2.542388 -1.788877 -1.491755 -0.246258 4.243387 1.871260 -6.956467 -7.626803 -9.695277 -8.079339 -6.000701 -13.102808 -20.372342 -18.834605 -14.765678 -19.002189 -30.173162 -34.778652 -22.707357 -15.928329 -19.053549 -23.002531 -33.643354 -43.649375 
-2.075600 14.304552 16.689287 9.562828 14.066564 7.645778 9.979842 5.373360 7.308247 8.241179 9.054848 12.692244 7.714965 4.899623 4.436892 1.194583 -2.231294 -3.195074 -2.275616 -0.505722 5.234351 2.747968 -5.647307 -7.561870 -7.851036 -4.533206 -3.463772 -13.491919 -22.427168 -17.443960 -13.270713 -18.453844 -29.404519 -35.743708 -22.916951 -15.182830 -17.434139 -25.685833 -37.811763 -49.223376 
-1.009920 14.595885 15.719494 10.585938 13.965440 7.503142 9.506018 5.848142 6.652174 8.137182 7.925965 9.586325 6.294852 3.322606 2.094137 0.594705 -3.101764 -4.440297 -3.822178 -3.284526 3.675969 1.465379 -7.069243 -8.532205 -8.838526 -6.654133 -4.802199 -15.454483 -23.698522 -22.695201 -17.578272 -21.859821 -33.954293 -40.492215 -24.259459 -16.352626 -22.386301 -32.585216 -41.939019 -50.911063 
-0.868871 14.528076 14.983625 11.160786 14.275091 8.275401 9.367571 7.211649 6.619659 8.066053 8.139412 6.080436 3.849517 -0.112245 -0.242533 -2.468990 -7.306417 -8.356502 -8.123678 -5.510134 -0.017617 -0.618080 -9.281410 -14.582511 -14.290607 -9.332079 -6.263004 -14.388336 -21.831155 -24.204506 -18.424955 -22.892597 -33.395679 -39.106077 -24.077759 -17.578818 -21.652849 -33.794773 -44.621068 -50.164252 
-2.050966 14.060079 14.822953 11.528854 14.599946 8.333003 9.629583 7.892529 7.202123 8.288942 6.533780 3.510102 -0.538596 -2.359332 -2.358650 -4.487962 -8.539142 -8.542952 -9.168054 -7.549005 -0.834127 -1.993488 -10.974775 -13.870801 -15.142726 -12.499068 -8.387028 -15.876312 -23.120633 -26.863857 -19.517916 -21.670309 -34.406225 -39.510011 -26.309768 -18.621124 -21.119312 -31.212502 -41.811300 -47.403727 
-2.402203 14.176501 15.354617 11.533937 14.761779 8.763856 10.820209 9.732292 10.269975 10.576329 2.983356 1.833777 -2.811604 -5.192350 -4.585554 -7.009875 -11.055080 -10.139849 -7.701816 -5.956621 -0.914208 -4.217005 -13.165193 -16.575153 -17.621785 -10.615488 -7.882623 -18.252421 -25.137344 -24.454968 -20.371797 -25.025068 -37.906833 -41.079037 -19.909549 -9.786213 -14.547433 -26.575702 -44.743456 -46.555370 
-2.443694 14.233935 15.688008 11.485050 15.005523 9.342900 11.520307 11.291452 10.134011 6.170779 -2.847204 -2.483516 -3.364616 -4.492661 -6.158740 -9.015346 -11.874016 -13.069681 -11.311388 -11.329156 -4.737974 -4.037751 -12.251796 -16.274446 -16.027115 -12.463704 -11.558631 -18.048199 -19.959723 -20.620200 -21.692053 -27.290432 -34.101106 -39.737519 -27.740354 -17.960124 -22.752256 -35.403563 -46.770754 -47.515411 
-2.503435 14.008772 14.763928 12.080445 14.264470 12.323484 13.165509 13.402675 6.927593 -6.856078 -9.310621 -8.048166 -9.513809 -10.638116 -11.691311 -12.364406 -15.180396 -14.845442 -12.258655 -11.037104 -6.378154 -9.642636 -17.811017 -22.365427 -24.864226 -18.730226 -15.014229 -28.971630 -34.443183 -29.750534 -27.353618 -29.435774 -36.416702 -47.681801 -41.333747 -31.546136 -32.401572 -43.825329 -47.937500 -49.471842 
-1.626595 13.034154 14.342192 10.467628 10.553452 5.612857 3.752390 2.293694 -4.453343 -8.146007 -16.271533 -21.268535 -21.369243 -19.375643 -19.142739 -19.249709 -21.371986 -22.340859 -23.737163 -18.570574 -13.430804 -18.673088 -27.758903 -30.425133 -29.304816 -21.501342 -22.910008 -37.293164 -38.258212 -37.552317 -32.688921 -35.792267 -42.236304 -42.853240 -42.535353 -39.164845 -39.284880 -41.702174 -42.470227 -43.605289 
-8.681436 8.084978 14.126439 6.164993 8.021976 0.030985 -3.549727 -10.532101 -14.755569 -21.645808 -23.331834 -28.632632 -34.621335 -32.498324 -30.072377 -34.827635 -41.925090 -36.391772 -32.000225 -27.222589 -26.411077 -37.880046 -42.602657 -43.685886 -41.931967 -34.968911 -35.696738 -46.656047 -47.330584 -48.194385 -42.628230 -45.652903 -50.852964 -54.505880 -48.145567 -49.674424 -51.203294 -53.706149 -54.468099 -55.883343 
-17.657040 5.886839 14.331883 6.230442 1.175524 1.486024 -11.196673 -13.066245 -16.603606 -23.287225 -25.314600 -31.488557 -30.918605 -31.432315 -32.880557 -33.468401 -34.472076 -35.387754 -36.270717 -33.164678 -34.190704 -38.520280 -39.154258 -39.986293 -39.873228 -35.694201 -36.511615 -41.811383 -42.671425 -42.884971 -42.637131 -43.857060 -44.358468 -45.252272 -45.206957 -45.128901 -45.460775 -46.054375 -46.426581 -46.424567 
-7.810293 9.588147 14.000193 6.007468 8.405716 1.649604 -4.821865 -12.905133 -12.473106 -19.899483 -23.853396 -29.308111 -32.277736 -32.638632 -36.044398 -39.358230 -41.282807 -41.392320 -40.321548 -37.722138 -41.766493 -46.808933 -46.341589 -46.171607 -45.493895 -40.395790 -44.024772 -48.997644 -49.540402 -50.734420 -49.524139 -48.582429 -50.949438 -50.985183 -51.314118 -50.650147 -51.427763 -51.673217 -52.725143 -53.750324 
-7.934569 9.022598 12.165479 1.665694 5.880754 -1.793721 -8.970247 -16.315728 -17.726345 -24.218199 -27.983468 -29.122885 -33.230183 -35.920026 -39.754626 -44.805982 -41.671472 -43.024243 -43.496231 -36.082272 -34.186801 -41.209351 -49.211004 -49.941296 -44.692615 -39.499493 -42.570873 -49.412084 -44.271845 -41.772228 -42.750109 -47.106698 -52.648906 -53.970931 -51.628856 -49.649905 -51.820433 -56.032902 -56.381424 -56.380472 
-0.963390 8.877458 5.624173 -2.948375 0.641057 -5.755106 -4.462383 -12.109659 -18.423646 -25.444126 -27.224953 -22.173764 -22.810741 -17.594591 -20.682914 -28.250674 -26.215748 -25.429157 -25.714079 -24.220295 -20.157232 -19.155924 -25.729018 -28.614292 -28.935519 -20.619295 -24.846742 -30.963800 -28.557737 -27.486083 -24.466980 -29.654034 -29.274332 -29.070746 -33.809418 -32.949958 -38.705257 -39.791377 -41.959072 -40.914309 
-4.027904 7.060261 12.090798 4.420306 -1.522331 -3.151376 -7.065415 -10.925785 -12.950247 -21.700725 -20.196561 -20.109260 -20.126085 -16.949913 -20.924729 -24.995679 -31.178284 -30.300586 -27.708965 -19.891736 -9.552042 -11.022742 -21.082096 -22.850008 -22.063287 -18.916160 -22.387595 -27.702755 -25.555154 -22.333434 -21.304890 -22.986211 -25.875051 -28.694214 -28.686077 -27.259721 -32.304838 -32.085142 -35.165508 -38.276198 
-6.801732 6.870751 15.083641 8.330075 0.663604 -1.676516 -8.741179 -7.781097 -15.817158 -15.216930 -23.786628 -21.414098 -23.432773 -26.842292 -22.702305 -26.038719 -28.465345 -29.002711 -26.626868 -24.454622 -14.150700 -12.880735 -23.149369 -22.952194 -23.999536 -18.330855 -22.214760 -29.889361 -30.766721 -26.663937 -25.092107 -31.185876 -30.730905 -32.304651 -30.908503 -33.300258 -36.278330 -36.739976 -38.119907 -41.568516 
-10.703758 4.794851 13.468425 7.477985 0.484202 -5.761789 -8.937161 -7.351920 -17.102033 -21.392351 -28.037204 -17.349413 -14.502818 -17.972003 -17.786214 -25.101662 -31.415021 -26.285422 -25.338646 -24.210289 -12.919295 -16.654819 -23.905745 -25.872047 -30.040224 -22.684417 -20.600900 -33.024043 -34.877223 -28.066312 -25.064917 -28.189328 -32.767055 -33.520726 -33.022077 -34.359103 -36.698627 -39.132219 -43.667046 -44.081657 
-18.182753 2.779093 10.076397 1.385461 -5.629913 -16.994903 -12.104620 -17.488514 -17.821092 -18.967362 -18.086146 -18.211059 -18.423636 -15.759960 -18.913784 -27.180868 -37.438674 -31.496296 -22.789816 -24.378268 -17.312872 -18.180292 -26.351808 -28.353149 -31.667800 -26.255839 -24.839692 -35.057381 -35.885517 -26.868949 -27.345365 -31.208707 -35.032189 -37.467828 -33.974681 -36.384578 -34.534845 -35.874267 -39.040353 -41.115356 
-20.431427 -4.665963 5.490814 2.642814 -13.299602 -17.183439 -15.986422 -12.570820 -13.200050 -18.073634 -28.913184 -21.252209 -18.003069 -20.960777 -18.351329 -27.708516 -34.289336 -33.107217 -27.941009 -25.279915 -15.628078 -16.323893 -30.635301 -31.769262 -33.690277 -21.665879 -22.172076 -31.845214 -33.097653 -27.671999 -24.362488 -33.315704 -35.856981 -37.841189 -38.346679 -35.387334 -37.765850 -37.705119 -40.303777 -46.179718 
-21.630352 -13.187632 -8.316819 -8.265090 -11.858385 -16.918232 -19.486836 -22.870070 -24.565676 -22.306140 -26.249661 -28.629008 -27.057445 -26.899229 -34.005142 -35.363676 -40.183199 -36.220538 -35.882918 -34.244191 -26.394333 -25.392231 -34.082395 -41.500672 -44.504156 -39.344145 -39.669650 -45.557678 -48.214337 -42.084395 -41.885980 -44.508836 -47.557661 -50.096631 -53.483900 -53.644012 -51.034471 -55.081519 -55.661939 -61.184789 
-64.462224 -53.842187 -49.009655 -49.020517 -54.135216 -64.893881 -77.004365 -77.314103 -67.672328 -68.768226 -72.389378 -70.443296 -69.373244 -78.043409 -70.746286 -73.727281 -75.459643 -80.018972 -77.121490 -74.996414 -75.115470 -80.701359 -81.783200 -79.976893 -78.995018 -74.850695 -79.156935 -86.369356 -88.901421 -83.085893 -82.127590 -85.990381 -84.022885 -86.394621 -82.550640 -88.641531 -87.649666 -85.850132 -85.271646 -91.581684 
-89.474522 -89.594545 -89.794791 -90.133876 -90.597620 -91.255516 -92.076210 -93.163058 -94.679915 -96.623380 -99.216315 -102.566490 -104.795503 -102.933881 -99.834699 -97.627878 -96.379214 -96.058433 -96.610339 -97.907877 -99.542008 -100.647712 -100.595703 -99.785932 -99.284816 -100.367336 -104.572741 -114.308737 -113.843071 -110.592818 -112.983847 -116.549151 -110.183164 -111.633950 -113.192327 -110.439692 -111.369849 -107.170679 -109.399058 -117.747682 
NaN NaN NaN NaN NaN NaN NaN NaN NaN NaN NaN NaN NaN NaN NaN NaN NaN NaN NaN NaN NaN NaN NaN NaN NaN NaN NaN NaN NaN NaN NaN NaN NaN NaN NaN NaN NaN NaN NaN NaN 
NaN NaN NaN NaN NaN NaN NaN NaN NaN NaN NaN NaN NaN NaN NaN NaN NaN NaN NaN NaN NaN NaN NaN NaN NaN NaN NaN NaN NaN NaN NaN NaN NaN NaN NaN NaN NaN NaN NaN NaN 
NaN NaN NaN NaN NaN NaN NaN NaN NaN NaN NaN NaN NaN NaN NaN NaN NaN NaN NaN NaN NaN NaN NaN NaN NaN NaN NaN NaN NaN NaN NaN NaN NaN NaN NaN NaN NaN NaN NaN NaN 
NaN NaN NaN NaN NaN NaN NaN NaN NaN NaN NaN NaN NaN NaN NaN NaN NaN NaN NaN NaN NaN NaN NaN NaN NaN NaN NaN NaN NaN NaN NaN NaN NaN NaN NaN NaN NaN NaN NaN NaN 
NaN NaN NaN NaN NaN NaN NaN NaN NaN NaN NaN NaN NaN NaN NaN NaN NaN NaN NaN NaN NaN NaN NaN NaN NaN NaN NaN NaN NaN NaN NaN NaN NaN NaN NaN NaN NaN NaN NaN NaN 
NaN NaN NaN NaN NaN NaN NaN NaN NaN NaN NaN NaN NaN NaN NaN NaN NaN NaN NaN NaN NaN NaN NaN NaN NaN NaN NaN NaN NaN NaN NaN NaN NaN NaN NaN NaN NaN NaN NaN NaN 
NaN NaN NaN NaN NaN NaN NaN NaN NaN NaN NaN NaN NaN NaN NaN NaN NaN NaN NaN NaN NaN NaN NaN NaN NaN NaN NaN NaN NaN NaN NaN NaN NaN NaN NaN NaN NaN NaN NaN NaN 
