NaN NaN NaN NaN NaN NaN NaN NaN NaN NaN NaN NaN NaN NaN NaN NaN NaN NaN NaN NaN NaN NaN NaN NaN NaN NaN NaN NaN NaN NaN NaN NaN NaN NaN NaN NaN NaN NaN NaN NaN 
NaN NaN NaN NaN NaN NaN NaN NaN NaN NaN NaN NaN NaN NaN NaN NaN NaN NaN NaN NaN NaN NaN NaN NaN NaN NaN NaN NaN NaN NaN NaN NaN NaN NaN NaN NaN NaN NaN NaN NaN 
NaN NaN NaN NaN NaN NaN NaN NaN NaN NaN NaN NaN NaN NaN NaN NaN NaN NaN NaN NaN NaN NaN NaN NaN NaN NaN NaN NaN NaN NaN NaN NaN NaN NaN NaN NaN NaN NaN NaN NaN 
NaN NaN NaN NaN NaN NaN NaN NaN NaN NaN NaN NaN NaN NaN NaN NaN NaN NaN NaN NaN NaN NaN NaN NaN NaN NaN NaN NaN NaN NaN NaN NaN NaN NaN NaN NaN NaN NaN NaN NaN 
NaN NaN NaN NaN NaN NaN NaN NaN NaN NaN NaN NaN NaN NaN NaN NaN NaN NaN NaN NaN NaN NaN NaN NaN NaN NaN NaN NaN NaN NaN NaN NaN NaN NaN NaN NaN NaN NaN NaN NaN 
NaN NaN NaN NaN NaN NaN NaN NaN NaN NaN NaN NaN NaN NaN NaN NaN NaN NaN NaN NaN NaN NaN NaN NaN NaN NaN NaN NaN NaN NaN NaN NaN NaN NaN NaN NaN NaN NaN NaN NaN 
NaN NaN NaN NaN NaN NaN NaN NaN NaN NaN NaN NaN NaN NaN NaN NaN NaN NaN NaN NaN NaN NaN NaN NaN NaN NaN NaN NaN NaN NaN NaN NaN NaN NaN NaN NaN NaN NaN NaN NaN 
NaN NaN NaN NaN NaN NaN NaN NaN NaN NaN NaN NaN NaN NaN NaN NaN NaN NaN NaN NaN NaN NaN NaN NaN NaN NaN NaN NaN NaN NaN NaN NaN NaN NaN NaN NaN NaN NaN NaN NaN 
NaN NaN NaN NaN NaN NaN NaN NaN NaN NaN NaN NaN NaN NaN NaN NaN NaN NaN NaN NaN NaN NaN NaN NaN NaN NaN NaN NaN NaN NaN NaN NaN NaN NaN NaN NaN NaN NaN NaN NaN 
NaN NaN NaN NaN NaN NaN NaN NaN NaN NaN NaN NaN NaN NaN NaN NaN NaN NaN NaN NaN NaN NaN NaN NaN NaN NaN NaN NaN NaN NaN NaN NaN NaN NaN NaN NaN NaN NaN NaN NaN 
NaN NaN NaN NaN NaN NaN NaN NaN NaN NaN NaN NaN NaN NaN NaN NaN NaN NaN NaN NaN NaN NaN NaN NaN NaN NaN NaN NaN NaN NaN NaN NaN NaN NaN NaN NaN NaN NaN NaN NaN 
NaN NaN NaN NaN NaN NaN NaN NaN NaN NaN NaN NaN NaN NaN NaN NaN NaN NaN NaN NaN NaN NaN NaN NaN NaN NaN NaN NaN NaN NaN NaN NaN NaN NaN NaN NaN NaN NaN NaN NaN 
NaN NaN NaN NaN NaN NaN NaN NaN NaN NaN NaN NaN NaN NaN NaN NaN NaN NaN NaN NaN NaN NaN NaN NaN NaN NaN NaN NaN NaN NaN NaN NaN NaN NaN NaN NaN NaN NaN NaN NaN 
NaN NaN NaN NaN NaN NaN NaN NaN NaN NaN NaN NaN NaN NaN NaN NaN NaN NaN NaN NaN NaN NaN NaN NaN NaN NaN NaN NaN NaN NaN NaN NaN NaN NaN NaN NaN NaN NaN NaN NaN 
NaN NaN NaN NaN NaN NaN NaN NaN NaN NaN NaN NaN NaN NaN NaN NaN NaN NaN NaN NaN NaN NaN NaN NaN NaN NaN NaN NaN NaN NaN NaN NaN NaN NaN NaN NaN NaN NaN NaN NaN 
NaN NaN NaN NaN NaN NaN NaN NaN NaN NaN NaN NaN NaN NaN NaN NaN NaN NaN NaN NaN NaN NaN NaN NaN NaN NaN NaN NaN NaN NaN NaN NaN NaN NaN NaN NaN NaN NaN NaN NaN 
NaN NaN NaN NaN NaN NaN NaN NaN NaN NaN NaN NaN NaN NaN NaN NaN NaN NaN NaN NaN NaN NaN NaN NaN NaN NaN NaN NaN NaN NaN NaN NaN NaN NaN NaN NaN NaN NaN NaN NaN 
NaN NaN NaN NaN NaN NaN NaN NaN NaN NaN NaN NaN NaN NaN NaN NaN NaN NaN NaN NaN NaN NaN NaN NaN NaN NaN NaN NaN NaN NaN NaN NaN NaN NaN NaN NaN NaN NaN NaN NaN 
NaN NaN NaN NaN NaN NaN NaN NaN NaN NaN NaN NaN NaN NaN NaN NaN NaN NaN NaN NaN NaN NaN NaN NaN NaN NaN NaN NaN NaN NaN NaN NaN NaN NaN NaN NaN NaN NaN NaN NaN 
NaN NaN NaN NaN NaN NaN NaN NaN NaN NaN NaN NaN NaN NaN NaN NaN NaN NaN NaN NaN NaN NaN NaN NaN NaN NaN NaN NaN NaN NaN NaN NaN NaN NaN NaN NaN NaN NaN NaN NaN 
NaN NaN NaN NaN NaN NaN NaN NaN NaN NaN NaN NaN NaN NaN NaN NaN NaN NaN NaN NaN NaN NaN NaN NaN NaN NaN NaN NaN NaN NaN NaN NaN NaN NaN NaN NaN NaN NaN NaN NaN 
NaN NaN NaN NaN NaN NaN NaN NaN NaN NaN NaN NaN NaN NaN NaN NaN NaN NaN NaN NaN NaN NaN NaN NaN NaN NaN NaN NaN NaN NaN NaN NaN NaN NaN NaN NaN NaN NaN NaN NaN 
NaN NaN NaN NaN NaN NaN NaN NaN NaN NaN NaN NaN NaN NaN NaN NaN NaN NaN NaN NaN NaN NaN NaN NaN NaN NaN NaN NaN NaN NaN NaN NaN NaN NaN NaN NaN NaN NaN NaN NaN 
NaN NaN NaN NaN NaN NaN NaN NaN NaN NaN NaN NaN NaN NaN NaN NaN NaN NaN NaN NaN NaN NaN NaN NaN NaN NaN NaN NaN NaN NaN NaN NaN NaN NaN NaN NaN NaN NaN NaN NaN 
NaN NaN NaN NaN NaN NaN NaN NaN NaN NaN NaN NaN NaN NaN NaN NaN NaN NaN NaN NaN NaN NaN NaN NaN NaN NaN NaN NaN NaN NaN NaN NaN NaN NaN NaN NaN NaN NaN NaN NaN 
NaN NaN NaN NaN NaN NaN NaN NaN NaN NaN NaN NaN NaN NaN NaN NaN NaN NaN NaN NaN NaN NaN NaN NaN NaN NaN NaN NaN NaN NaN NaN NaN NaN NaN NaN NaN NaN NaN NaN NaN 
NaN NaN NaN NaN NaN NaN NaN NaN NaN NaN NaN NaN NaN NaN NaN NaN NaN NaN NaN NaN NaN NaN NaN NaN NaN NaN NaN NaN NaN NaN NaN NaN NaN NaN NaN NaN NaN NaN NaN NaN 
NaN NaN NaN NaN NaN NaN NaN NaN NaN NaN NaN NaN NaN NaN NaN NaN NaN NaN NaN NaN NaN NaN NaN NaN NaN NaN NaN NaN NaN NaN NaN NaN NaN NaN NaN NaN NaN NaN NaN NaN 
NaN NaN NaN NaN NaN NaN NaN NaN NaN NaN NaN NaN NaN NaN NaN NaN NaN NaN NaN NaN NaN NaN NaN NaN NaN NaN NaN NaN NaN NaN NaN NaN NaN NaN NaN NaN NaN NaN NaN NaN 
NaN NaN NaN NaN NaN NaN NaN NaN NaN NaN NaN NaN NaN NaN NaN NaN NaN NaN NaN NaN NaN NaN NaN NaN NaN NaN NaN NaN NaN NaN NaN NaN NaN NaN NaN NaN NaN NaN NaN NaN 
NaN NaN NaN NaN NaN NaN NaN NaN NaN NaN NaN NaN NaN NaN NaN NaN NaN NaN NaN NaN NaN NaN NaN NaN NaN NaN NaN NaN NaN NaN NaN NaN NaN NaN NaN NaN NaN NaN NaN NaN 
NaN NaN NaN NaN NaN NaN NaN NaN NaN NaN NaN NaN NaN NaN NaN NaN NaN NaN NaN NaN NaN NaN NaN NaN NaN NaN NaN NaN NaN NaN NaN NaN NaN NaN NaN NaN NaN NaN NaN NaN 
NaN NaN NaN NaN NaN NaN NaN NaN NaN NaN NaN NaN NaN NaN NaN NaN NaN NaN NaN NaN NaN NaN NaN NaN NaN NaN NaN NaN NaN NaN NaN NaN NaN NaN NaN NaN NaN NaN NaN NaN 
NaN NaN NaN NaN NaN NaN NaN NaN NaN NaN NaN NaN NaN NaN NaN NaN NaN NaN NaN NaN NaN NaN NaN NaN NaN NaN NaN NaN NaN NaN NaN NaN NaN NaN NaN NaN NaN NaN NaN NaN 
-60.361943 -61.362734 -63.116509 -66.296746 -70.927073 -74.192095 -72.727096 -71.952455 -74.160248 -79.021754 -79.534527 -78.155796 -81.538058 -87.424086 -85.467715 -90.286951 -91.747646 -89.679360 -94.590352 -92.941626 -99.719194 -98.520052 -95.404579 -97.317706 -95.931672 -98.821058 -96.320439 -97.502026 -100.246660 -94.862131 -98.514676 -97.661432 -95.471722 -99.176836 -96.889576 -94.740080 -101.631338 -100.932078 -97.722021 -100.763437 
-40.954002 -43.696612 -47.543492 -53.905637 -59.755790 -57.418011 -60.783354 -59.334905 -61.166182 -63.810557 -62.966229 -68.199791 -65.523493 -70.856239 -74.777695 -75.432541 -77.548195 -73.760173 -77.231769 -78.617023 -80.495462 -81.117712 -75.808534 -78.636648 -84.178437 -84.069647 -76.906068 -77.321013 -77.147999 -78.428592 -77.450258 -80.613964 -77.546859 -82.751923 -80.142326 -76.603728 -79.107125 -80.775290 -80.497236 -81.867278 
-39.654299 -43.883996 -50.715181 -52.790788 -56.626834 -67.208771 -63.876587 -60.911260 -64.226845 -70.437722 -64.758479 -66.710069 -68.540013 -69.987556 -70.842547 -69.730150 -72.209250 -73.894039 -72.792808 -70.871663 -74.033765 -73.624370 -71.880458 -72.626889 -75.900358 -76.452875 -73.566803 -73.969441 -72.805000 -77.894881 -77.378427 -78.748391 -75.748462 -77.124487 -74.284516 -75.714945 -76.427889 -76.927219 -76.952994 -78.641236 
-32.629396 -22.514717 -14.783308 -10.249020 -10.274304 -16.402077 -30.272339 -34.430967 -28.998944 -35.954428 -36.113644 -37.287046 -40.345830 -40.286651 -42.254686 -41.121958 -42.618104 -44.098966 -44.918535 -45.385547 -46.283120 -46.636073 -47.428408 -48.253140 -48.967015 -49.552070 -50.150650 -50.595585 -51.184093 -51.758115 -52.263983 -52.921216 -53.261198 -53.789976 -54.135782 -54.298273 -54.561330 -54.891166 -55.083259 -55.155500 
-17.182210 -18.363361 -4.790397 6.351844 6.741854 -5.366883 -22.587890 -20.629226 -28.043153 -36.873726 -40.330116 -39.694203 -34.830582 -36.356006 -34.770647 -39.522782 -44.383032 -47.753076 -53.598802 -57.026806 -57.325571 -52.645850 -56.594696 -55.173648 -56.975219 -58.702355 -61.937433 -59.337993 -60.975791 -57.715135 -59.745971 -58.378045 -59.812641 -62.761490 -61.207831 -62.814553 -64.275669 -63.064617 -61.005399 -60.432511 
-21.245592 -23.898241 -10.776239 5.894166 7.577989 -6.638338 -22.977353 -20.765074 -25.478506 -34.787967 -34.558627 -34.471056 -37.298676 -38.104660 -37.152983 -39.725328 -43.218679 -49.571017 -53.716856 -54.757912 -54.531511 -52.174980 -58.988523 -58.596410 -56.928480 -54.465972 -55.288141 -54.663525 -57.378034 -56.586305 -59.094284 -55.250818 -58.433204 -61.287537 -58.182381 -59.252321 -62.167276 -60.221019 -62.028734 -62.684375 
-26.262713 -27.927265 -17.726926 -6.062245 -3.430301 -12.411489 -27.335052 -35.068156 -32.867283 -36.429302 -36.674352 -38.101425 -41.627082 -40.137164 -43.307695 -42.663841 -45.032807 -44.773635 -45.852403 -46.677625 -47.404432 -48.770638 -48.898723 -49.454676 -50.070829 -50.633779 -51.073124 -51.903673 -52.811426 -53.400845 -53.723832 -53.954823 -54.289709 -55.013802 -55.441736 -55.737178 -56.071081 -56.350134 -56.493822 -56.751872 
-36.500510 -39.796993 -40.140401 -37.243921 -25.369682 -32.205090 -44.443294 -44.813881 -47.423355 -51.681360 -54.705429 -52.103902 -53.867781 -56.645082 -57.649165 -56.595063 -58.121352 -57.793668 -59.078388 -60.723343 -61.481607 -61.616320 -62.189765 -62.586959 -63.948147 -64.800514 -64.854715 -66.370475 -66.860837 -66.434852 -66.950505 -67.551322 -67.559113 -67.026544 -67.777106 -68.799033 -69.329038 -70.155743 -69.864323 -69.944765 
-20.311942 -23.945566 -24.262344 -25.454243 -26.184080 -29.973653 -31.266373 -32.806446 -32.516207 -32.313928 -32.422593 -33.358125 -34.669080 -35.625800 -35.461062 -34.977664 -35.155828 -35.921190 -36.937564 -38.398146 -40.504891 -44.000233 -49.720303 -55.262020 -47.828783 -43.352069 -41.989812 -43.597015 -45.928418 -45.875056 -50.106976 -51.019289 -55.120824 -54.468938 -52.860762 -54.681443 -60.469131 -57.452008 -51.310622 -47.686720 
-4.063828 -3.627440 -4.923930 -3.681777 -2.594645 -2.898764 -5.074931 -8.753962 -11.996752 -13.834382 -13.871497 -14.082398 -16.336780 -17.700068 -13.418871 -9.573959 -11.170437 -11.259355 -12.801100 -15.841225 -16.998883 -18.443327 -23.377971 -21.320994 -23.300936 -23.939857 -24.092308 -23.842291 -27.432966 -26.479596 -32.497476 -34.153561 -28.485866 -28.955462 -26.215467 -29.090961 -29.128658 -30.959428 -29.261546 -29.472722 
-6.746701 -8.713907 -15.893564 -1.542520 0.525901 -1.224460 -7.848568 -12.191554 -12.991546 -14.426337 -16.255470 -18.913610 -15.245531 -15.299820 -15.257891 -6.407296 -6.017825 -14.030478 -13.442286 -16.943024 -16.240306 -16.873590 -21.712323 -18.194139 -18.610839 -20.349995 -20.568796 -19.063665 -21.972016 -20.970090 -22.814744 -26.517437 -25.962788 -22.626470 -25.224738 -26.166772 -24.541721 -23.935497 -27.690328 -27.853394 
-9.532402 -12.888180 -9.465768 11.550907 18.604101 13.417549 7.013440 9.995365 11.999712 -0.463838 -6.448144 -4.241289 -5.747503 -0.025374 0.134349 -3.371181 -1.486210 -9.445703 -15.558656 -16.351708 -16.379541 -15.535417 -20.444302 -19.944299 -22.765409 -21.970573 -27.068306 -24.439793 -23.896163 -25.486675 -30.380994 -32.441046 -31.886629 -27.088293 -25.507948 -26.638248 -27.137840 -30.514547 -33.753960 -33.107474 
-15.212287 -12.932375 -20.272147 14.442517 22.554686 10.994036 -4.947020 17.225191 21.994838 2.264225 -4.917953 1.658386 -18.786049 3.065769 1.269861 0.619941 0.603065 -10.377381 -10.115192 -10.539012 -16.212109 -21.928930 -24.081262 -26.008786 -25.635456 -26.464162 -26.888880 -27.778840 -28.651850 -30.350536 -30.470751 -30.767800 -31.584646 -30.652325 -28.371914 -28.156384 -31.369289 -32.641657 -32.699763 -32.790629 
-16.561372 -16.806790 -20.082006 13.721327 23.253958 13.126665 -8.857991 14.823644 25.274289 9.090207 -4.978610 6.685793 -7.781494 0.786737 3.714119 -0.537450 7.477870 -6.795973 -3.790694 -7.865160 -9.013614 -25.348198 -31.334976 -31.714771 -32.322515 -34.523507 -34.269450 -34.352626 -33.898499 -36.172818 -40.042327 -40.808675 -40.525143 -36.416441 -30.343787 -31.805698 -38.837663 -41.066389 -39.944675 -35.947077 
-15.791050 -16.097776 -18.682946 11.286604 22.384976 13.458078 -12.721579 10.853353 25.836491 12.826980 -7.269243 9.914971 -2.680566 -0.820372 4.800790 -3.894066 12.457348 -0.582112 -0.557985 -8.810243 -3.563318 -23.098908 -27.813002 -30.424714 -30.991686 -33.576916 -34.007097 -34.557299 -33.109486 -35.748571 -41.636686 -45.686996 -45.462539 -36.947221 -32.889981 -32.287665 -38.019349 -43.633079 -43.992536 -35.197023 
-18.140201 -14.443930 -19.065936 8.197100 20.972589 13.275714 -12.546364 7.587335 24.524375 13.805801 -9.297115 11.980028 4.826945 -2.503564 7.757012 -4.313725 12.513191 2.524141 1.937928 -5.371460 1.427775 -12.590698 -20.441739 -26.617213 -28.600220 -29.127271 -29.220668 -29.115879 -29.699350 -32.589166 -33.845190 -34.496606 -34.934316 -30.676801 -31.077516 -31.077416 -34.517370 -36.382419 -35.698116 -34.579558 
-18.723120 -17.748365 -21.064060 4.895686 19.804484 14.340900 -8.120927 -1.232893 22.116831 15.274449 -9.395301 13.579996 11.729892 -7.330179 8.503512 -2.788714 9.265359 4.352777 1.922760 -2.021938 2.940474 -4.098381 -9.549023 -20.506167 -27.187955 -29.967832 -31.502537 -30.971605 -29.139218 -36.435954 -37.612064 -37.660814 -38.381175 -29.529739 -28.398805 -33.100896 -36.384343 -39.988699 -38.069082 -35.005959 
-31.577053 -30.121484 -26.853804 0.899900 18.656393 15.997042 -4.772115 -7.308322 19.549945 17.208760 -6.080730 13.094809 16.831365 -5.839384 7.498615 3.031866 3.675316 6.696095 -1.254612 1.252589 -2.076166 -4.354780 -2.567585 -9.558248 -18.600086 -25.108786 -28.841887 -29.110065 -26.806473 -31.454331 -38.708190 -39.734243 -39.168290 -30.078663 -25.842956 -29.242031 -35.711323 -40.554454 -39.235288 -35.468238 
-28.197787 -26.743065 -31.316959 -1.758039 18.444429 17.642821 -4.442950 -18.289465 17.072242 19.246172 -6.037443 10.642453 19.582994 -0.461103 5.110894 6.601913 -4.327907 6.854585 -7.074086 1.381001 -8.738834 -4.411334 -0.799401 -1.762228 -12.086474 -21.913989 -25.859953 -26.656989 -25.324528 -30.135231 -43.468600 -45.446173 -41.576319 -27.407082 -23.310263 -26.230332 -34.081556 -42.185462 -38.804569 -35.189166 
-20.774394 -17.229726 -19.040994 -2.591806 17.747377 18.830266 -0.654045 -16.364886 14.338515 20.248954 -0.602423 5.874425 19.836480 6.553506 1.830131 8.866642 -7.066641 6.124312 -3.417286 -0.465964 -9.259974 -5.704951 -6.205408 -2.554086 -6.057258 -11.757957 -19.607668 -20.799717 -21.613921 -24.971709 -27.255402 -28.799846 -29.737005 -25.786158 -22.780684 -27.044881 -30.449457 -31.486605 -31.409417 -30.261831 
-12.388345 -13.624337 -13.730975 -7.116128 16.284533 19.743528 2.605247 -19.089792 9.922486 20.695955 3.990981 -3.459260 17.189862 10.093405 -4.874126 8.238828 -6.826559 4.159879 0.297404 -6.551437 -9.508901 -11.145648 -14.353119 -6.743519 -7.558027 -6.706687 -14.993668 -18.796576 -22.065021 -23.094643 -24.090535 -29.676923 -33.747824 -29.645465 -23.107913 -28.980356 -35.328867 -37.060683 -34.953991 -32.022388 
-14.471343 -17.934068 -17.919235 -10.681949 14.816011 20.733491 6.096126 -16.484907 4.075913 20.687389 9.660526 -10.418218 15.357591 13.767762 -10.212150 6.757132 0.185472 0.441456 2.249954 -12.594190 -9.535159 -16.803583 -16.022671 -11.056662 -12.196868 -7.209343 -13.744551 -18.533859 -23.309833 -24.077929 -22.104542 -29.128261 -34.622760 -29.814657 -23.802173 -26.823740 -37.323673 -39.445992 -34.265767 -30.661735 
-23.725867 -23.042055 -22.356825 -14.710328 13.133539 21.380930 9.053097 -15.819504 -1.811891 21.446926 14.470967 -13.312685 12.964514 16.593439 -6.975424 4.928274 4.364373 -6.507566 1.570744 -17.491818 -12.475959 -21.701609 -17.081492 -17.933967 -15.800521 -9.078010 -13.349754 -15.530190 -21.460084 -22.595843 -20.542818 -28.580838 -30.698544 -28.148714 -23.661594 -28.687326 -40.831718 -40.156096 -35.049322 -30.898429 
-15.814614 -18.718418 -19.149437 -20.645994 9.936727 21.423148 12.136656 -17.408103 -6.679700 21.616808 18.977527 -8.879651 6.479016 16.078927 -1.761467 -0.268390 8.097411 -9.711599 -0.996489 -12.090796 -18.873741 -22.093023 -17.864232 -20.894581 -15.759273 -13.854851 -11.970250 -12.121809 -20.826756 -22.657648 -19.266641 -22.618025 -30.648482 -29.733977 -25.101087 -28.120429 -41.176776 -42.887954 -38.528962 -34.050696 
-18.038249 -24.448383 -29.583565 -24.470764 6.923765 21.023549 13.808355 -20.058761 -10.377367 19.778513 20.960722 -6.570467 -7.263787 12.556363 0.606491 -4.340934 9.443534 -8.878621 -6.729596 -11.150267 -24.061258 -21.788816 -21.378474 -22.663241 -19.302859 -19.793639 -14.216723 -12.076656 -22.351888 -26.605899 -23.138844 -26.137976 -34.705255 -34.443951 -30.668126 -30.934504 -38.325552 -41.975836 -37.206631 -31.424006 
-16.340217 -16.256750 -14.565988 -18.617646 3.810171 20.604325 14.954382 -12.506085 -14.819462 15.855524 20.484595 -4.670322 -11.022652 10.186927 2.748760 -3.625788 10.565213 -4.940437 -15.473302 -14.729933 -24.124066 -21.430558 -24.361922 -22.966795 -23.935130 -24.455769 -18.157525 -13.723571 -21.504231 -26.823617 -21.366686 -25.311226 -32.909871 -33.395525 -30.108964 -31.008325 -36.092324 -37.175426 -33.854007 -30.325144 
-18.887905 -18.129173 -18.578588 -18.553578 3.029745 20.581927 15.963601 -12.717937 -15.353233 11.109855 18.186247 -3.394421 -13.018875 6.859539 2.312773 -7.825263 3.530405 -8.029854 -21.332364 -18.386957 -28.870585 -24.844503 -30.786816 -26.623400 -30.903258 -30.477265 -21.829085 -18.297499 -25.182569 -28.610850 -20.976445 -28.788430 -35.680004 -36.799946 -34.605873 -35.180712 -39.836524 -41.388333 -39.674837 -35.765324 
-25.709927 -22.601877 -25.546277 -20.423333 1.905107 20.382529 16.699172 -10.233192 -14.619952 4.191424 14.107908 -5.421124 -19.402821 2.026062 1.407582 -11.674009 -11.742561 -16.664611 -29.102494 -23.673680 -36.145754 -30.485416 -35.741944 -31.626743 -36.008422 -34.782215 -27.850935 -23.983255 -25.430114 -31.843055 -25.365085 -32.252024 -43.697939 -42.717937 -40.824873 -38.931037 -43.454299 -45.368421 -39.338833 -35.780732 
-17.423046 -17.962382 -16.951248 -22.449576 3.946309 20.278137 15.146902 -11.616638 -11.928790 0.428527 8.329864 -10.675916 -15.431660 1.317668 -1.439577 -13.819465 -16.332254 -23.604219 -30.569029 -28.040568 -34.257233 -32.790594 -35.748857 -34.599068 -37.984167 -38.418603 -31.961136 -30.158125 -31.166775 -38.689611 -34.278824 -35.283680 -43.167716 -43.169469 -40.689964 -40.525555 -44.780069 -44.791097 -40.427322 -36.487438 
-22.433128 -23.927361 -21.993192 -19.096639 4.821715 18.986653 13.081888 -12.165572 -18.155710 -4.905509 -1.201962 -13.782747 -14.203942 1.809128 -0.142196 -17.843686 -21.240896 -26.642539 -30.304437 -32.627737 -40.112498 -39.102229 -40.800962 -42.909165 -43.016726 -41.923693 -39.277244 -34.124833 -37.555500 -42.328788 -36.499864 -35.162002 -43.948399 -46.489996 -42.610861 -43.521108 -50.558033 -50.047757 -42.973314 -40.190820 
-17.304077 -20.294835 -27.224638 -19.143724 5.469609 14.219990 6.640572 -12.585616 -16.733756 -13.458657 -12.234828 -16.470837 -15.955282 -8.985924 -6.711542 -19.946161 -26.608601 -29.651675 -35.165016 -35.649612 -37.339603 -38.477259 -40.088246 -39.136215 -39.370889 -41.455002 -41.277199 -39.072976 -39.967762 -44.014096 -41.858793 -41.537744 -42.424164 -44.518806 -44.005663 -44.954731 -46.652955 -47.001673 -44.147316 -41.767292 
-19.307475 -18.988610 -25.736273 -16.007232 -1.656964 0.201584 -6.523705 -18.037143 -20.002154 -19.753104 -16.916918 -17.098271 -14.406135 -6.970763 -9.656218 -19.881487 -30.799087 -39.153196 -40.997563 -41.192684 -42.041759 -45.211355 -46.595704 -47.913651 -50.195865 -52.400776 -52.008741 -49.819089 -48.648961 -51.081400 -49.391848 -47.153626 -45.606995 -49.965230 -53.578479 -54.130738 -54.511749 -54.783341 -51.678103 -49.118709 
-16.220946 -20.068663 -26.278252 -22.385634 -20.014017 -14.199831 -17.995599 -30.036165 -38.358052 -33.187461 -30.772326 -29.833742 -19.876994 -16.393986 -21.269914 -28.850739 -43.564968 -46.352598 -50.268990 -54.339978 -50.261820 -49.496093 -51.337332 -57.003361 -57.107732 -58.302066 -60.160531 -57.117387 -57.972225 -57.760444 -60.148402 -58.823569 -57.110982 -56.394651 -59.005639 -62.626013 -61.044898 -59.307681 -57.180998 -55.680329 
-33.812716 -32.978495 -40.003779 -37.613025 -28.773053 -17.786217 -23.899139 -38.347573 -44.502870 -52.246809 -47.238744 -44.223372 -42.533875 -39.702930 -40.222734 -41.047989 -51.395879 -55.902548 -61.344715 -62.112606 -62.538387 -63.272999 -63.316784 -64.399030 -62.163521 -65.088093 -65.020766 -64.624836 -66.719200 -66.580452 -68.241079 -68.274053 -68.831148 -68.483907 -67.171056 -66.960990 -68.521475 -70.350721 -69.241445 -71.422540 
-37.125068 -46.169655 -50.996002 -49.376421 -36.818734 -29.852491 -32.419192 -47.011528 -52.740747 -51.602660 -54.316805 -53.050468 -56.044991 -57.359637 -54.392804 -56.751049 -60.730845 -67.554111 -70.463281 -66.284308 -73.204062 -69.371958 -66.374773 -69.355844 -71.545101 -74.008739 -69.435084 -69.443901 -75.719613 -70.422686 -71.596837 -72.831749 -72.022693 -72.844198 -71.606716 -69.943889 -70.685401 -71.803807 -71.093288 -76.628106 
-37.225309 -43.117468 -47.835544 -48.816547 -45.186701 -35.765692 -39.541602 -53.638004 -60.404385 -56.659150 -60.704937 -61.677843 -65.230197 -63.220323 -66.319190 -68.030452 -63.510638 -68.740041 -73.268495 -71.483425 -72.528111 -71.877500 -74.506536 -70.698316 -71.295600 -71.355888 -72.244475 -71.067285 -74.570592 -74.033493 -75.723110 -75.653858 -76.558211 -75.034793 -76.820903 -76.122611 -76.787910 -76.971396 -75.777717 -78.397943 
-40.119125 -51.274780 -53.964428 -53.963849 -46.717759 -39.548831 -43.337798 -55.632748 -64.086560 -60.907143 -60.722748 -65.050529 -69.432118 -64.802199 -66.083520 -69.095428 -71.359584 -71.323558 -71.807362 -70.160640 -73.761182 -76.116093 -75.812043 -72.291612 -74.630665 -76.317282 -74.315812 -73.235286 -74.107344 -80.228024 -78.089700 -74.082942 -76.775434 -77.269163 -78.692185 -79.758816 -78.665240 -76.854781 -77.934906 -80.131262 
-41.641631 -47.788514 -49.592073 -53.255450 -55.947901 -49.394982 -50.459093 -66.483363 -62.822906 -60.583858 -66.064921 -70.804608 -67.400424 -68.112993 -72.811268 -71.325246 -72.915035 -73.162345 -74.356158 -71.956174 -72.063486 -70.599071 -69.261756 -76.472194 -77.908491 -79.228800 -77.107878 -75.246639 -74.593366 -74.156408 -74.627860 -78.538182 -75.929611 -78.408296 -77.765631 -77.739808 -75.762281 -78.316743 -75.087269 -77.694920 
-20.885768 -21.178718 -22.476611 -22.695325 -20.201483 -17.149405 -15.102568 -14.512527 -15.581361 -17.962039 -20.438747 -21.355301 -20.814352 -20.530541 -21.562767 -21.535570 -20.363370 -21.080234 -23.715810 -24.532459 -22.718262 -21.709739 -19.696151 -17.897261 -19.722544 -20.806951 -24.587952 -27.927186 -32.503534 -35.432458 -38.624166 -39.069886 -39.860634 -37.579306 -38.474443 -38.638116 -42.557749 -47.048224 -44.733566 -47.700194 
-11.793174 -13.275438 -15.060645 -15.233318 -9.024255 -6.543478 -1.727759 -0.425024 -3.220273 -7.594573 -11.610429 -13.038588 -10.679623 -8.396797 -11.815661 -11.683874 -9.118892 -9.826938 -14.407190 -15.245678 -12.224338 -11.569255 -9.022912 -5.139085 -8.687098 -8.698535 -10.567618 -14.475048 -20.386496 -22.340147 -25.780626 -26.342223 -25.861120 -24.192875 -25.697166 -25.708402 -28.041424 -30.675692 -32.217237 -30.774141 
-11.954220 -15.680623 -21.005683 -16.586143 -16.335778 -19.877203 -8.083481 -5.133705 -9.380494 -10.836397 -16.944283 -17.462761 -13.338969 -13.593457 -11.526207 -11.926279 -19.260318 -23.266955 -22.118716 -18.798850 -20.582222 -17.168688 -13.835650 -9.658069 -7.716094 -5.415898 -7.420486 -9.289791 -16.969401 -19.885162 -18.212180 -17.235711 -18.040260 -19.487258 -18.043677 -19.041412 -21.605120 -18.267564 -23.349813 -24.731108 
-12.096752 -17.483946 -25.167047 -24.078258 -18.581424 -21.724890 -20.932590 -10.109562 -7.517628 -12.828044 -21.183268 -22.097595 -23.016113 -24.313760 -23.818925 -24.442145 -27.741384 -28.121726 -23.275374 -25.175545 -25.227054 -21.851548 -18.520584 -17.495343 -12.221292 -8.606919 -10.860395 -13.351800 -15.590131 -20.204492 -20.563112 -19.943519 -19.598186 -21.873905 -21.321407 -23.094681 -25.959301 -24.716882 -24.903805 -25.624733 
-15.225689 -15.231254 -9.374423 3.323352 6.171632 -0.407101 -9.129214 -3.617408 -7.474680 -12.727145 -19.631095 -21.789795 -21.104014 -25.945096 -23.818005 -28.220329 -28.341578 -27.329725 -23.385787 -26.080386 -23.549166 -24.936381 -18.091002 -15.894799 -11.179141 -10.269879 -15.500986 -17.412571 -19.406852 -19.817613 -22.583670 -24.207834 -23.532862 -22.659025 -23.707962 -26.581286 -27.489736 -28.899792 -25.827604 -26.711864 
-12.011575 -12.424229 -1.910606 16.852598 19.752077 9.498498 1.677582 11.659691 8.328248 -9.624420 -9.319637 -17.580332 -13.863117 -11.499460 -18.974831 -22.100762 -25.993380 -25.861020 -28.001855 -28.052151 -26.872455 -23.281351 -18.291970 -14.993237 -9.099197 -8.316029 -6.843942 -11.726964 -17.634968 -23.028646 -27.208460 -24.243765 -24.900037 -28.406833 -28.202038 -29.992409 -30.101971 -34.013537 -31.925247 -30.176650 
-20.637397 -13.603506 -0.493054 20.768867 21.651440 2.850093 6.791584 20.511792 11.987735 -5.987681 1.469949 -12.563666 -5.110505 -9.086179 -13.435286 -13.708942 -15.947253 -18.995978 -17.794318 -24.372594 -27.204190 -23.736379 -15.277438 -7.074429 -4.080105 -7.128601 -9.916647 -10.166008 -17.697790 -22.463870 -21.989688 -19.656034 -23.147645 -26.785056 -27.928475 -30.926896 -34.542719 -39.987651 -34.152053 -28.412444 
-24.526265 -16.732907 3.422386 21.588638 19.709388 -0.423052 12.769526 21.884972 9.167764 3.556425 6.936386 -8.917219 2.470316 -6.043147 -5.638173 -12.249279 -9.651875 -15.761356 -12.961961 -16.854705 -20.815445 -19.346679 -13.322995 -5.927354 -5.834872 -9.979478 -11.012156 -14.456140 -17.705449 -21.127144 -21.482322 -19.693530 -23.673765 -24.734062 -26.694162 -28.630093 -34.535169 -37.898857 -35.696554 -30.181058 
-27.316354 -19.765588 7.445030 21.284142 16.153463 -4.828663 16.356519 19.618594 -0.427590 11.924071 9.585748 -1.596179 4.657580 -7.437299 -1.632787 -10.950715 -8.300027 -12.514595 -15.037835 -14.414222 -22.153836 -15.361254 -8.489398 -2.491046 -4.815125 -9.012569 -7.615427 -8.227191 -14.554129 -16.811067 -23.436912 -20.560013 -23.895143 -22.425999 -24.720205 -29.407167 -36.195288 -44.832855 -36.395695 -29.173135 
-32.657779 -25.360923 9.340313 20.941989 13.736682 -0.935825 17.982349 17.038269 -1.836200 16.362584 9.091420 5.362713 5.877346 0.106331 0.166320 -6.253938 -10.321177 -10.852957 -13.530880 -14.729548 -18.321737 -12.668186 -5.819926 -1.875838 -4.504792 -9.091057 -4.291930 -8.395044 -17.345417 -23.457692 -22.160138 -16.445634 -19.581787 -23.007645 -26.905323 -30.543458 -39.180186 -44.198409 -38.734009 -33.985359 
-27.798824 -20.992658 10.841782 20.604377 11.585928 1.258924 17.524166 12.366765 1.961964 17.389755 7.030188 9.094695 4.244099 3.344094 -0.988897 -3.750566 -12.276989 -12.149283 -12.501451 -15.239638 -17.477366 -13.818198 -6.424074 -2.309726 -10.703217 -12.609127 -5.236999 -6.048894 -18.567640 -23.492174 -21.980301 -22.116953 -24.819694 -24.768434 -30.784108 -35.187948 -42.136421 -44.533328 -42.530818 -39.202391 
-26.282213 -17.957979 12.107914 20.317013 10.001388 2.669310 16.410631 8.459462 4.452376 14.994925 1.640761 10.963903 0.711511 4.618926 -4.065995 -2.393174 -13.232809 -13.770023 -12.682361 -17.246230 -17.634355 -13.573742 -5.118836 -2.537524 -10.416374 -12.105130 -7.165523 -7.700566 -20.587406 -25.214246 -24.415158 -23.931021 -25.167523 -26.352158 -29.292450 -36.340685 -43.399654 -48.516477 -42.791206 -41.120838 
-17.624835 -17.551997 12.431537 19.941086 9.021569 3.071555 15.121645 5.682756 5.249597 12.188601 -1.416131 11.055756 0.301209 4.741069 -5.016669 -2.339631 -13.415856 -15.136066 -13.519066 -19.819880 -19.666210 -13.730444 -7.554963 -6.223015 -14.855080 -16.170125 -9.084786 -7.968537 -20.513209 -20.488720 -19.132446 -19.937447 -21.338884 -22.730360 -28.297595 -37.535117 -42.491863 -47.038615 -45.863838 -40.556439 
-18.267537 -13.632211 12.802991 19.482060 7.594223 3.840511 13.964308 2.347036 5.956258 10.471268 -0.510616 9.741019 -3.400077 2.195804 -5.259439 -3.889575 -14.805728 -19.107344 -18.694221 -21.374615 -20.930100 -14.749925 -10.337127 -11.267261 -16.013906 -16.376533 -15.062564 -15.349575 -20.965648 -22.405787 -25.347187 -25.165606 -27.462191 -27.682673 -28.631942 -36.756986 -40.954853 -45.222363 -44.257740 -40.159735 
-19.664759 -11.306847 13.155933 19.271457 6.690090 4.225286 13.461785 1.043645 6.203786 8.368899 -0.032972 8.205458 -5.030893 -0.076029 -6.078252 -4.036937 -15.819608 -20.086582 -19.587214 -22.928335 -18.402359 -12.300836 -9.753295 -12.739453 -21.419010 -20.703511 -18.487100 -12.325976 -17.364050 -21.371647 -22.800119 -23.111001 -24.350562 -27.681392 -34.844880 -36.982718 -39.228657 -41.386010 -41.261289 -40.247841 
-20.911483 -10.951167 13.218506 19.029069 7.091534 4.717236 12.750276 -0.015528 6.062727 6.343234 -3.309601 4.957626 -7.054862 -1.376540 -6.380709 -5.217735 -16.731911 -22.647868 -23.665472 -28.894703 -21.874380 -11.271496 -12.324776 -18.324077 -22.651870 -25.317145 -17.803309 -15.962281 -21.848100 -26.863976 -32.157306 -33.842887 -30.559268 -32.375292 -39.027449 -44.733045 -47.821751 -48.498070 -48.742229 -45.732302 
-19.754894 -10.280202 13.565967 18.235009 2.561976 6.673974 10.714412 -1.357689 4.862480 0.999746 -6.198820 -2.201172 -9.687772 -4.633253 -7.408242 -7.682810 -23.152893 -25.887914 -28.043737 -29.921361 -18.687820 -13.130862 -19.720735 -27.240611 -33.376834 -29.771716 -22.170318 -22.681927 -32.166975 -33.783554 -37.401585 -31.709914 -30.830427 -39.603080 -44.967976 -47.248935 -49.223560 -49.720066 -49.845892 -49.591644 
-23.065298 -11.147773 13.999096 20.805413 11.138389 2.868979 11.209137 0.600604 -2.900043 -6.746651 -23.865577 -11.698884 -19.496081 -8.786260 -13.326364 -7.279334 -23.245837 -26.989241 -28.433466 -27.478209 -17.719229 -19.045325 -21.808227 -25.109863 -32.481115 -34.211888 -32.710917 -34.394050 -37.550848 -38.126292 -38.859710 -37.728574 -36.466329 -39.096735 -39.984741 -40.415830 -40.640057 -40.966489 -41.138214 -40.976651 
-17.339697 -10.240308 14.464250 20.452492 7.226588 2.142883 11.433221 -0.354235 -4.503306 -4.474728 -23.048041 -17.044988 -19.495527 -11.101324 -10.421018 -7.984295 -22.917211 -30.240082 -33.509572 -30.855218 -20.603563 -23.177948 -25.259301 -25.846615 -31.829198 -37.867663 -34.917299 -40.285702 -41.652616 -42.592184 -43.028037 -41.766713 -39.034622 -44.459207 -44.811678 -44.850533 -45.003811 -45.441222 -46.162710 -45.493137 
-21.030229 -10.388684 14.429300 20.493887 8.156642 0.944668 10.917777 -0.562166 -5.840399 -4.328584 -20.666440 -14.782594 -18.624655 -11.338589 -11.245902 -8.608853 -23.157377 -29.951918 -34.726955 -31.050537 -19.496826 -22.707440 -25.097162 -27.577736 -31.923514 -37.169289 -35.439411 -37.749054 -41.528292 -41.856983 -42.074697 -41.206677 -41.082485 -43.402448 -44.443790 -44.598519 -44.414736 -44.362183 -44.972377 -45.242655 
-14.711909 -11.884934 14.197674 20.286860 7.719874 0.583029 10.188086 -1.922235 -7.443799 -5.325624 -23.146846 -16.734738 -20.020492 -11.995618 -11.299272 -8.722008 -26.829338 -33.731203 -37.759838 -36.244760 -17.742942 -23.521256 -29.684102 -31.663271 -39.461256 -42.457445 -37.130978 -41.679435 -46.913049 -48.097490 -49.375695 -48.086006 -44.932304 -47.153920 -49.938663 -48.255364 -48.545579 -48.563661 -51.034751 -49.754746 
-14.238492 -12.013398 13.555847 20.292736 8.661791 -1.421138 9.118027 -1.597936 -9.565628 -5.867309 -21.235050 -17.131613 -21.011933 -11.806011 -12.770573 -9.282567 -30.726620 -35.890418 -36.584386 -37.497667 -21.075507 -26.328269 -29.081853 -28.696360 -38.423701 -42.649209 -36.844106 -41.067420 -45.290844 -46.702716 -47.534627 -47.652961 -46.392372 -46.412535 -48.628146 -47.986354 -49.347286 -49.454442 -49.862349 -50.000120 
-22.790308 -13.386322 12.682241 20.143784 8.977537 -4.920844 7.529595 -1.431547 -11.960889 -7.386033 -20.706576 -17.603442 -20.727071 -12.491991 -16.452007 -10.614314 -28.299855 -30.129863 -30.443386 -31.844483 -18.133419 -19.710297 -24.884369 -25.344155 -33.814355 -36.450209 -34.570095 -35.939354 -38.178982 -38.814273 -39.508112 -39.886536 -39.847670 -40.409679 -41.114709 -41.631864 -41.834165 -42.155862 -42.410927 -42.415674 
-41.477784 -21.204164 11.546716 19.935093 9.736203 -7.110015 5.938989 -2.248476 -15.135866 -9.594679 -22.761853 -16.272925 -21.242961 -13.215649 -17.608108 -11.268337 -26.453796 -30.831002 -32.174789 -32.440276 -23.149113 -21.034859 -26.640753 -26.343984 -33.361034 -37.431830 -34.223054 -35.930741 -40.023989 -40.717407 -40.818386 -41.253444 -41.671951 -42.449021 -42.871534 -43.085851 -43.436492 -43.585850 -43.844618 -43.823359 
-20.101274 -17.195999 10.562658 19.694233 10.310419 -8.311535 3.357801 -3.027707 -22.558427 -13.606080 -25.208615 -17.406550 -23.057784 -13.026700 -15.698893 -13.355906 -27.482270 -35.867230 -37.915695 -35.977618 -24.677671 -22.260357 -25.518227 -28.790637 -40.003036 -43.343138 -37.652491 -39.464396 -47.705548 -48.037917 -49.013937 -48.312066 -48.265147 -48.603449 -50.475029 -50.621179 -51.510993 -52.027731 -51.225086 -51.458220 
-19.729762 -23.304040 8.925133 19.660517 11.958844 -16.567127 -1.105744 -3.470700 -26.671233 -20.908171 -26.677173 -16.108461 -19.217307 -14.890294 -16.739565 -17.145616 -24.831221 -41.892606 -39.520404 -34.832562 -26.353309 -23.016051 -28.790720 -29.908353 -38.208745 -41.729539 -38.502770 -41.011433 -51.392126 -56.418110 -55.065851 -49.282388 -48.270826 -54.362764 -54.661068 -53.738806 -53.566728 -54.281797 -53.088205 -54.809652 
-24.964845 -20.443959 8.576119 18.876892 10.689182 -11.683088 -1.527795 -5.372404 -31.985535 -33.377592 -30.135806 -15.527684 -16.794757 -15.417636 -18.052433 -18.535902 -27.571258 -42.202391 -38.072308 -35.323286 -23.482118 -24.653373 -27.465466 -31.319534 -39.692940 -42.921241 -32.246486 -38.560748 -49.663613 -51.409785 -52.980018 -49.907013 -49.350099 -51.491713 -52.957121 -52.907081 -53.208607 -54.572612 -55.276781 -54.094184 
-24.024157 -19.598131 5.821187 17.915425 12.081687 -9.308189 -8.978968 -7.109459 -24.118328 -20.924433 -23.424347 -19.938085 -19.870133 -20.165190 -13.561496 -19.562719 -24.162128 -37.686430 -37.773904 -34.386296 -23.666307 -22.169673 -24.217286 -26.253891 -34.249348 -42.505792 -37.347708 -38.860462 -46.726692 -47.794250 -46.231219 -47.010475 -46.996357 -49.263651 -50.479775 -50.280609 -50.494711 -49.563623 -50.366518 -50.727217 
-17.417221 -17.951562 4.218164 15.855719 9.907738 -12.234369 -11.165551 -14.170083 -16.545892 -17.543665 -28.501319 -23.153117 -16.244453 -19.275104 -16.077657 -22.024683 -29.350246 -36.082158 -34.812380 -34.795481 -23.441756 -24.479022 -26.695868 -27.605210 -34.726071 -41.462007 -36.279469 -36.983314 -45.212488 -46.602087 -46.728337 -45.128162 -44.345489 -47.195591 -48.899256 -48.147310 -49.012472 -48.907231 -48.557585 -49.360188 
-16.878981 -20.578259 -2.182163 11.341305 7.939572 -8.707363 -9.536104 -14.902130 -24.123450 -24.705456 -21.098119 -22.092595 -17.527370 -25.663476 -22.169325 -23.897480 -32.390779 -42.908354 -36.715464 -35.222623 -23.831202 -21.207983 -27.274337 -26.084287 -36.858805 -41.576128 -35.993849 -36.427623 -47.069418 -49.654759 -51.354025 -49.365026 -48.289182 -51.550458 -55.442938 -55.611203 -55.172523 -55.386234 -55.671369 -55.561390 
-22.770810 -27.599769 -12.699236 3.200540 2.341914 -14.079952 -23.577075 -25.691116 -33.193843 -31.647890 -28.134770 -27.280719 -21.122075 -24.376068 -30.286202 -30.175238 -35.861593 -43.515400 -42.533241 -43.826139 -32.855623 -28.463310 -38.293265 -35.323288 -40.386257 -41.824460 -35.201741 -39.012409 -52.534506 -52.928756 -53.653879 -55.254059 -56.531318 -56.283167 -60.218138 -60.602110 -59.553194 -58.935269 -60.109588 -60.453338 
-18.903453 -26.313935 -28.805972 -7.969245 -6.892007 -22.623358 -29.542077 -36.897139 -34.203511 -37.221408 -35.153440 -33.321602 -26.904690 -26.480482 -32.494672 -35.886624 -39.686503 -45.109148 -47.957398 -48.691877 -42.130586 -35.114107 -41.082203 -40.339342 -47.421963 -47.965661 -46.663554 -50.344600 -55.433867 -56.477751 -57.288243 -57.335852 -57.954971 -58.617477 -58.649162 -59.506373 -59.128931 -59.146598 -59.730495 -60.120198 
-31.380148 -32.931431 -28.665968 -18.473458 -17.562588 -26.897937 -43.868235 -44.600480 -46.369083 -43.343885 -42.108136 -39.558449 -40.664723 -36.285481 -37.279895 -41.413246 -47.036155 -54.587511 -60.022971 -58.213567 -55.449509 -48.472725 -49.150193 -53.823961 -60.502004 -60.000322 -57.114112 -63.827268 -65.954718 -70.293041 -69.641067 -69.178776 -66.588584 -68.355466 -70.629116 -69.263429 -67.145838 -68.031941 -71.468747 -72.518021 
-33.559217 -36.820752 -39.052028 -40.968599 -43.099250 -42.255680 -47.812238 -52.635997 -58.129437 -58.155839 -56.554421 -56.984383 -59.523171 -57.124301 -57.722312 -59.528210 -62.468833 -65.156221 -66.339747 -65.952432 -63.975113 -67.039887 -67.171190 -69.899672 -69.679577 -70.529440 -70.400370 -72.077208 -72.399484 -75.184493 -74.515061 -74.510978 -76.146799 -75.522186 -76.212004 -73.465013 -74.186843 -75.309018 -75.950933 -75.898338 
-52.204256 -53.783009 -56.714370 -62.868003 -71.408306 -66.475673 -64.827218 -68.065556 -75.837733 -73.600132 -75.000679 -76.583480 -73.171816 -77.255451 -81.584496 -80.861231 -86.590598 -86.526632 -87.646231 -89.086812 -87.271931 -89.821816 -87.782444 -89.674889 -91.695531 -93.869348 -88.510042 -92.264802 -94.351934 -94.324314 -94.421939 -93.209803 -93.431820 -95.551815 -92.712470 -90.759568 -91.262178 -92.616097 -94.423007 -94.757837 
NaN NaN NaN NaN NaN NaN NaN NaN NaN NaN NaN NaN NaN NaN NaN NaN NaN NaN NaN NaN NaN NaN NaN NaN NaN NaN NaN NaN NaN NaN NaN NaN NaN NaN NaN NaN NaN NaN NaN NaN 
NaN NaN NaN NaN NaN NaN NaN NaN NaN NaN NaN NaN NaN NaN NaN NaN NaN NaN NaN NaN NaN NaN NaN NaN NaN NaN NaN NaN NaN NaN NaN NaN NaN NaN NaN NaN NaN NaN NaN NaN 
NaN NaN NaN NaN NaN NaN NaN NaN NaN NaN NaN NaN NaN NaN NaN NaN NaN NaN NaN NaN NaN NaN NaN NaN NaN NaN NaN NaN NaN NaN NaN NaN NaN NaN NaN NaN NaN NaN NaN NaN 
NaN NaN NaN NaN NaN NaN NaN NaN NaN NaN NaN NaN NaN NaN NaN NaN NaN NaN NaN NaN NaN NaN NaN NaN NaN NaN NaN NaN NaN NaN NaN NaN NaN NaN NaN NaN NaN NaN NaN NaN 
NaN NaN NaN NaN NaN NaN NaN NaN NaN NaN NaN NaN NaN NaN NaN NaN NaN NaN NaN NaN NaN NaN NaN NaN NaN NaN NaN NaN NaN NaN NaN NaN NaN NaN NaN NaN NaN NaN NaN NaN 
NaN NaN NaN NaN NaN NaN NaN NaN NaN NaN NaN NaN NaN NaN NaN NaN NaN NaN NaN NaN NaN NaN NaN NaN NaN NaN NaN NaN NaN NaN NaN NaN NaN NaN NaN NaN NaN NaN NaN NaN 
NaN NaN NaN NaN NaN NaN NaN NaN NaN NaN NaN NaN NaN NaN NaN NaN NaN NaN NaN NaN NaN NaN NaN NaN NaN NaN NaN NaN NaN NaN NaN NaN NaN NaN NaN NaN NaN NaN NaN NaN 
NaN NaN NaN NaN NaN NaN NaN NaN NaN NaN NaN NaN NaN NaN NaN NaN NaN NaN NaN NaN NaN NaN NaN NaN NaN NaN NaN NaN NaN NaN NaN NaN NaN NaN NaN NaN NaN NaN NaN NaN 
NaN NaN NaN NaN NaN NaN NaN NaN NaN NaN NaN NaN NaN NaN NaN NaN NaN NaN NaN NaN NaN NaN NaN NaN NaN NaN NaN NaN NaN NaN NaN NaN NaN NaN NaN NaN NaN NaN NaN NaN 
NaN NaN NaN NaN NaN NaN NaN NaN NaN NaN NaN NaN NaN NaN NaN NaN NaN NaN NaN NaN NaN NaN NaN NaN NaN NaN NaN NaN NaN NaN NaN NaN NaN NaN NaN NaN NaN NaN NaN NaN 
NaN NaN NaN NaN NaN NaN NaN NaN NaN NaN NaN NaN NaN NaN NaN NaN NaN NaN NaN NaN NaN NaN NaN NaN NaN NaN NaN NaN NaN NaN NaN NaN NaN NaN NaN NaN NaN NaN NaN NaN 
NaN NaN NaN NaN NaN NaN NaN NaN NaN NaN NaN NaN NaN NaN NaN NaN NaN NaN NaN NaN NaN NaN NaN NaN NaN NaN NaN NaN NaN NaN NaN NaN NaN NaN NaN NaN NaN NaN NaN NaN 
NaN NaN NaN NaN NaN NaN NaN NaN NaN NaN NaN NaN NaN NaN NaN NaN NaN NaN NaN NaN NaN NaN NaN NaN NaN NaN NaN NaN NaN NaN NaN NaN NaN NaN NaN NaN NaN NaN NaN NaN 
NaN NaN NaN NaN NaN NaN NaN NaN NaN NaN NaN NaN NaN NaN NaN NaN NaN NaN NaN NaN NaN NaN NaN NaN NaN NaN NaN NaN NaN NaN NaN NaN NaN NaN NaN NaN NaN NaN NaN NaN 
NaN NaN NaN NaN NaN NaN NaN NaN NaN NaN NaN NaN NaN NaN NaN NaN NaN NaN NaN NaN NaN NaN NaN NaN NaN NaN NaN NaN NaN NaN NaN NaN NaN NaN NaN NaN NaN NaN NaN NaN 
NaN NaN NaN NaN NaN NaN NaN NaN NaN NaN NaN NaN NaN NaN NaN NaN NaN NaN NaN NaN NaN NaN NaN NaN NaN NaN NaN NaN NaN NaN NaN NaN NaN NaN NaN NaN NaN NaN NaN NaN 
NaN NaN NaN NaN NaN NaN NaN NaN NaN NaN NaN NaN NaN NaN NaN NaN NaN NaN NaN NaN NaN NaN NaN NaN NaN NaN NaN NaN NaN NaN NaN NaN NaN NaN NaN NaN NaN NaN NaN NaN 
NaN NaN NaN NaN NaN NaN NaN NaN NaN NaN NaN NaN NaN NaN NaN NaN NaN NaN NaN NaN NaN NaN NaN NaN NaN NaN NaN NaN NaN NaN NaN NaN NaN NaN NaN NaN NaN NaN NaN NaN 
NaN NaN NaN NaN NaN NaN NaN NaN NaN NaN NaN NaN NaN NaN NaN NaN NaN NaN NaN NaN NaN NaN NaN NaN NaN NaN NaN NaN NaN NaN NaN NaN NaN NaN NaN NaN NaN NaN NaN NaN 
NaN NaN NaN NaN NaN NaN NaN NaN NaN NaN NaN NaN NaN NaN NaN NaN NaN NaN NaN NaN NaN NaN NaN NaN NaN NaN NaN NaN NaN NaN NaN NaN NaN NaN NaN NaN NaN NaN NaN NaN 
NaN NaN NaN NaN NaN NaN NaN NaN NaN NaN NaN NaN NaN NaN NaN NaN NaN NaN NaN NaN NaN NaN NaN NaN NaN NaN NaN NaN NaN NaN NaN NaN NaN NaN NaN NaN NaN NaN NaN NaN 
