NaN NaN NaN NaN NaN NaN NaN NaN NaN NaN NaN NaN NaN NaN NaN NaN NaN NaN NaN NaN NaN NaN NaN NaN NaN NaN NaN NaN NaN NaN NaN NaN NaN NaN NaN NaN NaN NaN NaN NaN 
NaN NaN NaN NaN NaN NaN NaN NaN NaN NaN NaN NaN NaN NaN NaN NaN NaN NaN NaN NaN NaN NaN NaN NaN NaN NaN NaN NaN NaN NaN NaN NaN NaN NaN NaN NaN NaN NaN NaN NaN 
NaN NaN NaN NaN NaN NaN NaN NaN NaN NaN NaN NaN NaN NaN NaN NaN NaN NaN NaN NaN NaN NaN NaN NaN NaN NaN NaN NaN NaN NaN NaN NaN NaN NaN NaN NaN NaN NaN NaN NaN 
NaN NaN NaN NaN NaN NaN NaN NaN NaN NaN NaN NaN NaN NaN NaN NaN NaN NaN NaN NaN NaN NaN NaN NaN NaN NaN NaN NaN NaN NaN NaN NaN NaN NaN NaN NaN NaN NaN NaN NaN 
NaN NaN NaN NaN NaN NaN NaN NaN NaN NaN NaN NaN NaN NaN NaN NaN NaN NaN NaN NaN NaN NaN NaN NaN NaN NaN NaN NaN NaN NaN NaN NaN NaN NaN NaN NaN NaN NaN NaN NaN 
NaN NaN NaN NaN NaN NaN NaN NaN NaN NaN NaN NaN NaN NaN NaN NaN NaN NaN NaN NaN NaN NaN NaN NaN NaN NaN NaN NaN NaN NaN NaN NaN NaN NaN NaN NaN NaN NaN NaN NaN 
NaN NaN NaN NaN NaN NaN NaN NaN NaN NaN NaN NaN NaN NaN NaN NaN NaN NaN NaN NaN NaN NaN NaN NaN NaN NaN NaN NaN NaN NaN NaN NaN NaN NaN NaN NaN NaN NaN NaN NaN 
NaN NaN NaN NaN NaN NaN NaN NaN NaN NaN NaN NaN NaN NaN NaN NaN NaN NaN NaN NaN NaN NaN NaN NaN NaN NaN NaN NaN NaN NaN NaN NaN NaN NaN NaN NaN NaN NaN NaN NaN 
NaN NaN NaN NaN NaN NaN NaN NaN NaN NaN NaN NaN NaN NaN NaN NaN NaN NaN NaN NaN NaN NaN NaN NaN NaN NaN NaN NaN NaN NaN NaN NaN NaN NaN NaN NaN NaN NaN NaN NaN 
NaN NaN NaN NaN NaN NaN NaN NaN NaN NaN NaN NaN NaN NaN NaN NaN NaN NaN NaN NaN NaN NaN NaN NaN NaN NaN NaN NaN NaN NaN NaN NaN NaN NaN NaN NaN NaN NaN NaN NaN 
NaN NaN NaN NaN NaN NaN NaN NaN NaN NaN NaN NaN NaN NaN NaN NaN NaN NaN NaN NaN NaN NaN NaN NaN NaN NaN NaN NaN NaN NaN NaN NaN NaN NaN NaN NaN NaN NaN NaN NaN 
NaN NaN NaN NaN NaN NaN NaN NaN NaN NaN NaN NaN NaN NaN NaN NaN NaN NaN NaN NaN NaN NaN NaN NaN NaN NaN NaN NaN NaN NaN NaN NaN NaN NaN NaN NaN NaN NaN NaN NaN 
NaN NaN NaN NaN NaN NaN NaN NaN NaN NaN NaN NaN NaN NaN NaN NaN NaN NaN NaN NaN NaN NaN NaN NaN NaN NaN NaN NaN NaN NaN NaN NaN NaN NaN NaN NaN NaN NaN NaN NaN 
NaN NaN NaN NaN NaN NaN NaN NaN NaN NaN NaN NaN NaN NaN NaN NaN NaN NaN NaN NaN NaN NaN NaN NaN NaN NaN NaN NaN NaN NaN NaN NaN NaN NaN NaN NaN NaN NaN NaN NaN 
NaN NaN NaN NaN NaN NaN NaN NaN NaN NaN NaN NaN NaN NaN NaN NaN NaN NaN NaN NaN NaN NaN NaN NaN NaN NaN NaN NaN NaN NaN NaN NaN NaN NaN NaN NaN NaN NaN NaN NaN 
NaN NaN NaN NaN NaN NaN NaN NaN NaN NaN NaN NaN NaN NaN NaN NaN NaN NaN NaN NaN NaN NaN NaN NaN NaN NaN NaN NaN NaN NaN NaN NaN NaN NaN NaN NaN NaN NaN NaN NaN 
-48.967199 -50.960210 -54.452295 -59.385226 -60.801159 -60.301839 -61.941241 -64.355759 -66.031104 -68.870480 -70.692033 -72.643016 -72.604372 -72.680559 -78.252823 -83.888052 -86.236295 -85.936368 -89.019389 -80.416468 -78.823387 -83.295346 -84.448152 -90.120148 -88.472867 -89.725797 -85.542239 -87.224789 -92.525970 -89.363517 -84.481121 -88.615948 -95.065064 -89.519681 -88.113310 -85.556737 -86.868366 -90.476184 -86.727104 -93.560429 
-38.365640 -36.244185 -35.103062 -35.767595 -35.897184 -39.829210 -44.122906 -51.951125 -51.125908 -50.243812 -50.470630 -52.218188 -54.764518 -54.658731 -54.548386 -57.341673 -57.535068 -58.173854 -59.090282 -59.885806 -61.076808 -61.671176 -62.466508 -62.924076 -64.068295 -64.209459 -65.104761 -65.289976 -66.230454 -67.141550 -66.957701 -67.559827 -67.602927 -67.926227 -68.478990 -68.649061 -69.163228 -69.214283 -69.357548 -69.902055 
-18.415244 -8.319137 -2.609216 -3.520802 -13.632219 -22.585929 -22.725669 -28.918728 -36.531370 -38.590899 -39.060133 -41.677716 -38.141017 -36.871184 -37.100453 -42.080584 -47.231050 -50.478108 -50.368933 -52.806669 -54.819240 -55.355579 -56.539556 -55.758632 -56.515034 -57.239770 -57.580563 -58.181076 -58.561196 -58.534039 -60.008139 -60.681607 -60.616769 -60.466279 -61.037284 -62.087089 -61.962286 -62.150523 -62.645590 -62.902910 
-16.688930 0.731665 7.747268 3.054323 -5.280791 -6.988610 -16.893383 -17.776785 -26.326096 -24.623404 -33.890396 -32.346123 -30.715929 -26.428427 -23.007330 -27.747876 -42.349834 -44.654851 -43.671079 -45.914841 -47.332980 -49.304496 -50.642503 -50.990852 -50.869279 -52.155908 -52.115651 -52.633697 -53.276625 -53.222577 -54.732140 -54.539719 -55.220037 -54.468494 -55.498346 -55.938679 -56.028720 -56.511019 -56.721987 -57.203815 
-21.403648 -0.447897 7.365434 -0.972220 -5.663832 -6.225580 -17.847494 -14.847660 -24.269222 -23.179932 -28.578201 -35.675884 -34.059538 -27.919430 -26.651799 -29.035261 -39.493787 -44.349278 -42.258670 -45.461015 -46.514085 -47.961861 -49.256509 -49.317242 -50.187341 -49.817766 -49.761058 -51.014624 -51.700831 -52.108967 -52.800683 -53.646634 -53.514067 -54.397458 -54.129376 -54.467724 -53.361226 -55.154065 -56.004365 -55.751468 
-19.244236 -1.793879 5.004958 -3.108830 -4.111363 -7.138131 -16.935500 -16.865693 -23.240642 -26.738835 -39.636563 -39.333307 -39.285161 -32.001974 -32.493526 -37.081399 -43.709741 -49.667047 -48.854493 -49.005457 -50.684846 -52.502067 -53.990136 -54.047151 -54.686151 -54.665006 -53.820539 -55.702403 -55.796144 -54.975324 -56.547805 -58.160858 -57.362305 -57.373667 -57.584194 -58.385481 -57.797792 -60.612523 -61.181101 -60.450591 
-22.054847 -5.835262 0.506511 -3.778733 -4.312133 -10.900462 -19.965278 -24.820924 -28.586172 -30.822554 -36.455204 -41.407634 -41.568803 -37.988551 -39.723315 -45.300076 -55.607977 -52.591565 -51.772956 -54.497654 -57.398550 -62.732935 -61.023358 -61.115452 -61.608585 -62.904480 -62.157236 -62.620331 -62.795321 -59.154361 -62.046135 -63.767785 -65.096255 -63.434988 -63.694248 -61.302265 -64.115459 -66.736318 -66.332361 -66.593690 
-13.411410 -6.573306 -2.922266 -6.853715 -7.897843 -11.149303 -17.390486 -15.554963 -14.206652 -21.345961 -32.190580 -25.420445 -25.218837 -24.392609 -22.600150 -21.572397 -21.700528 -23.501884 -24.465721 -34.667815 -35.356637 -27.715302 -33.604800 -34.657718 -33.956542 -36.970480 -34.884373 -30.954219 -30.560418 -34.405367 -34.241085 -33.942515 -39.762169 -42.195893 -41.763949 -37.062569 -37.922088 -38.076800 -39.510843 -42.864735 
-13.146574 -2.990961 7.286894 5.035372 -3.133168 3.236410 -0.285529 -2.012857 -3.479224 -10.531953 -11.265796 -7.184974 -10.400718 -13.686204 -16.607530 -13.847009 -15.566345 -13.946377 -17.038985 -21.413285 -21.951384 -20.713809 -23.543237 -21.215816 -23.795579 -23.495613 -22.856551 -22.713409 -22.027381 -25.982697 -26.964452 -24.015626 -29.973379 -36.240649 -27.749620 -30.696895 -26.187276 -26.134327 -27.514155 -29.744434 
-14.398204 0.066587 10.576513 6.321817 3.296940 11.735751 4.926386 4.237717 -0.435878 -2.996568 -9.551625 -3.662546 -8.520506 -4.726055 -12.494729 -12.284170 -18.018542 -17.391082 -19.296558 -20.063099 -23.627115 -25.139571 -22.328642 -18.227646 -15.155134 -20.482432 -23.515509 -24.770274 -26.931405 -24.789982 -27.774709 -27.375451 -29.828132 -34.000979 -33.696512 -35.058071 -31.652327 -31.454764 -32.884685 -36.073374 
-19.326886 -1.011489 11.474710 7.789391 5.447847 16.850294 9.343965 8.774013 4.748920 -0.033600 -1.687764 1.040767 -0.225272 1.045892 -5.498047 -7.545502 -13.950710 -9.758830 -16.161438 -18.085267 -20.021636 -24.987360 -28.163295 -27.796106 -28.147458 -32.040662 -33.195887 -32.910561 -34.376459 -32.537747 -33.052404 -34.769954 -40.877739 -37.963702 -41.499172 -38.102799 -34.386646 -34.518518 -35.919633 -44.533595 
-25.679992 -1.745666 12.021226 9.985383 5.805692 20.289958 15.136563 11.020567 13.251093 2.767410 5.407123 3.523920 4.815602 7.545746 2.868010 -1.996382 -7.225531 -5.935551 -12.458931 -23.316502 -27.436916 -32.471612 -34.539378 -37.003683 -38.969289 -38.676320 -38.236507 -38.831449 -39.367616 -38.602509 -37.156361 -40.137085 -43.232917 -43.329831 -42.630013 -42.091496 -43.526781 -42.567843 -43.501642 -47.478808 
-22.256597 -3.779223 12.046573 11.822209 2.855188 20.611408 18.831596 9.454871 18.238543 6.102912 8.933013 3.019228 8.456032 6.773372 9.781840 1.508123 -2.833928 -2.927319 -4.400996 -17.580787 -25.889848 -32.244163 -34.773358 -35.923687 -35.716586 -37.278291 -37.129630 -37.638335 -38.541881 -38.005006 -35.465676 -37.744494 -40.303741 -39.434505 -40.844661 -41.407045 -41.156212 -41.817854 -41.491502 -41.978303 
-20.704995 -6.018946 11.491615 13.494056 0.606389 18.573133 20.679031 8.284537 20.510605 11.678209 8.514236 4.559654 8.128834 6.637207 15.351633 5.267308 -0.690669 1.914196 -2.292264 -12.012620 -22.351470 -27.738817 -31.640879 -31.999853 -32.861633 -33.439141 -34.634810 -34.847306 -34.440799 -34.219806 -31.122417 -34.170232 -37.328010 -37.954895 -38.733613 -39.017159 -38.919644 -39.254032 -39.459047 -39.834622 
-12.051269 -8.493027 10.400678 14.448983 0.711002 14.777375 21.543776 7.973654 19.366708 17.182066 5.056771 7.480482 5.375070 8.462131 16.124329 12.009417 1.878756 3.830492 1.354791 -8.323833 -18.689565 -23.799209 -26.572207 -27.429835 -28.424076 -29.255943 -30.083308 -30.826839 -31.446927 -30.234116 -26.869515 -29.631490 -34.106474 -34.531471 -35.226773 -34.742322 -35.897109 -36.077805 -36.404950 -36.573238 
-16.852275 -14.139526 8.803596 14.979503 3.093238 10.605312 21.463801 11.189059 16.765020 21.023323 3.521771 8.397915 2.878948 10.651675 13.124851 16.373512 2.626249 2.830120 6.865630 -3.055123 -12.471135 -22.270681 -28.876454 -30.451462 -30.470574 -30.567942 -32.127758 -33.149321 -31.623152 -26.736540 -24.441725 -30.634596 -35.767652 -36.313464 -35.228071 -33.151660 -37.520399 -36.647312 -38.286294 -39.123926 
-20.537182 -17.922863 6.400153 15.165561 6.136896 5.890977 21.045925 15.132019 12.236406 23.159166 7.984747 7.407405 2.361006 10.304174 8.550701 17.619709 5.781445 0.798689 6.656201 0.232847 -4.545939 -16.254662 -25.539839 -29.902580 -29.034956 -29.186683 -29.987745 -30.197284 -27.405771 -22.461549 -21.680856 -29.887755 -34.965071 -34.073669 -33.860090 -31.497826 -35.911818 -36.561670 -37.263091 -38.551909 
-17.781567 -21.325865 3.410706 15.106417 7.897747 1.827852 20.035194 18.297173 6.963677 23.363094 13.631322 4.796991 5.323724 6.941322 8.621071 15.887591 10.864902 1.294340 0.845974 -0.388493 0.058848 -11.474223 -21.984745 -28.862736 -30.799008 -30.252092 -30.171231 -29.809626 -23.883692 -18.925979 -18.745053 -28.765067 -36.091220 -33.479956 -31.542246 -27.850012 -36.848737 -35.404526 -35.375184 -43.453409 
-19.849687 -21.122345 0.607098 15.103065 9.980197 -4.447731 18.156406 20.756056 2.384832 21.543137 17.850040 2.182233 8.845851 2.651313 11.533414 10.781912 13.751998 0.589191 -1.553095 0.198599 1.642396 -2.851891 -16.668127 -25.591868 -28.582994 -30.513954 -28.813133 -28.515234 -21.604368 -16.238667 -17.148711 -27.333361 -35.842537 -30.447314 -28.778063 -25.754954 -35.706606 -34.183908 -32.429361 -41.113708 
-26.431116 -24.469978 -2.161519 15.097844 12.151009 -6.342303 15.787203 22.821307 5.317466 17.486506 19.916660 -0.446749 10.392870 1.961235 12.490493 6.051682 13.636905 2.001966 -0.372911 -1.875087 -1.223962 -0.136779 -12.710495 -19.385431 -24.886574 -25.456757 -24.934680 -26.145016 -19.363750 -14.345776 -16.110349 -24.446012 -29.354073 -27.500556 -25.491016 -23.225471 -29.634049 -28.566063 -27.397674 -31.514164 
-22.764576 -23.105674 -5.435756 14.825565 14.030434 -6.529143 13.134744 24.365265 10.874439 11.863783 20.477806 1.513425 10.061673 4.850075 11.181168 9.596168 10.578396 3.580663 0.990906 -5.248542 -5.420269 -1.540676 -9.372433 -14.494197 -21.448419 -27.470220 -27.829868 -27.104602 -17.702491 -12.875349 -14.667328 -25.320458 -35.046967 -27.331400 -25.082151 -22.830913 -30.763728 -26.383327 -25.968826 -38.969318 
-13.365506 -15.060791 -10.507617 14.269926 15.134884 -2.818760 10.164099 25.313468 15.195921 4.639907 19.608939 5.133920 8.013645 8.495228 8.449723 13.343732 3.737756 3.988585 -1.314417 -7.417721 -6.936276 -4.151132 -8.186232 -11.102249 -19.296787 -26.544600 -28.261291 -27.625985 -16.736899 -10.927502 -14.225848 -24.069352 -35.008734 -26.585894 -22.088690 -19.265796 -30.225660 -26.114551 -25.770615 -39.030828 
-12.086307 -13.585748 -11.664512 13.270444 15.613147 -0.403740 6.604667 25.651416 18.836307 -2.116877 17.129586 8.061085 5.203157 10.458414 6.303874 16.234001 1.069755 2.500172 -4.766988 -5.956130 -8.010903 -7.585186 -8.069277 -7.523985 -17.546541 -25.214138 -26.054033 -26.146563 -15.983559 -11.340342 -14.330423 -24.094157 -31.634303 -25.602417 -22.107329 -19.649832 -29.501873 -26.941631 -25.163853 -33.607543 
-21.882253 -20.872143 -17.608843 11.587990 15.751893 -0.288562 3.328922 25.959791 21.257752 -4.596300 13.492690 7.795512 1.426202 11.536792 3.618956 17.567416 1.977576 -0.766749 -8.587588 -6.368699 -12.584151 -12.612986 -10.545054 -6.541816 -19.448438 -24.178223 -25.556904 -25.535357 -17.084903 -14.405663 -17.242632 -23.772114 -29.755510 -26.052229 -24.025964 -22.997123 -30.679822 -28.533710 -26.946182 -32.258543 
-17.646068 -13.536545 -15.675983 10.972473 15.519226 0.473689 4.421993 26.568246 22.179211 -6.913518 8.749831 4.855415 -0.113835 11.297728 1.908298 16.972244 0.742856 -4.918882 -13.144113 -10.276946 -17.724186 -19.064146 -16.315505 -8.401924 -20.439683 -30.939815 -32.666938 -29.897953 -19.099440 -17.447384 -22.826192 -28.858701 -38.735433 -30.147288 -27.880276 -26.067175 -37.788864 -32.818929 -31.702503 -43.917225 
-19.364972 -15.043436 -13.503548 10.788186 15.619154 1.484807 3.313724 26.329503 22.534126 -10.423004 2.136925 2.145741 -2.824756 10.019382 1.743378 15.313512 -0.547847 -7.178785 -16.083668 -13.942790 -17.964632 -18.202435 -16.874168 -9.630124 -18.119057 -24.266069 -25.188819 -25.720577 -19.290934 -17.300818 -21.245385 -26.665113 -31.316703 -27.982451 -26.341839 -23.881664 -30.869060 -31.128387 -31.203983 -33.573481 
-25.646698 -24.160995 -19.574782 12.035689 16.525912 0.836422 2.654237 25.336676 21.401826 -10.675757 2.009043 0.395775 -5.457280 7.575966 -3.136490 10.090872 -3.010869 -8.294482 -15.506255 -14.372432 -18.507257 -20.557096 -20.989036 -13.257621 -18.051907 -23.820993 -26.397498 -27.713132 -21.789499 -17.949395 -21.199641 -25.847284 -30.738003 -28.235591 -27.583458 -26.622957 -31.320365 -30.421176 -28.587489 -32.774897 
-14.081184 -15.569471 -5.815998 14.224807 16.617722 1.161942 6.402763 23.252074 17.158313 -8.119856 0.731148 -4.636407 -2.675998 5.430888 -2.148466 2.485986 -11.345129 -14.708290 -20.995853 -19.765968 -23.524612 -27.988940 -28.389367 -21.056228 -20.643740 -30.020982 -34.654037 -37.063256 -28.778657 -24.014877 -23.081767 -29.360579 -42.366256 -38.002595 -35.394155 -30.876845 -37.003213 -34.002042 -33.153769 -45.384538 
-14.991870 -15.977927 -0.581176 13.001801 10.302191 -2.783938 5.573728 16.274577 9.201921 -10.086616 -6.025920 -5.061127 -3.752966 -5.023451 -5.501353 -7.108373 -17.171399 -24.402642 -25.227018 -28.950536 -29.891935 -32.985893 -33.898052 -29.375338 -27.523452 -36.592694 -38.923051 -39.586125 -39.655050 -33.167671 -28.473804 -34.144447 -40.635014 -41.276496 -39.098649 -37.321384 -40.246024 -38.179542 -37.785477 -43.982388 
-21.423062 -21.586473 -2.557501 7.275831 2.579918 -13.010334 -3.117873 -1.456815 -15.561843 -25.803372 -19.581121 -16.760676 -15.013427 -13.844972 -18.735031 -22.113756 -26.730191 -33.594416 -36.822262 -41.204939 -39.621165 -41.356927 -43.615948 -43.216942 -43.778419 -47.588999 -47.311484 -48.037969 -48.538297 -46.091431 -46.058031 -45.876522 -49.775908 -50.324163 -50.873221 -50.798189 -50.820128 -50.904188 -50.612059 -53.087613 
-28.187589 -25.865974 -14.546521 -5.576514 -4.146405 -15.641606 -19.052859 -17.216637 -16.268768 -28.690094 -25.601150 -29.721618 -27.001150 -26.965381 -29.290633 -35.165774 -37.306499 -43.392835 -45.330893 -47.413268 -48.937234 -48.980556 -50.257530 -51.014823 -51.167932 -51.789589 -52.328812 -53.061098 -53.454092 -53.841786 -54.604578 -54.131007 -55.201962 -56.487349 -55.881744 -56.725335 -57.217394 -57.325581 -57.422915 -57.621296 
-27.757804 -31.534409 -27.158389 -21.282672 -20.895981 -25.226499 -24.583308 -15.230818 -22.409508 -31.589781 -30.133295 -33.530715 -38.041274 -35.669376 -32.040343 -35.038215 -44.862766 -52.388847 -52.416594 -56.716196 -61.835436 -61.710404 -60.566496 -63.906419 -64.841908 -61.733479 -64.513477 -62.564040 -62.432191 -63.783672 -64.838082 -65.656707 -65.400556 -65.753494 -67.303159 -68.734504 -69.275285 -68.064861 -67.780080 -69.552630 
-28.503988 -32.223808 -36.548140 -37.517184 -37.168772 -32.910255 -28.930918 -21.524747 -28.257957 -36.136742 -36.237242 -39.601118 -38.567640 -38.284746 -31.496105 -37.870579 -45.541724 -47.640958 -54.242729 -60.111277 -59.311570 -60.454397 -63.009036 -63.547354 -66.208758 -61.849963 -62.887362 -65.575532 -67.182933 -65.354031 -69.573959 -67.916005 -68.121435 -66.790516 -67.535153 -69.759756 -70.035581 -67.417127 -68.051673 -70.126207 
-23.312840 -25.857906 -27.873314 -26.354135 -26.482223 -30.523030 -32.955934 -30.430366 -32.788268 -41.033611 -37.448505 -39.894794 -40.395975 -41.836140 -40.572839 -41.127540 -45.470282 -51.566215 -55.344147 -60.205423 -65.718934 -67.489545 -65.708208 -64.959021 -66.064306 -68.155918 -70.339252 -68.803766 -69.726852 -67.820025 -68.412682 -67.027419 -68.585194 -67.562946 -71.440709 -70.643842 -70.532399 -69.961426 -70.573204 -73.642279 
-23.960932 -34.310768 -33.458671 -33.576597 -29.967881 -35.717213 -39.301185 -35.692380 -36.313093 -39.751117 -46.720314 -50.962227 -48.816927 -45.555505 -47.426330 -52.077229 -49.874557 -50.770509 -59.848281 -63.548270 -66.561421 -70.190563 -69.180273 -71.367687 -70.350879 -68.721139 -68.556944 -70.520516 -68.854814 -71.245656 -69.337193 -71.737136 -71.652835 -70.469021 -72.341389 -72.589158 -68.982817 -70.004682 -72.036277 -70.739150 
-12.531962 -13.566213 -16.836893 -20.348604 -28.380964 -20.467980 -17.292150 -17.991135 -26.954046 -20.633624 -14.313861 -12.898632 -15.818205 -19.127958 -15.441008 -13.064333 -20.188217 -16.373245 -15.776331 -15.809858 -15.641026 -8.529834 -10.480254 -16.215770 -18.022475 -17.766534 -18.035196 -20.242949 -26.139086 -26.173391 -24.657267 -30.003460 -25.234454 -31.624848 -32.965672 -36.058269 -38.063684 -39.318022 -36.779544 -36.662648 
-5.409791 -6.531916 -7.102803 -9.118492 -11.114592 -15.088795 -10.635633 -6.128070 -11.953302 -9.114883 -9.618730 -9.754857 -7.259593 -10.489475 -12.432621 -7.180747 -14.193237 -8.054430 -13.446187 -16.149791 -9.000279 -2.115925 -4.212851 -5.030568 -4.023857 -4.404094 -7.943117 -9.233838 -16.622520 -16.831764 -11.835799 -20.085960 -16.991047 -18.808908 -21.121454 -24.123599 -25.508813 -25.113930 -25.703111 -26.396757 
-10.947931 -1.708710 0.168393 0.553200 -1.161859 -6.578509 -8.794073 -5.968232 -9.433585 -19.440202 -10.250504 -15.508009 -17.515364 -18.138058 -16.319439 -14.288648 -16.946919 -17.958999 -17.102816 -17.009994 -16.004794 -11.699663 -11.541428 -12.518038 -7.994468 -8.409257 -8.349856 -13.859730 -13.592197 -14.664077 -14.370809 -14.903099 -20.197522 -18.412454 -19.415780 -20.984363 -21.737030 -22.007037 -23.268933 -25.425548 
-16.871519 -12.446576 8.918673 16.368021 12.117994 5.895909 14.792705 11.657689 -5.209681 -5.194635 -9.115691 -11.986612 -14.913733 -12.061219 -16.962994 -17.009113 -17.405332 -18.566430 -18.908981 -16.366170 -16.402316 -10.565292 -7.506757 -7.455761 -5.837491 -8.142112 -15.958309 -20.122316 -17.842513 -13.612958 -14.462027 -16.021301 -23.464062 -20.421918 -16.004021 -16.433182 -22.537198 -18.718988 -20.034834 -24.166006 
-15.950190 -6.974800 13.035820 17.979427 6.188634 14.153992 23.185592 15.225137 4.751801 3.082921 -5.204938 -0.731524 -10.567337 -8.851993 -11.564517 -12.804783 -13.269085 -13.571412 -11.945529 -9.474701 -8.783941 -3.090548 -0.515494 -2.034563 -1.902276 -6.602519 -13.650229 -19.588334 -18.704264 -14.650399 -13.843383 -17.167272 -27.398045 -20.658598 -13.588372 -13.815469 -23.116930 -23.189413 -27.455621 -32.287419 
-16.177859 -3.034157 14.402964 16.523542 0.109102 18.705726 22.908291 10.589316 14.439839 6.891950 2.678469 -0.565553 -4.538113 -9.456527 -9.158067 -13.371619 -11.941433 -10.371459 -8.243252 -6.784216 -4.386944 1.129358 3.053356 -1.437018 -0.332966 -2.121263 -9.120219 -15.028975 -12.586987 -9.542072 -10.506598 -16.772743 -28.712854 -18.175265 -12.180184 -10.887551 -20.807091 -21.865381 -22.861307 -33.236131 
-19.353343 -1.085616 14.728900 15.349167 2.371231 19.030643 18.720263 8.185738 19.458981 8.368926 6.600814 -2.170308 -0.867431 -8.463442 -8.026367 -10.348987 -12.058904 -9.772833 -5.832186 -4.881536 -1.489790 4.197508 2.244793 -1.234175 0.985859 -1.464817 -8.261896 -14.904834 -13.194316 -7.948423 -8.722290 -14.659575 -27.075519 -18.453303 -11.387353 -9.547837 -20.984715 -21.029595 -20.948264 -36.443152 
-16.145841 0.941432 14.764405 13.603174 1.802211 17.933810 13.666014 12.560764 22.446871 8.943322 8.778615 -1.358632 2.073126 -5.452691 -8.282990 -8.832343 -11.348060 -9.351684 -6.734279 -4.454612 -1.022169 3.371219 -0.833627 -1.683262 0.768771 -0.035655 -7.902258 -15.933096 -13.573895 -8.530592 -8.429606 -13.865617 -28.253024 -18.991708 -12.384331 -10.848577 -21.264598 -21.332389 -19.607158 -32.405500 
-25.202398 1.042236 14.891790 12.313765 4.593465 16.995797 10.212608 16.103619 21.547030 10.793216 11.280055 2.921534 2.783566 -2.636507 -7.242746 -7.733828 -9.821721 -8.012192 -5.926520 -3.527606 0.855047 2.865423 -1.094789 -2.376647 0.730570 -0.219375 -8.653511 -15.567113 -13.160816 -8.145443 -8.573104 -13.378431 -28.081303 -17.975751 -11.941347 -10.949981 -21.095000 -20.218585 -19.727176 -33.824662 
-27.398800 2.258481 15.013941 11.399796 5.642709 16.562869 7.976206 16.880831 16.788855 12.664761 12.284819 4.379221 0.950220 -1.375357 -6.140509 -7.671357 -9.269440 -8.133015 -5.340695 -2.180346 3.065418 2.766089 -1.881199 -2.854904 -1.650863 -0.430214 -7.937878 -15.019338 -13.994117 -8.605635 -8.076088 -12.548082 -29.163261 -19.016746 -12.344672 -12.777613 -22.075587 -18.121753 -16.796440 -33.343051 
-18.730234 3.017111 15.071089 10.808232 7.140953 16.686949 7.804851 16.253406 12.666983 14.785785 11.763724 5.228370 -1.183027 -1.150219 -5.165311 -7.906345 -8.462232 -7.775086 -4.205087 -0.973905 4.585900 2.145133 -4.009656 -4.084157 -2.326145 -1.065291 -7.321232 -15.667362 -13.168632 -7.340577 -7.298625 -12.754371 -30.234299 -21.650887 -13.618020 -11.509978 -22.151723 -20.394824 -19.903296 -35.374897 
-23.698613 3.604600 15.086317 10.246388 8.177711 16.494975 6.776699 15.802635 10.887264 16.306384 10.886636 5.510768 -1.970412 -1.973840 -4.492262 -8.543859 -9.529078 -8.095258 -3.859285 -0.609904 4.915826 0.896870 -5.485969 -5.993473 -3.758190 -0.763439 -7.660909 -15.387796 -14.138260 -7.930594 -7.105735 -12.633496 -30.203091 -22.487046 -15.151384 -13.776309 -23.368350 -21.200290 -20.921551 -34.864908 
-18.319082 4.267501 15.010989 9.424621 9.184659 16.381574 6.579175 15.363105 8.605731 16.922153 8.698013 4.929483 -2.265099 -2.784521 -4.772426 -8.821243 -10.137259 -8.028544 -3.322817 0.794952 4.107249 -1.520829 -7.561705 -7.851938 -5.355391 -1.760972 -9.258421 -15.897746 -14.555910 -8.812025 -8.220646 -13.004191 -31.602584 -23.401789 -15.838214 -14.725037 -24.866556 -22.446878 -22.075385 -36.185714 
-17.412540 4.568955 14.984967 9.241873 10.408359 16.462339 6.795220 15.112724 7.626800 16.048739 5.846328 3.973807 -2.954620 -5.187767 -6.634814 -10.334947 -11.227143 -8.672166 -4.128718 1.227288 3.095856 -5.689709 -11.431400 -10.897294 -8.941325 -4.986823 -12.296460 -19.816572 -18.240949 -11.641003 -10.431525 -15.379599 -35.991402 -29.713843 -21.025910 -17.871660 -25.926248 -23.277473 -24.819375 -39.476059 
-18.319616 4.722456 14.910587 9.364975 10.359846 16.160333 6.925765 14.915868 6.927335 13.224407 3.430956 1.945607 -5.515684 -7.568975 -9.964432 -13.246389 -13.374755 -10.365950 -4.880063 0.174713 -0.106445 -11.074761 -15.300267 -13.649318 -11.389293 -7.525851 -13.669065 -21.110345 -18.742135 -12.804691 -11.756434 -17.039721 -38.557691 -36.119830 -25.308470 -18.957420 -28.625522 -28.165202 -28.294604 -43.587398 
-14.159903 4.181770 14.125152 7.368170 9.955077 13.992471 5.899650 12.560411 4.762279 7.263563 -1.972257 -1.146011 -6.074624 -11.203510 -16.219594 -17.936757 -17.544201 -12.829514 -7.194089 -2.384655 -5.759460 -14.295143 -18.840475 -16.127282 -15.227253 -10.928838 -17.934320 -26.508548 -23.785977 -16.131997 -14.979241 -19.730319 -38.570674 -38.345361 -28.273851 -22.003412 -30.970934 -33.953604 -34.747927 -46.254705 
-19.199030 3.542030 14.275081 9.609848 9.057942 13.348718 4.496329 8.019911 -3.698293 -4.761165 -13.024903 -6.412346 -7.976853 -9.872585 -26.825583 -27.594241 -27.697909 -20.999692 -14.018745 -15.953428 -23.804242 -26.969621 -26.642826 -19.355993 -17.700373 -23.443006 -31.546705 -35.816933 -36.847441 -30.655113 -26.701181 -31.497894 -40.559282 -40.112065 -33.152661 -28.527980 -39.665800 -41.876020 -40.779478 -43.120493 
-22.029104 3.805448 14.034577 7.970680 7.746066 13.517659 2.209782 7.539382 -2.506833 -8.044744 -14.595278 -8.195936 -10.550915 -11.209758 -24.224056 -29.287397 -33.238680 -27.205202 -18.251337 -17.438038 -28.546460 -32.708499 -29.703058 -20.329027 -18.314164 -24.776450 -39.013388 -44.936018 -46.577294 -44.454465 -37.231604 -38.684778 -46.494894 -44.993992 -34.565240 -29.833959 -41.079514 -43.471288 -45.258076 -50.003344 
-16.257107 3.644680 13.822526 7.730082 7.676397 13.423569 1.439688 7.174118 -3.548345 -9.150376 -15.547497 -11.228287 -11.392913 -12.353652 -23.170374 -26.997421 -30.125016 -28.894507 -20.573124 -17.105063 -28.134605 -32.468263 -30.399059 -19.895923 -18.083238 -25.425223 -36.668952 -39.254313 -39.877017 -40.569342 -39.846349 -39.143339 -40.673901 -38.183978 -32.545373 -30.990710 -39.416029 -41.879835 -42.395040 -43.390822 
-20.291853 3.486714 13.758151 7.940874 7.825157 13.367782 1.838722 6.938003 -3.886263 -9.365576 -16.564711 -11.396967 -10.691403 -12.857759 -24.881624 -28.245639 -33.222438 -30.723639 -22.912006 -17.803696 -29.769736 -33.520989 -32.025303 -20.775539 -18.866072 -24.517894 -42.070832 -47.994574 -47.043800 -46.160163 -39.437231 -40.490209 -47.143489 -40.355613 -32.335950 -29.697665 -39.856575 -43.685831 -44.827357 -50.289481 
-20.672244 3.330371 13.627600 7.548852 7.207401 13.081476 1.268042 6.527208 -3.901239 -9.300086 -16.469490 -11.962283 -10.690329 -13.766502 -24.581404 -26.418372 -31.402506 -31.923310 -23.511167 -19.337622 -30.678811 -33.538419 -30.817904 -20.725487 -19.241090 -24.328756 -36.154549 -40.345165 -41.129320 -41.289293 -38.866925 -40.027523 -41.729107 -37.936623 -32.638211 -28.824160 -38.725061 -39.940963 -44.160116 -45.737439 
-18.478267 3.299398 13.418149 7.719237 7.149862 12.569580 1.088951 5.735241 -4.723658 -10.386064 -17.326030 -13.388053 -10.674458 -12.449805 -24.057445 -27.086505 -32.706672 -33.244399 -24.011518 -20.020459 -32.813102 -36.096185 -31.584294 -21.546903 -19.830035 -24.687243 -37.633358 -47.766643 -47.816309 -45.652306 -38.273031 -39.148167 -46.478411 -40.471995 -32.861904 -29.004078 -41.168689 -44.310751 -45.754626 -51.074920 
-20.263790 3.134771 12.757460 6.110400 6.648238 11.282961 -1.340131 3.794195 -7.566667 -12.646501 -19.607895 -17.134286 -11.622849 -13.776197 -24.552539 -26.956074 -32.483745 -31.980042 -24.519375 -22.174549 -31.971388 -35.733013 -34.024021 -24.779183 -22.553087 -26.797208 -37.448291 -40.514238 -41.001333 -41.541349 -39.149285 -38.024244 -42.307865 -39.766929 -35.757951 -34.150148 -41.048775 -42.105936 -41.798243 -44.819438 
-20.431977 2.652423 12.290101 6.027387 5.238966 9.812290 -2.153386 1.968483 -9.869032 -15.016121 -22.218256 -17.065776 -10.924222 -14.315998 -28.053737 -28.760789 -35.949871 -37.873624 -26.243556 -22.470117 -40.344075 -43.940994 -38.558094 -25.623086 -22.846461 -29.783619 -47.558881 -51.415310 -51.760972 -50.351868 -44.044370 -42.220109 -47.863114 -41.764214 -36.885648 -34.796155 -44.465464 -46.020172 -46.318597 -52.566414 
-22.178172 1.153354 11.503424 5.797858 1.093030 8.000007 -3.963438 -0.562814 -9.594825 -16.220174 -21.147831 -16.781136 -15.945853 -17.090613 -32.420332 -32.534811 -35.449940 -38.623918 -32.008931 -26.255756 -37.658183 -39.052337 -37.357642 -26.362636 -24.604712 -29.523612 -42.407189 -44.834075 -45.397809 -45.627760 -41.519001 -43.717505 -46.449948 -42.001552 -37.203114 -39.040046 -43.619585 -41.553458 -43.110270 -50.182721 
-22.434514 -0.716157 10.455905 5.703604 -0.082239 6.908286 -3.714422 -2.743135 -9.263247 -16.950197 -21.427999 -16.953512 -18.457722 -18.931336 -29.364489 -35.456713 -40.318362 -39.593529 -33.845746 -26.196999 -37.843750 -40.722598 -38.981899 -30.720771 -27.195011 -33.279600 -48.733210 -54.997680 -53.045344 -50.427451 -46.255191 -44.977026 -49.089776 -43.468184 -36.382047 -36.168883 -44.860842 -47.145904 -48.995550 -54.324688 
-32.364778 -3.744490 9.210541 5.617749 -3.862801 3.853943 -4.946897 -6.965380 -12.133305 -22.185226 -24.545514 -21.662944 -21.152581 -20.302572 -28.114164 -33.803637 -46.318472 -39.201810 -29.044860 -28.837930 -39.799703 -44.586352 -42.369406 -35.888350 -34.397903 -39.343337 -48.462212 -54.654543 -56.371667 -52.960219 -46.890024 -45.871455 -52.157686 -45.987910 -37.510746 -37.180132 -45.561184 -49.236073 -49.594207 -55.937308 
-21.474461 -5.516282 7.656561 5.528292 -5.361978 -0.048116 -10.411497 -10.741524 -13.969588 -26.232398 -24.839223 -22.900991 -21.155332 -24.193892 -34.300423 -39.426382 -46.484986 -44.966673 -32.768594 -29.591742 -39.876505 -44.893514 -45.969485 -41.249984 -35.681831 -35.122148 -43.277571 -48.378851 -52.786741 -46.283491 -42.020089 -43.798080 -48.625129 -49.290775 -44.708611 -37.923158 -46.162860 -44.866112 -45.379805 -54.350573 
-20.741773 -5.125048 6.130826 2.814143 -9.161932 -6.081821 -17.209819 -20.976117 -19.679127 -27.719816 -37.790513 -31.884028 -23.442663 -30.387925 -40.067390 -42.475341 -46.321571 -43.180127 -38.893308 -32.993899 -40.234091 -47.441462 -47.034483 -43.881962 -40.327921 -42.227312 -47.422645 -51.108640 -51.677900 -46.806887 -44.342904 -46.588610 -52.117088 -50.006090 -46.636469 -44.294890 -50.227663 -51.160308 -49.698429 -58.289742 
-10.217917 -5.038079 -1.680907 -2.544947 -6.768984 -11.844355 -21.387479 -23.585899 -24.156242 -27.303480 -34.077993 -36.045841 -33.333458 -33.701630 -35.147860 -36.349965 -39.656751 -40.672268 -42.734932 -36.515077 -43.644854 -48.734755 -47.707742 -49.422871 -46.753298 -48.698177 -51.347282 -53.059645 -52.280885 -47.443693 -48.972440 -54.532799 -57.038009 -53.802845 -51.766661 -52.655993 -55.348111 -55.805967 -56.065813 -59.047659 
-50.773378 -48.968728 -49.326784 -51.708858 -52.350890 -51.013215 -50.994777 -50.691876 -50.365897 -50.818541 -50.797295 -50.907094 -51.500182 -52.280107 -53.279769 -54.997365 -57.075078 -60.397860 -64.584000 -69.920534 -71.397127 -69.391616 -70.140646 -74.412085 -79.247323 -73.463518 -70.017003 -70.395498 -71.508665 -69.999371 -68.767710 -70.791489 -74.365692 -73.671589 -74.269273 -75.635803 -76.513430 -78.961637 -76.369167 -77.033297 
NaN NaN NaN NaN NaN NaN NaN NaN NaN NaN NaN NaN NaN NaN NaN NaN NaN NaN NaN NaN NaN NaN NaN NaN NaN NaN NaN NaN NaN NaN NaN NaN NaN NaN NaN NaN NaN NaN NaN NaN 
NaN NaN NaN NaN NaN NaN NaN NaN NaN NaN NaN NaN NaN NaN NaN NaN NaN NaN NaN NaN NaN NaN NaN NaN NaN NaN NaN NaN NaN NaN NaN NaN NaN NaN NaN NaN NaN NaN NaN NaN 
NaN NaN NaN NaN NaN NaN NaN NaN NaN NaN NaN NaN NaN NaN NaN NaN NaN NaN NaN NaN NaN NaN NaN NaN NaN NaN NaN NaN NaN NaN NaN NaN NaN NaN NaN NaN NaN NaN NaN NaN 
NaN NaN NaN NaN NaN NaN NaN NaN NaN NaN NaN NaN NaN NaN NaN NaN NaN NaN NaN NaN NaN NaN NaN NaN NaN NaN NaN NaN NaN NaN NaN NaN NaN NaN NaN NaN NaN NaN NaN NaN 
NaN NaN NaN NaN NaN NaN NaN NaN NaN NaN NaN NaN NaN NaN NaN NaN NaN NaN NaN NaN NaN NaN NaN NaN NaN NaN NaN NaN NaN NaN NaN NaN NaN NaN NaN NaN NaN NaN NaN NaN 
NaN NaN NaN NaN NaN NaN NaN NaN NaN NaN NaN NaN NaN NaN NaN NaN NaN NaN NaN NaN NaN NaN NaN NaN NaN NaN NaN NaN NaN NaN NaN NaN NaN NaN NaN NaN NaN NaN NaN NaN 
NaN NaN NaN NaN NaN NaN NaN NaN NaN NaN NaN NaN NaN NaN NaN NaN NaN NaN NaN NaN NaN NaN NaN NaN NaN NaN NaN NaN NaN NaN NaN NaN NaN NaN NaN NaN NaN NaN NaN NaN 
NaN NaN NaN NaN NaN NaN NaN NaN NaN NaN NaN NaN NaN NaN NaN NaN NaN NaN NaN NaN NaN NaN NaN NaN NaN NaN NaN NaN NaN NaN NaN NaN NaN NaN NaN NaN NaN NaN NaN NaN 
NaN NaN NaN NaN NaN NaN NaN NaN NaN NaN NaN NaN NaN NaN NaN NaN NaN NaN NaN NaN NaN NaN NaN NaN NaN NaN NaN NaN NaN NaN NaN NaN NaN NaN NaN NaN NaN NaN NaN NaN 
