NaN NaN NaN NaN NaN NaN NaN NaN NaN NaN NaN NaN NaN NaN NaN NaN NaN NaN NaN NaN NaN NaN NaN NaN NaN NaN NaN NaN NaN NaN NaN NaN NaN NaN NaN NaN NaN NaN NaN NaN 
NaN NaN NaN NaN NaN NaN NaN NaN NaN NaN NaN NaN NaN NaN NaN NaN NaN NaN NaN NaN NaN NaN NaN NaN NaN NaN NaN NaN NaN NaN NaN NaN NaN NaN NaN NaN NaN NaN NaN NaN 
NaN NaN NaN NaN NaN NaN NaN NaN NaN NaN NaN NaN NaN NaN NaN NaN NaN NaN NaN NaN NaN NaN NaN NaN NaN NaN NaN NaN NaN NaN NaN NaN NaN NaN NaN NaN NaN NaN NaN NaN 
NaN NaN NaN NaN NaN NaN NaN NaN NaN NaN NaN NaN NaN NaN NaN NaN NaN NaN NaN NaN NaN NaN NaN NaN NaN NaN NaN NaN NaN NaN NaN NaN NaN NaN NaN NaN NaN NaN NaN NaN 
NaN NaN NaN NaN NaN NaN NaN NaN NaN NaN NaN NaN NaN NaN NaN NaN NaN NaN NaN NaN NaN NaN NaN NaN NaN NaN NaN NaN NaN NaN NaN NaN NaN NaN NaN NaN NaN NaN NaN NaN 
NaN NaN NaN NaN NaN NaN NaN NaN NaN NaN NaN NaN NaN NaN NaN NaN NaN NaN NaN NaN NaN NaN NaN NaN NaN NaN NaN NaN NaN NaN NaN NaN NaN NaN NaN NaN NaN NaN NaN NaN 
NaN NaN NaN NaN NaN NaN NaN NaN NaN NaN NaN NaN NaN NaN NaN NaN NaN NaN NaN NaN NaN NaN NaN NaN NaN NaN NaN NaN NaN NaN NaN NaN NaN NaN NaN NaN NaN NaN NaN NaN 
NaN NaN NaN NaN NaN NaN NaN NaN NaN NaN NaN NaN NaN NaN NaN NaN NaN NaN NaN NaN NaN NaN NaN NaN NaN NaN NaN NaN NaN NaN NaN NaN NaN NaN NaN NaN NaN NaN NaN NaN 
NaN NaN NaN NaN NaN NaN NaN NaN NaN NaN NaN NaN NaN NaN NaN NaN NaN NaN NaN NaN NaN NaN NaN NaN NaN NaN NaN NaN NaN NaN NaN NaN NaN NaN NaN NaN NaN NaN NaN NaN 
NaN NaN NaN NaN NaN NaN NaN NaN NaN NaN NaN NaN NaN NaN NaN NaN NaN NaN NaN NaN NaN NaN NaN NaN NaN NaN NaN NaN NaN NaN NaN NaN NaN NaN NaN NaN NaN NaN NaN NaN 
-74.801027 -75.561532 -76.875624 -79.225982 -82.789945 -88.147460 -91.657906 -90.104344 -89.555853 -92.095824 -97.962590 -103.756010 -107.750820 -103.311006 -97.200324 -97.907462 -98.660681 -95.522526 -96.779031 -96.312168 -97.285107 -95.776229 -93.140088 -94.953383 -95.446111 -102.120050 -99.588765 -103.304671 -108.528489 -104.752640 -97.610083 -100.742610 -105.594991 -102.970821 -94.536021 -96.811659 -96.868242 -102.017710 -102.439189 -106.314269 
-59.677948 -59.743564 -60.681702 -63.983919 -65.916000 -75.876393 -77.983804 -74.578213 -73.419100 -75.735179 -77.073861 -80.933749 -82.955522 -84.281958 -79.744350 -78.980921 -78.171718 -79.343833 -83.793342 -83.011525 -84.458148 -83.075180 -78.891193 -83.358667 -80.582389 -86.834146 -85.209784 -89.445642 -91.320021 -84.493707 -80.437431 -84.565706 -86.657506 -85.259756 -80.070414 -82.853398 -82.504413 -85.262278 -84.052350 -88.942791 
-61.105143 -67.166503 -60.450196 -59.793171 -63.949609 -66.397573 -70.831691 -70.564142 -77.135683 -79.274730 -78.338784 -77.276457 -78.408585 -81.329898 -78.274663 -78.031550 -81.218916 -79.077823 -78.180478 -82.282903 -80.706906 -81.354763 -77.878882 -80.446294 -81.551410 -83.067335 -85.371363 -84.948631 -88.061075 -84.039438 -84.750046 -87.353200 -84.406568 -83.946814 -82.385047 -84.092440 -83.654221 -82.180993 -79.212914 -84.562668 
-22.813358 -21.488929 -21.921291 -18.646330 -15.056535 -14.536860 -17.741931 -23.172354 -23.196467 -25.288007 -26.638348 -25.468739 -30.564986 -28.052181 -23.130924 -23.007882 -26.080553 -22.319720 -21.135611 -28.216618 -30.161754 -28.009022 -28.231914 -23.579845 -17.206999 -19.518674 -21.977709 -27.263674 -37.586514 -36.410492 -30.415465 -33.679136 -39.333770 -40.676198 -37.111941 -39.628378 -41.214510 -40.276440 -37.509893 -36.762408 
-19.927973 -15.019084 -16.335849 -10.955887 -1.512809 -1.845872 -7.560948 -11.121525 -9.285252 -17.216939 -17.976947 -10.797891 -15.685744 -12.842514 -11.991257 -13.466523 -13.898510 -7.631572 -11.008300 -21.442760 -20.181311 -13.199970 -12.273987 -5.292532 -1.423787 -3.581525 -3.975764 -12.119544 -19.083297 -20.690308 -17.308992 -20.072266 -17.005171 -18.829785 -17.594295 -21.433585 -23.031578 -23.485794 -19.928687 -19.730006 
-21.793506 -21.701410 -19.661216 -11.240692 -7.525092 -6.848889 -15.964228 -7.624158 -10.249897 -16.426908 -13.893622 -13.291525 -16.963116 -14.601576 -14.018834 -15.908600 -15.497991 -13.720955 -17.095912 -16.647506 -16.441376 -17.598318 -15.192711 -5.633347 -2.199138 -3.150330 -7.770396 -13.075554 -13.002303 -17.918619 -17.210876 -13.800483 -11.992082 -14.413285 -16.258471 -15.633415 -17.933440 -19.167114 -21.009810 -23.644206 
-12.691320 -12.634073 -11.038916 -12.084812 -3.208150 -2.362442 -6.161959 -8.889668 -13.025033 -20.522273 -16.854042 -11.053070 -11.425539 -15.107296 -20.325165 -18.743101 -18.961472 -18.621726 -19.209326 -19.272455 -13.607344 -8.620569 -8.081632 -14.032267 -9.171354 -5.718320 -11.195959 -14.362547 -14.040682 -13.686257 -16.675078 -16.413904 -13.210314 -14.622924 -17.449104 -19.656165 -19.712217 -19.283090 -19.454078 -19.268416 
-6.563223 3.307358 10.599544 11.070889 6.315990 4.524413 2.400157 -7.411073 -18.488782 -17.807885 -17.442184 -15.374757 -17.262835 -18.569533 -20.172748 -21.261387 -19.200570 -16.030365 -23.749265 -17.280288 -13.790886 -10.144526 -8.738134 -12.409334 -4.052700 -5.528582 -13.231152 -19.263726 -18.297381 -14.942954 -20.364540 -20.028222 -17.677147 -18.971389 -19.199486 -21.498513 -24.651342 -25.490592 -26.018777 -25.218663 
-7.120458 6.944579 19.912423 19.272491 4.698102 11.096959 15.454641 4.211947 2.114455 -6.709942 -5.067377 -9.789313 -6.932093 -10.187432 -9.361541 -14.683644 -12.057232 -13.309200 -16.731402 -15.088840 -10.410394 -5.444994 -2.681862 -7.837709 -5.214475 -10.683888 -15.652974 -16.267838 -20.061860 -18.748683 -20.226292 -16.528640 -16.986699 -23.810284 -21.173771 -17.041114 -22.367176 -25.304562 -22.099581 -24.720537 
-11.449783 4.955549 20.460985 20.000781 2.854955 18.210242 20.022675 7.148280 11.624700 0.373563 1.826836 -3.897885 -1.914856 -6.531472 -4.043750 -8.387025 -10.090025 -5.887596 -6.074036 -2.695544 0.194373 0.739171 -1.477460 -5.470601 -2.954006 -9.819918 -13.834548 -18.636824 -20.040320 -16.260580 -17.204099 -17.555759 -18.182397 -25.721064 -25.760871 -18.543835 -22.964478 -25.324754 -22.435435 -24.706626 
-26.028187 1.151764 18.593255 19.991739 3.244888 19.218828 22.366862 7.202596 14.280532 5.903888 2.567824 -0.341095 -1.615115 -4.279601 -0.293140 -6.285650 -5.300531 -1.590366 -2.689997 1.511697 6.033944 7.621849 1.935621 -1.602458 -2.391420 -7.205725 -11.764087 -13.799010 -14.795147 -14.028504 -15.841010 -16.704614 -17.442607 -31.524188 -31.664688 -24.987807 -25.343821 -28.032941 -29.044801 -27.872589 
-17.909763 -4.485697 15.858099 19.362987 4.045878 18.752820 24.532061 9.280654 13.017568 10.212798 3.155302 3.813466 -9.403410 -7.459606 -3.838315 -9.054349 -5.845431 -4.699542 -4.153596 -0.576693 3.872767 7.897206 0.289549 0.015195 -0.412450 -8.339640 -14.572314 -15.753339 -15.103321 -13.284865 -14.402157 -16.089032 -18.584342 -33.269156 -30.023128 -23.019166 -28.802371 -28.769398 -27.257448 -28.557772 
-16.147760 -10.238171 13.450050 18.709661 5.661332 16.581987 24.922419 12.162952 10.809031 12.743005 -0.070324 5.291652 -10.795673 -7.034210 -10.697900 -10.954016 -8.715343 -9.103621 -6.465215 -2.080088 2.593964 5.675459 0.024406 -1.138869 -2.171964 -10.749570 -17.261523 -17.875622 -18.017175 -13.425237 -13.613080 -14.853254 -18.593312 -32.835244 -30.830663 -21.657739 -26.397018 -32.055333 -30.267996 -29.603547 
-16.126969 -10.927164 11.086952 18.188898 6.490518 13.504876 24.438081 13.617151 6.105050 12.951795 -3.713462 6.086731 -7.320394 -3.595132 -13.169102 -11.777679 -12.719928 -13.251891 -9.417889 -4.872412 -1.028596 1.453787 -0.702918 -1.938779 -2.608724 -10.471783 -16.563063 -19.560915 -19.547233 -17.004195 -17.293647 -18.663264 -21.677058 -35.658864 -31.884008 -22.119768 -28.540143 -35.230464 -36.346827 -35.157277 
-25.280453 -18.462103 8.819413 17.569518 7.661604 10.567187 23.683421 15.590983 3.557992 13.329109 -2.377256 6.705229 -3.872873 -1.451158 -10.914433 -11.110563 -14.915677 -13.697410 -9.727758 -6.210394 -2.249892 0.463210 0.092604 -1.526948 -2.642652 -12.766301 -17.917357 -20.324122 -19.596514 -16.660243 -17.774053 -17.587709 -21.997494 -35.944709 -33.520430 -21.884120 -26.531273 -32.986666 -36.735020 -33.315933 
-22.081229 -23.237959 7.005563 16.934982 7.774489 6.317668 22.161337 16.394954 1.539929 14.197845 -0.797736 6.766316 0.461045 -1.071833 -8.174282 -10.253113 -13.446853 -11.209699 -9.832915 -6.875434 -2.935176 0.993961 -1.197214 -2.823672 -3.854944 -16.182447 -20.184364 -20.289128 -18.243823 -15.229938 -16.495505 -22.299023 -26.786900 -37.550296 -31.724757 -20.465277 -28.301103 -32.797305 -35.340594 -34.627676 
-25.403023 -23.337844 7.040125 17.123612 8.261284 2.775856 20.948232 16.164764 0.992746 14.791937 -0.029609 7.890712 3.040409 -1.433702 -5.943817 -8.291504 -13.821738 -11.121983 -9.270639 -7.912138 -2.618124 2.465982 -2.906785 -4.004895 -5.555610 -12.049090 -19.863761 -21.204209 -19.216524 -16.103367 -17.957737 -20.911981 -24.356796 -40.623244 -36.154728 -26.897411 -32.112970 -33.558601 -30.839352 -33.815947 
-23.551108 -25.048592 7.663794 17.483867 8.772767 2.790118 20.548699 15.763883 0.663153 15.010921 0.670943 8.719259 3.792902 -0.514155 -5.503520 -6.986325 -12.951246 -9.871846 -8.197853 -6.609196 -0.729277 4.460693 -0.331850 -0.381864 -1.159767 -10.056259 -17.943219 -20.915828 -21.176504 -17.307775 -18.074882 -20.907809 -26.999485 -39.955672 -36.935315 -28.246862 -29.977476 -33.615759 -33.231152 -35.294642 
-26.046118 -21.686369 7.836081 17.323431 8.045234 3.394620 20.412727 15.312825 3.008715 15.246092 0.945637 9.278219 2.805973 0.857322 -4.878435 -6.237425 -11.197594 -8.200703 -8.368394 -5.796510 -1.232951 3.306556 -3.502961 -3.818592 -2.139847 -12.192116 -19.059382 -19.905303 -18.106985 -16.343084 -17.624715 -19.166934 -26.414828 -41.010544 -35.236180 -22.548419 -23.124706 -28.151668 -33.307632 -36.699139 
-19.054027 -21.635057 7.723114 17.201211 7.665634 3.388640 20.306343 14.758817 3.377867 15.272717 -0.188765 8.967731 2.153413 0.694161 -5.863801 -6.157734 -10.443727 -7.281227 -7.571154 -4.695939 -0.638103 2.714417 -5.713274 -6.110164 -2.492316 -13.519856 -19.202772 -21.961797 -22.073772 -17.448128 -17.892881 -18.571541 -26.184842 -38.681821 -31.774507 -21.807488 -26.268862 -32.954656 -34.994022 -34.815241 
-21.989802 -18.861409 8.041845 17.434052 8.089670 3.729637 20.248605 14.930900 3.005827 15.453043 0.848609 9.050539 2.254059 0.426887 -5.052998 -5.752977 -11.280720 -8.294775 -9.371019 -4.751570 0.234655 2.536316 -6.540047 -7.199725 -3.897180 -12.652355 -18.874595 -20.660294 -20.488968 -16.875320 -17.931752 -17.543729 -23.783238 -37.970372 -30.872587 -20.569060 -25.748574 -32.492354 -33.717062 -32.648517 
-27.604235 -23.165252 8.341041 17.795231 8.557957 3.692422 20.417601 14.919195 2.316286 15.145154 0.081887 8.808664 2.025676 0.538736 -5.379344 -6.118019 -11.365571 -8.622505 -9.875351 -4.226116 -0.156336 1.055060 -6.010659 -8.966723 -5.484443 -9.923316 -19.591157 -22.181827 -19.755435 -16.530542 -15.717538 -18.340792 -23.202590 -36.914500 -29.348241 -23.755016 -26.873744 -29.025547 -29.655627 -28.835034 
-30.887148 -27.949866 8.747772 17.916224 8.512576 5.148729 20.868370 14.370530 2.985023 14.172801 -1.000890 8.744496 0.070281 0.285465 -5.652099 -5.971006 -10.776810 -9.732180 -10.017085 -3.126813 -0.105334 -0.434120 -7.397706 -9.593389 -6.307406 -8.731744 -19.873388 -22.498667 -22.445328 -18.363631 -16.933001 -16.739456 -22.613925 -33.857216 -31.769528 -24.360687 -27.385958 -28.680070 -29.859563 -31.807193 
-13.880893 -17.161291 9.702360 17.890292 8.283581 7.906218 21.503023 13.571345 2.314691 12.270073 -1.998283 7.593107 -2.780105 -1.268733 -8.717203 -8.909684 -10.987625 -9.792160 -11.006960 -2.433896 -1.242851 -3.009363 -10.852122 -10.622722 -8.822711 -6.841354 -20.787773 -24.600145 -24.695613 -21.188563 -19.224267 -16.123594 -23.021396 -38.237515 -36.381210 -30.946510 -35.855428 -36.607800 -35.468752 -34.339128 
-14.100328 -15.815381 10.836940 17.542141 7.893604 11.962447 21.405013 11.993972 2.294874 8.207243 -2.425465 5.775562 -6.549784 -4.430332 -10.780296 -10.137688 -11.383548 -11.856053 -10.374518 0.612153 -4.566360 -9.592674 -12.847273 -16.550566 -12.961797 -9.663980 -23.091546 -27.166989 -26.826038 -24.337997 -19.661095 -17.231793 -24.984056 -38.630758 -37.074420 -35.855468 -37.777967 -37.722161 -36.065186 -36.212389 
-24.604432 -8.333752 13.956028 19.429821 9.937589 11.981309 17.693138 5.188997 -6.737884 -0.934573 -4.659128 3.620512 -10.780412 -17.338862 -15.089793 -13.422895 -13.191666 -14.926684 -10.114867 -3.968336 -12.633426 -19.447448 -20.279455 -23.402034 -19.478290 -17.300769 -26.605307 -29.770792 -30.063575 -28.660744 -25.358043 -25.437478 -28.771518 -33.347496 -34.083974 -34.569575 -34.785136 -34.982872 -35.154042 -34.937429 
-15.288603 -5.380659 16.211706 21.250755 9.466137 10.721583 17.296903 2.661180 -11.407216 -10.341893 -6.502928 0.333759 -13.949235 -19.683311 -22.110221 -23.330847 -16.402281 -21.981904 -20.303621 -18.729193 -22.403922 -27.530288 -23.242230 -25.201212 -25.750235 -27.347466 -32.396628 -39.366059 -39.183451 -34.872566 -30.776046 -28.019584 -34.190102 -45.332938 -47.632947 -46.116025 -47.893896 -45.685257 -47.364787 -49.718371 
-13.639751 -2.872273 17.694424 20.533734 4.607458 12.389059 16.862734 0.434944 -11.706032 -12.812189 -3.901231 -5.434421 -13.892888 -17.520351 -26.497424 -20.101701 -16.310121 -27.676906 -22.680873 -21.809462 -23.273282 -28.249622 -26.450299 -28.588689 -25.440759 -24.393964 -31.961271 -35.290025 -35.448133 -33.138734 -30.878149 -30.767761 -34.601853 -41.415853 -43.068453 -42.071902 -43.382786 -43.166031 -44.013307 -44.327708 
-17.477725 1.610785 18.974947 20.431211 3.934207 14.334861 14.980871 -4.729935 -7.066014 -12.762606 -3.511794 -11.424792 -14.908637 -21.518090 -27.721042 -17.834322 -19.222443 -27.880252 -28.582357 -20.804180 -23.432615 -29.420980 -28.825650 -31.056788 -24.619119 -28.060226 -34.388302 -37.830159 -39.058603 -38.895511 -37.289205 -31.874631 -34.456814 -42.697125 -43.878336 -43.788734 -44.440124 -44.211297 -44.772904 -45.034948 
-21.282868 4.429969 19.952855 19.553023 4.218315 14.826760 11.189410 -6.334178 -3.140690 -12.068515 -4.870636 -16.475836 -18.185413 -27.779948 -32.366299 -20.019835 -25.670905 -28.977149 -27.145803 -23.367886 -31.797709 -33.538595 -30.698981 -29.287425 -25.402750 -30.803568 -36.299263 -37.525431 -39.561684 -41.241691 -35.990699 -36.176774 -41.905174 -48.902423 -48.506442 -47.623298 -49.078501 -48.162532 -50.299196 -50.465680 
-19.366623 6.990811 20.117718 17.622233 8.250390 14.815505 5.081913 -2.256970 -2.231501 -12.720457 -13.253977 -16.397443 -20.131875 -28.563834 -28.189763 -25.914475 -27.485823 -30.506015 -32.242718 -31.280822 -31.450095 -31.325937 -29.412676 -29.770421 -26.600021 -33.728208 -35.716428 -39.114427 -39.492708 -41.712266 -37.415712 -36.890518 -40.382955 -47.807182 -47.457386 -48.109909 -48.278735 -46.773118 -48.449838 -48.697288 
-13.706607 9.086231 18.699513 13.243848 11.206836 13.409990 -0.692372 1.014632 -6.992460 -14.909833 -19.584765 -25.464917 -28.512909 -27.745209 -29.495399 -31.499099 -30.952193 -32.579642 -37.104105 -32.075407 -31.678327 -33.353073 -31.502978 -30.520322 -30.017925 -36.623608 -36.603066 -40.979293 -41.629130 -40.347380 -35.897857 -35.739152 -39.183828 -50.095882 -52.240774 -53.363178 -49.060174 -46.139105 -48.425685 -49.653507 
-9.762219 10.342932 16.220258 7.956111 13.878158 12.118786 -1.765104 -2.631292 -11.464809 -18.563787 -28.650280 -21.365363 -30.006872 -29.550729 -31.822148 -28.707734 -30.365030 -36.001753 -36.966530 -34.446728 -36.819483 -38.117894 -32.822051 -29.189383 -29.514171 -37.613467 -42.366754 -47.311590 -45.103794 -41.723594 -35.757584 -35.735394 -38.362633 -46.953057 -50.355093 -49.310399 -50.718169 -50.860626 -50.524877 -50.978759 
-7.504857 10.005412 13.727287 7.087848 13.385108 6.902645 -3.584394 -10.569647 -9.906551 -22.846673 -31.411687 -29.110687 -30.336958 -34.730836 -38.676727 -35.585991 -35.218655 -36.340668 -39.228047 -38.721392 -36.255090 -38.630784 -40.390582 -35.268460 -38.417823 -46.571064 -47.411845 -48.767356 -49.736420 -49.236587 -45.522978 -45.548629 -51.683148 -50.607405 -51.156271 -51.217056 -51.452373 -51.382210 -52.497941 -52.595483 
-4.869539 8.685451 8.805655 5.901663 10.423261 0.410552 -5.003773 -8.430032 -7.145189 -15.623831 -16.552443 -16.063838 -22.621681 -27.613742 -27.658032 -29.336490 -27.010570 -31.584877 -25.354003 -25.797387 -18.802164 -23.954310 -26.143981 -21.726538 -25.541709 -30.152443 -29.289368 -28.922903 -27.604844 -28.798924 -28.578772 -31.830137 -34.072307 -34.061926 -32.246332 -32.962219 -37.402715 -40.150499 -40.837931 -42.145567 
-2.051084 11.171025 12.843926 9.830424 17.786332 14.761119 9.403328 3.082047 -10.097891 -15.323886 -11.554546 -11.581783 -16.304106 -15.219455 -19.120415 -18.852872 -16.180168 -21.247825 -18.343296 -20.664458 -9.780356 -9.252524 -14.698481 -16.327694 -14.735997 -16.872562 -22.857854 -24.283117 -20.260797 -19.805078 -19.198279 -23.625739 -23.566009 -23.292839 -20.769528 -23.676100 -27.578838 -28.208695 -29.181642 -28.908953 
-3.724079 12.558509 15.268405 14.619191 22.463560 15.728082 13.762674 4.112101 -4.200763 -14.553057 -18.871540 -16.345682 -12.442834 -13.257475 -17.082764 -18.913263 -18.371358 -17.272931 -14.860688 -11.727150 -7.067837 -0.367864 -5.542400 -10.407042 -5.763151 -7.455896 -20.673522 -24.962436 -22.355454 -15.485705 -16.283257 -27.413836 -29.338281 -31.205274 -29.828102 -22.645413 -30.576845 -30.837215 -31.642740 -30.994011 
-3.335626 13.216811 15.595756 15.673324 22.514131 15.620458 16.668656 6.247012 -2.620723 -14.287609 -16.135817 -13.148033 -10.909067 -14.303370 -16.440739 -18.691535 -18.149113 -16.956614 -15.868168 -14.465403 -9.906338 -1.776054 -4.119182 -8.725017 -2.594847 -4.491712 -17.362353 -22.634911 -19.866519 -12.867226 -14.374356 -22.636503 -26.113500 -38.717857 -31.476132 -24.232989 -29.812923 -29.448160 -33.428610 -33.680797 
-3.499837 13.390639 14.879240 16.141884 21.343415 15.307124 17.666231 5.240636 -2.261029 -13.822673 -14.906190 -13.056452 -12.030131 -16.390922 -18.501553 -19.997583 -19.932244 -18.803470 -18.365406 -16.403134 -13.061235 -1.853643 -1.623190 -8.747278 -2.871569 -3.865884 -16.612808 -19.343788 -15.039096 -8.632474 -11.702817 -22.332190 -26.549248 -38.364053 -34.458205 -25.410201 -28.634088 -29.286869 -28.763194 -32.839403 
-3.436005 13.318152 14.275650 16.799593 21.014211 15.453373 17.148954 3.939043 -2.453049 -13.991568 -15.013510 -14.134281 -15.218476 -17.086851 -19.359896 -21.368091 -20.603870 -20.087368 -19.596742 -16.641999 -12.926341 -2.370196 1.374703 -6.098869 -3.711689 -5.113648 -14.078309 -17.141369 -14.023122 -8.938974 -13.033414 -20.694380 -24.340126 -39.812937 -37.053929 -28.040842 -32.200218 -26.967064 -24.565148 -31.358529 
-3.422203 13.006641 13.663480 17.132569 20.652685 15.042733 15.891342 3.478287 -3.530079 -15.181473 -14.241977 -15.350294 -17.112025 -17.636397 -20.994572 -23.037955 -21.073218 -20.682624 -18.936780 -17.072082 -14.642574 -4.190206 0.131173 -5.291628 -3.343013 -5.862896 -16.450596 -19.148001 -14.852121 -8.488242 -11.880638 -21.390216 -24.826382 -40.208886 -38.493122 -24.767940 -24.454034 -27.200983 -30.060517 -35.271011 
-2.881426 12.782704 13.218965 17.456053 20.863293 14.453877 14.370747 3.078712 -3.534329 -18.206056 -15.325160 -16.014121 -17.298044 -18.778546 -21.633617 -24.146519 -22.184823 -21.230285 -21.611997 -20.276397 -18.143298 -7.850720 -2.052790 -5.988966 -3.911455 -5.564491 -16.364113 -18.515273 -15.222772 -9.398052 -13.467556 -19.900994 -24.134049 -40.855582 -37.450694 -27.945924 -29.810402 -30.383343 -29.711843 -33.385384 
-3.572140 12.327560 12.124595 17.499188 20.318571 13.451888 12.227908 2.541101 -4.255732 -19.236313 -14.909100 -17.494602 -18.115828 -20.612507 -22.400054 -25.755391 -24.329483 -22.931597 -23.212711 -21.627995 -18.718066 -9.371939 -1.772138 -6.716485 -8.468484 -9.935668 -18.955822 -21.202587 -17.858301 -9.682364 -13.560486 -20.794155 -24.287429 -40.745840 -36.097654 -26.458604 -30.454815 -34.952959 -34.419502 -35.544074 
-3.367019 12.148311 10.942314 17.548272 19.493539 12.658933 10.033354 1.648225 -6.393632 -17.783756 -15.647586 -18.136503 -19.077465 -20.816056 -22.337244 -25.421911 -23.415092 -23.249897 -23.461088 -21.244835 -18.470037 -12.591669 -3.490712 -9.161390 -8.888062 -10.158435 -21.290649 -22.930721 -18.592313 -12.975088 -16.259538 -23.938181 -26.498449 -41.123168 -34.914881 -26.357653 -34.519917 -35.014364 -34.255642 -34.639885 
-2.684468 11.592017 10.608766 17.487464 18.539434 11.529794 8.400601 0.281924 -7.468422 -17.358796 -14.835155 -17.826102 -18.053316 -20.176489 -21.097267 -22.859741 -22.387845 -21.935522 -22.590001 -22.020561 -19.459454 -12.100811 -2.639634 -5.447390 -8.618965 -10.390151 -20.904210 -23.501838 -19.200531 -12.135457 -16.493221 -26.374800 -28.657746 -37.040606 -33.555619 -26.835781 -35.832467 -32.759391 -29.179625 -30.282964 
-3.017467 11.012333 10.591218 17.324197 18.298406 10.777721 8.022878 0.643408 -7.617360 -15.367505 -16.933337 -18.697833 -21.242863 -21.606380 -22.062738 -25.256159 -23.808457 -24.187419 -24.770843 -22.896172 -22.446959 -15.939112 -4.519944 -5.480660 -9.797052 -11.814544 -21.796772 -23.394115 -20.871472 -15.125963 -18.870928 -24.692929 -28.145338 -36.549821 -35.495083 -29.180398 -35.423693 -34.002827 -32.292022 -33.314531 
-3.190927 10.587214 10.604728 17.088493 17.871676 10.201712 7.547462 1.034152 -8.267052 -20.180492 -17.864532 -21.016622 -21.720485 -23.930734 -25.656968 -29.944239 -28.396090 -26.917178 -26.075885 -24.683786 -21.788981 -16.372637 -6.786253 -8.275111 -14.217988 -13.650807 -20.433504 -23.530282 -19.679945 -13.149618 -18.414684 -26.930167 -30.809966 -45.911324 -38.589596 -31.077206 -38.119899 -35.960022 -33.822759 -31.925063 
-4.839527 10.430516 10.376694 16.729352 17.780722 9.349402 6.760279 0.392122 -8.450605 -19.224072 -17.652604 -19.784334 -22.022630 -24.580573 -26.973371 -29.428001 -28.395579 -27.724538 -27.629967 -25.438864 -22.989622 -17.587497 -6.591020 -7.342836 -13.468554 -12.776346 -19.635144 -21.435774 -17.256562 -11.488387 -15.660306 -23.488925 -25.839346 -40.043198 -40.670732 -33.140492 -34.332423 -31.681275 -33.950884 -34.965190 
-4.442607 10.163182 9.721034 16.137846 17.549108 8.643802 6.088848 -0.526857 -9.549127 -20.289650 -19.301248 -23.424752 -24.705335 -25.455179 -27.483122 -31.243240 -29.076773 -28.847145 -29.195987 -29.222133 -26.673419 -20.691638 -10.462960 -9.665848 -14.249234 -14.691647 -23.727437 -27.036047 -25.447516 -19.754873 -25.435012 -31.124774 -30.832308 -43.731037 -41.582511 -32.962216 -36.661788 -36.092573 -32.490954 -33.952365 
-5.307324 9.836542 9.191092 15.355353 17.497065 7.932336 5.473417 -1.464941 -8.532111 -21.464165 -21.487783 -25.244159 -24.899374 -25.678917 -26.609665 -30.633331 -29.401897 -30.195924 -30.917216 -30.722678 -28.033075 -22.123730 -10.435118 -9.297849 -13.293141 -14.516576 -21.687456 -26.301790 -24.041043 -17.406979 -22.674456 -28.321245 -30.950452 -44.520750 -43.788075 -37.679991 -37.538808 -40.075086 -38.789115 -36.520564 
-6.976350 9.008827 9.203165 14.438853 17.777469 6.770337 4.253517 -2.596442 -8.860969 -22.917463 -23.369626 -23.777522 -22.602784 -26.271509 -29.127358 -33.069015 -33.177620 -35.278433 -34.581530 -33.247023 -29.684337 -21.451957 -10.619081 -9.389006 -11.830667 -14.096134 -23.665753 -26.981576 -27.383906 -20.852905 -22.662236 -29.925853 -33.802442 -45.363401 -44.693846 -33.278753 -37.110898 -36.445597 -36.367997 -37.722310 
-8.014799 8.571344 9.451980 12.998830 17.816519 6.636683 4.040972 -4.465951 -7.379673 -22.444892 -23.919558 -22.965081 -23.951448 -28.417247 -33.656623 -36.121381 -35.692329 -36.066812 -35.026338 -32.356532 -28.945318 -23.520409 -10.823307 -8.307236 -13.512578 -16.863152 -26.584215 -30.362361 -29.876505 -22.348490 -24.171514 -35.130547 -38.166040 -46.651111 -45.204478 -34.903840 -39.987773 -37.207185 -36.969933 -42.734325 
-8.060806 8.212203 9.494051 12.063069 17.163236 6.604302 4.508472 -4.671107 -8.683709 -22.931305 -25.679700 -24.397766 -25.316676 -27.571059 -31.318505 -37.258538 -35.837448 -36.584437 -34.918505 -32.143806 -31.128207 -27.761554 -13.284284 -11.387777 -17.582380 -20.002437 -31.023460 -34.349181 -32.328476 -25.061356 -27.131104 -31.351295 -36.469709 -42.346397 -43.195938 -37.646062 -40.204146 -41.392451 -40.866792 -40.252721 
-9.607235 7.539407 9.949226 10.554505 17.144619 8.296899 5.003519 -4.792089 -8.824550 -21.248782 -27.178205 -25.702175 -22.962284 -24.846797 -28.223311 -32.980325 -32.772264 -32.774354 -33.382926 -32.261488 -30.057928 -25.907178 -16.168296 -11.601521 -14.051257 -17.222257 -29.398864 -34.079126 -32.504077 -23.389542 -23.779483 -26.801391 -29.646325 -38.679717 -44.379017 -38.917902 -42.284407 -39.087249 -35.159668 -38.310375 
-10.787817 6.736387 9.899103 7.700608 16.417519 8.272369 5.415048 -2.617030 -9.618739 -22.074831 -29.765721 -26.619411 -26.869827 -28.719089 -34.911821 -36.368202 -35.445994 -35.479222 -34.902450 -34.835408 -30.822262 -26.042827 -15.713247 -15.260134 -19.075203 -21.011712 -29.114718 -35.827857 -35.150082 -27.750972 -28.347761 -31.614705 -33.363575 -42.672814 -43.741157 -38.887487 -42.379397 -40.862578 -36.051955 -36.973137 
-10.074725 6.071686 9.276990 6.665586 15.006622 7.658071 4.735318 -4.331956 -13.086020 -23.316169 -25.378779 -24.302060 -27.412981 -32.582876 -34.891260 -35.446582 -34.142330 -36.469964 -37.137143 -35.950357 -35.848554 -28.494248 -18.110232 -15.071272 -20.169120 -22.176756 -31.005324 -34.795944 -35.808348 -30.484328 -35.160333 -33.676020 -33.224830 -40.115646 -44.835905 -40.198214 -42.069499 -40.313434 -37.002661 -40.611140 
-9.603609 4.861284 8.463995 5.191445 11.299276 1.907694 2.424314 -6.440488 -20.911906 -27.500496 -29.354587 -31.653315 -32.861591 -31.224905 -36.714997 -38.425977 -40.670814 -39.693384 -43.005757 -41.433857 -41.850054 -36.582013 -21.421205 -17.724806 -23.073138 -25.414693 -32.995029 -37.146559 -34.940111 -31.021846 -28.994797 -35.496580 -35.374453 -39.313468 -43.340146 -35.960588 -40.693910 -40.740313 -39.534998 -43.376452 
-13.902037 3.780339 7.085037 2.418362 3.345487 -3.295245 -5.867478 -16.990309 -21.925885 -29.160856 -29.924562 -31.544336 -38.519735 -34.875355 -36.283074 -37.538573 -36.953294 -35.476427 -37.795224 -40.593681 -40.309808 -35.325307 -22.186738 -23.907402 -25.656432 -27.643628 -34.927540 -36.651738 -39.939384 -38.529490 -34.914643 -37.154657 -37.501041 -40.427725 -41.855251 -39.587663 -39.971964 -39.153277 -38.086884 -39.791398 
-13.991371 -2.553512 -0.030336 -6.172805 -10.355915 -9.401510 -16.489458 -21.418206 -27.728072 -32.796383 -32.793032 -33.622513 -37.349334 -38.817519 -40.272131 -39.091032 -39.187567 -40.139619 -42.143032 -43.240555 -41.567200 -32.660309 -28.004341 -30.953694 -27.604466 -28.559026 -36.034178 -39.712150 -43.013517 -40.572156 -36.146817 -38.208388 -39.045344 -44.192789 -42.081196 -40.572770 -44.234722 -43.381400 -40.993067 -42.333595 
-22.832688 -9.504943 -8.095538 -17.688345 -10.559010 -14.866784 -21.637478 -26.841099 -37.571873 -41.697674 -36.871262 -39.844939 -39.109452 -45.537051 -46.051986 -42.070306 -46.424373 -42.421787 -48.587849 -47.103034 -44.180681 -33.694089 -31.278996 -30.486157 -26.679325 -27.391244 -37.816743 -39.834521 -44.868825 -40.118929 -36.482193 -45.413860 -44.509667 -47.796542 -46.177224 -46.013414 -47.814559 -49.785777 -48.203623 -48.709128 
-21.050459 -8.733927 -6.022828 -16.225046 -22.908614 -19.322277 -29.745631 -35.181644 -34.724204 -44.822194 -33.094294 -37.525571 -40.767505 -43.430784 -47.766823 -47.520547 -49.196753 -51.648437 -48.789423 -49.400506 -47.341270 -36.236744 -30.414439 -34.116520 -32.280845 -36.629307 -43.245694 -50.358967 -47.760007 -44.205970 -44.884490 -48.033624 -52.796211 -52.180223 -53.325633 -51.522561 -52.164765 -53.223548 -54.609460 -55.760819 
-21.128276 -16.189814 -17.391670 -20.560268 -20.856132 -21.958184 -26.017896 -26.055110 -31.171018 -41.270973 -39.675357 -39.472312 -40.553774 -46.076106 -49.822074 -51.739756 -49.290558 -50.073510 -54.176962 -55.882649 -55.761395 -43.923340 -35.396094 -42.620287 -38.633889 -39.663831 -51.880330 -54.018401 -54.439434 -48.329909 -48.159104 -56.293676 -61.070980 -60.158337 -58.445048 -58.310876 -61.868207 -57.202751 -58.897016 -60.907519 
-40.417483 -41.109210 -42.110994 -43.035853 -42.937946 -41.979226 -41.494180 -42.306762 -45.592186 -53.284711 -55.296756 -51.205020 -54.623294 -62.669073 -59.114352 -64.977296 -60.929176 -62.232052 -68.061445 -67.287217 -64.580167 -64.697385 -60.742295 -60.355645 -58.610098 -58.667040 -66.351356 -68.012182 -69.925556 -74.410144 -68.958834 -71.054569 -73.379778 -75.814423 -76.764199 -74.134232 -75.660711 -74.527088 -76.156139 -76.734874 
NaN NaN NaN NaN NaN NaN NaN NaN NaN NaN NaN NaN NaN NaN NaN NaN NaN NaN NaN NaN NaN NaN NaN NaN NaN NaN NaN NaN NaN NaN NaN NaN NaN NaN NaN NaN NaN NaN NaN NaN 
NaN NaN NaN NaN NaN NaN NaN NaN NaN NaN NaN NaN NaN NaN NaN NaN NaN NaN NaN NaN NaN NaN NaN NaN NaN NaN NaN NaN NaN NaN NaN NaN NaN NaN NaN NaN NaN NaN NaN NaN 
NaN NaN NaN NaN NaN NaN NaN NaN NaN NaN NaN NaN NaN NaN NaN NaN NaN NaN NaN NaN NaN NaN NaN NaN NaN NaN NaN NaN NaN NaN NaN NaN NaN NaN NaN NaN NaN NaN NaN NaN 
NaN NaN NaN NaN NaN NaN NaN NaN NaN NaN NaN NaN NaN NaN NaN NaN NaN NaN NaN NaN NaN NaN NaN NaN NaN NaN NaN NaN NaN NaN NaN NaN NaN NaN NaN NaN NaN NaN NaN NaN 
NaN NaN NaN NaN NaN NaN NaN NaN NaN NaN NaN NaN NaN NaN NaN NaN NaN NaN NaN NaN NaN NaN NaN NaN NaN NaN NaN NaN NaN NaN NaN NaN NaN NaN NaN NaN NaN NaN NaN NaN 
NaN NaN NaN NaN NaN NaN NaN NaN NaN NaN NaN NaN NaN NaN NaN NaN NaN NaN NaN NaN NaN NaN NaN NaN NaN NaN NaN NaN NaN NaN NaN NaN NaN NaN NaN NaN NaN NaN NaN NaN 
NaN NaN NaN NaN NaN NaN NaN NaN NaN NaN NaN NaN NaN NaN NaN NaN NaN NaN NaN NaN NaN NaN NaN NaN NaN NaN NaN NaN NaN NaN NaN NaN NaN NaN NaN NaN NaN NaN NaN NaN 
NaN NaN NaN NaN NaN NaN NaN NaN NaN NaN NaN NaN NaN NaN NaN NaN NaN NaN NaN NaN NaN NaN NaN NaN NaN NaN NaN NaN NaN NaN NaN NaN NaN NaN NaN NaN NaN NaN NaN NaN 
NaN NaN NaN NaN NaN NaN NaN NaN NaN NaN NaN NaN NaN NaN NaN NaN NaN NaN NaN NaN NaN NaN NaN NaN NaN NaN NaN NaN NaN NaN NaN NaN NaN NaN NaN NaN NaN NaN NaN NaN 
NaN NaN NaN NaN NaN NaN NaN NaN NaN NaN NaN NaN NaN NaN NaN NaN NaN NaN NaN NaN NaN NaN NaN NaN NaN NaN NaN NaN NaN NaN NaN NaN NaN NaN NaN NaN NaN NaN NaN NaN 
