NaN NaN NaN NaN NaN NaN NaN NaN NaN NaN NaN NaN NaN NaN NaN NaN NaN NaN NaN NaN NaN NaN NaN NaN NaN NaN NaN NaN NaN NaN NaN NaN NaN NaN NaN NaN NaN NaN NaN NaN 
NaN NaN NaN NaN NaN NaN NaN NaN NaN NaN NaN NaN NaN NaN NaN NaN NaN NaN NaN NaN NaN NaN NaN NaN NaN NaN NaN NaN NaN NaN NaN NaN NaN NaN NaN NaN NaN NaN NaN NaN 
NaN NaN NaN NaN NaN NaN NaN NaN NaN NaN NaN NaN NaN NaN NaN NaN NaN NaN NaN NaN NaN NaN NaN NaN NaN NaN NaN NaN NaN NaN NaN NaN NaN NaN NaN NaN NaN NaN NaN NaN 
NaN NaN NaN NaN NaN NaN NaN NaN NaN NaN NaN NaN NaN NaN NaN NaN NaN NaN NaN NaN NaN NaN NaN NaN NaN NaN NaN NaN NaN NaN NaN NaN NaN NaN NaN NaN NaN NaN NaN NaN 
NaN NaN NaN NaN NaN NaN NaN NaN NaN NaN NaN NaN NaN NaN NaN NaN NaN NaN NaN NaN NaN NaN NaN NaN NaN NaN NaN NaN NaN NaN NaN NaN NaN NaN NaN NaN NaN NaN NaN NaN 
NaN NaN NaN NaN NaN NaN NaN NaN NaN NaN NaN NaN NaN NaN NaN NaN NaN NaN NaN NaN NaN NaN NaN NaN NaN NaN NaN NaN NaN NaN NaN NaN NaN NaN NaN NaN NaN NaN NaN NaN 
NaN NaN NaN NaN NaN NaN NaN NaN NaN NaN NaN NaN NaN NaN NaN NaN NaN NaN NaN NaN NaN NaN NaN NaN NaN NaN NaN NaN NaN NaN NaN NaN NaN NaN NaN NaN NaN NaN NaN NaN 
NaN NaN NaN NaN NaN NaN NaN NaN NaN NaN NaN NaN NaN NaN NaN NaN NaN NaN NaN NaN NaN NaN NaN NaN NaN NaN NaN NaN NaN NaN NaN NaN NaN NaN NaN NaN NaN NaN NaN NaN 
NaN NaN NaN NaN NaN NaN NaN NaN NaN NaN NaN NaN NaN NaN NaN NaN NaN NaN NaN NaN NaN NaN NaN NaN NaN NaN NaN NaN NaN NaN NaN NaN NaN NaN NaN NaN NaN NaN NaN NaN 
NaN NaN NaN NaN NaN NaN NaN NaN NaN NaN NaN NaN NaN NaN NaN NaN NaN NaN NaN NaN NaN NaN NaN NaN NaN NaN NaN NaN NaN NaN NaN NaN NaN NaN NaN NaN NaN NaN NaN NaN 
NaN NaN NaN NaN NaN NaN NaN NaN NaN NaN NaN NaN NaN NaN NaN NaN NaN NaN NaN NaN NaN NaN NaN NaN NaN NaN NaN NaN NaN NaN NaN NaN NaN NaN NaN NaN NaN NaN NaN NaN 
NaN NaN NaN NaN NaN NaN NaN NaN NaN NaN NaN NaN NaN NaN NaN NaN NaN NaN NaN NaN NaN NaN NaN NaN NaN NaN NaN NaN NaN NaN NaN NaN NaN NaN NaN NaN NaN NaN NaN NaN 
NaN NaN NaN NaN NaN NaN NaN NaN NaN NaN NaN NaN NaN NaN NaN NaN NaN NaN NaN NaN NaN NaN NaN NaN NaN NaN NaN NaN NaN NaN NaN NaN NaN NaN NaN NaN NaN NaN NaN NaN 
NaN NaN NaN NaN NaN NaN NaN NaN NaN NaN NaN NaN NaN NaN NaN NaN NaN NaN NaN NaN NaN NaN NaN NaN NaN NaN NaN NaN NaN NaN NaN NaN NaN NaN NaN NaN NaN NaN NaN NaN 
NaN NaN NaN NaN NaN NaN NaN NaN NaN NaN NaN NaN NaN NaN NaN NaN NaN NaN NaN NaN NaN NaN NaN NaN NaN NaN NaN NaN NaN NaN NaN NaN NaN NaN NaN NaN NaN NaN NaN NaN 
NaN NaN NaN NaN NaN NaN NaN NaN NaN NaN NaN NaN NaN NaN NaN NaN NaN NaN NaN NaN NaN NaN NaN NaN NaN NaN NaN NaN NaN NaN NaN NaN NaN NaN NaN NaN NaN NaN NaN NaN 
NaN NaN NaN NaN NaN NaN NaN NaN NaN NaN NaN NaN NaN NaN NaN NaN NaN NaN NaN NaN NaN NaN NaN NaN NaN NaN NaN NaN NaN NaN NaN NaN NaN NaN NaN NaN NaN NaN NaN NaN 
NaN NaN NaN NaN NaN NaN NaN NaN NaN NaN NaN NaN NaN NaN NaN NaN NaN NaN NaN NaN NaN NaN NaN NaN NaN NaN NaN NaN NaN NaN NaN NaN NaN NaN NaN NaN NaN NaN NaN NaN 
NaN NaN NaN NaN NaN NaN NaN NaN NaN NaN NaN NaN NaN NaN NaN NaN NaN NaN NaN NaN NaN NaN NaN NaN NaN NaN NaN NaN NaN NaN NaN NaN NaN NaN NaN NaN NaN NaN NaN NaN 
NaN NaN NaN NaN NaN NaN NaN NaN NaN NaN NaN NaN NaN NaN NaN NaN NaN NaN NaN NaN NaN NaN NaN NaN NaN NaN NaN NaN NaN NaN NaN NaN NaN NaN NaN NaN NaN NaN NaN NaN 
NaN NaN NaN NaN NaN NaN NaN NaN NaN NaN NaN NaN NaN NaN NaN NaN NaN NaN NaN NaN NaN NaN NaN NaN NaN NaN NaN NaN NaN NaN NaN NaN NaN NaN NaN NaN NaN NaN NaN NaN 
NaN NaN NaN NaN NaN NaN NaN NaN NaN NaN NaN NaN NaN NaN NaN NaN NaN NaN NaN NaN NaN NaN NaN NaN NaN NaN NaN NaN NaN NaN NaN NaN NaN NaN NaN NaN NaN NaN NaN NaN 
NaN NaN NaN NaN NaN NaN NaN NaN NaN NaN NaN NaN NaN NaN NaN NaN NaN NaN NaN NaN NaN NaN NaN NaN NaN NaN NaN NaN NaN NaN NaN NaN NaN NaN NaN NaN NaN NaN NaN NaN 
NaN NaN NaN NaN NaN NaN NaN NaN NaN NaN NaN NaN NaN NaN NaN NaN NaN NaN NaN NaN NaN NaN NaN NaN NaN NaN NaN NaN NaN NaN NaN NaN NaN NaN NaN NaN NaN NaN NaN NaN 
NaN NaN NaN NaN NaN NaN NaN NaN NaN NaN NaN NaN NaN NaN NaN NaN NaN NaN NaN NaN NaN NaN NaN NaN NaN NaN NaN NaN NaN NaN NaN NaN NaN NaN NaN NaN NaN NaN NaN NaN 
-62.721584 -65.274649 -70.300218 -78.848592 -76.699232 -74.705391 -74.430828 -73.972983 -76.662046 -86.459387 -88.827451 -89.044077 -88.857947 -91.006137 -86.794414 -90.636384 -92.305986 -85.795636 -84.502825 -82.471629 -81.780033 -81.929189 -82.497700 -85.776483 -89.695520 -91.117557 -95.957658 -92.172176 -87.970155 -84.255624 -83.573870 -86.574365 -89.287858 -93.484216 -92.903526 -88.158711 -86.602214 -89.344674 -90.081944 -91.656477 
-44.545448 -57.624712 -58.419242 -66.886845 -64.637496 -59.783713 -61.029402 -61.920959 -68.275905 -71.306494 -67.051976 -64.726387 -70.969939 -70.211370 -67.546367 -70.189337 -66.818395 -68.011602 -74.976402 -71.829419 -72.231789 -72.958118 -72.930449 -76.071420 -77.459921 -75.492844 -76.029792 -75.486190 -73.852155 -71.833679 -73.786000 -73.264401 -75.247850 -77.913625 -77.007349 -73.786892 -75.433641 -75.894918 -77.216063 -78.663908 
-33.454669 -42.157358 -48.185882 -56.201660 -58.703522 -60.857726 -58.581465 -58.757947 -62.609526 -62.779831 -64.159773 -62.519781 -67.186717 -61.654528 -65.232266 -67.216409 -64.845174 -65.754592 -66.760962 -68.533836 -70.220795 -69.041677 -68.895949 -69.956784 -69.063349 -71.794051 -72.327039 -72.900109 -72.891900 -74.466656 -72.262292 -72.004016 -71.511923 -72.627773 -73.947115 -73.624392 -76.344063 -76.343003 -75.046508 -73.444237 
-16.559558 -19.046040 -21.477822 -23.142093 -25.017081 -23.682241 -21.519360 -20.774750 -21.889258 -24.359518 -25.996379 -27.256870 -27.783213 -25.593723 -24.831426 -23.282868 -20.758691 -19.550771 -19.673663 -20.062095 -20.483275 -20.775253 -19.389061 -22.245612 -18.952851 -18.583378 -22.201286 -23.779220 -27.248189 -29.290123 -31.848963 -32.333490 -34.748039 -36.643676 -44.302231 -46.197898 -47.275674 -40.761134 -40.696727 -47.136696 
-11.620591 -12.450919 -9.278149 -19.103446 -19.748654 -14.293721 -14.333880 -11.624764 -13.639575 -18.953853 -17.571464 -19.314312 -19.084608 -17.374132 -18.729579 -16.937947 -13.665791 -11.137012 -11.462239 -13.396959 -12.517315 -13.524190 -10.601256 -15.557969 -10.322889 -8.698204 -11.636185 -15.912600 -18.501917 -17.348327 -18.553759 -19.747220 -20.865030 -22.797215 -29.838400 -31.910570 -30.390140 -28.607381 -29.941369 -30.114447 
-15.480847 -9.572510 -11.923319 -10.235482 -11.649105 -17.038733 -13.680827 -18.933355 -22.580619 -21.784741 -21.486044 -22.533110 -18.545811 -14.270185 -11.376730 -15.929308 -20.213340 -14.298009 -14.495183 -16.837259 -16.415089 -16.759338 -15.983450 -19.067483 -17.677052 -12.798074 -9.590418 -16.185678 -17.300385 -13.813892 -16.385890 -14.303364 -19.092650 -20.565601 -23.146167 -24.679538 -22.958451 -24.168653 -24.671926 -26.903468 
-15.508000 -18.310856 -13.913115 -17.082362 -20.434788 -18.388521 -15.637179 -11.533317 -13.096778 -12.587714 -15.232012 -14.740114 -17.728899 -12.428319 -13.383343 -16.635570 -12.147044 -10.615193 -13.982751 -12.991875 -15.972000 -20.918537 -17.984013 -19.997478 -12.016310 -5.559932 -4.287779 -7.222070 -9.450540 -9.303824 -12.583038 -12.043971 -16.242507 -20.288578 -22.872276 -20.727957 -20.299729 -18.309688 -17.980285 -21.397012 
-12.960546 -22.657593 -17.559572 -15.439993 -16.906609 -15.107757 -12.464809 -6.073658 -7.795089 -15.776809 -21.290078 -17.740528 -21.135813 -15.269006 -10.446270 -18.020580 -10.281574 -12.754508 -17.035065 -20.073252 -18.251469 -11.312693 -15.697372 -16.607270 -6.189893 -7.286239 -4.491375 -8.100963 -6.937291 -10.175768 -11.828772 -10.530680 -13.990229 -15.793866 -20.011483 -16.638030 -16.826630 -17.814588 -19.930138 -21.783863 
-7.423952 -11.139277 -16.324285 -18.024827 -20.538274 -10.471059 -3.963874 -3.374382 -8.612680 -20.819423 -24.643407 -19.120944 -25.628279 -20.016935 -18.148501 -17.464356 -19.649094 -16.418829 -20.129275 -20.857495 -18.919081 -14.839526 -16.749138 -18.423276 -11.662636 -6.893590 -6.268704 -8.226545 -8.177255 -8.936364 -13.782931 -11.372062 -12.846244 -19.259497 -19.017550 -20.233819 -16.873466 -15.735156 -17.333162 -20.873499 
-10.433266 -9.150594 -14.894294 -17.071300 -13.906349 -16.495476 -11.702947 -9.156302 -9.355196 -14.546335 -20.919837 -18.690852 -22.171032 -16.590346 -23.077212 -20.866690 -24.869927 -23.095769 -23.302481 -23.625029 -22.292834 -19.632993 -17.935299 -19.397580 -11.397232 -12.117148 -15.001556 -17.629028 -17.102412 -12.979969 -18.168902 -16.573214 -15.921951 -19.055747 -23.010861 -22.672411 -23.548496 -23.101435 -22.937791 -24.674819 
-6.078525 6.500536 14.522881 14.216041 4.513777 -3.789860 1.771521 -5.039464 -7.636873 -4.542918 -11.859684 -12.571869 -16.842700 -19.809911 -22.036261 -22.150395 -23.176051 -19.041631 -18.728861 -20.158865 -16.631589 -12.960596 -13.628899 -18.655030 -14.956215 -12.626148 -17.926851 -19.412467 -21.503492 -18.363905 -25.766971 -26.533669 -20.261762 -17.578433 -20.558526 -24.573203 -23.280467 -23.260178 -22.854151 -22.522303 
-4.053482 12.559541 23.558932 21.782037 9.425254 10.971847 11.764773 9.152292 11.601008 2.170497 2.862154 -5.678007 -6.200888 -3.033856 -10.465130 -17.512401 -16.423398 -12.120963 -11.844404 -10.497887 -8.699298 -7.428984 -6.887880 -15.453562 -16.227697 -11.744534 -14.628037 -17.358582 -20.673247 -21.136391 -28.451120 -30.174934 -18.096074 -11.945450 -14.495764 -27.432968 -27.352628 -24.604368 -25.188128 -23.098791 
-12.645301 11.010616 23.334879 19.673770 5.897696 17.793340 13.439983 13.915153 17.172335 4.621758 7.727135 -5.850256 -4.735087 0.555250 -6.867188 -11.010256 -10.447336 -7.206397 -5.865170 -3.239158 1.432960 6.552869 3.619629 -7.748424 -2.966560 -3.534152 -8.372633 -9.977286 -10.318705 -12.406836 -24.895408 -26.532214 -19.616868 -12.948635 -14.376967 -28.674899 -26.398022 -26.118709 -28.998941 -26.786371 
-25.033113 7.635970 21.542430 18.860983 7.228460 19.427571 13.233111 13.106703 17.374988 7.264508 11.063039 -4.775390 -7.658515 0.686531 -6.167748 -8.733911 -8.825686 -6.827319 -4.748915 -2.619195 2.314145 8.072498 7.479743 -6.053088 -0.803149 0.849802 -4.574292 -6.657177 -7.536303 -7.420277 -21.633121 -23.637489 -16.537840 -10.294800 -13.485125 -29.347692 -24.004790 -23.848090 -25.906825 -21.443938 
-21.995633 6.673656 20.864731 18.401187 7.112103 19.189219 12.416726 11.961349 14.761671 5.890089 11.297715 -5.481024 -6.523091 2.130075 -4.809106 -9.259256 -10.511526 -8.038483 -5.885129 -3.256172 1.658710 8.542287 8.027397 -5.706970 -1.632805 1.158420 -3.665823 -6.503817 -6.928517 -6.905516 -21.019503 -23.557357 -16.047222 -11.315268 -16.084675 -28.406934 -21.765019 -22.712573 -24.747754 -20.721975 
-20.720889 6.450805 20.443303 18.168349 6.114431 19.212710 12.713552 10.417261 13.759954 6.134980 11.936005 -4.787333 -5.620855 3.672545 -2.633661 -8.543299 -10.249717 -8.483565 -6.215419 -4.000093 0.956865 8.064673 8.480953 -5.877748 -2.310577 0.455660 -5.290240 -8.302306 -8.293571 -8.113737 -21.852646 -24.287053 -16.700400 -11.701805 -15.507652 -26.543240 -21.351489 -20.919265 -22.260371 -25.818531 
-22.821854 5.950118 20.215018 18.184694 6.097475 19.258836 13.394197 9.698030 13.439541 6.018242 12.618592 -2.458185 -3.425067 4.809323 -0.849460 -8.137473 -9.609339 -8.248250 -6.245242 -3.965905 1.210628 8.315012 8.054749 -6.858347 -3.911161 -0.188929 -5.114819 -7.461067 -7.507798 -8.601297 -22.539651 -24.896455 -18.981754 -13.375894 -15.621103 -27.176743 -21.506997 -21.280007 -24.967693 -26.487673 
-28.295288 5.720438 20.130514 18.081207 6.127067 19.241834 13.374567 9.450387 12.815727 6.284880 12.375287 -2.301108 -2.020457 5.677886 -0.684020 -7.215070 -9.596877 -8.341046 -6.609127 -3.794932 1.738972 8.260094 7.133948 -7.555378 -3.769897 0.508235 -5.198198 -7.956009 -7.762819 -8.371687 -22.178560 -24.201321 -17.639646 -12.205654 -16.747073 -26.534328 -20.848190 -20.282742 -21.504228 -21.831548 
-13.642410 5.567086 20.212252 18.242673 5.700345 19.174991 13.407731 8.699485 12.753361 6.483257 12.746579 -0.945985 -0.989475 5.728606 -0.948283 -6.716276 -8.850365 -7.466380 -5.080128 -2.160250 2.974960 8.037246 5.278595 -7.759380 -4.226807 -0.323451 -6.055417 -8.634389 -9.254312 -10.932496 -23.497629 -24.438314 -19.083614 -12.986688 -15.866207 -25.663891 -21.413635 -23.668940 -25.285834 -22.824569 
-23.941288 5.840594 20.187546 17.990415 6.684039 19.341912 13.481854 9.222677 12.293135 7.040019 12.815824 0.988307 0.685105 6.051829 0.306576 -6.172656 -7.857825 -6.078505 -3.469036 0.174646 5.845157 8.466681 3.066405 -7.923194 -5.477541 -1.443645 -6.873962 -9.663545 -9.778116 -10.651081 -25.118076 -27.348078 -17.682312 -11.380246 -15.741200 -26.113436 -22.446783 -24.051795 -25.115660 -22.864904 
-30.021438 6.813555 20.324177 17.331828 7.149442 19.130798 11.600157 9.810107 10.175865 8.398075 10.679089 2.152235 0.973830 6.533043 -1.244439 -5.356594 -7.988908 -4.801920 -2.540021 1.269686 7.438097 7.264781 0.895418 -8.290993 -5.078588 -0.086653 -7.657064 -9.148268 -8.573118 -8.049744 -21.811318 -26.781428 -16.303848 -10.827030 -16.369085 -26.052658 -21.611834 -23.078060 -24.410261 -24.243376 
-33.153882 7.398526 20.514394 16.900949 7.535344 18.655453 9.854614 10.141984 8.581043 9.057259 8.256946 3.395734 0.782988 5.661946 -2.576600 -6.057210 -8.819365 -4.589092 -1.706969 3.035274 8.021739 4.502283 -2.618170 -10.442962 -6.140863 -0.701848 -8.994242 -10.614671 -8.663712 -8.545437 -22.663155 -26.861420 -16.420304 -12.521106 -17.079221 -25.768354 -21.550096 -25.113124 -26.579600 -25.544269 
-32.638177 7.429415 20.663614 17.224884 7.432525 18.434791 9.828343 10.189281 8.808018 8.856894 8.618132 3.336542 1.133873 5.791307 -2.692119 -5.202875 -7.760878 -4.147513 -0.834610 4.940074 7.901628 3.217886 -4.067067 -12.012262 -7.240393 -1.589328 -10.158371 -11.306556 -10.588460 -10.690345 -24.700235 -26.690626 -15.805445 -11.730862 -16.541035 -25.213865 -23.014269 -25.414187 -27.625660 -23.444504 
-30.575754 7.447457 20.750072 17.299837 7.402872 18.433113 9.861624 10.582673 9.070778 9.358219 8.003567 2.206584 -0.031100 5.550722 -3.054944 -5.669137 -8.018708 -3.979390 0.451798 6.175255 5.124682 0.680712 -5.823593 -13.429828 -7.443624 -1.686377 -10.871072 -11.581033 -11.224733 -10.757842 -23.531116 -25.737408 -17.837535 -14.533654 -19.462100 -25.781973 -23.805714 -26.450054 -27.576458 -25.725379 
-25.921603 7.884582 20.994534 17.560554 8.435734 18.954793 10.327493 12.445054 10.058407 10.664869 7.448529 -1.424095 -2.164802 4.797183 -3.926712 -7.285325 -9.363128 -4.495920 -0.068958 4.979191 5.506462 1.055454 -5.616705 -13.291637 -8.191576 -2.408245 -10.607398 -12.203313 -12.066028 -12.324846 -26.299923 -29.373634 -24.505649 -21.349145 -24.195348 -28.722055 -26.419452 -29.572302 -34.069899 -33.666662 
-19.631361 9.199633 21.265126 16.713583 12.566817 19.041564 11.291165 14.903545 9.970524 9.870751 2.611210 -7.363499 -4.879262 1.875946 -5.325318 -10.789599 -12.056590 -6.522574 -2.212524 2.613006 4.791236 1.004378 -6.586348 -15.534759 -7.983613 -3.890872 -11.778317 -13.006642 -11.905469 -12.536151 -26.455220 -25.968511 -23.948150 -20.446737 -23.489221 -24.710317 -23.417422 -30.150452 -33.292977 -34.313363 
-11.077311 10.674735 22.088294 17.985805 15.765894 19.630857 9.214222 12.146759 0.488297 -0.847684 -10.030482 -14.854512 -10.764336 -2.793309 -6.817260 -15.920546 -21.012942 -15.352296 -8.845869 -4.861484 -8.988280 -13.385389 -18.039871 -20.056981 -15.057481 -17.524339 -24.561199 -25.343574 -26.810460 -26.808176 -35.786034 -33.019795 -33.159518 -30.618006 -32.023961 -30.488675 -32.455506 -42.283093 -44.405793 -42.003305 
-10.910610 11.569054 22.612757 16.906796 14.686932 21.284807 9.498122 11.007241 0.782309 -4.607449 -13.825445 -28.499692 -10.566846 -7.435270 -6.076635 -14.617888 -22.071307 -26.480504 -18.184890 -9.968380 -17.408203 -18.927617 -19.655026 -17.597013 -12.482783 -19.428396 -34.828895 -37.034442 -34.205987 -36.275459 -38.624083 -36.410712 -39.816453 -34.859861 -32.306972 -29.099437 -32.144826 -45.322385 -47.425041 -46.571553 
-11.146123 12.734988 22.974050 17.066944 15.956258 21.158687 8.309275 10.292352 -1.376269 -4.512427 -15.474981 -25.899697 -10.393745 -9.729685 -5.852007 -14.363823 -22.284717 -27.759802 -22.396245 -15.210312 -17.747919 -19.215234 -23.263861 -17.236403 -13.376261 -18.367470 -32.336446 -36.620733 -35.671685 -36.920875 -35.135722 -34.343931 -34.630044 -30.838929 -28.142188 -24.700077 -28.313785 -42.037659 -42.632526 -41.978038 
-9.328220 13.563375 23.104689 16.554502 17.449972 21.004350 7.424154 9.079707 -3.201970 -4.046755 -16.989878 -19.036358 -10.641491 -9.128179 -7.605622 -14.515734 -23.064860 -26.405474 -23.374042 -18.901338 -17.042194 -19.962019 -23.059995 -16.093571 -13.925915 -18.703511 -32.412144 -34.098545 -33.946376 -34.322451 -34.345753 -32.768197 -33.518748 -29.486142 -27.288781 -23.772796 -26.721508 -37.680190 -38.410104 -38.636363 
-7.436112 14.362528 23.117937 16.550439 18.555755 19.895829 6.389787 7.753300 -6.454106 -4.484661 -19.375855 -23.753871 -13.697832 -9.153036 -10.475749 -16.640121 -28.976593 -32.947476 -25.773234 -18.967936 -21.871818 -24.365038 -25.423222 -18.208028 -14.672341 -21.179985 -37.649284 -40.139585 -37.688332 -38.003517 -38.425511 -36.819418 -36.469949 -31.470694 -28.572833 -24.227486 -26.968031 -43.262611 -44.382900 -43.319864 
-4.760844 15.347428 22.612672 15.394256 19.328304 17.804029 6.940154 5.379600 -9.409145 -8.633402 -23.892387 -23.894140 -18.205742 -6.453861 -10.668458 -18.539088 -27.767343 -29.127641 -25.372804 -21.140066 -23.505924 -25.021554 -27.777824 -19.118946 -18.139683 -30.298201 -36.392942 -37.491454 -37.286055 -37.733396 -38.453183 -39.326150 -38.331880 -36.222937 -34.244984 -30.851475 -31.993547 -42.197741 -43.070993 -42.337003 
-3.558483 15.307942 19.698441 15.074830 19.152561 11.783740 5.191001 -1.383472 -9.547049 -16.515729 -23.026995 -31.314811 -20.198117 -10.210206 -16.811782 -23.981760 -33.340389 -30.438284 -27.888877 -25.948803 -27.000158 -31.473208 -33.577056 -24.914516 -23.555075 -36.509190 -42.231295 -43.851762 -39.550957 -40.493534 -38.142712 -39.745950 -41.984113 -42.910297 -40.875982 -37.762650 -39.016383 -48.053178 -47.139588 -45.519781 
-1.584977 12.129059 11.995719 12.199891 14.633836 6.409068 1.438374 -11.519385 -17.059440 -22.017148 -28.461632 -29.442321 -26.621853 -22.040150 -26.016645 -30.368078 -34.450937 -32.933559 -34.412974 -29.098190 -31.171028 -38.342333 -41.278287 -34.558941 -35.404820 -41.485036 -43.915057 -44.628516 -42.895786 -44.197288 -42.618697 -45.573795 -45.757983 -47.744583 -47.187669 -45.728608 -46.925437 -49.217287 -48.966585 -48.503028 
-2.411327 7.022768 4.554051 5.169722 7.285084 -1.648520 -1.951102 -12.804343 -11.677117 -12.229040 -14.954039 -19.317133 -17.288765 -14.020909 -16.122717 -16.643736 -15.828770 -18.401695 -22.731114 -20.793653 -15.757793 -20.649536 -19.824622 -28.233948 -20.647732 -25.047419 -29.219750 -25.382139 -28.321844 -16.884511 -22.127228 -25.065272 -28.304615 -30.340141 -34.667266 -30.934882 -31.958473 -31.659343 -35.459839 -38.761166 
-2.372502 11.643932 10.959956 7.776258 13.774906 10.991445 10.526821 2.650459 -3.864246 -12.361189 -16.523312 -22.332252 -16.301423 -14.296775 -19.152751 -19.518379 -17.337488 -18.539974 -18.177303 -16.136199 -11.137093 -4.683759 -9.071481 -21.599876 -13.430423 -14.839605 -20.871861 -20.623471 -21.645726 -11.779099 -17.209466 -19.800772 -25.163398 -24.383674 -27.973723 -27.177252 -26.264757 -25.038200 -28.805512 -30.760532 
0.931411 14.090197 12.449680 16.045427 16.926675 15.972785 14.776936 6.460609 -3.258583 -9.441345 -17.457283 -23.606357 -22.106860 -18.983504 -18.598220 -21.879236 -21.583324 -17.701857 -15.693493 -13.425825 -9.974575 -1.173341 -0.352461 -14.312120 -5.995109 -6.049896 -13.565932 -17.233715 -14.591251 -18.433417 -26.460226 -21.339059 -24.119710 -22.378457 -21.207629 -25.029519 -25.409384 -29.308508 -30.943176 -29.392283 
2.216460 14.087047 10.971645 17.602172 17.076981 17.592137 13.730476 8.175161 -1.792314 -9.943264 -16.456775 -24.045348 -20.690156 -19.965511 -18.049652 -19.286539 -18.657383 -15.233442 -14.305976 -12.108218 -8.315382 -2.818587 -3.367485 -11.695668 -5.113382 -5.451035 -11.446149 -12.662830 -10.744804 -14.982493 -32.942046 -25.178085 -20.554656 -17.593170 -15.908013 -24.964523 -23.076578 -22.239316 -26.036270 -28.485094 
2.734428 13.621469 11.233620 18.287965 16.625351 17.770155 12.811862 8.218090 -1.989297 -10.518059 -16.235268 -18.636975 -19.735579 -20.193208 -17.747235 -19.325077 -20.540429 -16.850415 -16.090909 -14.935037 -11.397285 -2.092429 0.216412 -9.660696 -1.491724 -4.811960 -10.147503 -12.071489 -9.784643 -14.099911 -32.408415 -21.852768 -16.695695 -16.814214 -15.742415 -22.197136 -22.345371 -22.787204 -24.250520 -24.796391 
2.284793 12.602271 11.244423 17.508774 15.881241 17.240588 11.681432 5.972955 -2.157217 -11.922680 -15.483797 -21.011266 -22.352691 -20.470754 -18.226725 -20.507437 -20.433255 -18.665822 -18.721343 -16.487298 -13.233004 -5.053879 1.188222 -5.897680 -1.619930 -2.867439 -9.202402 -12.294962 -9.755650 -12.974049 -31.731344 -22.127810 -16.441239 -20.011094 -19.963342 -20.926080 -20.063622 -20.569344 -21.928080 -19.357088 
3.000233 11.355371 11.386294 15.993158 14.855749 14.970980 9.462436 2.305370 -3.612645 -12.114793 -16.913445 -23.599312 -23.430700 -23.478971 -22.018764 -23.846772 -23.528141 -20.652192 -19.810462 -18.745125 -17.176724 -11.721756 -5.701503 -8.734758 -5.178578 -3.424294 -9.773188 -12.826694 -10.997903 -14.451701 -34.069194 -24.688425 -17.976036 -17.182370 -17.316633 -23.076811 -23.676904 -22.332044 -26.828765 -22.669281 
3.051186 10.249644 11.018607 14.570422 15.237638 14.163168 9.348732 2.079374 -4.937633 -13.364897 -20.578394 -27.845159 -24.494504 -23.464423 -21.573421 -24.330566 -23.686363 -20.812027 -20.518850 -19.699092 -17.492431 -11.869843 -7.187259 -9.809283 -5.565794 -2.110826 -8.539643 -10.952704 -9.670876 -14.145447 -35.974552 -23.776649 -15.582520 -20.926151 -22.578765 -26.120736 -26.876272 -20.903036 -24.123847 -20.528455 
3.325082 8.986155 10.769097 13.428542 14.800776 12.643666 8.494886 1.455156 -6.360796 -15.753292 -23.605286 -27.777171 -27.252503 -24.737031 -23.094105 -25.650567 -25.780562 -22.432734 -23.077948 -22.461827 -20.526961 -14.114786 -8.841365 -9.806585 -7.837921 -4.690425 -8.543496 -10.046319 -11.019597 -16.961308 -37.198012 -26.675347 -15.371604 -20.402167 -24.689991 -25.504807 -22.943512 -24.360079 -30.543902 -21.717760 
2.344436 9.089121 11.356719 13.351682 14.561349 12.351284 10.121642 2.019193 -7.876216 -16.168665 -22.933925 -26.943660 -27.324155 -27.920309 -26.930412 -30.102692 -30.581092 -30.387983 -32.398557 -32.705192 -29.774346 -22.569382 -12.679241 -11.658936 -10.089415 -6.729933 -14.301234 -14.860146 -14.068615 -19.684675 -38.731591 -31.099673 -19.501559 -22.213373 -23.483402 -32.222985 -31.670416 -29.170993 -29.015896 -29.330713 
-0.939019 7.230935 8.060711 9.661182 10.736984 7.433002 7.197700 0.314222 -8.410156 -17.384847 -24.788508 -28.145240 -29.891796 -29.837015 -28.276698 -29.242451 -31.071634 -28.969624 -27.482286 -28.326783 -28.802059 -27.345560 -20.661875 -21.761377 -20.828757 -14.673929 -23.590486 -29.674279 -24.577848 -28.378603 -39.459536 -31.558490 -19.694761 -21.630931 -25.691401 -30.885170 -30.840350 -26.575403 -25.454095 -23.119951 
2.526159 8.935135 10.829316 12.374602 12.789473 10.401010 8.455225 1.078888 -7.628056 -16.088277 -22.918169 -28.403461 -29.069433 -27.354316 -25.829159 -27.209165 -27.426166 -24.206845 -24.517359 -24.912671 -25.061766 -20.601188 -14.200173 -13.046332 -9.997518 -6.008507 -10.246512 -12.712863 -11.935869 -16.860353 -36.798678 -35.173807 -25.823493 -24.769120 -28.690066 -36.106054 -32.661133 -29.319690 -29.407647 -30.334750 
0.420159 4.706669 5.856142 3.964346 8.870746 7.441657 2.605294 -9.164658 -19.107458 -25.709234 -29.484162 -36.379965 -36.341472 -37.865807 -34.648056 -38.790834 -39.175838 -33.992306 -37.502519 -36.232976 -37.897190 -29.099555 -21.964503 -18.741142 -17.183449 -13.372756 -20.268117 -23.182759 -20.469786 -23.789174 -44.723830 -42.964932 -29.242302 -26.196899 -26.793273 -32.362534 -30.228144 -30.386843 -31.724175 -28.010101 
-1.998254 3.048106 3.920894 2.342445 5.241635 4.286863 0.945714 -7.816286 -16.126485 -23.065444 -29.766628 -35.900018 -35.224007 -33.389282 -35.035911 -36.048087 -33.985656 -33.337403 -30.016512 -32.713202 -34.216747 -26.971720 -23.006072 -23.830140 -19.194923 -16.182624 -20.301419 -25.173802 -25.474875 -34.032121 -51.878340 -46.903094 -34.957012 -30.846239 -29.406576 -34.631117 -32.490141 -22.551304 -23.672620 -25.550470 
-3.477806 0.140995 0.675460 5.137995 7.537249 7.491246 2.758067 -6.320367 -15.407744 -26.000750 -32.089916 -39.048797 -35.670142 -35.139547 -33.942136 -36.773151 -35.459868 -32.646823 -32.085919 -33.153433 -34.909786 -26.926735 -22.479946 -23.800712 -18.421855 -13.532302 -19.576975 -24.302610 -24.338553 -30.530263 -50.997950 -51.438273 -34.734509 -32.547658 -32.276654 -34.701025 -31.510466 -24.001441 -23.461645 -25.948575 
-5.658453 1.425862 -0.072369 0.004563 1.934749 2.793760 -2.021113 -10.876611 -19.010279 -24.311698 -33.608108 -36.621489 -36.613474 -38.685559 -39.599888 -40.407181 -42.582962 -42.672224 -41.518135 -43.989487 -46.380085 -39.763024 -33.080388 -32.335311 -21.183789 -17.583587 -23.729266 -28.779658 -33.718907 -36.751957 -52.159300 -49.067948 -33.028381 -30.742160 -32.176966 -35.416520 -31.108165 -25.331852 -23.291768 -23.104135 
-10.103826 -6.033666 -10.094601 -16.682695 -14.963358 -11.770079 -11.360372 -21.957814 -30.975280 -32.166471 -35.768168 -37.787951 -36.325473 -37.170227 -39.344816 -41.147104 -41.743568 -40.915743 -40.464785 -43.099868 -44.330931 -38.558831 -36.431456 -32.009201 -28.953191 -26.004527 -33.545998 -40.199350 -42.635455 -44.404698 -50.547336 -50.451113 -42.096036 -34.432679 -33.485471 -35.555086 -35.478898 -38.722470 -34.520005 -33.732566 
-24.955434 -18.069687 -12.870420 -8.255297 -11.128288 -21.554167 -24.125654 -19.515899 -25.831686 -31.224685 -37.698432 -37.928643 -35.664542 -32.355935 -45.808624 -54.454775 -47.259459 -47.004225 -42.733011 -46.495554 -44.347797 -35.804642 -32.500213 -31.854125 -30.515756 -24.849401 -32.300176 -35.810207 -39.333670 -42.930777 -59.434399 -59.680722 -47.861814 -32.978691 -31.658740 -32.839991 -32.683576 -37.244766 -34.956308 -34.530854 
-23.817769 -15.828084 -12.453310 -14.021393 -18.369111 -20.015360 -26.081530 -24.725628 -33.507162 -35.280190 -37.833656 -40.143339 -35.960781 -30.122589 -42.264762 -52.125579 -51.824543 -49.447003 -49.992133 -47.514278 -48.304836 -42.027072 -34.994009 -37.735425 -32.955276 -27.388641 -35.068042 -38.083387 -36.877942 -43.464239 -57.961624 -59.592168 -48.814003 -38.841329 -38.937150 -40.223216 -37.323946 -40.221197 -36.273642 -36.321651 
-26.692434 -18.883371 -12.491019 -9.490802 -13.988324 -18.389320 -25.889830 -27.451132 -26.062209 -27.499153 -32.035982 -37.851324 -32.276345 -31.828524 -38.201596 -51.219251 -51.598476 -50.549471 -47.708253 -49.267421 -44.407431 -36.691304 -30.184810 -31.999185 -31.894544 -27.966859 -34.939687 -41.536979 -38.288969 -47.578255 -60.991561 -63.568222 -52.383456 -39.478845 -35.712998 -38.882039 -35.243667 -38.981783 -36.443975 -38.080804 
-27.162912 -18.211599 -11.725606 -14.656723 -17.879302 -19.221676 -25.319998 -32.165339 -28.501675 -32.471293 -34.789421 -39.887934 -33.719515 -30.554556 -35.645068 -49.391009 -53.044851 -48.598611 -45.081161 -47.400269 -44.398671 -34.200834 -30.499456 -34.885558 -29.824663 -26.069052 -35.767031 -42.717694 -39.224143 -49.489574 -60.466720 -63.450233 -52.877187 -39.029356 -35.533616 -39.043437 -38.585679 -43.547884 -42.149033 -39.716508 
-24.429180 -21.833549 -15.849926 -14.192154 -21.128458 -32.973479 -32.263647 -33.805601 -41.269267 -35.844934 -36.692825 -41.823025 -45.292305 -33.760576 -35.859605 -53.448427 -53.306832 -48.843051 -52.626858 -52.716343 -45.749887 -33.588615 -33.690989 -42.773852 -35.566170 -36.680566 -39.296077 -42.900344 -41.498770 -51.729900 -62.351169 -65.179722 -61.289534 -46.156280 -40.569147 -41.806810 -41.220695 -49.002179 -48.210697 -47.488121 
-25.979771 -26.024115 -31.276470 -22.922290 -22.941229 -32.284964 -32.115878 -29.094273 -34.128959 -35.633164 -38.465495 -37.445666 -39.449390 -31.009368 -37.710604 -55.012645 -51.339337 -45.011232 -45.428929 -45.299122 -41.458969 -31.054875 -31.245009 -42.542064 -42.113076 -41.820730 -46.123329 -49.772319 -42.925252 -48.003878 -60.216172 -66.120277 -59.533413 -51.389499 -49.893922 -51.511254 -53.964567 -57.286962 -59.156611 -56.955591 
-17.871004 -23.225877 -30.411942 -29.934485 -27.881918 -30.753806 -29.366735 -33.933449 -43.583674 -47.013232 -35.220118 -32.903478 -35.409214 -28.542703 -38.521512 -49.993487 -50.863966 -49.274817 -45.263476 -43.523093 -36.472001 -25.142996 -27.595176 -40.056644 -38.647252 -42.641589 -47.358090 -46.801824 -46.280430 -51.155490 -59.777498 -62.420381 -61.005868 -52.467559 -50.555137 -51.700075 -55.789230 -58.638737 -61.019717 -60.094518 
-31.994218 -34.041737 -37.677054 -44.681773 -52.333535 -47.381718 -45.879185 -49.358098 -57.807448 -55.714823 -49.691083 -47.483303 -48.559804 -47.856678 -51.270689 -58.165536 -60.309614 -65.826958 -62.382965 -53.460829 -51.275949 -42.952115 -45.475923 -51.866993 -54.602510 -60.360397 -59.538349 -56.222360 -55.570251 -62.019146 -70.784673 -72.423397 -72.762514 -64.374229 -62.026593 -63.468548 -66.170849 -72.332819 -73.171495 -73.639969 
-81.854373 -82.008849 -81.954142 -81.949865 -81.991068 -81.976263 -81.994521 -82.025519 -82.051138 -82.075768 -82.116062 -82.161400 -82.212000 -82.293805 -82.370253 -82.461224 -82.589313 -82.711403 -82.878971 -83.051612 -83.261284 -83.513900 -83.803754 -84.140970 -84.551283 -85.043619 -85.604180 -86.279947 -87.079470 -88.054395 -89.254208 -90.769324 -92.703997 -95.327343 -99.239823 -106.157890 -110.673874 -102.600557 -98.725865 -98.466934 
-93.592445 -93.594599 -93.598192 -93.604285 -93.612593 -93.624349 -93.638864 -93.657708 -93.683112 -93.713860 -93.751827 -93.799552 -93.856160 -93.925285 -94.008311 -94.105160 -94.220918 -94.355001 -94.511269 -94.691722 -94.902359 -95.150501 -95.438760 -95.782331 -96.191450 -96.675057 -97.246070 -97.916995 -98.718549 -99.690798 -100.895698 -102.406041 -104.343735 -106.971158 -110.906257 -118.137878 -123.359736 -114.292679 -110.229333 -109.626363 
NaN NaN NaN NaN NaN NaN NaN NaN NaN NaN NaN NaN NaN NaN NaN NaN NaN NaN NaN NaN NaN NaN NaN NaN NaN NaN NaN NaN NaN NaN NaN NaN NaN NaN NaN NaN NaN NaN NaN NaN 
NaN NaN NaN NaN NaN NaN NaN NaN NaN NaN NaN NaN NaN NaN NaN NaN NaN NaN NaN NaN NaN NaN NaN NaN NaN NaN NaN NaN NaN NaN NaN NaN NaN NaN NaN NaN NaN NaN NaN NaN 
-89.375762 -89.381272 -89.390445 -89.405938 -89.426956 -89.456489 -89.492663 -89.539211 -89.601323 -89.675705 -89.766642 -89.879954 -90.013497 -90.175964 -90.371191 -90.599999 -90.876109 -91.200479 -91.585318 -92.038812 -92.579428 -93.229932 -94.002400 -94.947232 -96.114000 -97.569594 -99.434161 -101.906998 -105.475432 -111.547594 -119.689668 -111.849349 -106.625086 -103.899550 -102.428103 -101.872018 -102.149092 -103.371534 -106.085879 -111.926423 
-73.273109 -74.987552 -78.266679 -78.197469 -72.904925 -79.466733 -78.326345 -74.504744 -79.168576 -74.884747 -80.449811 -75.347179 -78.709587 -76.709760 -77.248551 -79.267267 -77.399943 -78.595453 -77.815460 -79.902409 -80.327752 -80.982434 -82.007011 -82.998322 -83.787845 -85.330126 -86.946539 -89.905123 -93.375564 -97.224614 -95.552806 -92.993096 -91.500377 -89.487638 -89.614442 -89.847008 -90.632069 -92.125155 -94.636424 -98.764068 
-69.862889 -73.810588 -74.054220 -72.602965 -74.439380 -81.194707 -87.973349 -78.781535 -73.820059 -79.208800 -79.479788 -79.921116 -76.884531 -77.580017 -73.748548 -80.016510 -76.707679 -74.719533 -72.150434 -74.855214 -81.142989 -83.436094 -83.596061 -83.132455 -78.059795 -80.962406 -81.082514 -79.546041 -82.674713 -88.433255 -86.546398 -88.102158 -88.822064 -85.180778 -88.653404 -89.723357 -89.832257 -90.912515 -89.155240 -90.575386 
-88.782168 -89.553040 -90.926744 -93.563686 -98.251755 -107.781942 -103.028767 -97.047881 -94.791762 -95.016032 -97.368448 -99.521820 -96.545683 -93.693861 -93.778753 -98.391536 -101.667982 -93.348722 -90.573909 -92.151611 -97.796336 -99.023902 -99.643137 -99.486689 -95.690213 -100.622729 -100.315389 -96.314269 -98.419001 -102.923122 -102.513802 -105.822083 -108.494821 -103.284915 -107.119797 -109.597841 -109.136059 -108.151437 -107.972373 -107.028323 
NaN NaN NaN NaN NaN NaN NaN NaN NaN NaN NaN NaN NaN NaN NaN NaN NaN NaN NaN NaN NaN NaN NaN NaN NaN NaN NaN NaN NaN NaN NaN NaN NaN NaN NaN NaN NaN NaN NaN NaN 
NaN NaN NaN NaN NaN NaN NaN NaN NaN NaN NaN NaN NaN NaN NaN NaN NaN NaN NaN NaN NaN NaN NaN NaN NaN NaN NaN NaN NaN NaN NaN NaN NaN NaN NaN NaN NaN NaN NaN NaN 
NaN NaN NaN NaN NaN NaN NaN NaN NaN NaN NaN NaN NaN NaN NaN NaN NaN NaN NaN NaN NaN NaN NaN NaN NaN NaN NaN NaN NaN NaN NaN NaN NaN NaN NaN NaN NaN NaN NaN NaN 
-78.790360 -78.008734 -77.400527 -76.222872 -76.424262 -80.074779 -85.132638 -83.415899 -79.241934 -81.046261 -86.498528 -88.888767 -93.864503 -94.687904 -89.626937 -85.020020 -84.555915 -87.365895 -81.049360 -83.141494 -84.665952 -83.092625 -89.413259 -87.938672 -92.209829 -95.475282 -94.193003 -92.018622 -88.824940 -88.463303 -87.755825 -90.613882 -98.078799 -95.562750 -91.121368 -89.349469 -90.758487 -95.696179 -95.351782 -92.857067 
-67.841616 -71.468536 -75.286674 -69.458096 -66.797501 -69.082464 -77.090160 -76.439299 -69.246098 -71.759635 -78.773694 -74.277442 -75.130657 -76.176348 -78.070245 -75.456829 -76.138182 -77.682419 -73.782219 -75.844731 -76.445386 -77.232134 -82.738705 -83.351870 -87.472701 -86.472804 -86.969462 -85.733004 -84.387667 -84.027343 -83.450955 -87.415384 -95.077563 -90.146380 -87.805345 -87.319390 -87.349534 -89.325677 -91.236413 -90.291374 
-84.022757 -85.854851 -87.274951 -85.880467 -83.976014 -83.873266 -85.811787 -87.387797 -85.253172 -84.529554 -86.881946 -87.521944 -85.741184 -87.558053 -88.843613 -87.689716 -90.440052 -90.307565 -92.023392 -93.841646 -95.716188 -98.389849 -102.463072 -103.605897 -103.935108 -101.662796 -99.898960 -98.484982 -98.063855 -98.600639 -100.190042 -103.245924 -107.945227 -110.495081 -105.314872 -102.499935 -102.132130 -104.774237 -110.650280 -109.836141 
NaN NaN NaN NaN NaN NaN NaN NaN NaN NaN NaN NaN NaN NaN NaN NaN NaN NaN NaN NaN NaN NaN NaN NaN NaN NaN NaN NaN NaN NaN NaN NaN NaN NaN NaN NaN NaN NaN NaN NaN 
NaN NaN NaN NaN NaN NaN NaN NaN NaN NaN NaN NaN NaN NaN NaN NaN NaN NaN NaN NaN NaN NaN NaN NaN NaN NaN NaN NaN NaN NaN NaN NaN NaN NaN NaN NaN NaN NaN NaN NaN 
NaN NaN NaN NaN NaN NaN NaN NaN NaN NaN NaN NaN NaN NaN NaN NaN NaN NaN NaN NaN NaN NaN NaN NaN NaN NaN NaN NaN NaN NaN NaN NaN NaN NaN NaN NaN NaN NaN NaN NaN 
-87.494548 -90.982394 -92.461501 -88.395325 -86.432735 -88.254151 -92.211839 -89.173872 -86.693615 -90.181355 -90.877603 -87.180398 -90.628248 -89.790435 -88.418259 -91.754093 -88.563849 -92.097529 -89.451320 -92.240391 -91.110548 -91.750748 -93.448169 -93.130139 -93.820718 -94.886146 -95.681609 -96.042716 -96.367102 -96.610177 -96.653764 -96.595787 -96.563549 -96.186728 -96.080833 -96.048079 -96.085262 -96.144313 -96.461738 -96.637269 
-78.161442 -79.099497 -79.380520 -78.460883 -77.798966 -78.453815 -79.422022 -78.769592 -78.013972 -79.137222 -79.362561 -78.376048 -79.503998 -79.392857 -79.134697 -80.221347 -79.531626 -80.784982 -80.317786 -81.465005 -81.561376 -82.220563 -83.328408 -83.941855 -85.032127 -86.585076 -88.397842 -90.639853 -93.540320 -96.533063 -97.373774 -96.499257 -94.534688 -92.229188 -91.048717 -90.602576 -90.849015 -91.813347 -94.026015 -96.589890 
