-27.961396 -33.224559 -43.168376 -45.482658 -50.355071 -52.370529 -53.575152 -54.428997 -55.063899 -57.675833 -58.865092 -61.455946 -62.243514 -62.696438 -63.282254 -64.592719 -62.716301 -63.410277 -65.772666 -66.450276 -67.117991 -66.004069 -67.156940 -68.499978 -69.718676 -72.830257 -72.260332 -71.601111 -73.430297 -72.673807 -72.179804 -73.536116 -73.011327 -73.693254 -73.943056 -75.471062 -74.289086 -75.054676 -75.608604 -77.532467 
-11.875224 -13.998105 -17.997562 -18.070930 -14.275720 -9.848183 -8.433588 -9.401392 -12.519565 -11.065659 -14.366222 -15.430985 -19.155471 -19.034877 -19.060173 -14.451547 -11.302721 -12.632999 -13.527224 -15.810953 -20.019512 -28.198057 -32.992650 -36.197744 -38.472316 -39.572333 -39.545230 -40.634488 -44.056591 -41.524574 -40.014774 -36.244872 -32.582153 -39.493456 -46.881544 -46.354665 -46.829646 -45.079948 -42.193959 -42.322990 
-7.173276 -7.021064 -14.706209 -19.151415 -15.448268 -5.951918 -2.835062 -1.534213 -3.679183 -4.703853 -11.580003 -9.678329 -16.379609 -14.596257 -12.597995 -8.397243 -6.968910 -6.143204 -9.476484 -13.421937 -14.201555 -18.267417 -23.632900 -24.113094 -26.716194 -26.652700 -28.800773 -34.138539 -29.541269 -25.709941 -28.946431 -27.379062 -20.474506 -24.165952 -28.725290 -29.175752 -31.255948 -34.073655 -29.289791 -30.385800 
-9.671247 -8.207393 -9.517625 -16.214689 -16.266363 -8.468983 1.968347 5.888181 3.057266 -5.687272 -10.172876 -11.617264 -10.127516 -6.002312 -4.855602 -5.329155 -2.476961 -2.831400 -1.793398 -3.927931 -10.616735 -14.837447 -24.430156 -22.249063 -25.132431 -26.140575 -24.178019 -26.537064 -26.772002 -24.392925 -26.855343 -21.967648 -19.456911 -24.149331 -29.865451 -26.661233 -26.807587 -28.719700 -27.855208 -25.774034 
-5.161139 -7.839374 -17.322860 -21.016465 -17.720123 -14.941429 -9.112210 -2.300315 -1.163975 -5.542090 -14.072659 -15.679297 -10.868786 -8.625931 -6.415421 -8.090119 -10.044877 -9.797861 -6.327908 -5.224096 -10.371646 -14.697119 -18.428863 -24.276924 -21.681871 -17.298911 -20.801386 -22.973163 -27.207523 -27.747741 -24.415663 -18.209836 -17.367921 -23.478310 -23.135378 -21.514108 -24.294067 -22.063134 -25.550287 -26.047499 
-5.329675 -12.970515 -16.768704 -19.958505 -23.542080 -20.257464 -14.281351 -5.190592 -0.675111 -3.090033 -13.143731 -16.519334 -15.636615 -17.845148 -17.795331 -13.198052 -11.728935 -8.232657 -5.231607 -9.557729 -16.093233 -17.622845 -17.393438 -23.235388 -23.112916 -21.067444 -25.375538 -25.048339 -20.490715 -22.673666 -25.448353 -20.720380 -16.893385 -22.529185 -24.816525 -23.390646 -26.724626 -26.935615 -25.506209 -26.849007 
-8.162832 1.698392 5.794111 1.734578 -10.868953 -8.636727 -11.099682 -5.514012 -0.187967 -2.268555 -13.086587 -15.233071 -9.835877 -11.727187 -11.256028 -10.790011 -11.470865 -9.295447 -5.167443 -10.826027 -12.266705 -18.669592 -17.445163 -20.197641 -18.259568 -18.622498 -25.913622 -24.036198 -20.608269 -21.904723 -27.184588 -25.894991 -23.064348 -22.793804 -26.406279 -24.311498 -25.128525 -28.022718 -27.325813 -29.383407 
-3.875827 11.531378 18.167192 12.663874 -3.246504 2.831457 -3.047289 -6.170549 -2.673195 -3.542399 -9.451725 -6.478295 -6.647333 -11.334655 -12.985167 -11.738693 -7.003248 -12.146844 -11.463428 -17.018981 -20.601116 -21.378993 -23.855824 -23.763763 -17.502625 -17.185266 -18.264097 -20.041292 -16.914551 -22.607178 -27.638406 -25.022308 -21.721578 -26.369864 -26.004911 -23.056636 -22.222547 -27.580226 -27.505830 -29.357537 
-10.207726 11.880673 20.857731 13.838154 3.528258 9.215622 0.039884 6.048937 2.499986 8.171305 -2.195184 -5.328972 -6.955297 -7.825508 -10.065460 -9.053398 -8.023533 -8.092634 -18.027422 -20.787024 -23.672782 -22.486714 -21.379020 -17.522583 -17.098570 -19.285334 -18.903139 -17.427794 -14.794369 -21.116518 -24.334246 -18.205377 -18.824450 -28.298085 -25.423298 -16.390446 -20.987683 -27.158742 -28.562104 -27.689640 
-11.590885 10.522676 20.535975 14.307869 8.540686 12.685878 3.461308 10.322211 3.310123 12.267556 2.269295 1.632206 -0.472905 -1.903564 -7.058290 -5.931533 -7.859809 -12.314572 -14.200374 -21.768533 -28.629178 -26.139075 -23.499468 -19.169035 -15.356961 -16.622117 -24.021463 -22.809825 -16.882432 -22.036335 -29.004849 -19.406588 -17.357715 -30.418456 -27.542989 -19.139538 -22.352108 -26.983560 -32.375268 -35.388787 
-15.650159 9.880592 20.042840 13.719086 9.436105 14.425068 5.542003 13.883554 6.971918 16.448635 7.975851 7.297664 5.296621 4.533395 1.441314 -2.004114 -6.967414 -11.478342 -11.205641 -13.366521 -17.433856 -18.697940 -18.400542 -20.335433 -15.573184 -12.562769 -19.854107 -18.567421 -14.840821 -22.377572 -28.879757 -23.734685 -25.092874 -36.229091 -25.156379 -16.250731 -18.977723 -25.766055 -30.533167 -32.322224 
-12.321653 9.441695 19.630123 13.370272 9.459423 14.981634 5.851389 15.240155 8.970535 19.927838 11.850524 11.457895 7.097366 6.924492 7.539004 3.390174 -1.005392 -6.352421 -8.397383 -11.583159 -16.843630 -19.297290 -18.667250 -21.536126 -16.814580 -9.591217 -14.900361 -17.428172 -12.258704 -20.078963 -30.780065 -25.462525 -26.915234 -35.643754 -26.584636 -17.685715 -21.426817 -26.360542 -32.339954 -33.735007 
-13.486515 9.049200 19.087201 12.743709 10.054992 15.274029 6.445800 15.410439 10.356845 22.595159 13.696782 13.943744 8.236444 9.623849 11.291650 8.396461 1.656982 -4.684791 -9.143387 -13.906415 -15.418451 -17.787771 -16.416326 -19.519134 -14.346204 -9.533245 -11.848177 -11.366244 -10.080338 -18.927485 -26.322284 -20.857811 -27.145835 -40.413474 -32.284693 -23.122286 -28.270309 -31.646007 -34.134781 -33.647481 
-17.820573 8.471163 18.356088 11.690446 10.409323 14.966870 6.652006 14.643279 12.233739 23.995454 14.597721 14.201527 10.363989 10.785420 12.044324 8.532563 0.668371 -5.969547 -9.065920 -10.807857 -13.962101 -17.265635 -18.185408 -19.788402 -14.850329 -6.300868 -8.903615 -11.330403 -10.655851 -17.877536 -25.797151 -22.402781 -28.676341 -39.279789 -31.647832 -23.148283 -30.874898 -34.146601 -31.218714 -35.567753 
-14.751864 8.906370 17.750369 10.826123 11.388664 13.971882 6.340770 13.386488 14.270730 24.082854 15.050654 14.895910 12.306857 10.870276 11.809579 9.195141 -0.632810 -6.882662 -8.965673 -10.446757 -13.533084 -15.552765 -17.068074 -18.795980 -16.030945 -5.779745 -8.042653 -8.490692 -9.375621 -17.576537 -23.825178 -22.839957 -25.925025 -36.719798 -35.227133 -26.949776 -31.902872 -35.739491 -36.456456 -38.034734 
-13.923071 9.017875 17.149848 9.179192 11.272183 12.712028 7.197489 12.134097 16.184737 22.492898 14.224296 13.045950 11.785584 10.994416 10.459204 9.534801 -2.975659 -7.718078 -10.829181 -12.145048 -13.700616 -16.513395 -17.083563 -19.600838 -16.901701 -8.101172 -8.625211 -11.468082 -11.275172 -19.866208 -26.616737 -22.745100 -26.498601 -33.369446 -32.330026 -28.410947 -30.256668 -32.474150 -34.284575 -34.846209 
-12.024219 9.501507 16.691366 8.433832 11.550762 11.602029 7.482173 11.961501 17.374121 21.512120 14.245685 11.684544 11.138711 12.162853 11.025658 9.081722 -3.467849 -7.826643 -10.036482 -11.636418 -13.367427 -17.172450 -17.200466 -19.276391 -15.786118 -6.946779 -7.604487 -9.252136 -9.937894 -17.086289 -24.784138 -22.083921 -25.776383 -41.764872 -40.847431 -29.181204 -29.162404 -31.813829 -35.313181 -39.449408 
-11.627397 9.689768 16.251631 7.930000 11.917413 10.818301 8.495319 11.403979 18.368550 20.199262 14.791494 11.387201 11.716705 13.954512 11.918077 7.787399 -4.290883 -7.071146 -9.166959 -11.057092 -13.653878 -16.091395 -16.818522 -18.578061 -17.235956 -7.639836 -7.902110 -9.115230 -10.240409 -18.820184 -24.037873 -20.879245 -25.008914 -32.849959 -32.304631 -28.716762 -31.350198 -33.466246 -34.553508 -34.617895 
-12.017214 9.909374 15.667007 6.264176 11.856054 9.291882 9.009021 9.898787 18.722853 17.940107 15.385476 10.853573 11.696201 15.185834 11.773984 5.999362 -5.801181 -6.231211 -9.282927 -11.875547 -14.659027 -17.009339 -16.690550 -18.104465 -16.546386 -7.383347 -8.865161 -10.652941 -12.212079 -21.497761 -27.174212 -24.809336 -29.248078 -42.452607 -38.225506 -26.856583 -32.133489 -38.684776 -38.007699 -38.823438 
-7.524330 10.410207 15.436341 6.697764 12.281447 8.525192 9.412062 9.090286 18.713450 15.351616 15.569604 10.847214 11.233225 15.340640 11.910120 4.552828 -5.345131 -7.901484 -10.893970 -12.255694 -13.957054 -15.145340 -15.874349 -17.693237 -15.060520 -8.110144 -7.786581 -8.468302 -9.787812 -18.939907 -26.916591 -23.699688 -26.275725 -37.037172 -35.302249 -28.245881 -31.310178 -35.600513 -36.666841 -37.199572 
-4.944389 11.320818 15.507093 6.662302 12.683440 7.642048 10.298678 8.748839 17.400884 11.484996 15.492146 12.129247 12.199958 13.118209 11.865326 3.625410 -4.759502 -8.492169 -11.329803 -11.402867 -13.506268 -16.766817 -16.838980 -16.465748 -14.262567 -7.004151 -10.103800 -9.939268 -10.452986 -19.096298 -26.203400 -23.688637 -26.971793 -33.887331 -34.281376 -32.965473 -30.100540 -32.230494 -35.228206 -35.188970 
-5.117946 12.412270 16.015855 6.665598 12.759566 6.981454 10.945858 8.441848 15.676599 11.990494 14.862239 11.681035 12.535737 13.431558 11.741293 5.900830 -3.576205 -8.425841 -10.081714 -10.923856 -13.051539 -15.486936 -14.683751 -15.820603 -12.913636 -9.900474 -13.711778 -10.909181 -12.341373 -21.671960 -29.820016 -23.771596 -27.182915 -47.258920 -41.025845 -28.521064 -33.460765 -35.789410 -40.024701 -41.547085 
-2.667067 13.416937 16.453579 8.160157 12.385446 4.970739 10.855443 7.436808 14.537081 12.694954 11.784105 10.170572 12.732810 12.430076 11.122625 8.959631 -3.277950 -7.602191 -8.701310 -10.986058 -14.088106 -15.258115 -14.170090 -14.842700 -12.975449 -13.547808 -18.421546 -14.628109 -15.085171 -22.766533 -28.995636 -24.084187 -28.567677 -36.873329 -36.474242 -33.534448 -35.439137 -37.644822 -37.562877 -37.575519 
-2.271854 14.371118 16.536051 9.460460 11.869424 5.910194 10.401430 9.949525 12.917522 13.379379 8.982746 9.261297 11.436946 10.963803 12.575496 10.626651 -1.596422 -6.100282 -9.891210 -10.821839 -12.828435 -14.472465 -12.138424 -11.758978 -14.900040 -19.397729 -22.003834 -19.676750 -18.096921 -24.072611 -33.542752 -32.666112 -36.728599 -42.546495 -40.795275 -33.723045 -34.149387 -35.360688 -37.855186 -39.046976 
-0.392158 15.345989 16.468057 9.933709 11.780366 6.599029 9.561059 10.553129 11.970769 14.902060 10.522450 9.356314 10.688356 9.753119 12.616341 10.640273 1.707648 -5.650415 -8.888487 -10.812317 -11.550120 -10.553052 -8.424257 -12.462879 -19.670251 -22.639670 -23.908364 -22.758134 -19.824539 -25.397772 -32.701799 -29.552239 -35.546635 -46.728056 -44.772118 -37.245219 -38.265555 -38.889806 -44.271170 -42.332084 
-0.281570 15.484587 16.250051 10.152900 11.439143 6.752727 8.751559 11.246698 11.858708 16.137003 11.133668 9.493229 9.485630 9.459493 11.683195 10.594754 4.083223 -4.010731 -6.804370 -9.184014 -9.833481 -6.153490 -9.503015 -18.787897 -25.441532 -27.652503 -29.618540 -28.056047 -24.044519 -25.844005 -28.992156 -27.715397 -36.161607 -49.165890 -45.396206 -35.700279 -37.438000 -39.051613 -42.692121 -39.800911 
-0.227674 15.300528 15.858588 9.635962 10.836913 6.671117 8.188740 11.590489 12.377841 17.247411 11.653337 7.959720 7.402829 6.636626 9.083860 10.256384 4.374977 -2.222257 -4.407907 -4.301701 -2.728438 -4.606948 -13.916300 -21.487547 -29.330494 -31.717152 -33.962911 -30.810962 -25.010924 -24.324874 -30.072075 -30.244647 -37.270925 -49.914269 -49.398493 -34.045633 -31.770596 -35.777508 -43.146664 -43.282138 
-0.233278 15.090674 15.518990 8.971764 10.054651 6.873260 8.369865 11.735450 12.158904 17.912808 11.510835 6.835648 4.440003 5.220959 6.636275 9.444877 3.954673 -0.354130 -1.090442 -0.239651 -2.401669 -11.525925 -19.720573 -25.459362 -30.871075 -32.986313 -33.557396 -32.908500 -27.196080 -25.551334 -29.230799 -28.940316 -36.098217 -45.892948 -45.004146 -35.664282 -33.392695 -34.641533 -38.058919 -39.664068 
-0.509518 14.753367 15.199465 8.124845 9.494685 6.949070 8.175771 12.513508 12.961991 18.322069 10.672210 5.635274 3.959370 2.254685 4.439324 8.879803 5.666043 3.456762 3.154739 3.195341 -3.961998 -14.327187 -21.621069 -26.089956 -31.342170 -33.205477 -33.499296 -34.240922 -28.214944 -22.811477 -24.704104 -25.463044 -33.462299 -40.803507 -40.816303 -35.388642 -35.095773 -33.975636 -37.841716 -38.516215 
-0.736360 14.479293 14.796707 7.463669 8.944244 6.270705 8.668663 12.882071 13.676139 18.926467 9.484504 4.878719 2.713015 1.781690 2.360849 8.055898 6.628293 4.246233 3.673910 2.696973 -7.168496 -17.386949 -24.191530 -27.758811 -31.309805 -32.538338 -34.195348 -35.227097 -28.609857 -21.646182 -22.790428 -25.818303 -34.077627 -40.435711 -40.848998 -37.309730 -33.196758 -31.832482 -37.327824 -38.927910 
-1.268790 13.920264 14.611054 7.624224 9.148909 6.364543 8.783119 13.175561 14.247983 18.757874 9.068622 2.739253 1.556150 2.130036 3.111016 8.334379 7.453423 5.243352 5.482804 2.427312 -10.392486 -18.489517 -26.363509 -31.528923 -36.898973 -36.185810 -37.732416 -37.780016 -31.737547 -23.865747 -23.929316 -24.724370 -34.917953 -44.489131 -44.770914 -40.039068 -35.081427 -35.314611 -42.007925 -41.925074 
-1.187806 13.842346 14.696732 7.054818 8.751130 6.333164 9.595826 14.405979 15.965570 18.870071 7.640509 1.480537 0.372154 1.133262 1.407216 5.617317 4.352127 4.339110 3.436214 -3.123563 -15.435519 -22.441918 -28.414002 -32.453687 -37.177608 -39.294529 -40.852920 -39.735276 -34.269532 -26.568850 -25.982981 -27.969415 -39.568519 -47.641519 -48.279892 -36.228736 -32.053782 -36.118149 -40.067276 -41.751206 
-1.574992 14.193235 15.417292 6.150795 9.021247 5.395500 10.439270 13.831219 16.236010 16.631751 7.276409 -1.792643 -0.563572 -0.286614 1.685642 7.257889 8.729486 5.755470 5.280843 -0.679370 -11.728178 -21.770359 -28.364018 -32.928127 -37.598253 -39.300706 -40.500217 -42.010975 -37.447505 -28.812695 -28.703260 -31.126128 -39.308865 -46.045125 -47.511435 -37.373217 -32.809154 -34.295681 -39.176890 -39.845451 
-1.589039 13.957641 15.881891 6.849219 8.697253 6.137398 10.702270 13.809716 15.848196 13.291825 5.192167 -1.680991 -1.344530 -1.972794 0.102011 5.626877 8.506525 6.281634 4.950644 -0.549779 -12.648016 -22.550359 -28.629189 -31.929007 -34.085002 -35.059421 -36.501441 -36.947246 -36.531703 -31.644904 -30.740738 -30.577017 -37.550689 -41.041280 -41.198828 -35.819033 -32.657713 -35.984552 -39.149477 -40.592360 
-2.553162 13.514571 16.592756 6.516214 9.250093 6.357414 12.255422 11.861962 18.327149 9.594102 5.595600 -3.448654 -3.617654 -4.681249 -3.739510 1.784877 7.945611 6.373441 4.042819 -2.185032 -18.920410 -28.951053 -30.142558 -35.976720 -41.420140 -42.305815 -44.142885 -44.447138 -40.773961 -34.729210 -32.277079 -30.144020 -39.116942 -47.457113 -44.192456 -31.995455 -28.079770 -31.034636 -41.427673 -40.412573 
-2.906522 12.981605 16.554409 4.876290 8.876530 5.033826 11.067053 8.555905 16.277231 4.870398 2.264969 -4.790643 -5.666095 -7.102526 -7.763040 -3.469721 6.058119 4.055177 3.254439 -2.196486 -16.631192 -28.278770 -33.462246 -34.592077 -35.761219 -36.604440 -37.183959 -37.887818 -38.346338 -36.626724 -33.631164 -32.145633 -38.208271 -40.685324 -40.597452 -35.253875 -34.367552 -36.808402 -39.054732 -40.335572 
-5.366925 10.536844 15.713555 6.335544 8.675860 6.398470 8.780288 8.116844 12.218077 6.367730 -1.622804 -5.958180 -6.618857 -10.743485 -10.863374 -6.689996 0.519932 1.328877 -1.422897 -5.747134 -19.825621 -27.359714 -32.267829 -37.033163 -40.233102 -45.181967 -44.538485 -47.045970 -44.394554 -40.151995 -37.300237 -34.505459 -42.546268 -48.298550 -46.481906 -32.749149 -33.977209 -34.148010 -39.183771 -37.954282 
-10.719675 6.978588 14.280487 6.313618 7.598496 4.084574 5.465881 4.532294 6.362142 2.377612 -3.166735 -9.850756 -12.664344 -15.217345 -16.093696 -12.589958 -3.975160 0.207132 -5.271419 -9.481140 -20.679301 -27.649811 -29.750313 -31.547391 -32.648199 -33.393608 -34.174764 -34.805742 -35.395460 -34.374970 -35.120954 -36.170278 -37.019732 -37.763116 -37.756280 -29.473357 -30.475430 -34.732640 -36.121454 -36.013350 
-14.146811 7.032418 13.870915 4.912257 4.398770 1.954314 1.313577 2.058087 5.351220 0.307282 -8.877430 -11.998476 -16.097190 -19.398813 -17.566198 -20.198878 -9.254676 -6.145439 -8.075089 -13.453664 -18.733227 -30.435944 -35.319745 -36.882142 -36.709485 -37.857484 -38.830099 -38.803419 -39.463781 -37.698503 -35.921478 -33.084249 -39.640167 -42.335845 -41.974698 -36.690853 -31.646807 -34.622780 -34.830455 -38.405640 
-13.178478 7.072435 13.698767 4.937846 -0.743010 -2.598937 -4.639892 -5.187514 -2.122879 -6.578725 -19.328160 -13.206568 -8.755228 -20.147862 -22.324318 -22.124468 -8.974747 -5.088650 -6.997050 -11.960743 -12.173722 -27.053036 -32.079670 -35.767469 -37.509717 -38.571884 -38.824975 -39.451951 -40.352846 -38.617737 -35.156737 -31.149345 -38.102548 -42.780800 -41.725935 -33.484872 -30.451217 -32.154737 -36.218665 -39.596058 
-17.971349 5.271286 12.218218 2.620687 -17.497309 -15.263106 -11.893707 -11.672427 -9.463000 -17.376901 -17.541185 -16.758606 -13.320813 -19.453888 -23.019367 -22.591307 -16.158589 -10.972592 -7.572114 -11.018487 -9.662023 -21.820330 -32.664910 -38.351073 -43.165404 -46.136604 -44.642453 -47.462533 -47.534505 -39.680365 -38.615924 -36.103770 -41.516304 -52.865565 -46.730892 -37.402745 -35.055269 -35.535626 -40.222610 -45.413628 
-13.580530 4.477652 9.403778 0.612762 -10.730892 -16.620292 -12.160054 -16.610688 -8.766265 -10.972755 -17.363863 -19.361227 -14.489268 -18.231274 -23.928005 -25.865352 -18.989353 -10.745531 -6.726005 -9.189837 -12.152962 -19.015753 -30.355462 -38.481514 -45.505717 -45.009917 -45.549854 -46.647335 -47.192109 -39.511107 -37.877326 -36.683300 -43.902133 -52.697231 -48.221014 -43.300738 -38.054916 -39.430063 -44.552641 -44.776502 
-14.459813 -5.113673 -1.599478 -3.145999 -9.483553 -16.751817 -17.108713 -18.510778 -19.910455 -21.474011 -22.678142 -18.702702 -17.299263 -24.545091 -33.858052 -34.738966 -20.999880 -14.632083 -11.654707 -14.109764 -21.545054 -24.475813 -33.829128 -41.681142 -47.168648 -46.205579 -43.608951 -42.579716 -45.623990 -42.984544 -46.353756 -43.010720 -46.501798 -50.798199 -50.654953 -46.677841 -43.324686 -47.393643 -47.473395 -48.630142 
-54.404648 -48.151386 -44.359190 -52.942303 -64.035822 -57.896908 -57.935483 -58.760570 -55.225487 -55.752590 -61.578553 -61.193091 -62.710871 -61.772788 -61.913088 -61.895007 -62.689780 -61.275793 -56.318365 -57.566955 -59.433685 -61.742451 -66.806182 -67.506378 -68.915586 -70.588742 -72.234534 -73.443766 -77.206028 -76.632931 -76.628249 -76.089279 -76.840320 -78.494124 -78.118352 -77.352060 -79.112011 -81.845603 -80.716761 -80.121334 
-68.490538 -62.054506 -66.173918 -66.614877 -71.680905 -67.334702 -72.138430 -73.586586 -71.444719 -78.336622 -71.696553 -70.814349 -73.907887 -72.170115 -71.062105 -73.910885 -71.811442 -70.435792 -68.293877 -74.217087 -81.435372 -75.594381 -79.156389 -80.555941 -84.456248 -83.949151 -81.690285 -82.661731 -85.293610 -84.791151 -81.271321 -80.486689 -84.314069 -85.035338 -87.124291 -87.408711 -89.491468 -89.606809 -86.717498 -89.177909 
-83.713084 -80.048422 -79.685808 -82.482904 -86.088148 -84.329558 -82.974703 -82.374697 -82.351694 -85.939812 -83.967319 -81.829411 -85.388414 -85.459108 -83.451523 -85.940593 -85.237140 -85.538022 -87.221705 -87.906167 -89.835691 -89.860669 -92.827649 -94.696632 -97.911118 -102.230296 -102.853635 -101.531439 -99.414568 -97.734364 -96.021819 -95.357433 -96.427219 -97.930855 -101.045513 -107.029544 -109.011925 -103.458394 -100.562137 -101.810613 
NaN NaN NaN NaN NaN NaN NaN NaN NaN NaN NaN NaN NaN NaN NaN NaN NaN NaN NaN NaN NaN NaN NaN NaN NaN NaN NaN NaN NaN NaN NaN NaN NaN NaN NaN NaN NaN NaN NaN NaN 
NaN NaN NaN NaN NaN NaN NaN NaN NaN NaN NaN NaN NaN NaN NaN NaN NaN NaN NaN NaN NaN NaN NaN NaN NaN NaN NaN NaN NaN NaN NaN NaN NaN NaN NaN NaN NaN NaN NaN NaN 
NaN NaN NaN NaN NaN NaN NaN NaN NaN NaN NaN NaN NaN NaN NaN NaN NaN NaN NaN NaN NaN NaN NaN NaN NaN NaN NaN NaN NaN NaN NaN NaN NaN NaN NaN NaN NaN NaN NaN NaN 
NaN NaN NaN NaN NaN NaN NaN NaN NaN NaN NaN NaN NaN NaN NaN NaN NaN NaN NaN NaN NaN NaN NaN NaN NaN NaN NaN NaN NaN NaN NaN NaN NaN NaN NaN NaN NaN NaN NaN NaN 
NaN NaN NaN NaN NaN NaN NaN NaN NaN NaN NaN NaN NaN NaN NaN NaN NaN NaN NaN NaN NaN NaN NaN NaN NaN NaN NaN NaN NaN NaN NaN NaN NaN NaN NaN NaN NaN NaN NaN NaN 
NaN NaN NaN NaN NaN NaN NaN NaN NaN NaN NaN NaN NaN NaN NaN NaN NaN NaN NaN NaN NaN NaN NaN NaN NaN NaN NaN NaN NaN NaN NaN NaN NaN NaN NaN NaN NaN NaN NaN NaN 
NaN NaN NaN NaN NaN NaN NaN NaN NaN NaN NaN NaN NaN NaN NaN NaN NaN NaN NaN NaN NaN NaN NaN NaN NaN NaN NaN NaN NaN NaN NaN NaN NaN NaN NaN NaN NaN NaN NaN NaN 
NaN NaN NaN NaN NaN NaN NaN NaN NaN NaN NaN NaN NaN NaN NaN NaN NaN NaN NaN NaN NaN NaN NaN NaN NaN NaN NaN NaN NaN NaN NaN NaN NaN NaN NaN NaN NaN NaN NaN NaN 
NaN NaN NaN NaN NaN NaN NaN NaN NaN NaN NaN NaN NaN NaN NaN NaN NaN NaN NaN NaN NaN NaN NaN NaN NaN NaN NaN NaN NaN NaN NaN NaN NaN NaN NaN NaN NaN NaN NaN NaN 
NaN NaN NaN NaN NaN NaN NaN NaN NaN NaN NaN NaN NaN NaN NaN NaN NaN NaN NaN NaN NaN NaN NaN NaN NaN NaN NaN NaN NaN NaN NaN NaN NaN NaN NaN NaN NaN NaN NaN NaN 
NaN NaN NaN NaN NaN NaN NaN NaN NaN NaN NaN NaN NaN NaN NaN NaN NaN NaN NaN NaN NaN NaN NaN NaN NaN NaN NaN NaN NaN NaN NaN NaN NaN NaN NaN NaN NaN NaN NaN NaN 
NaN NaN NaN NaN NaN NaN NaN NaN NaN NaN NaN NaN NaN NaN NaN NaN NaN NaN NaN NaN NaN NaN NaN NaN NaN NaN NaN NaN NaN NaN NaN NaN NaN NaN NaN NaN NaN NaN NaN NaN 
NaN NaN NaN NaN NaN NaN NaN NaN NaN NaN NaN NaN NaN NaN NaN NaN NaN NaN NaN NaN NaN NaN NaN NaN NaN NaN NaN NaN NaN NaN NaN NaN NaN NaN NaN NaN NaN NaN NaN NaN 
NaN NaN NaN NaN NaN NaN NaN NaN NaN NaN NaN NaN NaN NaN NaN NaN NaN NaN NaN NaN NaN NaN NaN NaN NaN NaN NaN NaN NaN NaN NaN NaN NaN NaN NaN NaN NaN NaN NaN NaN 
NaN NaN NaN NaN NaN NaN NaN NaN NaN NaN NaN NaN NaN NaN NaN NaN NaN NaN NaN NaN NaN NaN NaN NaN NaN NaN NaN NaN NaN NaN NaN NaN NaN NaN NaN NaN NaN NaN NaN NaN 
NaN NaN NaN NaN NaN NaN NaN NaN NaN NaN NaN NaN NaN NaN NaN NaN NaN NaN NaN NaN NaN NaN NaN NaN NaN NaN NaN NaN NaN NaN NaN NaN NaN NaN NaN NaN NaN NaN NaN NaN 
NaN NaN NaN NaN NaN NaN NaN NaN NaN NaN NaN NaN NaN NaN NaN NaN NaN NaN NaN NaN NaN NaN NaN NaN NaN NaN NaN NaN NaN NaN NaN NaN NaN NaN NaN NaN NaN NaN NaN NaN 
NaN NaN NaN NaN NaN NaN NaN NaN NaN NaN NaN NaN NaN NaN NaN NaN NaN NaN NaN NaN NaN NaN NaN NaN NaN NaN NaN NaN NaN NaN NaN NaN NaN NaN NaN NaN NaN NaN NaN NaN 
