-11.152662 -6.742260 3.115684 7.397383 2.578233 -10.188699 -10.393834 -8.723029 -9.220108 -9.873392 -11.533614 -12.278181 -15.669853 -11.777276 -13.151486 -9.250582 -9.776438 -14.947237 -19.985625 -14.068799 -13.248500 -14.469731 -13.567498 -12.454399 -15.152816 -25.370176 -25.538049 -23.159877 -21.472458 -14.845817 -21.645312 -22.584776 -25.595243 -26.922708 -22.909380 -26.260292 -26.458760 -26.159089 -29.916507 -36.174948 
-14.112956 -10.291826 9.633811 17.727909 11.750370 -3.501477 5.770673 7.388005 -1.996945 7.532135 -0.565925 -1.354134 2.736134 0.434625 0.652684 -0.757250 -7.398931 -15.126880 -13.103194 -14.280324 -16.595982 -19.562372 -16.122838 -12.119523 -11.404406 -24.048862 -28.649881 -27.140221 -19.658905 -14.247720 -17.202792 -19.721776 -24.491654 -25.164435 -21.258547 -20.127644 -23.131434 -22.970638 -24.183362 -34.974377 
-17.549538 -16.047023 8.848256 18.521189 9.965258 -3.561843 14.483898 11.700759 -0.768939 15.003320 5.710352 10.682682 8.960957 9.530098 7.901272 7.042978 -1.980529 -9.578524 -10.956273 -13.173898 -14.312718 -16.306076 -15.518809 -11.246826 -16.057488 -24.980056 -26.292467 -28.418512 -24.350394 -19.538988 -22.320169 -26.951734 -32.317133 -22.660409 -18.414730 -19.328182 -26.239526 -25.190670 -24.285019 -37.497696 
-21.061861 -18.478569 7.005814 17.261348 9.185548 -0.846416 16.950361 14.454425 2.677373 20.025575 9.848855 14.325508 12.834329 11.799081 12.692504 9.241167 1.502663 -4.833039 -9.972748 -11.654994 -14.788919 -18.730039 -17.631293 -7.686218 -10.226998 -19.561100 -24.440780 -25.120979 -19.118182 -15.457300 -20.388701 -28.362305 -32.855331 -19.202238 -12.915940 -11.385577 -23.517631 -25.158643 -25.759215 -41.984920 
-16.909645 -18.299839 3.259894 15.618649 9.518967 -3.649339 15.544598 16.180748 0.268097 22.154972 16.683752 13.576575 16.768441 13.251075 18.403461 7.347489 5.155983 -2.287745 -6.789670 -7.390430 -13.724121 -19.111796 -20.014611 -9.796822 -9.074800 -17.547798 -20.956007 -22.817860 -15.716725 -12.834790 -17.399718 -27.003272 -33.353417 -20.032423 -16.280218 -16.272541 -25.727913 -26.428660 -29.191915 -39.844283 
-20.552745 -26.407823 -1.024791 13.728288 8.834710 -9.871350 12.508005 15.646751 -4.409991 22.541543 20.074122 10.311655 18.036983 12.054141 21.108183 4.027373 4.213949 -3.714729 -6.366441 -5.903400 -12.756793 -17.454496 -17.989080 -11.134144 -7.235508 -16.972491 -18.740740 -22.037142 -14.153937 -12.190136 -17.278818 -28.326115 -33.237391 -21.477016 -17.941688 -17.754772 -29.544116 -30.132069 -32.376236 -37.607852 
-12.564222 -12.121995 -3.041424 12.123538 6.669420 -9.506990 10.823509 13.821114 -4.835560 22.597175 19.987728 9.736803 18.163972 11.516355 21.446597 3.326125 2.199203 -5.716606 -8.385315 -6.603534 -13.045867 -16.918345 -17.132917 -12.154495 -7.241088 -16.787256 -19.006621 -22.241318 -13.583353 -11.657578 -17.404106 -30.098766 -36.620669 -24.324191 -19.956289 -18.629680 -29.802043 -29.820892 -32.895127 -45.143935 
-22.185632 -18.664961 -2.870834 10.860607 6.597068 -12.412500 9.549453 13.560852 -5.458481 21.646933 20.417080 8.643285 18.442933 10.192801 21.768824 4.644232 2.037667 -6.683515 -8.310456 -6.710137 -13.777072 -16.132605 -16.975158 -12.387669 -6.858926 -16.892111 -18.565958 -21.682499 -15.076789 -12.620540 -18.136668 -30.117609 -36.027863 -25.446502 -20.840935 -19.166249 -29.886457 -29.622125 -31.388378 -41.301586 
-25.461021 -24.809454 -6.023963 10.167924 6.341617 -14.672701 8.198935 13.907044 -4.917563 20.569133 21.390919 7.478812 19.029758 9.798713 22.213359 8.223127 3.105930 -6.677668 -6.103679 -7.075327 -13.429286 -15.922335 -15.806703 -11.049621 -6.994525 -14.882593 -16.783668 -19.831428 -14.433703 -11.433479 -16.354782 -24.892090 -28.500476 -22.367227 -18.604334 -17.566505 -26.688146 -27.078187 -28.833634 -31.208251 
-23.163263 -23.108575 -7.033595 9.613550 6.903550 -16.632218 6.439092 14.124060 -3.132438 18.666046 22.635569 4.593946 18.969111 9.472670 21.849532 11.722577 3.543999 -5.263133 -4.862821 -8.529842 -12.861402 -15.606281 -16.687529 -10.377999 -7.715447 -13.919943 -16.557148 -19.882532 -14.163964 -12.160894 -15.991200 -25.428415 -30.066945 -23.681939 -19.441119 -18.023726 -26.430982 -27.735608 -29.818912 -32.698846 
-38.567796 -24.163532 -8.015874 9.313594 7.233590 -14.971593 5.640264 14.153030 -2.001428 17.498905 23.077057 3.961380 18.934683 9.769841 21.385938 13.520937 3.713071 -4.658785 -3.810595 -9.097774 -11.953954 -14.470093 -16.178676 -9.807257 -8.783977 -12.653989 -16.139076 -19.354599 -13.213711 -12.614902 -16.179655 -24.593509 -28.663528 -23.222828 -19.114274 -17.937810 -27.430558 -27.622266 -28.436333 -31.658755 
-28.043088 -24.231228 -9.254655 9.182512 6.685365 -16.113776 5.911695 14.145940 -2.985024 17.608443 22.735787 3.604735 18.879721 9.530145 22.185486 14.146573 4.245740 -4.632301 -3.529601 -8.379220 -12.821755 -15.341713 -16.959792 -9.310660 -8.996763 -13.834205 -17.197770 -20.281686 -13.662261 -12.849234 -16.533746 -26.044827 -33.854615 -23.537614 -19.706671 -18.704019 -29.647925 -30.458680 -32.539946 -39.301414 
-21.220183 -31.976706 -7.662533 9.266454 6.010720 -17.057828 7.163868 13.522957 -5.344839 18.464067 21.329076 6.177109 19.147609 9.028584 23.352092 12.938586 4.511824 -5.660753 -4.862647 -6.236599 -12.453424 -15.600310 -16.340752 -10.015120 -8.304624 -14.888632 -17.521952 -20.269290 -14.597925 -11.755171 -16.254111 -26.793871 -36.290393 -24.494199 -19.193270 -18.428074 -29.339899 -32.022968 -34.232947 -43.444482 
-12.450699 -14.363217 -6.721662 9.560381 5.292784 -11.602418 7.911320 12.812184 -5.808468 19.541284 19.733193 7.878655 19.157793 10.091151 24.020457 10.380497 4.327800 -5.492517 -5.834837 -4.883015 -12.214697 -14.674541 -15.188112 -12.146440 -8.591036 -17.347506 -19.768874 -22.098305 -16.282960 -12.017121 -16.479646 -26.721817 -35.028514 -25.278355 -20.635182 -18.957548 -29.659814 -30.902540 -33.674513 -41.267040 
-17.342184 -21.402775 -3.744194 9.504752 5.097085 -12.553675 8.763911 12.014324 -7.526874 20.341110 18.415640 9.879521 19.168325 11.875344 24.009180 8.946997 5.372882 -4.239416 -6.372865 -4.110664 -11.933933 -14.804914 -15.014227 -11.597122 -8.783117 -18.600349 -21.292459 -22.470405 -15.203347 -12.285957 -17.369563 -27.747582 -36.388112 -25.787752 -21.673905 -19.696389 -30.752890 -29.832652 -32.439188 -41.667795 
-12.064100 -12.143576 -1.083787 9.881084 4.788838 -8.739654 9.915962 10.719460 -2.397068 21.235977 15.743715 13.848659 18.807830 15.125060 23.215989 8.782412 7.203382 -1.860070 -5.856458 -3.969215 -10.878178 -14.255143 -13.744074 -9.767066 -8.506494 -18.316065 -23.797011 -24.381011 -14.171373 -11.769059 -16.443326 -27.736945 -38.812734 -26.696485 -21.850193 -19.586769 -30.946835 -32.071004 -33.715279 -47.032553 
-17.573244 -21.990406 -0.176205 10.667684 3.867206 -6.828050 11.605276 9.713629 2.626957 21.861361 12.523758 17.871564 17.880691 17.501813 20.648217 12.108470 7.543171 -0.635106 -4.026407 -4.627233 -8.523661 -12.189563 -13.439399 -7.978574 -10.263428 -16.763854 -19.963411 -21.157658 -14.296958 -11.522247 -14.912768 -22.995908 -26.074599 -23.034717 -20.320320 -18.259645 -25.972125 -27.046467 -27.668396 -28.647344 
-24.243051 -27.081679 1.212197 11.472302 2.936956 -4.111079 13.318395 9.005722 7.736344 22.035035 10.102018 21.255821 16.684213 18.627785 15.968061 15.790961 6.374387 -0.895247 -4.140041 -6.777360 -8.806934 -12.377492 -12.711189 -6.731966 -12.996009 -19.349614 -22.573705 -23.819223 -15.737627 -11.515303 -15.839314 -24.394997 -28.597928 -25.356088 -22.985505 -21.463291 -29.427407 -28.891075 -29.514787 -31.472588 
-20.165899 -13.533786 3.379501 11.613219 1.214209 0.322842 14.216736 7.298619 12.151373 20.484900 10.207480 23.470610 14.169392 18.015816 13.874336 18.986769 5.743518 -1.716566 -2.839448 -4.718944 -8.153562 -10.047269 -8.311462 -6.885335 -14.522233 -20.686189 -25.469825 -24.995413 -14.990765 -10.803046 -14.059425 -25.394743 -37.290469 -25.319929 -22.425399 -21.409175 -33.261208 -32.073725 -32.365640 -45.252348 
-23.033890 -13.450299 5.751410 10.977769 -1.555695 5.846731 13.921964 4.550299 15.425023 16.065841 16.009170 23.232692 10.569879 13.250810 17.437768 18.865917 9.093029 0.901844 -0.938181 -2.330903 -6.264609 -7.611556 -5.722499 -9.485401 -15.486849 -21.561125 -26.881123 -26.609938 -16.883815 -11.138376 -14.362035 -25.382436 -34.586270 -26.218908 -22.962035 -20.463948 -32.402669 -30.968468 -33.185500 -40.210391 
-16.698449 -11.134313 7.216151 10.334359 -3.585122 8.826605 12.289456 0.512821 16.432252 9.793425 21.293275 19.467331 10.738286 8.515544 19.564990 14.878004 13.549885 2.983839 -1.645986 -3.621871 -5.579265 -5.783736 -5.356665 -12.111624 -17.106139 -23.054127 -27.630000 -26.336726 -18.604665 -12.585935 -15.193098 -24.169957 -32.316227 -28.543918 -24.563062 -22.430169 -33.476970 -32.966920 -33.140091 -37.628889 
-23.850746 -6.777743 9.155155 9.286217 -3.484863 11.492065 10.189541 5.472374 15.000311 10.806866 23.381229 16.545782 15.000277 12.493732 18.091996 19.168012 14.894386 3.519812 0.324521 -0.946163 -1.813587 -0.771643 -6.162679 -12.490514 -16.775814 -22.840313 -31.082036 -30.338712 -19.455218 -13.363443 -15.230318 -25.329447 -35.437353 -31.659569 -25.964640 -23.613323 -34.249811 -34.991543 -35.678363 -41.240156 
-18.434360 -2.204801 10.314849 7.383986 2.139009 12.930341 6.848637 10.410032 10.636687 17.619054 21.196898 17.519650 15.685363 14.379191 14.966108 19.082797 13.917105 4.886953 1.205807 0.206044 0.375566 -1.348155 -10.007701 -15.633411 -18.933861 -23.612918 -30.045601 -34.144337 -23.370533 -14.696897 -13.339077 -22.587285 -34.217613 -30.525443 -27.216591 -24.329154 -34.603363 -34.753897 -37.112903 -45.408943 
-20.254659 1.096064 10.859429 5.570483 7.180270 12.286934 4.729845 12.109175 7.598188 20.256766 17.704177 20.647859 13.239502 10.753616 13.946763 16.941675 15.182331 6.797922 1.778857 1.908222 2.507753 -1.693409 -12.154750 -16.239212 -19.175209 -22.711373 -25.759573 -27.451313 -23.105943 -15.830454 -13.003686 -20.711321 -29.672350 -28.769311 -27.364914 -23.823944 -31.485056 -30.189374 -30.756183 -33.524028 
-14.283222 3.987877 10.645213 3.780002 10.279655 9.434010 7.665129 10.535660 12.427570 15.819166 19.690417 17.645585 11.033431 10.471680 12.122490 15.813638 15.956517 7.087062 4.172570 3.974166 3.711743 -4.449609 -13.753598 -17.480827 -19.304935 -23.892841 -26.862512 -29.273902 -26.845078 -18.879948 -15.283660 -23.012877 -31.869112 -30.165384 -29.930628 -27.612379 -32.772456 -30.884676 -29.034605 -34.564364 
-14.615777 5.601155 10.379715 3.263293 11.669344 6.618373 9.808510 7.711783 12.844889 14.738753 20.987594 15.145906 11.493824 10.506263 10.709842 13.806769 15.207404 10.893043 6.158385 5.392910 3.849467 -7.218343 -17.345011 -18.231330 -20.970288 -25.879875 -33.114152 -38.777531 -28.769768 -19.209581 -14.986182 -24.423177 -36.697176 -35.560428 -33.137766 -29.143655 -36.703533 -35.796321 -36.042880 -45.655126 
-9.158154 6.940384 10.070762 5.550161 12.005669 4.952509 9.645537 5.823588 10.560438 17.189091 17.766884 16.763546 9.710909 7.770839 9.189590 12.996683 16.147757 11.671263 5.804694 6.373420 3.996791 -9.535932 -19.791619 -19.474869 -22.235447 -25.943825 -30.682018 -33.684441 -29.075909 -20.749464 -14.464013 -21.637555 -35.716652 -35.092865 -33.407524 -30.245233 -34.859018 -32.654584 -32.820696 -39.479350 
-11.451086 6.206901 9.602065 9.230110 10.439138 5.693300 8.705386 7.537819 10.928472 18.513780 16.198853 15.146711 7.264618 7.034772 7.628026 10.447501 14.045336 11.153563 7.769841 7.748214 2.156589 -11.346523 -19.368723 -21.379276 -24.631550 -26.496592 -29.250916 -32.400442 -29.911109 -22.441087 -15.610403 -20.206720 -34.010436 -34.025084 -32.385128 -32.696451 -38.029996 -35.542228 -32.864278 -39.215295 
-23.781341 -1.175693 6.390223 9.309679 7.216638 3.404960 7.912918 2.095875 9.052773 15.057051 12.240263 12.107091 3.523906 4.114250 0.536712 3.961037 9.823724 7.386242 2.919121 3.977612 -2.703234 -16.241125 -27.456735 -30.354522 -32.680601 -35.236304 -36.026636 -38.166533 -39.093435 -29.633982 -18.816734 -23.695908 -39.664815 -39.579707 -38.765762 -36.533590 -41.663735 -40.680643 -37.792208 -45.810599 
-3.360030 7.307688 6.115516 9.614448 8.319386 6.127078 6.729110 8.613564 11.927595 14.405806 16.901500 11.795325 5.809201 5.112512 5.018284 6.070586 9.989352 9.328319 6.042651 5.668813 -3.404191 -16.581456 -25.471436 -28.917549 -32.343398 -37.978083 -42.028449 -41.478319 -40.094470 -33.368750 -25.052417 -26.454235 -39.206918 -41.971354 -39.925142 -37.664243 -43.671998 -41.710825 -39.453475 -46.110034 
-6.541401 8.126066 5.809240 9.224734 7.943512 7.100877 6.381285 7.504449 12.494930 14.113704 16.606005 9.413232 5.270539 4.362231 3.451352 5.432633 9.576505 10.802682 9.135153 8.205847 -1.316048 -15.586279 -23.913605 -26.153184 -28.431430 -32.935738 -35.795302 -36.727267 -36.069480 -28.748534 -19.718997 -22.312904 -36.105122 -38.916106 -37.005610 -35.033965 -41.300659 -38.682808 -37.372272 -42.597241 
-5.999156 7.718294 4.700153 9.131654 7.851178 7.548004 6.084107 7.082620 12.607208 13.794123 15.486753 6.060562 3.906603 3.618617 2.005453 3.841462 7.536968 10.559425 9.823958 7.870400 -2.849203 -17.530330 -24.954498 -28.041102 -30.066978 -31.157053 -32.109512 -32.636573 -32.829311 -28.952509 -19.533539 -20.841985 -33.450275 -35.342691 -35.052989 -33.849699 -36.283403 -36.271675 -33.890085 -37.235927 
-4.775982 7.225411 5.584721 9.135620 7.231052 7.115352 5.337028 7.067587 12.707084 13.603688 14.530120 3.968273 2.298086 2.450382 1.100325 1.969834 5.086538 9.776252 9.294425 5.882737 -4.339781 -17.998784 -25.071539 -29.331799 -33.656411 -40.567362 -41.683448 -40.853770 -39.105691 -32.432028 -21.569049 -22.617503 -38.960071 -45.178448 -42.149088 -38.705024 -43.488052 -38.185095 -35.470276 -47.276417 
-3.076057 7.575690 5.880095 8.616453 6.367283 6.160118 4.569749 6.823039 12.072786 13.280715 12.486604 4.313012 1.494353 1.099523 -0.508694 0.747132 2.943012 8.286293 8.343556 5.650784 -4.760256 -19.245555 -25.906078 -29.093567 -31.580071 -34.401372 -35.396315 -36.029786 -36.005259 -33.109178 -24.333007 -24.507413 -37.520682 -39.891961 -40.328634 -38.864250 -41.258794 -38.200147 -36.217533 -41.918313 
-5.298299 6.923339 5.636587 8.439289 6.071328 5.740499 4.650287 6.783999 11.462710 12.804597 10.907062 3.500360 0.606805 0.143816 -0.597099 -0.136801 1.350679 7.539328 9.321423 5.794814 -5.430227 -18.667283 -29.651087 -34.669465 -37.512057 -41.699202 -44.060193 -40.688183 -41.195693 -36.315109 -25.157176 -25.979532 -41.899462 -42.539001 -44.201732 -43.439823 -45.002717 -42.239970 -40.052611 -48.617559 
-4.237602 6.669302 5.322552 8.064940 4.935358 4.932604 4.283080 5.723212 8.975270 12.053055 7.003645 3.607536 -0.181231 -1.747824 -2.564869 -3.812602 -3.036063 4.312717 8.568333 4.941121 -4.807845 -20.860905 -29.766511 -33.098211 -36.599265 -38.005432 -39.380901 -40.987306 -40.711516 -34.267669 -25.206155 -27.071575 -41.413077 -43.182983 -43.392727 -43.845140 -46.521575 -44.082620 -38.698020 -46.513364 
-3.459763 6.629402 5.385694 7.217244 4.342435 2.952031 1.622386 3.492229 5.903006 8.346027 3.357711 -1.027616 -4.407476 -6.611652 -7.912812 -9.453530 -8.201355 0.276383 5.020106 1.527627 -7.470486 -22.030944 -30.637231 -38.030422 -39.086028 -40.914751 -39.768747 -43.106280 -44.273746 -38.048073 -30.545477 -31.829926 -42.385693 -45.446923 -46.364911 -44.682966 -47.037082 -42.398091 -36.050303 -46.846383 
-8.334150 4.942495 3.776731 3.796791 2.011023 -1.743319 -2.750346 -0.652037 1.321572 3.937881 -0.834543 -9.110818 -9.235769 -10.508826 -11.012826 -11.679060 -10.929010 -5.564778 -2.365894 -4.098228 -9.978964 -22.997609 -36.346666 -38.765886 -39.544657 -40.512712 -41.768860 -42.785787 -43.667682 -41.122570 -32.083684 -33.602777 -43.447372 -45.849604 -45.262562 -44.390296 -45.569086 -40.914445 -35.158818 -44.865237 
-3.951611 1.618120 -5.578556 -2.959555 0.234222 -5.376576 -8.061767 -7.417156 -5.321187 -4.614769 -8.408145 -13.738264 -19.286024 -21.798631 -20.808151 -21.549641 -22.247972 -14.270965 -7.834333 -4.386875 -11.995164 -23.317587 -37.597314 -40.482740 -41.997110 -43.654777 -43.588336 -44.312908 -45.557142 -43.080673 -32.567831 -31.390871 -44.677258 -46.362848 -45.738770 -45.785834 -45.855953 -43.343752 -38.794924 -45.127955 
-2.108981 4.544809 2.806026 1.481924 -3.985698 -6.431732 -7.961924 -11.288522 -11.486623 -10.674549 -13.323176 -21.289188 -25.488464 -21.922072 -27.359346 -27.939339 -29.700230 -22.593947 -12.283180 -6.892553 -10.602094 -18.976196 -28.321650 -41.333836 -44.637290 -48.450865 -45.240361 -50.043395 -49.807790 -43.003928 -34.697082 -33.523501 -47.097671 -48.930476 -47.410513 -45.859528 -45.856963 -45.954910 -37.412874 -48.168814 
-3.082181 0.315710 -0.398074 -5.856826 -10.050611 -8.467329 -11.344838 -19.734663 -16.138309 -13.089448 -18.373243 -31.696293 -35.774063 -28.210552 -30.130421 -33.146377 -33.567287 -36.283842 -25.043285 -11.719084 -10.053010 -18.330228 -31.983429 -44.369187 -42.776958 -49.169004 -50.004281 -49.068633 -49.769584 -45.766768 -40.787553 -46.482008 -48.601955 -50.117579 -52.065531 -54.182034 -52.786103 -53.690888 -45.640384 -54.189168 
-36.106093 -33.294238 -33.375884 -35.998337 -36.264293 -35.717272 -36.659839 -37.213730 -37.440027 -38.957761 -39.580320 -41.360775 -42.647073 -44.524698 -46.264331 -47.697615 -48.389955 -48.666057 -49.035223 -49.797911 -52.115373 -55.415298 -61.900123 -70.104626 -63.917056 -62.160956 -62.472318 -61.445184 -59.688989 -59.636027 -61.433396 -62.597528 -62.932714 -64.953316 -65.324081 -65.066664 -66.175647 -65.421355 -64.822897 -64.383942 
-54.101480 -51.409139 -54.316391 -61.665027 -60.328574 -64.187849 -69.951126 -70.374771 -71.800786 -75.157275 -69.092685 -68.360833 -70.305846 -78.748016 -77.572272 -78.974038 -79.654312 -78.606076 -73.113741 -69.096197 -72.050197 -71.877007 -78.688885 -76.539710 -77.980966 -82.655133 -80.851593 -80.056351 -84.436681 -84.289434 -82.367275 -85.536703 -82.921126 -85.424049 -81.570756 -83.696428 -86.546256 -86.796030 -88.344391 -91.322179 
-92.681744 -89.342432 -90.714561 -97.333356 -91.727117 -88.021850 -90.852385 -97.026519 -90.660881 -92.375437 -98.186673 -96.893540 -93.356577 -95.446992 -95.319819 -94.866463 -94.844695 -95.519568 -91.863850 -92.169364 -94.515867 -94.692721 -96.544430 -95.319444 -96.038496 -95.691305 -95.673377 -96.223540 -96.404926 -96.632404 -96.508848 -96.906421 -97.015199 -97.480725 -97.599507 -98.205259 -98.706372 -99.191106 -100.406328 -103.206263 
NaN NaN NaN NaN NaN NaN NaN NaN NaN NaN NaN NaN NaN NaN NaN NaN NaN NaN NaN NaN NaN NaN NaN NaN NaN NaN NaN NaN NaN NaN NaN NaN NaN NaN NaN NaN NaN NaN NaN NaN 
NaN NaN NaN NaN NaN NaN NaN NaN NaN NaN NaN NaN NaN NaN NaN NaN NaN NaN NaN NaN NaN NaN NaN NaN NaN NaN NaN NaN NaN NaN NaN NaN NaN NaN NaN NaN NaN NaN NaN NaN 
NaN NaN NaN NaN NaN NaN NaN NaN NaN NaN NaN NaN NaN NaN NaN NaN NaN NaN NaN NaN NaN NaN NaN NaN NaN NaN NaN NaN NaN NaN NaN NaN NaN NaN NaN NaN NaN NaN NaN NaN 
NaN NaN NaN NaN NaN NaN NaN NaN NaN NaN NaN NaN NaN NaN NaN NaN NaN NaN NaN NaN NaN NaN NaN NaN NaN NaN NaN NaN NaN NaN NaN NaN NaN NaN NaN NaN NaN NaN NaN NaN 
NaN NaN NaN NaN NaN NaN NaN NaN NaN NaN NaN NaN NaN NaN NaN NaN NaN NaN NaN NaN NaN NaN NaN NaN NaN NaN NaN NaN NaN NaN NaN NaN NaN NaN NaN NaN NaN NaN NaN NaN 
NaN NaN NaN NaN NaN NaN NaN NaN NaN NaN NaN NaN NaN NaN NaN NaN NaN NaN NaN NaN NaN NaN NaN NaN NaN NaN NaN NaN NaN NaN NaN NaN NaN NaN NaN NaN NaN NaN NaN NaN 
NaN NaN NaN NaN NaN NaN NaN NaN NaN NaN NaN NaN NaN NaN NaN NaN NaN NaN NaN NaN NaN NaN NaN NaN NaN NaN NaN NaN NaN NaN NaN NaN NaN NaN NaN NaN NaN NaN NaN NaN 
NaN NaN NaN NaN NaN NaN NaN NaN NaN NaN NaN NaN NaN NaN NaN NaN NaN NaN NaN NaN NaN NaN NaN NaN NaN NaN NaN NaN NaN NaN NaN NaN NaN NaN NaN NaN NaN NaN NaN NaN 
NaN NaN NaN NaN NaN NaN NaN NaN NaN NaN NaN NaN NaN NaN NaN NaN NaN NaN NaN NaN NaN NaN NaN NaN NaN NaN NaN NaN NaN NaN NaN NaN NaN NaN NaN NaN NaN NaN NaN NaN 
NaN NaN NaN NaN NaN NaN NaN NaN NaN NaN NaN NaN NaN NaN NaN NaN NaN NaN NaN NaN NaN NaN NaN NaN NaN NaN NaN NaN NaN NaN NaN NaN NaN NaN NaN NaN NaN NaN NaN NaN 
