NaN NaN NaN NaN NaN NaN NaN NaN NaN NaN NaN NaN NaN NaN NaN NaN NaN NaN NaN NaN NaN NaN NaN NaN NaN NaN NaN NaN NaN NaN NaN NaN NaN NaN NaN NaN NaN NaN NaN NaN 
NaN NaN NaN NaN NaN NaN NaN NaN NaN NaN NaN NaN NaN NaN NaN NaN NaN NaN NaN NaN NaN NaN NaN NaN NaN NaN NaN NaN NaN NaN NaN NaN NaN NaN NaN NaN NaN NaN NaN NaN 
NaN NaN NaN NaN NaN NaN NaN NaN NaN NaN NaN NaN NaN NaN NaN NaN NaN NaN NaN NaN NaN NaN NaN NaN NaN NaN NaN NaN NaN NaN NaN NaN NaN NaN NaN NaN NaN NaN NaN NaN 
NaN NaN NaN NaN NaN NaN NaN NaN NaN NaN NaN NaN NaN NaN NaN NaN NaN NaN NaN NaN NaN NaN NaN NaN NaN NaN NaN NaN NaN NaN NaN NaN NaN NaN NaN NaN NaN NaN NaN NaN 
NaN NaN NaN NaN NaN NaN NaN NaN NaN NaN NaN NaN NaN NaN NaN NaN NaN NaN NaN NaN NaN NaN NaN NaN NaN NaN NaN NaN NaN NaN NaN NaN NaN NaN NaN NaN NaN NaN NaN NaN 
NaN NaN NaN NaN NaN NaN NaN NaN NaN NaN NaN NaN NaN NaN NaN NaN NaN NaN NaN NaN NaN NaN NaN NaN NaN NaN NaN NaN NaN NaN NaN NaN NaN NaN NaN NaN NaN NaN NaN NaN 
NaN NaN NaN NaN NaN NaN NaN NaN NaN NaN NaN NaN NaN NaN NaN NaN NaN NaN NaN NaN NaN NaN NaN NaN NaN NaN NaN NaN NaN NaN NaN NaN NaN NaN NaN NaN NaN NaN NaN NaN 
NaN NaN NaN NaN NaN NaN NaN NaN NaN NaN NaN NaN NaN NaN NaN NaN NaN NaN NaN NaN NaN NaN NaN NaN NaN NaN NaN NaN NaN NaN NaN NaN NaN NaN NaN NaN NaN NaN NaN NaN 
NaN NaN NaN NaN NaN NaN NaN NaN NaN NaN NaN NaN NaN NaN NaN NaN NaN NaN NaN NaN NaN NaN NaN NaN NaN NaN NaN NaN NaN NaN NaN NaN NaN NaN NaN NaN NaN NaN NaN NaN 
NaN NaN NaN NaN NaN NaN NaN NaN NaN NaN NaN NaN NaN NaN NaN NaN NaN NaN NaN NaN NaN NaN NaN NaN NaN NaN NaN NaN NaN NaN NaN NaN NaN NaN NaN NaN NaN NaN NaN NaN 
NaN NaN NaN NaN NaN NaN NaN NaN NaN NaN NaN NaN NaN NaN NaN NaN NaN NaN NaN NaN NaN NaN NaN NaN NaN NaN NaN NaN NaN NaN NaN NaN NaN NaN NaN NaN NaN NaN NaN NaN 
NaN NaN NaN NaN NaN NaN NaN NaN NaN NaN NaN NaN NaN NaN NaN NaN NaN NaN NaN NaN NaN NaN NaN NaN NaN NaN NaN NaN NaN NaN NaN NaN NaN NaN NaN NaN NaN NaN NaN NaN 
NaN NaN NaN NaN NaN NaN NaN NaN NaN NaN NaN NaN NaN NaN NaN NaN NaN NaN NaN NaN NaN NaN NaN NaN NaN NaN NaN NaN NaN NaN NaN NaN NaN NaN NaN NaN NaN NaN NaN NaN 
-37.109773 -40.526308 -44.286384 -42.347746 -39.309882 -37.720941 -36.709890 -36.429598 -38.221575 -43.024073 -51.428499 -46.848066 -47.827946 -55.097491 -60.344984 -51.197152 -48.592425 -45.989480 -51.138470 -42.061514 -41.672993 -53.373384 -56.412131 -47.760121 -46.445873 -51.788133 -48.148437 -47.168896 -51.684876 -53.155671 -52.257689 -54.865185 -54.750034 -54.135808 -56.559914 -56.653990 -54.516810 -56.809866 -59.875013 -60.098205 
-32.698014 -25.795000 -26.310771 -29.596101 -28.935980 -29.496217 -24.565155 -20.232671 -25.701770 -30.565162 -38.195519 -32.869366 -37.229430 -39.306244 -37.288874 -33.761767 -34.877354 -33.391248 -29.904053 -22.409573 -22.173019 -31.954818 -35.826492 -37.561033 -36.625224 -42.347798 -36.331094 -34.279188 -35.372722 -30.771216 -33.460560 -32.578620 -32.997261 -35.949478 -31.378691 -31.864094 -35.242805 -33.586754 -35.613205 -38.772690 
-26.101297 -22.264513 -20.592840 -25.453317 -29.611689 -33.898372 -35.081781 -25.536778 -23.843267 -23.574851 -25.282922 -29.558222 -27.723918 -30.568694 -37.425427 -31.911139 -32.766572 -32.288798 -34.522214 -23.666879 -17.229633 -22.150417 -23.826892 -30.911545 -32.568434 -32.286844 -24.471111 -26.308130 -24.395734 -22.149902 -24.257660 -25.605964 -21.169906 -20.653787 -17.095210 -17.462995 -17.374670 -22.795097 -23.241967 -27.636437 
-20.827579 -33.361304 -31.159145 -28.752709 -28.628807 -30.982117 -27.986626 -22.592676 -23.912563 -23.121936 -25.217992 -23.265287 -24.263825 -29.051911 -28.531017 -22.495684 -28.463727 -27.791015 -35.084611 -23.227258 -13.055106 -17.092467 -23.898231 -21.315832 -24.995528 -22.921091 -19.224429 -23.252093 -21.202132 -14.814941 -17.228889 -22.472560 -14.903816 -11.980663 -8.440890 -7.028233 -8.979414 -13.517650 -16.681718 -20.168987 
-16.521947 -24.765337 -30.729497 -33.907492 -30.135378 -27.455886 -18.928349 -17.927546 -18.030289 -23.384627 -24.228778 -21.646617 -27.511346 -24.511488 -19.406605 -21.056686 -22.096799 -23.875897 -24.777122 -21.209869 -14.785470 -18.421173 -24.880839 -22.249974 -24.331117 -20.521267 -19.106494 -23.245425 -16.271520 -9.222687 -14.473122 -16.839984 -10.649646 -8.820264 -3.793343 -1.519799 -3.048660 -6.966405 -9.345946 -12.349043 
-14.873706 -24.733421 -31.787976 -30.269515 -33.811906 -29.562560 -22.387105 -26.687707 -25.755398 -24.076516 -24.543599 -26.874749 -22.771704 -20.569002 -19.268701 -18.501955 -25.278985 -27.163654 -23.507077 -21.231683 -13.523949 -18.186695 -21.883490 -20.734730 -22.738297 -20.206910 -14.029008 -17.549113 -20.867126 -15.108575 -14.954176 -11.906982 -9.897470 -10.798305 -7.448031 -0.076192 -0.230381 -0.070146 -6.939723 -9.426936 
-23.047039 -29.250154 -27.429699 -31.933693 -34.126934 -35.433712 -33.397551 -25.104701 -27.075431 -28.657144 -33.017768 -31.309912 -29.289126 -29.068219 -26.511875 -20.516099 -25.958363 -24.513003 -22.776376 -22.783295 -19.774397 -24.912357 -25.631834 -26.489803 -25.050007 -22.133724 -21.911330 -22.775322 -24.745384 -20.089989 -18.688135 -16.674020 -14.578847 -15.228780 -6.641371 -2.471084 -1.879114 -1.060528 -3.507178 -7.384451 
-24.841534 -23.055570 -24.151204 -30.815702 -32.947407 -38.649974 -40.098202 -34.652509 -30.816428 -26.228371 -29.546321 -30.321663 -30.148848 -30.903024 -30.151368 -22.566821 -22.838598 -23.653736 -30.334965 -23.267695 -19.933169 -21.327155 -20.858890 -27.007789 -28.981124 -25.681248 -19.506666 -21.983127 -20.576395 -17.419780 -18.455370 -19.536444 -12.797440 -11.175733 -4.424252 -0.190372 1.929868 -2.117857 -0.631358 -4.841541 
-21.685028 -22.429046 -23.764805 -35.787150 -36.267003 -29.103837 -29.762598 -29.165609 -29.833459 -29.680290 -27.271466 -26.237494 -31.523081 -31.725252 -29.096609 -21.617208 -26.031586 -24.133671 -30.459814 -26.125945 -21.821883 -23.260755 -27.232498 -21.422139 -26.373533 -22.922722 -20.718338 -24.236708 -22.145822 -15.085325 -17.687204 -21.787711 -14.414021 -9.830887 -5.096240 -0.742041 -0.178892 -3.672478 -4.788383 -6.649142 
-22.505752 -26.177619 -27.021593 -38.548032 -32.462566 -31.776218 -26.367264 -24.495682 -26.520874 -34.614919 -32.083464 -33.612976 -32.833797 -27.339016 -23.700506 -23.195098 -24.574992 -23.773414 -23.073436 -22.356272 -21.379114 -23.912581 -27.846595 -23.661724 -27.616835 -24.598768 -21.795024 -24.083818 -20.224862 -15.842026 -19.149247 -20.437547 -14.861813 -11.519595 -5.571777 -1.496896 0.028950 -2.062270 -4.931109 -5.444609 
-25.341888 -28.364473 -30.158366 -35.829929 -36.309207 -42.583027 -35.161135 -29.790033 -31.259703 -32.588453 -32.100289 -32.051834 -27.932881 -26.622157 -23.585016 -24.246656 -30.266172 -28.987136 -24.980228 -23.592378 -20.838419 -22.498860 -24.603706 -27.391960 -26.535909 -20.596383 -19.571696 -23.585563 -25.238456 -23.197290 -20.653973 -18.852535 -14.974171 -13.449911 -5.304366 0.038858 -0.307614 1.472420 -3.697621 -4.955742 
-35.146977 -29.986457 -30.678839 -43.350737 -42.044623 -39.683540 -41.794239 -36.361816 -31.350040 -26.978008 -27.331352 -28.663139 -31.734810 -34.548798 -31.371613 -28.562966 -30.168748 -25.618939 -22.849603 -25.359900 -22.778060 -22.583869 -21.631294 -27.433868 -30.263431 -24.753012 -23.220260 -24.714233 -19.640441 -19.216275 -18.985780 -18.692049 -12.447148 -11.304993 -5.750571 -1.663806 -1.879154 -1.101924 -0.937445 -2.304899 
-24.989326 -26.694140 -31.380934 -29.533545 -32.767046 -31.632758 -29.381427 -32.812233 -29.448508 -24.998374 -28.529254 -26.523521 -28.396355 -28.628198 -24.234803 -24.215426 -25.950450 -25.068822 -22.386872 -26.715237 -18.700963 -21.552604 -24.267391 -23.529972 -26.360953 -21.794235 -23.364771 -26.772359 -24.898642 -18.804285 -22.413829 -20.572267 -16.598036 -10.640366 -5.418345 -1.166012 -0.384569 -0.440544 -0.848065 -3.572140 
-28.861881 -30.870976 -27.217396 -32.372566 -27.343550 -28.950665 -23.290474 -21.802484 -22.852742 -30.225368 -29.876334 -33.824553 -33.124211 -26.882982 -22.752594 -22.956535 -22.197509 -23.148218 -26.423368 -28.488140 -13.907767 -15.433767 -22.221773 -24.486872 -25.305858 -15.130395 -14.733063 -17.667643 -19.020477 -14.982381 -19.514262 -17.730294 -11.166737 -7.786138 -3.351247 1.688759 2.082934 1.230696 0.318898 -4.805310 
-21.705726 -20.847610 -28.496270 -32.003689 -20.377114 -15.235894 -16.899130 -13.420049 -17.874530 -19.560372 -18.814613 -22.403049 -26.386285 -22.232130 -21.259873 -26.243078 -18.054025 -21.808256 -24.345889 -24.249199 -19.404560 -19.070717 -20.013390 -23.662217 -18.393217 -7.144922 -11.364720 -14.748716 -15.652466 -7.919242 -12.678749 -10.010345 -4.063961 -4.958558 -0.432990 3.003273 2.196419 3.003184 1.977718 -2.427807 
-16.386293 -19.413359 -20.665575 -17.204392 -16.703710 -18.336987 -17.090071 -11.418454 -15.974331 -18.491246 -16.704208 -17.718305 -23.860795 -23.365995 -20.772510 -16.503641 -15.871810 -22.848605 -20.332957 -24.099250 -16.277079 -15.607684 -15.727342 -18.087895 -12.889962 -5.341041 -11.034742 -18.343282 -10.585597 -4.165317 -7.029334 -4.059668 -3.059205 -1.768505 0.595897 2.484097 0.217702 -2.173928 -5.963349 -6.056748 
-13.307433 -7.067544 3.541487 8.150547 7.781480 5.202139 0.060431 -8.992713 -10.660265 -12.774607 -20.543501 -18.999053 -18.420918 -19.601532 -17.538459 -20.900660 -18.591540 -19.215464 -18.376061 -21.547675 -15.615783 -10.987750 -11.093694 -16.044059 -13.257927 -0.754721 -4.170176 -11.912810 -6.464030 -2.842663 -6.006966 -8.088698 -5.021684 -1.353644 0.258733 -3.029008 -6.400109 -6.300095 -7.494434 -10.797715 
-8.803127 0.480021 12.331053 15.871251 5.798955 13.894624 16.265962 3.311833 -9.427627 -12.353614 -17.329208 -19.444374 -20.744303 -19.973063 -19.729733 -20.553084 -20.314324 -19.425164 -15.891284 -16.904337 -14.349694 -10.265519 -7.235776 -14.799063 -12.009361 -4.029828 -10.770449 -15.916445 -10.751923 -8.461022 -13.050045 -8.574925 -10.308630 -13.621833 -13.956986 -14.143900 -13.828549 -14.906347 -17.513545 -22.381430 
-18.743345 -13.565927 10.845802 17.342788 7.073806 12.737758 21.105955 9.122611 -7.633875 -5.371605 -16.640660 -17.598812 -19.442221 -15.646441 -22.531593 -21.363166 -21.957295 -17.561886 -17.391380 -15.212282 -13.991561 -10.825397 -8.132884 -10.361948 -11.328489 -4.741796 -9.934382 -14.387888 -14.954457 -11.217167 -21.662798 -15.781776 -14.573666 -21.028749 -23.425353 -18.435023 -22.483642 -28.805270 -28.451883 -35.077502 
-13.449806 -12.277127 11.405420 18.162881 6.274459 12.483968 22.770841 11.221850 -5.572350 -2.698940 -16.774861 -14.903147 -21.183950 -15.662608 -21.811248 -19.145832 -19.698957 -19.271622 -16.889357 -15.991618 -14.658694 -10.253113 -6.018575 -6.303115 -8.227471 -5.537730 -7.732213 -13.529520 -17.381771 -17.177276 -25.250698 -15.521725 -15.810824 -22.098599 -25.736911 -19.744569 -23.636953 -28.992918 -27.306271 -36.621545 
-17.625375 -13.932031 11.356900 19.236805 8.784268 11.623090 24.047465 15.339133 -7.065905 0.544833 -13.826672 -13.551003 -21.757159 -15.841298 -23.649371 -17.267467 -20.012070 -17.645916 -14.327771 -14.698295 -13.277609 -7.924531 -2.584511 -3.103449 -5.523122 -6.535866 -10.232286 -11.498901 -14.350203 -19.183182 -28.723930 -15.523068 -14.320300 -24.977073 -28.109568 -21.933001 -25.625870 -30.683495 -27.417148 -37.805171 
-19.613928 -20.588750 11.046125 20.277973 11.204241 8.343670 24.733960 19.486764 -5.809450 4.017406 -9.835762 -12.305488 -17.683216 -15.893119 -20.450629 -15.683834 -18.408427 -15.141793 -13.092057 -13.735267 -11.766377 -4.246340 1.611817 -2.196229 -4.365023 -9.493327 -15.549964 -15.386641 -15.301569 -18.022490 -29.456607 -17.082231 -15.661207 -24.897484 -28.775182 -22.505451 -27.073275 -30.314084 -27.899480 -39.629295 
-20.723792 -20.768180 10.870665 20.120597 10.848277 7.763621 25.617366 21.583916 -6.399731 5.263441 -9.303670 -11.886033 -18.075170 -14.456712 -20.149188 -14.422298 -17.187654 -13.166746 -10.458917 -11.156391 -5.465269 -0.959869 1.840135 -1.799705 -8.400721 -14.813924 -18.577486 -18.409232 -21.521784 -21.557600 -30.707467 -21.123327 -20.360640 -27.573862 -31.790866 -25.157196 -28.829589 -33.308275 -29.989496 -42.236439 
-25.891525 -20.329698 10.543072 19.265181 9.188823 9.983120 26.694109 21.463022 -4.254380 5.293344 -10.782895 -11.656108 -18.640751 -11.230437 -17.864525 -11.074823 -13.492095 -11.579063 -6.930421 -5.665610 1.791550 2.241595 -0.128738 -4.823173 -13.583002 -18.746292 -22.230120 -20.430431 -19.346181 -19.932235 -32.517820 -23.549531 -21.004527 -28.468148 -32.602106 -25.942732 -30.362806 -34.718727 -31.430953 -41.667402 
-20.331852 -12.526443 10.796634 18.450233 7.093088 13.185919 27.041390 20.093385 0.298359 5.030402 -9.753631 -8.855581 -18.721709 -8.617192 -14.415509 -8.901395 -12.198520 -10.897219 -4.664316 -0.221238 4.314917 3.077133 -0.625401 -11.073910 -18.916328 -23.603774 -26.268464 -22.214796 -17.755894 -22.921476 -37.441169 -27.393762 -20.824524 -29.322971 -35.213779 -27.463184 -30.901813 -34.566431 -32.753824 -44.073820 
-19.283245 -8.381590 12.274166 17.821969 4.941470 13.778921 24.934976 16.177483 11.344714 12.160635 -2.217806 0.355559 -8.851835 -7.391868 -14.349478 -12.108016 -12.147132 -7.206171 -0.032353 6.792634 3.459799 3.529635 -1.906675 -13.571294 -21.451975 -25.128733 -25.221124 -24.413677 -22.259264 -27.359643 -33.580610 -29.865499 -23.407611 -30.918973 -33.439219 -28.324963 -30.725723 -33.979365 -31.806717 -36.670337 
-21.221429 -7.747053 12.701930 16.892428 2.764450 12.822834 19.600877 7.720452 17.681964 15.089485 4.462235 6.214003 -0.451325 0.657390 -5.626456 -6.519960 -3.372629 2.822079 7.211783 10.659566 6.339743 1.951289 -8.460079 -19.278893 -24.743076 -25.964490 -26.485063 -24.319141 -22.962002 -29.161011 -35.864568 -33.147537 -26.784349 -34.629797 -37.656397 -30.932026 -31.245300 -34.449627 -32.462162 -39.265839 
-23.689701 -4.194574 12.834142 15.271588 1.258338 13.528072 14.939301 5.757711 20.631572 11.652118 9.325388 4.493626 3.108988 -1.767645 -6.272856 -6.149201 -3.062058 5.711523 10.925696 9.454776 5.638108 -1.212044 -14.072757 -22.153615 -27.064105 -28.606387 -28.438389 -23.915436 -21.779204 -28.533061 -40.058651 -35.848554 -29.081809 -38.405858 -42.053913 -31.145701 -31.199190 -37.113825 -36.797138 -45.667010 
-18.754952 -1.388699 12.926640 12.024639 0.621202 15.177397 10.764004 13.312064 22.703341 9.455521 11.061887 1.146254 4.030582 -4.222611 -6.819079 -3.526233 -1.087979 5.544444 11.063865 6.683047 4.657850 -3.928163 -16.779863 -26.189300 -29.195984 -28.611059 -29.625442 -25.712598 -22.911062 -31.304572 -41.203466 -37.693409 -29.259311 -38.240209 -44.868031 -32.675480 -32.936835 -38.896725 -37.456207 -47.337451 
-20.421159 0.940844 13.271954 8.770882 7.330652 18.027233 11.382804 19.690886 21.479146 10.108896 8.889469 2.900584 0.773924 -1.280320 -6.117258 -3.849586 -1.388066 5.607512 8.817529 7.548331 4.369338 -8.392242 -18.841503 -27.324479 -30.734012 -31.131784 -32.172410 -25.689931 -25.092900 -34.166154 -42.799765 -39.267058 -33.136037 -41.980252 -45.286156 -33.005122 -34.684454 -39.544896 -39.722999 -50.649609 
-18.922125 4.086039 14.696725 10.609766 13.114801 19.715054 13.026903 22.642907 15.887850 12.184491 5.350378 3.779195 -2.142680 -2.125399 -9.898181 -6.261911 -2.768375 3.652518 9.819881 7.018090 4.366256 -6.646848 -18.920957 -25.914904 -28.891024 -30.607040 -31.649958 -25.539212 -24.709727 -32.432400 -43.227122 -39.767902 -32.137026 -39.539311 -44.209836 -34.383511 -35.499259 -38.024297 -37.942105 -46.042433 
-15.819041 5.601125 14.404959 8.588547 15.789758 18.356417 15.872652 22.640887 10.352904 12.016627 4.243544 3.496951 -0.872791 -8.191252 -10.392568 -6.704205 -4.078925 3.021362 8.591349 8.016661 4.205636 -3.810570 -18.011721 -23.740872 -26.659098 -27.452483 -28.248932 -24.640569 -24.816412 -30.837146 -33.768451 -34.127482 -31.598053 -34.863828 -35.667795 -32.400155 -33.488303 -36.302912 -36.119896 -37.244839 
-14.214736 5.544078 12.577063 6.210992 17.041031 17.314863 20.187020 23.133378 9.409632 8.345180 3.823124 0.464822 -1.227674 -6.980318 -7.788525 -6.486412 -4.898286 1.933640 9.447488 8.047610 5.681893 -3.921223 -17.282465 -25.347236 -26.573340 -28.906170 -28.615951 -25.978439 -25.942047 -30.153752 -32.833736 -33.389433 -29.196669 -33.297774 -34.833205 -32.079729 -32.574634 -35.304510 -35.542306 -36.231013 
-9.161023 5.977053 10.465002 7.376566 18.458311 16.039218 22.852214 20.829264 9.103648 3.431389 3.532284 -2.746951 -4.883427 -6.552807 -10.025433 -8.017645 -5.819802 -1.030531 5.914605 8.218037 4.991094 0.872439 -10.833152 -21.790396 -25.262202 -25.924691 -26.358765 -22.602599 -21.562586 -29.825129 -38.479169 -36.814028 -30.012374 -38.367583 -40.873445 -34.944528 -36.897320 -41.072700 -40.707941 -43.033502 
-9.065203 6.860393 9.665137 9.515387 19.202443 15.875317 22.958420 16.296189 11.186578 2.483088 -1.324561 -4.648902 -7.581533 -9.940066 -14.369113 -10.622607 -10.125936 -7.583846 -2.819593 3.977026 5.996215 3.546185 -2.809655 -15.239519 -19.848329 -22.226620 -23.473722 -19.647055 -18.360886 -27.788428 -38.814995 -36.216869 -29.733402 -37.043326 -40.296700 -33.072452 -35.366720 -38.758871 -38.071591 -44.195112 
-6.861765 8.022363 10.457917 11.416193 19.013055 16.307807 22.349874 13.334761 11.029529 1.665751 -2.915425 -5.348013 -7.935575 -11.596303 -13.262593 -12.531319 -13.554576 -10.321490 -7.922748 -3.657752 2.890600 3.252652 -0.276494 -8.109933 -15.714953 -19.386169 -20.143805 -16.945472 -15.190194 -23.799163 -33.846758 -31.931267 -25.916035 -32.704117 -34.408640 -29.843942 -32.330065 -34.547356 -33.440918 -37.542652 
-8.028268 8.899882 10.600346 13.049169 19.383561 17.515866 21.725258 11.569404 8.985069 -1.301491 -5.748586 -7.063993 -9.598539 -13.726098 -15.365502 -15.894374 -15.930499 -13.756804 -10.445305 -8.990017 -2.384642 2.258483 -1.895227 -4.694345 -9.812363 -14.572301 -16.073064 -14.273027 -13.115823 -21.948503 -31.612652 -30.488688 -23.910866 -29.966284 -33.604083 -28.131220 -31.088578 -34.242816 -32.565599 -36.795215 
-6.172468 9.513346 10.494832 13.753723 19.828729 18.201144 20.290543 8.885699 6.547477 -2.940294 -8.695888 -10.103496 -13.041050 -18.911537 -19.868631 -18.419523 -19.504868 -17.924408 -14.486391 -13.911769 -10.460204 -2.904312 -2.531398 -5.937900 -7.040434 -9.265920 -14.313257 -13.832417 -12.074096 -18.091261 -32.177316 -32.232844 -25.410301 -34.108839 -34.240170 -26.570090 -30.319913 -30.782039 -30.612988 -42.779591 
-3.677548 11.267728 11.884291 16.774663 21.538725 17.266939 16.828878 5.425557 4.125813 -6.721375 -15.866634 -18.632127 -21.885653 -24.371955 -29.323189 -25.010315 -27.969286 -26.659515 -23.938561 -24.871896 -22.033516 -11.518968 -5.318121 -4.662423 -7.476945 -4.786152 -8.005032 -11.786801 -12.199176 -15.151042 -31.163899 -21.463085 -17.180907 -26.166285 -26.597901 -19.180220 -24.522119 -26.803195 -25.704302 -36.618089 
-3.576647 12.557571 12.528117 18.450312 22.158442 16.130085 15.608857 7.025559 2.388881 -7.801219 -14.889491 -20.462578 -21.854411 -25.167035 -23.876299 -21.363193 -22.823304 -19.932107 -18.898070 -20.155400 -19.301614 -16.833616 -9.392025 -4.200002 -7.277530 -6.191462 -7.239475 -11.053132 -12.153502 -14.081808 -29.546880 -17.104433 -12.251660 -25.539899 -26.817792 -20.038581 -25.133083 -26.380527 -24.137536 -31.545411 
-1.625075 13.043202 11.779792 18.301938 19.877358 17.112801 15.981257 8.779693 1.003673 -8.571323 -13.808077 -19.161576 -20.901042 -22.543529 -21.138654 -20.167846 -21.769064 -18.823081 -19.113717 -20.538346 -19.851077 -17.813258 -11.840851 -4.039130 -7.280758 -4.892917 -6.951506 -11.151618 -11.935209 -14.405629 -29.474272 -19.384414 -15.253563 -23.316904 -25.191523 -19.377321 -23.476259 -27.629675 -25.340914 -31.301428 
0.360869 13.791553 12.170291 18.223446 17.529401 18.661996 17.749141 9.865472 0.021236 -7.085263 -11.494799 -15.702009 -19.946996 -21.689701 -20.061248 -19.901990 -22.777927 -20.677028 -19.201461 -19.826361 -20.085825 -16.720986 -9.185965 -2.201498 -4.476189 -3.186908 -8.519694 -12.268366 -12.793287 -16.444276 -31.621453 -22.093306 -16.171978 -21.904647 -26.116703 -18.758198 -23.367637 -27.487660 -25.748189 -32.037601 
0.475777 14.089747 12.996120 17.936785 16.718788 19.676085 17.878663 11.741748 3.228530 -2.961083 -6.023020 -12.219994 -15.584107 -18.730846 -16.824372 -17.400668 -18.684569 -16.583669 -15.790838 -16.392769 -14.469682 -10.373222 -4.424069 -3.251535 -3.708215 -3.889479 -11.059613 -13.413438 -13.230400 -17.112621 -28.577032 -24.596949 -17.963113 -22.600237 -25.140157 -18.658923 -22.823965 -27.169888 -26.142533 -29.254299 
2.037035 14.330547 13.538221 17.351521 15.731274 17.663124 15.756284 17.804189 10.147956 -0.415961 -4.850945 -13.418051 -19.856187 -18.690041 -17.946160 -18.564945 -18.732928 -17.310351 -15.724913 -14.446405 -7.791560 -5.828147 -3.773453 -6.228055 -2.993927 -3.747105 -11.819723 -14.939294 -15.036529 -19.540114 -32.651896 -27.540074 -19.861716 -23.937549 -24.812607 -18.293630 -22.317013 -29.450973 -25.785413 -31.068353 
0.697181 12.667676 10.994861 14.351958 12.075146 11.710430 11.027578 18.979504 9.578613 1.486625 -2.680452 -11.614308 -15.409750 -15.572485 -16.719976 -15.277598 -15.070447 -14.665992 -10.776894 -9.125144 -8.229914 -10.186438 -11.936518 -14.659549 -7.926997 -8.705410 -17.626704 -19.837075 -20.367029 -27.093579 -40.040045 -33.999307 -25.969362 -28.346276 -26.278942 -21.872350 -27.113053 -32.137812 -30.968867 -39.088231 
-2.269562 10.350395 9.585359 11.286060 8.940149 7.349423 7.677629 11.385496 8.582016 4.072863 -1.742426 -7.673676 -9.538725 -11.123777 -13.389171 -12.837306 -12.735660 -9.060659 -4.314466 -2.975411 -9.214030 -16.546108 -17.984974 -15.604276 -10.232557 -12.994109 -21.624461 -18.912761 -22.729329 -27.495419 -40.154913 -40.775440 -29.506770 -30.507843 -34.383023 -27.075698 -28.296194 -34.800316 -31.128228 -41.962307 
-3.633911 7.527390 5.297874 4.433764 0.565225 -6.089860 -9.661036 1.895882 5.768251 -1.914103 -12.111966 -19.109049 -17.837490 -18.384175 -21.748163 -19.579679 -19.442779 -19.020445 -9.046097 -9.981459 -20.093890 -28.974592 -28.495415 -26.502614 -18.163708 -19.183862 -26.313631 -28.315329 -32.175966 -35.965397 -49.084348 -47.019558 -35.586473 -37.953860 -39.079646 -33.786609 -33.476692 -37.397013 -33.424933 -44.290410 
-7.985972 5.592982 3.333920 3.504199 0.745661 -3.801667 -5.599065 -0.664079 5.070871 6.476598 -0.906939 -13.686611 -11.509234 -11.828039 -12.378241 -9.328428 -4.957488 -7.359447 -14.348117 -18.837317 -24.052846 -27.439556 -29.753170 -27.903236 -25.019624 -21.666047 -25.739055 -23.905893 -27.949362 -35.081216 -45.527419 -48.737652 -38.948950 -38.676421 -41.910162 -35.875700 -35.873381 -42.049868 -36.749709 -47.390833 
-5.307619 5.842690 5.913941 6.960566 7.166985 2.302115 1.303361 3.332117 9.437212 8.842677 3.449657 -6.109590 -9.910726 -9.488510 -7.897686 -2.124647 -2.287705 -8.550942 -15.779861 -21.293908 -24.895398 -29.122371 -30.398053 -29.460287 -24.510223 -16.675053 -21.200629 -23.130431 -27.318347 -35.464306 -46.759973 -47.858376 -42.013844 -45.867502 -48.964748 -38.087879 -35.077943 -38.936177 -36.402757 -50.369960 
-7.916623 2.886510 1.515748 2.016540 1.407694 -5.365924 -4.905767 -4.423283 2.090758 1.506111 -4.473253 -12.472313 -12.169952 -12.179016 -13.615051 -7.857773 -14.862515 -23.519061 -30.417920 -37.572130 -42.858632 -44.973968 -40.784499 -40.615020 -35.043422 -25.601570 -28.304460 -29.599764 -31.526931 -37.735560 -50.653974 -50.137414 -46.193006 -45.680693 -42.900059 -34.069590 -33.671978 -38.429503 -36.885361 -51.646854 
-3.693763 5.659665 1.813545 3.087691 3.318501 -4.392141 -4.058192 2.133933 5.588248 3.669804 -5.062728 -8.684270 -8.234068 -4.985162 -4.130503 -9.942396 -21.417001 -27.473770 -31.396745 -36.367409 -39.347106 -41.929682 -41.109158 -40.754617 -38.867732 -27.951830 -28.458877 -30.041337 -29.998201 -33.246287 -45.520604 -45.567814 -42.036643 -43.488068 -39.112021 -35.630840 -39.074529 -38.428063 -39.020556 -46.952458 
-5.710302 5.208540 5.895639 4.732808 5.102445 2.958699 1.783574 2.567722 5.070723 3.592445 1.940392 -1.257025 -1.087872 -1.876755 -6.889699 -13.723863 -18.896574 -22.928584 -25.926619 -29.650652 -33.516564 -35.499289 -38.614181 -36.697679 -36.112985 -29.498406 -24.365274 -25.838184 -28.530037 -37.024977 -45.901768 -49.980102 -43.727523 -44.502362 -38.874840 -35.994493 -39.927993 -40.784668 -40.818801 -50.103383 
-5.777864 6.534384 4.921228 7.117712 6.736706 1.291565 0.097242 4.658808 8.092466 8.505121 2.917662 -2.460249 0.699446 1.224053 -6.234956 -14.767781 -20.814529 -23.474595 -27.050563 -31.028582 -34.957577 -37.744652 -39.230128 -37.130740 -36.858191 -29.305431 -21.164021 -25.446386 -26.832553 -33.455661 -47.059246 -54.077293 -44.144673 -45.959753 -41.611812 -38.064607 -39.235019 -42.159420 -37.325248 -51.594668 
-7.550028 6.006335 4.582823 2.874692 5.235703 -9.340744 -3.939406 -1.416552 1.117156 2.164143 -3.794418 -8.239682 -8.398601 -8.940906 -14.865704 -25.722368 -31.154994 -32.842256 -36.755690 -39.099597 -38.192870 -43.582618 -43.254916 -40.662807 -42.106897 -37.491029 -28.205516 -28.986807 -25.616218 -32.496150 -47.034673 -49.446426 -44.776729 -46.497094 -44.523292 -38.919893 -37.568347 -40.302847 -37.667755 -50.532883 
-3.077984 8.255114 9.103971 8.491089 10.798400 6.474388 4.935103 8.205508 10.943864 11.186715 7.675197 5.142028 5.956361 2.112331 -5.985191 -11.835456 -16.572061 -20.075697 -23.386710 -25.675868 -28.974568 -31.445527 -30.831805 -30.259312 -32.230653 -38.136162 -27.177177 -26.370450 -23.762718 -29.877477 -47.761744 -46.219921 -42.215271 -47.314802 -39.881905 -32.460793 -35.165663 -36.078606 -33.567694 -47.011939 
-5.652290 7.357290 9.976656 3.251756 7.146794 1.100683 -4.703786 -0.402863 2.690214 4.180153 -0.371035 -0.991790 0.653981 -1.930214 -12.775399 -17.689416 -23.688159 -26.621926 -30.919970 -33.495782 -37.202189 -39.137025 -39.226864 -40.698649 -38.370706 -40.822487 -31.257487 -32.314325 -28.635684 -31.300703 -48.659260 -52.248424 -44.899078 -44.625490 -38.912541 -35.017952 -39.334254 -39.629813 -36.078696 -49.047539 
-5.681612 6.122590 6.649462 3.627834 8.753004 3.383308 -1.300635 5.159446 6.650752 2.597070 0.853412 2.657358 3.241271 -2.449818 -9.401309 -15.053431 -20.606888 -24.237079 -28.370667 -30.356955 -34.447889 -35.836966 -36.581147 -39.823535 -38.592255 -37.837229 -29.223994 -29.825790 -32.266081 -37.077305 -49.432128 -50.419300 -40.978871 -45.694161 -39.599352 -33.682401 -36.592837 -38.554208 -35.970239 -50.144665 
-9.370766 -2.756091 2.613820 -1.346288 3.370796 -2.824545 -6.603713 -5.926512 0.406303 -7.753467 -7.817980 -4.403509 -5.684214 -12.756001 -22.332427 -26.693201 -27.612917 -34.407873 -35.639093 -35.981867 -39.276042 -38.952728 -40.395455 -40.773179 -43.494426 -42.088507 -35.658227 -37.351880 -30.393115 -34.447306 -44.542257 -45.411533 -41.505181 -44.263172 -43.747379 -38.266643 -37.632222 -38.202649 -35.589377 -46.140120 
-12.277452 1.015625 7.758551 6.149086 10.997792 8.052379 3.169845 6.863235 8.581795 7.796757 5.079611 3.380059 5.010002 -2.801498 -10.881813 -15.606089 -21.016944 -25.879633 -27.381427 -29.593004 -33.581095 -35.896659 -35.256902 -34.372573 -34.803316 -40.214213 -30.695991 -29.127571 -28.031139 -27.484952 -41.180298 -45.807013 -39.806756 -43.223529 -40.190522 -38.377919 -40.452593 -36.311698 -34.999730 -47.123212 
-14.361394 1.739615 9.208036 2.495393 7.789864 8.033018 -0.143574 2.501746 -1.434291 2.029999 -0.644841 -0.149412 2.228276 -7.579923 -14.812470 -19.884800 -31.683386 -35.055013 -33.772024 -36.927948 -38.794704 -40.166749 -41.855426 -38.957496 -36.054940 -38.423720 -34.828681 -34.297920 -31.667056 -32.295445 -44.723693 -46.791073 -44.915408 -43.395700 -37.355483 -31.732730 -37.510224 -39.368982 -35.516590 -47.989743 
-12.690676 2.726721 10.836899 5.342357 8.829433 9.754149 0.543965 2.130897 1.505449 4.112914 0.969518 -1.243517 0.061878 -5.206010 -10.860987 -16.339418 -25.305323 -27.496436 -26.583939 -26.186243 -32.726622 -36.536759 -39.353033 -38.439041 -32.766001 -40.449641 -33.850010 -35.964650 -32.905314 -30.272658 -42.054408 -43.353599 -36.578879 -41.964882 -38.552910 -32.208297 -35.704911 -35.324076 -33.146026 -48.400833 
-18.201487 -0.689189 9.017976 4.276698 3.927513 4.322854 -12.424302 -9.221268 -4.948717 -6.076570 -8.131235 -9.388416 -8.211120 -13.785844 -16.964338 -25.428742 -29.438506 -30.183973 -34.487468 -31.090283 -39.976778 -43.598485 -46.685637 -41.994593 -37.798887 -40.055070 -37.169343 -36.576969 -36.075242 -34.498834 -44.951406 -43.787992 -39.310310 -44.392174 -39.221863 -35.034411 -38.595299 -37.965709 -33.121012 -47.157839 
-19.046560 -1.324880 6.969621 0.724585 -2.582379 -5.536828 -12.585483 -10.313388 -12.827636 -15.540652 -17.121813 -13.828667 -15.828965 -18.919046 -20.981564 -25.576289 -31.063791 -28.719393 -30.917024 -33.353190 -38.164122 -42.902776 -41.011837 -36.078504 -34.078341 -39.130851 -40.535595 -41.272406 -36.871138 -38.014016 -42.890608 -44.884377 -43.635556 -43.072184 -41.954745 -40.045470 -44.401128 -43.019547 -39.338119 -46.282517 
-16.415997 -4.946718 0.653186 -3.953498 -12.855764 -7.281291 -10.840842 -16.697461 -14.071704 -15.544086 -20.763239 -13.548784 -18.776069 -17.621799 -19.891860 -28.910881 -33.444651 -28.652154 -29.813080 -34.250702 -40.408618 -44.935236 -44.424790 -40.567607 -36.675902 -41.021014 -44.384772 -43.199083 -34.261099 -30.642549 -44.092337 -47.565050 -43.961904 -42.910086 -39.541355 -39.561582 -42.153955 -44.917746 -43.954233 -49.718404 
-22.351163 -20.698791 -21.059771 -25.770384 -27.557651 -24.508068 -27.809719 -36.455732 -27.738989 -26.485570 -31.240194 -26.912081 -29.669594 -29.139291 -29.361944 -38.221155 -41.804020 -36.425406 -37.879429 -44.110435 -49.398088 -54.653543 -52.979733 -49.715993 -50.446861 -51.171998 -56.153387 -52.791567 -47.837995 -41.923100 -54.084373 -56.419613 -51.603049 -53.219384 -52.876224 -55.810748 -56.783551 -57.109860 -57.068993 -63.610737 
-54.025588 -49.054043 -50.649779 -55.090949 -51.664416 -57.763319 -65.654233 -67.385322 -58.171014 -62.520165 -63.222822 -65.644072 -63.397120 -61.699850 -64.519055 -71.386667 -80.247926 -77.133988 -72.680751 -70.606414 -77.412357 -80.416059 -79.810608 -82.215116 -76.342238 -74.523896 -82.370457 -80.042857 -80.144126 -77.133798 -79.037721 -81.177138 -80.398549 -82.990905 -82.195507 -82.311095 -84.475973 -82.541633 -83.197646 -86.788850 
-57.977089 -57.712580 -56.845835 -58.056979 -61.524927 -67.482610 -73.457014 -69.738237 -66.405924 -65.245131 -72.074043 -69.874767 -71.567814 -76.613424 -74.933823 -74.310264 -77.688439 -74.366059 -74.620806 -78.041749 -82.013267 -78.240969 -84.111278 -85.772560 -85.314630 -82.272213 -84.090614 -84.868492 -83.769303 -85.124160 -85.808529 -87.108833 -86.916195 -86.372979 -86.678050 -87.164713 -92.221753 -91.246407 -89.039318 -90.338718 
-65.980009 -66.128417 -68.585447 -72.953952 -72.757822 -68.678168 -68.453911 -68.762367 -68.291072 -74.830554 -80.279389 -76.234409 -76.081678 -76.155472 -77.794381 -77.438114 -80.846901 -82.560792 -76.159422 -78.151956 -84.937328 -81.928235 -81.728023 -82.240136 -86.244392 -82.406646 -89.565782 -90.288954 -87.439789 -89.639314 -94.362263 -94.416376 -90.844951 -91.002910 -90.360405 -89.607002 -90.435764 -91.210305 -93.363551 -97.781540 
-97.982218 -97.986304 -97.993325 -98.005792 -98.023685 -98.050502 -98.085296 -98.132208 -98.196907 -98.275388 -98.370581 -98.486462 -98.619215 -98.777384 -98.967039 -99.192956 -99.471768 -99.803220 -100.193206 -100.643761 -101.175766 -101.823781 -102.605711 -103.557816 -104.714596 -106.163177 -108.047712 -110.523849 -114.060589 -120.195369 -128.217832 -120.455906 -115.169806 -112.505262 -111.002720 -110.471812 -110.730427 -111.977243 -114.652787 -120.548259 
NaN NaN NaN NaN NaN NaN NaN NaN NaN NaN NaN NaN NaN NaN NaN NaN NaN NaN NaN NaN NaN NaN NaN NaN NaN NaN NaN NaN NaN NaN NaN NaN NaN NaN NaN NaN NaN NaN NaN NaN 
NaN NaN NaN NaN NaN NaN NaN NaN NaN NaN NaN NaN NaN NaN NaN NaN NaN NaN NaN NaN NaN NaN NaN NaN NaN NaN NaN NaN NaN NaN NaN NaN NaN NaN NaN NaN NaN NaN NaN NaN 
NaN NaN NaN NaN NaN NaN NaN NaN NaN NaN NaN NaN NaN NaN NaN NaN NaN NaN NaN NaN NaN NaN NaN NaN NaN NaN NaN NaN NaN NaN NaN NaN NaN NaN NaN NaN NaN NaN NaN NaN 
NaN NaN NaN NaN NaN NaN NaN NaN NaN NaN NaN NaN NaN NaN NaN NaN NaN NaN NaN NaN NaN NaN NaN NaN NaN NaN NaN NaN NaN NaN NaN NaN NaN NaN NaN NaN NaN NaN NaN NaN 
NaN NaN NaN NaN NaN NaN NaN NaN NaN NaN NaN NaN NaN NaN NaN NaN NaN NaN NaN NaN NaN NaN NaN NaN NaN NaN NaN NaN NaN NaN NaN NaN NaN NaN NaN NaN NaN NaN NaN NaN 
NaN NaN NaN NaN NaN NaN NaN NaN NaN NaN NaN NaN NaN NaN NaN NaN NaN NaN NaN NaN NaN NaN NaN NaN NaN NaN NaN NaN NaN NaN NaN NaN NaN NaN NaN NaN NaN NaN NaN NaN 
NaN NaN NaN NaN NaN NaN NaN NaN NaN NaN NaN NaN NaN NaN NaN NaN NaN NaN NaN NaN NaN NaN NaN NaN NaN NaN NaN NaN NaN NaN NaN NaN NaN NaN NaN NaN NaN NaN NaN NaN 
