-51.209947 -49.345319 -48.438964 -49.041467 -51.501562 -55.989450 -59.292222 -61.455412 -67.889224 -67.767586 -69.461822 -68.656767 -70.207085 -76.336141 -75.264349 -84.242616 -76.074908 -77.154835 -77.159719 -78.968202 -81.636819 -79.734865 -81.749036 -84.180786 -83.958962 -82.048689 -83.252596 -84.211431 -84.977272 -85.844805 -84.989818 -84.716480 -91.841995 -88.214465 -86.958677 -88.668367 -87.740861 -86.772002 -89.962251 -92.524857 
-27.812832 -22.735308 -19.809521 -21.491642 -21.393613 -19.073726 -18.788599 -18.852532 -20.408210 -22.396491 -23.803938 -25.859748 -29.127868 -31.155517 -31.172287 -29.781854 -30.078112 -31.398965 -32.106231 -31.777276 -33.428648 -33.216351 -32.069917 -31.580408 -31.268122 -33.749385 -35.679235 -36.752451 -36.503986 -35.314562 -35.794456 -40.155408 -44.471775 -45.030478 -43.995066 -48.130774 -48.832132 -49.215120 -48.857474 -50.482598 
-17.298989 -16.020728 -17.819309 -20.899774 -19.457829 -15.056140 -15.654546 -14.489726 -17.817948 -20.654907 -21.085190 -23.042159 -28.431985 -30.428927 -29.949056 -26.841210 -27.142821 -28.396042 -30.392075 -28.390083 -31.248927 -30.215919 -28.803938 -28.638977 -27.919002 -30.177566 -28.304493 -26.972061 -25.311298 -26.141204 -21.462384 -23.201287 -27.902878 -28.645571 -25.299889 -28.697161 -31.118480 -30.986005 -31.626911 -34.399327 
-22.165392 -34.807695 -33.838837 -25.103831 -23.706856 -27.792188 -34.555656 -30.947458 -34.889434 -35.355907 -32.389773 -32.020381 -37.998274 -39.183678 -32.875008 -31.626561 -28.757917 -28.830727 -31.057476 -29.218802 -32.830211 -32.121939 -33.375367 -25.739325 -27.555642 -28.427501 -25.076804 -22.012651 -20.225890 -18.631500 -13.272665 -18.084772 -19.240230 -21.504360 -22.876939 -22.083799 -24.748818 -24.530300 -28.071359 -26.932849 
-17.507667 -26.013406 -41.293247 -38.725588 -32.428283 -29.183336 -27.544620 -30.956554 -30.219669 -35.203004 -35.884010 -32.617817 -37.396670 -29.653309 -30.622273 -30.084554 -28.447060 -26.649668 -27.161482 -29.703499 -32.431352 -27.599831 -25.091316 -22.614697 -22.503604 -22.836911 -21.854318 -19.515651 -18.383105 -16.968662 -15.288304 -11.794051 -13.547078 -13.248531 -14.841132 -14.076031 -20.791136 -19.678483 -23.549148 -24.076279 
-16.347078 -21.688225 -24.781939 -25.051022 -22.582696 -26.356092 -33.623505 -36.711905 -34.870497 -31.759747 -31.432148 -35.910562 -38.687624 -30.439506 -29.462833 -31.043867 -28.682412 -24.241345 -26.704430 -23.170390 -22.728333 -23.587405 -20.931867 -16.850379 -15.477997 -20.460607 -16.174894 -12.727211 -10.813049 -8.139249 -4.861355 -3.427549 -7.196234 -9.197584 -8.113275 -9.460583 -13.511217 -12.086539 -11.708546 -15.805632 
-19.544011 -18.964877 -19.382794 -24.787176 -24.099176 -29.343052 -33.227036 -27.089933 -30.698143 -25.411752 -27.257706 -29.429688 -28.673755 -30.513363 -24.504265 -20.666078 -21.916767 -21.926712 -20.141909 -22.665173 -22.259374 -20.061522 -17.149356 -14.287640 -10.335819 -11.879334 -11.985456 -7.331221 -11.071375 -6.700904 -4.226192 -5.968581 -7.110279 -5.701671 -4.314048 -10.707889 -13.481560 -12.841436 -11.749229 -13.958818 
-22.234582 -21.774124 -24.800113 -23.291148 -21.243968 -25.776851 -24.883009 -25.739579 -22.449814 -22.472266 -22.765955 -22.724850 -20.809454 -19.700020 -16.824419 -20.284864 -22.386963 -17.195748 -15.972141 -17.670497 -19.745578 -20.646495 -16.344050 -12.447422 -16.153977 -15.252137 -9.572624 -9.173869 -8.882601 -7.067208 -2.608928 -0.330162 -9.219506 -8.414063 -6.322149 -10.104750 -11.053424 -12.279419 -14.719291 -15.554453 
-18.828429 -14.154476 -21.038127 -29.633918 -21.888911 -22.967060 -23.464596 -18.743728 -16.471899 -17.680255 -13.300375 -18.121028 -19.064534 -18.998025 -20.489946 -18.402224 -25.749763 -22.041356 -13.867304 -20.178662 -20.126791 -22.132476 -21.688928 -13.023816 -12.876280 -13.694738 -9.667707 -7.084000 -8.765634 -6.814873 -6.094753 -4.988979 -11.224202 -12.582631 -9.684951 -12.007785 -10.467510 -10.765217 -12.320568 -14.161569 
-18.696536 -18.391246 -20.841611 -24.679504 -24.098489 -22.159079 -18.657268 -14.258044 -16.996896 -20.573072 -27.310982 -25.749500 -21.646870 -22.682910 -19.218212 -21.717838 -20.913682 -23.324752 -22.835429 -21.482321 -19.919020 -20.472566 -20.278964 -15.598938 -14.866761 -13.635777 -9.521440 -5.528549 -8.147018 -10.757133 -5.741535 -5.675148 -12.654517 -12.532892 -13.358719 -12.390006 -16.281509 -15.574466 -14.403709 -19.460704 
-12.997838 -15.087494 -20.901437 -22.727972 -26.823500 -23.697051 -17.159683 -11.923549 -11.925046 -18.350140 -20.658495 -21.186155 -23.981256 -26.928370 -27.662006 -25.320457 -23.536590 -22.420860 -23.094173 -20.987527 -25.313975 -22.887899 -23.251579 -16.441416 -11.670142 -14.669826 -14.934436 -9.040883 -9.472697 -13.154601 -8.955050 -6.902806 -15.162036 -18.103038 -9.636119 -13.818364 -15.698479 -13.875453 -16.518651 -18.564145 
-13.108850 -14.219149 -23.121557 -21.712955 -17.544179 -18.636799 -15.609692 -13.124207 -7.294293 -11.241393 -16.630922 -17.226986 -22.415855 -19.250383 -25.482975 -19.756088 -23.469750 -26.639808 -22.940106 -22.263035 -25.129564 -25.419856 -19.789680 -11.007540 -4.394271 -15.099002 -15.213449 -8.723306 -11.926451 -14.838586 -10.615409 -6.789009 -13.011598 -15.282035 -11.388157 -14.510897 -18.096723 -18.838124 -18.361931 -20.436578 
-24.768816 -24.672373 -19.313385 -16.398521 -6.274782 -6.863628 -10.623652 -10.692029 -8.184194 -10.263190 -20.113785 -23.395752 -25.858578 -25.646752 -24.788626 -20.303875 -25.003425 -25.871501 -22.943929 -22.098851 -23.704789 -25.458685 -26.579305 -22.054073 -15.451539 -19.992524 -21.423820 -13.841427 -19.919796 -24.185650 -16.378931 -14.479874 -22.493283 -21.601721 -20.717438 -20.882068 -25.551102 -28.075835 -27.081839 -30.434454 
-13.085372 -13.429232 -17.999880 -2.341577 12.148051 16.323354 8.886537 -6.182627 -0.462906 5.718354 0.296970 -12.411823 -8.813477 -7.246383 -20.685648 -25.215747 -23.443980 -26.066348 -23.373115 -27.083218 -25.550516 -23.454304 -20.889369 -18.264483 -13.889353 -12.858071 -11.379068 -11.674898 -19.606205 -24.520371 -22.585501 -23.514014 -31.417131 -32.411122 -31.961059 -30.147257 -39.194179 -39.513529 -33.528761 -30.301172 
-10.294692 -9.756199 -18.926944 -6.710704 14.021636 22.265053 12.103680 -6.937692 -4.205967 15.320606 11.086189 -10.703204 -3.249797 3.546762 -16.153947 -12.208214 -8.739952 -22.386563 -10.220750 -19.555368 -14.322254 -20.497496 -14.019069 -8.453643 -5.157860 -8.840260 -5.320990 -6.061087 -13.235539 -21.143216 -19.032375 -20.152086 -28.041117 -34.134638 -34.434537 -34.105771 -42.135303 -42.891118 -29.384871 -25.188920 
-20.490583 -18.590114 -22.467733 -19.765669 10.526019 22.230672 12.829708 -18.223585 -17.365247 16.240149 16.001505 -10.895574 -4.242530 7.178214 -10.825556 -7.875253 -1.427492 -23.804051 -6.396027 -15.222914 -8.716893 -14.662845 -7.511571 -7.235811 -0.307001 -3.305431 -3.859422 -5.184272 -15.066904 -16.332908 -15.549668 -16.960119 -23.742289 -31.750807 -29.775526 -30.853520 -41.479989 -38.215380 -23.436030 -19.538959 
-15.562471 -17.923679 -17.935812 -14.460108 10.814405 21.795703 12.088320 -21.252614 -10.768008 18.961138 17.090663 -12.076402 -6.254709 7.021920 -11.346890 -7.939347 0.378771 -21.712191 -4.367866 -13.460458 -10.685181 -14.139636 -4.216767 -7.411383 1.382623 -7.333209 -6.376214 -4.767003 -14.651910 -20.492384 -17.046978 -17.347805 -23.178319 -30.772122 -33.489757 -34.696510 -38.691727 -37.387226 -26.058090 -22.067877 
-24.261018 -21.155375 -22.091944 -14.449606 11.719474 21.460665 10.833597 -19.747723 -5.004648 20.841339 16.177249 -9.659551 -3.637163 5.165878 -14.740030 -5.221244 -0.276470 -16.950237 -2.450055 -14.294540 -8.547138 -15.394324 -3.335211 -3.197690 4.919215 -4.066970 -3.488287 -2.400225 -11.771468 -17.081492 -15.425966 -13.086401 -18.388839 -27.074385 -29.108483 -27.510931 -31.826838 -31.351538 -22.632735 -19.741970 
-18.065755 -15.667076 -16.774994 -14.997230 9.977125 20.575374 10.396378 -14.979514 -6.603755 20.709694 17.299608 -11.547775 -4.733581 4.188060 -17.188213 -6.445937 -1.198971 -22.961435 -3.129394 -17.187367 -9.880227 -17.433946 -5.087812 -2.710630 5.075463 -3.335728 -3.072653 -2.076627 -11.824433 -18.226475 -16.220848 -13.771615 -18.732645 -29.117589 -32.490818 -30.124663 -43.389192 -36.938406 -23.728343 -22.182078 
-20.400997 -30.288534 -29.973689 -25.543097 8.099565 20.122855 10.660452 -16.910179 -10.714868 19.717815 17.548479 -13.139229 -6.527233 4.665223 -14.622703 -8.255763 -0.338210 -20.957963 -3.562063 -14.331499 -11.645044 -16.191826 -5.858950 -4.773421 6.445143 -3.445757 -3.181391 -1.209498 -13.172622 -18.639075 -16.238697 -14.356091 -18.913042 -29.296414 -31.747967 -30.691707 -41.518305 -35.362309 -21.132664 -20.952856 
-30.523808 -28.743602 -29.074303 -26.603233 7.159761 20.509505 12.582339 -21.557396 -13.830034 17.467446 18.058148 -11.617320 -11.542480 4.333364 -11.067594 -12.834739 0.097950 -19.960792 -5.363390 -10.227687 -14.654625 -15.142499 -9.351954 -8.657266 6.836565 -3.364911 -3.336538 -1.664327 -14.929515 -18.601586 -16.395185 -14.735379 -18.533994 -28.410371 -33.466262 -33.429765 -44.808050 -37.190994 -20.836656 -19.891885 
-21.336737 -25.549946 -27.670424 -25.382586 6.964368 20.845955 13.472837 -20.432320 -17.379677 13.980018 17.514700 -10.148807 -18.640345 2.425583 -9.403738 -19.232585 -0.928312 -17.641574 -8.099748 -9.396881 -17.461190 -15.656928 -12.519673 -13.627712 4.727851 -3.641969 -5.161129 -3.192277 -14.063534 -18.444739 -17.487433 -16.126784 -20.375053 -29.179000 -34.878433 -34.377773 -46.135325 -40.961001 -25.593712 -23.185400 
-28.183225 -29.201220 -27.135312 -22.179790 8.866431 20.587422 11.693811 -19.182550 -9.981979 16.585849 16.867908 -13.517141 -10.683229 3.207750 -12.452499 -10.737004 -0.683480 -20.346665 -5.605078 -12.483820 -13.591892 -16.812680 -8.672263 -8.227174 5.184507 -3.476108 -5.033123 -2.972185 -13.142803 -18.133570 -16.221066 -15.658869 -20.259027 -29.681880 -34.536115 -34.297679 -44.549666 -40.705020 -25.692049 -23.555513 
-21.334155 -24.876880 -37.187968 -21.990950 9.140185 19.936440 9.920657 -22.509318 -12.240121 19.079034 17.144482 -11.756025 -5.689360 5.204951 -14.050782 -8.038116 -1.161135 -20.630994 -4.152930 -16.101741 -10.998176 -17.559535 -5.499597 -4.735280 3.291819 -5.655033 -5.919573 -5.323324 -15.022459 -19.780607 -17.187585 -17.802912 -22.761387 -31.612091 -35.166828 -34.444695 -41.180772 -39.227652 -24.036562 -22.429642 
-19.797210 -23.003981 -21.254830 -21.164096 7.971519 19.252525 9.378145 -19.928890 -16.842384 18.657134 16.654114 -16.558171 -5.361061 6.214410 -14.148228 -7.684477 -0.926524 -23.038766 -3.940738 -16.157472 -10.951743 -17.589850 -4.360398 -5.123597 3.676415 -5.471111 -6.831922 -6.412703 -15.161802 -18.964919 -16.414229 -17.481845 -22.952480 -31.232560 -33.710033 -35.445395 -40.921445 -39.719714 -26.480802 -25.367051 
-31.464411 -27.482489 -35.551119 -18.101592 9.370029 18.414856 6.505515 -16.033032 -6.884065 19.660150 14.769370 -15.038334 0.603574 7.009384 -15.343400 -3.736207 -1.818410 -16.697035 -3.513304 -17.979809 -7.985485 -14.620155 -3.436867 -1.106916 1.693091 -2.566062 -6.571223 -8.082842 -14.930636 -17.865678 -14.719709 -16.445008 -22.499880 -29.993830 -34.499721 -35.161062 -43.990351 -42.190487 -26.189041 -24.045112 
-17.507021 -24.613382 -22.916735 -12.990253 11.790320 17.286255 2.425653 -17.905780 2.382471 20.700540 11.300658 -14.190517 6.032013 5.699088 -18.982616 -0.275783 -5.774465 -10.948690 -5.691776 -13.196694 -6.818584 -7.984520 -5.094757 3.743694 -1.092154 -0.789881 -4.992295 -10.727891 -14.861168 -17.094730 -14.363392 -15.730507 -22.766287 -28.987743 -35.019250 -37.483659 -44.014930 -43.072860 -27.088046 -24.911885 
-14.717519 -16.230646 -16.685761 -8.287349 13.969359 16.108630 -2.401668 -18.868199 9.255802 20.224246 5.245446 -7.433123 10.177981 1.974942 -12.645617 1.004895 -12.887221 -5.640022 -10.688193 -4.387386 -7.229796 -1.078605 -1.871800 4.684175 0.598739 -2.498142 -5.100468 -12.108074 -16.239489 -16.440030 -12.753263 -16.119075 -22.617256 -28.309964 -32.529413 -33.776521 -36.108309 -35.995936 -25.752608 -23.781824 
-25.536651 -41.853269 -32.006355 0.426443 17.377012 15.885845 -5.295082 -9.082652 14.609967 15.891360 -1.919928 5.643795 12.469340 -3.274903 -2.599990 -2.747638 -9.246387 -3.692814 -8.792476 -0.704723 -4.815385 -0.860033 4.754596 2.597021 2.101702 -1.732710 -8.639732 -13.639434 -16.325102 -16.416774 -12.787922 -19.550500 -25.114128 -31.043215 -36.101535 -40.620002 -52.812995 -46.602948 -29.436016 -28.015006 
-16.471805 -24.117426 -20.522594 5.735680 19.692669 14.542641 -7.791290 -2.725037 15.522254 7.004616 -6.903278 13.009212 10.946818 -8.105514 0.285957 -10.716573 -2.172395 -8.064732 -3.089120 -5.786977 -2.386798 -0.951156 4.967847 2.729316 0.467190 -1.712230 -8.906362 -12.712359 -16.673533 -17.448106 -13.251805 -18.625204 -24.792626 -29.443730 -34.609942 -38.217777 -45.436176 -44.170002 -30.581402 -29.952068 
-18.237094 -20.415892 -19.885311 10.955116 20.043776 10.614069 -11.643563 8.983130 15.250255 -2.565167 8.096783 17.175703 3.641767 1.697572 -0.018118 -2.963222 0.907084 -5.291596 -2.467661 -1.652599 -1.012450 4.877258 5.816526 3.869210 2.590756 -2.737346 -9.244471 -12.276619 -15.210767 -16.274897 -12.293160 -18.307734 -25.144642 -30.254054 -34.646696 -39.761872 -52.380018 -48.739741 -30.443581 -30.295930 
-17.928360 -25.920557 -11.540529 14.405241 18.538075 3.418788 -3.327952 14.933158 12.817018 -2.065644 17.701891 15.522265 1.232622 7.011296 -4.791743 3.305093 -3.472322 -0.809889 -3.272913 1.571635 3.206601 6.500344 8.436649 3.632415 1.856523 -5.363430 -11.080858 -13.479199 -16.500795 -15.134192 -11.832207 -19.765095 -23.957552 -26.419465 -33.846499 -38.127280 -41.365053 -41.463440 -30.942048 -29.739127 
-14.291683 -31.361880 -6.047818 16.195148 16.133519 -3.456626 3.969935 17.071324 7.913357 7.447425 20.343255 10.592302 7.924561 5.028585 0.732660 1.648455 -0.760023 -2.473858 0.522254 2.147076 5.439178 11.073949 5.877733 2.545210 0.150833 -7.410290 -11.592895 -14.820053 -18.247454 -14.281731 -10.724118 -19.147283 -22.811194 -25.519067 -33.133858 -41.285374 -50.854232 -47.488445 -29.266441 -29.818076 
-14.417478 -20.576768 1.565777 17.586020 14.551748 -4.695422 9.226587 13.738217 1.296311 14.282308 13.873838 7.724101 11.522959 -0.452921 2.566770 -2.750335 0.795189 -1.812692 -0.457833 5.341492 9.068417 9.597307 5.764300 3.084897 -2.835654 -10.493380 -13.984416 -17.819550 -19.571408 -13.721112 -11.256352 -21.303817 -22.076029 -23.528222 -32.278731 -39.461746 -45.683531 -44.966717 -31.519990 -31.556064 
-19.122440 -20.097567 6.204673 16.397166 9.468373 -1.274110 11.674285 7.912330 2.345357 15.940692 8.320884 11.934808 9.153598 -2.024606 -3.566435 0.224238 -3.598106 -2.080507 0.446560 4.024357 7.741506 8.175727 4.105367 -0.208724 -7.149610 -15.019125 -17.994491 -19.440485 -20.638659 -15.810572 -14.883469 -24.874731 -23.582126 -23.663104 -31.150385 -36.135187 -38.866800 -39.421228 -33.152677 -33.742365 
-26.021370 -17.766839 7.647159 15.356777 5.419098 -0.961435 12.501454 5.303720 6.120605 14.359276 1.507590 12.477102 1.377479 -0.522961 -6.160935 -1.162324 -4.681819 -4.927555 -1.597787 2.237905 2.855978 5.039510 2.199721 -1.916748 -6.596231 -13.743578 -18.248544 -19.903180 -21.034820 -16.419096 -15.587513 -24.886867 -24.958572 -25.768361 -31.772516 -39.797437 -44.923789 -44.779852 -35.862300 -36.389662 
-21.152773 -12.864798 9.165865 14.804415 2.640410 3.346261 11.368729 0.556317 9.200409 9.974614 6.858300 12.346333 -2.249521 -1.874231 -4.612467 -5.359466 -3.751836 -6.798287 -5.146772 0.220457 2.990916 5.924530 2.288428 -0.934718 -8.190469 -15.579028 -18.910486 -20.647088 -21.360284 -17.327576 -16.566896 -25.695806 -26.109092 -26.705696 -31.447345 -37.124037 -39.483443 -39.779534 -35.282995 -35.538276 
-22.333313 -14.142249 8.821273 13.494492 0.043118 4.417182 9.801479 -4.663870 8.075265 2.403670 10.005755 11.722205 -4.847741 -4.343721 -4.961796 -8.520832 -4.631300 -7.321820 -5.815776 -1.706352 1.587280 4.100345 -0.129318 -5.791665 -14.963875 -21.262252 -24.931266 -25.514424 -25.397582 -21.123237 -21.603506 -30.750955 -30.272943 -28.642349 -34.270392 -39.317870 -41.356688 -41.370552 -35.716133 -36.869455 
-30.513668 -10.405235 8.320159 10.951093 -2.409918 5.592707 7.749228 -2.749330 8.986559 2.345443 12.549404 10.227173 -1.556548 -8.107605 -5.595758 -7.333585 -6.785055 -7.062536 -5.056243 -0.765219 2.634622 3.378883 -1.886428 -8.745202 -17.487690 -24.350487 -27.055308 -27.692733 -28.076704 -23.229184 -24.583758 -33.334744 -31.986178 -30.059166 -34.725794 -45.140644 -52.426716 -50.141565 -43.116801 -44.246777 
-17.539821 -11.733875 6.319585 7.097161 -10.315027 4.838480 5.116175 -3.269948 7.700600 -0.448141 13.160433 4.116501 -2.176100 -9.957820 -7.440334 -8.451199 -10.699292 -9.387227 -7.000167 -1.884725 1.867504 -1.135178 -4.795436 -12.965907 -24.880645 -28.719816 -31.067357 -31.949981 -32.817309 -27.217689 -29.696480 -36.715959 -35.273333 -32.682868 -35.644372 -40.192908 -41.067430 -41.212615 -40.085228 -40.494755 
-28.206543 -14.381242 4.918837 6.575505 -7.439077 3.402706 5.435308 -4.107610 7.616584 1.694830 12.003973 4.575698 -5.651311 -8.929322 -7.526705 -10.172202 -9.831177 -8.812830 -6.258978 -1.395646 1.388915 -0.131922 -5.210100 -16.142273 -24.930562 -29.334670 -31.387440 -33.461935 -34.175217 -29.016014 -31.882802 -39.790241 -37.606800 -35.288336 -38.078751 -44.521824 -48.542426 -48.555714 -43.573366 -44.501680 
-27.649129 -15.460178 6.189414 10.955329 -0.249674 1.075121 8.666794 -3.578583 8.486468 7.237450 7.493376 6.134287 -11.546524 -7.952507 -10.111887 -11.233182 -8.542980 -10.260768 -7.807429 -2.069350 2.231243 -1.843555 -4.492535 -14.774112 -24.479171 -29.358493 -32.246501 -33.262847 -33.972588 -28.504676 -30.555477 -38.719216 -37.841634 -34.888509 -40.218447 -48.271372 -52.330988 -52.508858 -45.632622 -46.423242 
-21.408020 -14.956981 6.612022 11.998435 -1.233520 2.059106 9.372894 -3.770221 9.257047 7.336747 -1.174221 2.974974 -13.217853 -9.984950 -13.204066 -14.195933 -10.460723 -13.025585 -10.027778 -5.046933 0.560055 -3.172212 -5.711315 -16.297186 -27.263815 -31.230884 -33.661736 -34.547053 -34.800281 -29.089162 -31.421669 -40.077936 -38.404108 -37.358558 -38.256014 -44.907159 -47.720280 -47.728838 -43.572785 -44.577594 
-33.828186 -21.812284 5.816417 12.960096 1.644733 -2.687799 9.626325 1.378473 5.717439 10.072992 -3.618478 0.600834 -12.901807 -9.126942 -15.853327 -12.206214 -11.670346 -12.666346 -9.345196 -3.218324 1.213715 -0.705079 -5.376277 -17.416714 -27.236771 -32.614129 -34.821376 -35.321588 -36.205796 -30.943210 -32.099423 -40.924157 -39.936693 -38.482521 -40.569293 -49.112266 -56.114015 -54.433506 -45.026534 -46.961713 
-27.886255 -24.224710 4.660466 14.046359 5.242031 -5.413965 9.476809 4.126801 1.337991 12.060866 -3.498016 -6.925920 -12.249615 -10.526577 -15.723561 -11.651357 -15.935843 -13.789968 -10.762395 -6.656729 -2.377456 -0.245969 -6.265575 -22.450141 -30.149021 -34.849515 -36.910330 -37.742747 -37.966434 -31.652517 -32.177176 -41.314690 -40.728455 -38.064291 -39.813690 -47.060109 -51.296963 -51.509089 -47.837914 -49.065722 
-27.106036 -28.251778 2.628387 14.250595 7.310328 -10.735590 6.805632 4.710044 -3.031851 10.470843 -2.102094 -8.540676 -10.882003 -16.532344 -15.969543 -15.626373 -18.651041 -16.179719 -13.864459 -9.515271 -4.346551 -2.848499 -9.370315 -22.990754 -33.809848 -38.764590 -39.769794 -41.886690 -41.747896 -36.947356 -37.957883 -46.721311 -46.350101 -43.200253 -44.726571 -52.764994 -58.876134 -57.051845 -50.792011 -50.356527 
-27.444169 -25.953220 0.184303 13.595734 8.440000 -16.130208 2.584121 4.483761 -8.249500 4.929524 -3.510231 -16.414683 -10.906913 -21.905344 -18.733246 -23.957808 -22.985979 -20.660087 -21.309484 -15.235512 -9.501662 -8.658113 -13.712360 -27.827427 -38.089498 -40.174480 -41.455592 -42.966778 -44.650988 -39.313657 -40.647069 -46.392820 -46.900977 -47.011180 -45.224801 -47.209702 -48.065185 -48.057115 -48.290599 -48.591225 
-27.295632 -25.562306 -6.078068 11.293119 8.998670 -13.844792 -2.745917 3.934506 -9.545376 -7.357819 -5.402728 -18.389846 -12.773380 -20.156241 -22.179823 -26.431384 -24.013407 -25.696368 -22.973242 -21.217939 -14.104634 -13.107174 -14.980849 -28.249524 -35.752724 -39.613218 -40.143590 -40.802106 -41.522969 -40.847660 -41.070299 -43.326447 -43.935219 -44.339636 -44.452994 -44.678692 -45.357262 -45.603245 -45.606690 -45.811471 
-29.317558 -20.630967 -8.573016 9.967320 9.792543 -7.326773 -8.873649 1.858153 -7.429969 -10.938051 -9.564932 -17.696886 -13.260071 -20.172591 -24.629577 -26.179232 -22.395467 -26.334964 -22.090652 -20.472075 -17.936329 -13.970126 -17.333663 -30.286705 -36.378761 -41.639462 -45.721854 -46.487574 -47.029874 -43.809179 -46.019508 -53.437361 -53.764411 -51.772518 -50.655161 -56.577482 -61.239267 -60.359537 -58.030667 -58.783521 
-17.831438 -10.119140 -1.681797 5.092624 5.577373 0.197955 -2.774890 -5.568029 -14.128408 -11.117932 -16.919378 -26.553819 -19.682518 -21.825782 -24.998265 -30.098815 -29.786567 -35.511133 -30.295925 -25.600707 -19.129049 -16.193380 -18.361922 -26.892655 -34.855947 -39.829833 -43.418293 -47.409877 -45.413629 -45.020840 -47.232896 -49.339129 -49.830124 -49.964439 -51.211714 -51.721012 -51.841710 -51.775498 -52.378865 -52.776902 
-26.227445 -26.434535 -26.551273 -25.939749 -27.554093 -28.393747 -28.970125 -30.311420 -31.715611 -33.758350 -36.407018 -40.455738 -46.479020 -55.795708 -54.498009 -50.139419 -49.507521 -49.237435 -46.782130 -44.050946 -42.381660 -41.952550 -43.056505 -45.926856 -51.137859 -60.888996 -69.882974 -68.529732 -63.410275 -64.119547 -72.016384 -70.801593 -67.584090 -69.772434 -70.941138 -70.286113 -72.934315 -71.074436 -71.514849 -74.134947 
-63.173480 -63.199117 -60.510113 -52.635199 -50.609293 -59.568949 -68.709742 -67.810924 -75.688248 -75.860030 -65.057596 -70.856057 -71.269207 -69.784095 -74.112519 -79.186560 -76.914697 -74.751387 -75.659351 -78.804385 -75.547543 -79.426314 -78.133824 -79.240026 -79.861951 -83.521858 -79.019052 -85.720587 -82.150153 -81.974718 -83.998286 -83.949477 -82.850874 -87.205026 -85.639000 -84.381661 -86.049484 -87.009486 -89.711299 -90.478896 
-58.422325 -69.951100 -77.334113 -57.330029 -58.454360 -73.057866 -75.833656 -66.977519 -70.923316 -73.802277 -70.801852 -71.871828 -71.939787 -74.113812 -77.007875 -80.545845 -76.702678 -79.408206 -79.183639 -83.184377 -82.155697 -79.045648 -86.787382 -81.797833 -83.556421 -84.686857 -86.355066 -85.609795 -85.763125 -85.914845 -87.202802 -88.996905 -87.767843 -89.719009 -88.566700 -89.516423 -91.127374 -90.624061 -90.969837 -93.088764 
-64.261454 -69.926229 -70.612641 -65.217987 -64.319042 -69.083210 -72.075360 -70.189476 -71.703966 -74.853332 -82.936501 -82.906023 -82.901992 -80.497433 -81.385282 -80.453587 -78.942213 -84.389901 -86.602879 -92.301829 -87.529266 -83.366105 -86.247322 -89.217822 -93.268958 -87.772877 -87.957509 -95.103971 -93.235986 -89.509043 -94.252757 -93.428238 -91.730811 -97.295077 -93.028271 -96.818048 -94.648511 -97.913218 -95.652440 -98.963995 
NaN NaN NaN NaN NaN NaN NaN NaN NaN NaN NaN NaN NaN NaN NaN NaN NaN NaN NaN NaN NaN NaN NaN NaN NaN NaN NaN NaN NaN NaN NaN NaN NaN NaN NaN NaN NaN NaN NaN NaN 
NaN NaN NaN NaN NaN NaN NaN NaN NaN NaN NaN NaN NaN NaN NaN NaN NaN NaN NaN NaN NaN NaN NaN NaN NaN NaN NaN NaN NaN NaN NaN NaN NaN NaN NaN NaN NaN NaN NaN NaN 
NaN NaN NaN NaN NaN NaN NaN NaN NaN NaN NaN NaN NaN NaN NaN NaN NaN NaN NaN NaN NaN NaN NaN NaN NaN NaN NaN NaN NaN NaN NaN NaN NaN NaN NaN NaN NaN NaN NaN NaN 
NaN NaN NaN NaN NaN NaN NaN NaN NaN NaN NaN NaN NaN NaN NaN NaN NaN NaN NaN NaN NaN NaN NaN NaN NaN NaN NaN NaN NaN NaN NaN NaN NaN NaN NaN NaN NaN NaN NaN NaN 
NaN NaN NaN NaN NaN NaN NaN NaN NaN NaN NaN NaN NaN NaN NaN NaN NaN NaN NaN NaN NaN NaN NaN NaN NaN NaN NaN NaN NaN NaN NaN NaN NaN NaN NaN NaN NaN NaN NaN NaN 
NaN NaN NaN NaN NaN NaN NaN NaN NaN NaN NaN NaN NaN NaN NaN NaN NaN NaN NaN NaN NaN NaN NaN NaN NaN NaN NaN NaN NaN NaN NaN NaN NaN NaN NaN NaN NaN NaN NaN NaN 
NaN NaN NaN NaN NaN NaN NaN NaN NaN NaN NaN NaN NaN NaN NaN NaN NaN NaN NaN NaN NaN NaN NaN NaN NaN NaN NaN NaN NaN NaN NaN NaN NaN NaN NaN NaN NaN NaN NaN NaN 
NaN NaN NaN NaN NaN NaN NaN NaN NaN NaN NaN NaN NaN NaN NaN NaN NaN NaN NaN NaN NaN NaN NaN NaN NaN NaN NaN NaN NaN NaN NaN NaN NaN NaN NaN NaN NaN NaN NaN NaN 
NaN NaN NaN NaN NaN NaN NaN NaN NaN NaN NaN NaN NaN NaN NaN NaN NaN NaN NaN NaN NaN NaN NaN NaN NaN NaN NaN NaN NaN NaN NaN NaN NaN NaN NaN NaN NaN NaN NaN NaN 
NaN NaN NaN NaN NaN NaN NaN NaN NaN NaN NaN NaN NaN NaN NaN NaN NaN NaN NaN NaN NaN NaN NaN NaN NaN NaN NaN NaN NaN NaN NaN NaN NaN NaN NaN NaN NaN NaN NaN NaN 
