NaN NaN NaN NaN NaN NaN NaN NaN NaN NaN NaN NaN NaN NaN NaN NaN NaN NaN NaN NaN NaN NaN NaN NaN NaN NaN NaN NaN NaN NaN NaN NaN NaN NaN NaN NaN NaN NaN NaN NaN 
NaN NaN NaN NaN NaN NaN NaN NaN NaN NaN NaN NaN NaN NaN NaN NaN NaN NaN NaN NaN NaN NaN NaN NaN NaN NaN NaN NaN NaN NaN NaN NaN NaN NaN NaN NaN NaN NaN NaN NaN 
NaN NaN NaN NaN NaN NaN NaN NaN NaN NaN NaN NaN NaN NaN NaN NaN NaN NaN NaN NaN NaN NaN NaN NaN NaN NaN NaN NaN NaN NaN NaN NaN NaN NaN NaN NaN NaN NaN NaN NaN 
NaN NaN NaN NaN NaN NaN NaN NaN NaN NaN NaN NaN NaN NaN NaN NaN NaN NaN NaN NaN NaN NaN NaN NaN NaN NaN NaN NaN NaN NaN NaN NaN NaN NaN NaN NaN NaN NaN NaN NaN 
NaN NaN NaN NaN NaN NaN NaN NaN NaN NaN NaN NaN NaN NaN NaN NaN NaN NaN NaN NaN NaN NaN NaN NaN NaN NaN NaN NaN NaN NaN NaN NaN NaN NaN NaN NaN NaN NaN NaN NaN 
NaN NaN NaN NaN NaN NaN NaN NaN NaN NaN NaN NaN NaN NaN NaN NaN NaN NaN NaN NaN NaN NaN NaN NaN NaN NaN NaN NaN NaN NaN NaN NaN NaN NaN NaN NaN NaN NaN NaN NaN 
NaN NaN NaN NaN NaN NaN NaN NaN NaN NaN NaN NaN NaN NaN NaN NaN NaN NaN NaN NaN NaN NaN NaN NaN NaN NaN NaN NaN NaN NaN NaN NaN NaN NaN NaN NaN NaN NaN NaN NaN 
NaN NaN NaN NaN NaN NaN NaN NaN NaN NaN NaN NaN NaN NaN NaN NaN NaN NaN NaN NaN NaN NaN NaN NaN NaN NaN NaN NaN NaN NaN NaN NaN NaN NaN NaN NaN NaN NaN NaN NaN 
NaN NaN NaN NaN NaN NaN NaN NaN NaN NaN NaN NaN NaN NaN NaN NaN NaN NaN NaN NaN NaN NaN NaN NaN NaN NaN NaN NaN NaN NaN NaN NaN NaN NaN NaN NaN NaN NaN NaN NaN 
NaN NaN NaN NaN NaN NaN NaN NaN NaN NaN NaN NaN NaN NaN NaN NaN NaN NaN NaN NaN NaN NaN NaN NaN NaN NaN NaN NaN NaN NaN NaN NaN NaN NaN NaN NaN NaN NaN NaN NaN 
NaN NaN NaN NaN NaN NaN NaN NaN NaN NaN NaN NaN NaN NaN NaN NaN NaN NaN NaN NaN NaN NaN NaN NaN NaN NaN NaN NaN NaN NaN NaN NaN NaN NaN NaN NaN NaN NaN NaN NaN 
NaN NaN NaN NaN NaN NaN NaN NaN NaN NaN NaN NaN NaN NaN NaN NaN NaN NaN NaN NaN NaN NaN NaN NaN NaN NaN NaN NaN NaN NaN NaN NaN NaN NaN NaN NaN NaN NaN NaN NaN 
NaN NaN NaN NaN NaN NaN NaN NaN NaN NaN NaN NaN NaN NaN NaN NaN NaN NaN NaN NaN NaN NaN NaN NaN NaN NaN NaN NaN NaN NaN NaN NaN NaN NaN NaN NaN NaN NaN NaN NaN 
NaN NaN NaN NaN NaN NaN NaN NaN NaN NaN NaN NaN NaN NaN NaN NaN NaN NaN NaN NaN NaN NaN NaN NaN NaN NaN NaN NaN NaN NaN NaN NaN NaN NaN NaN NaN NaN NaN NaN NaN 
NaN NaN NaN NaN NaN NaN NaN NaN NaN NaN NaN NaN NaN NaN NaN NaN NaN NaN NaN NaN NaN NaN NaN NaN NaN NaN NaN NaN NaN NaN NaN NaN NaN NaN NaN NaN NaN NaN NaN NaN 
NaN NaN NaN NaN NaN NaN NaN NaN NaN NaN NaN NaN NaN NaN NaN NaN NaN NaN NaN NaN NaN NaN NaN NaN NaN NaN NaN NaN NaN NaN NaN NaN NaN NaN NaN NaN NaN NaN NaN NaN 
NaN NaN NaN NaN NaN NaN NaN NaN NaN NaN NaN NaN NaN NaN NaN NaN NaN NaN NaN NaN NaN NaN NaN NaN NaN NaN NaN NaN NaN NaN NaN NaN NaN NaN NaN NaN NaN NaN NaN NaN 
NaN NaN NaN NaN NaN NaN NaN NaN NaN NaN NaN NaN NaN NaN NaN NaN NaN NaN NaN NaN NaN NaN NaN NaN NaN NaN NaN NaN NaN NaN NaN NaN NaN NaN NaN NaN NaN NaN NaN NaN 
NaN NaN NaN NaN NaN NaN NaN NaN NaN NaN NaN NaN NaN NaN NaN NaN NaN NaN NaN NaN NaN NaN NaN NaN NaN NaN NaN NaN NaN NaN NaN NaN NaN NaN NaN NaN NaN NaN NaN NaN 
-91.818876 -91.827009 -91.840548 -91.863419 -91.894454 -91.938077 -91.991539 -92.060392 -92.152384 -92.262759 -92.398066 -92.567319 -92.767854 -93.013564 -93.311660 -93.665395 -94.099161 -94.619315 -95.252678 -96.023985 -96.983003 -98.202781 -99.764598 -101.894232 -105.018590 -110.329568 -118.327221 -111.240572 -105.070124 -101.471467 -99.021264 -97.271814 -96.019367 -95.166763 -94.698369 -94.637853 -95.002314 -95.875269 -97.742384 -102.137464 
-68.498115 -69.444649 -75.480458 -78.379083 -82.190411 -79.866718 -77.309921 -82.248097 -76.870372 -77.408823 -80.540274 -81.122202 -81.600477 -82.870826 -83.309820 -82.899641 -82.991764 -83.680399 -83.819068 -84.585465 -84.868639 -85.896817 -87.641856 -89.436251 -91.423578 -92.190665 -94.300980 -92.574924 -90.585435 -90.861030 -88.895814 -86.522868 -85.826843 -84.268435 -84.445712 -84.760416 -84.808913 -85.617648 -87.522974 -91.581408 
-51.383845 -37.771357 -33.520434 -32.782481 -35.360872 -38.142287 -37.014710 -37.235356 -41.259202 -46.276590 -42.672993 -41.215199 -48.281011 -45.367267 -44.667003 -50.755212 -47.835506 -47.832303 -53.752125 -50.908101 -53.622973 -48.161359 -48.142100 -47.358444 -41.660673 -46.956945 -49.345975 -48.400169 -48.452273 -45.085024 -49.851039 -50.578758 -48.499145 -52.511217 -52.803354 -52.925388 -56.684665 -55.751768 -58.027857 -60.764233 
-25.956735 -24.089873 -23.869521 -19.702090 -25.675166 -32.874001 -28.534418 -30.109160 -30.223497 -33.698901 -32.348581 -31.460367 -31.165162 -35.623397 -34.784444 -33.148138 -36.034596 -35.035951 -37.582436 -39.948009 -39.106062 -32.908742 -34.635848 -35.574825 -28.577000 -30.493591 -26.324863 -23.028592 -27.846811 -30.085880 -34.128870 -33.137703 -32.744029 -36.133752 -33.084583 -31.798783 -34.197744 -31.950377 -33.850807 -40.537842 
-19.746310 -20.882282 -23.123030 -22.403371 -23.110390 -23.197541 -26.027878 -34.535680 -34.928277 -34.025035 -32.753977 -38.320745 -35.879081 -33.134887 -34.309380 -32.883661 -32.565360 -36.410063 -35.358906 -37.518715 -33.357780 -31.417618 -32.591478 -35.846118 -27.601145 -24.990955 -21.070237 -18.452818 -21.117464 -22.423399 -27.409620 -28.513506 -28.926809 -27.166588 -25.074758 -20.427767 -21.452506 -22.169043 -24.806744 -30.561097 
-21.800916 -29.483356 -36.858734 -41.380723 -31.760701 -25.781366 -27.459493 -28.471635 -34.834990 -36.265667 -38.414712 -38.528096 -41.693970 -36.376425 -33.115124 -38.545332 -32.503843 -39.249798 -36.536947 -33.581525 -36.445367 -34.077209 -29.653894 -27.619921 -19.588018 -17.795048 -17.607276 -14.060158 -15.081564 -16.758682 -21.895643 -19.543278 -19.096534 -20.611632 -19.944701 -16.985166 -18.588156 -18.261926 -21.089203 -25.664771 
-19.395917 -25.216887 -34.107715 -30.239934 -30.531392 -27.061743 -28.574171 -26.504251 -31.113083 -34.416547 -30.829815 -31.528235 -37.285780 -32.730402 -29.168008 -27.934873 -25.112912 -32.945904 -27.096173 -28.491068 -24.967642 -29.421976 -22.908827 -17.271187 -13.395843 -13.799763 -17.087418 -12.873496 -9.463932 -11.631080 -13.857574 -11.753020 -12.862224 -12.116255 -11.074476 -9.602202 -11.297613 -13.350093 -18.361318 -21.249862 
-23.325401 -24.939172 -29.315371 -27.457184 -24.181483 -26.244089 -25.591875 -27.612882 -25.950116 -27.789240 -32.624113 -27.084978 -27.800153 -27.792433 -25.949115 -26.083537 -23.697038 -24.317608 -23.784258 -23.659311 -21.157576 -20.655701 -16.612438 -12.001260 -10.719776 -7.794962 -9.987957 -7.391786 -3.161833 -7.582834 -10.649445 -10.268952 -8.461334 -5.321302 -4.526145 -6.737576 -8.758682 -9.083422 -10.756303 -15.649503 
-25.794806 -22.861533 -25.751864 -28.388787 -25.810549 -22.962309 -16.680709 -19.684615 -21.708068 -25.414104 -26.620462 -19.757658 -21.443124 -21.707160 -19.074907 -18.383193 -16.718610 -17.650881 -19.465089 -20.639113 -16.754362 -14.629530 -12.905929 -7.091566 -3.917259 -5.288914 -15.800351 -6.686351 -1.000108 -5.069677 -7.066289 -3.346971 -5.966470 -4.908178 -4.211091 -3.264934 -4.198213 -6.850130 -8.389769 -16.427591 
-26.697659 -23.538096 -22.587361 -19.584050 -22.165850 -21.670939 -17.876498 -15.665048 -18.126128 -20.302793 -16.162565 -14.717200 -14.760789 -17.227365 -24.333619 -21.859639 -12.364144 -14.679158 -12.990356 -13.740299 -9.693214 -7.998544 -8.637226 -4.689475 -0.147128 -2.820760 -9.212999 -2.875710 -2.582690 -4.187544 -7.491358 -4.367164 -9.694957 -3.309469 -2.244401 -0.398981 -2.765761 -7.397290 -10.374376 -13.550953 
-22.793843 -26.496930 -23.187179 -19.445886 -21.609142 -19.275907 -18.110241 -16.113633 -23.548827 -22.053902 -19.884322 -16.230486 -15.590175 -14.970088 -19.551989 -23.104530 -16.877585 -17.432551 -18.622453 -12.328711 -11.128999 -12.717985 -10.306035 -10.258078 -3.339678 -4.546792 -11.123426 -3.240652 -1.234266 -5.076231 -10.917922 -8.258369 -8.571087 -9.610032 -11.457429 -10.140198 -9.811846 -12.592283 -14.147352 -16.714827 
-21.415372 -10.612547 -1.448089 4.540407 3.071979 -1.422577 -7.251908 -11.129173 -13.613039 -17.881809 -18.630048 -20.431092 -20.021225 -20.219442 -23.113719 -20.310936 -20.325953 -22.382185 -19.287568 -15.539778 -12.156484 -15.140303 -13.923004 -9.765777 -6.644991 -6.195804 -13.993971 -10.672481 -5.952442 -14.847395 -16.981786 -14.360205 -14.552860 -18.903429 -21.217685 -20.904593 -19.577588 -21.476357 -21.604589 -24.390648 
-9.342913 -5.848442 9.347373 19.903104 19.050028 10.552829 9.413673 13.982552 2.454211 -4.295241 -4.676786 -15.012393 -9.010734 -11.682340 -10.493409 -15.396123 -12.319021 -13.774451 -13.714164 -6.933132 -1.977953 -6.337109 -11.617445 -9.516491 -6.552776 -13.993901 -17.890698 -15.634333 -14.447026 -16.570935 -18.455468 -17.473427 -21.936931 -28.925121 -28.899794 -24.965061 -27.907501 -28.789711 -28.715779 -30.988654 
-16.489551 -13.314582 4.804571 20.579548 17.601568 -3.084192 17.333251 24.476331 10.187904 -0.208060 2.570997 -8.067216 0.581152 -8.087980 -4.623063 -9.846432 -6.043709 -11.174724 -7.092448 0.815387 3.816554 -0.585916 -4.492797 -3.412372 -2.621275 -9.999040 -16.521686 -13.831704 -12.783507 -16.700879 -18.507502 -12.067831 -17.218719 -29.193892 -31.483586 -25.260590 -28.089894 -28.062278 -28.220986 -27.590594 
-22.867906 -21.620450 0.357454 17.889654 15.738700 -8.685473 14.954614 27.957597 16.258850 0.075384 5.276331 -12.675485 4.323902 -3.522022 -4.209684 -6.982469 -3.336288 -6.566143 -3.583779 2.591923 1.087401 -0.985720 -4.525073 -2.750080 -3.202266 -12.181269 -19.088561 -15.483582 -15.678734 -17.521202 -20.540871 -13.633867 -16.245736 -35.640981 -36.355171 -24.950610 -28.136419 -30.361210 -33.196856 -32.778098 
-10.630171 -8.746811 -7.083966 14.822016 14.468015 -1.812348 13.663968 28.825362 19.554968 -3.523578 6.460689 -4.748497 3.522257 1.765096 -5.587602 -2.267428 -6.533689 -5.848476 -3.168433 0.514229 3.386495 -10.519192 -8.968903 -6.954590 -11.499037 -17.253493 -22.104982 -17.824534 -15.967518 -16.176153 -19.400638 -12.946875 -14.943258 -34.830267 -38.181003 -29.909862 -30.279569 -32.385630 -34.996068 -34.723490 
-11.374739 -9.777425 -7.549354 12.434561 13.949771 -3.866566 8.540211 27.856442 20.763734 -7.016940 5.877324 -4.230753 -1.450877 2.524565 -9.702564 -1.648370 -12.656308 -6.571714 -4.030669 -3.047747 2.599947 -9.391593 -12.133002 -9.525121 -11.498971 -20.168153 -25.812411 -24.377678 -18.783610 -15.296702 -17.699180 -13.209855 -16.955472 -34.078108 -39.964751 -27.736700 -31.526722 -36.796951 -35.617361 -35.660313 
-29.637102 -18.908674 -12.427029 11.551805 13.904238 -4.070221 6.720605 27.012739 20.407702 -10.399684 6.572591 -1.738344 -0.829635 3.461946 -9.743856 -1.502548 -10.968897 -6.599977 -4.871107 -3.572941 4.122415 -7.650355 -9.509769 -8.461568 -12.992236 -19.114753 -23.018377 -22.584301 -20.894609 -17.315791 -19.455214 -14.649651 -18.556442 -31.779185 -32.434056 -26.791009 -30.890038 -31.999831 -31.825358 -32.107902 
-24.889827 -18.492122 -23.202733 11.338746 13.783223 -2.354758 6.862231 26.808527 20.281435 -7.530759 7.652546 -1.395919 -1.247826 3.497737 -9.216995 -0.862353 -11.110636 -6.377486 -4.928917 -4.116677 4.566208 -6.101476 -7.669026 -8.266520 -12.776753 -19.599211 -22.230166 -20.171488 -16.841386 -16.445808 -19.643958 -17.920145 -20.717238 -29.121183 -30.390184 -26.850564 -29.515856 -31.086214 -31.089075 -31.087827 
-14.167568 -12.332713 -11.086374 11.228175 14.046526 -2.531251 6.477556 26.790910 20.637905 -6.453867 8.070009 -0.543580 -1.577643 4.569016 -9.708234 -0.721977 -10.997874 -4.615460 -3.892350 -2.616189 4.941475 -3.514971 -6.752324 -5.524934 -10.414049 -21.027699 -26.151578 -24.732095 -23.327175 -19.410998 -20.304668 -17.617350 -20.873523 -35.963229 -35.403850 -29.636283 -34.113983 -37.059262 -36.696267 -35.165227 
-18.480364 -15.607746 -10.554190 11.530750 14.517091 -2.979146 5.506209 26.452565 20.476893 -9.420383 8.169820 0.419579 -1.630677 4.846577 -10.743829 -0.586645 -10.789378 -4.037233 -6.321484 -5.045044 4.261875 -3.268305 -6.027349 -3.316757 -9.062689 -19.698832 -21.630915 -22.538953 -19.977646 -16.073067 -20.213529 -15.627690 -19.755460 -33.673957 -34.706031 -30.369246 -34.218753 -33.655459 -34.865991 -34.696550 
-26.184445 -24.103886 -17.982270 12.012649 14.832062 -1.395462 5.973151 26.306627 20.153051 -9.130669 8.656569 0.853152 -1.412721 4.746402 -9.931091 -0.931850 -10.519890 -3.778882 -6.228645 -5.335813 3.442856 -4.094645 -6.679333 -3.852149 -10.099820 -16.493805 -19.599113 -20.768311 -19.310812 -15.769869 -19.635802 -17.918905 -20.542659 -31.922093 -32.489169 -28.622067 -29.488748 -32.342705 -32.389644 -32.764438 
-22.602370 -20.388735 -13.670286 12.663058 14.627173 -3.191414 7.686873 26.536703 19.323662 -4.814288 9.788845 0.046561 0.971625 4.447347 -7.808515 -0.964576 -9.965300 -4.607179 -5.704992 -4.881217 3.507778 -2.219474 -1.813721 -2.042636 -6.648088 -14.827897 -17.993733 -17.769672 -17.407932 -14.535451 -19.612147 -19.547666 -22.464965 -30.347043 -30.484850 -27.508216 -29.499199 -30.596879 -30.058324 -30.765141 
-24.159489 -18.320545 -7.064470 13.410980 13.935038 -6.487230 12.099294 26.802538 16.491034 -1.000001 11.028009 -3.201239 3.940405 2.633789 -3.922565 -2.214631 -6.175039 -6.143286 -3.243724 -4.024481 1.021991 1.884179 -2.402490 -3.052358 -8.187864 -16.572149 -18.323559 -18.506200 -14.025982 -13.317367 -16.034779 -16.990111 -20.177660 -37.539603 -38.616387 -31.204836 -33.973732 -36.092828 -36.688387 -36.007189 
-19.845085 -21.120953 -4.876527 14.504533 13.040075 -7.255759 15.726542 26.243122 11.689512 3.918600 11.485292 -5.637483 6.020948 -1.498573 -0.680134 -5.989463 -3.671666 -8.556204 -5.047488 -3.187548 -0.033193 5.475229 -0.193218 -2.760469 -8.208675 -17.699203 -20.556960 -19.316042 -15.244815 -13.577906 -15.579709 -14.645812 -19.102799 -40.704452 -42.467248 -33.169981 -34.025640 -36.566552 -39.089015 -37.098626 
-18.640565 -16.996177 -0.352533 15.050467 11.666891 -3.993211 19.057154 24.694250 5.573578 9.375475 9.221935 -3.041304 6.560995 -4.157562 2.212952 -6.926614 -4.056627 -8.419822 -6.560766 -3.965840 3.087092 3.968761 -0.601285 -0.062865 -9.021653 -16.768592 -21.451313 -20.104747 -16.617244 -15.367481 -17.970810 -16.825494 -21.260557 -37.777568 -40.961001 -31.692217 -33.408398 -36.864840 -39.532891 -38.409706 
-22.614749 -19.105488 3.226779 15.017609 8.851428 0.830448 21.122055 21.345887 1.415253 13.421857 5.635541 2.056326 3.417895 -1.995881 1.834861 -6.819781 -7.932406 -7.822911 -10.143216 -8.781620 0.383291 -1.648733 -1.434843 -2.925211 -10.013630 -17.474650 -22.118488 -20.733962 -17.505494 -17.344414 -19.168160 -16.931528 -20.759101 -36.041240 -36.117859 -32.652380 -34.397265 -36.084523 -36.287354 -35.802090 
-22.963709 -16.993562 6.445645 15.089032 5.183034 7.606040 22.165061 15.864119 5.714663 15.552593 3.301090 5.541306 -1.627119 1.392227 -2.962508 -6.832956 -9.223224 -9.178487 -9.783027 -4.344770 1.067457 1.940344 0.044231 -3.881058 -14.149823 -23.685625 -24.402168 -22.313375 -18.952591 -18.275326 -22.390714 -18.424194 -21.051841 -40.137692 -40.471648 -35.245254 -34.266379 -34.555162 -38.797071 -39.564687 
-23.783700 -10.650084 10.350874 14.714326 1.457859 13.902829 22.468404 12.781532 13.872985 11.688131 2.859009 3.806404 -4.251990 -1.959218 -8.021129 -11.113851 -8.583827 -11.479410 -9.950325 -2.887660 3.251250 2.505621 1.028264 -3.196259 -13.853095 -21.036696 -21.701470 -19.985909 -16.722431 -15.865362 -21.151299 -21.339862 -25.526885 -40.135751 -40.155431 -34.963610 -35.928628 -38.176891 -38.846438 -39.993885 
-28.119123 -3.281552 13.234002 14.162822 1.377086 16.935465 18.469449 11.589976 19.847654 8.766945 7.234361 -0.202708 -2.015633 -6.726443 -5.494797 -8.916692 -9.605689 -9.223171 -7.783222 -2.863258 2.002991 0.294237 -2.512352 -6.945082 -14.746292 -21.567649 -23.864472 -22.804249 -18.383765 -17.581353 -20.432430 -18.349442 -23.638648 -45.323802 -43.506767 -33.863700 -34.513804 -36.921484 -43.503233 -41.305289 
-17.306033 2.608991 15.218706 12.867001 5.756301 15.179204 11.366492 19.828683 21.175675 9.141717 5.755990 2.295485 -2.148878 -2.825078 -6.830241 -9.851995 -10.319213 -8.342792 -5.089490 1.121747 5.516168 1.347771 1.165581 -6.765929 -16.518293 -22.133440 -24.464109 -23.282880 -17.883842 -17.105971 -20.041571 -19.433270 -24.464984 -47.401654 -42.155432 -31.258135 -34.877222 -39.218440 -43.028448 -44.570685 
-13.869185 6.285479 15.391892 9.866791 11.397067 13.677445 12.438962 23.300403 16.861408 13.252447 5.034490 4.087142 -5.311306 -6.766279 -6.512363 -8.296872 -7.334957 -5.137928 -1.070937 5.670163 6.308699 4.029235 1.666953 -8.066866 -18.904135 -26.681568 -27.783312 -24.118485 -18.823456 -19.821251 -22.806348 -20.517080 -24.593078 -41.283719 -41.447575 -34.007331 -35.579185 -37.555975 -38.848116 -38.051294 
-10.667705 8.310414 14.124291 6.041878 15.315083 13.269320 16.491621 18.845714 15.275933 9.813506 5.800401 -1.218347 -9.676213 -4.402169 -6.904938 -8.308295 -7.971868 -5.069801 0.107118 6.093545 4.317303 3.075861 -1.842504 -12.085270 -18.706241 -23.750671 -23.146503 -19.648534 -13.201201 -15.033725 -20.710217 -26.030837 -30.551493 -40.784626 -40.974777 -33.618660 -33.507114 -36.770697 -38.993610 -39.630255 
-6.111018 9.298681 12.784876 8.075649 16.120148 9.738174 15.967707 14.271061 20.242345 8.675613 -0.243594 1.334000 -1.368680 -4.547194 -6.296212 -8.755285 -8.481427 -4.077746 2.491704 6.923222 4.149330 3.272965 -3.632060 -15.001007 -20.868249 -25.547276 -26.086807 -20.483390 -15.558440 -18.730583 -24.455288 -25.336896 -29.392132 -44.960154 -44.820310 -41.093372 -37.135553 -36.991437 -39.527712 -42.354159 
-6.325562 9.750811 10.099052 10.382814 13.967966 9.772252 12.730124 19.194680 19.619926 7.740842 4.803472 2.771960 -2.970236 -6.060399 -7.326171 -8.535985 -7.222657 -4.017294 3.272428 6.081251 2.087232 2.145894 -8.567207 -18.522127 -27.699967 -28.702208 -28.660083 -23.207908 -17.291246 -20.785471 -26.111805 -28.423852 -31.953777 -39.037818 -39.355852 -35.611558 -34.217467 -32.420322 -37.687365 -39.953927 
-3.915664 10.008627 9.389389 11.608322 11.297772 7.768328 10.173873 20.278385 12.240784 7.226806 4.117687 -1.983773 -4.091217 -4.287718 -6.386105 -8.490668 -7.882878 -4.034600 3.349246 3.131562 1.431878 -0.594296 -12.063007 -19.254393 -25.083327 -29.483748 -30.827600 -24.369740 -19.590055 -22.270177 -27.812970 -28.526024 -34.857009 -46.133788 -45.809671 -39.492043 -36.247369 -35.044765 -38.404455 -42.954359 
-1.389374 9.567290 8.993155 11.394966 8.298196 5.870888 11.269447 13.989398 14.819265 8.621840 2.759269 0.555463 -5.517692 -5.104264 -4.868836 -5.273886 -3.152915 0.466153 4.319171 -0.295731 -0.062042 -5.056146 -16.587615 -26.038083 -28.855972 -31.270097 -30.597184 -24.114401 -18.952942 -23.166417 -29.855502 -33.906150 -35.451592 -38.327616 -38.777033 -36.826944 -32.935930 -36.396846 -39.222672 -39.628454 
-1.181297 7.694477 6.355880 8.817538 6.389987 7.112001 9.469048 12.962316 15.966704 4.202350 2.575723 -3.524622 -5.933189 -6.408060 -7.545563 -9.477252 -7.974803 -1.707200 2.375945 -1.594130 -1.575840 -9.010358 -21.855391 -29.312734 -37.237203 -34.459015 -28.579986 -19.094179 -12.596620 -15.643873 -22.331903 -30.900698 -36.334400 -49.742956 -51.843025 -38.635011 -34.158484 -35.597786 -42.621529 -44.362847 
-0.951212 7.213881 6.349211 7.038815 6.002018 7.029846 8.239139 13.505133 12.659267 1.431631 -0.893576 -7.897842 -9.624302 -8.613965 -9.745141 -12.441153 -9.297886 -1.456917 -0.461435 -5.921484 -6.878169 -16.008562 -24.708812 -33.315680 -34.924408 -36.418146 -37.289005 -29.353639 -22.493973 -26.028975 -31.752647 -35.808518 -38.008379 -40.983509 -41.351340 -40.362289 -33.796399 -33.892925 -36.196297 -40.583683 
-0.122797 6.954885 6.198468 5.465689 5.539310 4.498911 4.267601 9.969449 9.965105 4.362211 -3.341925 -6.644432 -8.023892 -10.848869 -13.209038 -13.219249 -5.919889 -1.089764 -4.243864 -7.068771 -9.261948 -20.867812 -31.674276 -38.826406 -40.066428 -40.152349 -39.062692 -35.372030 -31.488577 -37.840672 -40.209888 -38.646139 -42.309265 -45.536412 -46.067513 -43.736524 -40.446551 -36.578270 -38.412039 -43.526631 
-0.231154 4.919513 3.571852 2.577245 1.358346 -1.213752 0.676857 5.599981 10.529215 -0.953736 -6.709666 -12.345622 -15.096860 -14.647700 -13.256304 -15.772017 -11.520764 -2.626460 -8.072914 -8.668531 -12.197522 -24.029644 -41.771023 -44.674026 -45.680933 -45.669442 -42.619062 -40.288902 -34.791375 -41.508142 -43.799338 -40.697244 -48.166244 -55.323878 -59.548125 -47.792242 -38.183695 -37.154661 -43.527746 -47.467217 
-1.564037 -0.638929 -1.702160 -1.907686 -3.117343 -6.958190 -6.083428 4.132896 7.812854 -2.741986 -9.815780 -11.962021 -19.560773 -17.645414 -17.607948 -19.103965 -14.200840 -11.501674 -12.464320 -11.996948 -15.663484 -29.444521 -42.808999 -48.955600 -47.564038 -47.928046 -46.206640 -43.489217 -38.810573 -45.624247 -48.429256 -48.782023 -53.062199 -56.359595 -55.951979 -50.709954 -41.035328 -39.980344 -45.320567 -49.177594 
-3.971638 -3.377799 -6.869608 -6.802757 -6.010541 -9.504349 -2.388815 3.143814 4.674464 -6.733877 -10.704528 -16.223471 -21.599518 -19.797434 -19.988213 -17.370772 -12.040759 -7.742186 -15.661428 -13.589933 -20.285641 -31.075174 -39.911231 -48.701102 -47.838373 -50.249394 -51.232004 -42.290656 -39.988465 -50.928190 -50.556668 -51.278537 -52.276824 -56.103643 -56.116735 -51.395984 -48.291587 -44.000011 -45.389385 -49.045222 
-4.173057 -3.554359 -7.996870 -5.631599 -4.350807 -4.034746 -4.514085 -2.198570 0.248551 -6.367458 -10.117282 -13.907228 -14.805218 -14.664667 -16.907089 -18.210796 -11.235010 -7.158563 -12.088821 -11.291694 -15.765418 -29.172571 -40.967419 -49.947624 -46.967464 -48.003447 -45.227964 -39.903612 -38.232753 -45.907446 -47.528075 -49.163044 -52.961002 -54.399193 -54.454337 -53.717537 -48.811763 -46.723495 -48.867616 -53.123204 
-4.689223 -3.969160 -7.337621 -7.523333 -4.516105 -9.842018 -8.638623 -1.424554 2.799401 -7.048358 -11.234093 -18.188814 -18.400752 -17.238966 -21.177112 -20.998216 -15.406627 -12.461627 -16.333424 -12.398157 -17.976045 -32.511802 -39.934048 -49.965927 -50.495109 -49.608465 -49.348334 -42.738793 -39.509570 -47.340832 -49.413455 -51.491031 -56.453588 -55.964970 -56.451921 -54.150743 -51.453111 -44.896430 -46.540291 -48.158390 
-9.573024 -4.788824 -9.373139 -14.066596 -11.432592 -16.209704 -20.418904 -8.640030 -3.617738 -14.964273 -15.824063 -21.257245 -21.855200 -20.282298 -21.793350 -26.619930 -15.632142 -10.708175 -19.233024 -19.440778 -25.886347 -38.635963 -41.378885 -48.116272 -50.052407 -49.810666 -49.166818 -43.106453 -43.314605 -51.811835 -49.970820 -51.275960 -56.125908 -56.393513 -55.951423 -54.662341 -52.868963 -46.556395 -48.461923 -49.608969 
-7.773196 -3.077131 -7.332560 -8.034332 -15.950977 -18.269463 -19.641892 -10.092180 -8.275962 -13.175158 -18.687253 -18.309026 -25.971811 -27.720265 -26.403743 -26.319311 -18.188259 -7.355388 -10.908782 -17.092577 -29.182889 -39.018160 -45.372988 -49.556799 -48.411756 -51.089476 -52.273026 -50.360550 -49.972662 -52.475958 -49.263091 -51.053536 -56.690242 -58.033594 -56.942158 -58.753867 -54.452520 -51.560248 -50.533392 -51.783685 
-7.716959 -1.215217 -4.933086 -7.583473 -10.285849 -15.493587 -12.762794 -9.554452 -8.440275 -16.549838 -22.021114 -22.730098 -25.798979 -24.966699 -24.339344 -22.000497 -14.614701 -7.755700 -18.541428 -19.084633 -21.844164 -39.650813 -48.403724 -45.064743 -48.836976 -52.154520 -49.811140 -49.208182 -48.738045 -55.129766 -54.316555 -51.258559 -53.533530 -55.440597 -56.445507 -56.462861 -54.641450 -49.272202 -50.017120 -54.408507 
-8.965918 -0.588527 -4.438844 -6.898566 -7.094686 -7.588810 -6.928478 -3.454170 -5.832319 -12.991221 -15.506451 -13.785956 -15.922332 -19.344061 -26.008314 -26.801171 -19.265849 -12.288280 -14.088437 -16.576353 -19.377675 -27.362886 -34.560384 -45.140410 -50.277877 -49.180627 -47.503047 -42.549351 -44.401236 -49.175938 -51.082335 -50.604888 -51.155732 -55.558097 -55.046477 -54.512775 -52.405538 -48.091686 -47.039534 -45.806922 
-8.346956 -0.093115 -4.516971 -6.548109 -9.174577 -8.663456 -8.617145 -4.759539 -8.496406 -15.843673 -16.880568 -20.791716 -26.575647 -26.280876 -21.862519 -22.312830 -16.321173 -7.575123 -15.531060 -18.300324 -19.728105 -37.396174 -43.203582 -53.536472 -48.672940 -48.090768 -49.093537 -48.750738 -45.677440 -51.760509 -54.553150 -53.132895 -54.845531 -62.019857 -62.546058 -58.129481 -54.743292 -51.203483 -51.515370 -50.508475 
-7.230731 0.457780 -3.056597 -7.303997 -9.164628 -9.951703 -14.526367 -10.068767 -12.846206 -15.512610 -17.420977 -22.908034 -27.919785 -20.792425 -19.545067 -23.284725 -14.620556 -9.610441 -20.051773 -17.542594 -21.173445 -35.640972 -35.218440 -41.596059 -47.091864 -51.580479 -50.036431 -41.339292 -44.202105 -48.426373 -49.025180 -46.653519 -51.752592 -54.608588 -55.267430 -52.342868 -50.797033 -47.982304 -44.615492 -49.870205 
-7.876267 0.168404 -3.680585 -8.520537 -13.335639 -13.427802 -15.799517 -11.667827 -12.480294 -13.006712 -17.271511 -27.130321 -25.517069 -26.577337 -26.243779 -29.961520 -21.654495 -15.266503 -16.318207 -16.261872 -27.864437 -37.538896 -40.251264 -45.801354 -49.254403 -53.476338 -50.846593 -44.037295 -45.695404 -52.586306 -52.912595 -48.970038 -53.160538 -57.032530 -58.103718 -54.583353 -51.345799 -44.370935 -43.960033 -50.392300 
-6.904164 -0.714633 -7.268639 -16.286310 -14.063446 -18.509040 -13.984738 -10.388624 -13.818270 -17.725881 -16.800431 -21.846250 -25.554217 -29.856418 -33.428445 -24.724208 -18.590877 -13.548384 -18.153542 -20.074459 -24.841397 -37.629081 -46.631484 -43.687131 -47.210858 -51.567687 -49.088753 -42.518532 -45.928910 -52.570291 -53.267936 -51.788551 -55.214767 -57.918581 -57.688378 -57.799412 -52.336119 -50.115723 -47.107405 -49.770161 
-8.116399 -1.544556 -7.419974 -17.232079 -16.431978 -21.753439 -14.888404 -10.197057 -15.796449 -29.987638 -30.340325 -27.672792 -30.688510 -29.492625 -31.681073 -26.435211 -22.519149 -13.409072 -12.788520 -18.660950 -22.058340 -34.187895 -39.415029 -46.787584 -51.371835 -58.667209 -52.477382 -43.936809 -46.808331 -55.877914 -54.100550 -56.055371 -57.984266 -61.326468 -64.357615 -58.622566 -54.614782 -51.459928 -47.756402 -50.777951 
-12.652260 -8.418866 -13.158703 -12.817490 -15.114820 -24.154852 -21.099019 -16.842876 -24.934254 -28.008186 -25.447074 -29.395145 -28.238695 -31.968207 -35.396804 -30.725359 -28.109925 -21.882657 -21.595437 -23.012635 -21.708015 -28.265288 -36.395108 -45.172197 -50.680769 -54.544211 -51.450814 -47.096587 -48.326476 -55.220275 -57.744105 -56.503626 -56.928689 -59.957719 -61.385337 -57.562073 -53.669656 -54.127279 -49.034302 -53.753033 
-17.632998 -15.657285 -17.415296 -23.930638 -17.326370 -19.167589 -20.126292 -19.034737 -25.705514 -29.810847 -24.526403 -22.215926 -30.349266 -34.081585 -33.246230 -30.330312 -31.000153 -24.977186 -27.535479 -25.645705 -24.905125 -27.498212 -40.754605 -43.014456 -48.535544 -52.314612 -53.003944 -50.079471 -49.063078 -50.845368 -56.834134 -59.699083 -59.607577 -61.512255 -60.950279 -57.985985 -58.383602 -57.423421 -54.805602 -57.453564 
-29.242501 -33.808213 -34.734023 -25.867534 -27.844112 -30.613015 -21.887028 -21.697956 -27.055285 -34.405678 -32.540673 -30.755345 -34.947189 -36.889149 -34.107791 -39.992724 -35.109785 -30.930698 -25.175980 -27.087338 -34.141835 -35.700795 -45.852886 -52.118379 -55.441811 -59.906552 -60.502960 -59.224584 -52.106723 -55.271593 -62.289149 -65.546449 -67.185010 -67.416464 -66.238424 -63.781264 -64.461809 -64.382938 -62.454052 -64.736195 
-53.548239 -47.681039 -41.780001 -40.432762 -41.161035 -41.480946 -44.822671 -50.539555 -44.105086 -45.870309 -48.724749 -55.856536 -56.877833 -50.915915 -47.958871 -51.011086 -51.853762 -47.084998 -42.458145 -46.780048 -45.695914 -50.558171 -62.842488 -63.638979 -66.290771 -71.369371 -71.810707 -71.362797 -71.961897 -74.707196 -77.145734 -77.531552 -81.185797 -79.640033 -82.165256 -82.212383 -82.368537 -82.268017 -83.420499 -83.421152 
NaN NaN NaN NaN NaN NaN NaN NaN NaN NaN NaN NaN NaN NaN NaN NaN NaN NaN NaN NaN NaN NaN NaN NaN NaN NaN NaN NaN NaN NaN NaN NaN NaN NaN NaN NaN NaN NaN NaN NaN 
NaN NaN NaN NaN NaN NaN NaN NaN NaN NaN NaN NaN NaN NaN NaN NaN NaN NaN NaN NaN NaN NaN NaN NaN NaN NaN NaN NaN NaN NaN NaN NaN NaN NaN NaN NaN NaN NaN NaN NaN 
NaN NaN NaN NaN NaN NaN NaN NaN NaN NaN NaN NaN NaN NaN NaN NaN NaN NaN NaN NaN NaN NaN NaN NaN NaN NaN NaN NaN NaN NaN NaN NaN NaN NaN NaN NaN NaN NaN NaN NaN 
NaN NaN NaN NaN NaN NaN NaN NaN NaN NaN NaN NaN NaN NaN NaN NaN NaN NaN NaN NaN NaN NaN NaN NaN NaN NaN NaN NaN NaN NaN NaN NaN NaN NaN NaN NaN NaN NaN NaN NaN 
NaN NaN NaN NaN NaN NaN NaN NaN NaN NaN NaN NaN NaN NaN NaN NaN NaN NaN NaN NaN NaN NaN NaN NaN NaN NaN NaN NaN NaN NaN NaN NaN NaN NaN NaN NaN NaN NaN NaN NaN 
NaN NaN NaN NaN NaN NaN NaN NaN NaN NaN NaN NaN NaN NaN NaN NaN NaN NaN NaN NaN NaN NaN NaN NaN NaN NaN NaN NaN NaN NaN NaN NaN NaN NaN NaN NaN NaN NaN NaN NaN 
NaN NaN NaN NaN NaN NaN NaN NaN NaN NaN NaN NaN NaN NaN NaN NaN NaN NaN NaN NaN NaN NaN NaN NaN NaN NaN NaN NaN NaN NaN NaN NaN NaN NaN NaN NaN NaN NaN NaN NaN 
NaN NaN NaN NaN NaN NaN NaN NaN NaN NaN NaN NaN NaN NaN NaN NaN NaN NaN NaN NaN NaN NaN NaN NaN NaN NaN NaN NaN NaN NaN NaN NaN NaN NaN NaN NaN NaN NaN NaN NaN 
NaN NaN NaN NaN NaN NaN NaN NaN NaN NaN NaN NaN NaN NaN NaN NaN NaN NaN NaN NaN NaN NaN NaN NaN NaN NaN NaN NaN NaN NaN NaN NaN NaN NaN NaN NaN NaN NaN NaN NaN 
NaN NaN NaN NaN NaN NaN NaN NaN NaN NaN NaN NaN NaN NaN NaN NaN NaN NaN NaN NaN NaN NaN NaN NaN NaN NaN NaN NaN NaN NaN NaN NaN NaN NaN NaN NaN NaN NaN NaN NaN 
NaN NaN NaN NaN NaN NaN NaN NaN NaN NaN NaN NaN NaN NaN NaN NaN NaN NaN NaN NaN NaN NaN NaN NaN NaN NaN NaN NaN NaN NaN NaN NaN NaN NaN NaN NaN NaN NaN NaN NaN 
NaN NaN NaN NaN NaN NaN NaN NaN NaN NaN NaN NaN NaN NaN NaN NaN NaN NaN NaN NaN NaN NaN NaN NaN NaN NaN NaN NaN NaN NaN NaN NaN NaN NaN NaN NaN NaN NaN NaN NaN 
NaN NaN NaN NaN NaN NaN NaN NaN NaN NaN NaN NaN NaN NaN NaN NaN NaN NaN NaN NaN NaN NaN NaN NaN NaN NaN NaN NaN NaN NaN NaN NaN NaN NaN NaN NaN NaN NaN NaN NaN 
-71.987276 -71.981792 -71.972676 -71.957321 -71.936572 -71.907583 -71.872342 -71.827434 -71.768295 -71.698666 -71.615319 -71.514190 -71.398820 -71.263890 -71.109235 -70.937748 -70.743681 -70.531873 -70.300552 -70.051926 -69.784256 -69.496735 -69.195794 -68.876582 -68.542189 -68.197944 -67.846841 -67.494067 -67.138897 -66.783742 -66.430675 -66.086393 -65.755347 -65.438282 -65.137694 -64.859727 -64.608645 -64.388110 -64.220635 -64.147277 
-75.947665 -75.941914 -75.932355 -75.916247 -75.894474 -75.864040 -75.827025 -75.779834 -75.717662 -75.644445 -75.556806 -75.450516 -75.329367 -75.187886 -75.026050 -74.847054 -74.645070 -74.425281 -74.185907 -73.929188 -73.653203 -73.356983 -73.047117 -72.718796 -72.375635 -72.023601 -71.665956 -71.307626 -70.947059 -70.586118 -70.227322 -69.878702 -69.545227 -69.226144 -68.922384 -68.642077 -68.391913 -68.166603 -67.968855 -67.841316 
NaN NaN NaN NaN NaN NaN NaN NaN NaN NaN NaN NaN NaN NaN NaN NaN NaN NaN NaN NaN NaN NaN NaN NaN NaN NaN NaN NaN NaN NaN NaN NaN NaN NaN NaN NaN NaN NaN NaN NaN 
NaN NaN NaN NaN NaN NaN NaN NaN NaN NaN NaN NaN NaN NaN NaN NaN NaN NaN NaN NaN NaN NaN NaN NaN NaN NaN NaN NaN NaN NaN NaN NaN NaN NaN NaN NaN NaN NaN NaN NaN 
NaN NaN NaN NaN NaN NaN NaN NaN NaN NaN NaN NaN NaN NaN NaN NaN NaN NaN NaN NaN NaN NaN NaN NaN NaN NaN NaN NaN NaN NaN NaN NaN NaN NaN NaN NaN NaN NaN NaN NaN 
NaN NaN NaN NaN NaN NaN NaN NaN NaN NaN NaN NaN NaN NaN NaN NaN NaN NaN NaN NaN NaN NaN NaN NaN NaN NaN NaN NaN NaN NaN NaN NaN NaN NaN NaN NaN NaN NaN NaN NaN 
