-7.349022 -8.038103 -12.874963 -13.492355 -11.265791 -7.848538 -6.738053 -11.294879 -16.337924 -16.648416 -24.907931 -19.057262 -12.935342 -14.019529 -10.734231 -9.058857 -9.090039 -5.764146 -6.661625 -3.147225 -2.453771 -13.634872 -15.037934 -21.294976 -21.740319 -24.236272 -27.226187 -28.941232 -30.109218 -23.538655 -30.643012 -29.238806 -23.213472 -24.905401 -28.326036 -35.015413 -33.549014 -30.292091 -29.500572 -28.933920 
-6.027554 -4.341574 -9.986229 -13.401204 -9.987815 -9.374501 -12.025624 -4.700661 -11.121414 -18.226332 -12.350736 -11.774561 -11.325345 -10.096905 -6.652324 -5.432034 -10.210566 -3.356183 -8.539889 -0.127261 -0.843741 -10.745461 -11.569620 -15.466923 -14.100185 -17.371302 -19.058565 -21.914522 -23.224601 -20.012670 -21.467773 -19.814649 -20.860592 -21.131576 -20.148385 -22.814108 -25.655559 -25.641346 -22.161729 -23.342522 
-19.228588 -10.632476 -13.948472 -13.887688 -9.413783 -9.251283 -4.460648 -2.173611 -12.135857 -9.737854 -10.604983 -13.073587 -14.995037 -6.246598 -3.419693 -5.639149 -4.777350 -9.031502 -6.911652 0.339671 -4.034902 -8.494487 -4.951512 -11.346762 -10.177313 -14.389022 -14.945612 -15.183660 -21.187528 -16.424728 -17.283045 -14.119267 -15.907262 -18.067435 -17.274765 -17.959688 -18.197720 -16.773704 -15.236741 -20.386035 
-9.407726 -7.201974 -8.019791 -10.102477 -15.434700 -5.413885 -2.945433 -0.968273 -6.342145 -6.337185 -9.670849 -19.059700 -13.882734 -11.330431 -10.734288 -11.848981 -9.826539 -9.102154 -3.856408 1.026524 -4.487469 -8.379717 -11.861443 -12.404782 -13.799414 -14.419579 -13.766663 -14.601191 -18.936733 -16.554955 -16.562699 -16.641778 -17.872587 -19.473815 -20.753469 -19.226530 -19.487956 -16.321827 -15.249525 -21.176836 
-7.555592 -8.716967 -11.733755 -4.683660 -9.802754 -11.472482 -3.277469 -2.141265 -8.545759 -10.127662 -12.699210 -15.054951 -17.315954 -19.351021 -19.169741 -14.283816 -10.945414 -9.128730 -9.254459 -2.482131 -7.068381 -11.646291 -17.591619 -10.301640 -10.090411 -13.568540 -15.779235 -17.018694 -18.690891 -17.326536 -17.581088 -17.951591 -23.105399 -24.284927 -23.948577 -26.793628 -22.744205 -22.380252 -20.001425 -23.676617 
-6.133484 -4.967317 3.544786 14.416150 15.714111 8.866761 0.484601 6.023551 4.453670 -4.531095 -5.888183 -7.296436 -10.345640 -14.276826 -15.614562 -13.413353 -14.936062 -9.265571 -3.967999 -1.111772 -8.189734 -13.473404 -13.628298 -14.693496 -15.017440 -26.143417 -21.923434 -21.647009 -21.945654 -20.333448 -20.066870 -18.164566 -24.988004 -25.423498 -23.128741 -23.890503 -24.055152 -22.508926 -19.661568 -26.486663 
-10.434369 -11.346678 -1.875314 19.475082 21.086579 6.763765 7.484465 21.374789 16.908864 -7.298600 3.216279 -2.304840 -6.278593 -2.216934 -8.626044 -0.630168 -7.831144 -0.160009 0.864257 -0.336184 -7.264424 -10.378986 -10.092276 -6.738029 -14.239829 -22.888847 -23.019397 -24.861762 -20.101868 -18.240060 -19.832433 -22.866483 -24.744562 -22.680105 -20.224511 -19.193885 -23.206314 -23.263339 -20.898845 -30.513904 
-19.372069 -16.130672 -8.051906 17.497192 20.934299 4.421930 4.513370 25.118554 21.636968 -9.478588 0.132824 -2.229591 -8.213233 1.260346 -8.931630 2.834293 -3.788666 6.212808 -0.266739 0.940905 -8.050477 -11.566702 -9.784482 -3.298170 -13.259671 -22.514132 -27.435024 -28.733272 -17.376415 -14.838329 -19.266060 -25.230522 -29.102853 -22.248824 -18.139491 -16.045266 -25.054476 -23.361974 -23.848536 -35.826772 
-17.399032 -20.489148 -17.784173 14.068318 18.833097 3.787563 -0.983338 25.122417 24.527321 -4.496255 1.848326 0.403167 -14.082689 3.747081 -8.400645 3.603607 -1.118057 10.060263 -1.821326 -1.839225 -12.017882 -13.427741 -10.726962 -1.336510 -11.282524 -21.397416 -24.066049 -25.029615 -19.147734 -17.743623 -23.049433 -28.683298 -31.564214 -23.165571 -18.931702 -17.218358 -25.678922 -24.280058 -24.816554 -40.391845 
-25.145465 -22.105838 -20.017258 11.654701 16.616253 1.500461 -1.226414 25.472817 25.019212 -6.139862 2.656592 0.820271 -10.180244 5.486379 -7.024624 6.606664 -0.269576 9.523436 -3.497210 -4.158749 -14.310095 -15.224526 -12.468873 -3.517109 -11.984451 -22.707550 -26.093140 -25.942919 -18.742916 -17.601341 -23.673547 -30.645901 -34.127463 -23.585154 -19.464988 -17.985783 -26.613771 -25.123163 -25.697988 -39.802532 
-27.333582 -29.638857 -21.639885 11.251085 15.769627 -0.648531 -0.131317 26.105433 24.199629 -7.934811 4.350918 0.525043 -6.775083 6.082423 -7.308291 8.492165 -1.194687 5.939420 -5.922744 -5.018058 -13.354679 -16.659995 -14.514371 -4.400101 -12.929477 -20.987543 -25.420645 -27.494455 -17.899331 -15.755247 -22.117036 -29.935261 -34.876166 -25.972109 -23.298965 -20.665799 -31.493708 -29.570320 -27.401074 -41.537830 
-14.715361 -16.280495 -13.043777 11.711905 15.604043 0.522790 3.378494 26.639706 23.222725 -8.793372 5.064917 0.231821 -4.679447 5.885005 -5.995245 8.401692 -2.120396 4.601779 -7.571428 -5.923199 -14.111739 -16.553783 -15.518842 -5.774982 -13.161121 -19.944331 -23.991089 -26.918435 -16.273687 -14.897771 -20.125325 -28.955440 -35.379329 -26.596515 -24.623226 -22.616594 -32.206847 -30.656172 -28.783588 -39.827675 
-15.595455 -15.423263 -12.810797 13.146562 15.090516 -1.213481 9.472854 27.206171 20.261742 -5.154465 4.653229 -2.906348 0.266629 3.547075 -1.552736 6.999523 -0.695746 4.153455 -6.147065 -8.902599 -13.009848 -16.676854 -14.856542 -9.691718 -11.110843 -19.977498 -23.799617 -25.003357 -17.204592 -14.309785 -18.314833 -25.755950 -30.503407 -26.114275 -23.532372 -22.348042 -28.962310 -29.351451 -28.243489 -33.302849 
-16.318417 -20.519570 -6.520026 14.677801 15.157098 -2.475824 13.530801 26.417763 15.749786 -7.133915 3.256343 -8.977731 0.259673 -0.637667 -1.112167 3.163086 2.976251 4.892660 -4.897625 -11.544939 -14.714109 -16.749865 -16.584731 -12.269680 -9.758164 -21.269922 -26.278045 -28.812614 -21.848265 -15.616343 -16.712674 -23.603538 -35.519868 -26.192387 -23.942132 -22.848205 -31.157110 -25.827191 -24.236236 -38.552558 
-22.718051 -13.719441 0.187391 14.786899 12.371383 -2.197633 14.809021 21.709168 9.032520 -7.008311 -4.259330 -9.828803 -4.782990 -10.579804 -3.324297 -7.612112 1.509304 -0.774721 -5.859129 -14.133285 -17.393446 -18.826871 -21.086247 -13.544590 -14.910808 -24.708542 -28.858193 -32.240476 -27.378694 -22.730975 -20.705603 -22.956281 -34.531523 -29.785776 -26.474828 -26.668041 -34.550932 -29.279857 -26.392788 -37.351965 
-14.760998 -12.595928 2.516032 9.941708 0.879478 -3.948160 6.878710 6.314310 -5.111878 -15.915671 -17.025099 -17.422024 -21.940124 -15.872670 -14.225401 -19.649242 -9.439209 -13.699562 -17.560381 -20.924550 -27.257908 -32.688840 -31.902237 -26.933482 -26.845105 -33.367913 -37.268335 -38.447065 -36.723166 -33.475055 -33.526045 -30.207312 -34.702131 -38.021746 -39.546471 -37.731325 -40.306026 -37.174182 -35.318614 -38.576754 
-16.431432 -16.450877 -2.377770 3.141131 -3.154050 -14.254662 -8.290621 -7.565843 -16.414822 -28.819450 -36.434295 -37.183446 -35.947317 -34.316605 -34.861101 -32.523124 -31.366896 -30.507509 -26.447202 -34.683350 -42.342575 -50.595124 -48.066304 -47.561450 -48.396014 -50.531126 -53.051085 -55.002233 -54.051959 -51.598403 -49.441873 -49.587579 -52.509592 -54.625856 -57.017090 -55.810613 -58.105755 -56.527586 -57.835877 -61.729223 
-28.666714 -20.942644 -21.550009 -13.893647 -12.752554 -24.783084 -17.788725 -10.799506 -20.734429 -32.534675 -34.960565 -33.621743 -40.079334 -41.948237 -39.450133 -40.790167 -39.079256 -37.982158 -36.002418 -45.952457 -48.653764 -51.452147 -52.885488 -53.211251 -55.819429 -55.480175 -56.012467 -56.698132 -56.287426 -57.664446 -58.202654 -58.878172 -59.357733 -58.663886 -59.619874 -59.909710 -61.111685 -61.216796 -61.435446 -61.787911 
-26.396131 -26.622269 -24.541036 -22.861380 -21.056906 -28.268502 -27.677016 -18.109275 -22.778511 -32.691536 -34.527577 -30.816834 -33.900391 -41.617779 -40.779245 -39.520753 -38.513160 -38.284085 -41.780027 -48.356989 -52.304743 -55.938007 -60.432829 -62.206847 -60.569222 -62.032326 -67.350824 -66.518156 -66.397883 -64.257379 -63.773190 -62.400077 -69.223205 -65.181772 -64.993656 -64.128531 -65.263405 -68.981452 -68.538410 -70.979768 
-31.429067 -31.847584 -27.194351 -25.359922 -28.667545 -36.694337 -34.280115 -27.796375 -36.479129 -39.747032 -35.252968 -35.318996 -34.337451 -38.841922 -46.055331 -48.668654 -44.335334 -47.297602 -46.176274 -54.245364 -55.565849 -58.538548 -62.558742 -64.698836 -64.721799 -65.386410 -65.989699 -67.521292 -67.789615 -67.456225 -68.163423 -69.283517 -71.486150 -67.658017 -67.147495 -67.273108 -68.665380 -70.946746 -71.483043 -70.891085 
-30.995366 -27.978417 -31.830357 -30.242351 -29.186483 -35.033740 -41.583998 -38.913447 -31.110205 -34.377002 -32.788045 -40.384276 -42.213035 -40.064530 -44.292845 -49.785573 -56.399591 -55.062653 -48.323545 -53.131660 -61.468830 -64.086184 -66.751611 -65.032874 -68.756130 -71.995457 -68.440301 -69.058539 -72.464990 -68.600813 -69.622035 -71.344880 -71.247510 -69.248383 -69.325682 -73.085369 -68.564291 -70.453760 -72.129331 -71.727601 
-36.695845 -31.737568 -36.984845 -41.932234 -35.321265 -40.016397 -37.410267 -34.367090 -40.178588 -45.628710 -38.202887 -44.417069 -43.399015 -47.089426 -47.804891 -51.914909 -58.105900 -60.656137 -54.965570 -59.919233 -62.974934 -63.640468 -74.720632 -69.908194 -67.450055 -65.871415 -66.642336 -69.320798 -70.972247 -68.132847 -68.634042 -72.379038 -70.543502 -72.354298 -74.599223 -69.161945 -69.820585 -69.628912 -69.744696 -74.025780 
-37.368674 -47.555085 -46.687570 -38.679183 -34.715286 -43.555368 -46.990548 -44.781179 -41.545169 -44.692830 -48.012693 -48.811413 -52.021193 -55.880748 -56.572520 -61.174592 -61.357315 -60.946007 -64.440390 -65.578234 -68.850492 -72.738924 -72.840560 -71.953794 -71.223687 -73.837337 -74.065787 -75.733392 -74.739292 -71.778711 -71.530999 -74.148633 -76.629295 -73.196661 -73.108446 -77.342749 -75.882157 -75.929558 -73.429742 -76.011596 
-36.327837 -44.113898 -46.679728 -48.389130 -42.300256 -47.384472 -48.268886 -45.939692 -44.693956 -43.422066 -45.851878 -46.745572 -50.608877 -53.237211 -53.630293 -57.358408 -54.828782 -55.689576 -56.970904 -57.710731 -58.838650 -59.196776 -60.478992 -60.913605 -61.210364 -61.692154 -62.577155 -63.415785 -64.628846 -65.490086 -66.925886 -67.407910 -69.601037 -70.316949 -69.880128 -70.129919 -72.003839 -71.881746 -72.300932 -73.490708 
-14.034754 -18.286832 -23.965835 -16.969914 -11.896314 -6.846197 -5.068269 -9.937119 -21.845593 -17.226315 -16.293186 -21.223611 -21.646539 -17.870066 -16.198335 -18.704477 -20.064827 -15.261045 -18.538377 -25.853245 -29.067064 -24.022195 -23.927825 -18.034208 -14.607335 -11.088867 -8.015368 -5.871896 -9.014104 -11.916411 -15.803940 -16.829883 -19.157456 -27.998696 -23.949676 -26.135384 -23.603246 -21.085603 -22.302683 -26.047168 
-9.648910 -11.598961 -11.875840 -17.986113 -14.764598 -5.857439 -0.172462 -4.501113 -7.992032 -13.536396 -15.215667 -12.927718 -20.261038 -18.488568 -16.035357 -17.045070 -16.959585 -13.919949 -20.884284 -26.156329 -21.490373 -17.755999 -19.790489 -12.759978 -11.299264 -9.712889 -4.068625 -2.564387 -5.365555 -7.445696 -11.558791 -9.901914 -11.933512 -18.107918 -14.752072 -17.731379 -17.790952 -16.811971 -17.731447 -20.467325 
-9.541492 -11.570030 -17.261364 -16.945699 -15.776900 -17.536617 -13.507898 -9.097737 -13.381372 -12.459154 -15.650911 -16.565076 -20.787075 -20.669810 -20.802055 -14.736631 -19.363277 -19.612528 -18.560557 -20.666765 -20.927793 -22.551716 -21.971937 -19.512674 -14.774301 -16.701792 -11.355217 -7.752789 -8.946328 -7.833752 -9.056533 -10.096399 -12.222525 -12.645381 -13.541495 -11.199154 -14.893880 -15.728851 -14.503764 -20.213433 
-16.687711 -19.668835 -20.678560 -25.202007 -27.222250 -19.364596 -20.213639 -17.746875 -12.743043 -18.040732 -23.089677 -24.319115 -24.195508 -22.522071 -22.488433 -20.386843 -22.083061 -19.919336 -19.085043 -23.767223 -21.183248 -19.491907 -22.686705 -23.004618 -19.211633 -14.897122 -9.934419 -7.388648 -9.945811 -9.434883 -12.446943 -13.478145 -14.349201 -13.857700 -12.888928 -11.906913 -15.763896 -15.585537 -13.392302 -18.813119 
-11.674499 -13.530784 -13.710297 -17.587032 -20.307432 -20.933728 -17.213860 -15.662459 -18.644961 -22.635330 -20.344502 -22.528882 -25.739143 -22.472500 -23.945955 -24.891555 -28.412531 -22.371548 -24.430524 -31.548266 -28.268615 -24.222052 -19.285044 -21.189376 -26.234581 -21.928925 -10.229586 -7.645060 -8.039343 -11.009045 -11.893212 -15.425135 -15.144233 -11.973915 -12.542043 -11.032239 -16.243110 -15.375061 -14.308051 -17.956149 
-8.611840 -1.399177 6.757699 7.310695 0.117472 -2.228674 -1.799449 -9.803390 -18.778661 -20.391279 -19.972767 -22.249462 -25.202267 -26.022706 -25.216075 -23.231542 -26.020660 -28.675290 -20.820181 -22.409056 -23.578832 -23.886170 -20.294223 -18.942148 -23.611296 -16.168004 -7.551152 -8.633039 -8.718004 -12.044921 -12.198262 -17.962228 -19.742701 -14.997322 -13.289790 -14.907528 -19.655677 -21.129440 -21.590565 -22.041529 
-11.410375 6.562544 14.762391 10.277596 9.059087 14.372438 5.536169 1.289906 -4.642807 -10.640026 -19.234911 -17.670915 -18.090645 -20.210429 -23.541501 -24.945601 -27.879174 -27.947301 -25.076256 -27.152497 -26.531726 -22.798015 -16.712322 -17.126999 -20.503090 -15.764199 -11.527186 -13.098139 -18.714277 -10.193585 -12.433244 -19.349014 -23.195626 -17.198952 -15.397197 -18.273340 -23.494779 -19.771608 -21.401158 -23.907069 
-12.886134 8.700079 15.443809 8.087997 16.341541 16.497734 5.967629 7.276819 -3.472720 -6.435777 -16.672263 -16.981644 -13.715516 -15.094658 -18.881395 -21.178676 -23.837171 -25.726754 -22.428294 -21.061740 -18.455077 -15.962633 -9.805441 -10.206959 -14.285922 -11.777574 -9.091436 -13.779608 -15.499062 -9.165753 -13.485618 -18.677269 -27.722245 -22.190936 -18.623942 -17.304470 -24.879255 -23.964285 -23.240895 -27.705957 
-7.859944 10.194627 15.265569 8.084113 19.009238 15.222094 11.349760 10.348279 -1.842253 -7.138422 -12.053769 -17.236829 -14.223663 -12.846335 -15.590644 -18.655789 -20.789819 -19.918284 -17.694424 -17.596254 -14.872661 -11.851584 -5.398361 -6.519355 -9.203000 -8.360641 -5.298083 -11.556877 -13.096300 -8.228808 -11.373476 -18.037763 -28.079446 -20.487323 -13.281347 -11.993737 -22.497833 -21.100443 -19.158166 -31.162123 
-4.957731 10.899770 14.866727 10.659915 19.633961 13.305674 15.968901 10.500157 0.424172 -7.664152 -10.229832 -14.560300 -14.252385 -15.205910 -17.346195 -19.009315 -20.098535 -20.996159 -17.814865 -16.769115 -15.128989 -10.920222 -4.624978 -3.362198 -7.465554 -5.446032 -2.926496 -10.381509 -10.854432 -6.374412 -9.598884 -17.773518 -30.858835 -17.647179 -9.943481 -10.128594 -20.737483 -16.904779 -15.686381 -30.726082 
-4.957145 11.107682 13.902380 11.826494 19.141121 13.260210 17.593496 9.436261 0.963266 -7.794829 -11.544317 -15.245001 -16.219314 -17.279810 -17.704963 -19.270723 -20.965840 -22.018961 -18.232441 -16.980740 -15.089301 -11.092123 -3.973961 -2.723083 -6.732003 -4.656822 -4.133497 -11.384806 -10.817079 -5.018917 -8.421298 -17.364858 -31.169535 -18.815355 -13.489409 -13.492307 -19.531294 -17.868243 -18.370007 -33.566450 
-5.778354 11.090251 12.630986 12.754145 17.859789 13.930802 17.813129 8.142370 1.229540 -6.563354 -12.759982 -15.290954 -15.332699 -16.261212 -17.983903 -19.600278 -22.257723 -21.383532 -18.983184 -17.085462 -14.720524 -11.653346 -3.368725 -1.309288 -5.254152 -4.325241 -4.620432 -12.516599 -11.447841 -5.633693 -8.690603 -18.197254 -31.390970 -17.260263 -11.732430 -12.512615 -21.206085 -17.245017 -16.914353 -35.048378 
-5.056183 10.568576 10.701935 12.802059 15.574139 15.042946 17.122773 7.705157 0.638734 -5.792754 -12.377916 -16.258263 -16.189140 -16.951702 -19.060870 -20.537488 -22.807009 -22.096537 -19.168073 -17.529386 -15.581977 -12.528689 -4.702081 -2.166621 -6.515240 -5.120007 -6.323255 -13.475175 -12.597324 -6.940582 -9.807173 -18.458321 -32.097486 -18.992703 -13.161965 -13.983825 -23.834279 -20.281426 -18.587974 -33.663196 
-4.140780 9.967608 8.869782 12.609793 13.262259 15.344883 15.705898 7.500236 -0.033470 -4.614901 -12.060523 -14.276976 -15.243936 -16.929005 -18.980102 -20.370788 -22.513024 -21.934668 -19.441061 -17.911883 -15.566533 -13.188211 -4.882157 -3.036610 -5.084199 -4.054991 -6.458193 -13.918608 -12.168891 -6.395953 -10.131572 -19.502668 -33.220547 -21.693286 -16.633314 -15.553012 -22.150076 -21.051568 -19.899246 -33.237308 
-2.673159 9.312308 7.916366 12.670653 11.982447 15.697472 13.366533 8.288956 0.303015 -4.708975 -11.422780 -15.397012 -16.265892 -17.126821 -17.678600 -19.334815 -22.223781 -21.448824 -19.502163 -17.334702 -16.000025 -11.992481 -4.439224 -2.017662 -4.601957 -3.946115 -7.388744 -13.851590 -12.868200 -7.461921 -10.243870 -19.279313 -35.633027 -23.439204 -16.909822 -16.509798 -23.841462 -24.564840 -25.993198 -36.876149 
-3.684555 9.047919 8.134894 12.555947 11.882704 15.564259 12.188190 9.723301 0.971024 -5.222342 -12.223700 -14.531157 -16.112001 -17.235897 -19.039599 -21.228771 -22.734751 -22.589638 -20.560912 -19.164782 -16.990584 -13.677112 -5.679401 -3.145533 -5.394774 -4.144868 -7.500385 -14.758611 -13.342916 -8.137771 -11.033466 -19.494290 -34.894373 -24.014558 -17.213998 -14.819840 -21.033751 -19.686586 -20.867781 -38.059466 
-2.939014 8.833642 7.873814 12.273704 11.427669 14.763492 10.953451 10.193201 0.931597 -6.546267 -13.215267 -15.329328 -16.751318 -18.013407 -19.633840 -21.258188 -23.056257 -23.285130 -20.790440 -18.861535 -17.278117 -13.902251 -6.766845 -3.881435 -5.856425 -5.746891 -8.802331 -15.343734 -14.483790 -9.831244 -13.088930 -21.194852 -37.249448 -26.220398 -20.354653 -20.271739 -28.928758 -26.435561 -25.334551 -39.599492 
-2.667733 8.529223 7.702271 11.989339 11.034964 14.001224 10.501945 10.125856 0.928743 -6.801599 -12.762954 -15.277543 -16.926744 -18.315490 -19.850782 -21.813781 -23.451011 -23.054755 -20.585485 -18.885108 -17.138430 -13.794281 -6.978137 -3.070385 -4.755807 -4.483450 -8.155843 -15.105076 -13.244395 -8.019838 -11.928762 -21.140779 -38.059786 -25.147537 -17.577632 -18.146035 -29.430736 -27.922607 -26.783008 -42.709553 
-2.532452 8.235024 7.336737 11.506695 10.514134 13.204985 10.003960 9.437053 0.426398 -8.099712 -13.819930 -15.775782 -17.481656 -18.961127 -20.407644 -21.273374 -24.037524 -24.096857 -21.462681 -20.031537 -18.468059 -15.513733 -7.472657 -3.562076 -5.400168 -5.710396 -9.885640 -17.635856 -17.009216 -10.922683 -13.775193 -22.266830 -40.060754 -29.868152 -20.792980 -21.377508 -27.312443 -27.915755 -28.669119 -37.965866 
-2.554504 7.849243 7.026688 10.901446 10.015540 12.117613 9.832195 8.554075 -0.126627 -8.548619 -13.605149 -15.959333 -17.614778 -19.028214 -20.986693 -22.676688 -24.430798 -24.430577 -21.755002 -20.637086 -18.768467 -15.025484 -6.961144 -3.491961 -5.133333 -5.720349 -10.588774 -16.776541 -13.691693 -8.186549 -11.254957 -19.852550 -38.094120 -29.577546 -19.956273 -20.855190 -25.428819 -22.156739 -21.839517 -38.162925 
-2.782482 7.391598 6.514471 9.942922 9.257010 11.156414 10.410024 7.905464 -1.242459 -9.719401 -13.865649 -17.666654 -19.879014 -21.542025 -22.627489 -24.612258 -25.758330 -26.674097 -23.473150 -22.227964 -20.944328 -16.775569 -8.481002 -5.523756 -8.177582 -8.500606 -12.379354 -17.829169 -15.712056 -10.862691 -15.443595 -23.277981 -39.123389 -30.782112 -23.860791 -24.050729 -31.619797 -23.347797 -22.606118 -37.872343 
-2.455177 7.204924 6.178245 9.165761 8.555701 10.193353 10.764793 7.522437 -1.468327 -9.317156 -13.591754 -17.651743 -19.737043 -20.766007 -22.814073 -24.739640 -26.822082 -27.219264 -24.544209 -22.482611 -21.654371 -18.428347 -10.154621 -5.957061 -7.521772 -8.169493 -12.624950 -18.708512 -15.960199 -10.876921 -15.697160 -24.856265 -39.759070 -29.455032 -22.243545 -22.241072 -34.502036 -27.471644 -24.341717 -41.434881 
-2.424401 7.098406 5.935026 8.635677 7.866464 9.181322 10.370174 6.574941 -3.097677 -10.800159 -15.020239 -18.772595 -20.166684 -21.577222 -23.420816 -24.985072 -27.425932 -28.017972 -25.224705 -23.622926 -22.238436 -18.166304 -11.105533 -7.606281 -8.979298 -9.274066 -13.032329 -19.503617 -17.853994 -13.055135 -16.779655 -24.894415 -40.877931 -30.612739 -25.505564 -28.809638 -37.607630 -30.634354 -30.776326 -43.425068 
-2.911448 7.062064 5.645784 8.098806 6.827874 8.034571 9.442221 5.580268 -3.885882 -10.858669 -14.825552 -18.766987 -21.038254 -22.924554 -24.595699 -26.104825 -28.413417 -27.879643 -24.859187 -24.147114 -23.234724 -19.516871 -11.396601 -7.391675 -10.521130 -11.134856 -16.144827 -21.136286 -20.828136 -15.099562 -20.293808 -28.983321 -41.928780 -31.726913 -24.768415 -23.698684 -28.480034 -30.402587 -33.795489 -40.743131 
-3.079015 7.163627 5.618620 7.944450 5.993006 6.289636 7.372031 4.700146 -5.044405 -11.445421 -16.246619 -19.860608 -22.106444 -23.675102 -24.701110 -26.624485 -29.047010 -30.198736 -27.687075 -25.858402 -24.099832 -20.234205 -12.807621 -8.071143 -10.414038 -10.583691 -16.184025 -22.581169 -21.844518 -16.060222 -19.528721 -27.234528 -41.868626 -38.732402 -28.008579 -22.376683 -31.960759 -33.617974 -27.070244 -39.352706 
-2.983496 7.127699 5.255966 7.469233 5.299855 5.125983 5.235147 3.933987 -7.630022 -12.777140 -16.379426 -20.011704 -22.510290 -24.854094 -27.185941 -29.653124 -30.760001 -31.458483 -28.047886 -27.498616 -27.459926 -24.592360 -15.209651 -9.794062 -13.824604 -16.771954 -18.303645 -22.106950 -23.338027 -21.475331 -24.126749 -30.124778 -43.983339 -34.795163 -28.451949 -30.172760 -35.612693 -29.816820 -30.438704 -43.407516 
-4.844531 6.790093 5.030099 6.096854 3.479457 3.309748 3.811320 2.093590 -10.491003 -15.560250 -19.462130 -24.112358 -28.607036 -33.079624 -32.073328 -34.031692 -35.429422 -35.188838 -34.374538 -34.222898 -32.181108 -28.421017 -20.616888 -14.869633 -19.010575 -16.298443 -21.910151 -30.782089 -29.330964 -27.480846 -30.468407 -36.154333 -46.723165 -38.133677 -30.559070 -28.107301 -34.464644 -34.003280 -35.142047 -48.575622 
-2.721621 6.627354 3.847603 3.423528 0.119376 -2.589273 -2.274975 -4.592549 -11.295552 -22.772395 -30.101258 -32.060296 -33.880102 -35.125431 -36.807122 -41.877814 -42.230419 -41.228160 -40.197627 -43.931376 -41.410976 -36.899258 -27.967588 -22.740817 -23.704640 -26.296526 -29.680801 -34.811795 -36.453721 -32.911607 -33.648311 -39.444942 -47.491605 -42.093811 -36.500287 -34.002691 -36.531803 -35.459283 -34.895829 -46.053696 
-1.719725 6.627084 3.306056 -1.540904 -5.125351 -4.738397 -6.499644 -8.541045 -12.592342 -25.393604 -26.303938 -28.948554 -33.508964 -41.159715 -43.944856 -47.881307 -46.266189 -46.090712 -47.069722 -47.595116 -45.779241 -36.475985 -33.159665 -29.824216 -24.802086 -23.238313 -26.973932 -33.791803 -37.067743 -35.356447 -34.828566 -41.490903 -49.791663 -45.530818 -38.832407 -37.223145 -42.625426 -41.680920 -39.370309 -46.289569 
-2.099224 5.468818 2.135392 -5.415770 -12.990004 -15.645264 -15.590979 -17.141782 -21.349624 -28.287560 -30.142581 -32.855779 -34.754188 -38.855521 -44.497747 -41.453619 -48.446980 -46.132242 -47.721875 -46.325608 -46.142346 -40.595856 -36.916682 -27.302989 -22.289050 -21.506974 -28.156282 -35.877269 -41.175709 -36.471276 -33.290926 -43.047589 -55.125304 -50.308368 -42.982978 -42.394375 -44.866022 -46.092579 -44.631594 -53.711060 
-6.078996 -4.390709 -6.014796 -11.982715 -24.098960 -32.358772 -31.325199 -29.942634 -27.377658 -32.258994 -35.716614 -33.338221 -35.295606 -39.259388 -44.440396 -47.177042 -53.126915 -55.235371 -51.642037 -52.509129 -53.049225 -47.558738 -48.098706 -39.088608 -31.746565 -33.361706 -34.133536 -44.856756 -47.914144 -44.294354 -45.763104 -52.579231 -61.043054 -58.307964 -52.403125 -55.016882 -56.951055 -56.411248 -57.027129 -65.717622 
-68.320825 -64.454648 -63.889523 -66.547639 -74.110105 -83.068368 -80.975385 -86.765850 -84.497549 -81.152510 -77.115000 -76.947984 -76.620452 -78.116532 -83.468005 -86.044746 -85.334798 -86.238163 -89.859745 -89.187198 -83.086061 -85.987135 -88.678639 -89.180105 -93.176426 -99.139180 -92.539947 -96.326834 -96.134663 -93.829240 -90.157376 -96.940395 -100.221391 -92.828053 -96.394289 -103.013498 -100.843992 -97.341208 -96.946899 -98.719092 
NaN NaN NaN NaN NaN NaN NaN NaN NaN NaN NaN NaN NaN NaN NaN NaN NaN NaN NaN NaN NaN NaN NaN NaN NaN NaN NaN NaN NaN NaN NaN NaN NaN NaN NaN NaN NaN NaN NaN NaN 
NaN NaN NaN NaN NaN NaN NaN NaN NaN NaN NaN NaN NaN NaN NaN NaN NaN NaN NaN NaN NaN NaN NaN NaN NaN NaN NaN NaN NaN NaN NaN NaN NaN NaN NaN NaN NaN NaN NaN NaN 
NaN NaN NaN NaN NaN NaN NaN NaN NaN NaN NaN NaN NaN NaN NaN NaN NaN NaN NaN NaN NaN NaN NaN NaN NaN NaN NaN NaN NaN NaN NaN NaN NaN NaN NaN NaN NaN NaN NaN NaN 
NaN NaN NaN NaN NaN NaN NaN NaN NaN NaN NaN NaN NaN NaN NaN NaN NaN NaN NaN NaN NaN NaN NaN NaN NaN NaN NaN NaN NaN NaN NaN NaN NaN NaN NaN NaN NaN NaN NaN NaN 
NaN NaN NaN NaN NaN NaN NaN NaN NaN NaN NaN NaN NaN NaN NaN NaN NaN NaN NaN NaN NaN NaN NaN NaN NaN NaN NaN NaN NaN NaN NaN NaN NaN NaN NaN NaN NaN NaN NaN NaN 
NaN NaN NaN NaN NaN NaN NaN NaN NaN NaN NaN NaN NaN NaN NaN NaN NaN NaN NaN NaN NaN NaN NaN NaN NaN NaN NaN NaN NaN NaN NaN NaN NaN NaN NaN NaN NaN NaN NaN NaN 
NaN NaN NaN NaN NaN NaN NaN NaN NaN NaN NaN NaN NaN NaN NaN NaN NaN NaN NaN NaN NaN NaN NaN NaN NaN NaN NaN NaN NaN NaN NaN NaN NaN NaN NaN NaN NaN NaN NaN NaN 
NaN NaN NaN NaN NaN NaN NaN NaN NaN NaN NaN NaN NaN NaN NaN NaN NaN NaN NaN NaN NaN NaN NaN NaN NaN NaN NaN NaN NaN NaN NaN NaN NaN NaN NaN NaN NaN NaN NaN NaN 
