NaN NaN NaN NaN NaN NaN NaN NaN NaN NaN NaN NaN NaN NaN NaN NaN NaN NaN NaN NaN NaN NaN NaN NaN NaN NaN NaN NaN NaN NaN NaN NaN NaN NaN NaN NaN NaN NaN NaN NaN 
NaN NaN NaN NaN NaN NaN NaN NaN NaN NaN NaN NaN NaN NaN NaN NaN NaN NaN NaN NaN NaN NaN NaN NaN NaN NaN NaN NaN NaN NaN NaN NaN NaN NaN NaN NaN NaN NaN NaN NaN 
NaN NaN NaN NaN NaN NaN NaN NaN NaN NaN NaN NaN NaN NaN NaN NaN NaN NaN NaN NaN NaN NaN NaN NaN NaN NaN NaN NaN NaN NaN NaN NaN NaN NaN NaN NaN NaN NaN NaN NaN 
NaN NaN NaN NaN NaN NaN NaN NaN NaN NaN NaN NaN NaN NaN NaN NaN NaN NaN NaN NaN NaN NaN NaN NaN NaN NaN NaN NaN NaN NaN NaN NaN NaN NaN NaN NaN NaN NaN NaN NaN 
NaN NaN NaN NaN NaN NaN NaN NaN NaN NaN NaN NaN NaN NaN NaN NaN NaN NaN NaN NaN NaN NaN NaN NaN NaN NaN NaN NaN NaN NaN NaN NaN NaN NaN NaN NaN NaN NaN NaN NaN 
NaN NaN NaN NaN NaN NaN NaN NaN NaN NaN NaN NaN NaN NaN NaN NaN NaN NaN NaN NaN NaN NaN NaN NaN NaN NaN NaN NaN NaN NaN NaN NaN NaN NaN NaN NaN NaN NaN NaN NaN 
NaN NaN NaN NaN NaN NaN NaN NaN NaN NaN NaN NaN NaN NaN NaN NaN NaN NaN NaN NaN NaN NaN NaN NaN NaN NaN NaN NaN NaN NaN NaN NaN NaN NaN NaN NaN NaN NaN NaN NaN 
NaN NaN NaN NaN NaN NaN NaN NaN NaN NaN NaN NaN NaN NaN NaN NaN NaN NaN NaN NaN NaN NaN NaN NaN NaN NaN NaN NaN NaN NaN NaN NaN NaN NaN NaN NaN NaN NaN NaN NaN 
-67.815593 -69.080246 -71.308703 -73.507870 -74.578293 -78.173051 -86.636536 -83.573587 -82.164834 -84.919184 -81.840447 -78.818203 -78.553703 -81.241018 -84.986617 -95.400901 -98.251826 -100.120375 -89.917470 -92.244692 -81.694481 -81.440691 -84.651521 -83.324413 -80.217889 -80.430340 -84.170691 -87.620488 -86.899388 -84.571968 -83.022276 -86.836821 -93.906235 -87.657243 -87.387174 -83.475265 -86.708754 -87.817652 -88.274441 -84.371161 
-68.160788 -66.728795 -70.913119 -76.328174 -70.657198 -72.518088 -77.819015 -72.412001 -76.830982 -84.039244 -79.333143 -74.634212 -75.676654 -79.781233 -78.599852 -82.364497 -84.735769 -84.199943 -81.997224 -82.535107 -74.403681 -76.478735 -81.534180 -81.679669 -76.283052 -77.389589 -78.648544 -82.940855 -82.939882 -77.145503 -79.734829 -79.405125 -83.840439 -81.710510 -81.962851 -79.799985 -79.224040 -79.841493 -80.789434 -81.807030 
-61.169031 -68.175396 -69.318406 -74.284968 -73.979256 -72.027495 -74.392936 -72.618044 -74.004570 -81.523944 -79.448006 -72.515623 -73.779074 -71.509279 -77.879780 -76.824486 -73.375297 -77.484908 -77.316053 -74.277972 -77.956133 -74.410101 -73.343659 -79.727272 -86.180467 -85.820744 -81.999784 -82.751424 -80.393146 -80.582266 -80.387082 -80.618365 -79.252752 -77.720780 -80.132912 -84.165431 -80.865328 -82.876204 -80.380001 -80.991312 
-43.662570 -56.221987 -55.917268 -57.833014 -58.528276 -63.086355 -67.584455 -69.554795 -71.695917 -73.311777 -72.416741 -69.197128 -70.114675 -68.780337 -71.927180 -73.649450 -73.218635 -75.334033 -73.994288 -69.726223 -70.427562 -76.841795 -78.376952 -76.027705 -78.650907 -78.387878 -75.143771 -75.092246 -76.186104 -81.101726 -78.374894 -77.099615 -74.887752 -77.025125 -76.579985 -75.327605 -78.857577 -78.237711 -77.225273 -78.585975 
-38.738035 -48.935413 -51.528598 -57.553111 -55.428026 -60.952479 -68.994861 -69.652140 -72.065742 -66.047722 -70.172594 -71.478836 -70.156715 -73.114302 -68.605455 -68.199065 -74.264118 -74.832643 -71.741614 -71.207286 -73.716318 -71.068716 -73.619514 -72.496219 -75.492581 -76.469012 -76.983910 -75.376607 -79.642434 -80.340256 -75.841027 -77.009902 -73.036457 -73.366799 -74.355392 -76.307678 -76.573466 -77.011087 -76.152061 -77.188332 
-22.310619 -24.118361 -23.835359 -23.399273 -22.956091 -22.347014 -21.830740 -21.518580 -21.807110 -22.751631 -23.946309 -24.554553 -24.184478 -23.289004 -22.657987 -22.525704 -22.732190 -23.651778 -26.065459 -28.073341 -26.854975 -26.027336 -27.410240 -26.888463 -25.009131 -24.734231 -26.457372 -29.980609 -31.610030 -34.832676 -37.078703 -35.979264 -38.060905 -37.066233 -37.385673 -39.901522 -41.072613 -43.615451 -43.802751 -53.721926 
-6.351073 -5.079427 -7.223442 -8.392986 -5.559308 -2.644577 -1.967456 -2.427934 -1.870145 -3.999389 -4.861172 -6.733575 -5.928473 -3.993784 -3.199493 -2.744359 -3.616589 -5.672664 -7.470091 -9.329744 -8.377089 -8.692870 -6.544582 -8.061179 -5.900325 -3.613394 -7.121871 -10.376327 -12.206341 -16.343387 -18.495372 -17.351130 -19.101729 -17.945129 -18.234491 -19.029579 -20.552699 -20.936916 -21.386858 -25.993247 
-11.000441 -8.612580 -12.356163 -18.808058 -13.850532 -8.842685 -4.091972 -5.150449 -9.796889 -13.944891 -13.581776 -16.378310 -11.373937 -9.314733 -7.860541 -10.229315 -10.227078 -11.583389 -11.708507 -13.457945 -15.734524 -12.790405 -9.005756 -10.241982 -6.327863 -4.748954 -3.987258 -9.759197 -11.818010 -16.032871 -19.609803 -20.821253 -17.759976 -16.350288 -16.188680 -18.852848 -20.771270 -16.183123 -17.788765 -17.812874 
-8.903807 -5.299182 -9.328224 -14.287858 -16.772703 -13.509168 -7.860666 -5.203286 -7.333839 -13.071094 -9.496672 -16.124546 -13.445589 -11.675753 -7.956191 -8.424256 -9.628933 -13.600754 -15.882680 -17.469570 -18.354110 -11.195982 -7.025639 -5.896252 -5.242825 -9.513291 -6.769033 -8.862831 -13.435885 -13.129079 -14.832602 -17.041129 -17.907374 -19.864045 -21.787338 -21.788010 -18.874460 -19.741463 -19.692979 -20.805068 
-6.309923 -5.462945 -8.763417 -9.330700 -12.442888 -16.085475 -10.576226 -5.348816 -3.502286 -3.989853 -8.186808 -15.838297 -11.356909 -7.246950 -6.483180 -9.467460 -9.841565 -11.302629 -9.447334 -16.531214 -14.646311 -12.803053 -9.374831 -7.835538 -5.850786 -7.701382 -7.585533 -9.265947 -11.075343 -14.487761 -13.742678 -14.883373 -15.361822 -17.527598 -21.965959 -24.520577 -21.262108 -22.007896 -20.689927 -20.656618 
-3.322879 -9.836316 -21.200191 -23.971918 -19.628600 -10.802880 -7.483111 -5.275262 -4.728657 -2.251132 -6.710265 -8.809933 -9.085198 -7.378560 -7.337204 -7.336359 -11.453503 -13.824095 -9.358441 -13.273216 -12.912115 -12.636809 -9.835815 -5.397505 -4.787453 -3.416947 -9.043445 -6.280450 -8.909683 -11.362347 -15.215681 -14.854681 -15.222024 -16.254868 -20.460138 -23.402202 -21.177641 -22.904697 -20.514340 -21.776747 
-5.992089 -11.104821 -15.491822 -13.401477 -15.113639 -18.575430 -22.025616 -17.824677 -12.919556 -8.398200 -6.350792 -5.983515 -4.518639 -6.507743 -7.701177 -5.519033 -3.821930 -10.072332 -9.134066 -14.066617 -12.130167 -12.193000 -14.018431 -4.667918 -2.724265 -2.535722 -3.806540 -4.447441 -8.986973 -8.739331 -12.287572 -16.991186 -17.330239 -17.273061 -24.005896 -26.221944 -24.276951 -22.711108 -25.909843 -26.036702 
-7.640606 -14.046079 -18.371816 -18.771160 -16.484287 -23.601296 -19.405180 -20.181102 -19.641441 -12.056367 -14.211517 -7.548837 -3.170796 1.846377 -1.111649 -0.827466 -1.664691 -4.896844 -7.170888 -11.453150 -11.120799 -6.724354 -7.167830 -4.033325 -1.495066 -2.298734 -6.217896 -6.602480 -8.675787 -10.252044 -16.017244 -17.473481 -19.196514 -20.697763 -24.394595 -27.212933 -26.372056 -27.911187 -28.299666 -27.787961 
-13.486349 -15.221429 -22.506881 -18.495035 -9.226191 -8.690709 -21.715499 -24.926583 -18.774617 -13.496226 -7.114992 -8.279540 -12.286301 -1.314931 -0.859110 0.802109 1.594862 -3.791737 -12.583151 -10.973779 -10.908000 -7.502321 -2.134365 -4.328946 -2.806834 -4.497647 -6.322013 -8.191834 -8.819650 -13.742894 -15.067266 -15.463614 -14.163462 -19.699572 -26.338106 -27.126374 -23.612313 -24.519179 -29.871845 -30.288700 
-16.527620 -19.040763 -19.011351 -14.654381 1.462604 7.202518 -2.252011 -17.273120 -13.164566 -4.245467 -7.966525 -10.942387 -12.178718 -7.748517 -3.991236 4.050649 -4.634286 -12.840242 -8.600944 -8.007634 -9.944565 -10.291101 -8.133696 -7.347859 -3.545804 -3.360828 -8.068488 -7.361598 -11.500703 -11.786228 -13.905532 -17.669966 -19.714572 -26.034489 -27.600142 -27.976833 -27.853702 -29.492122 -29.376891 -29.709580 
-13.913913 -18.837944 -20.160070 -14.367874 8.661315 16.735714 7.790138 -15.980133 -16.808871 6.920685 6.625204 -6.335025 -6.655763 4.205999 3.065186 7.329066 5.168245 -11.086211 -1.536477 -7.642730 -3.691800 -2.370793 -1.652283 -1.964729 -4.660887 -3.489150 -7.841494 -5.315661 -6.014403 -9.575824 -12.217866 -15.037405 -18.586980 -20.067777 -25.413339 -26.260913 -26.220325 -27.572485 -31.543455 -27.332719 
-18.052262 -17.842179 -17.948775 -15.705169 10.463143 18.600596 6.278299 -17.533483 -9.621048 10.742071 4.606776 -11.998367 4.217474 7.712496 -3.560704 7.929680 8.556786 -9.514289 -0.688879 -9.382403 -1.307640 -5.367605 -1.469078 -8.006151 -11.583705 -7.583401 -5.983852 -8.164840 -8.139942 -10.233709 -15.775664 -17.223322 -19.037907 -18.015906 -23.342022 -26.340629 -27.742954 -32.034289 -30.250818 -28.533627 
-25.902991 -28.877236 -22.318239 -11.657792 12.676993 18.522475 4.153234 -21.354741 -2.201025 11.696516 -0.436422 -7.793793 10.859321 8.558551 0.947111 16.930464 8.399633 -3.534978 -1.429749 -6.161925 -2.226648 -2.021558 -0.928611 -2.004206 -5.590913 -6.984756 -6.119423 -5.420751 -9.009902 -13.611376 -14.846919 -15.525133 -17.183439 -20.782765 -24.594365 -26.150750 -28.047207 -31.477381 -30.560714 -27.948368 
-30.612110 -26.209918 -28.373572 -5.806399 14.821357 17.146038 -0.313846 -17.626726 4.000471 10.109953 -6.511996 -1.073106 13.738515 3.017984 11.062158 21.748045 6.172538 2.338508 -4.155227 1.028414 -1.443074 5.044512 -1.232396 -0.325984 -1.633807 -3.538184 -3.765398 -2.337279 -9.064161 -12.775163 -15.254004 -14.355740 -15.953342 -18.894632 -21.082923 -25.438836 -32.628317 -35.327530 -34.328931 -29.116717 
-28.317187 -25.216525 -23.361892 -1.011648 16.175682 14.422692 -5.723977 -15.073823 8.450309 7.416277 -10.453729 8.158465 14.225103 -1.734897 20.201692 20.537599 4.122421 3.724516 -1.582906 1.527266 2.994108 5.500491 0.981347 -2.471358 -1.927512 -2.963076 -3.154428 -2.432578 -6.416052 -10.904227 -12.427355 -12.565142 -14.499335 -19.002443 -22.484457 -26.685992 -32.037920 -37.475269 -34.935536 -31.410920 
-17.203439 -19.203127 -18.891433 3.388695 16.900915 10.563315 -9.337331 -4.388251 10.943818 1.852110 -4.384324 14.317990 11.932297 10.300760 23.756175 14.033281 13.034099 6.270305 7.589997 1.909291 7.722735 1.945680 0.556987 -1.140917 -3.776314 -3.609715 -3.059349 -2.125511 -5.664913 -9.338575 -10.436143 -11.521002 -13.527855 -18.849579 -20.682345 -26.149519 -32.210871 -37.809179 -35.132084 -30.290078 
-21.238566 -22.321458 -15.788395 8.539177 17.281992 6.344821 -18.195975 4.181634 11.003795 -3.958785 5.104478 14.709754 0.529985 16.804842 19.791776 11.806353 16.960539 6.609972 10.099542 6.829795 6.642215 3.904170 -0.704317 -1.768699 -3.314382 -4.627693 -3.810290 -1.669762 -3.824144 -6.626561 -9.677289 -10.654562 -13.311713 -16.362608 -19.281407 -26.009056 -35.451840 -39.688003 -34.164923 -30.426101 
-33.321650 -33.746591 -15.236259 12.904036 17.716593 2.936930 -7.911073 10.399100 8.917307 -8.207610 12.881337 11.769443 5.208780 16.828601 10.263834 19.024139 12.709882 8.453132 4.968808 6.993179 2.491711 -0.322017 -4.037239 -6.294258 -7.885259 -9.635837 -7.837527 -5.846162 -7.556150 -9.998481 -11.138887 -12.374236 -16.503051 -21.282029 -23.882094 -26.881679 -34.565244 -38.821285 -35.089077 -31.273874 
-15.507702 -19.292700 -6.004054 15.770076 17.058131 -0.149135 0.800205 13.290120 3.446426 1.657134 15.033691 5.783220 13.055932 11.242292 14.420228 18.825021 7.853352 4.639745 8.078524 5.262383 4.634634 -4.479847 -8.260734 -9.747403 -10.436794 -10.290480 -8.278456 -6.149460 -8.100131 -11.945486 -16.367864 -18.031000 -23.627275 -24.580352 -25.242560 -27.018210 -30.794928 -35.239310 -34.071237 -32.106978 
-15.299755 -24.308688 0.228247 16.653617 13.911021 -5.420231 7.777571 13.572737 -3.630462 9.318692 12.980054 6.537245 15.869138 10.550930 18.689379 11.607195 9.364185 4.660806 7.397152 7.012515 -0.303351 -6.537258 -8.855087 -11.044141 -12.868019 -13.604158 -13.511851 -10.540214 -11.633873 -18.757680 -20.159100 -20.478355 -24.101975 -27.349076 -29.528122 -28.882158 -30.432439 -35.410153 -36.657907 -33.888377 
-16.734534 -18.006881 5.281702 16.905279 9.444518 -6.259147 12.325898 11.917312 -4.343841 11.395865 5.893058 12.636297 14.503616 14.224271 16.627952 8.590400 8.148943 7.364547 5.568397 5.869617 -6.338147 -12.675783 -15.025195 -17.032488 -18.682487 -20.375539 -17.054258 -12.937271 -14.677658 -18.276284 -18.243501 -21.005494 -29.339967 -32.161681 -28.553259 -28.727898 -32.405697 -37.171734 -38.754200 -34.990959 
-21.183630 -18.859203 8.299631 17.163984 8.447658 -0.328361 14.260676 8.807157 0.577701 9.866011 0.722703 15.438089 9.794204 17.321767 11.105529 9.007009 3.102859 4.149544 5.901425 -2.664987 -12.915176 -17.555188 -22.336320 -24.558775 -25.128388 -23.228982 -22.200404 -15.220409 -19.808940 -22.724042 -21.141862 -26.937836 -29.699801 -29.945654 -27.148992 -25.796796 -32.996342 -38.766936 -39.794317 -38.224942 
-20.182582 -15.763317 10.052589 16.428705 4.737236 4.287149 14.893291 4.851253 5.868360 7.876934 6.010675 15.263109 7.339883 15.936813 7.101825 8.631216 4.803263 3.002037 3.823841 -11.252557 -18.740770 -20.606774 -24.630174 -25.272944 -24.848371 -24.217038 -20.706837 -12.566951 -17.537707 -21.774197 -18.336477 -25.391251 -32.223618 -32.128226 -29.324393 -29.007622 -30.909463 -33.849991 -34.506402 -34.875825 
-20.582839 -9.448588 11.306659 15.350303 0.538371 7.789089 14.228085 0.416259 8.911832 5.879152 10.180759 12.088190 9.557244 11.095386 7.170691 4.646672 5.387818 2.480501 -1.874502 -16.776123 -24.518112 -23.840383 -24.532883 -25.790267 -28.540578 -29.290327 -22.792745 -16.676321 -20.464657 -25.726675 -22.000647 -26.968642 -34.216463 -34.266216 -31.990063 -32.151159 -34.615356 -39.948054 -40.262744 -39.706670 
-21.895122 -7.708877 11.853157 14.662957 -1.080373 9.513598 13.250083 -1.249881 10.722374 2.561356 12.097460 8.685021 9.647745 7.447820 5.259250 2.408786 3.703825 -1.237482 -11.969334 -21.364602 -27.336500 -30.795157 -31.241252 -32.802947 -34.358354 -33.790268 -27.918949 -25.906405 -29.166067 -30.165325 -22.406569 -31.088035 -43.373027 -42.682338 -34.840730 -29.360417 -37.093995 -46.459877 -53.119893 -48.607515 
-28.287985 -6.277936 12.031336 14.118833 -2.545582 10.142547 12.502610 -1.111990 11.580519 1.274225 10.066871 3.949910 5.115719 -0.620628 1.111958 0.053151 -2.567691 -12.341449 -17.126127 -22.154980 -26.309748 -28.808306 -31.495252 -31.716586 -31.586503 -31.966654 -25.633974 -22.145563 -30.732097 -33.174759 -25.948063 -32.140035 -37.154078 -38.011025 -34.316555 -32.665527 -36.871252 -39.384107 -39.692710 -39.725248 
-27.271376 -6.288403 11.965929 13.842678 -2.794637 10.560031 12.555533 0.384125 12.397154 1.064418 6.738837 -0.518704 2.458564 -3.067929 1.557746 0.097292 -1.957322 -18.557832 -26.975735 -32.643506 -32.991169 -33.603549 -34.669700 -35.219032 -38.529738 -38.464012 -29.082629 -29.025041 -34.469805 -37.756042 -30.105938 -36.994390 -44.186431 -43.478734 -38.514436 -36.181078 -41.341534 -49.300600 -51.428354 -52.240616 
-19.637104 -7.098859 11.491498 14.157484 -1.764525 9.898247 12.951380 1.333398 12.376838 1.973437 2.008493 -1.847967 -0.741190 -3.940917 0.703406 0.304817 -0.717298 -24.249535 -31.298781 -34.952639 -36.410913 -34.443919 -34.908147 -38.284882 -40.627911 -42.189107 -29.989864 -31.700432 -35.737794 -36.236808 -31.410497 -41.298543 -46.507486 -47.536478 -43.962400 -39.253863 -42.067356 -48.935460 -50.564710 -50.974457 
-24.026748 -8.685804 10.926500 14.066826 -1.616276 8.733148 12.967004 -0.094118 12.208103 3.308846 -3.464555 -5.920112 -4.374093 -6.590171 -4.332720 -6.498506 -0.958752 -17.885541 -32.041313 -33.511281 -32.190717 -35.181467 -34.547346 -39.049083 -36.977051 -35.299123 -30.407277 -34.395852 -39.808917 -35.618584 -33.022871 -41.487197 -43.709877 -43.638783 -41.296293 -38.488081 -42.882822 -46.850797 -47.613792 -47.252925 
-19.276904 -10.153715 10.440316 13.576865 -1.092833 8.016430 12.070713 -1.251822 10.209798 1.801405 -7.355550 -7.575800 -6.539322 -7.529171 -7.869103 -10.836788 -5.561235 -16.413750 -26.555564 -30.441681 -33.056378 -35.386048 -31.966942 -35.894175 -33.430521 -28.254440 -28.917683 -36.607537 -43.752950 -40.048654 -37.028678 -40.793477 -47.889456 -45.151158 -44.195657 -40.027143 -43.162754 -52.094459 -48.967417 -48.546050 
-25.174436 -10.046621 9.131274 12.223456 -3.106147 6.823825 10.302064 -1.903090 6.277509 -2.383914 -10.850864 -12.669732 -12.366432 -15.118884 -13.243915 -18.891951 -17.425196 -20.850448 -17.917187 -14.311883 -23.563160 -29.801953 -30.026360 -33.509768 -29.249668 -28.036615 -26.569447 -31.935200 -37.112574 -38.290880 -34.720312 -39.329005 -42.410051 -42.062294 -41.607077 -38.937917 -40.143396 -44.587466 -44.166110 -45.482861 
-29.610763 -10.429981 5.890129 9.032426 -3.066566 3.781581 6.274688 -3.399787 -0.332168 -11.748442 -16.201567 -23.085558 -21.690614 -22.179229 -24.614562 -25.636030 -22.769971 -26.246318 -25.971440 -15.282371 -18.223508 -25.287349 -32.983657 -27.405160 -25.273451 -22.274605 -29.637968 -31.556729 -33.555045 -36.830242 -39.438038 -43.046205 -46.737507 -47.802792 -45.531333 -45.651510 -44.513711 -47.364088 -48.272025 -50.924552 
-24.536972 -14.364836 -2.102110 0.096583 -6.559066 -12.439246 -6.841774 -8.630518 -10.823324 -21.603671 -34.147281 -29.922237 -28.791131 -28.789931 -32.240609 -31.700968 -31.668147 -35.577304 -32.097089 -26.373712 -26.543512 -30.595265 -31.633103 -27.824687 -27.277833 -28.544779 -33.417561 -33.035213 -36.676565 -39.316553 -39.735778 -43.489763 -47.226095 -48.059193 -48.813962 -49.233625 -49.513642 -49.536378 -50.104485 -49.793864 
-25.433125 -26.576216 -21.227348 -23.619631 -27.181639 -32.215823 -33.669932 -32.808824 -36.482584 -35.209218 -37.504066 -44.739978 -41.534583 -44.010482 -45.346707 -47.715099 -50.101570 -47.643000 -47.936511 -44.142473 -43.120041 -45.063456 -46.349726 -46.835933 -47.308127 -50.345234 -51.333713 -52.011675 -54.433846 -54.617446 -55.078798 -56.251180 -57.204689 -58.354097 -57.965664 -59.608459 -59.269154 -59.499029 -59.791903 -60.008365 
-33.094532 -45.961852 -41.202319 -34.245862 -35.259123 -34.128239 -37.571428 -40.313695 -41.724291 -44.819386 -52.714633 -51.794118 -53.648366 -61.983352 -59.934238 -60.162978 -65.642436 -67.838765 -71.452217 -65.561020 -62.296459 -62.148840 -65.381763 -63.880023 -66.002584 -68.007765 -68.171830 -70.008807 -70.705071 -69.735677 -70.128715 -74.453345 -71.798300 -72.239814 -71.505748 -73.918852 -73.877400 -76.620576 -76.245930 -76.175242 
-35.430052 -40.907420 -46.162168 -50.775312 -50.827475 -37.136347 -34.711599 -39.380702 -42.829768 -51.004300 -59.696472 -57.513944 -62.145231 -66.749664 -61.237251 -66.101605 -65.507112 -70.743544 -70.696355 -66.548167 -71.389865 -69.520987 -70.174952 -72.013578 -73.518125 -75.044711 -71.971354 -72.062743 -70.090595 -69.091760 -73.057108 -76.242492 -73.853873 -73.844342 -72.831686 -75.601123 -72.977429 -74.763040 -78.558445 -77.505843 
-42.206376 -52.185733 -49.862274 -51.370968 -55.283062 -43.990536 -44.820126 -55.075411 -58.303157 -61.219289 -62.670638 -64.387629 -63.652667 -63.833449 -64.835482 -70.503470 -78.177177 -75.892919 -74.502582 -75.353754 -72.765631 -71.406938 -71.047055 -75.508562 -78.303867 -73.280507 -73.927475 -75.810548 -75.000455 -78.862532 -77.368497 -76.180397 -77.590704 -75.761028 -73.776236 -75.843638 -73.919052 -75.952335 -79.048752 -80.419664 
-50.916594 -56.098425 -59.689564 -58.086272 -63.410100 -51.458587 -51.094337 -60.678943 -59.959052 -63.577485 -62.814780 -66.388572 -68.932836 -69.127461 -71.528528 -74.535279 -73.442847 -77.490772 -72.340478 -75.704960 -74.773292 -72.864613 -74.474919 -79.287822 -78.427906 -78.091349 -78.308263 -75.245401 -77.537334 -79.184899 -74.015338 -76.752520 -77.997570 -77.050035 -77.177148 -79.888752 -77.725700 -80.220869 -78.988314 -79.195194 
-62.539286 -64.984991 -61.054722 -64.575520 -67.635972 -62.924293 -65.263532 -66.132021 -64.046829 -71.137660 -74.721360 -75.731379 -72.596589 -74.482165 -73.077647 -74.064073 -77.592046 -76.587151 -73.744511 -81.627869 -73.231595 -77.405499 -77.439569 -78.082281 -80.050919 -80.065614 -80.141465 -79.371477 -77.838749 -78.837854 -76.274690 -76.036747 -77.956575 -78.774860 -76.160392 -76.179334 -79.351571 -78.346135 -79.259568 -82.613253 
-16.022787 -15.172434 -16.858025 -19.005274 -16.021389 -13.501548 -12.527230 -11.891839 -12.557520 -13.628054 -14.323714 -15.725815 -16.028430 -16.160597 -15.917393 -16.557377 -17.720217 -19.275838 -21.003078 -23.597382 -25.692162 -26.302616 -25.771777 -24.794352 -23.050256 -24.351946 -21.340926 -18.693744 -19.372356 -23.948693 -29.715169 -33.314294 -31.943464 -34.526466 -34.462281 -39.580125 -39.699790 -41.394334 -47.590419 -48.662306 
-17.503093 -13.426360 -18.087236 -20.698033 -15.803034 -15.201571 -15.516679 -13.572144 -15.182147 -17.547204 -16.840947 -20.275789 -19.471017 -19.857895 -18.624175 -19.154493 -20.354571 -21.972847 -23.471016 -26.830517 -28.435590 -26.097787 -22.994692 -25.125551 -23.114957 -26.089826 -21.927083 -19.242246 -19.707282 -21.048214 -22.415510 -20.192460 -20.739618 -24.366943 -22.056195 -24.823655 -29.273845 -27.589420 -29.311645 -35.234708 
-13.478406 -16.508887 -23.584505 -24.410800 -24.884872 -25.476012 -23.923286 -28.481102 -33.640857 -35.032954 -32.881216 -34.953553 -39.936000 -31.866295 -28.959215 -26.821527 -27.221611 -30.981198 -31.194974 -33.340352 -28.808000 -23.873946 -22.699363 -24.440207 -24.300033 -21.969085 -16.591617 -15.788868 -16.539054 -12.745919 -14.609262 -15.172606 -16.953468 -16.893886 -15.990442 -15.795020 -17.512305 -19.393685 -21.226682 -25.589803 
-11.223432 -20.987596 -29.798846 -29.981784 -28.841619 -22.761583 -24.497711 -23.655427 -27.684033 -30.540147 -31.863447 -33.305816 -34.016238 -28.369671 -24.872679 -28.514909 -23.805555 -30.201779 -31.414905 -29.940927 -32.779875 -26.833331 -20.498694 -22.192760 -18.666957 -16.545201 -14.198533 -11.599138 -11.587058 -8.116592 -10.221668 -7.651799 -9.507645 -11.946489 -12.098411 -11.949431 -15.312649 -15.113011 -17.233087 -20.510485 
-11.732350 -21.790603 -31.373501 -30.002029 -26.812836 -24.315962 -25.445843 -21.829643 -26.239820 -31.431667 -30.002228 -29.580120 -34.067203 -27.263926 -22.399609 -20.408043 -18.873142 -27.120990 -23.204068 -27.316489 -24.693020 -25.587480 -17.467425 -14.350849 -15.680627 -15.305339 -15.173821 -12.526876 -8.986447 -5.243463 -3.321169 -2.047095 -6.045766 -7.033577 -6.936243 -7.396521 -10.517423 -12.780341 -17.273592 -19.474194 
-26.043384 -24.205664 -36.415712 -30.630583 -24.097442 -25.003493 -25.811177 -29.008141 -22.293291 -24.989672 -32.001094 -26.258439 -25.532143 -24.890338 -20.673986 -20.487100 -19.851097 -21.798613 -22.778925 -25.370136 -23.450201 -18.937922 -13.476348 -11.900039 -15.899963 -10.387341 -8.917158 -7.974898 -4.974136 -3.781403 -1.875095 -2.762189 -4.999051 -2.640791 -2.891782 -6.793776 -9.946799 -10.278713 -11.483163 -16.120489 
-26.151740 -24.258273 -28.541797 -32.521593 -28.670520 -25.593669 -19.891142 -20.878979 -21.037006 -23.894962 -30.507385 -22.416633 -21.819497 -21.079287 -17.328077 -16.566821 -15.884382 -17.723833 -20.390393 -24.097482 -21.007609 -16.409615 -12.127966 -11.014023 -12.473341 -11.981807 -15.432480 -9.925907 -5.317267 -3.556817 -0.206794 2.135374 -4.231385 -4.376256 -4.153620 -5.228938 -6.911627 -9.265033 -10.610191 -17.064298 
-24.899372 -30.197173 -30.698938 -26.302816 -27.375513 -33.284149 -30.837365 -20.439675 -20.015511 -24.151747 -20.355170 -19.720351 -18.164190 -19.625097 -25.224746 -20.788928 -14.754291 -18.148342 -17.418288 -21.124125 -17.508474 -11.546605 -11.225062 -11.176054 -12.650412 -11.651183 -8.435675 -5.220877 -6.427901 -1.289109 -0.716756 0.323538 -7.820387 -3.546264 -3.317892 -2.833555 -5.067130 -9.844129 -12.703325 -14.993505 
-16.608532 -25.151706 -33.161614 -31.669347 -27.823667 -27.234180 -22.932881 -25.122218 -28.455521 -24.997612 -26.579024 -22.344944 -20.371599 -19.112942 -20.172789 -22.309304 -19.439114 -20.159120 -22.914095 -20.588781 -20.682352 -16.726580 -11.481374 -15.079347 -15.378249 -10.223140 -7.968799 -5.840879 -3.134117 -0.647856 0.045079 -1.217213 -3.665274 -7.307085 -9.745071 -10.428350 -10.718598 -11.757571 -13.253795 -14.275152 
-25.812728 -22.660064 -23.365148 -26.819537 -25.799063 -20.424980 -23.303386 -23.039441 -19.067112 -17.669389 -21.058143 -20.918797 -16.828247 -19.312007 -18.714324 -16.354312 -17.017776 -22.845765 -20.742370 -21.416746 -17.254951 -14.105672 -11.141332 -10.160332 -13.393130 -11.801892 -5.606733 -7.016015 -4.880185 -2.584764 -1.681013 0.155546 -6.032407 -9.405266 -6.423370 -9.841363 -8.275651 -8.252295 -9.399259 -14.520021 
-19.095752 -22.965281 -27.255846 -30.521841 -30.301282 -21.194038 -19.888384 -21.496326 -21.148454 -23.980774 -22.143184 -22.043061 -17.039026 -16.022021 -14.489319 -19.619989 -17.148052 -21.472332 -18.544811 -19.076411 -16.222772 -11.209693 -12.733227 -9.136271 -8.794949 -7.658993 -3.105427 -5.846834 -4.511507 -2.774290 2.396431 -2.164464 -4.778144 -6.754529 -3.991248 -6.021169 -8.488495 -9.413399 -9.975889 -11.585653 
-20.145423 -22.539875 -32.890509 -27.781058 -31.170547 -30.194698 -25.725288 -24.099252 -29.820745 -24.537165 -22.395329 -25.885921 -31.611463 -19.783861 -17.615054 -20.426600 -21.275371 -17.996481 -23.317604 -20.503147 -18.485058 -11.986054 -12.627504 -11.756975 -12.703999 -8.806394 -1.710114 -2.619981 -2.137553 -2.375803 1.394060 -0.534917 -4.247071 -6.855050 -2.823237 -6.719401 -7.842021 -9.291897 -10.365684 -13.352476 
-18.622825 -27.339783 -40.041133 -27.876917 -24.109764 -26.724978 -25.171728 -19.560415 -16.398858 -17.620808 -25.521488 -29.504979 -21.843764 -17.353350 -18.579801 -19.525180 -18.400782 -21.536567 -17.146357 -20.531501 -24.483738 -18.517783 -16.987986 -12.065302 -14.124570 -10.317178 -7.849681 -9.147101 -7.874745 -3.541574 -0.221924 -0.951519 -3.262326 -8.122369 -9.299365 -8.343321 -10.245431 -10.952759 -17.152356 -16.600212 
-19.393956 -27.364512 -32.350508 -33.820154 -24.286109 -23.228040 -20.370344 -16.327547 -18.764303 -21.979602 -29.076639 -23.044157 -21.254529 -19.196117 -20.104550 -24.522221 -26.497447 -23.265394 -20.921264 -21.837859 -16.522044 -13.755685 -10.474933 -12.139290 -12.942132 -7.256555 -3.634793 -9.344186 -5.640457 -1.964374 0.002886 -1.082443 -8.557593 -8.452032 -9.148292 -10.192868 -11.586016 -11.879457 -15.905076 -15.737352 
-18.093388 -22.391548 -31.926801 -35.692195 -25.973327 -23.768619 -21.544874 -12.567614 -14.344716 -25.355603 -23.105198 -18.692294 -23.252379 -21.211931 -17.835684 -20.300060 -17.709612 -20.107935 -22.945880 -19.998734 -15.074659 -9.628341 -14.368989 -16.919289 -16.672628 -9.900550 -6.736598 -7.806884 -3.841867 0.534280 -0.590361 -3.160123 -10.359930 -10.564144 -9.541165 -8.826220 -10.841723 -13.847928 -15.841922 -20.083204 
-15.143738 -20.692862 -33.385490 -37.188531 -32.553909 -30.451372 -21.274461 -17.118535 -24.262537 -26.580127 -19.326106 -19.182988 -21.333792 -14.810242 -21.252961 -21.773838 -18.841974 -18.541137 -19.629923 -20.782129 -17.136909 -9.418083 -9.800695 -15.005720 -15.899426 -11.583930 -7.478995 -11.061576 -8.647961 -6.282040 -3.757722 -6.334825 -9.960360 -11.086870 -15.076015 -15.922656 -21.953377 -20.518757 -21.454081 -19.907340 
-19.110087 -22.144992 -23.012505 -30.081161 -21.317925 -22.387299 -21.520683 -24.621815 -19.665574 -17.356953 -17.905395 -22.855733 -23.188044 -18.058981 -18.394878 -25.046642 -27.241988 -21.937016 -26.891225 -21.403256 -15.706478 -11.506025 -11.933608 -15.328843 -16.447948 -16.653670 -10.727360 -12.756348 -13.040542 -8.902615 -8.107005 -8.655131 -13.981636 -18.064368 -19.103616 -19.746751 -23.274293 -22.513990 -22.421542 -26.760687 
-15.177071 -16.703456 -18.908046 -21.507221 -25.175687 -33.115161 -30.536571 -28.233649 -21.494569 -19.562437 -27.956576 -35.360395 -29.897820 -23.233252 -24.531867 -23.422080 -28.287224 -29.762312 -28.608205 -28.577282 -18.650548 -16.023814 -17.033508 -21.385851 -20.736853 -19.500519 -18.946518 -20.007203 -23.400758 -19.254971 -22.402373 -26.453695 -26.946809 -30.120280 -27.533139 -32.888809 -37.135913 -36.561341 -33.693534 -38.758754 
-42.342014 -43.047440 -43.734950 -44.679746 -46.085064 -48.193055 -51.059870 -54.508887 -62.955744 -58.450915 -51.441630 -47.442948 -45.031850 -44.312540 -45.309297 -49.031630 -57.443344 -60.829188 -56.192658 -47.228858 -41.739760 -40.689281 -45.619130 -51.947736 -46.180007 -42.928276 -39.183136 -40.364556 -46.041994 -45.800560 -48.848232 -54.860391 -55.530497 -62.030822 -63.772779 -65.442802 -62.289970 -64.742423 -66.681098 -64.966352 
-103.653170 -103.654920 -103.657839 -103.662794 -103.669557 -103.679143 -103.691005 -103.706449 -103.727353 -103.752791 -103.784422 -103.824538 -103.872653 -103.932241 -104.005032 -104.091681 -104.197704 -104.323791 -104.474939 -104.654411 -104.869316 -105.127733 -105.432006 -105.796853 -106.231037 -106.741177 -107.337105 -108.026025 -108.830458 -109.778776 -110.922206 -112.333240 -114.152258 -116.684932 -120.659577 -128.565676 -131.862820 -123.245946 -120.373457 -121.094878 
NaN NaN NaN NaN NaN NaN NaN NaN NaN NaN NaN NaN NaN NaN NaN NaN NaN NaN NaN NaN NaN NaN NaN NaN NaN NaN NaN NaN NaN NaN NaN NaN NaN NaN NaN NaN NaN NaN NaN NaN 
NaN NaN NaN NaN NaN NaN NaN NaN NaN NaN NaN NaN NaN NaN NaN NaN NaN NaN NaN NaN NaN NaN NaN NaN NaN NaN NaN NaN NaN NaN NaN NaN NaN NaN NaN NaN NaN NaN NaN NaN 
NaN NaN NaN NaN NaN NaN NaN NaN NaN NaN NaN NaN NaN NaN NaN NaN NaN NaN NaN NaN NaN NaN NaN NaN NaN NaN NaN NaN NaN NaN NaN NaN NaN NaN NaN NaN NaN NaN NaN NaN 
NaN NaN NaN NaN NaN NaN NaN NaN NaN NaN NaN NaN NaN NaN NaN NaN NaN NaN NaN NaN NaN NaN NaN NaN NaN NaN NaN NaN NaN NaN NaN NaN NaN NaN NaN NaN NaN NaN NaN NaN 
NaN NaN NaN NaN NaN NaN NaN NaN NaN NaN NaN NaN NaN NaN NaN NaN NaN NaN NaN NaN NaN NaN NaN NaN NaN NaN NaN NaN NaN NaN NaN NaN NaN NaN NaN NaN NaN NaN NaN NaN 
NaN NaN NaN NaN NaN NaN NaN NaN NaN NaN NaN NaN NaN NaN NaN NaN NaN NaN NaN NaN NaN NaN NaN NaN NaN NaN NaN NaN NaN NaN NaN NaN NaN NaN NaN NaN NaN NaN NaN NaN 
NaN NaN NaN NaN NaN NaN NaN NaN NaN NaN NaN NaN NaN NaN NaN NaN NaN NaN NaN NaN NaN NaN NaN NaN NaN NaN NaN NaN NaN NaN NaN NaN NaN NaN NaN NaN NaN NaN NaN NaN 
