NaN NaN NaN NaN NaN NaN NaN NaN NaN NaN NaN NaN NaN NaN NaN NaN NaN NaN NaN NaN NaN NaN NaN NaN NaN NaN NaN NaN NaN NaN NaN NaN NaN NaN NaN NaN NaN NaN NaN NaN 
NaN NaN NaN NaN NaN NaN NaN NaN NaN NaN NaN NaN NaN NaN NaN NaN NaN NaN NaN NaN NaN NaN NaN NaN NaN NaN NaN NaN NaN NaN NaN NaN NaN NaN NaN NaN NaN NaN NaN NaN 
NaN NaN NaN NaN NaN NaN NaN NaN NaN NaN NaN NaN NaN NaN NaN NaN NaN NaN NaN NaN NaN NaN NaN NaN NaN NaN NaN NaN NaN NaN NaN NaN NaN NaN NaN NaN NaN NaN NaN NaN 
NaN NaN NaN NaN NaN NaN NaN NaN NaN NaN NaN NaN NaN NaN NaN NaN NaN NaN NaN NaN NaN NaN NaN NaN NaN NaN NaN NaN NaN NaN NaN NaN NaN NaN NaN NaN NaN NaN NaN NaN 
NaN NaN NaN NaN NaN NaN NaN NaN NaN NaN NaN NaN NaN NaN NaN NaN NaN NaN NaN NaN NaN NaN NaN NaN NaN NaN NaN NaN NaN NaN NaN NaN NaN NaN NaN NaN NaN NaN NaN NaN 
-54.942078 -57.706515 -62.386102 -65.477639 -64.815989 -67.839181 -73.911569 -72.157636 -74.490140 -74.111643 -73.161540 -75.448967 -76.280975 -78.434108 -78.514711 -86.445832 -86.606271 -81.090310 -84.071385 -83.596678 -89.996951 -90.782157 -92.401818 -91.557437 -91.336493 -91.025653 -86.575818 -86.771110 -88.724242 -96.502384 -90.825695 -88.788741 -91.455281 -91.785635 -90.718823 -88.820708 -91.415626 -91.293313 -88.370367 -95.501195 
-38.370254 -46.535309 -57.508060 -56.433913 -54.567086 -60.224654 -69.925987 -63.465937 -65.505134 -63.632657 -69.029263 -62.718039 -65.684008 -63.984274 -65.796578 -78.490339 -67.968756 -68.359328 -69.594282 -72.804262 -78.960874 -74.503774 -72.393651 -71.884230 -69.616800 -75.142884 -71.813658 -76.637336 -73.369485 -76.669937 -73.574762 -74.354388 -78.076086 -76.820756 -75.412253 -75.245765 -76.129922 -75.959165 -75.308396 -78.317350 
-41.217137 -48.395333 -49.789130 -56.620944 -57.831508 -60.172470 -63.076592 -64.142628 -64.585213 -66.012884 -66.789109 -66.513004 -67.675361 -70.718140 -66.134233 -68.656905 -65.895449 -67.589908 -70.644377 -73.484225 -74.713546 -72.995096 -75.042918 -72.521353 -68.352724 -75.763371 -75.254882 -74.345135 -73.600969 -74.426964 -74.907016 -75.363932 -77.380052 -78.776945 -77.073380 -74.760666 -78.037063 -77.013412 -78.624287 -77.623897 
-20.021543 -25.579896 -28.767001 -23.638168 -18.605137 -17.055133 -16.619820 -15.088336 -14.724924 -17.791715 -18.438523 -16.374072 -17.493915 -18.702425 -16.832321 -18.289669 -16.198803 -15.357971 -10.983679 -11.220532 -11.262302 -16.747473 -21.805625 -24.772037 -26.647065 -29.710457 -33.457626 -37.262002 -41.180870 -37.429417 -33.597801 -32.211513 -28.954464 -30.942847 -37.439285 -37.527104 -40.601582 -44.740009 -46.552609 -44.750126 
-9.301109 -12.245341 -17.521173 -11.975370 -10.600513 -6.517784 -5.592808 -7.434429 0.857583 -8.105124 -7.398448 -5.516133 -8.933684 -12.988510 -5.669262 -5.230868 -2.110804 -5.564282 2.451190 1.843404 3.072801 -5.562636 -11.982188 -15.614748 -17.620231 -19.849616 -23.027417 -27.494321 -30.534176 -24.146102 -23.630375 -21.927314 -18.207641 -19.657875 -24.647505 -25.544753 -29.682815 -31.974578 -28.930694 -33.393032 
-8.382887 -7.261300 -6.187022 -11.399249 -11.540743 -4.193762 -2.999397 -3.386068 0.452291 -6.042491 -10.487487 -9.435456 -10.755860 -9.217613 -8.260463 -9.337016 -7.727708 -0.689965 0.826840 1.061274 0.787336 -6.495642 -13.382476 -18.736445 -19.333854 -18.282377 -21.159950 -24.107570 -25.405590 -21.285984 -22.069210 -20.327629 -14.127833 -17.105644 -19.826210 -19.930956 -25.788754 -24.504173 -22.200482 -24.695965 
-2.140802 1.064634 -2.148216 -8.479086 -9.756950 -10.242523 -1.988989 2.439336 1.484436 -5.301942 -4.022306 -9.400925 -13.680243 -9.993821 -12.895876 -10.276882 -9.981391 -2.164749 -4.446993 -9.997433 -4.697046 -7.798989 -8.771622 -13.185004 -19.854862 -21.774819 -20.064252 -19.221197 -17.875084 -18.530906 -18.344296 -20.250925 -14.880019 -14.516076 -19.116276 -19.813272 -24.094082 -23.519997 -21.530727 -21.562366 
-0.753401 0.492174 -11.166627 -14.012307 -12.047751 -15.740832 -9.722055 1.315478 1.583791 -11.789847 -10.678008 -12.955591 -15.645369 -16.798161 -12.526520 -10.029831 -9.443205 -4.956575 -4.416050 -3.320372 -3.606404 -3.812105 -11.295676 -13.465871 -16.696414 -15.770891 -14.779344 -17.405055 -16.529312 -15.849584 -18.304759 -21.196440 -18.441568 -18.847348 -19.727423 -21.775495 -24.616757 -27.450450 -27.387938 -22.745260 
-2.825203 -9.053391 -7.979048 -6.202316 -10.735297 -16.192005 -14.234666 -0.856902 0.969252 -3.709736 -5.169056 -5.379602 -8.455837 -10.154305 -12.597643 -10.455970 -5.748135 -6.179019 -7.358405 -2.898592 -1.942101 -3.865318 -8.068220 -12.260893 -12.087582 -11.399322 -15.396342 -15.990997 -18.145263 -13.790239 -16.307494 -14.402922 -14.833066 -14.409413 -15.951711 -19.878563 -20.829201 -21.128517 -21.102890 -23.190688 
-10.324050 5.515055 11.942947 12.000416 3.488278 -2.114655 -4.177659 -9.426406 -6.358526 -8.418194 -11.937657 -11.711429 -8.829834 -9.902823 -9.932469 -6.790450 -4.914337 -2.006865 1.414725 3.007733 -4.240464 -6.558774 -8.946107 -13.315528 -11.636254 -13.206343 -16.176024 -20.878971 -16.984611 -13.872962 -18.686296 -18.743046 -16.806809 -16.973043 -17.843954 -21.009489 -22.869056 -20.279820 -22.105146 -27.425916 
-4.858709 3.113025 15.620593 18.625488 4.547355 2.013411 6.808907 -4.031797 3.220121 -0.892837 -4.621719 -2.832025 -6.482004 -7.262124 -8.256307 -9.797359 -6.761311 -2.847973 0.984199 -3.184301 -6.547531 -8.516834 -11.042678 -8.626611 -7.684001 -17.406937 -21.459952 -20.638432 -18.332783 -11.911917 -19.262221 -21.740129 -17.968584 -19.073375 -21.160695 -19.941385 -17.443525 -21.906093 -24.328499 -29.401115 
-22.484347 -5.336467 14.193455 19.698355 7.489111 1.288703 13.012510 3.534403 6.900689 12.029277 0.487873 7.326990 0.696579 2.451495 -5.173155 -1.995215 -4.210213 -2.615688 7.488419 2.147102 -8.868689 -13.223409 -13.193570 -9.068252 -8.464631 -19.828101 -23.194902 -26.160281 -21.033446 -19.056115 -23.628493 -27.430153 -21.405903 -18.929521 -17.529156 -16.733403 -17.283388 -21.013754 -23.579501 -30.266963 
-16.989074 -15.415034 10.747058 19.768050 10.127797 2.030889 16.885109 11.596835 6.459758 18.475972 6.885112 13.812187 5.582202 5.137248 1.324388 5.617752 2.611369 7.650595 11.809253 2.228596 -3.327366 -8.555946 -11.857771 -8.136785 -4.609366 -10.993588 -17.428494 -20.093420 -19.422337 -16.790459 -30.233944 -25.530335 -18.251105 -17.631447 -12.653071 -9.808294 -9.749639 -16.527524 -17.693193 -26.130379 
-17.789948 -17.772245 11.052471 20.014037 10.364201 0.815929 17.540455 13.030555 7.697246 22.417888 9.477680 15.497770 9.808790 6.407004 3.075454 7.526556 5.796954 10.549391 10.743494 3.619572 -2.495972 -9.727998 -13.100288 -7.385313 -1.746384 -6.140579 -13.852678 -19.211278 -20.533515 -16.246442 -26.734631 -25.408857 -20.236703 -20.343024 -14.074470 -9.616150 -8.407327 -17.218468 -21.504379 -29.682626 
-30.704318 -21.483900 10.371335 20.139394 11.167412 -0.289117 17.070456 12.492034 8.979925 23.890664 10.731713 16.256203 10.715313 7.598125 3.346910 7.580157 6.075668 12.200382 10.398786 3.507769 -3.019114 -8.588105 -12.076697 -8.903922 -3.602901 -3.807727 -11.546634 -16.797192 -20.626460 -17.750833 -24.360390 -26.580221 -20.974117 -19.660544 -12.867032 -9.512638 -9.033560 -17.462554 -20.731176 -28.717639 
-20.607658 -13.109904 10.611644 19.872847 10.811403 0.592381 16.816286 11.685246 11.060249 23.934013 10.349639 16.606087 9.969648 9.650128 3.679110 8.541702 9.254628 14.090457 9.658445 2.816278 -2.810045 -8.610681 -13.245112 -8.860313 -5.691621 -2.959768 -9.594145 -14.998483 -17.296660 -15.232325 -22.169492 -24.804178 -22.072591 -19.937545 -10.689454 -6.001034 -7.121649 -16.273157 -21.364276 -29.543373 
-17.142181 -15.371009 11.426857 18.519230 7.451348 4.400020 15.862744 6.888848 15.178409 21.959962 11.595124 19.550320 9.468550 13.603875 6.087898 9.719906 12.081931 12.063258 10.768579 1.600094 -3.688491 -7.335218 -9.229706 -8.196639 -5.388153 -2.047307 -9.579420 -13.091918 -15.622551 -15.504579 -25.118376 -26.374798 -21.271960 -19.103669 -11.082642 -7.724722 -8.644399 -15.397733 -19.479255 -30.221775 
-18.592542 -10.276968 12.094775 16.683912 4.095345 8.158555 13.436577 3.049941 16.766681 15.166224 16.690557 19.934259 13.022835 13.610552 8.743634 9.043068 12.388386 11.460361 8.918914 1.941166 -2.973260 -7.623568 -10.566908 -9.127533 -8.506020 -2.864286 -8.422065 -13.556573 -15.385503 -13.527942 -22.894993 -26.865377 -20.515846 -19.035754 -12.309206 -7.127207 -7.697701 -15.620772 -18.461622 -27.442481 
-18.830884 -4.502271 12.405075 13.582516 0.585892 10.345990 9.003982 5.700855 16.358444 9.296349 21.833041 16.264146 16.844909 9.703226 7.408037 10.028322 11.419584 14.512657 6.458321 -0.754086 -4.780958 -8.742927 -11.403942 -11.324298 -11.197769 -4.153356 -7.810318 -13.757184 -16.403688 -13.446748 -23.128613 -27.862359 -23.412566 -21.185718 -13.944658 -8.968959 -8.820887 -16.414716 -19.838346 -28.657391 
-24.540519 -0.648370 11.595939 7.190654 2.807912 12.860492 5.281683 11.177518 12.479973 15.700502 20.236299 15.954505 15.014539 10.753244 8.115337 10.149192 13.368944 11.704043 4.933912 -1.913102 -7.451481 -10.973408 -13.611684 -14.832783 -13.279241 -7.584497 -13.201863 -19.855854 -21.481518 -19.207302 -27.658750 -32.812543 -25.890538 -22.745195 -15.159529 -9.822231 -10.334531 -18.709859 -22.376041 -32.969474 
-20.976835 1.216404 11.463072 6.632939 7.303329 13.845853 5.506186 12.128069 7.337941 17.691197 15.302094 18.020094 11.622307 11.224263 7.301806 9.914798 11.389666 13.526971 6.680262 -0.528070 -5.813198 -9.982895 -12.755462 -12.480578 -8.169856 -4.849757 -11.712857 -17.291948 -19.128130 -18.240445 -27.096487 -32.045176 -24.268029 -20.969160 -15.120792 -10.833315 -11.566160 -21.321368 -24.957692 -34.030685 
-17.963269 1.791070 10.466918 5.028228 10.306164 11.099595 6.218505 9.313833 7.592310 12.937208 14.906315 14.872027 12.476702 7.070378 4.260001 7.588673 10.623116 10.669451 3.877637 -3.097504 -8.274356 -13.161276 -16.347959 -14.622756 -11.974311 -9.127845 -19.137222 -22.301231 -21.934559 -22.726518 -29.538796 -32.613036 -26.384944 -22.392165 -18.266304 -14.427493 -14.558422 -23.664128 -24.910142 -35.293323 
-11.825175 3.401064 5.728286 5.383285 11.719271 6.413067 6.289310 4.956250 7.147231 9.776560 14.874890 12.981432 10.773396 6.241825 3.813364 5.844376 8.692011 8.801337 1.850545 -5.586736 -10.449686 -13.968588 -16.517652 -15.241569 -10.588819 -8.015758 -16.658419 -21.753303 -23.740364 -22.067272 -34.415933 -40.535282 -32.128455 -27.317168 -21.144306 -15.860217 -17.471017 -23.382541 -27.898431 -41.859170 
-10.026406 3.488088 4.877654 5.865853 9.975695 3.628857 2.542002 3.671855 3.411330 7.626483 8.374142 5.690709 1.773890 -2.634913 -2.914939 0.941381 -0.888899 -3.168878 -9.242504 -13.195014 -18.297344 -22.148560 -24.577780 -24.405105 -19.575905 -19.740500 -25.211555 -28.836991 -28.873001 -29.055725 -40.421635 -42.413506 -40.320463 -34.751248 -30.015867 -25.831440 -25.112253 -29.088942 -33.181229 -41.048432 
-8.856342 4.483152 3.614804 6.334714 5.049416 1.294009 -0.829959 2.531032 3.572774 7.004806 9.119222 4.035097 -2.006779 -5.157464 -4.691660 -0.104042 -0.068422 -4.895453 -11.219541 -16.133557 -21.226473 -25.559362 -28.283950 -26.731694 -20.724198 -22.990419 -29.158737 -30.953694 -30.293773 -29.820005 -44.702831 -49.621759 -44.268869 -39.281936 -34.004305 -34.056058 -34.962635 -36.187394 -38.523999 -47.120363 
-5.053505 0.565361 -2.438885 -0.756655 -1.437575 -4.061151 -10.491947 -4.726789 -5.510675 -8.171636 -6.284132 -9.321066 -14.188528 -14.773148 -12.373013 -7.961045 -12.468405 -19.573666 -25.520010 -28.467806 -34.992966 -44.523999 -46.138145 -35.854618 -32.861046 -39.791406 -43.931721 -42.008472 -41.299537 -47.856339 -53.553796 -57.327475 -56.467293 -51.329508 -46.076486 -46.703453 -47.544745 -52.934014 -52.019487 -57.191467 
-13.476546 -5.287946 -5.811150 -16.131084 -11.395270 -14.871348 -23.262147 -20.897148 -26.359788 -26.419569 -26.632898 -30.515331 -35.844368 -32.627146 -34.709912 -37.188370 -42.126071 -40.275235 -46.098162 -51.335772 -50.290788 -54.970555 -54.617385 -47.909415 -46.024081 -54.696508 -58.134050 -60.096965 -55.229328 -57.638047 -61.157794 -62.730785 -60.903371 -59.554134 -58.753725 -60.683079 -63.208393 -63.532525 -63.632292 -65.285952 
-15.651164 -9.429347 -11.003051 -21.397956 -18.349811 -18.809144 -32.457728 -30.883730 -36.966616 -41.439531 -43.746344 -41.293449 -44.469577 -45.320987 -45.908835 -51.607842 -53.249317 -52.104406 -55.615672 -59.930305 -61.116628 -62.559547 -60.941561 -59.490175 -60.588502 -63.991731 -65.172459 -65.177730 -62.528849 -66.156619 -65.855911 -66.520238 -67.021300 -67.855214 -66.815416 -68.045478 -66.017126 -67.121520 -69.077602 -68.262431 
-23.917622 -14.837911 -12.873581 -17.250233 -20.111410 -26.000497 -34.323153 -37.593805 -48.470479 -53.892078 -57.979041 -52.408897 -55.765982 -57.462910 -59.614543 -62.264693 -65.893172 -65.879110 -66.058878 -66.061706 -64.861121 -65.290439 -62.251616 -70.076248 -68.533578 -69.596200 -70.213439 -70.707691 -71.086849 -67.703111 -71.661562 -69.864027 -70.727625 -70.076628 -68.540322 -72.292454 -70.958299 -70.191565 -71.673114 -71.738577 
-29.071286 -18.762279 -19.541932 -31.541168 -24.798696 -29.021906 -44.799412 -45.145117 -53.613804 -56.919444 -59.316584 -57.948344 -62.224217 -60.526750 -60.882027 -58.204797 -61.169072 -63.414030 -69.229072 -66.838009 -69.423666 -72.089081 -68.194948 -70.237292 -68.360950 -68.116094 -70.061028 -70.061033 -70.948454 -69.970439 -70.407653 -70.626637 -71.989791 -72.221903 -70.132831 -71.181910 -73.034125 -72.757299 -71.654976 -74.212936 
-28.112397 -21.235303 -21.047604 -27.973961 -28.421550 -35.941621 -48.660301 -50.074309 -57.265482 -55.189011 -57.997337 -61.784978 -64.152949 -58.631585 -59.896289 -62.364900 -64.439590 -68.243095 -64.537336 -63.917247 -73.635367 -72.280082 -68.427692 -69.777169 -70.401405 -69.729533 -66.985038 -69.136998 -74.909629 -72.642118 -72.332638 -71.497172 -72.048301 -73.938238 -73.753443 -71.759595 -71.804306 -70.716480 -70.687340 -76.532309 
-31.685077 -20.559668 -21.890622 -36.444596 -40.534055 -42.734887 -46.425404 -52.554008 -62.523747 -62.036620 -55.036483 -61.551460 -67.041306 -67.769802 -67.015509 -65.706281 -62.285826 -64.485078 -67.971793 -66.559035 -70.964065 -72.073485 -74.109294 -73.132478 -71.594050 -68.188979 -71.066953 -69.246485 -72.006532 -71.261653 -73.149540 -71.275067 -71.363369 -74.164172 -72.015758 -73.060280 -71.758522 -73.971010 -72.758311 -73.635191 
-18.731828 -28.743197 -29.996912 -40.588965 -46.757045 -50.605864 -57.058677 -54.194559 -62.460337 -66.240481 -64.272513 -64.470610 -66.688932 -68.192656 -68.306030 -65.464382 -66.610836 -67.523919 -69.920000 -69.229492 -70.454055 -70.852663 -73.880434 -69.552693 -73.932993 -73.613192 -71.493179 -70.126161 -73.341538 -70.753347 -73.143910 -76.135680 -73.701344 -72.671529 -75.779332 -74.863670 -74.312195 -76.800063 -77.250729 -76.882232 
-12.293173 -18.373264 -21.473118 -24.108967 -23.734094 -24.989628 -25.926422 -27.036343 -28.683905 -30.787395 -33.071095 -36.046618 -38.455574 -38.892137 -38.821850 -38.851029 -40.155182 -42.159274 -43.492418 -43.318787 -42.507568 -42.964171 -44.569551 -45.342722 -44.166742 -44.533342 -47.748350 -54.726188 -62.538080 -57.836758 -53.157350 -51.377540 -55.167783 -54.439203 -54.381478 -55.779931 -54.990409 -54.433137 -57.838927 -66.952559 
-0.037293 -0.796133 -6.818601 -10.916471 -6.710547 -5.496632 -5.587823 -4.726877 -8.104951 -13.812616 -16.990655 -18.711833 -20.896201 -19.648049 -21.117129 -21.947739 -22.717991 -22.525036 -24.835775 -25.625984 -22.364335 -24.378935 -27.123978 -26.649969 -25.994518 -24.355705 -28.850928 -33.507250 -39.807066 -38.919656 -34.091699 -32.250257 -36.098889 -35.702972 -34.985151 -36.942651 -36.565354 -35.395170 -39.003700 -46.765963 
-5.545038 -5.563189 -13.450898 -24.353386 -12.499305 -13.941138 -17.483738 -11.841403 -13.822247 -21.152831 -25.222625 -26.749848 -31.800170 -29.414422 -33.393028 -32.166795 -33.519244 -30.254603 -23.435261 -22.690569 -28.164557 -33.447905 -32.137011 -35.978635 -33.620084 -31.028011 -33.369866 -33.165334 -31.365011 -35.983458 -37.678998 -38.516297 -42.133762 -42.191797 -40.325867 -41.691102 -42.363209 -44.058926 -46.624709 -46.084957 
-31.101333 -30.607449 -31.659850 -33.008244 -35.163992 -38.145980 -42.147023 -45.677547 -43.307465 -43.999512 -48.646150 -53.140588 -49.526317 -52.398004 -57.332463 -52.101564 -52.046788 -46.639742 -42.054678 -44.274124 -53.219058 -53.962907 -52.212363 -56.734649 -53.473091 -57.040125 -60.388746 -53.927285 -49.653006 -54.533893 -57.698978 -58.611414 -61.122646 -65.751670 -62.739346 -62.820715 -61.637956 -66.506864 -69.629955 -65.928207 
-51.368605 -58.043953 -69.864873 -69.626195 -67.813618 -76.321607 -73.449827 -64.361439 -57.437698 -62.425573 -65.424052 -74.119519 -71.164612 -68.569496 -72.240614 -69.174174 -71.336671 -69.190812 -69.427224 -72.288809 -70.831417 -74.928506 -79.913266 -79.800676 -79.313025 -77.255373 -78.501030 -80.112727 -78.262083 -79.827795 -82.640339 -82.008413 -85.328943 -85.445554 -84.884798 -83.924191 -86.537843 -84.640147 -83.952893 -85.502736 
-68.768730 -73.587994 -73.097754 -71.447941 -74.783442 -74.215892 -75.911217 -75.962481 -69.359153 -77.585231 -71.247363 -75.006728 -73.981997 -76.892790 -75.605027 -77.215239 -77.912021 -77.599689 -75.530981 -78.641854 -81.206603 -82.738976 -82.016211 -81.591284 -81.909038 -85.530212 -89.610299 -85.799038 -80.856763 -83.654848 -85.291179 -85.432752 -85.820582 -91.771508 -86.993866 -89.382583 -90.984768 -86.796955 -90.378503 -89.630490 
-89.495529 -89.508468 -89.530002 -89.566357 -89.615661 -89.684897 -89.769665 -89.878720 -90.024240 -90.198607 -90.412110 -90.678953 -90.995049 -91.382422 -91.853116 -92.413141 -93.102943 -93.935617 -94.959023 -96.222523 -97.825283 -99.929712 -102.776072 -107.090664 -114.633925 -115.892845 -108.871002 -105.226552 -103.315847 -102.502832 -102.628446 -103.776166 -106.321184 -111.573202 -120.055956 -112.733589 -107.878452 -106.412113 -107.522817 -112.435607 
NaN NaN NaN NaN NaN NaN NaN NaN NaN NaN NaN NaN NaN NaN NaN NaN NaN NaN NaN NaN NaN NaN NaN NaN NaN NaN NaN NaN NaN NaN NaN NaN NaN NaN NaN NaN NaN NaN NaN NaN 
NaN NaN NaN NaN NaN NaN NaN NaN NaN NaN NaN NaN NaN NaN NaN NaN NaN NaN NaN NaN NaN NaN NaN NaN NaN NaN NaN NaN NaN NaN NaN NaN NaN NaN NaN NaN NaN NaN NaN NaN 
NaN NaN NaN NaN NaN NaN NaN NaN NaN NaN NaN NaN NaN NaN NaN NaN NaN NaN NaN NaN NaN NaN NaN NaN NaN NaN NaN NaN NaN NaN NaN NaN NaN NaN NaN NaN NaN NaN NaN NaN 
NaN NaN NaN NaN NaN NaN NaN NaN NaN NaN NaN NaN NaN NaN NaN NaN NaN NaN NaN NaN NaN NaN NaN NaN NaN NaN NaN NaN NaN NaN NaN NaN NaN NaN NaN NaN NaN NaN NaN NaN 
NaN NaN NaN NaN NaN NaN NaN NaN NaN NaN NaN NaN NaN NaN NaN NaN NaN NaN NaN NaN NaN NaN NaN NaN NaN NaN NaN NaN NaN NaN NaN NaN NaN NaN NaN NaN NaN NaN NaN NaN 
NaN NaN NaN NaN NaN NaN NaN NaN NaN NaN NaN NaN NaN NaN NaN NaN NaN NaN NaN NaN NaN NaN NaN NaN NaN NaN NaN NaN NaN NaN NaN NaN NaN NaN NaN NaN NaN NaN NaN NaN 
NaN NaN NaN NaN NaN NaN NaN NaN NaN NaN NaN NaN NaN NaN NaN NaN NaN NaN NaN NaN NaN NaN NaN NaN NaN NaN NaN NaN NaN NaN NaN NaN NaN NaN NaN NaN NaN NaN NaN NaN 
NaN NaN NaN NaN NaN NaN NaN NaN NaN NaN NaN NaN NaN NaN NaN NaN NaN NaN NaN NaN NaN NaN NaN NaN NaN NaN NaN NaN NaN NaN NaN NaN NaN NaN NaN NaN NaN NaN NaN NaN 
NaN NaN NaN NaN NaN NaN NaN NaN NaN NaN NaN NaN NaN NaN NaN NaN NaN NaN NaN NaN NaN NaN NaN NaN NaN NaN NaN NaN NaN NaN NaN NaN NaN NaN NaN NaN NaN NaN NaN NaN 
NaN NaN NaN NaN NaN NaN NaN NaN NaN NaN NaN NaN NaN NaN NaN NaN NaN NaN NaN NaN NaN NaN NaN NaN NaN NaN NaN NaN NaN NaN NaN NaN NaN NaN NaN NaN NaN NaN NaN NaN 
NaN NaN NaN NaN NaN NaN NaN NaN NaN NaN NaN NaN NaN NaN NaN NaN NaN NaN NaN NaN NaN NaN NaN NaN NaN NaN NaN NaN NaN NaN NaN NaN NaN NaN NaN NaN NaN NaN NaN NaN 
NaN NaN NaN NaN NaN NaN NaN NaN NaN NaN NaN NaN NaN NaN NaN NaN NaN NaN NaN NaN NaN NaN NaN NaN NaN NaN NaN NaN NaN NaN NaN NaN NaN NaN NaN NaN NaN NaN NaN NaN 
