-0.638912 -3.375888 -7.696066 -11.272959 -13.339940 -11.036774 -8.217447 -8.264441 -11.028265 -11.257066 -17.331543 -25.821458 -24.920360 -22.950514 -16.687713 -15.143673 -15.020207 -19.334807 -16.562540 -13.611967 -5.523991 -7.208905 -10.030561 -20.449625 -21.873578 -18.563048 -18.266649 -20.570037 -25.645780 -22.284351 -25.829639 -28.014604 -22.363032 -23.149800 -28.116238 -24.115628 -26.695038 -29.651882 -27.302083 -28.288890 
-1.466915 -6.972300 -6.236936 -8.311783 -12.257227 -11.816812 -7.543179 -1.559879 -7.008853 -8.837251 -16.825038 -20.563353 -19.493223 -16.304850 -14.157342 -17.631406 -10.614097 -15.289961 -14.002213 -13.105237 -5.718881 -7.401023 -12.382905 -18.732855 -15.674955 -12.425234 -14.383499 -17.343136 -19.627850 -17.276153 -24.966937 -22.302607 -20.532212 -26.342582 -27.839808 -26.688742 -27.052861 -27.036383 -24.992181 -27.621231 
-1.541698 5.640315 13.010612 13.436155 3.689283 -6.127984 -4.394965 -1.860160 -5.989109 -7.100848 -11.595949 -10.267096 -14.144717 -8.969377 -13.846610 -12.628746 -7.792846 -11.668661 -6.151018 -6.087596 -10.246808 -16.079325 -14.792679 -16.049247 -11.787112 -10.024263 -15.509096 -19.231894 -16.837282 -15.779439 -21.259300 -20.176749 -20.497371 -25.941982 -28.308745 -22.061286 -25.123930 -28.160741 -29.338523 -29.827074 
-2.375990 6.144458 20.459551 21.941101 8.827043 4.346512 7.631628 1.853449 1.798785 0.228186 -5.561223 -5.142274 -6.006411 -7.506343 -11.525366 -14.216126 -8.395113 -7.996529 -5.255394 -8.001135 -9.460204 -16.103008 -12.135575 -13.848993 -14.232697 -10.360800 -13.268492 -19.047218 -13.689167 -14.623558 -22.975897 -22.099633 -21.084785 -25.186397 -24.771647 -20.584698 -23.022756 -25.412582 -26.858615 -27.357290 
-6.415684 3.220593 20.278926 22.834192 7.438840 6.000760 12.264074 -1.158317 11.287214 10.366050 -0.650079 1.501580 -3.504397 -3.133346 -9.746001 -10.410057 -6.357126 -6.269497 -4.520433 -13.158713 -16.859181 -16.439733 -12.801029 -13.478525 -15.231096 -8.295011 -13.902503 -16.419640 -12.603193 -17.477268 -23.370721 -19.878041 -18.035294 -26.081364 -25.519076 -17.545176 -19.299014 -23.682748 -23.343690 -26.245063 
-6.441765 -6.214031 16.470487 21.586445 8.320231 5.799755 14.767081 2.233359 15.537200 15.793714 0.019991 5.962273 1.872617 3.758382 -3.877537 -5.073422 -0.539339 -1.861832 -1.507260 -8.817541 -18.082484 -13.713686 -13.895226 -14.077145 -13.609243 -10.309766 -13.962041 -15.028420 -13.450114 -14.535530 -23.112034 -17.321983 -20.406197 -30.378630 -24.763085 -13.227740 -16.481708 -24.995946 -25.659644 -28.055164 
-14.840486 -9.387218 13.923920 20.293556 7.841341 7.026909 16.737140 5.496405 17.560847 19.848908 6.186045 13.375842 3.377967 7.440560 1.667352 3.969399 7.068251 0.979176 -2.964143 -11.165587 -14.482708 -13.062444 -13.631163 -16.146368 -14.914013 -10.035939 -10.302905 -15.294908 -13.023426 -12.106473 -20.955659 -23.151999 -24.540609 -34.015565 -29.979210 -18.171495 -20.855389 -28.510457 -27.394541 -29.401583 
-16.271768 -8.972007 13.991325 19.432702 6.262467 8.972127 17.576757 4.604750 19.182181 20.277177 10.833322 16.801973 7.087161 10.603779 6.197080 7.708807 12.419692 5.734649 2.189769 -4.735823 -11.542149 -13.018907 -12.264064 -15.344769 -12.713150 -5.959735 -6.453617 -14.574442 -15.412275 -14.034589 -21.431976 -24.747049 -25.305689 -33.628266 -29.413544 -21.844064 -24.479996 -28.966353 -29.157171 -30.715484 
-14.599264 -6.740191 14.314311 18.192604 4.053118 10.802318 17.505114 4.519817 20.017070 18.057855 14.641150 17.087462 11.724960 12.814286 10.388403 9.965102 14.391567 8.150881 2.220590 -2.708884 -7.279062 -9.892465 -9.600383 -11.028965 -10.555235 -5.042377 -2.772494 -9.249981 -10.099887 -11.005995 -16.298970 -20.061855 -22.102797 -36.224954 -32.205981 -22.070646 -28.263426 -29.702840 -26.247356 -30.960129 
-13.392171 -3.152555 14.891760 16.951820 0.757889 12.571919 16.163833 4.606006 19.326178 12.070285 17.165384 13.550681 16.102610 12.613333 11.234784 9.403533 11.647786 10.667550 2.585559 -2.435662 -6.706607 -10.473026 -10.772747 -12.497608 -11.724671 -5.931671 -0.700820 -5.497388 -6.307729 -6.676698 -14.641476 -16.034059 -19.364462 -35.644288 -30.230614 -20.220314 -24.119803 -29.175062 -30.279853 -30.912626 
-11.272979 0.245714 15.495989 15.316385 0.331445 13.547947 12.838192 7.343199 16.609890 8.555102 18.860155 11.889098 17.672423 11.104499 9.085967 9.961512 10.165271 11.580333 3.106448 -2.375534 -7.541328 -9.751849 -11.143429 -13.459427 -13.752697 -6.117504 0.092757 -4.688161 -6.912798 -7.268965 -13.321864 -15.545093 -18.467808 -34.899896 -26.894903 -17.651805 -21.804945 -24.390842 -24.611250 -29.636784 
-16.360562 5.351617 17.150847 13.379370 3.876382 13.655048 6.309898 11.814864 12.233021 15.933225 18.093103 14.985665 14.806815 12.396251 8.676890 10.689953 13.533847 9.122243 1.424169 -2.948468 -7.755576 -11.674075 -13.127020 -14.631687 -17.414083 -9.346714 -2.861355 -6.715451 -8.181611 -7.337357 -15.395663 -17.892530 -19.536921 -37.295384 -30.254115 -25.455173 -25.453609 -28.332764 -30.006917 -31.591963 
-9.011632 9.017902 18.503070 12.450013 10.269514 13.575158 6.722796 11.877772 9.235270 18.333802 12.603212 14.260579 14.350986 12.153259 9.879312 11.500496 12.367438 9.201594 -0.683497 -3.344367 -8.120016 -13.129777 -12.320275 -14.980475 -15.011211 -12.596271 -4.798472 -8.354464 -9.086149 -11.487292 -18.679548 -20.005392 -23.614014 -36.759089 -28.640861 -23.636941 -26.593257 -30.090451 -28.401754 -30.354774 
-6.265768 12.019941 17.806340 8.795314 13.214821 10.340952 10.442794 9.439596 14.994822 16.534755 14.747257 13.242452 14.500497 10.685482 8.958649 9.451037 11.282467 7.368361 -1.284713 -5.163021 -10.568462 -14.915183 -15.420838 -17.061095 -18.460366 -15.272382 -5.589637 -10.075581 -10.359593 -12.930645 -22.512538 -22.924610 -21.815374 -34.146888 -29.732040 -18.581765 -23.143671 -28.985345 -27.269460 -28.907456 
1.522696 15.029338 15.529274 8.240981 12.359225 7.140231 11.189080 6.791109 10.428954 13.026180 10.506633 9.632572 11.981255 8.626185 6.143407 6.610801 7.003270 2.433033 -3.929987 -9.661485 -15.494548 -17.315482 -15.648772 -18.095654 -20.852364 -15.987820 -13.781134 -17.661436 -19.230778 -22.267283 -28.639197 -27.061973 -25.904367 -35.436538 -30.856769 -20.546434 -26.727294 -33.491298 -29.950764 -29.606570 
4.814262 17.488526 16.009156 11.415448 8.757500 6.664240 5.375349 7.587494 7.175911 11.278381 8.838968 7.225427 8.911306 6.683750 3.693265 4.116419 4.175420 -1.219662 -8.768857 -11.666544 -20.297926 -21.396027 -20.047849 -22.168165 -20.774230 -13.631851 -12.220576 -22.274518 -22.367921 -19.751889 -23.749532 -28.178232 -27.095054 -35.461499 -31.866200 -26.273611 -28.904365 -32.080010 -32.661357 -32.449680 
7.259040 18.825006 16.628657 12.187889 7.824365 6.142750 5.003426 4.926737 3.821328 8.014095 3.966874 2.901285 5.726454 0.666284 -2.042330 -2.958998 -5.558654 -9.681507 -16.438401 -15.520105 -22.286693 -25.119539 -25.105894 -23.482959 -21.997890 -19.436555 -18.364190 -19.710278 -19.423504 -23.364233 -29.535867 -33.628136 -30.927200 -36.214508 -35.379390 -29.593756 -30.609594 -29.129751 -32.533485 -33.386850 
10.806441 18.873572 14.934736 10.218852 6.291596 4.141861 3.068994 3.112906 5.945034 6.767107 -1.182997 -3.034991 -2.173670 -7.880106 -7.957077 -10.272119 -15.561128 -19.435246 -23.047406 -26.336904 -29.421945 -29.702768 -29.483522 -28.652720 -19.151014 -15.371648 -23.327724 -24.344605 -26.337794 -30.289052 -39.659529 -40.801331 -36.391664 -42.465242 -41.245034 -34.697545 -34.758972 -36.625351 -38.361049 -36.435538 
9.437589 16.194723 9.093332 -1.133685 -4.930652 -3.600716 -5.555493 -2.026882 4.169671 3.968874 -3.837771 -11.173943 -9.378179 -13.485335 -21.844199 -21.441807 -22.628807 -29.065160 -29.424098 -37.009265 -36.245839 -35.026402 -35.981378 -36.152373 -23.383648 -19.799002 -30.771119 -31.686373 -35.604401 -37.675953 -44.188200 -41.796764 -42.440956 -43.812250 -44.791068 -43.253025 -42.264575 -43.333609 -42.113465 -44.049757 
6.744626 13.290753 8.100372 -6.380060 -12.271457 -16.984879 -16.666059 -15.177687 -11.878158 -13.788915 -23.235043 -24.115042 -24.376094 -23.999009 -27.121483 -31.816395 -37.409964 -36.561521 -38.451800 -42.431112 -44.941464 -45.158062 -44.996562 -46.385448 -43.223742 -44.179381 -48.653549 -49.287992 -49.745969 -50.163847 -51.535147 -51.692650 -51.938054 -51.815964 -51.378680 -52.831265 -52.597208 -51.916120 -52.601260 -54.084834 
-3.674315 4.122526 -1.111951 -12.362471 -15.942054 -22.371279 -23.309948 -23.851910 -25.800657 -27.592657 -30.070371 -36.811202 -30.994286 -30.561751 -30.445663 -33.693878 -37.799010 -45.011445 -45.434608 -47.653536 -48.822081 -48.250771 -48.875329 -50.358496 -51.164132 -51.860282 -52.542383 -52.836680 -53.259253 -53.653324 -52.993481 -54.468693 -55.154587 -55.567658 -55.283425 -56.383799 -56.003471 -56.015410 -55.575742 -56.805662 
-7.297263 -7.896626 -12.456974 -20.659960 -23.113784 -31.593081 -30.557466 -24.763152 -29.757669 -27.344651 -34.127447 -37.014326 -37.356102 -36.501909 -42.358441 -43.326727 -45.904015 -49.438538 -48.697434 -52.446222 -53.494634 -56.627766 -56.648534 -56.786696 -55.371484 -56.040630 -58.325142 -56.777799 -57.119121 -59.897615 -57.426108 -54.927404 -55.827408 -56.291776 -59.026909 -59.595274 -57.483932 -59.149431 -57.598831 -58.930025 
-5.150894 -3.535706 -9.141350 -22.420431 -30.975743 -30.728928 -32.253097 -31.162917 -33.793569 -29.594621 -34.624717 -42.765507 -45.302880 -47.861152 -50.203401 -49.584912 -55.078643 -57.657685 -56.671897 -59.058575 -58.902072 -62.829793 -62.590354 -61.266632 -60.968834 -60.135694 -59.675160 -58.555922 -60.175405 -58.170146 -60.125606 -61.323041 -62.063554 -59.018628 -60.469335 -60.949822 -59.901859 -60.561547 -59.514237 -60.799828 
-9.329726 -6.750196 -11.957522 -24.958979 -35.537582 -41.530100 -43.697302 -41.093836 -42.723139 -41.354553 -47.431495 -48.256945 -44.810470 -48.675003 -56.640370 -56.354914 -52.184858 -55.291108 -59.166360 -60.686325 -60.690215 -59.666731 -63.954970 -58.982687 -58.162956 -55.761361 -60.063762 -61.970250 -60.143154 -57.554655 -61.613676 -61.476051 -60.723585 -57.934233 -59.327104 -59.856743 -61.980138 -60.838514 -64.557015 -63.596842 
-8.639692 -10.224237 -18.768245 -30.825044 -35.998071 -40.252442 -45.742270 -43.746701 -48.236720 -46.425864 -53.746395 -50.200580 -50.025589 -47.362451 -50.433270 -51.025716 -53.071599 -56.848031 -61.132361 -60.536423 -61.484513 -59.510586 -59.559521 -61.076181 -57.711316 -60.430491 -60.622201 -60.059752 -59.235560 -62.190089 -62.932351 -60.258599 -58.896919 -59.924620 -60.601622 -61.751442 -61.441444 -61.308448 -62.248097 -63.904235 
-25.745892 -22.300206 -22.366406 -33.639355 -42.361049 -41.372751 -43.490250 -43.527434 -49.840558 -48.242653 -49.801527 -53.738352 -55.797062 -55.330858 -55.585711 -54.048192 -54.635001 -59.790639 -59.327385 -56.465299 -59.590185 -60.312651 -58.925407 -59.501099 -59.468416 -58.914047 -62.130083 -59.556398 -60.096188 -58.654211 -59.814695 -60.771220 -59.483920 -61.548432 -61.452642 -60.897129 -59.866941 -60.606347 -63.982095 -64.419874 
-15.160505 -20.597097 -20.213610 -29.718926 -43.379069 -42.045510 -48.939561 -45.633474 -48.408996 -47.419533 -51.910027 -53.128269 -55.897523 -57.901349 -57.449841 -51.933510 -59.836155 -60.956559 -57.445458 -58.527603 -63.711613 -60.677504 -62.497275 -62.095717 -59.703168 -58.203307 -60.173744 -59.923743 -61.417524 -59.537406 -60.051483 -61.983348 -60.815525 -61.377522 -61.720127 -61.947714 -60.726883 -62.233310 -61.473385 -62.924457 
-5.463332 -8.666097 -10.673508 -16.651048 -20.788996 -20.372008 -23.121205 -23.532830 -23.921914 -25.898173 -30.169417 -30.200512 -30.891729 -34.089910 -39.170392 -39.802817 -37.225829 -37.235292 -39.039877 -40.526677 -47.518754 -43.334050 -41.255041 -43.448799 -45.076017 -43.395639 -40.151189 -42.783327 -39.882601 -40.820044 -45.866397 -51.564363 -53.548310 -50.269324 -53.810867 -52.340397 -54.002806 -56.716688 -54.431683 -55.514977 
3.382314 3.454242 -3.040560 -14.575927 -19.611930 -16.001577 -15.168964 -17.360849 -16.099139 -21.241277 -28.519400 -26.044309 -25.259435 -30.860813 -33.390897 -34.175501 -32.078702 -31.099317 -32.804682 -30.352690 -30.176025 -36.020854 -33.585253 -33.929684 -28.760867 -29.431558 -33.358533 -35.776159 -34.236960 -34.639539 -36.952684 -41.603927 -38.308530 -37.460528 -40.933432 -42.055480 -42.592402 -44.207735 -41.488098 -43.726134 
-4.316207 -5.970509 -11.633856 -19.838335 -21.110656 -22.439401 -20.374059 -19.170741 -24.266281 -30.374080 -34.971087 -37.973111 -38.014259 -36.946959 -35.891225 -37.269931 -36.877701 -41.373879 -36.317728 -32.377492 -32.634689 -40.670927 -39.583568 -40.206030 -30.818021 -34.598204 -39.058580 -41.274633 -42.603468 -42.706682 -39.802616 -41.938404 -40.493418 -39.390095 -46.668726 -44.373929 -44.091503 -47.978464 -44.616724 -49.419885 
-45.238812 -50.513327 -61.576377 -69.816274 -62.115869 -59.448898 -60.607736 -60.256844 -57.977773 -63.666978 -75.657354 -68.683484 -64.668536 -74.628648 -76.817004 -74.575861 -67.531011 -69.389925 -69.104245 -73.401366 -75.743380 -80.653500 -75.480623 -76.589338 -75.086704 -74.052144 -81.093890 -81.807364 -83.789397 -81.795165 -78.955624 -79.738717 -80.862922 -85.546549 -84.190198 -81.702425 -81.658961 -84.060626 -84.026531 -84.778549 
-67.308348 -68.636865 -71.869720 -79.463115 -84.113044 -81.244795 -80.347700 -82.202239 -85.159586 -82.159127 -84.646018 -85.199810 -84.947149 -89.530665 -86.972343 -89.430759 -94.142969 -87.473067 -85.322724 -93.166131 -87.340564 -90.855936 -93.540935 -89.464336 -93.992460 -91.761537 -92.392294 -93.374680 -92.649193 -91.208235 -92.274558 -93.216078 -92.848821 -94.488447 -94.742381 -94.798675 -94.686372 -95.920278 -96.708562 -99.267196 
NaN NaN NaN NaN NaN NaN NaN NaN NaN NaN NaN NaN NaN NaN NaN NaN NaN NaN NaN NaN NaN NaN NaN NaN NaN NaN NaN NaN NaN NaN NaN NaN NaN NaN NaN NaN NaN NaN NaN NaN 
NaN NaN NaN NaN NaN NaN NaN NaN NaN NaN NaN NaN NaN NaN NaN NaN NaN NaN NaN NaN NaN NaN NaN NaN NaN NaN NaN NaN NaN NaN NaN NaN NaN NaN NaN NaN NaN NaN NaN NaN 
NaN NaN NaN NaN NaN NaN NaN NaN NaN NaN NaN NaN NaN NaN NaN NaN NaN NaN NaN NaN NaN NaN NaN NaN NaN NaN NaN NaN NaN NaN NaN NaN NaN NaN NaN NaN NaN NaN NaN NaN 
NaN NaN NaN NaN NaN NaN NaN NaN NaN NaN NaN NaN NaN NaN NaN NaN NaN NaN NaN NaN NaN NaN NaN NaN NaN NaN NaN NaN NaN NaN NaN NaN NaN NaN NaN NaN NaN NaN NaN NaN 
NaN NaN NaN NaN NaN NaN NaN NaN NaN NaN NaN NaN NaN NaN NaN NaN NaN NaN NaN NaN NaN NaN NaN NaN NaN NaN NaN NaN NaN NaN NaN NaN NaN NaN NaN NaN NaN NaN NaN NaN 
