NaN NaN NaN NaN NaN NaN NaN NaN NaN NaN NaN NaN NaN NaN NaN NaN NaN NaN NaN NaN NaN NaN NaN NaN NaN NaN NaN NaN NaN NaN NaN NaN NaN NaN NaN NaN NaN NaN NaN NaN 
NaN NaN NaN NaN NaN NaN NaN NaN NaN NaN NaN NaN NaN NaN NaN NaN NaN NaN NaN NaN NaN NaN NaN NaN NaN NaN NaN NaN NaN NaN NaN NaN NaN NaN NaN NaN NaN NaN NaN NaN 
NaN NaN NaN NaN NaN NaN NaN NaN NaN NaN NaN NaN NaN NaN NaN NaN NaN NaN NaN NaN NaN NaN NaN NaN NaN NaN NaN NaN NaN NaN NaN NaN NaN NaN NaN NaN NaN NaN NaN NaN 
NaN NaN NaN NaN NaN NaN NaN NaN NaN NaN NaN NaN NaN NaN NaN NaN NaN NaN NaN NaN NaN NaN NaN NaN NaN NaN NaN NaN NaN NaN NaN NaN NaN NaN NaN NaN NaN NaN NaN NaN 
NaN NaN NaN NaN NaN NaN NaN NaN NaN NaN NaN NaN NaN NaN NaN NaN NaN NaN NaN NaN NaN NaN NaN NaN NaN NaN NaN NaN NaN NaN NaN NaN NaN NaN NaN NaN NaN NaN NaN NaN 
NaN NaN NaN NaN NaN NaN NaN NaN NaN NaN NaN NaN NaN NaN NaN NaN NaN NaN NaN NaN NaN NaN NaN NaN NaN NaN NaN NaN NaN NaN NaN NaN NaN NaN NaN NaN NaN NaN NaN NaN 
NaN NaN NaN NaN NaN NaN NaN NaN NaN NaN NaN NaN NaN NaN NaN NaN NaN NaN NaN NaN NaN NaN NaN NaN NaN NaN NaN NaN NaN NaN NaN NaN NaN NaN NaN NaN NaN NaN NaN NaN 
NaN NaN NaN NaN NaN NaN NaN NaN NaN NaN NaN NaN NaN NaN NaN NaN NaN NaN NaN NaN NaN NaN NaN NaN NaN NaN NaN NaN NaN NaN NaN NaN NaN NaN NaN NaN NaN NaN NaN NaN 
NaN NaN NaN NaN NaN NaN NaN NaN NaN NaN NaN NaN NaN NaN NaN NaN NaN NaN NaN NaN NaN NaN NaN NaN NaN NaN NaN NaN NaN NaN NaN NaN NaN NaN NaN NaN NaN NaN NaN NaN 
NaN NaN NaN NaN NaN NaN NaN NaN NaN NaN NaN NaN NaN NaN NaN NaN NaN NaN NaN NaN NaN NaN NaN NaN NaN NaN NaN NaN NaN NaN NaN NaN NaN NaN NaN NaN NaN NaN NaN NaN 
NaN NaN NaN NaN NaN NaN NaN NaN NaN NaN NaN NaN NaN NaN NaN NaN NaN NaN NaN NaN NaN NaN NaN NaN NaN NaN NaN NaN NaN NaN NaN NaN NaN NaN NaN NaN NaN NaN NaN NaN 
NaN NaN NaN NaN NaN NaN NaN NaN NaN NaN NaN NaN NaN NaN NaN NaN NaN NaN NaN NaN NaN NaN NaN NaN NaN NaN NaN NaN NaN NaN NaN NaN NaN NaN NaN NaN NaN NaN NaN NaN 
-53.876561 -57.482029 -64.897933 -71.125416 -69.956861 -73.815808 -74.384023 -76.290325 -77.573977 -81.564012 -79.308333 -80.649235 -80.232984 -83.143867 -82.132534 -85.103300 -90.023016 -91.601219 -88.697079 -94.147793 -92.501849 -87.510864 -85.703129 -85.723100 -90.699608 -90.688668 -86.947809 -92.642972 -90.773102 -88.979329 -96.141732 -97.185528 -97.926659 -89.961271 -93.144331 -91.768336 -89.113063 -94.034357 -93.056206 -92.300393 
-39.465020 -49.653630 -50.131120 -50.770369 -55.087402 -68.801331 -71.621814 -71.266866 -72.114268 -73.589736 -73.579473 -76.320391 -71.819023 -75.378904 -74.887003 -79.598973 -82.371016 -82.622131 -75.992504 -77.278884 -74.313182 -78.526548 -79.318886 -78.524116 -80.006468 -82.385197 -77.037080 -78.988016 -80.213656 -79.352182 -81.309796 -78.301818 -78.901356 -77.666741 -82.952986 -78.945173 -76.630837 -81.540693 -80.343050 -80.793091 
-41.252934 -47.344599 -49.511123 -44.146042 -51.546290 -54.916580 -62.660889 -67.326155 -66.098467 -69.030363 -75.014397 -74.337515 -69.039882 -68.289692 -78.341233 -80.125729 -76.533485 -76.842807 -75.374116 -75.159641 -76.673444 -73.995979 -77.138934 -78.397511 -76.472897 -79.040064 -78.860947 -77.371131 -78.661217 -77.404004 -77.785530 -78.059521 -79.222997 -79.340346 -79.775758 -78.475256 -78.214530 -78.224428 -80.825095 -81.181288 
-34.747645 -32.328511 -28.765304 -28.450167 -30.742341 -33.838082 -39.855195 -45.349896 -52.230324 -58.030347 -59.195316 -69.749002 -69.228403 -63.176102 -63.750469 -63.573909 -65.812821 -68.892211 -71.467573 -68.826660 -71.418307 -73.776922 -73.068573 -75.497158 -73.257095 -73.114029 -74.611326 -79.845523 -75.604786 -71.963964 -75.874573 -73.763403 -74.015748 -76.135511 -74.940234 -75.752233 -76.535419 -77.323393 -78.647919 -78.240452 
-32.720952 -37.808059 -26.567729 -19.773709 -22.570822 -29.264380 -40.213929 -43.611533 -48.138183 -53.261192 -55.971008 -59.308652 -64.000125 -60.533356 -61.438296 -62.088692 -65.251889 -65.844111 -63.570415 -61.996583 -65.700349 -71.083769 -73.747278 -75.213959 -68.058746 -67.199189 -71.116185 -72.610250 -73.053678 -70.204629 -72.444078 -72.735220 -74.709587 -73.593816 -73.129177 -71.251619 -73.625389 -76.204574 -75.793215 -76.457603 
-35.343036 -38.972657 -31.184664 -28.085723 -35.891230 -41.177774 -49.940812 -52.139253 -53.034244 -57.586159 -65.193209 -62.117870 -62.781493 -67.912624 -69.144690 -66.010040 -69.281086 -72.034947 -72.245987 -70.740972 -74.090950 -73.646276 -73.268338 -73.570226 -73.566144 -76.595006 -76.003923 -73.811113 -75.060485 -73.829457 -74.477626 -75.760254 -76.456640 -76.207258 -75.827687 -77.081506 -78.147321 -77.504459 -79.406930 -78.445252 
-20.560127 -22.983216 -23.768979 -24.967257 -27.470160 -30.134550 -34.608531 -39.547991 -37.281156 -33.678533 -31.999318 -31.778829 -32.680679 -34.283061 -35.859630 -37.075381 -38.315526 -40.027982 -41.198649 -40.478443 -39.603164 -39.598388 -38.493021 -36.672655 -37.366551 -43.683032 -50.423196 -44.586788 -40.808630 -35.927938 -31.587332 -30.400914 -34.853419 -40.830838 -40.842302 -45.638309 -46.810945 -43.838176 -48.214449 -49.922309 
-2.031158 -4.339169 -8.057289 -6.434254 -6.126082 -9.422222 -12.659963 -9.529426 -16.733191 -25.948198 -13.609677 -7.754351 -9.529758 -7.447721 -7.113579 -14.965093 -7.778822 -14.109021 -18.986904 -25.951699 -20.674660 -7.013259 -7.946315 -11.140244 -16.843060 -17.503870 -11.899041 -10.656242 -13.901803 -11.437394 -7.199985 -4.769810 -11.781921 -16.604802 -13.236036 -23.784211 -20.456620 -22.422645 -21.193694 -22.730611 
2.491158 0.234375 5.337731 10.921444 10.543583 5.120889 7.896266 7.187123 0.012630 -8.338097 -11.802162 -10.585953 -9.618507 -9.038003 -6.641877 -13.337980 -7.970058 -13.386102 -20.305840 -20.822391 -17.305843 -7.283810 -9.553530 -15.222359 -19.462495 -15.132719 -9.338608 -10.712907 -16.824257 -13.324456 -5.109608 -1.561071 -7.183652 -11.398058 -8.865729 -13.377990 -13.229150 -12.832297 -16.112623 -17.720351 
-0.686309 -4.626849 12.122182 21.522695 15.999865 5.876886 19.639119 21.160270 7.307820 8.048310 0.793365 -1.988033 -3.066078 -10.881393 -11.197685 -13.573070 -13.708731 -13.553156 -12.501670 -10.312807 -3.435189 -0.118505 -6.359543 -11.145990 -14.663585 -12.476578 -9.221398 -16.611082 -20.129307 -18.457232 -12.703176 -11.823885 -15.944199 -16.364842 -17.155623 -22.299443 -22.490424 -17.985437 -21.377693 -23.739348 
-8.203513 -12.596953 11.385632 22.460904 15.172378 0.457799 20.592490 20.932360 0.281186 16.448020 10.397991 3.568973 3.416352 -3.076611 -3.320838 -10.291951 -12.869955 -9.273900 -5.691733 -0.918410 4.068493 3.588089 -4.277486 -7.689565 -9.614011 -9.864834 -11.399293 -18.402877 -18.625009 -19.025997 -13.221540 -11.445081 -15.323430 -15.643525 -16.027306 -28.340291 -31.313614 -21.197421 -22.063121 -22.098141 
-20.828839 -18.057407 10.171122 21.653143 14.180866 -1.502544 18.521207 17.713987 1.208739 21.565227 15.993180 8.066475 7.536646 2.688127 4.248307 -4.662740 -7.877662 -3.419800 0.976006 4.690116 6.758947 -2.860239 -4.191560 -5.960749 -5.878243 -9.754515 -16.155061 -15.507795 -16.759355 -17.147156 -15.919579 -15.449376 -16.541335 -16.144888 -14.037168 -28.234042 -38.800003 -29.583776 -22.977843 -21.926529 
-19.724271 -23.349395 9.503389 21.174060 13.843690 -2.290294 16.854557 14.747585 1.259250 22.984493 15.322437 13.672070 15.056210 6.745103 8.093793 0.686097 -1.442034 3.855773 5.791493 3.188526 3.650264 -4.857757 -3.400759 -4.279696 -2.196192 -5.923857 -15.277410 -17.319062 -18.529776 -20.307590 -14.305992 -15.031635 -19.176413 -23.682655 -16.585980 -25.821731 -39.891722 -34.697948 -23.734085 -20.697785 
-14.857347 -20.666615 9.334362 20.986859 13.801512 -4.285600 15.816610 14.171646 2.036924 22.063989 13.979466 17.067216 18.572177 8.562456 9.620039 5.625832 5.442180 9.602403 2.164414 0.725969 0.988669 -6.691998 -6.708418 -5.128822 -3.699754 -9.511037 -18.227129 -18.011762 -17.390034 -14.882186 -13.892801 -15.836142 -19.161262 -19.941471 -17.622407 -28.916759 -41.012695 -36.929713 -27.486378 -23.259385 
-14.730051 -16.464665 8.378102 20.463115 13.441119 -5.633932 14.971722 14.198020 0.709211 20.952605 11.847142 17.320200 19.456258 9.945205 11.784391 9.703750 7.731489 7.636599 -3.637263 -4.422419 -2.370137 -8.211014 -7.762425 -6.220317 -3.846730 -8.418073 -19.038415 -20.468446 -19.631134 -17.720267 -16.538874 -24.908226 -26.429723 -24.061053 -22.673130 -28.757472 -40.371218 -40.365634 -35.256000 -27.070429 
-14.490599 -19.087815 8.111634 20.149950 13.231853 -5.755998 14.444151 13.410038 0.228712 20.670101 11.596234 17.296062 19.213436 10.946313 13.627944 12.553658 9.438550 2.398260 -5.364979 -5.672956 -4.665078 -9.461818 -9.293726 -7.702031 -5.590583 -10.460105 -19.135205 -19.946054 -18.250270 -16.974032 -18.849885 -26.034770 -31.707194 -26.852258 -21.685359 -33.036273 -43.520315 -45.096791 -36.362877 -27.272082 
-17.748354 -20.488423 8.439705 19.927921 12.612205 -4.598813 14.082357 12.069108 1.983615 20.443726 10.751064 18.003085 18.125174 12.862179 13.557031 14.499467 10.095657 0.528854 -6.620881 -7.139076 -5.520177 -9.059174 -8.590559 -5.788677 -6.154930 -13.357047 -20.946192 -21.308657 -19.519785 -17.086710 -21.680728 -28.143757 -29.674955 -27.404850 -25.526339 -34.901956 -47.135814 -49.030683 -40.656320 -29.384165 
-21.020703 -19.591326 9.426036 19.835601 11.426852 -3.272228 14.194817 10.027932 4.234945 19.337417 7.216245 19.502123 16.076314 14.952333 12.081693 16.236804 7.853438 0.863374 -5.678854 -7.574137 -6.131269 -7.597294 -7.107175 -3.411428 -7.220911 -16.185514 -21.646346 -20.985603 -18.679607 -16.422462 -20.715637 -28.418196 -30.054614 -29.679761 -26.624894 -33.913609 -47.361219 -46.845044 -39.936746 -29.415371 
-23.993260 -22.191573 10.712533 19.898910 10.371031 -0.492875 14.498359 7.922883 6.915434 17.682532 5.303333 20.507795 13.030827 16.461636 10.769380 16.908556 5.670281 0.648070 -4.638950 -6.818296 -7.405497 -6.502824 -4.138649 -2.112530 -14.139155 -19.529496 -24.314219 -24.840487 -20.712770 -16.448215 -20.767685 -28.220993 -33.386403 -31.168099 -26.583776 -38.020534 -46.277729 -46.398215 -40.753639 -32.311471 
-19.383200 -13.571992 12.260662 19.942958 9.117085 2.596509 14.804031 5.798297 9.652177 15.620183 6.889915 20.397251 10.487357 17.787110 11.630173 16.832645 5.891487 1.231441 -2.760395 -4.526019 -5.488673 -4.826787 -1.324359 -2.608252 -15.259351 -22.550535 -26.718730 -25.457281 -21.023305 -16.639988 -20.339396 -30.828568 -34.940394 -32.309907 -26.055454 -36.527457 -43.919276 -46.019415 -39.290437 -30.126484 
-23.832735 -10.937266 13.631548 19.819698 7.706529 5.947736 14.871138 3.017464 12.713172 13.975522 10.511943 19.219403 10.794159 17.315509 12.520616 14.739174 9.590345 1.605119 -2.240318 -2.960501 -3.666841 -2.880181 -0.178891 -5.375021 -17.580066 -24.471855 -27.367862 -28.141955 -25.213308 -19.480333 -20.229367 -25.578628 -28.677656 -29.283665 -21.275794 -35.176546 -43.033815 -45.250477 -39.635100 -28.895788 
-17.051080 -5.681485 14.836538 19.247735 5.300445 8.587931 14.280963 0.102834 14.793454 11.692343 15.552820 17.231753 13.672339 15.073735 14.069582 11.361347 13.242663 2.056088 -2.330643 -2.320253 -2.666575 -1.857020 0.944968 -8.623674 -20.024440 -26.158620 -28.752362 -29.858776 -24.914683 -19.729508 -19.921065 -26.687697 -29.254983 -28.762552 -22.588362 -33.744886 -36.830818 -37.214577 -35.450373 -27.507470 
-13.552862 -3.123000 15.700396 17.814204 1.597123 11.133948 12.786086 2.452178 15.063106 7.971180 19.315910 15.216282 16.144554 12.201822 13.775318 11.608795 12.242468 4.245240 0.109048 -0.733965 -0.214509 1.451579 -1.309514 -11.777664 -20.034534 -25.229925 -30.234814 -31.784673 -27.864317 -20.990677 -16.598969 -22.464555 -27.784879 -28.523372 -24.624796 -37.504406 -49.027408 -45.370703 -39.914060 -31.831373 
-17.368943 0.035867 16.110949 15.976024 1.805412 12.924706 10.020640 6.242762 13.881583 8.973825 19.828238 12.491731 15.713517 11.566774 11.583411 12.865643 10.775055 6.932856 1.569992 0.155185 0.372896 2.594036 -3.505555 -14.879824 -21.131292 -25.991336 -30.755266 -32.091103 -28.520429 -23.962708 -16.183372 -21.145774 -26.356974 -28.203318 -23.125250 -38.233711 -49.435146 -48.094396 -42.816076 -31.338336 
-21.664429 2.069624 15.858593 13.273968 2.447931 13.914900 6.929519 9.617711 11.590081 12.768572 17.260957 13.603270 13.565806 12.155849 9.795534 10.742764 12.943207 7.892468 2.293370 2.155597 2.888443 1.201099 -7.299890 -14.492867 -18.989261 -21.905076 -24.170355 -25.096894 -25.481230 -23.215289 -15.941285 -18.956137 -24.628197 -25.303316 -21.842710 -28.123953 -29.538344 -29.850210 -29.674909 -27.256900 
-20.992913 3.918358 15.285971 10.430396 6.218042 15.048389 5.933253 11.592858 8.219088 15.070814 13.223367 16.161009 10.955589 9.969905 9.470445 9.196843 11.825420 9.117930 3.278004 0.939975 3.089060 -1.027569 -10.623234 -18.773074 -24.861699 -29.811252 -34.714038 -36.025092 -33.689258 -28.316024 -19.108607 -20.808071 -29.047431 -31.770544 -25.130926 -39.110665 -47.817034 -47.563811 -39.915839 -28.834096 
-11.609530 5.306442 14.676238 8.284780 9.869483 14.789674 5.328069 12.198192 6.795765 14.857476 10.292913 14.505135 9.120834 7.430684 8.492369 8.006821 8.534456 8.331921 3.812925 1.720377 2.271517 -2.347279 -14.714161 -20.180557 -27.006839 -28.158106 -29.629730 -29.987377 -29.884705 -28.548698 -20.012697 -20.307336 -27.312026 -29.244475 -22.172986 -31.561441 -35.131818 -35.473468 -35.313144 -30.032754 
-11.799110 6.734411 14.068554 6.444723 12.325449 13.080494 6.106952 10.884741 8.507073 11.598861 12.283423 10.802660 8.092996 7.399172 6.456018 6.220087 7.998576 8.255334 5.411083 4.088858 4.154680 -4.531788 -16.898005 -22.518565 -29.233110 -33.616617 -35.709576 -35.922270 -39.046970 -36.993879 -23.888443 -20.200172 -30.219384 -34.460875 -30.267626 -42.770185 -49.835641 -48.750126 -45.781319 -36.309815 
-11.856164 6.929062 13.730894 6.382130 13.107096 11.167313 6.880578 7.780538 9.263122 7.907246 13.581661 8.279628 3.338278 5.444683 2.594573 2.257294 3.837259 7.023543 5.688142 4.378347 2.561359 -9.914379 -22.608674 -26.229604 -33.899066 -37.645200 -40.062759 -39.886855 -41.545764 -38.966377 -28.735500 -21.567983 -29.809137 -32.706836 -29.853949 -41.688012 -46.998223 -47.467824 -45.513266 -36.361570 
-11.006561 6.808834 12.398205 3.858187 13.437722 10.141152 7.017605 6.286447 9.517482 7.372379 11.138775 2.379755 -0.244960 3.722415 0.351518 -1.970343 -0.550352 3.652310 4.607235 3.700479 1.288327 -10.725583 -21.758181 -28.058585 -32.955813 -36.811979 -37.630343 -37.826596 -39.813180 -39.284818 -33.776210 -24.860438 -31.075447 -34.237093 -27.295085 -38.342459 -43.576053 -43.577546 -43.255245 -36.579109 
-8.575083 7.566940 9.178347 4.218150 9.966627 2.238104 0.829769 0.725145 3.894207 2.690894 3.517274 -3.624190 -3.932666 -2.233775 -6.401297 -8.280105 -9.225194 -4.676667 -0.108642 -0.722710 -2.933877 -14.302401 -25.888460 -32.346720 -36.562675 -39.439910 -41.873887 -43.249657 -45.014058 -45.327275 -39.880231 -30.076489 -37.117773 -38.013425 -27.403543 -38.246359 -51.945104 -52.311277 -48.905669 -38.725849 
-5.749420 7.724298 8.602072 7.103579 11.306505 4.776079 3.211663 1.474894 1.468648 -1.834812 -4.433325 -8.878159 -9.295233 -5.110177 -7.675515 -10.786548 -13.841728 -13.574372 -7.372273 -8.907779 -7.650508 -10.364877 -22.699836 -28.700555 -34.882302 -41.655879 -48.341552 -52.759477 -53.676776 -48.024572 -39.079248 -28.458292 -33.090644 -37.361929 -28.570608 -38.908185 -54.897456 -53.515611 -50.020558 -40.609366 
-5.010846 7.379795 7.198868 5.836439 8.913288 0.055901 -3.685564 -7.300240 -3.759483 -10.908289 -14.204191 -15.232431 -12.632850 -15.944759 -19.776511 -23.586252 -26.083360 -24.574379 -13.647419 -8.863322 -9.006604 -14.899822 -26.167021 -35.852646 -44.594882 -47.362419 -51.063906 -53.510218 -51.193937 -51.752088 -45.237974 -35.237366 -35.673743 -40.141584 -31.762176 -41.114468 -54.518620 -57.295722 -52.661867 -47.237618 
-6.208722 3.928502 4.040156 2.064149 0.535196 -14.622824 -20.407840 -21.680921 -17.132873 -24.002076 -29.918345 -28.957714 -23.901685 -27.531880 -30.081605 -35.074655 -36.717617 -29.243208 -18.017562 -13.200363 -13.351283 -22.006884 -28.791760 -34.903842 -44.116742 -44.372632 -50.710351 -52.821674 -52.930581 -50.745774 -49.056390 -41.501564 -38.792977 -39.504410 -37.718070 -48.988092 -56.552070 -57.597336 -51.368132 -47.301803 
-14.161111 -8.705085 -11.568125 -14.350999 -11.616301 -21.884649 -30.012970 -30.312185 -26.520102 -32.617328 -33.593151 -34.458852 -38.004907 -36.217893 -37.509799 -40.293239 -41.410952 -38.651983 -31.190079 -25.921088 -25.163345 -36.168118 -40.790524 -47.790943 -50.821486 -53.596602 -53.748143 -54.059335 -53.700601 -54.709417 -55.033473 -55.155887 -53.972210 -55.027635 -52.393574 -56.225650 -56.609869 -56.988093 -56.644690 -56.924582 
-36.352807 -25.095761 -25.218659 -24.519939 -28.433355 -39.757775 -40.273904 -45.622460 -48.231439 -50.746548 -43.854390 -42.505412 -43.514404 -51.109822 -54.854588 -54.398116 -59.373962 -57.625710 -45.000934 -45.379917 -52.516664 -59.569931 -64.298474 -66.411074 -65.643511 -69.424504 -69.439233 -71.275841 -70.307467 -72.330705 -73.756454 -72.135873 -70.903072 -71.431183 -70.836352 -73.866775 -73.382123 -73.729652 -74.108708 -75.997092 
-26.029376 -26.119401 -25.674306 -30.882854 -36.211444 -40.470896 -41.583541 -45.763633 -54.539420 -58.267687 -61.865588 -60.078172 -54.529670 -61.630268 -64.718200 -59.974856 -62.938793 -60.798339 -54.735909 -57.856218 -60.203739 -66.107936 -68.292584 -72.446800 -71.271907 -72.209669 -74.776257 -76.243577 -77.117571 -73.122405 -74.440064 -76.459857 -78.699195 -77.482682 -75.720196 -75.881552 -76.503497 -75.769384 -74.422544 -77.799059 
-26.787351 -32.544334 -34.770908 -42.300644 -40.115715 -49.981340 -62.789733 -56.361581 -62.731015 -63.892600 -59.735890 -62.331191 -63.143142 -66.346151 -68.989280 -71.279103 -69.551039 -74.900410 -76.142847 -71.773502 -72.933913 -73.597929 -78.865063 -77.810750 -75.491806 -76.540122 -76.593259 -77.190524 -78.810100 -75.469030 -75.827513 -77.579437 -78.192994 -77.208104 -75.358852 -76.889501 -76.827835 -76.786133 -74.983597 -79.439658 
-32.635877 -33.376272 -31.301013 -37.597838 -46.626517 -56.671226 -59.982217 -62.118347 -66.234778 -64.908791 -67.514104 -64.378509 -70.253428 -68.651482 -69.028645 -74.905587 -72.108629 -79.344573 -75.153446 -70.425727 -72.040396 -76.339654 -74.110387 -74.908127 -75.517526 -76.054243 -77.726021 -77.806941 -80.327393 -78.503488 -80.801832 -76.323456 -77.240619 -77.892898 -80.150387 -74.250738 -77.329270 -80.576143 -79.781529 -78.849506 
-39.563176 -40.894591 -43.809866 -47.578397 -48.852035 -56.452140 -60.806935 -68.726826 -67.499580 -69.793036 -71.624162 -69.941906 -70.554128 -70.620698 -71.882197 -72.836488 -72.765157 -75.086204 -72.805141 -73.463692 -76.523785 -79.531346 -75.941082 -77.155521 -76.109627 -79.035169 -79.081451 -77.480854 -77.865953 -78.714716 -79.159481 -79.676970 -79.828140 -78.834123 -78.617178 -79.609487 -78.758952 -80.338560 -80.169427 -82.567031 
-39.138085 -40.814305 -40.859438 -49.791822 -52.719191 -61.164241 -59.009635 -63.558345 -68.446184 -69.433051 -68.273052 -65.101542 -69.710711 -75.524717 -68.409582 -73.795884 -73.513935 -72.818847 -73.413242 -75.149702 -75.590100 -78.651343 -76.470827 -77.508840 -78.317486 -78.571123 -80.665501 -79.342442 -79.265368 -80.457106 -80.371247 -80.001943 -81.733181 -83.531260 -82.502123 -79.706365 -80.660033 -80.079507 -81.547016 -81.989128 
-41.763120 -47.307903 -42.805988 -46.926483 -55.274461 -57.246475 -64.803627 -66.831474 -64.045486 -67.218100 -70.089572 -70.727161 -68.550027 -69.803771 -74.451413 -75.676684 -72.588439 -72.715041 -71.107060 -74.848883 -72.813995 -74.953638 -79.838656 -81.617595 -79.042960 -79.244963 -77.281591 -78.022635 -79.801826 -78.699368 -79.116857 -78.674303 -79.421851 -80.630799 -81.996865 -77.656213 -77.523464 -78.747135 -77.714519 -79.492691 
-23.650926 -24.933946 -25.023102 -26.891450 -28.846516 -32.206166 -34.837880 -37.402130 -43.413744 -39.790185 -36.029320 -36.394131 -37.147524 -39.776152 -44.709923 -36.508581 -36.338506 -37.523937 -34.410989 -37.264036 -33.898800 -35.671374 -37.390954 -37.969010 -45.195280 -52.725329 -49.272041 -52.657562 -53.887294 -61.487018 -60.707665 -58.417578 -60.324896 -62.640727 -55.975359 -65.300009 -66.182544 -65.069132 -64.540780 -67.621929 
-7.294452 -6.766448 -13.498251 -10.894928 -9.550987 -15.137583 -22.870944 -15.379573 -13.842098 -16.485126 -16.193267 -15.047868 -12.586836 -17.313821 -19.467211 -21.087039 -20.028401 -21.184551 -20.232237 -21.848653 -13.726867 -11.688771 -16.321402 -22.345776 -27.854196 -28.333690 -29.114852 -35.347467 -35.738530 -41.874768 -38.812906 -34.599554 -36.403051 -39.317618 -34.894622 -41.283431 -45.832197 -40.941288 -38.200609 -41.204040 
-6.051767 -4.226783 -7.255304 -15.344262 -16.528033 -16.290489 -17.537595 -13.738429 -12.865264 -21.526839 -21.031613 -19.750718 -14.220397 -18.180901 -19.743845 -25.728754 -20.183892 -21.328221 -19.624489 -16.942281 -9.361970 -7.963430 -14.842245 -17.408926 -22.710109 -20.852803 -25.187540 -30.901183 -32.747755 -39.212765 -32.963890 -33.194517 -28.001925 -30.980409 -30.077682 -34.717546 -42.011823 -37.898492 -35.742161 -34.256844 
-17.833469 -24.222214 -29.274254 -23.751611 -26.856776 -25.861096 -28.447096 -31.482719 -34.888618 -31.680763 -35.724024 -30.345567 -25.887248 -25.372831 -27.273711 -30.266897 -32.828051 -30.916586 -24.985699 -26.665085 -23.818647 -21.089875 -24.687812 -32.025305 -29.813748 -36.047665 -34.176174 -35.050789 -39.442083 -40.394629 -41.318385 -43.966715 -39.129999 -41.207119 -35.539270 -42.058679 -46.237997 -49.426206 -44.938394 -45.802780 
-69.868975 -68.222444 -73.297582 -76.127058 -75.492021 -82.134868 -82.982445 -81.361536 -80.545932 -77.850047 -75.490940 -80.186710 -81.463805 -85.830464 -84.514067 -83.970530 -81.216369 -82.447137 -79.516805 -74.774747 -73.192755 -72.246691 -78.810231 -77.808628 -79.341076 -85.678136 -82.858002 -81.063988 -82.816850 -84.664343 -89.274225 -85.931048 -85.598133 -86.835756 -87.908179 -89.669082 -86.279873 -87.550891 -86.689201 -91.143791 
-113.978836 -113.978389 -113.977658 -113.976461 -113.974903 -113.972847 -113.970518 -113.967806 -113.964643 -113.961461 -113.958337 -113.955410 -113.953034 -113.951330 -113.950415 -113.950257 -113.950560 -113.950754 -113.949974 -113.947215 -113.941485 -113.932178 -113.919754 -113.905148 -113.890176 -113.876481 -113.864034 -113.850527 -113.831596 -113.803386 -113.765173 -113.719922 -113.669261 -113.607841 -113.524808 -113.409139 -113.240191 -112.971166 -112.573368 -112.156045 
NaN NaN NaN NaN NaN NaN NaN NaN NaN NaN NaN NaN NaN NaN NaN NaN NaN NaN NaN NaN NaN NaN NaN NaN NaN NaN NaN NaN NaN NaN NaN NaN NaN NaN NaN NaN NaN NaN NaN NaN 
NaN NaN NaN NaN NaN NaN NaN NaN NaN NaN NaN NaN NaN NaN NaN NaN NaN NaN NaN NaN NaN NaN NaN NaN NaN NaN NaN NaN NaN NaN NaN NaN NaN NaN NaN NaN NaN NaN NaN NaN 
NaN NaN NaN NaN NaN NaN NaN NaN NaN NaN NaN NaN NaN NaN NaN NaN NaN NaN NaN NaN NaN NaN NaN NaN NaN NaN NaN NaN NaN NaN NaN NaN NaN NaN NaN NaN NaN NaN NaN NaN 
NaN NaN NaN NaN NaN NaN NaN NaN NaN NaN NaN NaN NaN NaN NaN NaN NaN NaN NaN NaN NaN NaN NaN NaN NaN NaN NaN NaN NaN NaN NaN NaN NaN NaN NaN NaN NaN NaN NaN NaN 
NaN NaN NaN NaN NaN NaN NaN NaN NaN NaN NaN NaN NaN NaN NaN NaN NaN NaN NaN NaN NaN NaN NaN NaN NaN NaN NaN NaN NaN NaN NaN NaN NaN NaN NaN NaN NaN NaN NaN NaN 
