-78.514432 -79.312045 -79.756306 -79.699356 -80.160987 -82.094674 -84.419192 -85.471340 -86.777954 -89.355038 -89.554999 -85.765083 -84.815501 -85.068719 -84.810281 -88.445406 -92.561616 -96.500767 -89.409641 -84.640271 -83.024284 -83.505703 -85.816417 -91.522035 -100.293277 -93.304843 -89.788435 -87.330225 -86.387614 -89.021581 -98.052748 -96.528688 -96.234257 -93.939306 -91.199266 -97.187464 -107.784110 -98.035097 -97.006416 -103.124884 
-70.812202 -73.756959 -74.756409 -72.021653 -71.186928 -74.320580 -79.682138 -76.675234 -74.866952 -78.802442 -83.705981 -75.670125 -76.491527 -79.132759 -75.612080 -82.332265 -79.979591 -82.117233 -81.626251 -77.221385 -75.858198 -77.089266 -78.395309 -81.430310 -84.572549 -83.826907 -82.766638 -81.013330 -79.995912 -82.153195 -87.557512 -88.230992 -89.642524 -88.088234 -85.063080 -91.120087 -102.857160 -91.852938 -89.736235 -94.410751 
-90.280831 -94.565745 -97.631534 -92.089167 -89.254155 -90.534138 -95.892936 -93.967242 -89.553347 -91.762820 -96.007285 -90.583352 -91.836003 -94.810923 -90.749274 -94.372987 -92.100329 -93.632632 -92.883095 -94.074141 -93.216744 -94.669143 -94.196351 -94.769557 -95.411253 -95.756726 -96.328584 -97.031171 -97.799299 -98.719510 -99.868486 -101.289069 -103.053154 -105.561839 -109.727435 -116.650200 -121.854525 -112.738780 -109.161432 -109.367387 
NaN NaN NaN NaN NaN NaN NaN NaN NaN NaN NaN NaN NaN NaN NaN NaN NaN NaN NaN NaN NaN NaN NaN NaN NaN NaN NaN NaN NaN NaN NaN NaN NaN NaN NaN NaN NaN NaN NaN NaN 
NaN NaN NaN NaN NaN NaN NaN NaN NaN NaN NaN NaN NaN NaN NaN NaN NaN NaN NaN NaN NaN NaN NaN NaN NaN NaN NaN NaN NaN NaN NaN NaN NaN NaN NaN NaN NaN NaN NaN NaN 
NaN NaN NaN NaN NaN NaN NaN NaN NaN NaN NaN NaN NaN NaN NaN NaN NaN NaN NaN NaN NaN NaN NaN NaN NaN NaN NaN NaN NaN NaN NaN NaN NaN NaN NaN NaN NaN NaN NaN NaN 
NaN NaN NaN NaN NaN NaN NaN NaN NaN NaN NaN NaN NaN NaN NaN NaN NaN NaN NaN NaN NaN NaN NaN NaN NaN NaN NaN NaN NaN NaN NaN NaN NaN NaN NaN NaN NaN NaN NaN NaN 
NaN NaN NaN NaN NaN NaN NaN NaN NaN NaN NaN NaN NaN NaN NaN NaN NaN NaN NaN NaN NaN NaN NaN NaN NaN NaN NaN NaN NaN NaN NaN NaN NaN NaN NaN NaN NaN NaN NaN NaN 
NaN NaN NaN NaN NaN NaN NaN NaN NaN NaN NaN NaN NaN NaN NaN NaN NaN NaN NaN NaN NaN NaN NaN NaN NaN NaN NaN NaN NaN NaN NaN NaN NaN NaN NaN NaN NaN NaN NaN NaN 
NaN NaN NaN NaN NaN NaN NaN NaN NaN NaN NaN NaN NaN NaN NaN NaN NaN NaN NaN NaN NaN NaN NaN NaN NaN NaN NaN NaN NaN NaN NaN NaN NaN NaN NaN NaN NaN NaN NaN NaN 
NaN NaN NaN NaN NaN NaN NaN NaN NaN NaN NaN NaN NaN NaN NaN NaN NaN NaN NaN NaN NaN NaN NaN NaN NaN NaN NaN NaN NaN NaN NaN NaN NaN NaN NaN NaN NaN NaN NaN NaN 
NaN NaN NaN NaN NaN NaN NaN NaN NaN NaN NaN NaN NaN NaN NaN NaN NaN NaN NaN NaN NaN NaN NaN NaN NaN NaN NaN NaN NaN NaN NaN NaN NaN NaN NaN NaN NaN NaN NaN NaN 
NaN NaN NaN NaN NaN NaN NaN NaN NaN NaN NaN NaN NaN NaN NaN NaN NaN NaN NaN NaN NaN NaN NaN NaN NaN NaN NaN NaN NaN NaN NaN NaN NaN NaN NaN NaN NaN NaN NaN NaN 
NaN NaN NaN NaN NaN NaN NaN NaN NaN NaN NaN NaN NaN NaN NaN NaN NaN NaN NaN NaN NaN NaN NaN NaN NaN NaN NaN NaN NaN NaN NaN NaN NaN NaN NaN NaN NaN NaN NaN NaN 
NaN NaN NaN NaN NaN NaN NaN NaN NaN NaN NaN NaN NaN NaN NaN NaN NaN NaN NaN NaN NaN NaN NaN NaN NaN NaN NaN NaN NaN NaN NaN NaN NaN NaN NaN NaN NaN NaN NaN NaN 
NaN NaN NaN NaN NaN NaN NaN NaN NaN NaN NaN NaN NaN NaN NaN NaN NaN NaN NaN NaN NaN NaN NaN NaN NaN NaN NaN NaN NaN NaN NaN NaN NaN NaN NaN NaN NaN NaN NaN NaN 
NaN NaN NaN NaN NaN NaN NaN NaN NaN NaN NaN NaN NaN NaN NaN NaN NaN NaN NaN NaN NaN NaN NaN NaN NaN NaN NaN NaN NaN NaN NaN NaN NaN NaN NaN NaN NaN NaN NaN NaN 
NaN NaN NaN NaN NaN NaN NaN NaN NaN NaN NaN NaN NaN NaN NaN NaN NaN NaN NaN NaN NaN NaN NaN NaN NaN NaN NaN NaN NaN NaN NaN NaN NaN NaN NaN NaN NaN NaN NaN NaN 
NaN NaN NaN NaN NaN NaN NaN NaN NaN NaN NaN NaN NaN NaN NaN NaN NaN NaN NaN NaN NaN NaN NaN NaN NaN NaN NaN NaN NaN NaN NaN NaN NaN NaN NaN NaN NaN NaN NaN NaN 
NaN NaN NaN NaN NaN NaN NaN NaN NaN NaN NaN NaN NaN NaN NaN NaN NaN NaN NaN NaN NaN NaN NaN NaN NaN NaN NaN NaN NaN NaN NaN NaN NaN NaN NaN NaN NaN NaN NaN NaN 
NaN NaN NaN NaN NaN NaN NaN NaN NaN NaN NaN NaN NaN NaN NaN NaN NaN NaN NaN NaN NaN NaN NaN NaN NaN NaN NaN NaN NaN NaN NaN NaN NaN NaN NaN NaN NaN NaN NaN NaN 
NaN NaN NaN NaN NaN NaN NaN NaN NaN NaN NaN NaN NaN NaN NaN NaN NaN NaN NaN NaN NaN NaN NaN NaN NaN NaN NaN NaN NaN NaN NaN NaN NaN NaN NaN NaN NaN NaN NaN NaN 
NaN NaN NaN NaN NaN NaN NaN NaN NaN NaN NaN NaN NaN NaN NaN NaN NaN NaN NaN NaN NaN NaN NaN NaN NaN NaN NaN NaN NaN NaN NaN NaN NaN NaN NaN NaN NaN NaN NaN NaN 
NaN NaN NaN NaN NaN NaN NaN NaN NaN NaN NaN NaN NaN NaN NaN NaN NaN NaN NaN NaN NaN NaN NaN NaN NaN NaN NaN NaN NaN NaN NaN NaN NaN NaN NaN NaN NaN NaN NaN NaN 
NaN NaN NaN NaN NaN NaN NaN NaN NaN NaN NaN NaN NaN NaN NaN NaN NaN NaN NaN NaN NaN NaN NaN NaN NaN NaN NaN NaN NaN NaN NaN NaN NaN NaN NaN NaN NaN NaN NaN NaN 
NaN NaN NaN NaN NaN NaN NaN NaN NaN NaN NaN NaN NaN NaN NaN NaN NaN NaN NaN NaN NaN NaN NaN NaN NaN NaN NaN NaN NaN NaN NaN NaN NaN NaN NaN NaN NaN NaN NaN NaN 
NaN NaN NaN NaN NaN NaN NaN NaN NaN NaN NaN NaN NaN NaN NaN NaN NaN NaN NaN NaN NaN NaN NaN NaN NaN NaN NaN NaN NaN NaN NaN NaN NaN NaN NaN NaN NaN NaN NaN NaN 
NaN NaN NaN NaN NaN NaN NaN NaN NaN NaN NaN NaN NaN NaN NaN NaN NaN NaN NaN NaN NaN NaN NaN NaN NaN NaN NaN NaN NaN NaN NaN NaN NaN NaN NaN NaN NaN NaN NaN NaN 
NaN NaN NaN NaN NaN NaN NaN NaN NaN NaN NaN NaN NaN NaN NaN NaN NaN NaN NaN NaN NaN NaN NaN NaN NaN NaN NaN NaN NaN NaN NaN NaN NaN NaN NaN NaN NaN NaN NaN NaN 
NaN NaN NaN NaN NaN NaN NaN NaN NaN NaN NaN NaN NaN NaN NaN NaN NaN NaN NaN NaN NaN NaN NaN NaN NaN NaN NaN NaN NaN NaN NaN NaN NaN NaN NaN NaN NaN NaN NaN NaN 
NaN NaN NaN NaN NaN NaN NaN NaN NaN NaN NaN NaN NaN NaN NaN NaN NaN NaN NaN NaN NaN NaN NaN NaN NaN NaN NaN NaN NaN NaN NaN NaN NaN NaN NaN NaN NaN NaN NaN NaN 
NaN NaN NaN NaN NaN NaN NaN NaN NaN NaN NaN NaN NaN NaN NaN NaN NaN NaN NaN NaN NaN NaN NaN NaN NaN NaN NaN NaN NaN NaN NaN NaN NaN NaN NaN NaN NaN NaN NaN NaN 
NaN NaN NaN NaN NaN NaN NaN NaN NaN NaN NaN NaN NaN NaN NaN NaN NaN NaN NaN NaN NaN NaN NaN NaN NaN NaN NaN NaN NaN NaN NaN NaN NaN NaN NaN NaN NaN NaN NaN NaN 
NaN NaN NaN NaN NaN NaN NaN NaN NaN NaN NaN NaN NaN NaN NaN NaN NaN NaN NaN NaN NaN NaN NaN NaN NaN NaN NaN NaN NaN NaN NaN NaN NaN NaN NaN NaN NaN NaN NaN NaN 
NaN NaN NaN NaN NaN NaN NaN NaN NaN NaN NaN NaN NaN NaN NaN NaN NaN NaN NaN NaN NaN NaN NaN NaN NaN NaN NaN NaN NaN NaN NaN NaN NaN NaN NaN NaN NaN NaN NaN NaN 
NaN NaN NaN NaN NaN NaN NaN NaN NaN NaN NaN NaN NaN NaN NaN NaN NaN NaN NaN NaN NaN NaN NaN NaN NaN NaN NaN NaN NaN NaN NaN NaN NaN NaN NaN NaN NaN NaN NaN NaN 
-69.798170 -70.009761 -70.363280 -70.962049 -71.782490 -72.941173 -74.370799 -76.208916 -78.571140 -81.033073 -83.124126 -84.451845 -85.430529 -87.073122 -90.241032 -95.789213 -101.191793 -98.942798 -97.876769 -98.318394 -97.105150 -94.446306 -92.575570 -92.509409 -94.673324 -98.370319 -100.624322 -100.482713 -101.314888 -98.909260 -99.367703 -102.612464 -102.712365 -101.131624 -96.766226 -100.365350 -100.450867 -104.342819 -103.008290 -112.754571 
-45.376604 -44.974503 -47.312726 -51.408209 -52.488685 -55.081604 -59.785248 -58.444771 -59.754881 -64.901385 -64.073704 -67.554915 -69.833144 -69.918041 -68.467413 -73.591266 -73.224648 -75.572739 -73.237066 -78.133855 -78.965258 -75.072747 -71.577143 -73.672674 -74.398648 -78.147409 -82.570900 -81.784094 -82.137715 -77.788541 -78.713732 -78.224098 -79.162683 -79.439525 -77.219544 -78.767790 -74.826310 -77.453964 -80.881498 -83.198505 
-34.099765 -29.597736 -28.181179 -30.546151 -36.473743 -47.732738 -44.069773 -42.903713 -49.624596 -51.304391 -48.931496 -50.646630 -53.316711 -53.740405 -53.337773 -55.694370 -55.692008 -55.779354 -56.334779 -55.733093 -56.950344 -61.646680 -60.242492 -62.347936 -63.268230 -62.354729 -63.400101 -64.204882 -64.614045 -65.480323 -65.498554 -66.536132 -66.322765 -66.884676 -67.238608 -68.325936 -67.407701 -67.696889 -67.610382 -68.221787 
-18.785374 -5.715035 -0.293840 -4.302065 -18.177197 -15.887777 -19.608038 -26.019972 -25.875167 -34.609242 -41.527392 -45.068568 -44.959193 -48.311645 -48.305169 -48.957690 -50.727589 -49.336767 -44.557352 -37.096996 -38.630964 -51.579707 -54.457094 -54.606882 -51.664382 -54.162239 -57.400461 -57.154386 -57.851902 -58.521086 -59.099172 -59.171114 -58.903728 -59.203880 -59.817135 -59.962109 -60.135389 -61.026207 -61.522694 -61.771458 
-4.808641 6.409921 6.829495 5.823737 2.276663 -6.878255 -16.100355 -20.583586 -24.207003 -30.375965 -35.810188 -41.107594 -47.181094 -46.870173 -49.667466 -53.043030 -47.932444 -47.493466 -39.296108 -35.649267 -41.476165 -51.455856 -57.299384 -52.476986 -48.279429 -57.600079 -57.363029 -57.329403 -59.289485 -58.061234 -60.116186 -61.383134 -58.954657 -60.340793 -59.921720 -60.040905 -61.572246 -61.124911 -62.346499 -63.566114 
-4.835335 9.438088 9.015036 7.547876 6.430380 -4.619119 -10.874556 -17.201543 -22.074526 -26.178909 -36.125080 -42.111968 -41.563069 -42.566995 -41.876770 -44.487081 -43.729419 -42.641342 -36.904773 -30.079698 -37.099235 -48.681208 -53.886596 -47.973585 -41.590343 -52.291003 -58.195946 -58.210039 -57.243393 -58.847361 -58.047207 -58.573607 -59.830677 -58.747337 -59.836875 -58.651784 -60.820862 -59.883056 -61.941853 -61.398139 
-4.648526 10.279754 10.406985 5.947037 4.584493 -6.174526 -9.460201 -16.745829 -23.264590 -27.324743 -32.632202 -35.682129 -36.873848 -38.281765 -40.133145 -40.812597 -40.998217 -38.975735 -38.283504 -32.648783 -39.954328 -45.750199 -46.819651 -47.183130 -45.266757 -47.842841 -48.833734 -49.594687 -49.421560 -50.506242 -51.291278 -51.935857 -52.254264 -52.664794 -52.740817 -52.667338 -53.813833 -54.056724 -54.080092 -53.847988 
-2.589640 9.537928 8.112659 4.361371 1.542771 -8.946337 -13.354868 -17.946575 -23.834117 -30.511971 -39.283709 -39.340847 -42.225857 -42.358004 -44.546856 -45.600236 -45.984732 -44.233683 -43.658558 -37.989837 -45.326781 -50.076478 -50.234220 -51.478838 -49.887459 -52.930435 -53.214415 -54.244290 -53.802120 -55.186876 -55.491477 -55.944700 -56.470650 -56.666541 -55.761176 -56.665118 -57.942369 -57.809946 -57.861999 -57.797434 
-4.748541 3.856989 3.499163 0.116394 -4.443798 -17.724926 -17.702472 -23.153780 -27.015175 -34.939785 -35.112066 -36.213800 -37.179899 -38.252439 -39.212365 -39.944906 -41.077708 -41.907976 -42.841577 -42.469002 -43.751850 -44.786014 -45.562778 -46.028665 -46.565897 -47.247417 -47.811586 -48.455920 -49.029572 -49.500907 -50.156808 -50.622790 -51.014674 -51.421747 -51.623703 -51.983387 -52.467596 -52.716069 -52.782692 -52.831004 
-4.944254 -6.720029 -7.850448 -10.970238 -13.339952 -8.785676 -11.257028 -17.213648 -23.255116 -19.446884 -18.786313 -20.302584 -20.972104 -14.063644 -10.674798 -12.660816 -17.438424 -18.394925 -18.905999 -13.870215 -8.421226 -11.885918 -20.728767 -22.674424 -11.129445 -6.350900 -7.180229 -9.633652 -16.673777 -18.636112 -23.811952 -24.045450 -22.926087 -30.233197 -28.308663 -32.352158 -26.682169 -29.343645 -32.987406 -33.484736 
2.631960 3.309461 8.582517 5.261378 -0.919665 2.679780 1.779507 -4.719081 -4.467793 -17.175505 -10.186947 -16.524085 -22.310155 -6.814656 -3.038323 -6.930322 -12.945286 -13.260246 -11.475372 -4.623583 -0.331694 -5.857034 -14.123888 -16.597163 -4.131724 -0.225303 -1.879197 -2.846656 -6.409239 -7.633453 -10.803995 -9.866660 -12.436601 -17.332181 -17.236297 -17.491751 -12.798925 -12.883677 -16.342933 -20.973737 
3.382829 15.489511 19.189397 11.210522 15.775505 14.673363 14.284715 16.191301 7.029211 -0.003535 -3.900340 -8.688286 -10.268942 -10.105202 -8.822601 -11.191277 -7.600314 0.083425 4.581145 0.412494 -6.059969 -8.181640 -10.541421 -12.887161 -9.864131 -9.467157 -10.400080 -9.018766 -10.733340 -12.606398 -16.515120 -15.472323 -18.163880 -19.962211 -21.407463 -21.628081 -18.775240 -17.928892 -23.460015 -24.638876 
-4.759729 15.939715 21.767041 13.650067 18.610969 14.693848 17.429858 21.264519 13.571077 10.844471 0.013560 -5.219412 -5.032572 -3.673482 -2.601252 -3.472408 1.787419 9.464363 11.010514 5.236275 -0.963808 -1.855616 -4.357067 -11.580849 -8.420088 -5.053552 -3.944501 -6.103461 -13.076589 -22.552880 -31.745011 -22.215833 -19.740902 -19.371208 -18.481880 -23.867130 -22.579021 -26.002554 -27.638550 -23.780298 
-6.880056 14.278980 21.856624 13.322693 15.185007 14.849448 13.960778 20.123083 13.517429 18.285506 8.026052 4.513362 4.567857 4.134841 2.202429 0.258113 4.866180 10.600507 8.249907 1.350577 -2.213346 -1.169887 -3.596690 -16.550161 -13.086159 -9.013320 -6.048513 -7.882122 -13.367639 -22.766950 -34.953825 -24.182590 -22.439071 -20.999103 -19.749310 -24.823879 -21.652729 -29.736960 -31.751783 -26.617564 
-5.551833 14.191965 20.866209 11.391458 15.057753 12.565214 12.557110 15.944154 18.518386 21.779175 16.860084 13.386376 12.267127 13.549219 9.898624 4.260587 -2.709906 2.024112 -5.075581 -8.625190 -11.512918 -9.055082 -8.699593 -16.524703 -16.390860 -14.866708 -12.062599 -7.329849 -9.425427 -20.331317 -36.807378 -33.292863 -22.276714 -21.285916 -22.726198 -26.762290 -23.248821 -34.441533 -36.027972 -32.298079 
-6.472162 12.330630 20.315385 12.128763 12.046397 13.547691 8.299401 13.843214 15.532053 21.422258 16.456297 16.229735 12.610123 14.865261 14.541446 7.136039 -1.684247 -4.309376 -7.699068 -9.417195 -11.758999 -11.346833 -11.018100 -15.919500 -15.087882 -12.207628 -9.506677 -5.081099 -7.730720 -19.164460 -33.262834 -30.771225 -21.578069 -18.633968 -21.960298 -29.864119 -25.606862 -33.984294 -34.581282 -27.844074 
-11.827103 11.049231 20.040626 12.854439 10.254158 13.813525 6.717782 14.109471 11.267199 20.592994 13.343817 16.389871 11.457625 14.099407 18.033957 7.370145 -0.400295 -5.210593 -6.770417 -9.280748 -10.818828 -9.922103 -10.227015 -14.272337 -15.612551 -12.881787 -10.960164 -6.513545 -8.697103 -18.433138 -29.423738 -29.134159 -23.184043 -19.605766 -24.561481 -30.411340 -24.958453 -31.760155 -32.431624 -28.604999 
-15.559320 10.033152 19.806961 13.139012 9.184038 14.342819 5.244748 14.040395 8.190652 19.871151 11.667896 15.774532 10.327287 12.908176 19.421608 7.823706 0.161838 -3.623569 -6.928472 -9.109258 -11.000031 -9.986201 -10.831901 -17.158746 -18.582651 -16.134294 -12.027743 -6.024376 -8.602853 -20.176131 -38.937928 -37.036487 -24.205866 -20.776474 -26.035357 -31.570815 -26.143571 -40.497545 -41.206605 -29.120089 
-18.152627 9.129816 19.667719 13.887759 8.344936 14.899308 5.452798 13.616593 8.525776 19.082773 12.215548 14.917831 10.094130 13.368390 19.773598 9.013205 1.590602 -2.462704 -6.105555 -8.290584 -10.380026 -8.114705 -7.964641 -15.373768 -18.631487 -15.672504 -12.044844 -5.820747 -7.692168 -18.195242 -27.886778 -28.291910 -23.488398 -20.648233 -24.573597 -28.484653 -25.566409 -30.711975 -31.377243 -26.412564 
-23.792923 7.651937 19.568618 14.764146 6.684260 15.293437 5.462001 13.021680 8.473847 17.609101 12.758507 13.849944 10.651508 14.584237 18.700423 10.978056 -0.151414 -2.376934 -5.813188 -7.568160 -10.264467 -7.992018 -7.446622 -18.297533 -22.173428 -17.912564 -14.013366 -7.077451 -10.220006 -20.341954 -39.262265 -37.598247 -26.155509 -22.788322 -25.975908 -35.480675 -30.816970 -40.369908 -43.679804 -34.144210 
-26.456656 7.666099 19.767316 15.256716 7.363758 15.494556 6.105164 13.362640 8.962643 17.521862 12.811578 14.374480 11.015217 14.185715 17.595246 10.896312 0.411221 -2.448423 -6.190971 -8.144096 -11.115600 -9.944867 -11.424678 -19.401899 -21.335339 -17.170906 -15.354833 -10.653021 -12.440547 -22.301537 -39.012967 -38.115818 -27.799679 -22.067361 -26.716429 -32.591689 -29.158732 -39.275000 -41.225937 -32.015589 
-21.678308 8.626562 20.013348 15.023924 8.343417 15.322563 5.438263 13.440802 8.035321 17.367466 11.893078 14.284133 10.406221 13.075068 18.493453 11.940973 2.595209 -1.108156 -5.350642 -6.916345 -9.307618 -8.406056 -8.414589 -15.031922 -18.881439 -15.654923 -13.577965 -8.414368 -9.909751 -19.649564 -33.312440 -33.014224 -24.853903 -20.332814 -23.612358 -31.332049 -26.852788 -34.878028 -36.144173 -30.462580 
-18.189645 9.662939 19.931068 13.946123 9.817303 14.272963 5.500243 13.537563 7.201117 18.042020 11.307964 14.295915 8.541653 10.449070 19.145537 12.012014 3.853408 -0.880596 -5.747886 -7.053898 -9.247848 -6.756933 -8.022811 -18.244210 -22.251700 -18.732727 -13.814737 -8.336282 -9.470054 -19.881057 -37.567543 -36.153304 -24.575828 -21.453305 -26.150320 -33.798989 -27.910702 -39.675606 -41.159696 -30.149713 
-11.969094 10.568853 19.783213 12.820928 10.384188 12.922186 6.572572 13.140611 9.696614 18.096051 13.589874 15.109099 8.901252 12.124410 17.718357 14.630947 5.003321 -2.019485 -5.503252 -6.158088 -6.352521 -3.311797 -7.726223 -19.431446 -24.786557 -19.909600 -15.360157 -8.812381 -11.385572 -21.534157 -32.459553 -32.730636 -30.774514 -27.405974 -29.114785 -32.313805 -27.691367 -35.861735 -36.659527 -33.502131 
-8.721753 11.814256 19.315265 11.224809 12.429220 11.058112 8.370138 11.279514 13.607025 16.734684 17.553144 13.957996 9.809191 13.894752 15.817446 16.308176 3.102861 -2.418336 -4.100488 -3.735327 -3.008641 -2.434047 -10.715029 -22.874410 -25.812355 -22.699794 -17.723098 -10.291617 -11.217468 -22.385891 -36.764322 -36.277636 -32.638642 -26.586558 -28.881024 -35.243493 -29.370565 -41.838094 -41.850788 -30.645314 
-5.109259 12.766052 18.392214 9.773246 13.860629 9.844094 9.848715 8.728690 15.786569 13.751970 18.657204 11.207659 9.435188 12.519510 16.303202 13.887158 6.513347 -0.378486 -3.483910 -2.632703 0.504619 -4.930450 -14.607663 -25.757796 -28.074042 -24.332962 -18.754678 -11.714964 -12.736072 -23.032667 -35.238885 -35.342471 -33.478652 -27.799470 -28.202850 -32.834285 -27.796692 -37.876065 -38.431967 -33.164390 
-4.255501 13.482997 17.337708 10.244970 15.605489 9.731135 11.227916 9.258478 16.996390 15.610527 16.748097 11.065622 9.408563 11.882237 15.934408 14.630692 4.686583 -0.831877 -1.962458 -0.797004 -0.898456 -7.406193 -15.305384 -25.922000 -29.780610 -25.649477 -20.841849 -13.646752 -13.510507 -23.842450 -37.703448 -37.442894 -34.160902 -28.667330 -29.984678 -31.549141 -27.114544 -39.165947 -40.122783 -32.798817 
-2.987296 13.597356 15.641808 11.545211 16.231018 9.007954 10.525390 10.594406 14.626876 16.496458 14.025472 8.068597 5.776408 10.240380 14.427134 13.457526 -0.547672 -5.336020 -7.667235 -7.630080 -6.964559 -15.489416 -25.931308 -36.851233 -39.501483 -33.164735 -28.303432 -19.263287 -16.587753 -28.709221 -46.040003 -42.649100 -36.392288 -29.987530 -31.590573 -32.991001 -28.263625 -42.132956 -43.700807 -33.351548 
0.346701 13.704894 11.980261 14.390980 15.534644 10.296877 8.571158 12.023247 13.101151 17.048804 15.765522 7.105016 3.182292 7.586033 12.125719 12.104999 3.883288 -0.008729 1.359575 1.490873 -6.401937 -15.638399 -20.382949 -25.618871 -30.758169 -31.043585 -23.997997 -17.398064 -17.240499 -27.749167 -36.631867 -37.264455 -37.423578 -33.255294 -32.306678 -31.052152 -28.825801 -38.322864 -39.263535 -32.134137 
-0.940164 12.508286 9.756480 15.127204 13.067603 8.436326 8.628977 10.711529 16.730614 16.925412 16.893750 4.982824 2.988677 8.664968 15.156062 15.361299 5.665495 1.763367 3.411561 4.676945 -7.683396 -17.011114 -21.744237 -26.977978 -34.397507 -30.478077 -23.018448 -14.912977 -14.502508 -25.819164 -38.648843 -42.768107 -42.962764 -33.528878 -33.059742 -31.305892 -26.386088 -42.612738 -46.785591 -37.179301 
1.099888 11.649529 10.365343 15.348236 11.286748 7.955313 7.353854 11.296629 14.887141 15.532946 11.582547 7.057438 3.010881 6.469607 11.404739 12.490644 5.714556 4.791258 5.365391 -2.200198 -14.013533 -21.588393 -28.324008 -35.800514 -37.017508 -30.856662 -24.672784 -17.509786 -16.114089 -27.403884 -44.886971 -41.654588 -41.562645 -38.733702 -35.410429 -34.030801 -27.385597 -44.210850 -45.161860 -34.001248 
1.888537 10.875276 9.975530 13.947591 8.453684 6.767538 8.735608 10.161413 13.930904 16.653292 11.341664 4.048669 -1.016855 4.912082 11.705411 13.956115 6.531250 5.865048 6.411675 -4.773314 -18.335312 -23.208793 -29.951449 -37.950684 -38.530910 -33.506703 -27.823028 -21.000618 -18.603467 -29.735475 -45.859524 -44.116653 -45.820415 -38.739760 -34.523587 -34.332718 -30.365704 -45.692989 -45.997825 -31.468201 
1.753185 10.173903 10.269564 12.477072 5.771161 6.149080 8.156636 12.148790 12.358062 15.372564 8.822726 -2.979810 -2.970017 1.130154 7.684761 11.175898 7.507968 6.322174 3.786959 -6.037623 -17.118435 -24.112694 -29.469746 -33.254299 -33.842497 -32.680672 -28.845701 -22.848350 -21.297542 -30.244125 -38.416910 -39.109781 -39.434604 -37.222240 -35.990233 -34.765170 -30.521369 -40.932341 -40.954249 -32.634970 
1.586076 5.711834 2.552286 6.857023 3.838800 2.106571 3.423520 9.214733 13.868465 12.291004 2.827263 -9.780093 -8.390492 -3.418830 3.451323 6.828367 7.037113 5.113761 5.052051 -5.991445 -21.198669 -27.424062 -33.008734 -37.426215 -37.764795 -37.181907 -32.326020 -25.592425 -24.225914 -33.134435 -42.973963 -43.736584 -44.009120 -39.092573 -36.339633 -35.012448 -33.632897 -45.391240 -43.987342 -35.058342 
-5.592814 6.732336 7.377955 2.549322 0.006393 -1.382806 1.235946 1.618799 2.551274 -0.448370 -7.428468 -12.364117 -10.838335 -8.213203 -8.804281 -6.020244 -1.489276 2.668941 0.684435 -9.103964 -19.695538 -25.281908 -32.530425 -36.664429 -37.411904 -37.942817 -37.095388 -32.563295 -34.782386 -40.282337 -41.888618 -42.260723 -42.887749 -39.545992 -38.902184 -35.691710 -33.806307 -43.639391 -42.595575 -33.580510 
0.108785 6.107584 3.345955 1.987954 1.710892 -1.175287 0.518424 4.915519 7.254828 2.381346 -7.468737 -15.634873 -13.623991 -10.001916 -7.724284 -6.394151 0.447494 7.117024 4.683518 -4.547641 -19.836169 -26.488451 -34.635467 -46.465575 -49.143863 -43.907720 -38.693318 -31.687106 -32.733675 -44.985142 -55.029103 -54.086210 -50.087215 -44.148721 -43.575841 -42.090349 -38.032511 -51.499908 -47.304062 -34.625566 
-6.200806 4.055752 2.936806 -5.940819 -10.190477 -3.962670 -5.414911 -9.169499 -9.513446 -14.452850 -19.881418 -27.256604 -22.300884 -25.490649 -25.156864 -20.916455 -18.322686 -8.501464 -3.473660 -9.883282 -21.854084 -29.528725 -35.275029 -36.611592 -37.979831 -38.998116 -39.393073 -38.566560 -39.252318 -42.475260 -43.399481 -44.211495 -44.823821 -44.667367 -43.660176 -45.169170 -44.734061 -45.844817 -44.448160 -41.184864 
-9.924510 -5.151151 -5.986027 -14.501126 -13.809468 -13.238493 -16.875742 -20.966066 -26.341726 -28.676189 -30.519146 -31.717821 -32.746912 -35.495065 -31.105352 -32.218538 -24.951096 -16.526995 -10.189277 -17.555400 -26.280576 -35.563522 -43.254637 -46.502000 -47.854787 -45.262435 -44.528573 -43.906767 -42.986971 -48.938167 -49.431035 -53.018588 -53.630304 -52.844096 -52.653227 -54.062091 -54.614495 -54.843245 -55.042377 -46.877595 
-19.288822 -22.141457 -21.930262 -27.438669 -36.930119 -33.525826 -31.238052 -38.111028 -39.976288 -45.137606 -43.450720 -47.264299 -40.071628 -40.152703 -43.274105 -42.044280 -42.131738 -32.139257 -27.648202 -37.411005 -40.727084 -45.051513 -49.554140 -57.672027 -59.156266 -59.978123 -54.825616 -53.947455 -53.109018 -53.393218 -62.737139 -63.095535 -62.997058 -58.482731 -57.463465 -57.277931 -56.741196 -62.025974 -63.131557 -61.698825 
-19.923908 -20.539669 -23.918812 -30.791346 -29.074231 -27.463164 -31.842143 -33.114700 -35.311263 -34.710525 -31.434308 -30.051204 -28.275818 -27.029797 -29.447671 -32.159150 -25.488880 -24.382077 -29.475886 -32.089503 -36.292849 -38.546613 -43.053175 -56.339410 -56.888152 -54.633756 -47.559209 -43.391811 -41.000816 -39.667123 -50.686218 -54.231137 -52.239707 -50.430758 -53.202966 -51.991964 -49.022419 -51.066847 -50.300450 -49.957474 
-28.868962 -31.598600 -26.936840 -25.177965 -30.101668 -29.058295 -36.452353 -31.034619 -38.005423 -34.426031 -35.051726 -39.767057 -35.690676 -33.825188 -33.402487 -30.333783 -21.328760 -21.465797 -29.711433 -34.828534 -42.079168 -44.404359 -43.625886 -53.027885 -53.114241 -49.630729 -51.648177 -50.002099 -42.236509 -45.665707 -52.784287 -53.803591 -52.439819 -55.066134 -60.815152 -59.332495 -55.389470 -54.633368 -55.994070 -50.076659 
-25.774637 -24.805266 -26.210903 -29.903800 -31.587321 -31.719746 -39.768042 -38.101280 -38.702494 -38.735083 -41.081801 -43.671342 -41.917124 -45.020015 -46.639374 -39.847604 -37.885537 -38.358742 -43.720594 -50.998561 -54.552805 -54.743089 -57.001101 -60.463606 -64.753994 -63.639857 -61.487828 -61.626043 -59.280515 -62.172234 -65.210373 -67.184450 -70.411904 -68.911063 -66.478841 -66.632667 -65.798610 -63.098113 -64.220085 -67.525641 
-31.150938 -34.676013 -39.169700 -38.413140 -45.661638 -47.529246 -53.623913 -64.805219 -62.610312 -57.376798 -63.310775 -61.017691 -62.666485 -61.771705 -58.603745 -62.759045 -53.301295 -55.127706 -60.752268 -65.874123 -65.984779 -67.132715 -69.049710 -68.876469 -67.331654 -68.254881 -66.869047 -68.914910 -66.442063 -69.850948 -69.929228 -71.332685 -70.781980 -73.147228 -67.444032 -70.367957 -70.289191 -71.574433 -70.866856 -73.237641 
-38.843706 -41.420515 -50.488997 -48.778193 -52.130014 -62.467710 -66.391833 -63.651532 -62.243018 -62.703276 -67.284540 -74.254846 -69.350207 -67.628549 -69.532955 -66.396952 -65.867034 -65.077018 -67.901320 -68.174721 -72.841963 -70.744843 -74.993164 -68.819100 -71.163903 -73.084405 -72.204440 -71.247643 -71.704917 -74.998605 -72.745505 -71.797647 -73.138754 -74.026582 -74.683734 -74.747613 -73.257040 -72.980929 -75.431985 -75.829617 
-35.276157 -46.685007 -53.934569 -51.723462 -51.614709 -61.993287 -61.333182 -64.508868 -64.158757 -60.417282 -69.770983 -73.076284 -70.103901 -62.324992 -67.571999 -72.407692 -73.708666 -70.715587 -67.272963 -72.479659 -74.735641 -77.096693 -73.089050 -69.752911 -70.829717 -71.944205 -72.038475 -76.678344 -73.253654 -75.627182 -75.951301 -73.845572 -74.211936 -76.023152 -73.947708 -75.826087 -75.455878 -74.742195 -79.311914 -78.267525 
-31.752710 -44.629860 -49.785891 -58.482618 -60.353152 -61.669755 -59.816651 -56.691672 -59.508837 -73.531810 -67.396053 -67.291829 -67.853486 -67.394375 -68.355695 -74.119057 -72.366076 -70.031380 -70.732812 -69.310376 -66.739788 -65.758041 -72.375356 -72.954904 -76.692339 -70.814718 -69.316500 -73.111610 -70.555229 -70.783666 -71.099926 -73.939157 -76.284916 -74.214161 -72.489113 -70.717379 -69.881635 -72.946725 -75.677609 -76.568164 
-23.310657 -30.465362 -30.393937 -33.288941 -35.189298 -33.863706 -33.357747 -32.632191 -33.872480 -37.250860 -42.562109 -40.628584 -36.735343 -35.662589 -36.996622 -42.141662 -44.021590 -34.632513 -30.829310 -30.858424 -33.397778 -36.400640 -41.779515 -54.435969 -53.120682 -45.959232 -45.547763 -48.173174 -50.664623 -45.459805 -51.351185 -47.113021 -54.555248 -62.415066 -65.237182 -65.659538 -62.035471 -57.319617 -63.959255 -74.739940 
-12.429006 -16.459395 -16.976215 -20.489430 -19.573356 -19.093409 -14.298177 -15.921637 -17.060644 -21.309163 -26.591128 -29.136484 -20.154512 -15.351056 -16.272487 -28.835640 -28.302085 -15.595957 -11.306515 -11.860954 -10.260369 -15.893211 -22.229120 -33.616870 -33.038053 -30.377484 -26.962885 -32.180497 -30.301823 -25.734994 -32.264676 -26.944338 -35.850182 -39.957100 -42.703919 -43.513409 -39.832264 -37.131968 -40.420784 -44.975604 
-8.893123 -9.097357 -15.679504 -20.918385 -17.385352 -15.131810 -10.301026 -13.466651 -11.395243 -15.404535 -17.194091 -23.849970 -24.275970 -16.660892 -18.177181 -23.743461 -31.764911 -22.490061 -13.341037 -17.568304 -14.243481 -14.946445 -20.187820 -31.038412 -29.967836 -28.973619 -23.983116 -24.089396 -21.442236 -17.465272 -24.310082 -25.548339 -26.844048 -33.526229 -35.990660 -35.300942 -28.951634 -28.063860 -31.289003 -34.031455 
-16.847331 -11.337052 -14.867528 -20.899115 -26.216424 -23.408720 -15.036327 -11.249605 -14.953038 -23.234072 -26.497286 -29.559418 -23.370085 -21.936271 -17.816602 -23.968313 -26.674651 -25.995128 -20.451960 -19.746278 -13.627391 -11.812428 -21.656538 -25.639080 -27.644643 -21.639046 -18.471479 -19.103176 -18.855234 -16.339173 -19.855527 -22.097067 -23.280004 -27.634556 -34.212421 -29.542899 -29.692843 -26.703020 -28.267271 -33.872654 
-18.336725 -23.417237 -25.138796 -21.279219 -21.411443 -25.396181 -17.290125 -11.219351 -11.483140 -20.058231 -23.053895 -28.155898 -26.086185 -26.598794 -25.925489 -30.542882 -26.385270 -25.744151 -23.885727 -20.719946 -19.106589 -18.528250 -23.582391 -27.725971 -28.353758 -28.357316 -24.155915 -26.544389 -22.951109 -19.062622 -23.020887 -24.966181 -28.206611 -30.132974 -33.778239 -36.013147 -34.956162 -33.554516 -33.917913 -37.041140 
-20.055597 -23.780506 -30.330753 -32.001550 -25.914101 -27.922522 -22.828865 -22.432333 -17.082069 -19.385910 -24.658527 -25.900470 -27.993787 -24.339116 -26.276047 -32.711614 -24.724563 -22.827760 -24.797983 -21.490375 -20.187324 -22.702087 -22.531965 -28.539521 -27.215132 -24.605407 -22.549431 -22.297460 -21.364249 -22.379181 -26.088845 -25.383855 -30.785679 -35.032011 -38.300657 -34.209186 -36.285722 -34.935382 -35.866595 -39.959913 
-34.766011 -37.574895 -41.802431 -35.640479 -31.776923 -30.213119 -28.813250 -31.783689 -32.760462 -29.464880 -32.336465 -39.324111 -38.530417 -32.991072 -37.625592 -44.071893 -34.873668 -34.857701 -36.580592 -36.314785 -31.472502 -28.611439 -27.271597 -32.259280 -33.249080 -34.935483 -35.714440 -39.170765 -32.322067 -34.122430 -38.426422 -37.153489 -40.459587 -45.322377 -50.117178 -44.587804 -44.697062 -46.133019 -52.078296 -50.644591 
-68.795772 -69.174614 -71.853630 -77.474353 -82.616422 -79.758906 -77.931387 -75.604936 -78.333599 -80.818080 -84.373761 -82.310864 -86.540737 -82.057624 -82.787411 -86.768954 -81.824436 -82.263995 -80.774863 -85.511582 -77.347627 -74.755872 -81.512744 -84.983588 -85.846688 -85.349585 -85.466974 -84.818909 -81.361166 -82.201365 -86.200705 -87.362832 -88.017321 -89.857922 -90.607614 -90.494464 -92.664526 -94.466249 -92.484269 -93.672102 
-82.683350 -87.715082 -88.571449 -82.605322 -81.227759 -84.830050 -88.530583 -82.453818 -82.132528 -88.205739 -83.209064 -82.665705 -87.360666 -82.226854 -85.963732 -83.359482 -85.162660 -83.602086 -85.626172 -83.568996 -85.446313 -84.859011 -84.560213 -85.180588 -85.591874 -85.629068 -85.849628 -86.157235 -86.577128 -87.047904 -87.688560 -88.163335 -88.775712 -90.058560 -90.741196 -92.442125 -93.987903 -96.349537 -99.868529 -105.783802 
-84.811784 -88.583011 -89.137364 -84.876031 -83.631519 -86.607661 -89.047232 -84.720267 -84.418664 -88.918943 -85.322965 -84.898042 -88.348325 -84.544186 -87.433006 -85.465338 -86.854513 -85.692092 -87.244477 -85.700541 -87.163542 -86.759214 -86.549225 -87.088282 -87.419490 -87.538165 -87.741638 -88.074364 -88.462909 -88.941273 -89.542740 -90.060367 -90.708393 -91.896748 -92.682900 -94.323103 -95.927217 -98.322337 -101.970801 -108.540964 
NaN NaN NaN NaN NaN NaN NaN NaN NaN NaN NaN NaN NaN NaN NaN NaN NaN NaN NaN NaN NaN NaN NaN NaN NaN NaN NaN NaN NaN NaN NaN NaN NaN NaN NaN NaN NaN NaN NaN NaN 
NaN NaN NaN NaN NaN NaN NaN NaN NaN NaN NaN NaN NaN NaN NaN NaN NaN NaN NaN NaN NaN NaN NaN NaN NaN NaN NaN NaN NaN NaN NaN NaN NaN NaN NaN NaN NaN NaN NaN NaN 
-167.485552 -167.491919 -167.502505 -167.520355 -167.544514 -167.578350 -167.619641 -167.672548 -167.742796 -167.826477 -167.928263 -168.054506 -168.202737 -168.382621 -168.598606 -168.851965 -169.158420 -169.519500 -169.948648 -170.453193 -171.047917 -171.743379 -172.520985 -173.361794 -174.164159 -174.706328 -174.695093 -173.960432 -172.638800 -171.029357 -169.367794 -167.787475 -166.337286 -165.025486 -163.858663 -162.844212 -161.982939 -161.281309 -160.752439 -160.415714 
-85.601411 -85.669253 -85.782590 -85.975047 -86.238588 -86.613161 -87.079298 -87.691071 -88.526613 -89.550576 -90.815988 -92.333739 -93.793942 -94.521368 -93.811410 -92.074326 -90.129271 -88.456404 -87.161248 -86.281447 -85.839935 -85.899923 -86.563009 -88.036135 -90.638975 -94.161259 -94.435588 -90.720078 -87.836968 -86.538379 -86.848668 -89.209593 -94.475355 -94.949131 -89.536701 -87.618425 -89.327332 -96.405001 -95.560975 -91.176440 
-90.910537 -90.982286 -91.102294 -91.306525 -91.587096 -91.987890 -92.490234 -93.156355 -94.081174 -95.244638 -96.745218 -98.682420 -100.774182 -101.942155 -100.792852 -98.328475 -95.910090 -93.990198 -92.564852 -91.616610 -91.143532 -91.201447 -91.898252 -93.477699 -96.411490 -100.984378 -101.361590 -96.473301 -93.219612 -91.818189 -92.123051 -94.615314 -100.824300 -101.401954 -94.903788 -92.828686 -94.543960 -102.331965 -101.230238 -96.526000 
NaN NaN NaN NaN NaN NaN NaN NaN NaN NaN NaN NaN NaN NaN NaN NaN NaN NaN NaN NaN NaN NaN NaN NaN NaN NaN NaN NaN NaN NaN NaN NaN NaN NaN NaN NaN NaN NaN NaN NaN 
NaN NaN NaN NaN NaN NaN NaN NaN NaN NaN NaN NaN NaN NaN NaN NaN NaN NaN NaN NaN NaN NaN NaN NaN NaN NaN NaN NaN NaN NaN NaN NaN NaN NaN NaN NaN NaN NaN NaN NaN 
NaN NaN NaN NaN NaN NaN NaN NaN NaN NaN NaN NaN NaN NaN NaN NaN NaN NaN NaN NaN NaN NaN NaN NaN NaN NaN NaN NaN NaN NaN NaN NaN NaN NaN NaN NaN NaN NaN NaN NaN 
NaN NaN NaN NaN NaN NaN NaN NaN NaN NaN NaN NaN NaN NaN NaN NaN NaN NaN NaN NaN NaN NaN NaN NaN NaN NaN NaN NaN NaN NaN NaN NaN NaN NaN NaN NaN NaN NaN NaN NaN 
-103.759458 -103.761333 -103.764458 -103.769750 -103.776951 -103.787115 -103.799627 -103.815822 -103.837582 -103.863839 -103.896188 -103.936802 -103.984993 -104.043989 -104.115200 -104.198915 -104.300049 -104.418785 -104.559363 -104.724439 -104.920371 -105.154784 -105.430834 -105.764059 -106.166196 -106.649209 -107.230366 -107.927135 -108.774549 -109.815425 -111.114898 -112.751542 -114.855792 -117.688982 -121.810868 -128.582204 -133.039671 -126.318624 -122.140662 -120.074894 
-85.101244 -85.260991 -81.425995 -77.955068 -77.142549 -80.041803 -88.695166 -84.044651 -79.370942 -80.463202 -81.020170 -82.131613 -87.306372 -78.935578 -78.842365 -85.825262 -84.093927 -80.533428 -81.339983 -83.268453 -81.021384 -85.142109 -81.965384 -82.999933 -84.637814 -83.326834 -83.405187 -86.934177 -84.481193 -86.682220 -87.070424 -87.361540 -90.877180 -89.677989 -92.465531 -94.488675 -95.323851 -97.740817 -97.276760 -98.694087 
-94.264030 -92.173184 -85.168165 -80.618326 -79.165252 -80.572568 -84.517265 -83.014936 -82.127428 -87.502075 -87.935935 -84.178367 -84.976856 -80.280363 -80.920449 -87.762347 -89.750158 -84.822421 -81.733106 -82.638386 -85.463012 -88.685926 -83.049788 -83.478274 -88.445232 -84.859280 -83.753338 -90.597242 -85.170860 -86.894599 -88.093067 -87.011114 -90.845401 -88.774241 -91.253122 -92.038299 -92.894591 -95.313358 -96.281852 -97.433846 
-96.464982 -96.464982 -96.464982 -96.464982 -96.464982 -96.464982 -96.464982 -96.464982 -96.464982 -96.464982 -96.464982 -96.464982 -96.464982 -96.464982 -96.464982 -96.464982 -96.464982 -96.464982 -96.464982 -96.464982 -96.464982 -96.464982 -96.464982 -96.464982 -96.464982 -96.464982 -96.464982 -96.464982 -96.464982 -96.464982 -96.464982 -96.464982 -96.464982 -96.464982 -96.464982 -96.464982 -96.464982 -96.464982 -96.464982 -96.464982 
NaN NaN NaN NaN NaN NaN NaN NaN NaN NaN NaN NaN NaN NaN NaN NaN NaN NaN NaN NaN NaN NaN NaN NaN NaN NaN NaN NaN NaN NaN NaN NaN NaN NaN NaN NaN NaN NaN NaN NaN 
NaN NaN NaN NaN NaN NaN NaN NaN NaN NaN NaN NaN NaN NaN NaN NaN NaN NaN NaN NaN NaN NaN NaN NaN NaN NaN NaN NaN NaN NaN NaN NaN NaN NaN NaN NaN NaN NaN NaN NaN 
NaN NaN NaN NaN NaN NaN NaN NaN NaN NaN NaN NaN NaN NaN NaN NaN NaN NaN NaN NaN NaN NaN NaN NaN NaN NaN NaN NaN NaN NaN NaN NaN NaN NaN NaN NaN NaN NaN NaN NaN 
-95.390718 -95.391009 -95.391501 -95.392353 -95.393547 -95.395302 -95.397560 -95.400622 -95.404954 -95.410458 -95.417565 -95.426859 -95.438242 -95.452475 -95.469786 -95.490004 -95.513910 -95.540996 -95.571618 -95.605828 -95.644659 -95.689720 -95.742106 -95.805249 -95.881095 -95.970107 -96.071872 -96.185175 -96.312869 -96.461361 -96.640067 -96.852357 -97.094075 -97.365368 -97.685819 -98.079698 -98.531754 -99.064005 -100.108328 -102.736685 
-88.745959 -88.746238 -88.746711 -88.747534 -88.748692 -88.750400 -88.752608 -88.755617 -88.759895 -88.765356 -88.772436 -88.781726 -88.793133 -88.807420 -88.824812 -88.845123 -88.869115 -88.896255 -88.926871 -88.961008 -88.999711 -89.044636 -89.096948 -89.160137 -89.236153 -89.325366 -89.427207 -89.540354 -89.667763 -89.816149 -89.995140 -90.207812 -90.449381 -90.720098 -91.040763 -91.435455 -91.886440 -92.424413 -93.529237 -96.455712 
-143.783863 -143.786147 -143.789884 -143.796001 -143.803950 -143.814409 -143.826175 -143.839708 -143.855072 -143.869695 -143.882478 -143.891428 -143.893386 -143.884894 -143.862178 -143.822020 -143.759978 -143.675540 -143.568402 -143.442839 -143.304071 -143.160133 -143.022798 -142.895699 -142.779125 -142.662471 -142.519649 -142.314274 -142.009026 -141.589621 -141.077897 -140.527532 -139.977058 -139.393040 -138.636994 -137.528419 -136.035458 -134.383049 -132.905118 -131.881764 
NaN NaN NaN NaN NaN NaN NaN NaN NaN NaN NaN NaN NaN NaN NaN NaN NaN NaN NaN NaN NaN NaN NaN NaN NaN NaN NaN NaN NaN NaN NaN NaN NaN NaN NaN NaN NaN NaN NaN NaN 
NaN NaN NaN NaN NaN NaN NaN NaN NaN NaN NaN NaN NaN NaN NaN NaN NaN NaN NaN NaN NaN NaN NaN NaN NaN NaN NaN NaN NaN NaN NaN NaN NaN NaN NaN NaN NaN NaN NaN NaN 
NaN NaN NaN NaN NaN NaN NaN NaN NaN NaN NaN NaN NaN NaN NaN NaN NaN NaN NaN NaN NaN NaN NaN NaN NaN NaN NaN NaN NaN NaN NaN NaN NaN NaN NaN NaN NaN NaN NaN NaN 
NaN NaN NaN NaN NaN NaN NaN NaN NaN NaN NaN NaN NaN NaN NaN NaN NaN NaN NaN NaN NaN NaN NaN NaN NaN NaN NaN NaN NaN NaN NaN NaN NaN NaN NaN NaN NaN NaN NaN NaN 
