NaN NaN NaN NaN NaN NaN NaN NaN NaN NaN NaN NaN NaN NaN NaN NaN NaN NaN NaN NaN NaN NaN NaN NaN NaN NaN NaN NaN NaN NaN NaN NaN NaN NaN NaN NaN NaN NaN NaN NaN 
NaN NaN NaN NaN NaN NaN NaN NaN NaN NaN NaN NaN NaN NaN NaN NaN NaN NaN NaN NaN NaN NaN NaN NaN NaN NaN NaN NaN NaN NaN NaN NaN NaN NaN NaN NaN NaN NaN NaN NaN 
NaN NaN NaN NaN NaN NaN NaN NaN NaN NaN NaN NaN NaN NaN NaN NaN NaN NaN NaN NaN NaN NaN NaN NaN NaN NaN NaN NaN NaN NaN NaN NaN NaN NaN NaN NaN NaN NaN NaN NaN 
NaN NaN NaN NaN NaN NaN NaN NaN NaN NaN NaN NaN NaN NaN NaN NaN NaN NaN NaN NaN NaN NaN NaN NaN NaN NaN NaN NaN NaN NaN NaN NaN NaN NaN NaN NaN NaN NaN NaN NaN 
NaN NaN NaN NaN NaN NaN NaN NaN NaN NaN NaN NaN NaN NaN NaN NaN NaN NaN NaN NaN NaN NaN NaN NaN NaN NaN NaN NaN NaN NaN NaN NaN NaN NaN NaN NaN NaN NaN NaN NaN 
NaN NaN NaN NaN NaN NaN NaN NaN NaN NaN NaN NaN NaN NaN NaN NaN NaN NaN NaN NaN NaN NaN NaN NaN NaN NaN NaN NaN NaN NaN NaN NaN NaN NaN NaN NaN NaN NaN NaN NaN 
NaN NaN NaN NaN NaN NaN NaN NaN NaN NaN NaN NaN NaN NaN NaN NaN NaN NaN NaN NaN NaN NaN NaN NaN NaN NaN NaN NaN NaN NaN NaN NaN NaN NaN NaN NaN NaN NaN NaN NaN 
NaN NaN NaN NaN NaN NaN NaN NaN NaN NaN NaN NaN NaN NaN NaN NaN NaN NaN NaN NaN NaN NaN NaN NaN NaN NaN NaN NaN NaN NaN NaN NaN NaN NaN NaN NaN NaN NaN NaN NaN 
NaN NaN NaN NaN NaN NaN NaN NaN NaN NaN NaN NaN NaN NaN NaN NaN NaN NaN NaN NaN NaN NaN NaN NaN NaN NaN NaN NaN NaN NaN NaN NaN NaN NaN NaN NaN NaN NaN NaN NaN 
NaN NaN NaN NaN NaN NaN NaN NaN NaN NaN NaN NaN NaN NaN NaN NaN NaN NaN NaN NaN NaN NaN NaN NaN NaN NaN NaN NaN NaN NaN NaN NaN NaN NaN NaN NaN NaN NaN NaN NaN 
NaN NaN NaN NaN NaN NaN NaN NaN NaN NaN NaN NaN NaN NaN NaN NaN NaN NaN NaN NaN NaN NaN NaN NaN NaN NaN NaN NaN NaN NaN NaN NaN NaN NaN NaN NaN NaN NaN NaN NaN 
NaN NaN NaN NaN NaN NaN NaN NaN NaN NaN NaN NaN NaN NaN NaN NaN NaN NaN NaN NaN NaN NaN NaN NaN NaN NaN NaN NaN NaN NaN NaN NaN NaN NaN NaN NaN NaN NaN NaN NaN 
NaN NaN NaN NaN NaN NaN NaN NaN NaN NaN NaN NaN NaN NaN NaN NaN NaN NaN NaN NaN NaN NaN NaN NaN NaN NaN NaN NaN NaN NaN NaN NaN NaN NaN NaN NaN NaN NaN NaN NaN 
NaN NaN NaN NaN NaN NaN NaN NaN NaN NaN NaN NaN NaN NaN NaN NaN NaN NaN NaN NaN NaN NaN NaN NaN NaN NaN NaN NaN NaN NaN NaN NaN NaN NaN NaN NaN NaN NaN NaN NaN 
NaN NaN NaN NaN NaN NaN NaN NaN NaN NaN NaN NaN NaN NaN NaN NaN NaN NaN NaN NaN NaN NaN NaN NaN NaN NaN NaN NaN NaN NaN NaN NaN NaN NaN NaN NaN NaN NaN NaN NaN 
NaN NaN NaN NaN NaN NaN NaN NaN NaN NaN NaN NaN NaN NaN NaN NaN NaN NaN NaN NaN NaN NaN NaN NaN NaN NaN NaN NaN NaN NaN NaN NaN NaN NaN NaN NaN NaN NaN NaN NaN 
NaN NaN NaN NaN NaN NaN NaN NaN NaN NaN NaN NaN NaN NaN NaN NaN NaN NaN NaN NaN NaN NaN NaN NaN NaN NaN NaN NaN NaN NaN NaN NaN NaN NaN NaN NaN NaN NaN NaN NaN 
-55.932103 -54.963567 -55.551606 -55.966436 -56.329465 -58.097061 -57.945930 -58.213475 -60.249152 -60.741965 -61.873537 -62.677860 -64.016417 -64.569268 -65.371625 -65.909035 -66.765088 -67.791059 -67.886362 -69.142724 -69.518671 -70.593824 -71.295806 -72.401918 -73.116974 -73.812453 -74.060322 -74.733454 -75.048075 -75.829058 -76.562118 -76.923965 -77.518430 -78.353702 -78.271201 -77.975028 -78.202799 -79.140532 -79.206686 -79.232855 
-17.618420 -9.851192 -6.816485 -9.173031 -19.363239 -31.913179 -27.978142 -34.144815 -36.623405 -39.724623 -39.195993 -42.437394 -42.662000 -43.125247 -44.881721 -45.679448 -46.018255 -46.529107 -48.067006 -48.766050 -49.552742 -50.089406 -51.006448 -51.447758 -51.966447 -52.672960 -53.151104 -53.530762 -54.448448 -55.060566 -55.533644 -56.075391 -56.413062 -56.733078 -56.926299 -57.257856 -57.408875 -57.892968 -58.031223 -58.224571 
-8.030415 4.526241 6.701716 0.408038 -13.489121 -13.621805 -23.709904 -27.303612 -30.911991 -36.504155 -36.190478 -37.247944 -41.085022 -42.852716 -43.073023 -44.486215 -45.175507 -46.353651 -45.171276 -42.140901 -48.613836 -48.671245 -49.177025 -49.700813 -50.769502 -52.068331 -52.550743 -52.921700 -53.481636 -54.064803 -54.040779 -54.190667 -55.045692 -55.525655 -56.045279 -55.964600 -56.355946 -56.786717 -57.021839 -57.415135 
-7.232232 6.942281 5.780958 -0.047977 -1.267809 -14.493032 -23.695149 -21.552355 -27.059349 -34.996282 -33.221924 -41.188400 -46.761751 -52.912487 -53.225538 -56.565395 -53.148787 -50.193970 -49.157575 -39.704514 -48.949779 -57.546739 -58.439299 -51.496673 -51.297775 -62.324945 -62.638826 -60.883612 -62.980603 -60.041977 -62.536588 -62.354513 -61.190403 -63.774856 -62.705040 -60.023553 -60.484560 -59.474757 -62.579127 -63.199319 
-7.121972 6.798010 5.870767 1.322546 -0.519492 -18.865420 -26.160516 -22.618067 -30.663973 -40.525571 -37.543817 -42.461907 -49.865460 -47.359900 -51.203911 -52.714310 -51.748184 -51.269312 -47.534548 -42.180990 -53.076510 -55.151992 -55.928850 -52.429878 -52.388019 -55.584731 -58.427757 -60.359265 -60.581523 -59.622227 -57.469698 -62.616496 -60.127000 -58.762831 -58.400501 -59.795472 -59.885991 -61.149733 -61.920065 -62.941146 
-10.247235 5.296007 5.486850 1.943311 1.136535 -15.063087 -21.408142 -20.550127 -27.361960 -33.221024 -36.509574 -39.737832 -40.036320 -44.375145 -46.483747 -49.001399 -52.920086 -50.747646 -47.098229 -42.558647 -52.694301 -55.046422 -55.510495 -55.346762 -55.957746 -57.952513 -58.637520 -59.816662 -59.146124 -58.640753 -59.352548 -59.794578 -59.399386 -61.027070 -59.405867 -59.840079 -58.647169 -59.857707 -60.531545 -61.468467 
-11.880132 1.922297 1.260760 -1.438778 -0.891494 -13.042208 -26.410918 -23.815312 -28.829056 -39.673247 -38.640797 -42.496889 -46.474557 -51.975139 -56.069463 -52.477249 -55.999104 -55.339218 -49.542401 -48.691106 -54.512136 -57.799426 -60.097698 -59.513453 -60.907176 -62.740339 -60.841287 -61.201520 -60.760525 -58.565512 -62.441122 -61.669249 -64.494850 -63.258993 -60.637646 -61.379563 -60.057858 -60.166010 -66.023270 -66.979357 
-17.625276 -4.955617 -5.135467 -9.506197 -14.295015 -23.493779 -29.602411 -32.332349 -38.687617 -41.600502 -42.298525 -44.435535 -46.787630 -46.130808 -47.021321 -48.824364 -49.069758 -50.119349 -50.182518 -50.449649 -52.264434 -52.869779 -53.726115 -54.287203 -55.009333 -55.554693 -55.785974 -56.396493 -56.631607 -57.615258 -57.841372 -58.458326 -58.566006 -59.111252 -59.649671 -59.857228 -60.155942 -60.781325 -60.385063 -60.990082 
-21.724943 -19.675099 -21.297419 -29.513195 -31.426369 -30.535658 -35.467546 -36.376399 -35.717937 -37.917143 -38.418724 -39.501661 -40.155131 -41.102224 -41.389657 -41.587333 -41.815606 -42.035880 -43.032083 -44.997119 -48.617801 -54.003007 -51.969396 -46.061104 -42.747069 -41.205573 -41.076259 -42.310652 -45.288669 -51.433429 -61.983870 -56.476554 -54.581009 -58.211312 -67.014183 -63.728116 -63.407835 -65.595324 -64.386609 -62.269589 
-8.259914 -5.904885 -7.597972 -2.958990 -5.509921 -9.621464 -7.132693 -13.139886 -28.207938 -23.749276 -19.492411 -22.848162 -24.225170 -23.840066 -16.751159 -15.845949 -13.968295 -20.354420 -25.061646 -25.966570 -18.122213 -17.004503 -23.517570 -21.159938 -11.537097 -18.967237 -20.437854 -18.538892 -16.319399 -20.703853 -19.295523 -18.803647 -20.528446 -23.415693 -23.994096 -21.174160 -23.951145 -24.876477 -26.339415 -26.434670 
-4.213184 5.130690 13.761685 14.361056 5.947343 11.183325 12.934418 4.520460 -4.658223 -14.576393 -11.997540 -11.467119 -14.290752 -18.297539 -16.540385 -16.286944 -14.996760 -18.667202 -16.144494 -15.767329 -17.878997 -16.319804 -19.459238 -12.872264 -10.956033 -18.757394 -18.418456 -15.167417 -10.675865 -10.836830 -14.169656 -10.726637 -13.807026 -20.550792 -14.844783 -15.313616 -14.835179 -14.390811 -16.380156 -19.204226 
-12.099948 1.466315 17.178395 17.189710 1.341563 20.809321 24.626890 12.100871 6.197390 -1.407764 -0.221574 -7.252583 -8.488894 -15.080175 -12.699224 -15.886422 -15.058241 -9.027019 -2.108281 -3.793942 -13.725386 -17.050440 -16.179457 -10.416626 -13.352658 -23.240914 -24.085283 -21.675652 -17.812606 -14.846155 -20.051935 -15.094303 -19.658788 -25.340008 -19.906131 -24.085066 -22.498386 -23.569922 -25.989414 -26.473411 
-18.483513 -1.234952 16.353807 18.448891 4.528909 20.908584 25.973099 11.119957 12.814115 9.730955 5.098640 1.638842 -2.262629 -5.277224 -5.680620 -9.702747 -6.281272 0.484492 5.951874 -0.980985 -8.579434 -11.352009 -10.944963 -10.182423 -15.486974 -21.623981 -22.830587 -19.233750 -18.935462 -19.140241 -17.021707 -14.992050 -18.568581 -32.741025 -34.378965 -25.829597 -24.972336 -26.556164 -32.955055 -30.545814 
-14.137509 -6.711264 13.156581 18.266683 5.489806 16.671500 24.790957 12.152155 13.893716 17.672784 4.689325 7.625294 -3.338983 -1.498512 -2.831125 -1.896093 1.119329 5.924722 2.971778 -4.635681 -9.357553 -10.633269 -9.206243 -9.395044 -17.676693 -23.775180 -21.148376 -18.044444 -15.799682 -18.094117 -19.025072 -13.630725 -15.750873 -34.006434 -35.301725 -27.210208 -28.635760 -29.850587 -31.094520 -31.302054 
-21.495291 -13.415201 9.583626 17.337625 7.614749 11.287298 23.401192 15.436621 10.795096 22.106788 8.995784 10.165566 2.719335 7.360972 2.782800 5.938323 8.870928 5.498176 -1.624253 -6.766718 -11.243497 -12.685247 -7.051351 -9.651659 -17.266039 -22.475116 -20.724942 -17.060151 -13.009989 -15.906299 -18.275219 -12.402178 -18.043369 -32.439946 -32.123037 -24.806337 -25.425825 -28.496796 -32.787098 -32.523370 
-36.774081 -20.272180 3.808533 15.565892 8.807028 3.609584 19.461831 17.262937 4.234706 23.169078 15.007698 10.110419 9.911989 9.724355 12.041005 11.988117 6.894291 3.084335 -6.521916 -8.781312 -9.304256 -9.572952 -3.805630 -7.095500 -16.963711 -22.117981 -21.411294 -16.499747 -12.949109 -15.193080 -21.118785 -19.929220 -21.886318 -39.852516 -39.106006 -27.220615 -28.471988 -33.725169 -38.936008 -37.525169 
-18.659204 -18.151928 -2.158871 14.205670 9.696507 -7.496329 14.692186 18.046287 0.639353 21.692652 18.809352 5.706610 13.603711 10.413033 18.068412 6.860458 6.192556 -4.581862 -7.839283 -9.110033 -12.656702 -12.922927 -6.978015 -6.077749 -18.681806 -21.882810 -22.643537 -16.195277 -12.667837 -17.153894 -21.386904 -19.245502 -23.476122 -31.705217 -31.941403 -26.804728 -27.517307 -29.125090 -32.507102 -32.696133 
-21.247017 -18.963552 -0.627762 14.320889 10.023464 -13.085483 11.661715 17.445503 -3.968687 18.749086 19.528810 4.359639 14.980950 7.803904 20.246061 6.084511 3.008376 -7.288532 -8.660226 -10.197622 -14.718126 -14.587309 -10.454164 -7.363923 -17.329137 -23.452388 -24.015602 -20.225937 -17.884146 -24.683669 -24.834480 -22.483043 -25.272659 -32.917935 -32.567138 -27.844542 -28.540013 -30.566770 -33.461741 -34.452601 
-24.365748 -22.235140 -2.916082 13.667208 10.030189 -10.754472 11.167611 16.793691 -3.084445 17.563345 19.099900 4.679597 16.237449 7.701248 21.144266 7.465856 1.550418 -9.614000 -8.894635 -10.600165 -14.547144 -15.186923 -13.289667 -7.742445 -18.063656 -24.228296 -24.585140 -18.215161 -16.551790 -22.039136 -27.371770 -25.168373 -29.038460 -39.552679 -39.696037 -30.843354 -27.459396 -33.205518 -39.190038 -41.165290 
-15.427521 -15.991336 -1.795478 13.304935 9.588601 -12.096076 10.539607 15.925486 -4.024936 17.110433 17.746876 5.611396 17.171438 8.269765 22.024230 7.915824 1.018325 -8.420657 -9.766431 -11.908242 -16.400200 -17.646779 -16.868659 -12.041420 -17.968493 -22.560589 -24.511652 -20.224582 -18.487248 -24.583122 -27.129738 -23.736746 -28.355879 -39.931728 -39.040110 -26.365070 -27.281788 -32.991032 -39.637510 -41.166930 
-19.142794 -16.260179 0.057577 13.419366 8.922056 -11.015877 11.201844 14.585413 -3.756446 18.024322 16.187810 8.964771 17.326872 10.885883 22.206857 5.604215 -0.721178 -7.733689 -10.084587 -11.778173 -15.632304 -17.864451 -17.741075 -14.230021 -18.602764 -25.133841 -25.919460 -22.987886 -18.536619 -25.131374 -27.450600 -26.692798 -32.265868 -42.632067 -40.724416 -28.208682 -29.170112 -33.280328 -42.335136 -45.626015 
-22.655696 -28.884776 0.924330 13.221347 6.720072 -6.020677 12.676582 11.807919 -2.152886 19.010278 12.821128 13.272613 15.977865 15.716533 21.665920 4.708210 -1.059028 -6.136306 -12.315033 -13.595834 -15.946816 -18.396603 -16.599823 -13.989181 -15.635441 -21.590454 -23.248437 -19.162793 -15.711990 -21.118624 -25.332630 -27.674837 -35.110011 -45.879629 -42.470718 -32.489208 -31.807037 -34.192816 -41.784018 -43.589111 
-27.414719 -28.309834 2.570572 12.671243 4.019062 -2.280590 14.107444 9.606918 4.113596 19.167050 8.566559 18.040495 14.428394 19.402356 18.189788 7.862199 -0.652576 -4.572112 -12.586497 -15.812226 -17.698598 -17.685493 -14.606522 -12.000292 -17.525916 -21.719196 -23.844702 -19.300492 -16.164977 -21.898890 -28.779829 -26.193699 -32.526465 -46.564906 -43.334482 -36.931615 -31.701839 -35.455793 -40.225587 -42.862102 
-20.789839 -13.730456 5.828485 12.276044 0.490238 4.300841 15.451389 6.955484 12.028771 16.708674 10.789960 20.455379 12.325810 19.463806 14.095636 12.846960 1.393554 -5.089818 -10.180243 -13.974061 -16.331581 -14.281904 -14.328310 -15.411764 -22.293960 -23.592364 -24.839913 -20.637009 -17.279888 -20.658069 -28.014819 -29.345273 -31.390449 -34.768445 -34.571484 -31.829999 -30.990564 -33.700498 -35.189531 -35.851011 
-16.159193 -8.910964 9.141969 11.699896 -3.097687 9.636201 14.360999 5.868224 16.951467 10.418016 18.116212 18.543130 13.672821 13.434693 17.031065 12.875112 2.014839 -7.402862 -10.661134 -12.130808 -12.689007 -9.242884 -10.890328 -17.370702 -23.754824 -29.210824 -30.915349 -27.430471 -20.706247 -22.767008 -27.776150 -25.898800 -32.973159 -41.750062 -41.661271 -36.286855 -33.786757 -34.073835 -40.267437 -42.467932 
-25.943757 -3.328211 11.490161 11.169664 -0.043660 11.769176 9.309427 10.641924 18.596113 12.672360 20.853395 12.885623 12.670229 13.218192 15.784762 11.912962 1.695131 -5.286688 -9.139038 -10.844831 -11.726778 -9.048384 -14.023445 -21.381911 -27.047647 -30.354639 -30.202816 -26.842513 -19.938122 -22.027904 -27.174154 -24.932788 -34.142968 -43.106315 -44.899042 -37.063762 -33.153315 -35.219687 -45.705088 -48.728967 
-15.434200 1.650563 12.922082 9.764494 5.239436 10.578522 2.019647 14.625659 13.744217 17.498223 14.980826 15.142457 10.404511 12.770116 14.458890 12.915728 2.577984 -3.014088 -7.699606 -9.574354 -8.210711 -6.652115 -13.797169 -21.276188 -24.774298 -26.752593 -26.476337 -25.199940 -21.402448 -22.681654 -27.118864 -27.807433 -29.578753 -31.629125 -32.052918 -31.065599 -27.917798 -28.434719 -32.972399 -33.339785 
-17.962392 4.594739 12.768777 6.647566 9.843051 10.752595 6.281693 12.015355 11.946611 16.713553 14.751430 13.941034 7.835662 10.470135 12.931666 13.252513 4.229420 -3.188983 -7.842893 -8.339718 -6.078683 -8.988230 -21.686861 -29.405859 -31.792144 -33.688737 -33.675099 -28.543047 -23.607697 -24.582826 -28.011657 -28.737062 -35.840568 -46.248431 -44.817790 -32.319731 -31.093376 -34.695557 -41.558123 -42.500579 
-12.055588 7.092700 11.839287 5.957912 12.787491 9.389698 8.779039 7.051243 14.991052 11.592275 16.766314 10.141531 7.593042 9.692667 11.896817 12.825496 8.288271 -4.158784 -7.152112 -6.071914 -3.215936 -8.621317 -20.018727 -29.155019 -35.777991 -35.926070 -32.097403 -27.473386 -22.894450 -26.339314 -32.619000 -33.948268 -39.655496 -50.646195 -51.457062 -40.938451 -33.359264 -35.949694 -45.243662 -48.136608 
-8.760273 7.888469 9.847308 7.296866 12.114944 6.977082 8.848712 10.465008 15.038251 13.622231 12.891719 11.230961 7.449169 7.500146 9.129757 11.694159 6.567906 -1.688472 -5.493265 -3.611250 -2.800691 -13.460923 -23.452782 -28.969956 -32.459546 -34.534159 -34.974740 -30.663114 -23.489466 -23.985257 -30.409179 -31.882494 -38.439973 -45.514108 -44.780497 -34.979314 -29.947382 -31.822498 -39.227686 -40.793111 
-7.896021 7.575317 6.656386 8.628357 10.034133 5.271514 5.218878 11.347256 10.336560 12.056817 15.123657 9.254168 3.383290 3.082014 6.470019 10.724447 9.190172 -0.801808 -3.713513 -0.317895 -3.205157 -18.426475 -25.835454 -30.531128 -31.902257 -33.313521 -33.639215 -29.985861 -23.630776 -25.185000 -32.449231 -33.409016 -37.690637 -41.433786 -41.543273 -36.353499 -30.525491 -30.917470 -37.268770 -37.882164 
-3.251716 5.876180 0.998976 6.083192 5.818948 1.396582 1.559584 7.726196 11.090663 8.464430 11.952187 8.224996 -1.509091 -0.982806 1.374863 7.117116 8.312567 -1.014803 -3.950620 0.738275 -5.402642 -19.170544 -28.746933 -32.613592 -36.168969 -38.057733 -39.219188 -37.228991 -29.435423 -28.773708 -34.512775 -35.350879 -42.022567 -50.957691 -48.213670 -37.409568 -31.694295 -33.465597 -39.424228 -42.807449 
-3.280091 3.943034 2.270269 -0.188933 2.774592 -1.589620 0.247633 2.766772 7.330707 5.762921 5.461130 1.741933 -1.833260 -3.260902 -2.228025 -2.133297 0.154978 -1.083311 -6.042187 -10.697672 -18.636451 -28.608613 -34.161485 -35.229710 -38.309516 -41.280666 -41.222727 -40.645378 -31.974748 -30.456322 -34.837284 -39.362394 -43.003000 -47.332517 -47.223516 -43.376418 -38.567288 -39.381156 -41.627588 -44.211949 
-4.169340 6.090890 1.609454 3.640068 2.079549 0.622314 1.486158 6.646672 10.426945 8.796978 9.004742 4.322415 -2.352891 -0.809761 -0.087919 2.045846 6.904185 4.264361 -3.389913 -5.073753 -15.011310 -25.218736 -34.615628 -36.497893 -40.405407 -44.661250 -45.335153 -40.831434 -27.702117 -25.877894 -30.719095 -39.003153 -46.647611 -53.358326 -52.905623 -45.854959 -37.342479 -37.742237 -44.466956 -42.750461 
-5.338741 5.541868 1.065762 1.783206 -0.301019 -2.566490 -0.963444 4.858986 10.793110 6.322131 2.540480 0.232275 -9.021194 -6.974751 -7.385647 -4.755252 3.609099 3.757315 -3.923612 -3.341785 -13.662773 -24.495748 -32.894337 -35.949907 -36.532678 -37.983924 -38.651868 -39.266022 -35.435886 -35.430884 -39.556152 -38.311869 -41.797146 -43.266614 -43.759394 -43.721704 -39.410741 -38.615273 -42.186109 -42.606045 
-8.173612 4.590597 1.212634 1.203014 -1.451810 -0.689071 0.562710 3.166840 8.609398 0.537573 -1.892355 -4.710363 -12.466777 -12.641992 -11.899534 -11.429573 -6.405373 2.436516 -2.523125 -2.394775 -11.388152 -28.541907 -31.868853 -37.364020 -40.027055 -43.814185 -46.902349 -45.725592 -40.707755 -36.072114 -38.866789 -38.897014 -43.202811 -53.139940 -55.068914 -45.596431 -43.292105 -41.946852 -43.921939 -46.811509 
-6.754084 3.679474 -0.225367 0.526735 -1.542186 -0.011213 2.265533 5.867498 7.936692 -3.965534 -6.041091 -8.387407 -14.385756 -16.215747 -13.683619 -16.635261 -12.454738 -4.226767 -6.472017 -6.935337 -15.199232 -28.086947 -33.452625 -39.206602 -42.484291 -45.213183 -46.312002 -46.025544 -43.803444 -37.350045 -39.356151 -39.281592 -41.784288 -50.687907 -51.162927 -45.904848 -43.679892 -39.216180 -40.379624 -45.050439 
-9.639629 1.482354 -0.828763 -5.136916 -5.128001 -3.757303 3.352357 3.914931 0.017369 -10.887426 -14.413685 -15.282074 -21.818564 -22.311800 -23.925320 -22.829999 -16.381029 -15.506263 -10.384930 -12.653039 -19.026335 -30.814484 -40.921478 -42.870599 -45.546753 -46.923791 -47.461411 -47.396529 -46.356968 -40.966982 -43.538767 -41.405411 -47.432221 -52.218254 -52.880521 -50.413017 -45.766516 -43.793646 -41.971802 -44.320794 
-12.578443 -3.368952 -9.573179 -9.393746 -6.293898 -8.421691 -3.163715 -9.311080 -22.006089 -26.454198 -26.201172 -25.825376 -33.104616 -36.067020 -33.931174 -29.105132 -28.310162 -19.565898 -12.705128 -13.731680 -21.363745 -34.407838 -44.760055 -45.961979 -47.783532 -49.646799 -49.068949 -50.082621 -49.728090 -45.754997 -44.933561 -44.941077 -48.354774 -52.690587 -52.902605 -53.008191 -50.963558 -48.866044 -44.061744 -44.977499 
-13.969082 -7.829666 -10.332572 -13.829174 -24.008117 -21.003190 -17.395522 -22.107623 -31.073930 -37.538496 -34.900898 -35.389397 -38.530548 -38.884080 -41.599556 -38.737756 -37.779534 -30.087822 -20.397442 -24.005449 -30.770192 -37.924227 -46.363280 -56.107195 -60.098673 -61.160812 -57.034802 -58.569888 -59.059108 -55.061710 -50.519945 -51.216230 -55.014745 -61.431549 -62.617048 -59.327759 -57.894283 -56.051917 -49.881065 -51.484292 
-29.649077 -21.864276 -24.202037 -25.350098 -23.884812 -28.953236 -32.954356 -35.513436 -41.764248 -40.784652 -44.754438 -43.198449 -49.473603 -56.664405 -55.892546 -52.272775 -55.717322 -49.730146 -44.537997 -43.790191 -48.275650 -54.983036 -60.945725 -65.722162 -67.201588 -68.287255 -67.991569 -68.489365 -68.739064 -66.169207 -65.924813 -67.933046 -67.534547 -69.144744 -68.823858 -70.812239 -72.174256 -71.181556 -71.429341 -72.542778 
-33.861097 -28.649487 -30.250025 -33.743476 -36.943992 -36.731395 -34.710091 -36.911742 -45.255593 -52.772468 -50.498282 -50.141150 -61.322903 -63.985078 -62.599688 -64.759450 -64.585099 -62.612585 -62.421678 -66.235990 -71.230694 -70.741341 -74.809526 -75.985443 -76.997114 -77.275521 -78.932002 -75.875070 -71.556150 -71.733529 -74.409253 -76.846895 -75.035824 -74.993280 -76.101434 -75.978505 -78.185181 -77.377701 -77.509696 -79.872557 
-60.217644 -48.468572 -48.073499 -51.196749 -48.868382 -59.615681 -53.801718 -59.668748 -58.673607 -60.089764 -66.271333 -70.055823 -67.438840 -68.286220 -73.207048 -74.314071 -75.803759 -76.947803 -73.693952 -74.664043 -77.591522 -77.705286 -79.317268 -78.286791 -79.566233 -80.558337 -77.363238 -76.953121 -80.123471 -82.151254 -80.916952 -81.683184 -82.633489 -82.328681 -83.211754 -80.486002 -81.906321 -80.335295 -82.442152 -83.445075 
-60.271941 -59.003365 -60.862367 -61.800026 -60.875989 -66.002523 -68.736745 -71.714121 -71.469487 -70.825048 -72.876600 -74.854046 -79.752823 -81.795216 -80.871182 -79.782640 -83.049804 -86.689981 -83.660189 -80.586032 -81.240082 -82.760640 -85.756027 -88.072545 -88.648153 -90.153178 -86.957572 -86.740426 -84.648641 -87.558450 -82.718304 -84.206179 -85.024107 -83.114909 -82.259170 -84.366135 -83.339875 -82.525815 -86.780188 -87.608170 
-74.479391 -71.136962 -68.795154 -73.338042 -71.875335 -75.402033 -74.678819 -79.266675 -79.504005 -80.812779 -79.353989 -82.239115 -80.216100 -80.625480 -81.419072 -82.245886 -82.683689 -82.730817 -82.816843 -83.215067 -83.927619 -84.968737 -86.289910 -86.635566 -88.074236 -89.913140 -86.068275 -91.015659 -89.288315 -89.990804 -90.221442 -88.882494 -88.106766 -87.384886 -87.228041 -86.767411 -86.708463 -86.824756 -88.219330 -91.231333 
-63.739133 -63.641338 -66.028034 -65.516793 -66.243632 -66.827479 -68.596509 -74.198532 -76.606416 -82.148904 -78.449986 -78.642401 -82.378148 -76.933441 -77.007006 -81.092049 -80.701386 -81.555931 -81.652847 -80.620569 -80.927581 -79.951077 -86.257677 -83.970994 -84.470833 -88.690946 -80.753076 -81.926308 -84.441304 -87.028573 -84.799138 -83.976561 -82.604023 -84.536555 -83.286612 -83.174335 -83.597597 -82.815259 -83.817501 -88.929461 
-48.121945 -48.891222 -47.943770 -48.584263 -49.209095 -48.895526 -49.540598 -50.043343 -50.652160 -50.851463 -51.878843 -52.841321 -54.128605 -55.287946 -57.097596 -58.932222 -61.420850 -63.194875 -63.878441 -62.535535 -60.925941 -59.514234 -58.666654 -58.274366 -58.321497 -58.734658 -59.451537 -60.805040 -62.658495 -64.394480 -65.536933 -65.242073 -64.250836 -63.441264 -63.132721 -63.429606 -64.117412 -64.690141 -65.072720 -65.761241 
-18.009846 -16.065219 -17.035104 -18.227535 -20.560850 -21.598491 -20.179821 -25.050839 -24.636598 -28.262743 -33.709427 -37.106866 -35.864275 -30.445816 -29.635316 -34.571341 -32.749140 -40.323371 -37.157792 -26.816859 -18.518699 -17.614549 -21.696169 -27.851208 -35.336912 -33.760986 -36.627284 -38.131397 -42.247847 -36.760503 -40.487501 -42.191287 -43.745126 -46.408604 -44.095095 -47.498061 -44.440470 -43.940257 -41.697112 -46.124635 
-16.920456 -15.007033 -21.058217 -24.344015 -15.035791 -10.842887 -12.873104 -11.853721 -17.522220 -24.047811 -26.043282 -30.723016 -34.904401 -29.718071 -25.404526 -29.902996 -23.657324 -29.162967 -26.239739 -21.550341 -17.746413 -17.751363 -19.992812 -23.801140 -24.609559 -27.766542 -29.946987 -32.643065 -34.892321 -30.777379 -34.696656 -31.999546 -31.916442 -35.969860 -37.542639 -36.943165 -37.144230 -33.861205 -32.373985 -34.033815 
-21.986136 -21.351920 -23.485330 -19.466129 -21.009805 -15.160572 -11.501675 -9.984703 -20.241880 -29.986515 -26.925526 -26.362325 -36.346278 -31.792150 -29.437286 -30.107011 -26.062530 -31.801708 -24.899591 -24.000126 -17.029699 -21.428274 -23.234658 -21.903686 -25.405816 -30.049623 -36.283824 -38.542142 -37.027381 -32.489508 -32.604264 -33.460657 -35.126307 -37.300071 -38.941262 -36.998640 -38.217380 -39.492812 -41.173011 -41.642528 
-33.225828 -30.765103 -28.540921 -26.393803 -25.868616 -25.203648 -24.149619 -26.321213 -34.882768 -41.855830 -42.816929 -41.960441 -41.546448 -41.669828 -42.034509 -39.848158 -37.126182 -40.842833 -34.657045 -32.293079 -24.642217 -28.747701 -29.965125 -28.637964 -33.300541 -43.017857 -47.852850 -49.289351 -45.541721 -45.942740 -49.248023 -48.260532 -50.841471 -46.416287 -45.713741 -49.946972 -52.037191 -51.380111 -50.841303 -52.335823 
-84.593958 -83.732067 -82.962966 -78.271832 -76.625507 -78.070547 -77.482585 -77.892785 -82.375964 -84.116685 -92.263917 -101.616793 -92.029824 -97.499986 -92.721551 -88.445982 -85.107865 -86.282346 -88.388337 -85.389266 -81.424524 -79.947094 -81.641980 -89.804423 -89.030923 -85.966139 -88.499886 -87.556564 -86.959083 -86.725275 -89.506433 -87.522096 -98.482722 -93.985056 -91.112793 -89.958872 -96.681137 -97.120908 -100.243863 -104.571072 
NaN NaN NaN NaN NaN NaN NaN NaN NaN NaN NaN NaN NaN NaN NaN NaN NaN NaN NaN NaN NaN NaN NaN NaN NaN NaN NaN NaN NaN NaN NaN NaN NaN NaN NaN NaN NaN NaN NaN NaN 
NaN NaN NaN NaN NaN NaN NaN NaN NaN NaN NaN NaN NaN NaN NaN NaN NaN NaN NaN NaN NaN NaN NaN NaN NaN NaN NaN NaN NaN NaN NaN NaN NaN NaN NaN NaN NaN NaN NaN NaN 
NaN NaN NaN NaN NaN NaN NaN NaN NaN NaN NaN NaN NaN NaN NaN NaN NaN NaN NaN NaN NaN NaN NaN NaN NaN NaN NaN NaN NaN NaN NaN NaN NaN NaN NaN NaN NaN NaN NaN NaN 
NaN NaN NaN NaN NaN NaN NaN NaN NaN NaN NaN NaN NaN NaN NaN NaN NaN NaN NaN NaN NaN NaN NaN NaN NaN NaN NaN NaN NaN NaN NaN NaN NaN NaN NaN NaN NaN NaN NaN NaN 
NaN NaN NaN NaN NaN NaN NaN NaN NaN NaN NaN NaN NaN NaN NaN NaN NaN NaN NaN NaN NaN NaN NaN NaN NaN NaN NaN NaN NaN NaN NaN NaN NaN NaN NaN NaN NaN NaN NaN NaN 
NaN NaN NaN NaN NaN NaN NaN NaN NaN NaN NaN NaN NaN NaN NaN NaN NaN NaN NaN NaN NaN NaN NaN NaN NaN NaN NaN NaN NaN NaN NaN NaN NaN NaN NaN NaN NaN NaN NaN NaN 
NaN NaN NaN NaN NaN NaN NaN NaN NaN NaN NaN NaN NaN NaN NaN NaN NaN NaN NaN NaN NaN NaN NaN NaN NaN NaN NaN NaN NaN NaN NaN NaN NaN NaN NaN NaN NaN NaN NaN NaN 
NaN NaN NaN NaN NaN NaN NaN NaN NaN NaN NaN NaN NaN NaN NaN NaN NaN NaN NaN NaN NaN NaN NaN NaN NaN NaN NaN NaN NaN NaN NaN NaN NaN NaN NaN NaN NaN NaN NaN NaN 
NaN NaN NaN NaN NaN NaN NaN NaN NaN NaN NaN NaN NaN NaN NaN NaN NaN NaN NaN NaN NaN NaN NaN NaN NaN NaN NaN NaN NaN NaN NaN NaN NaN NaN NaN NaN NaN NaN NaN NaN 
