NaN NaN NaN NaN NaN NaN NaN NaN NaN NaN NaN NaN NaN NaN NaN NaN NaN NaN NaN NaN NaN NaN NaN NaN NaN NaN NaN NaN NaN NaN NaN NaN NaN NaN NaN NaN NaN NaN NaN NaN 
NaN NaN NaN NaN NaN NaN NaN NaN NaN NaN NaN NaN NaN NaN NaN NaN NaN NaN NaN NaN NaN NaN NaN NaN NaN NaN NaN NaN NaN NaN NaN NaN NaN NaN NaN NaN NaN NaN NaN NaN 
NaN NaN NaN NaN NaN NaN NaN NaN NaN NaN NaN NaN NaN NaN NaN NaN NaN NaN NaN NaN NaN NaN NaN NaN NaN NaN NaN NaN NaN NaN NaN NaN NaN NaN NaN NaN NaN NaN NaN NaN 
NaN NaN NaN NaN NaN NaN NaN NaN NaN NaN NaN NaN NaN NaN NaN NaN NaN NaN NaN NaN NaN NaN NaN NaN NaN NaN NaN NaN NaN NaN NaN NaN NaN NaN NaN NaN NaN NaN NaN NaN 
-35.216027 -39.818343 -36.589177 -31.975319 -33.282222 -41.717344 -54.404208 -59.553736 -61.428590 -61.062685 -62.456949 -64.060927 -65.375638 -65.552703 -64.143188 -68.495181 -67.700134 -67.727514 -71.500633 -71.929587 -69.075445 -70.739009 -71.066582 -72.316393 -69.652945 -71.722819 -73.216313 -72.292069 -72.978768 -72.939844 -72.760122 -75.559566 -77.260415 -75.272039 -76.365777 -75.525688 -73.755072 -77.956552 -77.723103 -78.906142 
-20.861592 -22.560068 -14.050992 -7.502814 -9.910602 -17.843303 -28.097029 -31.408303 -38.785010 -39.846948 -41.719248 -40.100192 -45.811816 -49.027912 -48.182014 -50.018869 -50.445162 -51.391900 -53.898166 -54.464176 -54.730504 -55.443682 -56.905643 -57.757873 -58.696786 -59.279083 -59.685791 -60.517022 -61.112877 -60.769507 -61.250665 -62.319762 -63.231367 -63.665530 -63.783891 -64.069165 -64.512129 -64.824606 -65.552816 -65.949135 
-22.590020 -14.751075 0.260999 10.381398 9.483271 -2.471564 -13.757886 -15.285016 -28.704369 -27.303011 -24.807986 -32.311000 -33.695438 -37.293001 -41.987182 -42.320046 -43.106699 -44.230744 -45.349717 -45.947670 -46.262352 -45.036396 -47.229798 -48.936338 -49.053553 -49.988476 -50.578092 -50.949863 -51.602866 -52.011039 -53.038531 -52.965405 -54.240395 -54.378331 -54.921382 -54.887508 -55.484081 -55.620380 -55.701923 -55.521135 
-18.139683 -24.692784 -0.087344 12.945121 10.977772 -6.118418 -15.269616 -14.728377 -18.597726 -18.701473 -21.322976 -29.389796 -31.786589 -43.288224 -43.495392 -47.727019 -48.866030 -51.231360 -50.234931 -50.045279 -49.779706 -46.626037 -46.927775 -53.590258 -53.828125 -52.816301 -53.139602 -51.784498 -54.673416 -54.576254 -56.758362 -57.293651 -56.946805 -57.364798 -58.394047 -57.477469 -59.059823 -57.667381 -56.674411 -58.408495 
-13.129420 -18.505111 -4.481108 4.166102 2.262848 -11.305710 -20.125880 -27.157073 -36.084496 -36.733868 -34.449187 -35.472078 -42.005192 -42.600544 -44.267612 -45.217505 -46.299386 -47.101362 -47.625732 -48.536743 -49.956692 -50.353714 -49.902717 -51.882139 -52.523062 -52.722262 -53.021615 -54.357552 -55.103700 -55.915160 -56.218029 -56.038966 -56.632685 -56.831636 -57.504125 -57.785130 -57.615092 -58.079166 -58.129334 -58.286922 
-13.867521 -26.594047 -17.208216 -10.729533 -9.921380 -20.042664 -27.651774 -28.837613 -29.184807 -29.537668 -28.468770 -28.237160 -28.749833 -30.585057 -32.774182 -33.498272 -31.806211 -30.434268 -30.600997 -32.848285 -37.914023 -42.116589 -38.427460 -36.405201 -36.263381 -36.955101 -39.770397 -41.475168 -37.328161 -37.845102 -42.924971 -41.714877 -44.704570 -40.881747 -40.356331 -44.607870 -42.255978 -42.514165 -41.389269 -42.556038 
-0.268778 -0.115331 -3.755399 -6.006026 -3.618584 -10.005174 -5.461860 -2.354844 -6.253422 -10.305004 -9.332881 -10.543792 -12.572862 -13.641859 -12.966872 -11.292810 -12.271086 -12.591232 -12.022273 -13.694486 -16.778132 -22.627590 -20.734661 -15.720573 -15.589368 -17.101316 -20.518328 -18.525350 -16.718312 -19.709097 -21.306733 -21.508241 -17.716286 -15.973343 -12.607892 -16.766076 -14.058390 -11.930515 -14.182678 -15.413014 
-1.267805 -4.156735 -6.575347 -7.046629 9.291031 15.936311 12.279655 0.872636 -9.307273 -6.191278 -6.853273 -18.884832 -21.850086 -17.654471 -21.431221 -19.324851 -19.348392 -23.458919 -21.220584 -23.776398 -24.520843 -25.231242 -19.171346 -18.582048 -20.607662 -23.576467 -21.963273 -18.674071 -23.559003 -26.344480 -23.741943 -18.273936 -19.215314 -16.707128 -14.857222 -13.375355 -14.257736 -13.626812 -16.327281 -18.752455 
-11.254756 -12.506524 -17.760247 -4.761643 14.382312 23.158308 15.580888 4.907065 -2.249013 8.611989 6.017726 -20.404404 -10.915311 -4.860000 -20.385652 -10.106513 -6.656149 -21.018045 -9.119649 -18.379976 -12.115773 -16.510628 -4.402238 -8.105388 -6.844159 -11.811431 -7.446283 -5.891478 -15.665978 -21.622757 -19.784472 -15.075122 -20.480453 -31.169812 -29.974498 -26.671057 -34.363893 -33.458740 -28.417237 -25.702781 
-20.018390 -19.818488 -20.088378 -15.260655 10.840664 22.880029 14.029914 -9.245134 -10.262550 11.323044 11.142431 -17.880972 -12.615046 -1.102861 -18.188130 -10.851600 -2.927429 -22.626450 -5.591841 -14.329089 -11.525188 -14.780338 -1.014442 -6.729909 -2.040217 -9.752554 -5.582162 -1.293561 -16.864848 -19.589683 -17.669501 -12.750350 -17.480360 -31.356820 -32.595688 -29.686785 -44.881690 -37.602109 -24.354611 -20.924370 
-24.435782 -22.187796 -26.900134 -22.120672 7.639470 22.397593 15.584510 -15.962470 -14.480431 10.461574 13.867331 -11.174479 -14.008775 0.147349 -12.324372 -14.748883 -1.203171 -17.357553 -6.153447 -8.324230 -12.371905 -10.851642 -2.570863 -3.502945 0.377129 -6.965264 -4.889366 0.452535 -14.730032 -19.077926 -15.672146 -12.715419 -16.425748 -28.229199 -28.490215 -28.408088 -39.434276 -35.626599 -21.377761 -19.308392 
-17.445167 -19.722496 -19.178897 -19.659276 5.737966 22.597734 17.655318 -11.635119 -17.183407 5.877524 15.558942 -4.258342 -19.337219 -1.687154 -7.335222 -23.163850 -2.173075 -11.245452 -10.449985 -4.982539 -18.022411 -8.115415 -7.122507 0.572087 -2.564451 -5.486209 -4.449677 -3.061497 -11.064966 -18.903975 -15.527277 -12.215202 -17.865586 -28.123956 -29.874716 -27.804017 -38.922844 -34.069320 -20.065561 -17.460365 
-25.917543 -23.715627 -25.556373 -22.487390 4.714203 22.228661 18.049069 -9.732194 -14.480516 4.981515 16.533875 -2.471065 -25.685782 -1.775094 -5.636620 -28.620173 -3.958988 -9.723825 -14.314439 -4.089681 -22.120942 -8.070968 -9.073771 1.699703 -4.211532 -4.666832 -4.647475 -8.325709 -12.224730 -21.486343 -17.867723 -13.876771 -20.890659 -30.643848 -31.724655 -30.665701 -41.384665 -36.243472 -21.519660 -19.165775 
-17.021813 -14.683626 -15.006062 -14.651851 4.898350 21.641843 16.356901 -14.340178 -20.771758 10.411572 17.301517 -5.107385 -17.885003 0.300351 -6.714850 -20.662450 -2.387431 -12.171122 -9.798009 -5.162111 -17.664066 -9.172454 -7.510507 -0.734369 -0.219628 -3.654889 -4.556104 -5.617355 -11.462907 -20.683537 -17.771525 -14.295435 -19.602232 -29.459101 -32.022013 -28.999783 -43.516572 -38.239213 -24.112448 -21.271959 
-21.210056 -19.237695 -22.183712 -19.567634 6.848661 21.403454 14.413716 -15.227624 -18.174821 14.505634 17.588049 -8.619001 -16.809557 2.009227 -8.337392 -16.928331 -0.949125 -17.148981 -7.653721 -8.327762 -15.241693 -12.102629 -7.520406 -6.368769 1.664324 -6.394109 -6.874438 -1.749941 -14.292000 -20.684810 -18.563146 -16.276023 -19.382586 -30.478247 -35.613314 -33.208871 -41.603513 -39.518209 -26.666179 -23.122840 
-29.371711 -32.570915 -30.785454 -15.902576 8.682696 20.878457 12.460968 -22.544735 -10.678545 16.891418 16.559895 -15.052600 -10.125086 2.769091 -13.613738 -10.259334 -0.743982 -19.774699 -5.014838 -12.104267 -11.769981 -14.783881 -6.152737 -6.584617 3.906625 -5.894796 -5.545679 -0.368831 -11.800031 -18.567913 -17.508955 -14.754639 -17.945423 -30.029674 -33.701317 -32.657487 -42.896882 -37.700684 -24.807431 -22.504365 
-28.690267 -25.187911 -27.089235 -13.409613 11.271460 19.738497 7.723261 -18.125485 -0.548923 20.958221 15.066814 -16.259136 -1.827591 2.739236 -17.923551 -3.729916 -3.813610 -16.161838 -4.544071 -16.576285 -8.996171 -15.887760 -5.401479 0.306703 2.799039 -4.171662 -4.623479 -3.067371 -8.478555 -17.548808 -17.061789 -13.637102 -18.320294 -29.504255 -33.773187 -31.593028 -42.267652 -37.972221 -24.077090 -21.942325 
-14.904294 -20.084995 -20.229822 -7.846155 14.416994 17.650369 1.200648 -21.184202 10.484121 23.423934 11.015525 -13.867182 5.068128 0.493928 -12.652205 -0.240704 -9.474955 -8.257568 -9.285205 -9.644339 -9.454678 -8.282248 -7.050229 4.174368 0.670634 -2.076118 -3.262446 -0.673228 -7.539696 -16.441659 -15.723980 -12.999542 -16.764212 -27.250159 -32.908089 -31.795242 -37.320126 -36.162006 -24.419902 -22.075324 
-20.575245 -32.317281 -27.036412 1.871308 17.952993 15.863167 -5.033194 -5.043696 18.342154 21.519766 3.985511 2.243302 8.288686 -6.078907 -3.903318 -2.240855 -9.922068 -5.346355 -10.365477 -4.350415 -9.024747 -6.590399 -2.160330 2.385381 4.203930 -1.487263 -1.724287 0.611060 -7.055866 -16.057793 -14.688943 -11.663467 -16.016541 -26.417614 -31.476182 -30.357054 -44.909881 -40.624410 -24.438003 -22.292645 
-18.069574 -21.715083 -15.408298 9.270658 20.680170 14.683448 -6.542437 9.424947 20.531335 10.514454 -0.499994 10.383580 3.872713 -6.736315 -2.412570 -10.533718 -3.708970 -9.507761 -5.497366 -8.188619 -7.551584 -4.898839 -0.656769 5.873235 2.356743 -2.125608 -0.618850 2.105769 -6.475699 -15.932335 -14.545385 -9.852299 -15.615370 -25.737548 -30.193580 -30.450882 -43.487993 -39.434059 -25.688761 -24.167065 
-19.784043 -20.005053 -4.884188 15.417181 19.569473 6.079115 3.783028 19.074134 18.500903 5.040807 13.040652 9.494412 -4.393843 -1.300456 -7.736270 -3.196752 -6.595246 -7.354212 -8.788725 -6.182430 -7.067402 -4.972386 -1.105728 3.838795 3.368730 -0.489818 1.193215 2.381141 -6.787684 -14.763469 -11.801779 -8.117074 -15.067702 -25.279165 -32.474332 -32.679949 -48.609335 -43.131819 -25.135395 -23.284355 
-15.869735 -18.913577 2.221275 18.207994 15.383889 -0.764931 13.188084 19.999781 9.571213 13.952910 13.579905 2.736960 0.275895 -7.434241 -4.022213 -8.498831 -6.153532 -9.775022 -9.487648 -7.186363 -8.299653 -6.296329 -2.958278 3.649320 5.134734 0.934051 1.501580 2.275440 -7.171210 -13.942531 -11.199420 -7.596989 -15.311760 -26.503802 -32.594454 -32.077311 -45.601657 -41.518100 -25.281965 -23.845250 
-24.381052 -19.790386 6.959879 17.416514 10.993832 0.312049 15.240030 11.472588 7.352276 18.838780 9.292625 0.006218 -3.988133 -8.749118 -9.310204 -7.777480 -11.331162 -10.939789 -11.754491 -10.730849 -10.064120 -8.358385 -4.394189 2.827226 2.392386 -1.051972 0.267623 1.275226 -7.422198 -14.407765 -10.549764 -6.914714 -15.187855 -24.660118 -29.823092 -31.219315 -47.671468 -43.150867 -28.949394 -28.199921 
-21.187408 -14.377755 9.148139 14.543067 -1.705282 6.272336 15.577598 6.056653 15.028690 17.799368 -0.859683 -3.752222 -13.301718 -7.803885 -12.471409 -10.776472 -11.222488 -15.004545 -14.233960 -11.955819 -13.255408 -11.152081 -5.123641 0.784055 -0.860728 -5.422656 -1.704889 -0.364437 -9.611363 -15.560112 -12.058931 -9.338752 -16.739459 -25.149566 -28.173260 -29.496247 -43.461007 -43.743378 -27.573796 -26.837850 
-25.578525 -11.346324 10.368622 15.249016 4.938211 9.432066 13.861711 2.381493 16.558466 11.148038 -7.455405 -7.036594 -12.351905 -11.119458 -13.526540 -14.455621 -11.746384 -14.992523 -15.962168 -13.990251 -14.066921 -12.875905 -6.518341 -0.742206 -6.029490 -9.328849 -4.446154 -2.510550 -12.514708 -18.183757 -15.109590 -12.753622 -19.870264 -28.135962 -29.829095 -30.093763 -40.125949 -39.815668 -27.352397 -28.317215 
-23.064237 -8.538139 10.224776 12.838656 0.044822 10.593625 12.921018 4.112568 16.538989 6.786910 -5.446444 -8.810098 -13.743553 -18.403587 -15.312678 -17.989440 -17.845307 -18.662286 -20.053143 -19.704971 -18.798794 -16.083611 -8.521119 -5.145708 -11.897545 -13.030713 -8.449786 -5.011500 -15.876614 -20.949248 -17.689072 -15.490311 -22.032185 -30.332026 -31.947322 -32.800045 -47.011010 -46.719926 -27.354297 -28.684298 
-18.570314 -7.271544 10.758000 12.624655 -0.485175 10.316296 10.263102 1.587260 13.107628 2.083081 -0.763940 -5.967942 -15.717847 -20.188239 -21.793388 -23.857231 -21.734292 -23.446861 -24.636430 -21.803063 -19.599532 -13.553134 -7.412441 -10.430388 -15.773086 -15.720894 -11.944200 -10.958437 -20.139907 -28.464332 -23.738285 -19.038972 -25.062246 -32.100507 -33.975027 -35.276958 -42.685761 -43.077607 -34.257158 -34.292804 
-25.596275 -7.177803 11.091846 14.445418 2.123118 5.626919 6.856704 -2.846098 4.434250 -1.483981 -2.843977 -6.114798 -18.822090 -20.028527 -22.648067 -23.902410 -21.895337 -26.751633 -27.073085 -29.596730 -27.111065 -21.982122 -15.578112 -22.224513 -28.723295 -27.405728 -19.049699 -18.577046 -27.692144 -33.776166 -32.702792 -30.655103 -37.782759 -41.839936 -37.784365 -39.508360 -46.930004 -47.150955 -41.749018 -40.652614 
-21.170014 -4.701188 10.027460 10.876311 -2.291451 -3.968910 -7.212429 -6.037456 -6.861920 -19.228751 -12.383293 -16.787332 -23.328726 -30.413907 -31.203975 -32.835911 -29.614805 -31.766342 -31.817442 -33.992070 -32.018963 -26.380869 -21.518004 -27.829124 -30.528436 -29.220550 -28.131629 -24.377437 -29.119044 -33.026247 -28.210454 -25.613209 -32.451265 -31.686517 -28.568340 -30.840607 -35.908184 -39.273342 -36.226254 -40.800865 
-18.535647 -6.874053 2.070588 0.657647 -10.878377 -13.339940 -14.441277 -21.421995 -14.911370 -20.362870 -18.084958 -20.105530 -25.239621 -29.409329 -30.563771 -26.894937 -24.532072 -25.736589 -23.643309 -24.559096 -23.023393 -18.314648 -20.100293 -24.229453 -24.438515 -23.963276 -24.295182 -19.309810 -23.461454 -19.516241 -15.893069 -10.837315 -20.463503 -15.631865 -14.129382 -13.920229 -18.295973 -22.899139 -24.223879 -25.641779 
-14.142489 -10.425540 -6.511020 -10.258062 -17.315518 -20.481184 -17.680407 -18.488443 -23.182265 -27.193907 -27.312794 -25.610837 -21.692313 -21.746923 -29.707152 -30.629168 -24.196564 -27.295599 -25.805435 -22.783016 -20.756105 -18.169007 -20.754623 -25.225704 -28.140267 -25.377781 -18.140796 -11.138223 -14.193581 -11.382865 -11.195045 -8.726480 -11.613752 -11.702803 -13.103021 -13.176184 -14.186357 -16.908131 -17.353060 -19.054047 
-15.997146 -14.457238 -7.610024 -11.051890 -20.013147 -21.377846 -27.903209 -36.727892 -32.355974 -28.260243 -29.064925 -27.483212 -28.967863 -28.713117 -28.873616 -25.379919 -24.644834 -28.651546 -26.282894 -26.303139 -26.596293 -22.922336 -17.913817 -20.969137 -22.811571 -20.640268 -17.728330 -13.909607 -10.463831 -10.631532 -5.649289 -3.860514 -7.336049 -11.035298 -11.290237 -15.691387 -14.144570 -14.150011 -14.069697 -16.200465 
-24.209415 -21.810611 -13.920969 -4.789692 -9.268925 -24.276188 -30.934472 -37.170126 -28.439727 -22.525269 -25.704837 -27.054329 -24.933856 -28.195699 -25.295930 -26.805082 -22.385414 -28.742020 -28.483796 -29.845052 -26.204568 -24.841074 -23.547856 -23.184493 -22.255061 -20.463638 -15.668823 -13.072139 -10.280419 -11.607598 -5.101085 -2.118562 -9.425954 -10.530816 -7.836525 -9.106546 -11.481061 -9.869666 -9.902260 -12.613072 
-17.927186 -22.378246 -15.743456 -5.881188 -11.049314 -20.928490 -25.299439 -25.744652 -30.418581 -33.376317 -35.383098 -36.941331 -31.304846 -30.966477 -29.628229 -36.180886 -30.052714 -32.922344 -31.123799 -30.227789 -26.757994 -25.723636 -21.390458 -21.627859 -18.362145 -17.304806 -11.751485 -12.678791 -9.506419 -8.860732 -2.584061 -1.638751 -8.770195 -6.766171 -6.082810 -6.586479 -8.497760 -8.240146 -10.646139 -10.263218 
-22.181679 -24.992389 -14.003666 -8.876635 -21.036880 -26.316776 -31.811596 -20.582315 -21.386437 -31.317075 -31.482196 -27.927986 -33.526688 -32.985593 -28.264329 -27.440193 -24.187953 -25.858150 -29.730862 -26.745756 -24.765309 -21.181380 -23.281284 -25.422872 -23.564971 -16.740426 -12.359452 -8.946557 -6.633928 -1.498855 -0.308743 -0.845769 -7.631323 -5.594170 -2.561760 -2.373919 -4.364800 -7.146768 -7.506080 -10.342848 
-24.934463 -21.648235 -17.375974 -10.341321 -15.004183 -29.056079 -28.786657 -23.173405 -32.934278 -38.947428 -32.020337 -26.948086 -29.979893 -24.380285 -28.848231 -25.504593 -20.343740 -21.449922 -23.538098 -25.320028 -27.840975 -20.593350 -17.745430 -20.174543 -19.960605 -17.019361 -12.058336 -9.386634 -6.659256 -4.919357 -0.482204 -0.804451 -3.990710 -3.625636 -5.961588 -6.862035 -11.577196 -10.755016 -10.785457 -9.988582 
-18.563772 -22.482059 -17.630080 -12.043731 -16.705641 -29.066922 -35.565899 -34.070563 -32.350604 -31.003450 -28.370098 -31.131273 -31.399607 -25.702290 -27.377387 -28.758453 -27.897379 -24.849848 -28.938425 -24.588215 -24.148884 -21.799871 -18.054385 -18.591344 -17.743650 -21.045775 -14.994351 -8.972312 -7.349363 -4.441705 -1.283729 0.938205 -3.078027 -5.345152 -4.804220 -5.747475 -9.100032 -7.603473 -7.438992 -11.782794 
-18.683285 -23.169167 -16.249117 -17.069469 -29.149821 -37.887014 -35.228132 -30.403454 -32.775296 -25.915615 -29.366484 -33.378958 -32.179943 -32.976701 -26.165095 -22.408583 -23.219296 -25.203486 -24.479387 -26.843224 -25.753559 -22.808514 -18.478037 -19.167990 -16.779779 -15.621375 -13.371146 -8.057263 -10.364100 -4.830361 -1.923125 -3.969202 -4.752358 -3.212355 -2.294799 -8.822094 -11.042095 -10.078360 -9.357103 -11.904917 
-30.736287 -26.311596 -26.424628 -20.130739 -29.951698 -34.976050 -30.907873 -34.540753 -33.297838 -29.981809 -30.300955 -29.455868 -25.449179 -24.737492 -20.840959 -24.424414 -28.906629 -23.294962 -22.805035 -24.261686 -28.062502 -26.133282 -20.475718 -19.662466 -23.558103 -20.290288 -11.985788 -10.929686 -9.092360 -4.672965 -0.413917 1.248134 -6.160697 -5.840091 -4.230904 -7.220163 -8.785814 -10.295445 -12.106340 -13.076478 
-24.808802 -27.535169 -28.754136 -20.778656 -22.324000 -37.001136 -36.168313 -36.119644 -30.737260 -26.632027 -26.972935 -30.944461 -29.448644 -28.411885 -29.306803 -26.994753 -30.022117 -29.474893 -22.888098 -28.110504 -30.548994 -29.883695 -25.683032 -21.142413 -20.679851 -19.799108 -16.472549 -12.951871 -10.395715 -1.626252 -1.545466 -3.622207 -8.923702 -8.972771 -6.596332 -10.723570 -8.909450 -10.860811 -11.403043 -13.215072 
-19.518318 -26.030022 -30.571243 -26.544693 -23.544837 -38.361721 -38.510591 -30.483369 -30.052547 -26.055533 -31.151041 -26.209954 -29.779321 -28.677099 -28.153919 -29.207136 -21.339889 -21.548579 -24.518481 -26.519875 -26.465819 -25.719525 -20.742627 -18.465923 -14.925943 -14.381568 -9.795979 -7.410823 -7.150713 -4.064601 -0.036917 0.275391 -9.048441 -9.423386 -7.304103 -6.629124 -10.243711 -9.767338 -9.410901 -12.547534 
-18.215366 -21.724657 -26.449063 -22.086309 -26.947866 -29.697465 -28.643609 -24.647396 -24.828245 -37.400181 -35.256899 -30.467349 -35.731659 -35.951725 -28.498082 -27.576687 -20.608900 -24.766192 -27.627851 -33.591288 -30.666378 -23.585962 -23.329011 -19.562765 -13.761238 -18.509905 -14.990856 -11.967107 -7.247660 -6.755176 -3.134754 -2.004400 -7.323518 -9.279013 -7.630908 -6.796079 -9.567345 -10.415334 -11.646481 -14.806250 
-18.411970 -22.059491 -32.747974 -26.828619 -29.773173 -30.723443 -25.764537 -23.835475 -23.223200 -29.199370 -30.993973 -27.208226 -34.995689 -31.219627 -34.222750 -28.260703 -27.261670 -27.978422 -32.208484 -31.088134 -29.836098 -25.341293 -22.209076 -19.415888 -15.819241 -20.463015 -17.991579 -12.253884 -9.137665 -5.084727 -4.291004 -0.775488 -6.101364 -9.698048 -6.416927 -11.202947 -11.451555 -11.506414 -13.053555 -15.332422 
-20.331337 -20.937055 -25.025321 -22.547372 -27.481855 -37.932379 -40.025879 -24.860060 -23.451423 -24.280459 -25.414048 -27.294602 -30.420080 -29.800866 -33.405279 -22.619399 -26.896275 -25.950167 -25.403776 -25.699654 -25.393548 -24.266978 -21.921560 -21.325109 -17.913972 -20.125010 -19.442497 -12.730878 -12.037215 -9.525161 -2.753571 -2.025299 -8.931501 -10.340914 -10.655932 -10.159589 -14.377211 -15.206183 -14.376602 -18.326704 
-25.445113 -25.830257 -26.037805 -27.880066 -35.894565 -36.411283 -33.282353 -26.237207 -23.287672 -29.537860 -32.630988 -31.077982 -34.645764 -42.009831 -37.293093 -31.088694 -29.791184 -27.770273 -25.954404 -24.922030 -24.516496 -25.280097 -26.063240 -27.538497 -28.186534 -28.311884 -29.301536 -17.810526 -19.119283 -18.962120 -12.100144 -10.476362 -19.161241 -19.285137 -18.551267 -19.468701 -22.919314 -24.920562 -21.550930 -25.446552 
-54.028656 -54.239644 -54.682129 -54.739410 -54.307903 -54.705814 -54.630672 -54.317112 -53.937175 -53.874582 -54.394905 -54.490185 -55.059512 -55.941697 -57.016498 -58.982521 -61.043063 -62.705016 -62.484473 -58.760520 -55.709284 -53.462653 -52.147594 -52.557877 -53.845004 -57.161881 -56.832580 -54.722391 -54.460332 -51.331338 -46.025760 -42.388999 -41.974018 -43.995338 -47.999938 -49.989786 -50.294174 -52.196733 -53.761878 -56.554151 
-64.056291 -66.176419 -71.346636 -77.109694 -79.256311 -77.284641 -74.287476 -66.403170 -70.554117 -80.155331 -77.040037 -78.112831 -84.895314 -75.660446 -79.481333 -76.024716 -78.631430 -77.090583 -75.832805 -75.223622 -78.047670 -77.551025 -69.524741 -76.431139 -85.136284 -85.728093 -78.815251 -70.400033 -70.370645 -73.294007 -69.427364 -71.043145 -77.598259 -76.752821 -76.317485 -79.037249 -83.656968 -82.623328 -80.996868 -83.811702 
-87.964575 -89.375493 -92.082340 -97.926501 -101.936166 -94.772920 -91.236054 -90.157631 -91.357355 -95.419125 -101.708628 -99.405425 -98.099273 -103.772259 -105.133822 -99.436739 -103.196662 -101.151161 -95.034561 -97.249550 -103.249709 -96.731577 -98.071867 -106.443441 -106.837329 -115.245039 -106.797769 -99.716075 -99.488372 -96.853385 -99.206961 -98.497411 -96.358267 -95.188603 -95.662578 -99.255347 -105.329315 -101.897743 -100.132912 -104.348565 
NaN NaN NaN NaN NaN NaN NaN NaN NaN NaN NaN NaN NaN NaN NaN NaN NaN NaN NaN NaN NaN NaN NaN NaN NaN NaN NaN NaN NaN NaN NaN NaN NaN NaN NaN NaN NaN NaN NaN NaN 
NaN NaN NaN NaN NaN NaN NaN NaN NaN NaN NaN NaN NaN NaN NaN NaN NaN NaN NaN NaN NaN NaN NaN NaN NaN NaN NaN NaN NaN NaN NaN NaN NaN NaN NaN NaN NaN NaN NaN NaN 
NaN NaN NaN NaN NaN NaN NaN NaN NaN NaN NaN NaN NaN NaN NaN NaN NaN NaN NaN NaN NaN NaN NaN NaN NaN NaN NaN NaN NaN NaN NaN NaN NaN NaN NaN NaN NaN NaN NaN NaN 
NaN NaN NaN NaN NaN NaN NaN NaN NaN NaN NaN NaN NaN NaN NaN NaN NaN NaN NaN NaN NaN NaN NaN NaN NaN NaN NaN NaN NaN NaN NaN NaN NaN NaN NaN NaN NaN NaN NaN NaN 
NaN NaN NaN NaN NaN NaN NaN NaN NaN NaN NaN NaN NaN NaN NaN NaN NaN NaN NaN NaN NaN NaN NaN NaN NaN NaN NaN NaN NaN NaN NaN NaN NaN NaN NaN NaN NaN NaN NaN NaN 
NaN NaN NaN NaN NaN NaN NaN NaN NaN NaN NaN NaN NaN NaN NaN NaN NaN NaN NaN NaN NaN NaN NaN NaN NaN NaN NaN NaN NaN NaN NaN NaN NaN NaN NaN NaN NaN NaN NaN NaN 
NaN NaN NaN NaN NaN NaN NaN NaN NaN NaN NaN NaN NaN NaN NaN NaN NaN NaN NaN NaN NaN NaN NaN NaN NaN NaN NaN NaN NaN NaN NaN NaN NaN NaN NaN NaN NaN NaN NaN NaN 
