NaN NaN NaN NaN NaN NaN NaN NaN NaN NaN NaN NaN NaN NaN NaN NaN NaN NaN NaN NaN NaN NaN NaN NaN NaN NaN NaN NaN NaN NaN NaN NaN NaN NaN NaN NaN NaN NaN NaN NaN 
NaN NaN NaN NaN NaN NaN NaN NaN NaN NaN NaN NaN NaN NaN NaN NaN NaN NaN NaN NaN NaN NaN NaN NaN NaN NaN NaN NaN NaN NaN NaN NaN NaN NaN NaN NaN NaN NaN NaN NaN 
NaN NaN NaN NaN NaN NaN NaN NaN NaN NaN NaN NaN NaN NaN NaN NaN NaN NaN NaN NaN NaN NaN NaN NaN NaN NaN NaN NaN NaN NaN NaN NaN NaN NaN NaN NaN NaN NaN NaN NaN 
NaN NaN NaN NaN NaN NaN NaN NaN NaN NaN NaN NaN NaN NaN NaN NaN NaN NaN NaN NaN NaN NaN NaN NaN NaN NaN NaN NaN NaN NaN NaN NaN NaN NaN NaN NaN NaN NaN NaN NaN 
NaN NaN NaN NaN NaN NaN NaN NaN NaN NaN NaN NaN NaN NaN NaN NaN NaN NaN NaN NaN NaN NaN NaN NaN NaN NaN NaN NaN NaN NaN NaN NaN NaN NaN NaN NaN NaN NaN NaN NaN 
NaN NaN NaN NaN NaN NaN NaN NaN NaN NaN NaN NaN NaN NaN NaN NaN NaN NaN NaN NaN NaN NaN NaN NaN NaN NaN NaN NaN NaN NaN NaN NaN NaN NaN NaN NaN NaN NaN NaN NaN 
-92.477803 -92.481937 -92.488818 -92.500438 -92.516201 -92.538345 -92.565463 -92.600349 -92.646888 -92.702607 -92.770716 -92.855568 -92.955550 -93.077169 -93.223246 -93.394311 -93.600398 -93.841773 -94.126674 -94.459634 -94.851649 -95.314945 -95.851709 -96.486863 -97.236863 -98.116118 -99.144461 -100.326266 -101.658440 -103.059990 -104.314681 -105.047094 -105.010282 -104.367686 -103.522905 -102.810784 -102.391284 -102.297819 -102.572703 -103.227091 
-33.134870 -37.414076 -48.434135 -48.421825 -44.571757 -46.810800 -54.157125 -55.881414 -52.999557 -58.826493 -64.473853 -61.407388 -68.002122 -65.857812 -64.945586 -72.889198 -73.323598 -78.372830 -76.253886 -75.849184 -77.026863 -78.436239 -75.580743 -73.909962 -79.646535 -84.760881 -80.384547 -83.028550 -77.523948 -83.199747 -78.014501 -81.162514 -79.560557 -79.002476 -80.818597 -80.390641 -82.845898 -80.097063 -82.177033 -79.965496 
-23.991384 -28.085844 -35.912488 -32.337111 -31.224976 -36.707445 -38.997485 -41.129279 -41.783901 -42.897422 -45.772273 -46.955399 -48.243573 -49.294271 -49.838609 -50.707391 -52.517367 -52.728329 -53.506531 -54.605889 -55.356159 -56.218809 -56.638028 -57.037610 -57.501988 -58.273302 -58.729319 -59.498551 -59.951929 -60.766496 -61.337144 -61.435835 -61.703412 -62.193619 -62.654100 -63.183378 -63.556109 -63.814262 -64.037645 -64.227784 
-19.998420 -12.702783 -1.421563 4.030979 1.981054 -7.374114 -11.599091 -12.052561 -19.373101 -25.081721 -27.727912 -32.125914 -31.871098 -35.990121 -38.440311 -38.753193 -39.245600 -40.840975 -40.988396 -42.037353 -42.239023 -41.992674 -43.352703 -44.638765 -45.439041 -45.667557 -46.784011 -47.042623 -47.719986 -48.068013 -48.691390 -49.107755 -49.673417 -50.111393 -50.395667 -50.687681 -51.076185 -51.351109 -51.560663 -51.615557 
-24.338171 -9.883972 7.980333 14.024400 7.810681 -6.953886 -1.925729 -5.049758 -10.234367 -10.251720 -15.494265 -20.882559 -27.252680 -30.456129 -35.886260 -43.408880 -46.663415 -47.810630 -46.264540 -45.776412 -40.137768 -43.002176 -50.927937 -60.308398 -61.165146 -51.859815 -51.402917 -56.594970 -57.515777 -59.231134 -62.504807 -58.989827 -61.064160 -61.820103 -62.728522 -61.709540 -62.024855 -60.781957 -63.369710 -63.580110 
-29.981403 -11.542303 7.679774 11.241138 -2.010347 -4.859136 -5.122840 -15.093343 -10.547812 -15.519749 -16.882278 -21.632106 -29.392718 -32.671491 -36.705189 -37.166158 -38.168933 -38.975260 -39.772680 -40.689712 -39.210159 -40.407488 -42.672482 -43.247608 -43.987558 -44.729888 -45.052367 -45.852357 -46.527804 -46.958166 -47.477343 -47.745121 -48.295501 -48.813405 -49.257497 -49.440220 -49.773673 -50.014517 -50.159764 -50.296718 
-31.751498 -11.257873 3.227608 6.095441 -6.407763 -12.262057 -14.211843 -21.775561 -17.061367 -25.894618 -26.270626 -32.266646 -38.295685 -40.287916 -42.113662 -43.001371 -43.726998 -44.829382 -45.066369 -46.343682 -45.985105 -46.995944 -48.048415 -48.674710 -49.523136 -49.905497 -50.550623 -51.338500 -51.830138 -52.310769 -52.794807 -53.178129 -53.548484 -54.339939 -54.371296 -54.688304 -54.831508 -55.157943 -55.502527 -55.843454 
-24.541706 -16.473257 -12.967258 -3.009084 -7.981568 -18.599772 -23.009807 -31.649909 -28.607671 -33.299168 -38.740796 -41.360119 -43.950390 -47.258267 -46.780147 -47.877164 -48.734133 -50.048048 -50.363533 -51.795156 -52.312532 -52.357284 -53.469021 -53.961468 -55.081635 -55.240372 -55.866410 -56.329772 -56.973646 -57.646848 -58.275246 -58.446249 -59.124660 -60.233511 -59.297674 -59.913634 -60.095802 -60.486396 -60.486084 -61.134208 
-13.967927 -14.454620 -14.102172 -9.343466 -21.705333 -23.478058 -24.186517 -22.542778 -25.001478 -27.681091 -32.020058 -31.244687 -28.902714 -28.112106 -27.432890 -27.300838 -29.428370 -34.488630 -37.214759 -40.353711 -42.538281 -42.759605 -40.060372 -34.439590 -38.612769 -42.133665 -44.124487 -40.496835 -39.618088 -37.609063 -36.614503 -40.116551 -31.485330 -31.652411 -39.523954 -36.429448 -38.965769 -35.626357 -41.829491 -45.187221 
-0.609306 -0.979163 -4.478134 -7.766906 -6.572270 -8.333420 -6.790999 -5.886281 -10.091072 -15.435258 -16.498309 -18.321714 -15.705738 -12.728513 -8.642185 -10.859715 -13.985358 -18.472420 -22.229117 -28.165649 -24.555928 -20.513938 -17.447064 -17.942222 -19.415128 -28.286498 -18.362141 -17.517257 -21.879960 -17.546083 -13.618604 -10.485366 -11.075697 -10.680370 -16.984966 -11.480221 -10.071001 -12.470642 -20.379200 -17.644474 
-3.513751 -10.325941 3.968020 12.065170 12.303147 5.389299 5.998470 7.785189 1.166043 -15.549530 -19.285843 -24.574153 -19.123743 -21.214653 -18.153677 -20.045579 -26.028228 -28.699347 -29.119787 -29.925727 -28.346036 -20.456045 -16.662800 -18.439837 -24.148010 -23.350132 -14.938153 -14.906486 -20.618425 -17.637995 -10.103498 -4.798087 -7.815085 -9.557304 -8.204280 -8.426384 -10.843178 -8.331327 -15.156709 -18.339319 
-9.442553 -10.954017 2.868816 19.623556 18.779062 3.772214 13.542252 21.162750 7.727429 -10.157234 -14.114808 -12.375237 -6.420134 -12.478456 -14.172680 -17.636172 -18.036192 -20.304337 -17.863899 -19.899923 -15.481069 -11.727660 -8.728197 -8.649020 -16.949664 -16.680404 -10.889231 -8.838456 -17.638942 -19.628297 -20.070533 -15.012020 -14.763398 -18.118410 -18.053575 -23.872823 -25.478241 -23.952323 -28.218754 -31.622923 
-20.177044 -16.140880 -4.320252 19.205952 21.704985 5.165580 7.872635 23.821258 19.383136 -6.927058 -6.464881 -11.216063 -9.163976 -4.347929 -17.131427 -10.295129 -19.398489 -15.707472 -17.809068 -17.097107 -11.498572 -7.468901 -3.021319 0.542040 -10.192095 -11.741848 -8.580910 -6.193793 -13.468831 -14.554343 -12.648905 -8.621599 -10.691673 -16.373617 -19.853860 -33.396544 -39.973856 -40.943902 -40.727033 -37.259700 
-24.134397 -22.494815 -18.653241 16.738803 21.794603 6.626546 -2.877929 22.679721 23.617911 -2.074984 -0.351489 -1.493878 -14.795630 -2.116337 -14.707201 -7.822931 -14.192327 -13.175015 -19.018552 -13.777077 -9.808740 -6.611021 0.150875 4.663857 -3.246119 -6.540969 -3.802209 -3.877828 -12.517873 -15.954043 -11.188495 -5.559934 -6.569009 -11.157018 -17.175545 -33.443022 -42.931221 -49.219065 -47.799079 -38.730868 
-21.983089 -19.412075 -13.323115 14.363908 21.095167 7.859965 -5.620376 18.894598 24.324898 2.403032 -0.065707 4.572801 -12.729872 -2.305123 -8.725365 -8.384434 -10.004484 -11.572366 -12.008081 -11.109989 -9.605642 -3.542593 0.071647 1.237668 -2.883456 -7.436455 -4.950390 -4.331271 -12.161315 -15.190562 -11.867414 -7.776760 -10.113452 -14.094828 -18.618526 -32.594921 -38.046171 -38.400332 -38.544586 -37.064446 
-27.818450 -19.271104 -19.890478 11.655325 21.156396 11.064870 -15.756531 12.776512 23.464806 6.114182 -3.502057 9.029656 -5.901857 -3.235297 -3.071171 -10.934646 -6.354782 -12.308911 -7.236679 -11.423864 -10.149969 -1.281193 -0.561614 0.311337 -5.357171 -9.563031 -6.289891 -3.791459 -8.483732 -11.730818 -10.001234 -6.953043 -10.735940 -14.884033 -16.566842 -27.114209 -30.733772 -31.129200 -31.281069 -30.822628 
-15.300649 -17.759976 -19.446769 9.278260 20.602260 11.373355 -13.148807 10.373687 22.816893 7.432797 -4.626345 11.360181 -2.649261 -4.941253 -1.023104 -17.847612 -7.217293 -16.559957 -6.641109 -13.958116 -10.678101 -1.508712 -0.667982 2.619190 -5.636363 -9.372272 -8.057457 -5.957741 -9.088492 -14.164156 -12.548195 -7.930634 -11.579873 -16.481965 -17.478394 -30.038741 -44.583748 -50.404835 -44.216810 -32.255075 
-15.550313 -13.891789 -16.456837 9.284868 20.315040 11.005017 -12.973353 9.475022 21.711356 5.698534 -2.437980 12.617426 -2.230533 -2.337355 0.912362 -15.116990 -5.472484 -14.316930 -5.210189 -11.519634 -8.156684 0.206406 1.344890 3.622461 -3.672300 -6.913462 -5.492762 -3.963105 -7.954058 -12.450006 -10.915008 -7.061133 -9.698575 -15.221375 -15.842680 -26.165144 -38.315214 -39.290525 -39.077279 -33.213164 
-32.744732 -41.558975 -17.540468 11.174286 20.129972 9.265633 -15.394934 11.765310 20.227565 1.472175 3.528982 13.209984 -4.444809 3.029217 0.941742 -9.566606 -5.580071 -10.069969 -5.795576 -8.280870 -7.806271 1.145055 4.127083 3.909652 -1.627766 -5.292836 -4.606495 -2.683803 -7.918169 -11.680319 -8.742481 -5.611926 -8.091529 -13.050598 -15.525827 -28.497458 -43.710259 -47.255689 -45.282292 -34.722763 
-29.044612 -33.121427 -15.449944 13.817968 19.566454 5.982227 -5.578980 15.875985 17.201713 -1.945895 12.301257 12.065769 -2.905487 8.048192 -2.955302 -2.143458 -6.824909 -6.172986 -8.296270 -6.966000 -4.076276 0.495559 5.936548 4.683655 -1.072199 -4.712344 -3.210191 -0.176794 -5.198006 -10.220987 -8.341724 -5.514397 -8.205589 -14.008298 -16.339532 -27.041809 -41.193430 -48.444691 -45.866534 -33.887373 
-26.119527 -18.127610 -9.109539 16.736923 18.551744 0.633074 2.529732 18.661764 11.034464 3.155358 17.261159 7.536167 6.964115 8.826888 -3.500212 -0.446734 -8.386336 -7.857052 -7.165901 -8.101626 -3.127186 1.600168 5.503790 6.921294 -1.230670 -5.126551 -4.721371 -1.632951 -5.220205 -9.663989 -8.624387 -6.661703 -9.954397 -14.801431 -16.115745 -26.757993 -39.095019 -42.835929 -41.673515 -32.997707 
-12.236835 -17.367007 1.510444 19.187254 17.171194 -1.701660 11.577549 18.452860 6.931281 15.693150 17.821288 4.082301 13.216367 4.792748 3.228453 -1.959166 -3.366136 -6.712181 -4.254444 -5.742341 -3.691045 1.087988 5.620752 4.204068 -3.800656 -8.120331 -5.736277 -1.125096 -3.710421 -9.243870 -9.783349 -7.990498 -11.243252 -14.450853 -15.979817 -27.575653 -40.337145 -42.301866 -42.069989 -36.628308 
-23.235110 -17.011914 8.084712 19.262559 13.133613 0.997455 15.544597 12.528871 8.591582 21.815579 14.824400 12.069320 10.569726 3.791847 1.433350 -1.202754 -4.655565 -6.467681 -5.793114 -7.802050 -4.921712 -1.121812 2.411278 0.670455 -10.756697 -12.285961 -6.975133 -0.882440 -4.246300 -11.309516 -11.552680 -11.716216 -14.255561 -15.302874 -17.376674 -29.215704 -45.349895 -48.750355 -48.014875 -40.267958 
-13.027149 -8.074679 11.746498 16.525194 3.302237 7.062018 16.014323 8.221029 17.249317 20.127516 10.674446 12.952563 2.164599 5.665821 0.657724 -0.136424 -2.626987 -5.852072 -5.259289 -7.770898 -5.505762 -1.740833 2.287155 -0.366214 -11.625808 -14.761824 -8.581297 -2.406315 -5.798160 -10.010723 -10.118655 -9.347117 -12.647648 -15.771990 -17.927793 -30.965394 -44.306127 -45.891523 -45.061180 -42.071540 
-11.423786 -4.805004 12.982974 15.198600 2.581896 9.946121 12.416123 5.041891 19.948699 12.328708 15.497070 10.300934 7.068236 2.157162 4.440659 0.775664 -1.719193 -5.767588 -5.936337 -6.637801 -4.861676 -0.690116 2.796727 -1.009196 -12.486842 -16.243058 -9.605392 -4.622039 -7.780574 -11.273366 -9.872224 -9.719433 -13.413917 -15.080511 -17.440020 -31.548545 -42.564744 -44.019731 -44.111818 -40.878638 
-14.933003 -1.780753 12.877768 11.188602 0.150091 10.703410 5.830238 12.661802 20.039942 13.577920 18.054766 7.143499 7.799555 4.054195 3.682858 2.435707 -1.441471 -3.768522 -3.748007 -5.458949 -3.100749 1.139900 5.132494 2.229882 -7.089940 -8.943627 -5.915342 -5.250582 -12.237713 -13.937114 -11.836695 -10.159390 -11.856574 -12.568329 -15.496741 -29.149623 -34.090552 -34.497128 -34.851792 -34.732168 
-25.553506 -0.760950 12.597907 9.067414 0.101806 11.802864 6.469598 15.349940 16.668596 16.067450 18.403695 5.546888 4.524343 3.398346 -0.445597 1.052803 -2.637124 -5.754944 -7.706102 -8.550678 -5.197469 0.103975 4.139804 0.303634 -7.637391 -8.237169 -5.907500 -4.614088 -13.075692 -17.437401 -15.310898 -14.289390 -15.962188 -17.743839 -20.853608 -36.217327 -44.782869 -45.843775 -46.493744 -45.085484 
-25.806228 -0.321087 13.338071 11.098341 1.904355 12.144997 5.202293 16.105250 16.586646 15.867076 16.419075 3.869911 2.891055 1.875673 -1.592023 -1.371070 -4.415309 -9.003576 -10.487331 -10.356920 -7.826217 -2.843964 1.062213 -1.948170 -9.588181 -13.751482 -10.926620 -8.939038 -18.348218 -21.609782 -17.063303 -13.455488 -14.699907 -17.025326 -20.946658 -36.313029 -46.315749 -48.357970 -48.503423 -45.439914 
-20.528553 1.835687 13.880342 9.528381 2.811238 12.323013 5.636183 16.983798 12.964758 15.273009 12.465513 2.847140 -1.467194 0.497308 -1.383652 -3.528470 -6.524828 -9.805688 -8.903183 -10.098232 -8.297220 -3.518294 0.802887 -0.267162 -6.417116 -11.030296 -8.231315 -8.143106 -14.305654 -18.103388 -16.426624 -14.722737 -16.497933 -18.830736 -25.689866 -40.621714 -49.788011 -53.600130 -52.696548 -46.312659 
-14.985754 3.834452 13.972278 8.884756 7.400224 10.873907 5.821949 16.032416 11.711359 15.154593 6.466853 -0.309379 -0.513224 -1.987895 -2.318163 -4.528445 -7.242507 -10.214193 -10.225438 -11.799310 -9.242971 -4.394726 1.432347 -1.044158 -9.489909 -12.829509 -8.337438 -6.328006 -9.801948 -13.820658 -13.171652 -12.597497 -14.262491 -17.155493 -24.716527 -39.206216 -49.341378 -55.356700 -54.701398 -46.475023 
-13.137703 2.538602 11.456135 5.225006 3.658536 7.249720 3.658117 8.187754 7.099105 9.896264 -5.539901 -6.404838 -5.856810 -9.415891 -10.649727 -15.737450 -15.332687 -18.745850 -18.247286 -20.369828 -18.171142 -14.578120 -9.100847 -10.208757 -17.167530 -20.308701 -16.618884 -12.124279 -17.128033 -20.301158 -20.081121 -19.936353 -22.255329 -27.415810 -31.601959 -42.212874 -47.361565 -48.402325 -47.868061 -45.650577 
-12.834843 0.346472 10.995014 7.458913 0.461445 6.897979 0.415531 6.971776 5.901164 4.188233 -5.198809 -7.528734 -10.609900 -11.546827 -14.214963 -18.864116 -19.187021 -23.586357 -19.313179 -24.078681 -23.297666 -18.783440 -18.367939 -19.984665 -20.538688 -21.048953 -18.591219 -12.695704 -16.224896 -17.759059 -15.619450 -18.063892 -21.436466 -23.499142 -29.237997 -40.514304 -50.602577 -51.010644 -52.840924 -52.562162 
-17.586777 -1.775526 10.078169 5.274601 -4.085952 4.080216 -2.248661 0.356100 -2.107228 -11.036995 -10.435345 -16.151002 -17.272816 -23.364479 -20.692512 -23.885406 -28.418339 -29.064615 -29.324948 -31.907659 -32.057641 -23.180773 -17.584464 -18.610151 -22.447123 -22.853609 -19.941166 -17.683615 -23.342305 -27.602463 -24.349927 -27.282973 -28.645889 -29.578356 -34.160669 -37.779847 -43.646088 -40.715041 -41.782991 -46.616753 
-20.838052 -2.059774 11.459891 10.016992 -2.836561 4.871439 0.643847 -2.318842 2.405405 -8.789968 -9.256649 -13.292735 -12.096883 -21.477772 -21.080672 -25.745284 -29.592562 -28.520538 -25.503890 -31.025549 -28.606870 -24.110738 -14.038107 -17.806900 -27.463212 -24.415901 -22.210830 -21.028151 -23.512519 -29.615909 -23.585440 -28.584914 -32.062325 -33.236350 -32.923075 -36.620446 -41.529214 -42.855753 -43.937152 -45.881767 
-18.724959 -0.284983 12.765707 10.850335 -4.266428 4.358774 -0.480429 -2.257014 1.211266 -10.694567 -9.236357 -13.907842 -8.517986 -18.039176 -20.531136 -21.539144 -21.311083 -23.141160 -25.568056 -29.170935 -25.170085 -18.294461 -19.430145 -22.125009 -19.329784 -17.519966 -15.344203 -19.081533 -26.866316 -28.960547 -22.218680 -22.568051 -30.394043 -29.612640 -33.927548 -38.743415 -41.265483 -39.461394 -38.076467 -43.600480 
-18.563184 -2.083877 11.036202 8.333921 -5.979271 -0.996873 -6.040527 -8.277332 -4.780406 -17.646541 -17.520753 -20.852944 -17.138897 -17.923380 -18.558304 -25.111142 -24.190469 -24.741687 -24.654213 -23.780582 -20.152357 -13.574201 -14.188156 -18.312748 -20.145489 -17.572659 -13.267258 -19.941022 -24.632279 -21.758686 -19.405677 -21.252023 -24.133435 -24.062484 -27.150899 -31.294198 -33.796521 -29.018187 -30.417151 -36.405374 
-19.233800 -1.482568 7.993594 2.759693 -11.932043 -12.763367 -12.297003 -13.902814 -17.491862 -19.419769 -19.831779 -20.161074 -17.843567 -18.503086 -18.926828 -21.129032 -24.621634 -28.077500 -26.279996 -27.402344 -18.371645 -8.818026 -10.429096 -12.377361 -16.394269 -19.121810 -12.050666 -13.891601 -19.925929 -13.243432 -8.576675 -11.624261 -17.758312 -20.312743 -25.645242 -24.322934 -19.813974 -21.951429 -22.998875 -26.921804 
-18.221033 -7.128460 2.881053 -0.392789 -16.032760 -25.828557 -21.893468 -13.935583 -13.773190 -14.256571 -18.257498 -24.114097 -18.896088 -18.851252 -16.071450 -19.775211 -23.233832 -26.769385 -23.315431 -26.217268 -18.186003 -11.226431 -7.870354 -14.173839 -15.470970 -14.870203 -7.763502 -8.034286 -13.835846 -11.068076 -3.261788 -6.486358 -10.288932 -13.295562 -17.569730 -20.316646 -16.383173 -16.561950 -16.721093 -19.316455 
-16.537741 -16.343773 -4.079655 -4.951773 -20.855972 -27.595226 -19.264517 -10.859776 -13.199518 -11.041376 -20.174682 -26.191329 -20.260507 -17.625711 -19.055370 -23.449496 -26.143101 -28.938535 -22.413858 -20.862987 -14.816690 -11.631193 -10.005538 -10.134440 -11.697432 -8.558349 -5.866243 -2.396459 -8.010957 -4.056627 -1.915845 -3.618872 -6.319194 -7.520244 -11.506254 -14.057628 -10.922375 -11.235753 -10.231563 -14.037647 
-14.464714 -14.275787 -12.205011 -10.582251 -20.793925 -32.436227 -28.807690 -21.463738 -20.660039 -23.274658 -24.150290 -27.009483 -23.481953 -22.742870 -22.065597 -26.376473 -26.308472 -31.109752 -27.796642 -29.849257 -19.247547 -13.782093 -16.726079 -13.284609 -13.056299 -11.076323 -1.094146 -0.724542 -6.389678 0.950778 0.229311 -6.602144 -7.828082 -7.905297 -14.563278 -14.464919 -10.457439 -9.731641 -12.169156 -16.027013 
-30.217743 -26.975330 -17.684946 -15.576459 -25.181685 -29.869182 -23.047981 -22.350404 -27.261755 -24.057556 -24.983619 -34.153356 -27.191798 -25.422215 -22.922572 -20.228194 -24.707109 -29.700635 -29.901180 -26.142132 -19.619022 -17.138423 -18.247471 -12.962141 -11.316145 -9.897447 -3.323096 -2.701505 -7.763605 1.106483 -0.097932 -7.254537 -8.480552 -10.344626 -13.743038 -12.639156 -12.729828 -13.435835 -13.727479 -15.988379 
-25.316899 -18.962431 -15.938606 -19.639787 -21.922006 -27.024843 -31.762771 -24.271718 -21.922718 -20.921466 -27.614685 -27.214148 -25.554111 -25.184767 -22.470249 -18.687459 -26.366115 -27.290459 -24.463175 -27.223700 -23.182812 -12.262516 -10.980983 -10.278230 -7.752811 -3.168101 -0.499664 -1.226329 -2.785922 3.270684 2.805839 -3.414179 -5.358117 -6.198348 -11.387233 -10.900801 -8.208022 -6.944075 -9.159025 -13.025934 
-25.065222 -24.514563 -18.748747 -17.539774 -26.289805 -33.388392 -30.542386 -26.381197 -25.653626 -33.941449 -36.042354 -34.291318 -25.858105 -25.717997 -23.009453 -23.997340 -27.258980 -28.682005 -31.911110 -29.775420 -22.274952 -12.210893 -10.016061 -9.684260 -9.139305 -4.303704 1.257997 -5.369075 -2.736069 2.902752 1.642931 -6.142139 -4.741634 -3.370718 -12.020495 -8.292606 -8.018743 -9.045681 -7.180043 -11.495407 
-26.018172 -22.055503 -19.324607 -21.926409 -30.883420 -42.437387 -31.077566 -26.401445 -28.883685 -29.356641 -34.613818 -31.383574 -30.472976 -27.925251 -22.983176 -27.458049 -28.633991 -33.893333 -34.540283 -30.564982 -23.273980 -16.572898 -13.336622 -10.694614 -8.526518 -7.003610 0.107905 -3.170257 -2.998144 2.609963 3.764709 -3.688321 -5.181310 -4.729131 -7.942606 -9.822321 -5.736217 -6.501026 -5.743720 -9.739433 
-38.147405 -25.753276 -27.254565 -38.331711 -38.635811 -33.843155 -26.723907 -26.878250 -23.295342 -32.264443 -34.986623 -30.642125 -23.463804 -23.914488 -19.606462 -26.927590 -21.634734 -27.283123 -32.695175 -30.530371 -22.121003 -15.532541 -12.862971 -12.643447 -9.792421 -9.841274 -3.557697 -2.508039 -6.646698 -0.852338 4.057541 0.230347 -4.488911 -7.276270 -8.706835 -9.270741 -5.246637 -5.758835 -7.863221 -13.187030 
-30.961281 -31.230307 -30.710773 -37.823353 -36.570721 -36.491832 -29.295952 -28.432988 -28.608108 -25.335038 -28.112442 -30.500826 -25.261574 -24.161284 -22.139164 -24.146492 -24.063591 -31.877221 -31.217587 -29.098017 -18.161148 -12.405981 -12.458840 -14.792065 -10.724156 -7.492425 -3.197496 -2.899743 -6.185994 -0.812363 1.798356 -3.993901 -4.712969 -7.470337 -9.352026 -8.354370 -6.139105 -5.155182 -8.674045 -15.430679 
-31.880530 -32.819572 -30.552023 -30.708398 -36.358726 -36.192625 -30.661348 -30.233144 -26.706586 -31.942566 -34.311347 -37.002981 -32.975832 -28.851937 -26.468456 -28.873204 -28.552023 -31.438644 -32.716147 -31.707908 -23.717934 -16.632752 -13.841298 -14.791565 -13.137161 -9.964090 -1.631900 -6.040342 -3.694095 3.303540 1.933225 -6.134911 -8.815904 -8.450132 -11.915567 -13.395621 -10.290635 -6.840314 -9.453142 -13.684772 
-33.599269 -28.020043 -26.810497 -27.460674 -31.669897 -37.153423 -34.008528 -32.736095 -29.286884 -32.884062 -35.099789 -33.124609 -28.181554 -27.920960 -23.956824 -31.896983 -23.926842 -29.044215 -32.795375 -33.292947 -22.568711 -15.256709 -14.009206 -14.007836 -7.419908 -9.346764 -3.868210 -4.288335 -5.327702 0.655995 4.716605 -0.995418 -5.477899 -4.868169 -8.689870 -12.767776 -6.929641 -9.064857 -7.624361 -13.024843 
-26.901018 -31.994263 -33.901844 -34.849555 -35.152040 -31.489570 -30.825214 -28.908246 -23.195424 -26.335372 -35.384259 -30.052971 -23.887703 -27.338104 -22.700498 -26.788659 -23.218514 -30.278021 -32.474626 -31.101981 -23.587835 -15.569158 -13.226153 -15.690216 -12.043317 -11.463010 -5.708166 -5.526224 -11.104995 -2.574707 3.109655 -1.808739 -5.476049 -8.557504 -10.054470 -9.711065 -6.777879 -6.646538 -9.286905 -15.464323 
-30.767577 -43.366617 -36.743508 -36.042504 -34.120927 -36.434921 -32.078412 -26.302339 -24.373728 -28.476015 -30.442509 -31.775629 -29.055601 -25.674707 -23.051858 -24.618357 -23.104440 -28.653993 -29.553737 -30.470525 -20.870579 -15.664450 -14.472188 -14.429414 -12.483839 -10.679550 -6.334083 -7.357913 -7.399521 0.163342 1.435172 -3.476924 -6.119896 -8.748525 -11.445469 -11.881413 -9.373092 -7.802370 -11.134593 -18.374800 
-25.282806 -33.551693 -37.348451 -34.047879 -35.810954 -41.186777 -32.771573 -29.493191 -21.972209 -22.879509 -26.881827 -30.008417 -24.056168 -23.009180 -24.304488 -26.192692 -25.241744 -28.735190 -28.551851 -30.968943 -21.953497 -12.649971 -18.303446 -16.639344 -17.849715 -9.529134 -6.216486 -9.327088 -9.148288 0.068901 1.377608 -4.366477 -7.562263 -9.329725 -12.226498 -15.628330 -10.788536 -9.018159 -14.038925 -17.432575 
-33.798145 -34.616742 -31.785938 -34.045700 -31.935551 -31.026873 -27.583200 -22.950308 -23.221672 -29.806931 -29.635456 -26.019320 -25.837202 -22.557111 -22.954407 -22.902970 -27.172361 -29.744438 -27.710854 -33.285253 -23.993307 -11.002004 -17.690773 -22.735355 -18.413507 -12.324390 -7.572372 -7.210734 -7.410592 -1.211537 -2.397570 -9.302794 -11.598222 -10.970630 -14.266164 -17.480698 -14.339288 -12.121334 -13.396239 -19.055670 
-48.887152 -45.484154 -45.959349 -48.926251 -46.813115 -41.214887 -38.009853 -36.657583 -35.917770 -37.269426 -39.266662 -38.937512 -39.355618 -38.125376 -36.010622 -37.285234 -41.125625 -41.904258 -46.775513 -42.423064 -35.608465 -30.593879 -36.828623 -33.736690 -29.552619 -25.469994 -25.665240 -23.974651 -20.938206 -17.544387 -15.703787 -25.676963 -25.235375 -22.283663 -25.029183 -28.817932 -28.783299 -32.060787 -33.128701 -34.556030 
-74.279972 -80.920471 -91.153351 -89.651079 -89.397131 -94.291128 -82.487302 -79.792438 -82.032836 -81.818606 -90.359937 -89.770917 -85.085367 -78.206417 -79.403895 -87.090584 -91.392847 -85.763042 -87.668630 -92.743752 -82.929147 -76.968967 -78.633602 -85.099581 -87.459665 -77.426252 -74.947968 -80.415024 -83.547747 -75.088751 -76.978269 -86.485154 -86.322157 -86.685828 -85.230269 -85.551215 -84.780232 -83.727676 -83.984250 -88.781181 
-115.665274 -115.665274 -115.665274 -115.665274 -115.665274 -115.665274 -115.665274 -115.665274 -115.665274 -115.665274 -115.665274 -115.665274 -115.665274 -115.665274 -115.665274 -115.665274 -115.665274 -115.665274 -115.665274 -115.665274 -115.665274 -115.665274 -115.665274 -115.665274 -115.665274 -115.665274 -115.665274 -115.665274 -115.665274 -115.665274 -115.665274 -115.665274 -115.665274 -115.665274 -115.665274 -115.665274 -115.665274 -115.665274 -115.665274 -115.665274 
NaN NaN NaN NaN NaN NaN NaN NaN NaN NaN NaN NaN NaN NaN NaN NaN NaN NaN NaN NaN NaN NaN NaN NaN NaN NaN NaN NaN NaN NaN NaN NaN NaN NaN NaN NaN NaN NaN NaN NaN 
NaN NaN NaN NaN NaN NaN NaN NaN NaN NaN NaN NaN NaN NaN NaN NaN NaN NaN NaN NaN NaN NaN NaN NaN NaN NaN NaN NaN NaN NaN NaN NaN NaN NaN NaN NaN NaN NaN NaN NaN 
NaN NaN NaN NaN NaN NaN NaN NaN NaN NaN NaN NaN NaN NaN NaN NaN NaN NaN NaN NaN NaN NaN NaN NaN NaN NaN NaN NaN NaN NaN NaN NaN NaN NaN NaN NaN NaN NaN NaN NaN 
NaN NaN NaN NaN NaN NaN NaN NaN NaN NaN NaN NaN NaN NaN NaN NaN NaN NaN NaN NaN NaN NaN NaN NaN NaN NaN NaN NaN NaN NaN NaN NaN NaN NaN NaN NaN NaN NaN NaN NaN 
NaN NaN NaN NaN NaN NaN NaN NaN NaN NaN NaN NaN NaN NaN NaN NaN NaN NaN NaN NaN NaN NaN NaN NaN NaN NaN NaN NaN NaN NaN NaN NaN NaN NaN NaN NaN NaN NaN NaN NaN 
NaN NaN NaN NaN NaN NaN NaN NaN NaN NaN NaN NaN NaN NaN NaN NaN NaN NaN NaN NaN NaN NaN NaN NaN NaN NaN NaN NaN NaN NaN NaN NaN NaN NaN NaN NaN NaN NaN NaN NaN 
NaN NaN NaN NaN NaN NaN NaN NaN NaN NaN NaN NaN NaN NaN NaN NaN NaN NaN NaN NaN NaN NaN NaN NaN NaN NaN NaN NaN NaN NaN NaN NaN NaN NaN NaN NaN NaN NaN NaN NaN 
NaN NaN NaN NaN NaN NaN NaN NaN NaN NaN NaN NaN NaN NaN NaN NaN NaN NaN NaN NaN NaN NaN NaN NaN NaN NaN NaN NaN NaN NaN NaN NaN NaN NaN NaN NaN NaN NaN NaN NaN 
NaN NaN NaN NaN NaN NaN NaN NaN NaN NaN NaN NaN NaN NaN NaN NaN NaN NaN NaN NaN NaN NaN NaN NaN NaN NaN NaN NaN NaN NaN NaN NaN NaN NaN NaN NaN NaN NaN NaN NaN 
