-6.239544 -2.837654 -3.812311 -5.103509 -4.032216 -7.292137 -11.060544 -14.268344 -19.701231 -21.224064 -23.252981 -24.852329 -25.642835 -26.517536 -27.243187 -28.131726 -29.050551 -29.753165 -30.751834 -31.984126 -31.851478 -32.588523 -33.449363 -34.251690 -35.094431 -36.071248 -36.393591 -36.947766 -37.662513 -38.310389 -38.901168 -39.695462 -40.207220 -40.690401 -41.565432 -42.180120 -43.196396 -44.230635 -45.162452 -47.360191 
-13.629462 -1.605070 -0.132777 -0.197887 -4.407285 -14.492261 -22.947216 -22.675140 -30.524899 -33.404025 -37.932928 -40.348945 -40.308664 -43.036392 -43.212373 -42.699063 -44.436618 -45.911167 -45.251416 -47.358794 -46.999044 -47.321989 -49.350490 -49.238380 -51.027454 -51.223642 -52.042359 -52.025366 -53.156674 -53.588587 -53.964519 -54.866483 -55.462123 -55.975826 -56.919428 -57.178284 -58.448224 -59.516526 -59.999232 -62.206310 
-8.708677 -7.038465 -6.030779 -13.110643 -16.249831 -15.538625 -17.057909 -20.889798 -27.289162 -29.516435 -27.121705 -29.448424 -31.227287 -27.588650 -24.495913 -25.655558 -26.830674 -26.017386 -28.685054 -24.963332 -25.102979 -35.722358 -36.332361 -30.239629 -26.980558 -25.038609 -22.637986 -25.499930 -29.713682 -26.161062 -32.568243 -24.911968 -24.885663 -30.914730 -39.793893 -33.728660 -36.054590 -37.026125 -34.661090 -36.758556 
2.306936 6.722774 7.052438 4.385370 4.666708 7.109481 0.025390 -3.432101 -6.208589 -12.407642 -13.248949 -15.445034 -17.483654 -16.579603 -12.349785 -16.071058 -17.889737 -14.272785 -16.039180 -13.818720 -10.449248 -16.976863 -19.449362 -19.402632 -15.536525 -8.578080 -9.454624 -12.780609 -13.635087 -9.932264 -9.575472 -8.703711 -10.050846 -12.314453 -19.409188 -14.540529 -14.573945 -16.279408 -16.127472 -18.651059 
-2.781324 10.728234 16.119215 10.576465 15.525358 18.248399 14.797947 19.292595 11.766000 3.531250 -1.307221 -5.895889 -9.091036 -13.036431 -13.875022 -12.559658 -13.087085 -8.672663 -5.338667 -0.994780 -4.279400 -10.443422 -17.371840 -18.052552 -9.606535 -6.778284 -10.584866 -12.121543 -15.815922 -14.182244 -15.047714 -16.429503 -14.322232 -17.462296 -22.697875 -19.356857 -19.146324 -20.770383 -21.969966 -23.366967 
-9.485519 6.666485 15.127423 9.842731 15.551137 18.281243 15.674157 27.544555 22.186153 13.276745 6.018800 4.829222 -0.290354 -4.319018 -7.910150 -4.808242 -4.305182 -1.454468 4.026397 7.741058 1.196852 -6.372113 -11.015080 -10.135922 -2.918874 -1.989476 -9.870061 -13.482308 -16.170343 -19.691052 -26.656042 -18.543304 -15.435760 -24.204243 -25.745317 -20.942405 -24.563016 -29.210100 -27.041918 -31.263506 
-13.157265 3.555230 14.539993 10.323079 9.887187 17.449252 11.605502 25.042670 21.385436 19.869501 15.208822 7.344362 -0.236022 -1.666271 -4.321420 -2.046987 -0.507605 3.910691 9.318213 8.303395 -0.457269 -6.874323 -8.831606 -7.697386 -0.705770 -3.085840 -8.580648 -9.688301 -12.667786 -19.257960 -28.890636 -23.534576 -17.940782 -24.299684 -27.768057 -21.248457 -23.911117 -30.215654 -28.735882 -37.209557 
-14.804069 3.838231 15.279800 11.308735 5.378860 16.868107 10.178372 19.588728 17.474377 19.350177 21.561833 8.895793 3.930626 2.146073 -0.294265 1.093009 4.258984 11.032640 12.407874 4.253677 -3.326175 -8.567612 -11.714153 -6.616729 -0.120555 -4.061337 -9.210645 -10.108871 -12.737075 -19.311745 -31.872032 -26.992413 -21.236129 -22.616397 -25.594831 -20.381277 -22.566040 -25.739864 -25.504728 -39.054586 
-16.576819 -0.054076 14.295088 12.880861 3.382825 15.497290 10.877323 13.585286 18.063148 16.720327 24.491864 11.636930 10.017688 5.512436 4.588022 7.933658 9.321903 12.291222 7.352639 0.827559 -5.021132 -9.359044 -9.422857 -6.396792 -0.087665 -4.421552 -10.713338 -12.059086 -12.700791 -17.852433 -29.529815 -32.556182 -25.086686 -24.099057 -22.059961 -16.778771 -18.260377 -23.581331 -24.874685 -36.058924 
-17.845699 -1.092029 13.549650 13.579687 -3.045627 11.593817 11.335714 6.979583 18.464178 10.657437 23.723647 13.253708 13.547643 6.008894 6.931423 11.104073 12.550419 9.681904 2.735262 -2.204668 -5.727278 -10.882762 -13.700704 -7.341920 -1.215945 -7.529749 -13.072995 -13.035492 -13.971985 -16.577895 -30.229535 -34.421491 -28.969450 -25.252231 -21.346852 -15.284909 -15.463966 -22.637929 -24.116004 -36.109753 
-12.163148 -4.000907 11.290422 13.682419 -3.331518 10.031606 12.081888 4.227086 19.694917 11.085624 22.505757 15.578917 13.633781 8.010881 9.645176 12.641283 9.329324 6.105575 -1.014618 -6.259028 -9.754858 -12.827724 -15.016720 -13.830977 -8.974831 -10.403392 -16.762295 -20.480292 -20.557321 -19.067963 -30.503081 -35.022657 -35.045559 -29.924006 -23.304323 -16.669399 -17.084094 -24.904304 -26.420828 -39.217935 
-21.487125 -11.877234 10.373182 13.800483 -1.178903 6.884006 12.023664 3.484950 19.643771 12.589471 20.848279 18.364509 12.975197 9.879615 11.717431 11.023000 9.491140 2.227190 -3.341788 -6.464782 -10.306876 -13.313511 -13.073598 -11.566769 -10.050995 -12.293227 -16.803692 -16.753139 -17.394188 -15.693159 -28.252556 -34.857592 -31.714873 -27.401476 -20.061486 -12.787746 -12.746946 -20.644852 -24.828869 -38.323617 
-21.534301 -11.799284 9.573323 14.618539 0.207839 5.497618 12.967436 1.138614 18.260800 14.646904 17.966297 20.112072 10.939503 12.710296 13.378213 9.477990 7.889092 0.659112 -2.945159 -5.548042 -8.853842 -13.797096 -16.182496 -11.650077 -9.750367 -10.232399 -16.541646 -16.494232 -15.812371 -16.511052 -27.462710 -30.705045 -30.410060 -24.624800 -17.944455 -11.680361 -12.451719 -20.942551 -25.473250 -34.111790 
-18.637790 -13.860877 10.171544 15.747392 3.239495 6.101023 14.460100 1.928481 16.394690 17.305763 13.042630 20.506287 9.135885 14.206497 13.065036 12.373304 5.426668 -2.224480 -4.076537 -6.673271 -9.222703 -13.160919 -16.554714 -13.579523 -12.153542 -12.829762 -17.078374 -19.040610 -18.701582 -15.475027 -27.199294 -30.373814 -29.634870 -26.554207 -20.261018 -11.906578 -12.080801 -21.140056 -23.496479 -32.280361 
-25.889762 -12.882289 10.892624 16.613773 3.922679 6.208633 14.990994 2.341117 16.117759 17.277989 11.505782 20.524538 8.932584 14.919925 13.239617 13.824751 3.889866 -2.943850 -5.500341 -7.947978 -10.643999 -13.992951 -18.317865 -14.867922 -13.626213 -13.931232 -16.645467 -19.264543 -22.785631 -19.721273 -30.838113 -36.670889 -34.406707 -28.721751 -22.001839 -12.850501 -13.512078 -21.773353 -24.137771 -36.989424 
-10.605867 -10.631816 11.201251 16.582039 4.137973 5.834943 14.844104 2.146752 15.839193 16.462906 12.347995 20.628489 9.681972 15.067249 13.532121 14.139023 4.784611 -2.527587 -5.278276 -7.535219 -10.424510 -13.627604 -17.147778 -15.503096 -14.703484 -14.098766 -16.325594 -19.730138 -24.215919 -18.915391 -29.534457 -34.624631 -32.235773 -28.317102 -21.737339 -12.050516 -11.922478 -23.164486 -24.071593 -37.006620 
-22.027306 -11.992350 10.752866 16.554688 3.586180 5.274955 14.807297 3.218477 15.851126 17.549504 11.736361 20.602520 8.847037 15.094637 13.339100 14.397799 5.558764 -0.854331 -3.422688 -6.854839 -9.960817 -13.011443 -16.901569 -14.018800 -13.251482 -15.413429 -18.625906 -22.382128 -24.683800 -19.934545 -31.192523 -35.932785 -33.105693 -27.768261 -21.656763 -13.502874 -14.222083 -23.070654 -27.113842 -40.081247 
-23.718605 -13.764674 10.860353 16.694856 4.248142 6.106761 14.603660 1.738983 15.829187 16.905476 11.938123 20.488992 9.549075 15.340496 13.355168 14.588874 6.510209 -0.251268 -2.836138 -6.470063 -9.399625 -12.550887 -15.881647 -12.122773 -13.687624 -15.945345 -18.079339 -19.914982 -21.725452 -18.608243 -30.133444 -36.521429 -33.141144 -27.878906 -20.947705 -12.229424 -12.796782 -21.738681 -24.571496 -38.740162 
-27.349586 -10.783410 11.659356 16.094803 2.912427 7.721068 13.651824 1.300080 16.599880 14.100297 15.954438 20.043308 12.589865 14.391969 14.716587 13.230134 8.445599 1.218013 -2.358410 -5.917256 -8.789333 -12.547703 -15.318374 -10.716511 -11.315635 -13.021980 -16.799054 -19.621632 -18.006261 -14.682574 -27.595395 -31.918378 -29.363264 -25.270079 -18.741707 -11.532722 -11.932755 -21.530158 -24.442411 -34.121478 
-16.713419 -5.141685 11.989076 13.984622 -1.253402 9.641557 10.686691 3.558329 17.309931 9.509752 20.675461 17.503480 16.225893 11.562580 13.738604 11.753075 9.474451 3.152159 -2.191817 -6.044235 -9.017597 -12.281247 -12.561134 -11.259410 -11.708028 -15.013825 -18.018199 -18.534841 -17.683526 -15.669170 -28.514517 -38.463678 -33.348702 -27.678415 -19.228684 -10.624644 -11.407481 -22.300302 -25.227917 -41.071338 
-14.399321 -2.358013 11.869169 10.201080 0.601173 11.860416 6.911460 8.694192 16.242272 11.762891 22.272878 14.171849 17.524514 11.976842 11.143895 16.747009 9.965915 3.059419 -1.452362 -5.678491 -8.628842 -10.815662 -12.502089 -11.663150 -11.474398 -12.678644 -17.839373 -18.610311 -16.715506 -14.097021 -28.996955 -37.069357 -33.785624 -25.983977 -18.522938 -11.388817 -11.722634 -20.675484 -24.512718 -38.798151 
-16.067250 1.115927 12.182194 7.586863 6.629530 15.248284 8.000195 12.997028 10.755345 17.415105 17.532240 16.987715 14.278138 14.365499 14.788615 16.789968 10.085358 3.109098 -0.508489 -4.571589 -8.185488 -10.695619 -12.061870 -10.880385 -12.589355 -10.974290 -16.724528 -18.074051 -19.258220 -13.740915 -24.527063 -27.285757 -26.840736 -23.959029 -17.131006 -11.169564 -12.003240 -20.871178 -23.648491 -29.838413 
-14.950279 5.007226 12.664543 8.608785 13.760066 15.202909 9.640944 12.873564 10.543631 17.162521 17.676247 17.037596 14.266127 12.245596 12.174822 14.913405 8.490968 1.370924 -3.106094 -8.166134 -12.285525 -16.597964 -16.956636 -15.420441 -18.545039 -15.775305 -20.419105 -23.744471 -23.626643 -19.241534 -33.930670 -43.491717 -34.664755 -28.506985 -21.237219 -15.133027 -15.451583 -23.226032 -26.716254 -41.090142 
-11.277207 6.453564 9.666571 6.348149 15.785030 9.933924 9.890795 5.726543 10.876361 9.478986 17.016300 14.191109 11.841765 10.383068 10.167196 13.900144 8.826174 1.653300 -3.457368 -8.856279 -13.805167 -16.907686 -17.873175 -15.510617 -13.306151 -16.190301 -20.757372 -22.940833 -23.766565 -23.562835 -35.639342 -44.224532 -37.413053 -32.581111 -26.315230 -19.017146 -18.423831 -25.398945 -29.553797 -43.590825 
-9.585840 7.518106 8.509949 9.567959 15.928709 8.390890 9.230981 7.938514 11.374748 15.372399 15.835819 16.188326 13.182234 10.674434 12.517940 16.799486 11.041623 4.041599 -0.751939 -5.960261 -9.356817 -12.788509 -15.014607 -13.123519 -11.860383 -12.485286 -17.088481 -18.686968 -17.738462 -17.333804 -30.894736 -38.083725 -31.782158 -25.886425 -18.622358 -12.352373 -13.728400 -22.691562 -24.126463 -35.915295 
-6.172732 9.090051 9.307853 11.595848 14.350365 7.571715 5.774160 7.766204 6.833557 13.441469 16.056499 14.224332 11.949804 8.099708 9.502185 14.482143 8.945072 -0.008603 -4.100023 -9.089889 -12.180257 -14.318968 -16.659950 -14.900648 -12.542475 -15.112664 -18.257059 -19.244532 -18.172409 -19.236624 -32.092276 -37.876771 -32.555281 -25.979785 -18.057464 -14.358405 -16.069302 -21.328626 -23.150475 -36.566795 
-3.850197 10.499896 9.660036 12.881949 12.379140 6.009968 3.891392 7.746288 6.337928 8.894787 15.079288 11.640899 7.946438 7.370701 10.314458 13.419370 7.722715 0.050883 -4.300532 -9.580464 -12.750853 -14.766764 -15.982107 -13.423245 -11.879246 -14.224751 -19.182155 -19.859704 -18.863900 -20.077027 -31.526556 -37.478920 -31.602695 -27.098191 -19.684965 -14.852180 -16.692391 -21.701272 -24.586647 -36.873447 
-1.492011 11.283691 10.395671 13.444710 11.044750 8.621596 6.150004 4.585131 3.452883 10.693697 11.213015 10.489004 6.281535 6.930465 6.313125 10.561003 7.554119 0.544624 -7.506112 -10.048849 -13.094976 -17.148900 -19.780736 -16.794016 -13.182462 -14.806575 -19.639368 -19.971957 -18.955843 -20.812931 -32.194848 -35.560518 -30.125006 -27.779033 -21.239242 -16.311311 -18.555566 -26.596330 -27.585434 -36.075286 
-0.105424 11.504953 10.346751 13.258809 10.164061 9.085311 5.921791 4.319081 6.058813 12.215021 11.449577 8.602032 6.751901 6.250399 5.363698 7.725343 5.107145 -1.625846 -6.046345 -11.913235 -16.579498 -20.576891 -21.146581 -18.490752 -14.151894 -13.813599 -18.686707 -19.088260 -19.361366 -21.863323 -34.232247 -38.987972 -30.980818 -29.547596 -24.562028 -19.875983 -23.238623 -29.937520 -29.022484 -39.047795 
-0.366407 10.686267 9.060475 11.773293 7.921715 8.344716 4.767303 3.713588 6.916584 12.865900 10.023991 5.070307 1.322314 -0.328982 3.209205 4.961078 -0.257669 -6.814206 -12.795007 -19.410610 -23.627037 -27.319703 -26.908291 -24.654291 -19.708200 -17.542323 -25.531638 -25.648334 -24.226159 -26.403174 -38.546279 -40.818284 -35.510102 -35.877610 -31.599091 -26.825533 -27.822266 -30.246842 -29.515996 -42.799637 
-0.181455 10.266589 8.958614 11.658680 8.230997 8.116605 4.726529 5.658274 9.934809 12.638706 7.598183 2.031461 -0.107069 -1.754487 1.521581 4.038525 -0.134874 -9.001992 -15.113702 -20.458067 -20.803859 -24.808790 -25.122637 -20.508066 -16.180934 -17.669600 -20.488826 -20.751573 -24.161925 -30.840480 -38.708710 -40.101323 -37.185413 -37.056485 -31.889680 -23.391004 -25.840943 -31.774038 -31.501930 -38.849625 
-0.682514 9.654860 8.184859 11.510309 7.390856 7.320179 3.677362 5.844717 8.514177 10.474910 3.264621 -5.159214 -5.835731 -7.243976 -2.648979 3.126331 -0.994296 -8.611376 -15.322063 -19.691736 -22.164594 -24.725823 -25.914330 -23.482560 -17.917663 -20.665594 -25.191305 -21.599176 -21.812171 -31.097517 -43.073654 -41.000239 -34.462607 -36.290991 -29.955706 -24.408080 -22.910681 -26.804343 -27.848608 -41.002027 
-1.166103 9.429123 8.605860 12.401971 10.256937 9.097293 5.666756 4.599713 8.565506 -0.053953 -5.506798 -7.958971 -8.949555 -10.290282 -9.156521 -1.644735 -4.012329 -11.495702 -16.031320 -22.394159 -24.627219 -27.276469 -26.859702 -21.975342 -19.999210 -26.335437 -30.872542 -26.688292 -27.177912 -35.180045 -44.996059 -39.971749 -33.091744 -41.776734 -37.792704 -30.713783 -29.822168 -34.722077 -34.403724 -47.554988 
-3.399767 8.649876 8.593582 12.777291 10.061526 6.474285 2.907673 2.150437 0.936135 -10.377344 -15.116154 -21.311637 -19.392073 -20.116713 -18.139134 -9.362273 -10.575611 -17.465244 -25.736138 -31.487402 -35.378540 -36.258671 -34.842535 -28.325109 -27.683125 -36.745804 -40.073712 -36.656537 -39.043920 -43.212508 -48.716101 -45.830597 -39.364379 -47.878013 -49.621508 -47.456991 -48.266771 -49.395876 -50.428591 -51.879630 
0.124090 9.350339 9.448064 12.972894 6.046787 2.536516 -6.193518 -8.341379 -9.856154 -17.705673 -27.103901 -26.517709 -31.639218 -30.367986 -31.822326 -28.248275 -29.285213 -32.378908 -35.894789 -37.274285 -37.889572 -38.750046 -38.595624 -38.146670 -40.096587 -41.468730 -41.751910 -42.532197 -42.902767 -43.762062 -44.178729 -44.727195 -45.252898 -45.342661 -45.802290 -46.133390 -46.438618 -46.400799 -46.769395 -47.190483 
-0.452651 9.531600 9.540620 12.768969 5.288234 0.648305 -5.581360 -9.857059 -11.829857 -16.650276 -22.248735 -29.076928 -31.064819 -33.057674 -34.050184 -35.558371 -35.534045 -35.073727 -37.391535 -38.863780 -40.098747 -40.998258 -41.300197 -41.225872 -42.163033 -43.320225 -43.941103 -44.329463 -44.988660 -45.485625 -45.952381 -46.584652 -46.789557 -47.275346 -47.739080 -48.081925 -48.333448 -48.555971 -48.681066 -48.811405 
-0.738541 9.549648 9.586040 12.771390 6.653965 -3.122300 -6.395270 -7.300824 -9.208359 -16.328286 -22.165423 -30.217751 -34.967679 -37.365775 -38.149941 -42.348591 -40.184366 -38.844464 -38.212443 -41.481592 -44.874977 -46.528023 -47.108181 -46.920470 -48.106304 -48.940302 -49.918193 -50.464443 -50.783197 -50.670380 -50.895623 -51.652476 -52.815759 -52.970357 -53.402069 -53.296177 -53.210195 -53.547667 -54.212698 -54.827223 
-2.681565 4.638198 2.602125 5.091488 3.377782 -6.650126 -15.667376 -14.873126 -16.752952 -21.388301 -30.331531 -36.975306 -41.590379 -43.710899 -43.043342 -47.010398 -46.722487 -45.576261 -41.967050 -46.400433 -50.233556 -52.361566 -52.540210 -52.422674 -53.588043 -54.478786 -54.489130 -55.076234 -56.017150 -55.553338 -56.124345 -57.126968 -57.661012 -57.384924 -58.108777 -58.743888 -57.711544 -57.666742 -58.387149 -59.099678 
-12.485107 -3.497041 -4.843733 -9.738028 -10.248391 -16.826195 -34.481220 -35.751473 -34.949212 -35.434168 -41.749289 -43.526921 -43.973827 -45.655080 -46.246263 -47.153079 -48.326394 -49.315739 -49.411056 -50.548163 -51.432749 -52.083727 -52.689741 -53.517898 -53.785393 -54.695702 -55.166740 -55.649752 -56.179737 -56.423175 -57.185193 -57.885429 -58.246585 -58.631297 -59.103014 -59.394286 -59.368615 -59.905700 -59.370929 -59.760212 
-23.223230 -18.191017 -11.794377 -14.669748 -23.708253 -26.107459 -31.990470 -35.017140 -35.931913 -35.773903 -36.213766 -36.828377 -37.095636 -37.374359 -37.982057 -38.213416 -38.569048 -39.140093 -39.566832 -40.239880 -40.738060 -40.809268 -40.812890 -40.841123 -40.840066 -41.105747 -41.570761 -42.224836 -42.931549 -43.530440 -44.140204 -44.822699 -45.429944 -46.395580 -47.820836 -49.234193 -50.584048 -51.878880 -52.185822 -51.822958 
-13.002022 -7.836019 -8.021530 -11.100859 -10.653752 -8.942418 -9.551875 -8.873231 -14.441419 -15.188267 -15.728937 -18.363717 -17.934475 -16.557076 -18.150270 -17.015159 -11.360166 -11.093081 -9.232444 -6.040885 -6.894265 -10.751094 -17.572129 -18.235555 -20.089975 -24.102792 -26.571557 -29.925062 -36.596267 -33.850845 -31.360423 -29.533453 -25.820430 -30.534824 -32.818150 -37.862801 -39.090860 -40.225464 -41.881190 -45.285240 
-11.845078 -4.951075 -2.807068 -5.881652 -9.251478 -10.547891 -8.711035 -5.559781 -9.758211 -12.544762 -12.881426 -14.754401 -20.121638 -20.442042 -23.188645 -17.358485 -14.942061 -10.251198 -10.793895 -6.315411 -2.982562 -5.565366 -15.862407 -17.435454 -21.027075 -27.107696 -29.180611 -32.162218 -29.909232 -31.856080 -31.647805 -30.431581 -22.557561 -29.845025 -31.759046 -33.008046 -34.412935 -34.568706 -33.591316 -37.630195 
-29.710027 -15.548823 -12.281896 -17.257170 -23.755754 -16.517802 -15.597276 -23.925125 -21.144167 -28.025532 -28.790115 -30.723804 -26.849837 -24.346451 -24.026832 -24.007239 -25.880665 -20.693619 -21.671453 -21.717312 -13.651100 -15.967108 -17.700202 -25.556016 -28.255644 -31.369103 -35.200128 -40.536045 -38.113947 -32.724280 -36.694598 -36.954457 -27.406951 -28.417331 -32.880713 -34.625759 -39.813200 -38.838056 -39.350199 -41.074448 
-45.164442 -48.239190 -49.869847 -55.025647 -54.943542 -53.536703 -51.997808 -50.865849 -50.078085 -51.935929 -51.270764 -52.416994 -52.878668 -53.180314 -53.847710 -53.981960 -53.555753 -52.108576 -51.358092 -50.478577 -49.681972 -49.578465 -49.780414 -50.518438 -51.320122 -52.643184 -54.394240 -56.633926 -58.624686 -60.584298 -66.451990 -63.560989 -55.749231 -53.588491 -55.249439 -59.391012 -66.020095 -62.735429 -63.762988 -60.892032 
-60.021559 -58.496344 -60.512475 -70.694151 -73.795655 -72.742140 -72.834579 -68.182883 -70.306575 -71.599276 -70.364056 -72.619191 -66.682067 -68.822017 -72.325307 -76.093223 -77.385554 -75.090052 -69.631446 -70.484727 -69.509704 -69.849098 -78.104442 -73.803104 -73.554330 -74.413022 -78.885455 -80.769885 -78.802583 -83.527382 -84.750401 -84.235712 -82.921730 -79.965229 -81.709527 -81.388428 -82.803897 -80.278139 -82.272330 -89.343202 
-62.107542 -59.942569 -60.308712 -63.350669 -66.092331 -70.048962 -69.293658 -67.006709 -68.775932 -70.849459 -74.399536 -74.352755 -71.664448 -73.675240 -73.547185 -75.875687 -76.142291 -77.304804 -78.404541 -80.237205 -82.678753 -83.749589 -87.717187 -79.829257 -80.474862 -83.023340 -80.804705 -83.643591 -83.539397 -84.864578 -88.134736 -89.931771 -87.585424 -85.607047 -85.807811 -88.967780 -89.183537 -84.636764 -83.675841 -90.121013 
-70.279784 -66.557597 -67.572321 -68.307630 -68.304754 -70.168141 -69.864354 -70.551673 -71.578164 -71.574173 -73.490697 -73.830806 -75.001321 -77.102726 -79.970204 -83.277499 -85.346583 -87.680881 -88.007260 -85.146115 -83.003711 -82.312994 -82.821991 -84.473638 -87.762476 -92.897174 -90.745664 -88.151911 -86.788258 -88.400011 -92.841164 -96.318979 -91.618064 -89.815885 -93.511709 -97.773718 -92.839633 -92.689961 -99.307539 -95.983534 
-73.457423 -70.289126 -71.563241 -75.237269 -71.844426 -73.177438 -79.871973 -84.526574 -75.637085 -71.398707 -75.646082 -79.462134 -77.730028 -77.759764 -79.166719 -76.692861 -80.817275 -77.246740 -74.432548 -83.221376 -77.868787 -74.687936 -78.157515 -81.552964 -80.893555 -79.714546 -80.251754 -82.966098 -81.619243 -85.555921 -86.024042 -85.041957 -85.389337 -83.578777 -88.508530 -89.421097 -89.879645 -90.614936 -91.698369 -91.518355 
-75.209398 -71.157648 -71.440778 -75.828067 -74.715021 -71.994918 -78.645249 -83.473378 -74.827473 -75.634887 -78.344799 -77.417745 -79.172760 -79.465850 -78.823524 -79.274449 -79.846550 -79.045566 -76.514822 -80.091984 -76.844176 -76.844570 -80.379830 -81.471903 -81.853830 -82.611935 -81.511701 -83.944062 -85.553730 -85.871593 -87.182956 -89.243171 -85.155532 -84.162145 -88.939003 -89.485189 -88.993827 -89.898858 -90.701195 -91.537418 
-69.415063 -68.754937 -69.341990 -70.784189 -72.244088 -71.960507 -72.752139 -73.781889 -72.138459 -71.334377 -72.060177 -71.559177 -73.077523 -76.770672 -80.141241 -84.489099 -81.774940 -81.281009 -82.911173 -85.831858 -80.133340 -81.421506 -85.793461 -85.145661 -80.055488 -82.181015 -90.506597 -87.235913 -86.769961 -83.077484 -86.552444 -86.874745 -87.091432 -88.796987 -90.115316 -87.493603 -92.453043 -92.081555 -92.232080 -95.527132 
-87.817674 -88.063836 -88.459754 -89.075932 -89.800740 -90.536803 -90.999939 -91.056678 -90.719127 -90.340421 -90.279643 -90.846953 -92.288974 -94.983608 -98.936113 -101.314388 -100.397046 -100.845687 -105.251940 -106.525843 -101.102157 -100.555440 -105.152572 -103.591177 -99.766952 -102.925586 -111.177600 -108.480647 -109.760781 -103.109318 -107.205638 -107.340312 -108.527996 -110.384949 -110.974391 -107.592568 -114.553695 -114.632515 -112.045080 -115.897466 
NaN NaN NaN NaN NaN NaN NaN NaN NaN NaN NaN NaN NaN NaN NaN NaN NaN NaN NaN NaN NaN NaN NaN NaN NaN NaN NaN NaN NaN NaN NaN NaN NaN NaN NaN NaN NaN NaN NaN NaN 
