NaN NaN NaN NaN NaN NaN NaN NaN NaN NaN NaN NaN NaN NaN NaN NaN NaN NaN NaN NaN NaN NaN NaN NaN NaN NaN NaN NaN NaN NaN NaN NaN NaN NaN NaN NaN NaN NaN NaN NaN 
NaN NaN NaN NaN NaN NaN NaN NaN NaN NaN NaN NaN NaN NaN NaN NaN NaN NaN NaN NaN NaN NaN NaN NaN NaN NaN NaN NaN NaN NaN NaN NaN NaN NaN NaN NaN NaN NaN NaN NaN 
NaN NaN NaN NaN NaN NaN NaN NaN NaN NaN NaN NaN NaN NaN NaN NaN NaN NaN NaN NaN NaN NaN NaN NaN NaN NaN NaN NaN NaN NaN NaN NaN NaN NaN NaN NaN NaN NaN NaN NaN 
NaN NaN NaN NaN NaN NaN NaN NaN NaN NaN NaN NaN NaN NaN NaN NaN NaN NaN NaN NaN NaN NaN NaN NaN NaN NaN NaN NaN NaN NaN NaN NaN NaN NaN NaN NaN NaN NaN NaN NaN 
NaN NaN NaN NaN NaN NaN NaN NaN NaN NaN NaN NaN NaN NaN NaN NaN NaN NaN NaN NaN NaN NaN NaN NaN NaN NaN NaN NaN NaN NaN NaN NaN NaN NaN NaN NaN NaN NaN NaN NaN 
NaN NaN NaN NaN NaN NaN NaN NaN NaN NaN NaN NaN NaN NaN NaN NaN NaN NaN NaN NaN NaN NaN NaN NaN NaN NaN NaN NaN NaN NaN NaN NaN NaN NaN NaN NaN NaN NaN NaN NaN 
NaN NaN NaN NaN NaN NaN NaN NaN NaN NaN NaN NaN NaN NaN NaN NaN NaN NaN NaN NaN NaN NaN NaN NaN NaN NaN NaN NaN NaN NaN NaN NaN NaN NaN NaN NaN NaN NaN NaN NaN 
-55.076596 -54.083707 -54.409814 -56.424077 -59.422358 -63.686881 -69.906585 -73.499181 -73.868469 -73.048358 -74.121568 -74.208024 -79.387940 -85.985080 -81.930829 -85.506851 -90.853730 -92.711141 -87.614282 -86.358866 -92.387120 -86.794881 -89.814025 -86.971828 -85.469466 -88.439432 -90.657372 -91.426207 -90.183661 -92.690532 -94.317985 -89.548200 -88.644483 -94.119128 -97.469459 -95.660282 -89.139156 -88.880874 -92.143759 -93.981446 
-39.484138 -42.948612 -43.640657 -47.881478 -52.290189 -59.514535 -67.009782 -77.793263 -69.253559 -69.976282 -70.578366 -69.007333 -67.899857 -71.178070 -71.829862 -78.406058 -75.956292 -75.040622 -75.015901 -73.799244 -78.091609 -75.912660 -77.463354 -75.971692 -76.029138 -77.450337 -75.513961 -77.400521 -82.067460 -81.708876 -80.935186 -81.191085 -78.148057 -79.153424 -81.834880 -78.119214 -77.977456 -80.750137 -79.586862 -81.299873 
-47.419607 -51.512803 -47.282095 -45.022197 -50.916796 -60.655578 -60.733140 -66.212884 -78.573571 -72.166039 -72.183318 -71.562629 -71.354825 -70.578047 -73.528451 -76.550085 -79.101912 -76.897940 -74.148207 -77.440936 -76.821025 -77.347351 -81.766383 -80.123704 -79.570714 -76.357383 -74.487247 -77.383716 -81.913565 -78.173439 -77.429384 -81.935744 -84.064091 -82.014049 -79.494755 -78.582290 -81.039133 -81.715027 -80.984960 -80.766284 
-44.835221 -51.104919 -52.226394 -45.498376 -49.556711 -62.183942 -62.189256 -67.649369 -66.494636 -69.993285 -68.883754 -71.342130 -73.303635 -72.483974 -74.876624 -74.102761 -75.697789 -81.353891 -73.666366 -79.113021 -80.108787 -78.836496 -80.058491 -76.581420 -79.472964 -77.532879 -75.761365 -77.526425 -80.102533 -78.081939 -80.712550 -82.099890 -79.161144 -78.180308 -79.813464 -80.810900 -80.714244 -79.231177 -82.139527 -84.080232 
-45.563058 -50.795753 -50.510782 -52.798759 -49.511239 -55.823701 -64.200327 -67.039624 -68.093080 -72.321422 -75.654403 -69.806554 -72.153270 -72.234419 -72.927803 -76.872330 -78.609565 -83.185517 -75.050891 -76.770833 -75.404097 -74.772821 -74.268125 -77.365497 -76.604516 -79.968644 -80.539161 -81.096043 -79.767181 -78.197948 -80.511046 -81.135578 -76.859979 -75.915232 -78.418062 -77.649445 -78.656711 -78.551543 -80.972250 -82.325153 
-34.661310 -45.030619 -48.007355 -55.862334 -54.679564 -61.718146 -67.873529 -64.734463 -68.447438 -73.118160 -77.930608 -72.190810 -74.978892 -75.587040 -79.457542 -76.018953 -75.302718 -75.933176 -76.448218 -75.758621 -77.286480 -72.688562 -76.895621 -78.572872 -77.924606 -81.434770 -80.021311 -81.448947 -83.292094 -79.933498 -77.870774 -78.366862 -76.014469 -78.519713 -78.704297 -77.981617 -78.639900 -78.328440 -79.586715 -81.343986 
-11.455189 -13.067347 -16.974724 -23.055410 -16.853929 -12.720962 -11.676928 -12.636210 -16.557454 -23.435063 -30.323159 -28.437617 -24.053650 -21.562940 -20.892867 -22.084344 -18.830123 -19.352071 -25.513108 -35.161964 -27.429027 -21.471003 -24.950074 -26.540725 -26.055915 -33.312649 -26.771263 -25.254739 -26.649515 -24.991256 -23.078496 -16.588514 -19.337974 -25.182831 -29.742846 -30.041498 -30.602376 -28.828999 -29.880619 -31.466718 
0.553170 -0.537285 -0.301584 4.424144 0.682900 -3.869943 -2.233052 -1.368906 -7.683082 -14.812753 -18.842112 -17.511322 -9.868200 -5.323166 -5.160456 -7.211373 -6.429748 -8.930579 -16.813409 -23.389294 -16.835564 -9.518104 -10.734565 -11.665269 -16.128283 -20.451027 -11.728433 -11.205005 -13.878369 -13.547525 -7.688233 -2.208534 -5.228642 -9.189005 -10.034754 -10.755085 -14.962882 -12.427578 -12.640009 -15.364376 
-0.512089 -6.075064 9.374587 19.348882 16.463902 6.197263 15.011196 17.904029 5.727555 -0.433073 -2.907382 -11.771536 -6.983301 -14.003065 -8.854925 -14.706044 -14.836784 -16.055203 -15.191029 -12.052681 -10.024056 -5.425739 -7.561746 -12.890923 -15.353996 -12.205946 -10.830310 -16.127522 -20.007563 -17.803505 -12.801416 -11.043624 -8.838363 -10.740523 -8.152683 -14.837508 -20.171673 -15.647369 -14.093714 -16.831120 
-6.277306 -14.761868 8.776387 22.193738 17.603255 -2.370657 18.402331 24.349215 9.383072 11.015629 9.452659 -2.410083 4.579398 -5.559969 -2.666940 -12.367945 -14.083691 -12.005301 -9.361488 -4.305691 0.494255 -0.322452 -2.798579 -8.450260 -13.933358 -11.232681 -7.071112 -13.087656 -21.203029 -20.868038 -14.705955 -8.049845 -10.956233 -12.025654 -14.602061 -25.105433 -27.592047 -22.400684 -21.009293 -19.959558 
-18.371958 -18.217025 7.463945 21.353499 15.953538 -7.327443 17.958051 21.665311 -0.083138 17.945692 17.377781 1.402634 6.271592 -4.117584 1.446796 -9.933336 -9.771865 -7.565413 -4.288167 1.617577 7.065844 -2.800746 -5.950192 -8.524295 -11.936369 -8.354675 -7.183689 -13.334465 -17.759609 -17.808504 -12.465741 -9.640763 -11.125215 -14.963207 -13.508088 -23.516044 -29.758768 -21.423058 -15.415286 -15.737009 
-19.147366 -18.149266 5.993836 20.520928 15.379441 -6.669900 16.177089 19.302417 -4.586350 20.802041 21.085595 5.739956 12.830140 0.842762 7.714368 -3.543724 -1.373962 -1.010028 2.692199 7.958985 5.226501 -3.828048 -6.526999 -7.109426 -8.812797 -5.523600 -5.878824 -13.649368 -16.512899 -17.052764 -12.034959 -12.066373 -14.914163 -14.419119 -16.896398 -23.968778 -35.467165 -26.058685 -17.119855 -18.386187 
-12.552838 -22.567457 5.672158 20.036149 14.797708 -8.140980 14.957028 17.373388 -7.207645 21.487275 20.134933 9.744072 18.299816 4.929747 11.338333 -0.329226 3.325753 6.897416 5.036066 7.564611 -1.270969 -6.600282 -8.208523 -8.090187 -9.065479 -6.782758 -8.556912 -14.749477 -16.154453 -16.680267 -11.760555 -11.206207 -18.267862 -21.358709 -17.414768 -23.274772 -38.234047 -35.516612 -24.613709 -21.650712 
-14.978639 -16.256279 5.786716 19.937399 14.883029 -7.277210 13.805266 16.514885 -6.673375 20.522816 17.840423 11.645853 20.539077 7.112047 13.054180 4.271194 7.360039 9.546112 2.729550 1.458991 -3.550761 -7.577056 -8.719854 -9.440477 -9.647204 -7.523446 -6.979315 -13.430024 -16.016998 -18.330741 -12.068336 -11.929952 -19.378926 -24.373775 -21.410492 -26.875209 -37.466219 -39.555300 -28.500176 -23.557655 
-15.279761 -15.756849 4.761224 19.838464 15.058563 -8.858393 12.479610 15.869227 -6.491445 19.298389 17.158628 10.889641 20.753403 6.857193 13.909305 5.461646 10.548758 5.416658 0.936739 -1.718991 -6.096879 -8.412922 -9.875874 -10.362389 -12.513836 -12.137147 -6.355825 -11.007897 -16.483847 -16.521979 -10.917272 -14.166930 -19.502035 -24.000795 -20.118560 -25.058277 -32.930414 -33.431595 -30.794628 -27.263740 
-7.096032 -15.465496 4.833479 19.902750 14.973008 -7.002768 12.199284 15.418969 -4.839815 18.824504 15.945401 10.657165 20.154116 7.350540 14.953914 7.301885 11.658401 1.128441 -1.530399 -2.600413 -5.925727 -9.776682 -11.565848 -11.509725 -14.607208 -15.092810 -7.862187 -9.337813 -14.192821 -14.693459 -10.313631 -14.231877 -18.607649 -21.505704 -18.368482 -24.054156 -40.068566 -42.705628 -35.484314 -27.238956 
-15.849006 -17.338930 6.050586 20.074559 14.751380 -8.614073 12.172331 14.390647 -6.081121 18.547441 14.455636 11.196525 18.923782 7.884186 16.090102 9.145485 12.456658 0.339656 -3.670568 -4.380050 -7.247956 -10.126205 -11.936710 -13.368140 -15.693396 -16.277593 -10.090322 -8.702928 -14.697934 -15.148442 -15.289576 -19.347605 -21.238463 -24.235665 -22.032787 -24.527376 -30.816918 -31.058068 -29.521213 -25.048619 
-15.478258 -10.928787 8.138773 20.467017 14.492958 -7.191187 12.181836 12.789583 -3.952054 18.235661 11.912103 12.253265 16.551065 11.256399 16.659498 10.770136 11.299417 -0.547762 -6.490051 -7.089455 -7.266603 -12.790860 -14.261857 -16.031092 -18.910480 -19.164413 -12.646800 -7.694473 -10.252659 -12.545161 -13.359000 -18.530394 -21.910199 -26.152509 -22.700050 -26.796307 -39.833001 -43.838999 -35.287491 -28.829398 
-18.816567 -19.546232 9.229408 20.980181 14.178285 -6.704504 12.286576 11.247403 -2.133260 18.091569 9.401933 13.869778 15.153486 12.399675 16.372674 12.868623 9.815650 -1.163702 -7.571698 -7.416950 -6.696924 -11.107479 -13.439082 -16.333368 -18.354948 -18.831129 -13.999807 -7.298112 -9.453775 -14.263876 -13.071095 -17.826488 -19.862719 -24.203550 -21.795177 -24.855186 -28.529305 -28.975692 -28.962264 -26.511510 
-17.653025 -24.614083 10.323139 21.401983 13.748993 -5.182939 12.444898 9.634006 0.601507 17.711615 7.008871 15.795132 14.469590 14.982571 15.099744 14.234267 8.328665 -2.223662 -8.629452 -8.976926 -8.624106 -11.867260 -14.940201 -18.532683 -20.332590 -20.839648 -15.506751 -6.294886 -6.644765 -12.025825 -11.461331 -16.776297 -18.983377 -23.421249 -23.954958 -25.613441 -34.871439 -35.781281 -33.547384 -26.831596 
-20.476489 -17.521271 12.128442 21.682164 12.557535 -2.583519 12.617855 6.696034 5.484331 16.685521 5.230246 17.973586 12.219921 17.862756 12.427046 15.106665 5.370998 -1.218749 -8.076382 -8.932233 -9.322297 -10.158905 -13.555819 -16.680913 -19.844925 -20.491434 -16.359143 -7.869834 -5.763620 -12.456268 -11.714252 -16.505093 -20.458485 -22.510025 -22.505218 -24.747228 -29.619971 -30.150439 -29.781355 -26.915633 
-30.229409 -13.257557 14.093072 21.586846 10.684790 1.550410 12.905739 3.136039 8.920554 13.877580 6.307833 18.318314 10.041333 19.245591 12.303363 15.363701 3.612548 -1.990489 -6.577479 -9.218608 -10.273959 -12.361446 -14.872225 -19.329655 -22.001201 -23.266989 -17.507742 -8.344654 -5.850052 -11.662893 -10.599546 -17.615572 -21.403711 -24.515086 -24.472062 -26.797585 -39.344575 -44.357856 -34.618577 -25.782424 
-23.367192 -7.103335 15.781576 21.022681 8.140134 6.241415 12.887209 1.721125 12.275135 10.682959 12.048294 16.762979 13.504290 17.387551 14.395735 13.429275 8.095970 -1.847622 -7.690364 -8.722770 -9.555986 -11.615420 -15.420644 -19.453128 -22.266294 -24.706721 -17.629329 -8.616984 -6.800054 -12.611274 -12.931153 -16.813281 -21.200992 -24.606444 -26.693361 -28.855265 -40.710682 -44.519698 -37.697963 -27.844298 
-18.386200 -1.657486 16.802161 19.473376 4.865142 9.718810 11.616422 -0.526664 13.213781 5.997157 17.131038 14.149396 16.034826 13.148417 16.400688 11.155418 9.143202 -3.616002 -8.028686 -8.587583 -9.278179 -11.996733 -16.723714 -20.629354 -25.146981 -27.177402 -19.878324 -10.035177 -7.559208 -13.943198 -10.711308 -15.885039 -20.242824 -24.077518 -24.151351 -27.140173 -37.478452 -42.676409 -34.592047 -24.390939 
-19.834548 0.587111 17.209011 17.141790 1.232837 11.933918 9.553142 4.414750 12.697662 6.756406 18.455132 12.815758 16.103345 14.158357 15.924137 14.580960 6.940932 -1.647730 -5.894424 -7.210269 -10.063285 -13.176027 -16.375364 -21.828623 -25.752440 -25.918864 -21.332355 -9.414695 -9.259395 -13.962331 -10.041553 -14.515490 -20.586434 -24.436410 -22.871541 -28.377655 -35.156024 -36.539753 -34.533532 -28.226758 
-18.678058 3.770832 17.067055 14.239042 3.030493 13.442719 5.997648 8.964470 10.381315 11.530854 14.932536 13.649811 13.661019 15.936580 13.946944 15.175964 9.282079 -0.991104 -5.617001 -7.997141 -10.046404 -13.025013 -17.626187 -22.240044 -25.891654 -25.499849 -18.876517 -9.226548 -9.662296 -13.583855 -10.074905 -15.537666 -22.900184 -28.358883 -21.937982 -29.645801 -40.338987 -45.021518 -38.208643 -27.895312 
-18.793687 5.743232 16.563418 11.391864 7.914590 14.612311 4.989736 11.074564 6.197909 14.434072 10.468609 16.055050 13.147162 16.230738 15.035445 12.961082 10.351442 -1.768695 -8.280060 -9.057548 -10.996116 -12.909865 -17.122153 -21.329878 -24.211377 -23.410662 -16.449713 -8.359879 -8.455346 -13.825505 -10.632087 -15.254309 -20.158734 -23.326351 -22.293652 -28.804374 -35.937064 -36.908373 -34.219562 -27.118393 
-11.159031 7.117438 15.795177 8.510631 11.495497 14.558264 6.258613 11.642474 5.872158 12.790996 12.535861 14.439475 14.534799 12.576214 14.223754 13.991287 9.481290 0.165482 -6.500013 -9.079073 -12.630267 -15.339906 -18.609409 -22.725939 -24.882524 -24.452258 -17.072335 -9.388317 -12.107235 -16.078309 -14.429054 -17.953511 -22.568161 -26.313059 -22.229317 -27.569468 -43.866326 -45.464157 -32.400563 -25.845057 
-9.100659 8.107871 15.324950 7.005741 13.314548 12.767592 6.724821 9.215922 7.498473 9.491769 15.272960 11.903957 12.473020 12.389582 11.612258 11.423395 10.711189 -0.117733 -9.233108 -10.437389 -12.728179 -15.149420 -17.644490 -21.939003 -25.587695 -26.013477 -15.538527 -10.318066 -18.148772 -19.919681 -14.425907 -16.351648 -24.229438 -27.693774 -22.719684 -31.125288 -40.954057 -42.765822 -32.468190 -26.572524 
-6.012184 9.069526 14.559709 6.883197 15.176798 11.206021 8.806499 6.756507 10.180404 8.007431 16.065308 11.549751 9.343921 10.368380 7.796156 9.585617 9.506474 0.120504 -9.211066 -12.658545 -14.259422 -16.813499 -19.926774 -23.167616 -25.791686 -24.486871 -14.230856 -12.458834 -19.272651 -21.294330 -15.609595 -16.195368 -23.902874 -26.849691 -24.477697 -30.222771 -45.101463 -44.534068 -37.182770 -31.535302 
-5.515489 9.310621 13.175228 6.990006 15.194143 9.249741 8.435766 5.367250 10.776984 11.097747 13.966373 11.164168 9.385649 7.705596 5.405628 5.091755 7.853611 2.142499 -7.466453 -11.828424 -14.385639 -17.992213 -19.759343 -21.995532 -25.434737 -22.909695 -15.321299 -16.988127 -24.268159 -26.977103 -21.429081 -23.755718 -30.062455 -30.939107 -22.680690 -29.862112 -45.400634 -43.519591 -33.589666 -30.530845 
-6.237701 8.569726 12.546273 6.275480 14.543650 9.174420 8.144428 5.008201 10.162554 9.327263 10.329443 6.118757 4.979667 4.628928 3.515007 1.731574 3.925506 -0.553406 -6.778734 -11.193176 -14.611124 -19.205437 -21.773003 -24.516050 -24.692887 -19.022845 -13.878966 -18.907546 -27.490865 -29.449270 -22.210453 -23.547373 -27.160598 -28.636849 -20.460108 -27.944646 -46.070732 -49.313077 -35.685739 -28.853775 
-5.868049 7.719628 10.346487 7.225153 14.468427 5.619326 7.487735 3.408567 8.020426 4.433979 5.957848 4.342442 0.976543 -0.672556 -2.517624 -5.029668 -0.670109 1.776283 -8.316434 -14.266646 -17.795859 -22.107286 -24.984425 -27.420450 -28.002431 -20.792892 -15.833218 -21.451364 -28.190922 -31.442410 -23.046104 -23.177084 -30.983264 -29.998620 -19.054251 -28.337348 -50.413831 -48.918000 -39.623679 -33.209350 
-6.638226 8.164754 11.157714 6.862454 13.219694 4.752364 4.395661 0.139562 4.043842 -2.638557 -5.172435 -7.620295 -7.447878 -9.031718 -9.284362 -11.603819 -8.365180 -3.539755 -13.255453 -18.047523 -22.715348 -27.387439 -29.777661 -35.893060 -39.963668 -28.816106 -27.285668 -37.742513 -39.741976 -37.576099 -29.978769 -24.994410 -30.813327 -31.153120 -27.147866 -39.173738 -48.061312 -48.428267 -42.197976 -37.660661 
-8.579968 7.990838 10.680400 8.621436 11.977896 2.934042 -1.256388 -4.697011 -4.104545 -15.615954 -15.545475 -16.740341 -20.326149 -17.601380 -17.998212 -21.449055 -19.035826 -14.401939 -24.446055 -32.157918 -33.329376 -35.889806 -36.658508 -47.839357 -46.130810 -38.759159 -41.344921 -49.017669 -51.837975 -48.627442 -43.098343 -37.206577 -38.158019 -39.227813 -37.914898 -47.711594 -56.169588 -53.439455 -47.918726 -45.508040 
-10.324377 5.735579 7.835801 5.444932 10.271815 0.623012 -8.489381 -11.773086 -13.220907 -22.291521 -25.912631 -21.768283 -27.530994 -28.580359 -27.036295 -33.726840 -33.585421 -28.965364 -25.614457 -33.583504 -42.013081 -42.834164 -41.605195 -45.956417 -46.835295 -46.507760 -47.680746 -50.618495 -51.935077 -51.580491 -52.029914 -49.716857 -49.418464 -51.330985 -50.424893 -52.658190 -54.256484 -53.506025 -54.413080 -53.766728 
-6.141527 3.106457 4.024154 3.260846 6.406131 -3.382189 -16.713217 -20.904461 -18.807532 -30.904114 -30.587696 -31.830824 -32.250352 -33.074740 -34.733878 -39.195838 -39.001880 -32.167533 -35.096384 -40.191737 -42.391501 -44.351654 -45.001285 -45.400556 -46.127187 -46.385136 -47.321006 -48.404330 -48.968081 -49.383888 -49.910417 -49.920661 -49.959295 -50.401397 -51.304169 -51.905943 -52.380822 -52.096370 -52.607097 -52.908594 
-14.292638 -7.583269 -4.386851 -3.242689 -6.445247 -21.630402 -31.543969 -31.405514 -30.614763 -37.355877 -39.309869 -36.271455 -36.089929 -38.996896 -43.696727 -46.178600 -47.300103 -46.951015 -46.815011 -44.817965 -50.249580 -51.073562 -52.361001 -52.986433 -52.986080 -53.424669 -55.116603 -55.701027 -55.822614 -56.422300 -56.549070 -56.531746 -57.364197 -57.873706 -58.831449 -58.781822 -59.236255 -59.415883 -59.567219 -59.932477 
-31.382945 -22.387967 -24.114069 -22.176315 -20.775254 -31.611060 -41.738231 -44.759575 -43.609064 -43.671500 -46.769443 -44.922123 -47.719004 -48.238320 -53.461648 -54.927980 -55.398095 -55.684314 -55.017800 -56.471106 -57.603417 -58.820355 -58.732990 -60.185747 -60.913792 -61.282563 -62.008831 -62.800329 -62.845880 -63.484294 -64.203970 -64.841238 -65.149340 -65.687171 -65.534712 -66.079719 -66.460961 -66.580058 -66.934717 -67.221342 
-30.679847 -34.504459 -30.952015 -37.148261 -35.174506 -48.210582 -47.777459 -48.505767 -53.366140 -58.919048 -57.860998 -61.954358 -65.229334 -66.414614 -65.437928 -64.386573 -66.276591 -68.476442 -74.329840 -69.318109 -67.716462 -70.524241 -69.567235 -72.950738 -75.563952 -73.567731 -76.575945 -74.142297 -74.765578 -76.988651 -76.275790 -75.411928 -77.029370 -77.286725 -72.873877 -73.448177 -75.613115 -78.473627 -79.124022 -80.031317 
-10.650920 -10.938781 -14.021459 -20.555374 -27.128354 -19.292200 -14.828322 -14.314403 -17.758112 -22.710205 -25.300223 -29.212153 -24.491786 -23.971772 -27.663165 -29.653891 -28.087384 -32.393604 -31.229178 -22.540037 -19.388085 -23.817973 -37.048337 -42.457168 -45.206793 -37.921826 -39.192200 -38.293652 -42.425274 -51.783982 -44.770913 -43.813445 -45.171653 -49.494240 -45.413018 -50.539396 -54.402014 -53.963564 -47.651899 -45.452763 
-5.453923 -3.125570 -6.531524 -16.379766 -15.495884 -12.498496 -9.278800 -7.061111 -12.602096 -20.846559 -19.908919 -23.299322 -18.330694 -19.123675 -23.848316 -25.123527 -19.494342 -22.935722 -24.087340 -15.272745 -12.284547 -12.928397 -26.025176 -26.429394 -30.029181 -25.695694 -30.503019 -33.094910 -36.607766 -41.520534 -38.077858 -33.994452 -34.207129 -39.070196 -35.709253 -42.405754 -45.519976 -42.835876 -38.251220 -38.243083 
-19.439771 -18.457911 -18.919099 -22.063200 -22.430044 -23.689657 -24.049515 -24.962362 -27.714744 -29.119533 -35.691534 -33.310457 -33.432146 -33.665637 -36.301421 -34.675445 -35.770725 -33.764880 -35.521846 -33.052271 -31.656269 -25.629942 -33.386802 -30.130892 -35.074452 -35.079953 -37.208826 -40.916862 -46.816142 -50.903124 -50.840808 -44.190560 -44.937340 -48.252590 -45.064179 -51.696539 -52.400277 -51.163532 -48.529917 -52.820556 
-72.843504 -75.203081 -74.437167 -76.008991 -74.493946 -79.864694 -81.191230 -78.717082 -78.358577 -77.759007 -74.977134 -75.632603 -76.527570 -76.835169 -78.153360 -78.042606 -77.784198 -79.563407 -82.681459 -84.022035 -80.080220 -77.788675 -79.662276 -85.657254 -84.753496 -85.977548 -89.310498 -93.200619 -89.468511 -84.409863 -88.413575 -82.642447 -83.283857 -89.453664 -90.365886 -90.554677 -87.260016 -86.811765 -87.665315 -93.757707 
-97.445698 -97.456080 -97.473353 -97.502495 -97.541981 -97.597359 -97.665052 -97.751968 -97.867655 -98.005853 -98.174470 -98.384322 -98.631681 -98.933102 -99.296881 -99.726289 -100.250171 -100.875135 -101.631876 -102.547767 -103.677968 -105.101898 -106.903678 -109.324118 -112.814993 -118.695259 -128.492759 -120.575116 -114.911393 -112.145658 -110.748532 -110.323997 -110.780651 -112.266951 -115.355806 -122.188012 -127.824550 -118.442951 -115.204710 -116.663191 
NaN NaN NaN NaN NaN NaN NaN NaN NaN NaN NaN NaN NaN NaN NaN NaN NaN NaN NaN NaN NaN NaN NaN NaN NaN NaN NaN NaN NaN NaN NaN NaN NaN NaN NaN NaN NaN NaN NaN NaN 
NaN NaN NaN NaN NaN NaN NaN NaN NaN NaN NaN NaN NaN NaN NaN NaN NaN NaN NaN NaN NaN NaN NaN NaN NaN NaN NaN NaN NaN NaN NaN NaN NaN NaN NaN NaN NaN NaN NaN NaN 
NaN NaN NaN NaN NaN NaN NaN NaN NaN NaN NaN NaN NaN NaN NaN NaN NaN NaN NaN NaN NaN NaN NaN NaN NaN NaN NaN NaN NaN NaN NaN NaN NaN NaN NaN NaN NaN NaN NaN NaN 
NaN NaN NaN NaN NaN NaN NaN NaN NaN NaN NaN NaN NaN NaN NaN NaN NaN NaN NaN NaN NaN NaN NaN NaN NaN NaN NaN NaN NaN NaN NaN NaN NaN NaN NaN NaN NaN NaN NaN NaN 
NaN NaN NaN NaN NaN NaN NaN NaN NaN NaN NaN NaN NaN NaN NaN NaN NaN NaN NaN NaN NaN NaN NaN NaN NaN NaN NaN NaN NaN NaN NaN NaN NaN NaN NaN NaN NaN NaN NaN NaN 
NaN NaN NaN NaN NaN NaN NaN NaN NaN NaN NaN NaN NaN NaN NaN NaN NaN NaN NaN NaN NaN NaN NaN NaN NaN NaN NaN NaN NaN NaN NaN NaN NaN NaN NaN NaN NaN NaN NaN NaN 
