NaN NaN NaN NaN NaN NaN NaN NaN NaN NaN NaN NaN NaN NaN NaN NaN NaN NaN NaN NaN NaN NaN NaN NaN NaN NaN NaN NaN NaN NaN NaN NaN NaN NaN NaN NaN NaN NaN NaN NaN 
NaN NaN NaN NaN NaN NaN NaN NaN NaN NaN NaN NaN NaN NaN NaN NaN NaN NaN NaN NaN NaN NaN NaN NaN NaN NaN NaN NaN NaN NaN NaN NaN NaN NaN NaN NaN NaN NaN NaN NaN 
NaN NaN NaN NaN NaN NaN NaN NaN NaN NaN NaN NaN NaN NaN NaN NaN NaN NaN NaN NaN NaN NaN NaN NaN NaN NaN NaN NaN NaN NaN NaN NaN NaN NaN NaN NaN NaN NaN NaN NaN 
NaN NaN NaN NaN NaN NaN NaN NaN NaN NaN NaN NaN NaN NaN NaN NaN NaN NaN NaN NaN NaN NaN NaN NaN NaN NaN NaN NaN NaN NaN NaN NaN NaN NaN NaN NaN NaN NaN NaN NaN 
NaN NaN NaN NaN NaN NaN NaN NaN NaN NaN NaN NaN NaN NaN NaN NaN NaN NaN NaN NaN NaN NaN NaN NaN NaN NaN NaN NaN NaN NaN NaN NaN NaN NaN NaN NaN NaN NaN NaN NaN 
NaN NaN NaN NaN NaN NaN NaN NaN NaN NaN NaN NaN NaN NaN NaN NaN NaN NaN NaN NaN NaN NaN NaN NaN NaN NaN NaN NaN NaN NaN NaN NaN NaN NaN NaN NaN NaN NaN NaN NaN 
NaN NaN NaN NaN NaN NaN NaN NaN NaN NaN NaN NaN NaN NaN NaN NaN NaN NaN NaN NaN NaN NaN NaN NaN NaN NaN NaN NaN NaN NaN NaN NaN NaN NaN NaN NaN NaN NaN NaN NaN 
NaN NaN NaN NaN NaN NaN NaN NaN NaN NaN NaN NaN NaN NaN NaN NaN NaN NaN NaN NaN NaN NaN NaN NaN NaN NaN NaN NaN NaN NaN NaN NaN NaN NaN NaN NaN NaN NaN NaN NaN 
NaN NaN NaN NaN NaN NaN NaN NaN NaN NaN NaN NaN NaN NaN NaN NaN NaN NaN NaN NaN NaN NaN NaN NaN NaN NaN NaN NaN NaN NaN NaN NaN NaN NaN NaN NaN NaN NaN NaN NaN 
NaN NaN NaN NaN NaN NaN NaN NaN NaN NaN NaN NaN NaN NaN NaN NaN NaN NaN NaN NaN NaN NaN NaN NaN NaN NaN NaN NaN NaN NaN NaN NaN NaN NaN NaN NaN NaN NaN NaN NaN 
NaN NaN NaN NaN NaN NaN NaN NaN NaN NaN NaN NaN NaN NaN NaN NaN NaN NaN NaN NaN NaN NaN NaN NaN NaN NaN NaN NaN NaN NaN NaN NaN NaN NaN NaN NaN NaN NaN NaN NaN 
NaN NaN NaN NaN NaN NaN NaN NaN NaN NaN NaN NaN NaN NaN NaN NaN NaN NaN NaN NaN NaN NaN NaN NaN NaN NaN NaN NaN NaN NaN NaN NaN NaN NaN NaN NaN NaN NaN NaN NaN 
NaN NaN NaN NaN NaN NaN NaN NaN NaN NaN NaN NaN NaN NaN NaN NaN NaN NaN NaN NaN NaN NaN NaN NaN NaN NaN NaN NaN NaN NaN NaN NaN NaN NaN NaN NaN NaN NaN NaN NaN 
NaN NaN NaN NaN NaN NaN NaN NaN NaN NaN NaN NaN NaN NaN NaN NaN NaN NaN NaN NaN NaN NaN NaN NaN NaN NaN NaN NaN NaN NaN NaN NaN NaN NaN NaN NaN NaN NaN NaN NaN 
NaN NaN NaN NaN NaN NaN NaN NaN NaN NaN NaN NaN NaN NaN NaN NaN NaN NaN NaN NaN NaN NaN NaN NaN NaN NaN NaN NaN NaN NaN NaN NaN NaN NaN NaN NaN NaN NaN NaN NaN 
-54.306604 -57.474668 -61.584127 -63.363928 -65.046732 -67.669645 -67.739407 -71.487904 -75.533406 -78.148336 -77.624158 -77.032870 -76.166705 -80.947495 -93.001486 -90.047544 -88.059367 -85.405884 -89.046717 -86.022635 -84.811855 -84.048227 -85.116542 -88.293253 -95.246859 -85.296288 -85.114504 -85.916029 -85.788457 -89.748836 -88.704659 -87.363221 -88.507128 -92.007979 -90.171866 -88.530872 -88.273938 -87.264899 -83.810836 -87.455028 
-42.731697 -48.107542 -55.071492 -55.901601 -59.558679 -61.848211 -59.375561 -68.117774 -73.594582 -72.883208 -71.986965 -71.531269 -68.948055 -69.912304 -71.418120 -75.909604 -77.708885 -73.226136 -79.104713 -80.925213 -80.419211 -77.875018 -76.890725 -75.761066 -77.812756 -74.707050 -74.399611 -74.472665 -77.336217 -76.064512 -75.258651 -80.232508 -77.036116 -76.554186 -78.557795 -76.924733 -77.899356 -76.287611 -74.874704 -78.881996 
-24.351820 -21.743473 -20.634098 -21.837873 -25.149638 -31.346941 -36.911938 -38.761240 -41.507619 -46.687591 -49.669027 -50.746021 -54.807626 -58.095074 -57.859333 -58.547028 -61.312409 -63.051461 -64.433009 -66.068425 -65.548067 -69.522052 -68.290852 -71.323151 -73.167315 -74.369299 -73.884149 -72.562450 -72.505881 -73.438303 -73.947915 -78.610154 -77.183385 -77.422558 -76.330918 -75.444544 -77.189196 -78.817382 -78.210263 -79.079964 
-13.292011 -1.725420 2.497964 0.132861 -3.570157 -8.114382 -18.283694 -19.624561 -25.835988 -32.557576 -42.317671 -47.060602 -53.375304 -51.151811 -55.688102 -57.760926 -56.685560 -59.451165 -57.983456 -53.725066 -56.357813 -63.371580 -66.922173 -61.504110 -60.615194 -58.883800 -64.453606 -67.008541 -67.453965 -65.641320 -63.031686 -70.110713 -69.915836 -69.220570 -66.824036 -63.817509 -64.807837 -66.945093 -66.168574 -67.902203 
-9.278585 2.248341 2.832346 -0.938399 -2.091550 -6.366838 -17.148705 -19.061389 -23.857561 -29.292522 -39.589453 -45.185789 -51.926188 -55.027616 -55.000846 -56.326552 -56.241170 -54.595580 -51.188276 -45.034192 -55.640756 -61.782917 -64.999343 -62.307191 -61.826708 -59.733487 -62.128920 -62.805007 -62.968543 -61.698163 -63.068920 -67.056172 -66.155619 -65.825041 -64.607825 -65.472978 -64.400144 -64.534071 -64.415511 -64.845883 
-11.849114 -1.868237 -4.067650 -6.373794 -6.572032 -19.940067 -40.129945 -34.575205 -33.339604 -40.451770 -43.709461 -47.252347 -47.815242 -48.574327 -49.379340 -51.354635 -51.920984 -52.091898 -52.430305 -51.972772 -54.702408 -55.728477 -56.145769 -56.681912 -57.035802 -57.382037 -57.737200 -58.369889 -59.256447 -59.659350 -60.294409 -60.403643 -61.227672 -60.951940 -61.053884 -62.616080 -62.779547 -62.714828 -63.276952 -62.588366 
-2.479926 -2.023119 -3.130702 -3.726550 -7.933984 -10.940302 -12.794502 -9.621387 -12.632930 -19.414340 -20.959616 -21.080353 -16.494587 -18.152416 -22.686818 -25.820982 -23.972877 -19.429301 -19.604621 -15.333319 -22.521280 -16.950138 -22.266371 -25.879044 -26.798097 -14.950338 -14.064564 -17.189633 -18.685055 -24.967465 -20.042684 -21.128241 -18.270863 -20.906050 -21.779363 -27.442308 -35.539221 -26.894799 -27.681527 -30.075207 
-1.629162 10.189362 11.404784 8.213532 13.575885 9.202462 8.618439 8.880178 3.635127 -0.800307 -5.951343 -10.423526 -13.465326 -14.715603 -16.956897 -16.678842 -17.004305 -11.424477 -8.944830 -3.891325 -11.836977 -11.886745 -16.622336 -21.453391 -15.799184 -4.246521 -6.723045 -13.066027 -11.839847 -12.453581 -14.207267 -20.319905 -14.291919 -15.075579 -16.640521 -20.008753 -26.193643 -21.533676 -20.845625 -24.997378 
-0.922740 11.495654 14.723259 9.400928 18.606221 13.811147 18.973612 21.216569 17.948648 13.267061 7.761036 0.656586 -3.476331 -7.110121 -8.432016 -7.020320 -6.724447 -3.347834 5.049234 5.318347 -3.707430 -9.757700 -14.088346 -14.573238 -7.766417 -1.567355 -7.740350 -11.564838 -14.323333 -13.589750 -21.868059 -22.922769 -20.149059 -25.419173 -25.819422 -22.283661 -28.513425 -28.225905 -26.371703 -29.281676 
-7.413085 8.034111 13.224566 6.254472 17.274478 14.961626 17.778254 18.351130 19.620399 21.355042 11.900018 5.208139 2.378249 0.242237 -1.624230 -1.244079 1.442116 7.222848 7.996911 2.971057 -4.840519 -9.711082 -12.783876 -10.938333 -3.213844 -1.413089 -9.188891 -10.703144 -14.486424 -20.445348 -30.402052 -26.165272 -21.987850 -28.268687 -28.938246 -23.422007 -24.920675 -27.331098 -28.417643 -34.084596 
-11.334115 2.189719 11.233779 6.528646 13.391511 15.482573 12.912600 18.916823 15.989355 24.968857 14.573886 10.868601 6.783909 3.157231 3.563414 5.650559 8.957569 11.121668 3.893726 -2.000058 -6.689870 -11.630922 -13.018108 -9.674307 -2.194989 -4.310375 -11.138049 -11.069872 -13.827229 -20.208240 -31.322877 -30.729594 -25.789600 -27.932434 -27.002927 -21.061193 -22.131545 -25.520488 -24.011399 -35.683310 
-14.529977 2.670293 12.748738 8.196731 8.578811 15.675072 8.396579 17.695170 15.379262 25.638488 18.588960 12.421190 6.290026 7.167984 7.212480 11.537523 10.213887 5.239748 0.382929 -5.083133 -9.615465 -14.381827 -15.788247 -11.264088 -3.917234 -7.313506 -13.071264 -12.462181 -14.417343 -19.948755 -31.144909 -32.542701 -28.129750 -27.703142 -26.290906 -20.080427 -21.413948 -26.538660 -25.526022 -36.552720 
-14.575813 0.175867 12.382547 9.718942 3.075348 13.986119 8.248215 15.281133 16.646071 22.171068 21.904276 9.866605 10.200312 10.450290 11.788233 12.721477 8.616652 0.301754 -4.100568 -8.182050 -12.065040 -15.778133 -18.142110 -12.713965 -5.349805 -11.051252 -15.747566 -14.245951 -14.383678 -20.628858 -30.395899 -35.977303 -32.715259 -29.946954 -27.199192 -19.832289 -20.195885 -24.153476 -24.852212 -38.827834 
-21.115819 -3.810942 12.131095 11.578810 0.307349 13.390248 10.519397 11.043914 19.897666 15.129928 22.885668 10.233167 14.504630 12.720528 11.708486 11.447044 -2.356861 -5.434475 -8.753463 -11.866951 -15.193882 -19.514797 -21.246498 -16.231096 -10.254791 -16.590885 -19.863660 -19.305943 -20.033463 -23.360681 -33.823928 -40.361523 -39.586910 -34.468384 -29.838324 -20.663152 -21.813987 -26.656710 -27.298110 -41.225367 
-30.150020 -5.498013 11.949486 13.013736 -2.595945 10.451899 11.531061 8.742232 21.875035 12.722356 22.296581 14.727438 17.861431 12.123252 10.620793 2.756571 -2.936195 -6.180159 -9.266635 -13.665436 -16.229946 -18.579659 -19.547939 -15.509786 -11.694867 -15.279762 -19.868247 -18.386731 -16.993852 -20.007144 -32.239819 -37.515679 -35.645126 -31.824007 -26.734131 -17.124820 -17.061345 -24.179653 -25.794898 -37.115014 
-15.143647 -7.724929 10.006644 13.691591 -0.716458 7.096978 12.768992 6.005921 21.946167 15.679230 20.142911 17.755400 17.228150 15.249107 10.019290 1.618389 -3.269479 -5.857605 -9.081930 -11.936765 -14.712553 -18.281270 -18.585344 -15.503828 -14.080453 -17.263351 -18.882324 -17.609729 -17.113332 -18.817327 -28.629703 -30.010143 -30.359763 -29.740579 -26.214374 -17.474406 -17.189046 -25.267516 -25.079712 -31.764833 
-24.984094 -26.424930 7.526602 14.380481 2.747981 5.016583 14.524075 3.667557 19.885953 19.700861 12.997784 18.663737 13.464390 19.020994 5.816060 3.138263 -4.679195 -8.688047 -10.522536 -12.117460 -15.357106 -19.605686 -22.149757 -16.299551 -15.134553 -17.979992 -19.385138 -18.033811 -17.480462 -18.799017 -33.824756 -44.435050 -36.568035 -33.078297 -26.203695 -15.644720 -15.743464 -22.830022 -22.856196 -39.717396 
-31.315598 -17.971353 8.715604 16.174279 5.810602 4.681973 15.980683 7.263080 16.610571 22.191730 8.068758 17.748660 11.321522 21.046630 7.506035 4.803019 -4.626967 -6.275348 -8.036438 -12.632113 -15.387046 -17.248033 -18.270136 -16.317436 -16.077423 -19.252729 -19.881562 -17.103305 -16.063859 -19.347712 -30.877036 -33.516382 -33.152417 -30.825011 -24.176331 -13.538550 -13.849685 -21.744000 -21.986358 -34.450592 
-29.172480 -17.425795 9.070800 17.531884 8.049401 0.493286 15.974714 9.882502 13.214701 24.060464 8.163582 15.093663 9.666536 20.811592 10.969882 2.432096 -6.613186 -6.173919 -8.575925 -14.671990 -17.303262 -20.016860 -20.337548 -16.370637 -16.107184 -15.278183 -19.907147 -19.549306 -18.306310 -18.178928 -34.679431 -41.101739 -36.390823 -31.263092 -25.465721 -14.926083 -14.073577 -23.055203 -22.969206 -38.351758 
-24.908726 -23.223235 8.333858 18.081582 9.236101 -1.325253 15.838727 10.830584 11.036762 24.799625 10.299208 14.190946 9.594828 18.018672 13.628312 5.088566 -4.612984 -5.475046 -9.745315 -15.111126 -18.132393 -23.281190 -25.840917 -19.481374 -21.162086 -18.228400 -21.833217 -23.564381 -23.395938 -23.510728 -34.295259 -39.568411 -37.585135 -33.791717 -27.770376 -17.522860 -16.409517 -23.842036 -25.021020 -39.326062 
-25.550994 -23.956687 8.571277 18.278948 9.367875 -1.128474 15.850226 11.239496 10.476130 25.195431 11.125615 14.486138 9.118993 16.787913 13.294462 7.012138 -0.395721 -1.779519 -6.646266 -11.132988 -14.299411 -18.525193 -21.149403 -16.618112 -16.384741 -14.449788 -17.933740 -20.692691 -20.373307 -22.629911 -32.817042 -37.434710 -33.967636 -30.132265 -23.904909 -15.855224 -15.177145 -23.505556 -25.014278 -38.040836 
-18.999577 -20.658073 8.505701 18.171965 9.395527 -1.720404 15.725040 11.097911 10.910201 25.087451 10.615519 14.324238 8.584496 17.040342 12.042492 5.830301 -2.047650 -2.778609 -7.102564 -11.916456 -14.142313 -18.203999 -20.100720 -15.849706 -16.925111 -14.292146 -16.874522 -19.045452 -18.894349 -19.735475 -29.509522 -34.238683 -33.170050 -28.273415 -21.068112 -12.498375 -14.040561 -21.007389 -21.451658 -33.611700 
-11.561916 -14.074481 9.142659 17.625490 7.560297 1.888336 15.689413 8.409937 14.527953 24.275157 8.741397 16.000462 7.305845 18.975840 9.631636 7.689641 -2.607651 -4.856364 -6.481578 -12.054403 -15.665843 -19.377849 -19.465089 -16.781658 -18.033962 -15.998167 -16.128767 -20.059258 -19.457329 -15.730440 -28.395287 -34.545035 -31.361727 -27.271324 -21.179654 -13.045545 -12.977298 -19.942265 -20.690423 -35.416845 
-16.585530 -13.264921 10.401942 16.898262 5.316657 5.557958 15.316630 5.103585 18.062953 21.879136 10.578640 17.532704 10.968658 19.902457 8.937538 8.719695 -2.961851 -6.710659 -7.767649 -12.607570 -16.441092 -18.117072 -19.184799 -19.223711 -20.630832 -17.108941 -14.937950 -17.427154 -15.490419 -14.104577 -29.018291 -37.666610 -32.444423 -28.549864 -22.016723 -13.319949 -13.332820 -20.248665 -21.538924 -37.104221 
-23.102148 -8.238025 11.591756 15.497727 2.304822 9.422380 13.380396 4.305024 20.370975 16.448512 16.567147 17.172515 15.878764 16.767646 10.528435 5.297525 -3.849308 -7.816243 -11.165711 -13.130276 -16.085304 -19.446973 -22.008474 -18.767102 -20.913394 -17.587124 -13.546848 -17.577721 -15.485312 -13.119670 -27.900161 -34.154921 -32.773386 -28.918148 -23.248324 -15.614077 -15.855335 -21.830041 -21.444225 -34.164421 
-16.628158 -1.436456 12.478707 11.993970 0.171113 12.392653 8.951569 10.235446 20.241451 12.992720 21.203332 13.794041 16.865122 12.523824 12.400052 3.254468 -3.717491 -7.441671 -10.244865 -14.846404 -18.030464 -20.000036 -21.929721 -19.885053 -19.473170 -21.485439 -15.397260 -20.254539 -19.427816 -14.698222 -31.983821 -37.382473 -35.918016 -31.623321 -25.493338 -16.982994 -18.845328 -26.824471 -26.074045 -38.700343 
-22.666951 1.442373 12.637848 7.419421 6.586925 15.073445 7.188605 15.572261 14.814859 19.853986 20.161430 15.965135 13.994217 18.445686 12.077253 5.447114 -3.589215 -6.992173 -8.465803 -12.116608 -16.946951 -19.686589 -21.975722 -19.736766 -16.710411 -13.976159 -20.201140 -21.278966 -21.605366 -18.496405 -34.273784 -43.409318 -38.503548 -33.153672 -23.010998 -15.147832 -18.385829 -26.294594 -26.094117 -41.629186 
-15.696952 3.449899 12.576001 7.383561 12.501262 15.002923 9.343570 14.680167 13.615923 21.813297 18.322102 16.544110 15.904022 15.473374 10.512891 2.608347 -4.731503 -7.762443 -10.016299 -14.068575 -17.512943 -21.962081 -22.509216 -20.437875 -19.736438 -14.789868 -19.169854 -18.838429 -17.089733 -17.166334 -33.373867 -40.145403 -33.667091 -29.831847 -23.534027 -17.075554 -18.142678 -23.913114 -24.066107 -39.245258 
-12.004389 5.060398 10.626119 6.769317 15.117755 11.590023 11.069846 10.142061 15.937155 16.369013 19.918751 14.054653 14.342047 16.481849 6.934246 0.721394 -5.540332 -9.880869 -12.535084 -15.601137 -20.252803 -20.866053 -23.210288 -20.343702 -19.976401 -17.027030 -17.473859 -18.081309 -17.656373 -18.545143 -31.117696 -35.130232 -33.453701 -29.678952 -24.208393 -18.982075 -19.746415 -23.556139 -23.577982 -35.019701 
-11.554100 5.623577 6.731638 6.413191 15.662866 8.710299 11.511099 9.484759 15.259600 15.873023 17.811681 13.678458 13.897138 14.811209 5.344547 0.236260 -6.518167 -11.341609 -13.609916 -17.140152 -20.761200 -23.765853 -23.388398 -21.765435 -23.162507 -18.482279 -17.767992 -19.570487 -19.482798 -17.815111 -34.449334 -42.353028 -38.091810 -30.865862 -24.019229 -17.291315 -18.471502 -23.898394 -22.929772 -39.991180 
-8.782865 7.326004 9.180763 9.454840 15.321047 7.804221 9.503648 9.837602 13.687349 18.510904 15.863974 14.067642 13.645241 11.460272 5.704120 -1.646917 -8.625915 -12.720504 -15.089551 -18.663658 -21.750229 -24.077873 -23.622706 -21.757807 -22.388067 -19.541436 -16.882702 -19.200318 -18.974037 -20.281871 -35.238978 -45.185520 -38.371981 -31.332049 -25.345037 -17.654246 -20.041764 -24.699906 -22.888088 -40.310888 
-7.148592 8.282331 9.079679 11.147983 14.455775 8.534444 7.807816 10.893790 10.759320 17.540146 15.381711 12.668000 11.070898 11.460657 2.976091 -3.303523 -9.156727 -12.561712 -15.960794 -19.993187 -22.906449 -24.939681 -25.655192 -23.370219 -23.793725 -19.999016 -16.108714 -18.562736 -19.661187 -21.114335 -32.062256 -34.965593 -34.234793 -33.254945 -25.320205 -17.718306 -20.332729 -25.615532 -22.981994 -35.845151 
-3.082911 7.487383 5.198708 6.377976 7.349672 -1.597312 -1.587396 4.601285 7.974972 13.650241 12.576301 5.457406 7.736909 8.609988 -1.532103 -8.730165 -15.673066 -18.488279 -22.965808 -25.479349 -28.887828 -30.449789 -31.445336 -29.074807 -29.993209 -26.891052 -22.954554 -23.242336 -23.366768 -24.113227 -38.612682 -41.375092 -40.442129 -39.067480 -30.623567 -22.074923 -24.239819 -29.584813 -26.514975 -41.746781 
-6.782195 5.152011 6.296260 4.196283 4.889116 0.210627 -1.837649 0.577838 4.919812 6.220456 6.773430 3.276494 3.906721 1.123224 -10.399165 -17.273456 -21.737734 -27.622198 -30.593614 -31.761643 -36.126285 -41.331521 -38.684734 -36.073423 -36.392077 -30.025619 -28.562378 -28.512257 -30.474579 -33.318284 -49.367198 -52.896671 -46.589319 -44.796012 -40.692704 -33.708036 -30.830398 -34.654659 -35.102039 -49.051492 
-7.326152 5.158666 4.327356 4.451694 3.787410 -4.175853 -6.497976 -7.127578 -2.500615 -0.163194 3.317809 -0.866725 1.072027 -3.470210 -12.146272 -18.061155 -21.789905 -27.545956 -31.403169 -33.401618 -37.594784 -44.417278 -45.998996 -41.680689 -44.049422 -35.868407 -31.121500 -33.320463 -33.261566 -37.581783 -50.395626 -56.209376 -47.188725 -45.385107 -41.551760 -38.002784 -38.622561 -41.739133 -38.746920 -54.797106 
-8.551532 3.855887 2.777683 -1.237041 -1.936600 -7.811463 -7.089323 -6.907788 -5.202867 -3.093406 -5.132086 -5.320600 -3.022739 -9.938799 -20.677393 -25.859972 -30.695737 -33.885241 -41.125561 -39.163717 -41.730463 -44.576912 -46.953980 -49.729704 -50.263286 -40.742752 -30.723525 -32.039581 -31.850234 -38.102368 -54.276122 -58.090628 -49.371886 -49.807127 -44.011370 -38.689211 -39.008837 -40.481739 -42.953198 -55.144555 
-5.027495 4.630390 4.042546 3.421002 3.831630 -1.357972 -3.295132 -1.867214 4.129045 6.074170 3.487005 1.654548 4.838039 -2.184237 -14.646358 -19.030910 -23.180805 -27.309144 -31.988446 -33.517994 -36.243560 -38.567159 -40.743494 -42.098700 -45.235444 -46.296687 -29.446731 -27.779131 -30.318051 -37.332690 -54.097808 -54.345156 -51.504626 -48.553686 -38.949145 -33.223454 -35.513274 -35.182227 -34.955980 -52.657420 
-8.710817 2.263613 1.109849 0.728624 -0.490055 -4.803493 -7.077448 -5.111682 -2.522230 -1.185296 -6.403339 -6.208054 -4.107928 -13.277007 -22.842269 -26.905133 -30.333992 -34.066539 -35.193921 -37.587562 -39.399395 -40.786920 -41.918867 -42.265671 -42.781247 -41.054198 -34.193094 -32.871816 -31.725903 -34.995705 -46.049973 -47.261773 -44.929669 -46.674939 -44.638007 -38.720274 -41.307305 -42.584548 -39.887000 -48.089799 
-3.874082 3.379488 1.932345 2.201742 3.121606 -4.097705 -3.196162 2.555845 6.364716 5.692904 1.077751 -0.085835 0.156397 -9.132152 -19.926165 -22.581069 -27.045512 -30.551045 -33.737198 -35.148924 -38.480063 -41.326492 -44.584610 -43.653150 -44.250836 -39.815762 -28.761615 -29.753561 -33.303134 -33.017786 -48.113012 -50.539499 -46.018693 -46.520804 -43.877606 -34.544606 -36.747286 -38.927577 -37.312285 -49.961239 
-7.592704 1.685356 4.389981 4.718766 4.214789 1.646436 -0.738505 1.141584 3.126635 0.150267 -4.463857 -2.779358 -4.920871 -14.314777 -22.473374 -25.657867 -28.272159 -32.411534 -33.489435 -34.830163 -37.065465 -37.955646 -39.124613 -39.735392 -39.791381 -39.116541 -31.790513 -33.690547 -33.637003 -33.569805 -44.336177 -45.309188 -43.085863 -44.513762 -42.540122 -37.307671 -39.169140 -36.190685 -33.502889 -45.940582 
-5.601426 3.362195 1.202357 2.048924 4.913131 -1.940192 -0.596555 4.455477 5.869607 3.011121 -2.616411 0.249435 -1.047358 -11.359530 -24.246678 -26.801052 -30.346180 -33.712215 -34.529620 -38.516736 -43.498858 -46.043326 -46.662570 -45.719852 -43.711860 -43.592296 -35.913513 -37.198631 -35.973997 -34.590119 -49.497369 -53.495500 -44.292649 -48.962126 -45.648991 -36.968261 -39.847137 -37.363335 -35.253368 -51.435010 
-12.633383 -0.162697 1.172955 -6.106222 -6.568176 -16.105550 -16.740554 -13.106661 -3.291270 -7.284425 -12.856610 -18.015254 -17.300716 -21.522192 -28.904100 -33.361635 -36.051433 -34.705538 -37.237395 -39.702953 -40.281382 -41.403928 -43.767037 -42.826043 -42.960709 -44.705369 -43.221238 -43.016943 -36.228556 -35.775736 -47.094800 -48.193733 -46.169864 -46.397421 -40.969496 -39.186215 -42.534798 -40.950144 -40.925959 -48.997920 
-6.170018 3.953338 5.344086 3.667098 3.337554 -0.201746 -1.416512 3.140764 4.165298 2.070698 0.083306 -0.634791 -4.621215 -12.387280 -23.016533 -24.126776 -29.824702 -27.946934 -28.525458 -33.493458 -37.699608 -41.872173 -44.973381 -41.304338 -41.619479 -45.018234 -40.147116 -37.267971 -32.009542 -32.962381 -49.530756 -47.761807 -42.129774 -45.616697 -42.034324 -36.070850 -40.646848 -41.250368 -37.896858 -52.265811 
-5.509371 1.788525 2.827008 -2.990055 -6.577529 -3.155260 -10.731284 -7.529790 -2.382315 -8.678360 -9.608500 -8.763987 -7.074381 -17.518207 -29.685279 -29.830450 -30.771170 -31.027188 -31.242844 -35.772897 -39.824586 -42.432924 -47.010190 -43.492643 -41.688400 -44.664597 -42.089824 -40.432157 -37.500798 -34.678821 -50.850145 -50.164969 -46.910548 -44.562472 -38.006141 -30.925114 -35.667594 -39.985200 -39.076240 -48.923080 
-8.770848 0.374471 2.916926 -4.302013 -2.231018 -4.764825 -13.733300 -12.629405 -11.698828 -14.409358 -7.577768 -9.155079 -12.336492 -14.807115 -22.462396 -30.276677 -38.513399 -39.119861 -33.507625 -35.532484 -37.097950 -41.765274 -44.629558 -40.104568 -38.702738 -41.480770 -38.042523 -36.822751 -33.679340 -34.374703 -45.048467 -50.063764 -42.564449 -44.876689 -38.740087 -38.704640 -39.769647 -42.151938 -40.016401 -46.872608 
-11.382315 -4.408124 -4.539878 -9.212441 -7.281079 -16.226562 -28.697441 -25.158195 -24.063697 -18.712286 -15.527376 -15.514720 -22.868785 -20.761199 -22.670190 -29.245345 -33.548349 -28.290968 -35.105880 -35.233550 -37.457674 -40.433609 -40.965406 -36.492911 -37.378092 -40.275908 -34.529948 -35.195757 -30.637217 -34.991554 -42.569066 -42.347500 -41.170300 -40.732048 -33.599830 -36.824863 -37.675215 -38.272625 -37.879554 -44.095597 
-9.784639 0.341918 0.835301 -7.879543 -11.813407 -12.102967 -19.505637 -21.238416 -14.888626 -14.023401 -18.412121 -20.829727 -13.873704 -13.204510 -19.352768 -27.490855 -29.972463 -28.806553 -27.162138 -33.879595 -42.757034 -46.992958 -44.382906 -35.022870 -36.342857 -41.784015 -44.674240 -42.834240 -39.813120 -40.918528 -45.782089 -43.911654 -39.602985 -42.298971 -42.295827 -40.385626 -42.726195 -43.809814 -46.376378 -48.961765 
-9.629759 -5.949273 -11.549199 -12.180702 -9.398782 -14.586014 -22.517682 -28.884426 -22.357452 -16.871702 -23.676948 -22.787252 -21.963181 -14.075289 -17.694126 -27.861660 -37.675858 -31.866519 -31.948941 -37.330399 -42.221878 -45.602427 -45.298379 -35.262907 -35.408407 -44.754339 -45.020709 -48.700717 -44.072591 -42.114697 -49.041608 -45.849108 -45.744323 -45.297480 -47.787728 -46.408802 -50.762694 -49.520112 -51.471031 -59.697235 
-29.563551 -29.812628 -30.075083 -31.552063 -32.847280 -35.201775 -39.419584 -46.328850 -44.028651 -40.284587 -39.232827 -40.245503 -40.430983 -39.122227 -38.621337 -42.096990 -51.738632 -52.486119 -55.433562 -56.921345 -53.828415 -59.129004 -64.160125 -56.502092 -54.111016 -58.230740 -60.225563 -63.778403 -59.796330 -66.748947 -65.894621 -62.634172 -68.402231 -63.008444 -63.470244 -66.472938 -70.544793 -71.869851 -67.066820 -69.047473 
-64.977143 -57.211512 -59.405890 -68.867391 -65.066997 -66.571401 -73.356507 -67.316736 -69.954695 -71.113911 -69.310892 -65.545842 -69.436052 -69.014997 -71.671606 -78.598975 -74.463437 -72.828175 -79.322217 -85.103326 -79.044697 -81.309468 -78.903613 -81.624803 -79.355464 -83.836881 -82.795185 -82.190084 -83.295208 -82.915951 -82.255078 -83.832226 -85.229801 -86.283681 -84.503098 -84.382317 -89.298362 -88.304077 -87.463408 -87.469714 
-80.481003 -81.608011 -83.421311 -85.542878 -85.666342 -83.626001 -81.980662 -81.344538 -81.865711 -83.473633 -85.807716 -86.636557 -84.516602 -83.079647 -84.823616 -90.478557 -88.565152 -86.396547 -91.265638 -97.305413 -94.622861 -97.245969 -98.706607 -99.475981 -96.133969 -96.793664 -96.190369 -95.260438 -97.114155 -98.503144 -102.178230 -102.146684 -103.116001 -101.068825 -99.377046 -99.987700 -104.615465 -108.500358 -105.540074 -103.957513 
NaN NaN NaN NaN NaN NaN NaN NaN NaN NaN NaN NaN NaN NaN NaN NaN NaN NaN NaN NaN NaN NaN NaN NaN NaN NaN NaN NaN NaN NaN NaN NaN NaN NaN NaN NaN NaN NaN NaN NaN 
NaN NaN NaN NaN NaN NaN NaN NaN NaN NaN NaN NaN NaN NaN NaN NaN NaN NaN NaN NaN NaN NaN NaN NaN NaN NaN NaN NaN NaN NaN NaN NaN NaN NaN NaN NaN NaN NaN NaN NaN 
NaN NaN NaN NaN NaN NaN NaN NaN NaN NaN NaN NaN NaN NaN NaN NaN NaN NaN NaN NaN NaN NaN NaN NaN NaN NaN NaN NaN NaN NaN NaN NaN NaN NaN NaN NaN NaN NaN NaN NaN 
NaN NaN NaN NaN NaN NaN NaN NaN NaN NaN NaN NaN NaN NaN NaN NaN NaN NaN NaN NaN NaN NaN NaN NaN NaN NaN NaN NaN NaN NaN NaN NaN NaN NaN NaN NaN NaN NaN NaN NaN 
NaN NaN NaN NaN NaN NaN NaN NaN NaN NaN NaN NaN NaN NaN NaN NaN NaN NaN NaN NaN NaN NaN NaN NaN NaN NaN NaN NaN NaN NaN NaN NaN NaN NaN NaN NaN NaN NaN NaN NaN 
NaN NaN NaN NaN NaN NaN NaN NaN NaN NaN NaN NaN NaN NaN NaN NaN NaN NaN NaN NaN NaN NaN NaN NaN NaN NaN NaN NaN NaN NaN NaN NaN NaN NaN NaN NaN NaN NaN NaN NaN 
NaN NaN NaN NaN NaN NaN NaN NaN NaN NaN NaN NaN NaN NaN NaN NaN NaN NaN NaN NaN NaN NaN NaN NaN NaN NaN NaN NaN NaN NaN NaN NaN NaN NaN NaN NaN NaN NaN NaN NaN 
NaN NaN NaN NaN NaN NaN NaN NaN NaN NaN NaN NaN NaN NaN NaN NaN NaN NaN NaN NaN NaN NaN NaN NaN NaN NaN NaN NaN NaN NaN NaN NaN NaN NaN NaN NaN NaN NaN NaN NaN 
NaN NaN NaN NaN NaN NaN NaN NaN NaN NaN NaN NaN NaN NaN NaN NaN NaN NaN NaN NaN NaN NaN NaN NaN NaN NaN NaN NaN NaN NaN NaN NaN NaN NaN NaN NaN NaN NaN NaN NaN 
NaN NaN NaN NaN NaN NaN NaN NaN NaN NaN NaN NaN NaN NaN NaN NaN NaN NaN NaN NaN NaN NaN NaN NaN NaN NaN NaN NaN NaN NaN NaN NaN NaN NaN NaN NaN NaN NaN NaN NaN 
NaN NaN NaN NaN NaN NaN NaN NaN NaN NaN NaN NaN NaN NaN NaN NaN NaN NaN NaN NaN NaN NaN NaN NaN NaN NaN NaN NaN NaN NaN NaN NaN NaN NaN NaN NaN NaN NaN NaN NaN 
NaN NaN NaN NaN NaN NaN NaN NaN NaN NaN NaN NaN NaN NaN NaN NaN NaN NaN NaN NaN NaN NaN NaN NaN NaN NaN NaN NaN NaN NaN NaN NaN NaN NaN NaN NaN NaN NaN NaN NaN 
