-63.305279 -63.484200 -63.266135 -62.534650 -61.901281 -61.793620 -62.234957 -63.251872 -65.127391 -67.379274 -69.985383 -74.270409 -76.092199 -73.311318 -72.860356 -77.567481 -80.746621 -78.615608 -81.834010 -83.170381 -83.164546 -81.762608 -77.173516 -72.208382 -71.385791 -74.840507 -77.253567 -81.400730 -81.821506 -73.162803 -74.174424 -75.442712 -74.404464 -74.567346 -76.291337 -77.383236 -80.829327 -81.029573 -81.487847 -84.956375 
-50.283084 -50.470333 -52.595791 -53.595001 -48.707670 -46.192782 -46.116818 -49.098818 -54.038702 -55.075185 -56.259858 -59.287073 -63.804471 -57.609343 -57.638867 -64.452831 -62.480143 -67.738964 -70.152977 -73.020810 -72.062902 -66.468143 -60.256640 -54.884702 -55.163124 -60.787736 -62.175405 -64.653956 -62.560900 -57.458276 -56.702387 -55.048100 -53.371931 -58.395275 -55.662937 -55.785898 -59.017024 -58.843339 -59.851717 -61.106813 
-52.147072 -60.165831 -66.483968 -62.778658 -57.723842 -59.769459 -58.114758 -60.071724 -73.255850 -73.464937 -70.529645 -71.169509 -72.846027 -68.747896 -67.795794 -66.804688 -69.779181 -73.517480 -76.910316 -79.934046 -74.968438 -67.168145 -59.365245 -60.512748 -60.969483 -63.068531 -61.450154 -67.026977 -64.184119 -61.646087 -56.408676 -54.839977 -55.016816 -58.713734 -58.180709 -54.109837 -59.144552 -59.539369 -61.729397 -61.532068 
-73.544821 -77.104894 -87.026456 -91.426025 -86.029098 -86.596915 -86.623024 -85.203553 -82.159594 -92.747543 -88.643733 -89.046412 -90.720800 -93.810622 -87.223401 -82.163922 -86.644611 -87.749833 -93.185792 -91.917130 -88.452051 -86.814093 -86.711308 -84.351937 -85.463556 -88.612714 -84.515895 -87.883916 -86.799849 -85.525063 -85.497583 -86.656828 -87.895322 -86.976955 -83.320765 -81.367064 -84.666114 -86.384070 -87.847963 -90.676518 
-472.650642 -472.650642 -472.650642 -472.650642 -472.650642 -472.650642 -472.650642 -472.650642 -472.650642 -472.650642 -472.650642 -472.650642 -472.650642 -472.650642 -472.650642 -472.650642 -472.650642 -472.650642 -472.650642 -472.650642 -472.650642 -472.650642 -472.650642 -472.650642 -472.650642 -472.650642 -472.650642 -472.650642 -472.650642 -472.650642 -472.650642 -472.650642 -472.650642 -472.650642 -472.650642 -472.650642 -472.650642 -472.650642 -472.650642 -472.650642 
NaN NaN NaN NaN NaN NaN NaN NaN NaN NaN NaN NaN NaN NaN NaN NaN NaN NaN NaN NaN NaN NaN NaN NaN NaN NaN NaN NaN NaN NaN NaN NaN NaN NaN NaN NaN NaN NaN NaN NaN 
NaN NaN NaN NaN NaN NaN NaN NaN NaN NaN NaN NaN NaN NaN NaN NaN NaN NaN NaN NaN NaN NaN NaN NaN NaN NaN NaN NaN NaN NaN NaN NaN NaN NaN NaN NaN NaN NaN NaN NaN 
NaN NaN NaN NaN NaN NaN NaN NaN NaN NaN NaN NaN NaN NaN NaN NaN NaN NaN NaN NaN NaN NaN NaN NaN NaN NaN NaN NaN NaN NaN NaN NaN NaN NaN NaN NaN NaN NaN NaN NaN 
NaN NaN NaN NaN NaN NaN NaN NaN NaN NaN NaN NaN NaN NaN NaN NaN NaN NaN NaN NaN NaN NaN NaN NaN NaN NaN NaN NaN NaN NaN NaN NaN NaN NaN NaN NaN NaN NaN NaN NaN 
NaN NaN NaN NaN NaN NaN NaN NaN NaN NaN NaN NaN NaN NaN NaN NaN NaN NaN NaN NaN NaN NaN NaN NaN NaN NaN NaN NaN NaN NaN NaN NaN NaN NaN NaN NaN NaN NaN NaN NaN 
NaN NaN NaN NaN NaN NaN NaN NaN NaN NaN NaN NaN NaN NaN NaN NaN NaN NaN NaN NaN NaN NaN NaN NaN NaN NaN NaN NaN NaN NaN NaN NaN NaN NaN NaN NaN NaN NaN NaN NaN 
NaN NaN NaN NaN NaN NaN NaN NaN NaN NaN NaN NaN NaN NaN NaN NaN NaN NaN NaN NaN NaN NaN NaN NaN NaN NaN NaN NaN NaN NaN NaN NaN NaN NaN NaN NaN NaN NaN NaN NaN 
NaN NaN NaN NaN NaN NaN NaN NaN NaN NaN NaN NaN NaN NaN NaN NaN NaN NaN NaN NaN NaN NaN NaN NaN NaN NaN NaN NaN NaN NaN NaN NaN NaN NaN NaN NaN NaN NaN NaN NaN 
NaN NaN NaN NaN NaN NaN NaN NaN NaN NaN NaN NaN NaN NaN NaN NaN NaN NaN NaN NaN NaN NaN NaN NaN NaN NaN NaN NaN NaN NaN NaN NaN NaN NaN NaN NaN NaN NaN NaN NaN 
NaN NaN NaN NaN NaN NaN NaN NaN NaN NaN NaN NaN NaN NaN NaN NaN NaN NaN NaN NaN NaN NaN NaN NaN NaN NaN NaN NaN NaN NaN NaN NaN NaN NaN NaN NaN NaN NaN NaN NaN 
NaN NaN NaN NaN NaN NaN NaN NaN NaN NaN NaN NaN NaN NaN NaN NaN NaN NaN NaN NaN NaN NaN NaN NaN NaN NaN NaN NaN NaN NaN NaN NaN NaN NaN NaN NaN NaN NaN NaN NaN 
NaN NaN NaN NaN NaN NaN NaN NaN NaN NaN NaN NaN NaN NaN NaN NaN NaN NaN NaN NaN NaN NaN NaN NaN NaN NaN NaN NaN NaN NaN NaN NaN NaN NaN NaN NaN NaN NaN NaN NaN 
NaN NaN NaN NaN NaN NaN NaN NaN NaN NaN NaN NaN NaN NaN NaN NaN NaN NaN NaN NaN NaN NaN NaN NaN NaN NaN NaN NaN NaN NaN NaN NaN NaN NaN NaN NaN NaN NaN NaN NaN 
NaN NaN NaN NaN NaN NaN NaN NaN NaN NaN NaN NaN NaN NaN NaN NaN NaN NaN NaN NaN NaN NaN NaN NaN NaN NaN NaN NaN NaN NaN NaN NaN NaN NaN NaN NaN NaN NaN NaN NaN 
-55.722161 -58.330734 -63.572418 -69.758707 -65.943311 -64.829338 -67.760246 -71.868276 -73.677835 -80.712037 -80.064018 -79.115237 -76.910627 -77.665767 -81.973728 -83.532496 -87.145656 -90.228561 -84.603843 -88.224208 -91.350218 -87.390432 -86.441529 -86.327004 -87.508269 -87.027734 -87.990597 -92.883353 -91.127799 -92.423103 -90.294038 -93.648192 -89.731190 -88.604117 -93.569407 -95.391937 -96.445962 -90.637585 -95.424556 -93.985301 
-38.497152 -45.104715 -51.845609 -56.250823 -51.653500 -52.176990 -56.939745 -60.662286 -63.106082 -68.714651 -70.821887 -67.469611 -66.093528 -68.572844 -70.233505 -73.285543 -73.223213 -73.038717 -70.883416 -74.665589 -79.616734 -75.219340 -74.629365 -74.583439 -75.698044 -75.318984 -76.574178 -78.756256 -80.068323 -79.188024 -75.979791 -77.858654 -77.673393 -76.571082 -79.491671 -78.267264 -79.214379 -77.622595 -82.481671 -81.212341 
-39.520350 -47.787053 -58.356646 -60.240768 -50.076592 -50.131898 -56.400408 -67.128707 -65.852497 -70.183156 -70.452533 -65.509117 -70.914316 -70.681644 -68.885613 -76.760002 -75.878963 -71.890627 -69.758875 -75.896387 -78.081544 -75.219594 -73.009166 -74.830485 -72.896654 -76.644003 -73.716639 -78.490897 -78.964208 -75.702708 -74.436617 -75.977745 -77.129707 -78.833268 -76.060271 -76.878749 -78.920526 -79.558974 -76.605624 -77.337482 
-41.627228 -45.765565 -51.206111 -54.492681 -50.947104 -51.656196 -58.544004 -64.106162 -63.942882 -65.696346 -72.795866 -72.768187 -74.719494 -72.501462 -74.061766 -80.866724 -77.241354 -74.070016 -76.389426 -76.196185 -80.064695 -79.393442 -76.588738 -74.833627 -75.040746 -75.702086 -74.059620 -79.294405 -80.288078 -79.559097 -78.568116 -77.744020 -75.476527 -77.437702 -78.275862 -78.260146 -78.429958 -80.628683 -77.525423 -79.129465 
-60.461208 -64.511505 -68.719902 -65.153247 -62.616560 -64.747470 -72.052135 -71.581414 -69.502494 -72.140145 -71.929395 -67.854708 -66.969936 -73.018156 -83.978746 -84.171144 -77.855849 -75.177339 -74.386667 -77.071345 -76.468618 -75.468439 -74.882144 -77.979142 -78.492725 -80.948754 -79.431730 -81.514620 -79.841186 -81.019927 -80.542066 -78.321850 -77.363652 -78.484257 -78.855355 -79.435233 -79.263799 -79.253854 -78.534063 -79.702141 
-64.292828 -63.649202 -67.228134 -69.976444 -68.566066 -70.190874 -71.705275 -70.943812 -72.691957 -78.992996 -79.004016 -74.443488 -71.920137 -75.313421 -72.441247 -77.549651 -76.308774 -75.384260 -81.181864 -76.201057 -77.061002 -76.258834 -76.147933 -81.372909 -77.993380 -75.965303 -79.446504 -81.411807 -77.889741 -77.606481 -78.573108 -79.236743 -80.884488 -80.221282 -79.568836 -82.796418 -82.762140 -80.610490 -80.462696 -82.488756 
-64.647157 -66.186866 -68.648169 -68.965568 -65.990301 -68.157403 -73.224046 -69.825824 -72.473007 -80.972005 -78.391749 -70.997375 -74.759451 -72.252553 -70.261141 -70.286985 -72.708740 -73.374424 -76.005220 -77.607533 -78.674893 -80.045352 -78.004658 -75.753703 -74.077647 -74.593784 -76.232930 -77.101030 -79.958238 -76.732854 -77.962649 -81.237015 -81.812422 -78.085722 -79.334140 -81.564343 -80.992709 -81.320433 -79.713846 -80.735805 
-39.616536 -46.926732 -56.349072 -58.122629 -65.683528 -63.543276 -68.074491 -63.717059 -66.326634 -63.987549 -64.946644 -71.809188 -68.964301 -70.225575 -71.855862 -73.772516 -73.554182 -76.001843 -72.063615 -73.344715 -77.963370 -76.814841 -73.826041 -73.491256 -74.544680 -75.693305 -76.774891 -77.408168 -81.387172 -76.002082 -78.308950 -79.522267 -80.426894 -77.539461 -79.155635 -76.324550 -76.660974 -74.948489 -74.393659 -79.942010 
-15.690459 -18.767921 -23.369895 -18.286255 -13.724247 -12.267258 -12.318065 -11.922361 -12.249304 -14.775149 -15.566411 -15.220147 -15.451545 -13.703513 -13.880006 -12.663658 -13.361328 -14.635752 -16.238351 -17.623940 -19.825945 -19.377047 -16.466232 -16.944931 -19.182951 -20.267116 -19.627857 -17.392150 -19.251597 -22.816709 -19.928576 -21.650302 -22.851824 -19.425648 -21.742675 -24.448187 -29.500983 -28.222447 -28.040345 -30.084428 
-4.787125 -6.240994 -12.324135 -11.525993 -4.905813 -2.985344 -8.396204 -4.502586 -5.284815 -11.104033 -11.962341 -9.518955 -12.547288 -6.878124 -8.720787 -5.126339 -7.344208 -8.945599 -9.961683 -11.283858 -15.080670 -14.573949 -9.951542 -10.499062 -13.946430 -15.194267 -13.570436 -10.201937 -12.913472 -13.121420 -10.307008 -9.275485 -10.563249 -11.393350 -7.756422 -9.464285 -12.937880 -9.712250 -10.618036 -13.083443 
-10.777895 -11.184100 -14.224971 -15.925411 -18.433895 -9.659313 -16.260576 -14.561038 -12.211652 -17.522271 -21.346265 -22.880610 -21.591099 -20.731814 -19.548529 -17.134939 -22.408495 -22.331923 -25.318899 -26.038652 -23.546249 -11.792563 -8.476277 -14.231584 -20.047224 -22.334783 -12.686392 -10.146237 -15.876540 -16.100268 -13.053843 -10.920920 -8.965562 -10.955218 -7.261528 -6.702459 -7.456032 -11.295705 -10.227531 -13.999270 
-4.664355 -6.324078 -10.451826 -0.795594 11.751843 17.961669 16.122530 7.955157 -2.232546 0.718762 3.228083 -7.574494 -11.672943 -10.208773 -13.059438 -16.631912 -18.504321 -20.623725 -20.048011 -15.831785 -13.106435 -5.300328 -7.761131 -9.665459 -15.202983 -14.526304 -10.355292 -11.021887 -18.965317 -18.045756 -20.616503 -18.526129 -12.648505 -14.217664 -13.625742 -14.500592 -14.247938 -18.177485 -22.072023 -23.070232 
-2.627638 -6.926519 -14.251199 -6.092551 12.830647 24.369745 18.174122 6.191985 -4.153452 13.462523 14.526971 -10.073413 -5.451581 2.977417 -8.696938 -9.749783 -6.059746 -17.436583 -6.461117 -11.508987 -2.632760 -1.552470 0.092578 -6.127496 -7.164937 -10.362200 -6.167040 -7.723587 -14.172828 -17.501205 -23.571632 -19.638900 -14.236264 -14.501116 -16.687506 -22.166681 -27.535639 -31.639577 -25.931966 -22.003312 
-16.001834 -16.466379 -27.551088 -19.991976 12.620305 23.909283 14.707982 -10.614210 -5.163843 19.807592 20.340231 -7.461539 -1.471324 9.403069 -8.045495 -8.895161 -3.110277 -19.929422 -1.823140 -8.896967 2.900451 -2.912615 -3.085079 -9.363271 -6.614960 -6.098598 -5.066808 -6.442642 -18.731856 -21.657310 -20.623936 -15.430780 -19.054086 -22.318684 -21.307597 -23.071890 -33.223165 -34.725951 -31.699556 -26.063302 
-16.684854 -16.430297 -32.036007 -20.717651 12.470390 22.645338 11.493936 -14.943936 -8.648845 22.310710 20.940436 -5.451340 4.837166 13.566459 -8.077163 -2.404258 0.846667 -13.693406 2.818689 -6.592582 5.607271 -9.038972 -5.939604 -13.480151 -9.741503 -9.297621 -7.378303 -6.222533 -16.385388 -20.380491 -22.399314 -20.125009 -23.494803 -24.172992 -20.425739 -24.911589 -36.329173 -37.594465 -30.592074 -25.445971 
-13.929410 -19.775333 -18.925653 -14.900217 13.371963 21.946017 9.416266 -13.492360 -2.282571 22.763763 17.504529 -7.925966 9.996775 15.283311 -8.754680 1.456461 1.648518 -5.248955 6.291741 -5.893209 2.535773 -11.617776 -7.325201 -13.493295 -12.413553 -8.953487 -5.799859 -5.310233 -13.267548 -20.078506 -15.904159 -21.038976 -25.134419 -24.481130 -21.654739 -23.290219 -34.212431 -36.995208 -31.023162 -25.839939 
-11.217029 -15.201061 -14.504551 -9.069991 15.258766 21.753515 7.594619 -16.177119 2.668081 21.707808 12.404788 -9.812544 13.968476 15.111876 -10.102164 5.791385 -0.134443 1.683539 5.039592 -10.426226 -3.819684 -15.735892 -12.520185 -15.192085 -16.749822 -13.515690 -7.601541 -6.749117 -10.060352 -14.274826 -15.530665 -20.269551 -26.218888 -24.858827 -21.854948 -26.296368 -39.598868 -42.896666 -37.263721 -31.606222 
-12.374315 -13.846133 -16.100992 -7.156585 16.670285 21.768813 5.950326 -17.392863 4.846098 20.250768 7.167046 -9.600283 15.125528 13.048896 -12.273921 7.110539 -1.499070 1.869012 1.842590 -16.394528 -12.091311 -19.247266 -19.082819 -17.480716 -21.806913 -20.265233 -15.416614 -11.009029 -14.164005 -19.152410 -17.506734 -21.453338 -27.573801 -27.600559 -25.467486 -26.837960 -36.418193 -44.534343 -36.738786 -31.191387 
-13.448399 -16.079116 -17.225084 -3.817490 18.762470 21.646597 3.454889 -18.475748 6.596995 18.410606 2.643048 -7.408952 15.673411 9.840007 -4.346202 10.439286 -2.870174 -2.350370 -5.033689 -16.230571 -17.230165 -20.218516 -22.209593 -20.370660 -27.029633 -25.841018 -21.690330 -15.346630 -16.145803 -19.709894 -18.058503 -24.855925 -33.258329 -32.018797 -28.016147 -27.710914 -36.667696 -42.304101 -36.464451 -34.167545 
-13.899037 -11.885247 -13.519801 -0.904780 20.432503 21.766317 2.262572 -23.190541 7.808083 16.552967 -1.488063 -2.625008 15.642680 5.349140 0.738876 10.951799 -7.600007 -8.698902 -16.631655 -17.971374 -22.259480 -18.863875 -25.344399 -23.206670 -33.868242 -32.549189 -29.963736 -23.916545 -18.714142 -17.788498 -20.158817 -25.575366 -35.298815 -36.160800 -33.601808 -32.575222 -40.664152 -45.228306 -40.476485 -38.736976 
-21.072921 -26.910132 -31.919792 2.657767 22.203866 21.949632 0.642322 -17.979479 10.940476 14.826226 -6.077046 3.719302 15.420650 -1.349231 6.085816 10.242491 -11.700978 -10.251877 -22.007172 -18.073223 -25.508412 -18.347751 -25.293051 -25.244774 -35.046766 -34.450463 -32.951122 -28.115294 -18.068496 -18.022018 -18.522498 -28.024681 -35.487744 -37.555040 -34.682872 -31.100798 -38.402240 -41.390281 -37.695982 -35.679041 
-29.641829 -25.929264 -24.706548 5.122015 23.622570 21.638297 -1.504050 -16.147858 13.060807 12.876685 -12.891522 8.595178 16.157059 -5.076976 7.883092 7.104767 -14.813548 -10.419280 -25.083254 -21.140942 -24.061273 -20.646382 -22.210175 -28.747739 -38.661872 -36.094221 -40.046513 -34.245074 -23.802724 -18.719961 -20.140326 -30.221857 -36.751797 -40.057495 -35.583737 -36.145071 -41.867191 -45.795135 -40.097585 -38.014679 
-17.768602 -20.068718 -24.591827 7.815321 24.521912 20.772545 -2.712404 -11.200348 13.383038 8.709246 -13.267526 12.373937 15.449197 -6.824145 8.674698 1.938034 -16.018396 -13.201641 -22.540419 -22.656281 -20.341849 -21.862180 -22.173019 -27.329891 -29.739104 -32.029182 -33.365038 -32.208354 -24.586483 -20.835663 -21.614139 -29.751064 -35.352233 -36.967154 -36.722475 -35.402958 -37.107716 -38.216848 -36.460745 -35.381384 
-15.099209 -13.355742 -14.952640 10.787904 25.116997 19.304734 -6.571424 -3.674909 12.887759 3.820429 -7.431687 13.658310 11.492531 -5.048200 7.878699 -3.527872 -13.391230 -19.247615 -25.323713 -26.306995 -18.248674 -22.322655 -22.014003 -24.873318 -34.197975 -42.304585 -43.325902 -38.729432 -29.979025 -27.497158 -24.022422 -35.375157 -42.696913 -41.528341 -37.879024 -31.257011 -38.621253 -45.451398 -40.009590 -35.352118 
-15.305933 -19.214063 -18.130357 13.851325 25.249254 16.841268 -9.570211 1.338192 12.347486 -2.593712 -3.328751 12.309088 1.700651 0.285529 5.604742 -9.164649 -6.072723 -18.226310 -19.211501 -20.855380 -17.988939 -19.576189 -20.754593 -21.545816 -26.920169 -27.720756 -28.407652 -28.927756 -26.278550 -24.736398 -24.756595 -29.330793 -31.298908 -31.829898 -32.329738 -32.739726 -32.707905 -33.204927 -32.834577 -32.616989 
-26.007239 -21.685525 -12.871469 15.495656 24.974248 14.249634 -9.107702 3.493958 11.891384 -3.123552 -1.551027 9.049272 -4.217351 1.500827 3.429534 -9.780185 -4.977120 -19.252266 -20.836305 -21.683723 -22.239675 -20.452345 -23.244829 -23.844655 -29.776816 -30.938268 -31.754103 -31.090856 -27.252190 -27.597616 -27.388461 -32.827180 -35.158237 -35.368318 -35.451280 -35.222747 -35.756054 -36.408160 -35.648384 -35.606280 
-16.728408 -16.746853 -13.616325 16.794554 23.799825 12.811119 -8.222008 4.972561 8.838552 -7.949218 0.917697 5.623044 -9.576143 -2.553362 -2.422101 -3.729014 -4.091708 -17.991632 -22.780866 -25.174801 -24.394102 -24.388781 -22.799994 -24.549445 -34.098064 -37.847651 -35.958175 -33.830578 -29.080443 -33.932167 -32.760476 -40.507585 -43.599840 -44.471151 -42.006719 -40.094022 -43.268931 -45.024909 -41.376259 -38.425088 
-18.111016 -17.480480 -3.561088 14.537609 22.079190 8.942109 -9.668006 -0.148466 4.261957 -6.805968 -1.629065 0.033451 -11.226119 -2.496079 -5.972549 -4.551690 -7.419085 -14.009677 -20.690735 -24.344187 -25.974607 -21.288789 -25.713351 -27.413467 -34.798931 -37.087726 -31.902301 -29.173181 -28.258509 -33.086248 -35.553095 -39.984605 -42.557003 -43.485170 -40.939225 -40.096161 -42.048235 -43.191966 -40.871135 -40.154590 
-18.848103 -13.097371 -6.117994 17.646080 23.015460 9.536652 -9.093571 3.954011 4.023017 -8.330871 -2.538575 -3.379210 -14.211380 -2.437375 -13.111399 -13.179068 -14.726753 -15.631523 -13.322256 -17.062381 -22.175696 -22.265881 -26.172801 -27.067134 -32.874394 -35.381398 -34.537892 -30.318907 -32.499772 -36.572457 -38.451242 -43.372314 -47.224313 -48.055196 -46.310250 -44.173548 -45.848481 -45.707413 -47.737190 -45.509937 
-8.744329 -12.508872 0.860572 19.884612 20.511066 7.369981 -3.108928 -0.218726 -5.212558 -13.602720 -16.296557 -17.758110 -13.783355 -7.111097 -12.742461 -13.935995 -23.681625 -28.059671 -26.298522 -24.904831 -20.343869 -25.280788 -27.856876 -28.781081 -32.691205 -34.069945 -31.052771 -35.227464 -38.036353 -40.252415 -42.213581 -43.690347 -45.105303 -45.864208 -45.763579 -45.116293 -44.336500 -43.639976 -46.256379 -45.830389 
-11.379564 -8.719296 0.508822 20.817327 21.973963 5.257342 -3.536847 4.106126 -0.428327 -17.033195 -15.941944 -14.127387 -19.965253 -13.552073 -15.029271 -13.395219 -22.324543 -25.963841 -27.245081 -24.841886 -16.976343 -19.608552 -27.620110 -30.334801 -32.072277 -32.279680 -32.982228 -32.342303 -33.467275 -34.445649 -35.141603 -35.723912 -36.025040 -36.389874 -36.907582 -37.205474 -37.277763 -37.526511 -37.824735 -38.088387 
-14.253885 -17.468918 -12.580581 19.879649 24.128439 9.545994 -10.627875 -0.287696 -3.702483 -24.862441 -17.295730 -14.761520 -18.792930 -8.604096 -12.965078 -17.576400 -23.977216 -32.280516 -35.015476 -32.852548 -25.436202 -22.066712 -28.317868 -32.287668 -38.551392 -41.825563 -38.337744 -42.110348 -45.847530 -47.523883 -46.976667 -49.942034 -47.101252 -45.544853 -50.326401 -50.871452 -50.293627 -49.659136 -50.321747 -47.032496 
-20.527327 -14.948178 -4.924595 18.289766 22.654789 8.657775 -13.417394 -9.038846 -9.412134 -22.741845 -20.550709 -24.172440 -21.499576 -9.955298 -15.311113 -23.582441 -30.018086 -33.576586 -34.408150 -32.693847 -24.924969 -22.946349 -29.653236 -32.533066 -36.134120 -39.142898 -38.066904 -38.544416 -40.152867 -40.991294 -41.217357 -42.204979 -41.981130 -42.750232 -43.402051 -43.582216 -44.325756 -43.750206 -42.817168 -42.573246 
-15.194474 -12.165531 -11.729567 11.858089 17.324951 6.114623 -15.182663 -20.378466 -20.662025 -28.240636 -28.133074 -24.614316 -23.888291 -18.444287 -15.952730 -20.370295 -29.377908 -34.618768 -35.847526 -36.834665 -31.220980 -24.859017 -29.920632 -33.782999 -36.784002 -40.900575 -40.890247 -41.284662 -43.025397 -43.420585 -43.930417 -43.537987 -42.998774 -43.821892 -44.102571 -46.164606 -45.341959 -45.371391 -44.628479 -43.219294 
-23.317334 -19.843383 -15.756071 -0.913581 6.041937 -3.996795 -25.330330 -28.992412 -28.398011 -35.935499 -32.392062 -26.062213 -21.538459 -22.645035 -22.452836 -30.931915 -37.712647 -39.174197 -41.032762 -44.847116 -39.279008 -36.611572 -39.494379 -39.989292 -48.333833 -53.213402 -47.280655 -55.519190 -56.206327 -54.123254 -52.524211 -48.885408 -50.351510 -51.662555 -51.119109 -54.844289 -52.119804 -52.419842 -54.965969 -52.125889 
-19.638305 -23.046567 -31.408849 -14.177808 -7.090999 -16.455702 -31.180623 -34.898106 -33.615825 -33.577384 -31.633565 -30.572506 -29.703067 -29.269673 -33.096121 -32.253887 -33.175767 -34.270075 -35.308722 -36.043215 -36.302702 -35.612150 -35.229098 -34.723656 -34.549445 -34.515851 -34.575306 -34.427179 -34.353436 -34.403523 -34.884527 -36.106852 -38.238073 -40.630554 -41.724755 -42.261674 -44.986971 -50.167837 -53.255031 -55.355371 
-12.056204 -13.801316 -19.649669 -23.145290 -11.569420 -9.629087 -9.746107 -9.032337 -9.582153 -11.949014 -13.930169 -13.461810 -11.941898 -10.587410 -10.188712 -10.490478 -11.181248 -13.447076 -15.048015 -15.898185 -16.466211 -17.234384 -12.281279 -12.185612 -14.659956 -14.597736 -15.047302 -11.832128 -12.882891 -14.284086 -12.646357 -14.165147 -16.718639 -13.917917 -10.814052 -14.176185 -18.496095 -20.402621 -20.562900 -23.933183 
-15.347315 -13.337837 -23.668930 -16.829592 -10.224010 -13.078430 -20.019505 -15.709436 -16.945971 -20.038700 -23.672544 -23.141936 -20.542101 -18.823175 -18.982077 -19.134106 -18.551597 -20.822319 -24.267361 -25.415557 -25.653439 -26.563499 -19.009301 -18.939484 -22.091871 -21.049944 -15.795588 -14.254613 -15.432970 -13.049612 -10.675045 -9.165301 -11.990138 -7.905187 -6.408277 -4.549916 -8.484331 -10.966727 -10.849766 -15.052611 
-11.714135 -17.984652 -27.520178 -20.446394 -15.602779 -19.720631 -19.409714 -13.193368 -16.915596 -25.275962 -31.405550 -23.347494 -25.936024 -22.770559 -19.669068 -27.241059 -17.113131 -20.729991 -26.395267 -33.259165 -29.703522 -15.613340 -13.604438 -13.686543 -13.528461 -20.402365 -14.565668 -16.617211 -14.370419 -16.454217 -11.899285 -6.208764 -8.678246 -9.022142 -6.151621 -4.211719 -8.565075 -10.427992 -13.470934 -15.152836 
-9.699519 -11.091476 -18.818681 -26.667659 -28.308933 -19.102513 -12.529751 -12.235515 -16.881209 -28.819207 -29.267622 -20.914042 -24.950827 -26.760167 -22.804697 -20.999468 -22.016425 -23.542999 -27.641429 -32.792102 -26.386131 -17.032408 -14.425624 -14.534080 -18.976590 -20.532539 -14.367755 -13.845997 -14.209406 -15.667206 -12.763919 -7.082825 -7.303818 -12.914057 -5.983572 -6.742192 -8.263676 -9.046171 -12.335349 -15.214572 
-8.200498 -11.057613 -23.823412 -24.470059 -23.922813 -23.957155 -15.163979 -14.084795 -13.813024 -20.309536 -23.155755 -21.376339 -26.914917 -22.097528 -26.905436 -21.619792 -26.707809 -29.184067 -29.876571 -31.555422 -28.967585 -19.214278 -13.282856 -13.220191 -13.552329 -22.551370 -18.748119 -18.647425 -20.826778 -16.363386 -13.435005 -7.735392 -7.798549 -12.720635 -10.273659 -10.069065 -13.408966 -16.552472 -17.882623 -20.164469 
-10.264299 -15.511702 -24.460528 -23.924044 -24.246588 -25.709549 -25.177686 -14.586723 -13.027809 -19.565057 -20.886091 -23.019221 -26.054258 -29.907546 -26.152115 -21.865118 -25.190697 -25.789857 -25.855303 -27.642981 -23.205713 -15.740059 -16.363881 -19.332338 -20.044815 -21.978042 -19.781381 -19.297057 -23.907610 -22.199513 -16.766135 -13.799624 -14.571987 -15.094837 -13.372905 -11.899829 -16.185260 -20.044664 -19.399516 -24.698797 
-16.323784 -24.198339 -27.282520 -35.494854 -26.697438 -20.151498 -22.143639 -21.108158 -17.585978 -22.747629 -28.080482 -30.229156 -27.156109 -25.916437 -25.781468 -29.456525 -34.035480 -29.875973 -34.949265 -37.288582 -30.279937 -16.812852 -16.604106 -25.391003 -27.721846 -24.484338 -18.056333 -23.318827 -29.453612 -28.034454 -24.677553 -21.300050 -18.338763 -20.567243 -17.936289 -16.111585 -21.661743 -23.042431 -23.286531 -28.149271 
-16.428147 -18.682150 -25.353572 -29.489951 -27.214037 -28.726404 -22.607853 -14.386372 -18.501816 -28.257837 -25.621522 -26.941719 -32.136290 -29.138629 -33.989633 -33.599657 -38.800533 -37.033918 -35.133585 -38.504013 -32.497614 -23.014915 -17.120816 -23.012233 -34.521597 -32.884976 -23.734613 -26.989714 -31.981512 -35.678329 -30.428284 -29.711111 -30.415025 -30.960220 -30.269554 -28.366800 -32.746407 -35.773593 -35.684488 -39.085567 
-23.464348 -28.074877 -35.100076 -35.874708 -31.812109 -34.096505 -31.564752 -27.271298 -27.032444 -36.177228 -39.011130 -40.521018 -34.034281 -33.823866 -40.574433 -46.769328 -46.181980 -49.880817 -42.993123 -44.451768 -38.784337 -32.104508 -30.713854 -35.853388 -44.563993 -38.865080 -28.357476 -37.443392 -45.444432 -50.252453 -44.266465 -43.651546 -45.520593 -46.054427 -43.057132 -44.738245 -50.901399 -53.168941 -54.019493 -55.268328 
-43.601910 -47.863418 -43.731954 -40.086043 -35.254414 -35.784069 -39.448173 -39.542498 -43.251200 -47.904316 -49.001744 -53.591404 -49.407236 -49.895657 -55.320002 -58.945745 -65.192795 -63.273157 -59.114787 -59.404262 -59.101197 -50.490425 -52.785334 -52.388330 -58.410455 -58.670489 -49.989672 -56.971277 -63.226492 -62.962060 -61.381330 -61.890186 -66.229189 -64.635987 -66.748274 -67.460854 -68.974726 -67.378012 -69.432511 -70.603320 
-45.358195 -47.581228 -47.732437 -47.331869 -49.930275 -55.373394 -63.123270 -59.625260 -60.572352 -57.415403 -64.510628 -66.358367 -65.142204 -68.478554 -71.342675 -71.840379 -78.374681 -77.860785 -79.135943 -77.246581 -72.553678 -72.763202 -71.170036 -77.268842 -76.371056 -78.138311 -75.361970 -75.952958 -76.876957 -80.712367 -79.205527 -78.157380 -82.296096 -82.868240 -81.743965 -79.705288 -81.647782 -84.167415 -83.842496 -82.047252 
-75.689943 -75.749605 -75.849022 -76.017100 -76.245842 -76.568184 -76.965144 -77.479837 -78.173490 -79.015293 -80.062507 -81.397847 -83.018048 -85.037867 -87.483987 -90.103723 -92.193957 -92.757711 -92.380634 -92.266609 -93.042316 -95.084191 -98.723099 -103.231128 -103.588960 -102.301988 -103.808676 -106.411960 -102.768874 -99.109412 -98.102454 -98.805215 -100.177752 -102.840407 -106.589289 -104.371180 -103.522757 -103.520890 -102.260111 -104.284425 
NaN NaN NaN NaN NaN NaN NaN NaN NaN NaN NaN NaN NaN NaN NaN NaN NaN NaN NaN NaN NaN NaN NaN NaN NaN NaN NaN NaN NaN NaN NaN NaN NaN NaN NaN NaN NaN NaN NaN NaN 
NaN NaN NaN NaN NaN NaN NaN NaN NaN NaN NaN NaN NaN NaN NaN NaN NaN NaN NaN NaN NaN NaN NaN NaN NaN NaN NaN NaN NaN NaN NaN NaN NaN NaN NaN NaN NaN NaN NaN NaN 
NaN NaN NaN NaN NaN NaN NaN NaN NaN NaN NaN NaN NaN NaN NaN NaN NaN NaN NaN NaN NaN NaN NaN NaN NaN NaN NaN NaN NaN NaN NaN NaN NaN NaN NaN NaN NaN NaN NaN NaN 
NaN NaN NaN NaN NaN NaN NaN NaN NaN NaN NaN NaN NaN NaN NaN NaN NaN NaN NaN NaN NaN NaN NaN NaN NaN NaN NaN NaN NaN NaN NaN NaN NaN NaN NaN NaN NaN NaN NaN NaN 
NaN NaN NaN NaN NaN NaN NaN NaN NaN NaN NaN NaN NaN NaN NaN NaN NaN NaN NaN NaN NaN NaN NaN NaN NaN NaN NaN NaN NaN NaN NaN NaN NaN NaN NaN NaN NaN NaN NaN NaN 
NaN NaN NaN NaN NaN NaN NaN NaN NaN NaN NaN NaN NaN NaN NaN NaN NaN NaN NaN NaN NaN NaN NaN NaN NaN NaN NaN NaN NaN NaN NaN NaN NaN NaN NaN NaN NaN NaN NaN NaN 
NaN NaN NaN NaN NaN NaN NaN NaN NaN NaN NaN NaN NaN NaN NaN NaN NaN NaN NaN NaN NaN NaN NaN NaN NaN NaN NaN NaN NaN NaN NaN NaN NaN NaN NaN NaN NaN NaN NaN NaN 
NaN NaN NaN NaN NaN NaN NaN NaN NaN NaN NaN NaN NaN NaN NaN NaN NaN NaN NaN NaN NaN NaN NaN NaN NaN NaN NaN NaN NaN NaN NaN NaN NaN NaN NaN NaN NaN NaN NaN NaN 
NaN NaN NaN NaN NaN NaN NaN NaN NaN NaN NaN NaN NaN NaN NaN NaN NaN NaN NaN NaN NaN NaN NaN NaN NaN NaN NaN NaN NaN NaN NaN NaN NaN NaN NaN NaN NaN NaN NaN NaN 
NaN NaN NaN NaN NaN NaN NaN NaN NaN NaN NaN NaN NaN NaN NaN NaN NaN NaN NaN NaN NaN NaN NaN NaN NaN NaN NaN NaN NaN NaN NaN NaN NaN NaN NaN NaN NaN NaN NaN NaN 
