-2.482908 -1.677150 0.112513 3.794952 10.166053 12.912962 7.568559 -2.866488 -1.533299 11.052965 10.375754 6.363826 12.026428 14.008313 5.653024 7.280442 4.361175 -3.012767 5.213979 -0.241623 3.320954 -5.956778 -11.526574 -17.472389 -18.940064 -15.681348 -14.301880 -14.371560 -12.099122 -18.801081 -22.025357 -19.517650 -26.829698 -33.525751 -30.310582 -30.507042 -36.819627 -36.997551 -27.116604 -28.071677 
-19.243332 -19.232491 -14.746967 -11.027163 8.339720 16.680970 5.151927 -17.764362 -5.250501 14.643103 7.474829 -8.883898 11.528298 16.195920 -6.148496 8.585512 7.502280 -3.000502 8.784703 -7.030537 3.909924 -13.836612 -13.907687 -19.817587 -19.272253 -15.464682 -16.077692 -11.530878 -10.750904 -20.008578 -20.451299 -18.233563 -26.583633 -33.846411 -29.732278 -29.754342 -39.883651 -36.874287 -24.590173 -25.459489 
-25.941740 -32.534130 -29.255691 -16.474539 9.436636 15.464315 0.742471 -24.732201 -2.267228 14.334695 3.451654 -15.286067 13.529800 13.048089 -8.355300 13.830930 7.580369 3.659727 8.574515 -3.871597 3.264563 -14.007377 -13.545471 -14.931970 -17.331876 -15.965544 -15.871544 -7.825591 -8.663475 -17.155496 -18.817102 -17.860914 -23.782786 -30.976265 -26.947316 -27.533796 -35.663664 -34.035253 -22.493366 -23.372878 
-20.652566 -26.518480 -30.594501 -9.866650 11.672365 14.572074 -4.147988 -26.380037 1.897117 13.371948 -1.725359 -6.292296 15.765263 9.683740 0.999899 17.145743 3.849223 8.221813 5.787742 4.258509 3.291233 -10.767207 -15.160511 -14.039761 -16.453127 -17.496493 -15.427972 -6.789075 -9.141417 -16.135747 -18.042688 -17.198702 -22.024911 -31.437667 -26.938809 -27.258243 -39.968224 -36.126190 -23.175761 -24.815326 
-21.318269 -26.077932 -29.583691 -4.659688 14.583379 14.739854 -5.611400 -20.243288 6.827802 11.031176 -7.948203 5.028521 16.782406 3.400202 11.399953 17.616894 0.324774 11.111952 1.894710 11.671941 2.023809 -8.163722 -14.875322 -13.683048 -12.415830 -15.529875 -13.778997 -8.073419 -6.970342 -14.931839 -16.705602 -16.078750 -21.687733 -28.716605 -25.976359 -25.906502 -32.198542 -31.781268 -24.156491 -24.576881 
-23.916436 -34.209758 -24.693797 2.453522 17.291774 13.769025 -7.221325 -6.175916 10.189706 4.315360 -5.619827 14.453541 15.775885 4.376860 18.865150 12.609568 7.607448 8.617753 8.015527 12.008619 2.663080 -5.776726 -8.889196 -12.644610 -13.249644 -14.957956 -11.874039 -4.231026 -5.995405 -15.527813 -17.535433 -15.279452 -21.277593 -30.966458 -26.858155 -29.418329 -42.807726 -39.523558 -24.555398 -24.527640 
-12.716070 -16.079525 -16.551203 9.503229 18.119511 8.216180 -9.659845 6.104755 10.930426 -5.200033 9.657269 17.972157 8.715142 17.185413 18.682346 9.189678 9.032996 6.136268 8.799685 10.451502 6.691912 -2.745254 -8.275221 -11.444639 -11.747242 -12.296607 -7.885897 -2.533281 -6.375471 -14.418359 -14.841190 -13.664286 -21.267856 -30.015536 -25.843759 -29.359169 -38.107830 -36.550713 -27.512893 -26.581529 
-25.066961 -22.939272 -9.186559 14.206457 16.658612 0.802808 -2.347400 12.571261 7.090626 -0.216625 17.325396 13.464941 12.117285 18.228924 10.277277 13.415077 7.116591 10.022720 9.874110 12.219338 6.715045 -2.090353 -7.645285 -10.658514 -11.225831 -10.876673 -6.467480 -1.540441 -6.527446 -13.561891 -12.183476 -12.819360 -20.852534 -28.219271 -25.908564 -28.923092 -36.938973 -35.701045 -24.867240 -26.615306 
-15.013232 -19.105190 -0.206018 16.536152 14.294253 -6.353728 5.895337 13.506908 0.380530 8.694181 13.666394 8.839388 15.848873 9.091142 15.603454 8.814696 10.767789 6.969582 10.070314 11.442700 6.304976 -2.522760 -8.545698 -11.708733 -11.289959 -9.399997 -5.280623 -1.330942 -7.306469 -12.139632 -10.574101 -11.712428 -19.850005 -27.154490 -25.294933 -28.653126 -41.005733 -37.911053 -24.994065 -26.659702 
-22.355419 -20.121224 5.323781 16.841963 11.500871 -3.493781 9.718279 7.568849 -4.621912 10.635504 6.144389 13.571934 13.834120 12.159436 13.619878 7.534871 6.526291 5.885594 7.138404 11.064657 5.068036 -4.376732 -9.704423 -12.306323 -11.538323 -9.283593 -3.795912 -0.898013 -7.839480 -12.659742 -10.493178 -11.589158 -19.344228 -27.181396 -24.247596 -30.152717 -44.348755 -39.197738 -24.096776 -27.676960 
-27.197426 -17.673948 8.066685 14.595582 1.342786 0.703811 11.295278 3.598516 2.585604 7.518816 4.588094 15.382618 7.858234 14.198217 5.544679 4.690158 1.214981 0.039734 3.789565 7.306357 4.093318 -4.899924 -10.509769 -13.549783 -12.169210 -10.148975 -4.069644 -2.725737 -10.438028 -14.073548 -11.086308 -12.837173 -19.725040 -26.129407 -23.013564 -27.732177 -37.788824 -37.429146 -24.840981 -25.037300 
-20.535968 -11.291994 9.985605 14.824787 2.708716 4.288124 9.942032 -1.610251 6.278901 1.383899 11.063200 13.369202 7.417037 9.369268 -0.944190 -3.667580 -1.292202 -3.659589 -2.744211 3.601543 3.884608 -3.931648 -11.343645 -14.133719 -12.832935 -10.120714 -3.430672 -3.103095 -12.843735 -17.337654 -12.936693 -14.334876 -20.937677 -26.753363 -24.363468 -29.660729 -47.515350 -44.870656 -26.310311 -25.560183 
-29.369597 -10.162881 9.344502 12.876425 -0.689892 5.723814 8.481311 -4.300936 6.816850 -1.860326 12.249581 9.636839 3.764192 -0.493271 -3.261057 -8.139241 -7.459102 -8.290314 -7.405302 -4.955072 -1.736138 -5.941223 -14.235233 -18.274478 -15.974386 -13.694636 -7.255690 -9.921432 -18.346655 -21.545902 -18.421943 -18.690761 -25.602417 -31.842749 -29.198952 -33.861431 -48.107353 -47.086366 -32.352764 -31.944945 
-20.046173 -8.397537 7.832184 9.061170 -7.559874 4.910372 3.649801 -2.869522 4.877974 -0.542574 7.782389 1.338291 -1.031005 -8.863885 -11.680130 -12.441278 -14.181860 -13.029778 -10.119796 -5.452482 -8.777300 -15.407571 -22.999283 -25.326424 -22.845406 -19.624937 -14.013826 -18.557278 -27.132881 -31.431446 -26.823571 -26.531274 -32.953775 -36.767610 -35.923986 -38.768937 -41.138597 -41.501570 -38.335377 -38.318966 
-16.519252 -9.525794 3.306586 4.629708 -3.807465 -1.639914 -4.202190 -2.260856 -5.360002 -8.881016 -7.053801 -11.229160 -18.295992 -24.730598 -28.112841 -25.905890 -29.506208 -31.110135 -24.780456 -15.509467 -17.087613 -30.588051 -34.669870 -37.265068 -34.862104 -31.672856 -28.947670 -34.349369 -41.351933 -49.132535 -41.059684 -42.082824 -48.169039 -51.471365 -48.564873 -51.520024 -55.613655 -55.536584 -47.204041 -45.111892 
-24.483194 -10.141664 -10.441796 -7.576484 -8.740167 -14.680806 -20.166733 -15.835581 -19.013620 -25.481683 -12.214240 -17.841329 -25.868788 -30.653573 -31.025801 -39.254777 -40.383138 -40.699624 -40.613529 -43.003086 -34.596061 -40.974057 -48.612130 -51.503472 -51.686603 -48.639661 -46.637969 -50.074959 -52.826218 -57.401396 -54.021267 -59.197572 -57.414412 -59.406707 -61.314512 -61.832451 -63.482158 -62.925992 -65.960727 -66.179484 
-25.640929 -19.360215 -9.797519 -17.568032 -18.850762 -19.336625 -24.490372 -24.280463 -26.870953 -32.250338 -22.780649 -28.662763 -35.384472 -35.050639 -43.503910 -49.837817 -44.677220 -45.184977 -50.218568 -44.901638 -42.006725 -44.383619 -52.831452 -59.198566 -57.996347 -57.357670 -49.923130 -50.585925 -61.943520 -62.857458 -62.925034 -63.521611 -63.811330 -67.522347 -65.156740 -66.833382 -67.377438 -66.762289 -68.380502 -73.113628 
-16.352404 -19.090149 -12.675084 -11.435314 -21.769005 -22.256166 -27.553671 -29.453666 -29.069592 -40.903186 -38.968320 -40.210460 -42.924674 -44.142497 -49.162173 -48.706137 -50.800402 -52.406805 -52.999211 -46.811235 -45.234737 -51.735550 -60.070187 -64.185278 -66.821191 -65.375669 -58.103051 -57.239984 -65.472391 -65.606044 -67.723636 -69.551753 -67.860035 -69.054365 -66.718616 -66.233669 -66.625382 -66.521373 -66.815570 -69.464941 
-14.881329 -21.792320 -15.828797 -12.673889 -24.050765 -33.705508 -31.733651 -34.039431 -34.435125 -50.205118 -50.722077 -50.419744 -47.916745 -48.430726 -59.483038 -59.583312 -56.906324 -63.047940 -57.892531 -56.664979 -53.090952 -59.327951 -62.239925 -68.387389 -66.891267 -66.863477 -63.821733 -63.697311 -66.696627 -68.330349 -71.018965 -66.374051 -68.334250 -68.529253 -69.174194 -70.198909 -68.079280 -68.180121 -66.636528 -68.916922 
-16.777639 -21.014266 -21.061946 -22.368871 -26.547714 -37.864574 -40.314885 -45.037984 -48.567187 -51.569686 -55.519741 -52.564431 -54.963107 -60.382819 -63.676111 -59.599564 -58.704354 -61.501059 -58.180399 -61.683812 -59.836215 -59.539349 -63.116470 -66.850731 -64.856712 -66.861579 -69.216131 -67.261347 -67.553976 -67.087279 -68.206496 -65.784248 -69.614981 -65.533928 -65.748083 -65.076608 -68.018186 -69.580934 -70.813007 -72.319434 
-11.840422 -14.439647 -17.826252 -21.736080 -20.442537 -19.396321 -17.564935 -15.888502 -15.964285 -17.826709 -19.297506 -20.935735 -22.677651 -23.304346 -22.504749 -21.302390 -19.810676 -18.832635 -17.752943 -16.482702 -15.659877 -15.146307 -17.002985 -20.125109 -22.520407 -25.415788 -28.396273 -29.503361 -30.991895 -33.421670 -33.489112 -31.338244 -29.408228 -33.348365 -36.009965 -40.329723 -46.460171 -47.188089 -47.983548 -42.316089 
-11.886189 -6.320217 -11.182951 -12.716652 -14.177786 -13.983670 -9.611391 -6.063448 -7.099926 -9.506809 -11.615255 -14.145944 -16.799289 -17.460669 -16.176200 -14.297912 -12.313191 -11.636305 -10.447266 -8.984991 -8.046305 -6.672048 -8.916815 -12.603872 -15.072389 -18.198324 -21.863845 -22.597974 -24.055999 -27.303863 -27.155068 -24.366186 -21.462809 -26.447532 -28.432542 -32.848075 -34.550983 -34.278742 -33.387846 -32.202081 
-13.305100 -3.351763 -2.577952 -7.355344 -9.067457 -11.221262 -15.209268 -6.378723 -4.345045 -7.764515 -13.934736 -20.228996 -20.848920 -27.121230 -28.025711 -23.110313 -17.523192 -20.491398 -20.905213 -22.469264 -16.478908 -12.395170 -14.453456 -15.834981 -20.168805 -21.321958 -22.676819 -27.899453 -28.733948 -32.881276 -29.398244 -28.675409 -28.112810 -27.562823 -25.084127 -27.027259 -31.734423 -28.947816 -27.897745 -27.177436 
-11.437167 -10.478144 -11.679151 -16.464848 -19.597178 -20.500410 -21.815743 -15.603631 -20.311663 -21.702043 -20.042146 -22.765897 -24.319071 -21.692849 -24.030625 -27.189268 -26.455617 -23.252168 -22.246675 -21.368735 -21.263135 -14.595069 -14.806929 -18.600783 -20.477921 -23.760302 -18.308281 -24.111480 -25.935348 -31.447337 -28.779678 -27.782083 -28.725050 -27.838336 -21.192318 -25.926238 -28.925282 -30.534371 -28.401358 -28.650442 
-12.499147 -11.458594 -16.503797 -22.280201 -23.819416 -25.325302 -24.886923 -18.939661 -20.630213 -22.746586 -22.595682 -23.435243 -29.949908 -31.972149 -28.284957 -31.683859 -26.445258 -25.033856 -30.303534 -25.084948 -26.253410 -18.580591 -18.093659 -18.939327 -29.153651 -30.096662 -24.597129 -26.846049 -31.006995 -35.988092 -31.855384 -28.325133 -32.811270 -29.994449 -27.209642 -31.180570 -35.350162 -35.304784 -34.093279 -34.607669 
-25.550984 -33.989963 -31.811685 -28.717291 -25.347058 -26.206231 -27.871526 -22.341193 -19.380624 -24.281738 -30.905259 -29.763636 -34.699817 -39.443129 -31.310084 -33.736726 -32.707524 -40.203345 -34.524566 -34.547442 -30.070055 -30.420960 -32.414719 -28.693920 -29.492559 -36.795783 -37.427664 -40.980786 -41.674098 -42.535782 -38.218647 -37.042267 -39.189024 -39.172013 -35.882588 -41.248724 -44.264059 -41.680572 -43.983882 -42.740540 
-49.855519 -49.942327 -50.423375 -55.460614 -62.085833 -57.025456 -54.551493 -51.190611 -48.632390 -46.910279 -50.144812 -55.388798 -54.960944 -58.455499 -64.500090 -61.607854 -64.672733 -63.685411 -63.293434 -57.527593 -58.863202 -55.769520 -54.435635 -59.434159 -60.544383 -62.427510 -64.349960 -66.079432 -68.891578 -66.590866 -69.509321 -68.781280 -64.869987 -66.623381 -68.795436 -69.953351 -71.272418 -69.040680 -72.049626 -71.645700 
-62.931104 -66.425028 -74.063492 -67.456149 -63.764852 -70.500302 -77.623335 -76.747527 -76.724919 -67.776392 -70.029454 -71.726377 -69.409663 -73.216998 -72.605058 -75.135726 -78.201949 -80.613023 -73.300813 -77.513237 -75.541492 -71.793296 -73.967884 -77.529380 -76.656546 -85.159604 -80.913360 -77.083626 -81.722094 -80.085744 -80.061994 -81.338710 -82.948641 -82.865980 -83.843150 -85.373948 -86.276395 -85.816248 -88.033392 -87.642402 
-60.420445 -63.889505 -67.807987 -67.716044 -63.119965 -68.899471 -68.099373 -70.073473 -74.605949 -71.217798 -78.465419 -70.712313 -68.027679 -72.806164 -71.668111 -74.101556 -80.998824 -81.342075 -79.523594 -77.720086 -77.191071 -80.194347 -84.794899 -89.936451 -86.459417 -85.744106 -87.542790 -87.323078 -83.132383 -82.891471 -88.852203 -86.587724 -88.437054 -90.017099 -90.896793 -90.393203 -88.185003 -89.391882 -92.662701 -93.891245 
-69.552223 -69.464161 -70.219409 -70.660940 -70.789214 -72.251891 -73.246393 -74.541166 -77.658799 -79.906129 -86.637074 -91.806910 -88.508839 -85.041779 -82.986958 -83.018676 -85.345385 -90.198921 -96.999228 -91.309319 -87.807920 -88.325999 -93.461989 -98.973044 -91.957175 -91.046877 -97.092797 -97.555179 -93.002493 -97.540102 -98.501182 -95.178964 -101.519585 -96.784430 -100.776218 -98.440981 -101.358403 -99.252858 -102.432394 -101.735394 
NaN NaN NaN NaN NaN NaN NaN NaN NaN NaN NaN NaN NaN NaN NaN NaN NaN NaN NaN NaN NaN NaN NaN NaN NaN NaN NaN NaN NaN NaN NaN NaN NaN NaN NaN NaN NaN NaN NaN NaN 
NaN NaN NaN NaN NaN NaN NaN NaN NaN NaN NaN NaN NaN NaN NaN NaN NaN NaN NaN NaN NaN NaN NaN NaN NaN NaN NaN NaN NaN NaN NaN NaN NaN NaN NaN NaN NaN NaN NaN NaN 
NaN NaN NaN NaN NaN NaN NaN NaN NaN NaN NaN NaN NaN NaN NaN NaN NaN NaN NaN NaN NaN NaN NaN NaN NaN NaN NaN NaN NaN NaN NaN NaN NaN NaN NaN NaN NaN NaN NaN NaN 
NaN NaN NaN NaN NaN NaN NaN NaN NaN NaN NaN NaN NaN NaN NaN NaN NaN NaN NaN NaN NaN NaN NaN NaN NaN NaN NaN NaN NaN NaN NaN NaN NaN NaN NaN NaN NaN NaN NaN NaN 
NaN NaN NaN NaN NaN NaN NaN NaN NaN NaN NaN NaN NaN NaN NaN NaN NaN NaN NaN NaN NaN NaN NaN NaN NaN NaN NaN NaN NaN NaN NaN NaN NaN NaN NaN NaN NaN NaN NaN NaN 
