-4.598774 5.094965 13.990554 14.683058 6.904808 3.209554 6.044488 2.988826 -0.957079 -8.453934 -13.833879 -11.575610 -15.849614 -13.923655 -13.879117 -16.216440 -19.436298 -18.045274 -21.464848 -20.791878 -15.689749 -16.017963 -21.201151 -24.208279 -18.841385 -13.548921 -16.576950 -20.691522 -20.268779 -16.043280 -14.984016 -20.638777 -19.508225 -16.336969 -13.819149 -18.373746 -19.472469 -14.348731 -17.767133 -19.034807 
-10.133100 9.886875 22.675648 22.347333 9.821789 16.745899 17.194006 8.981806 17.766209 7.933866 -0.378045 -6.017817 -1.830918 -4.924073 -3.609550 -8.388754 -11.884882 -9.428092 -7.156101 -6.179326 -1.328301 -5.762260 -13.269262 -14.347113 -13.342409 -8.864872 -9.393779 -21.797417 -25.593275 -23.182003 -18.714612 -22.443754 -27.456425 -22.985068 -20.104886 -18.550201 -22.591133 -23.364600 -27.034774 -23.173742 
-17.493198 7.918542 22.899076 21.956792 6.081991 18.726994 15.896151 10.325695 22.702678 11.871081 6.688123 -0.754355 2.080520 -1.557229 -1.557032 -2.891424 -8.170909 -7.046858 -3.368955 -3.049430 2.959331 -6.047934 -11.421466 -11.877079 -11.995804 -7.343501 -6.651372 -16.639585 -22.056050 -19.589188 -15.693722 -18.351093 -26.488566 -31.672358 -25.061614 -20.727537 -24.203846 -37.279635 -36.756753 -32.882613 
-16.130458 3.343906 21.127981 21.990308 4.932353 15.959409 16.012372 6.472072 19.952616 8.403778 10.842585 5.155280 5.604442 0.547225 3.754718 -0.999103 -3.816605 -2.988018 -0.476840 -0.205176 3.498503 -4.288857 -10.559221 -11.236038 -12.165778 -7.844302 -5.529331 -15.924635 -18.736848 -17.550011 -15.324323 -17.816955 -26.648839 -34.289038 -26.785753 -23.711007 -26.530820 -37.506158 -43.826396 -37.140225 
-18.141624 0.940996 19.691371 22.264299 6.145754 13.053062 16.156128 2.954560 16.075661 7.983504 11.760447 10.109067 6.035258 3.638086 4.891785 -1.068195 -1.223403 -1.040767 -0.959590 1.529105 -0.170018 -8.058442 -15.408543 -11.633406 -12.003188 -9.037677 -7.733192 -18.357143 -20.815813 -19.270659 -17.056880 -19.640620 -27.133188 -32.186035 -26.643227 -19.819969 -24.019927 -32.684033 -34.739149 -34.442145 
-12.782996 -5.332543 17.787685 22.319904 8.479208 10.109499 16.259885 2.034246 12.220020 9.040012 8.130256 12.577554 4.555071 6.997960 3.801925 0.092370 -0.467089 -0.571966 -0.928334 0.818109 -0.148656 -10.580711 -16.459333 -13.407325 -14.447968 -9.560028 -8.400446 -16.521852 -19.638355 -19.130841 -17.712482 -20.955994 -27.621762 -36.441520 -26.953711 -22.610144 -27.935087 -38.323510 -47.339630 -46.499150 
-15.764786 -7.133756 16.640287 22.072947 8.850629 7.877871 15.855473 3.061064 9.966745 10.694848 6.825793 13.807113 4.126969 8.929976 2.884247 2.667299 0.525161 0.665040 0.923555 0.695518 -4.066231 -11.741346 -15.953917 -12.791941 -13.433397 -8.717498 -8.104427 -18.116475 -21.164300 -18.492542 -15.082026 -17.770694 -26.382830 -32.397341 -21.767498 -18.408937 -22.244133 -33.084483 -35.057858 -35.392962 
-19.795415 -8.746089 15.543481 21.824761 9.445223 4.006308 14.674471 3.503654 6.789289 10.252772 3.580177 14.823546 3.591737 11.084605 2.620912 4.445857 -0.227678 -1.285692 1.663546 -0.785874 -7.357445 -15.288636 -17.634255 -16.204061 -16.222438 -12.982471 -11.422087 -19.999788 -25.174101 -20.093328 -16.921123 -19.918075 -29.499941 -35.631198 -25.251122 -17.863043 -22.892033 -35.014540 -43.039071 -43.094549 
-18.984794 -10.162658 15.316803 21.180458 8.505883 3.106688 13.262233 1.727058 6.089243 7.767819 2.930241 13.523619 2.817500 10.664943 3.747904 2.562416 0.683116 0.024519 1.216471 -3.050092 -10.666492 -16.559849 -19.111041 -14.707073 -16.099050 -11.327652 -10.541135 -20.315925 -24.526268 -21.548493 -19.097417 -23.539698 -32.549519 -41.588334 -26.606430 -23.023838 -27.369028 -38.789426 -46.914877 -48.485324 
-16.672220 -4.816263 16.272996 20.236909 5.847710 6.611335 12.148918 -2.083147 7.448384 3.145740 6.834952 9.909902 7.213389 9.622212 7.097531 2.714185 3.593417 2.922957 0.788740 -5.157903 -12.434789 -23.146952 -21.960864 -18.821424 -19.614328 -17.696303 -15.780521 -24.499780 -24.185175 -20.725557 -18.250439 -25.005953 -33.886604 -38.766153 -23.559955 -21.022316 -27.043024 -39.242767 -48.371192 -50.676454 
-11.545668 0.047408 17.246062 18.786451 1.865262 9.152720 10.111951 -2.374749 7.539251 -1.499816 8.255036 3.292409 7.183588 4.591729 9.676440 4.533965 2.521134 1.763524 0.537674 -8.031052 -16.132262 -20.386537 -23.115251 -20.942619 -19.436333 -17.325639 -15.782529 -21.361338 -25.081538 -23.687470 -20.532280 -28.430319 -35.727528 -38.975161 -27.852544 -22.877960 -27.416447 -36.630016 -46.012251 -46.689005 
-25.320098 3.620271 18.066724 16.829024 0.825541 11.172623 7.294251 1.890373 6.163241 -0.493165 8.008804 3.651761 7.031741 8.505126 7.596635 4.720995 2.546927 2.100488 1.480886 -7.825719 -12.736157 -17.922093 -20.643549 -19.360252 -19.782930 -17.966138 -14.686608 -19.167330 -25.232395 -25.718661 -21.703863 -27.526384 -38.569589 -40.200680 -26.006712 -22.542568 -26.128460 -33.659442 -45.068804 -51.321265 
-14.727282 6.034639 18.593089 14.927716 2.685133 11.925052 3.870627 5.204708 4.016476 3.302468 4.297334 6.157601 4.423737 9.912025 5.203921 2.059082 2.895390 2.923682 0.322672 -6.453135 -12.517525 -16.659167 -20.904383 -20.386261 -20.976308 -18.837206 -14.378683 -21.698810 -26.516968 -23.847141 -19.274804 -30.001596 -39.534348 -41.747843 -26.193448 -24.668438 -29.830038 -38.943173 -46.903872 -52.171444 
-15.521336 8.856522 19.250460 13.899763 6.302131 12.119492 2.847882 7.416074 0.920010 3.405101 0.116776 7.187109 6.016752 7.750951 6.987242 5.108867 3.281078 3.689726 1.753767 -10.069963 -14.146725 -19.791842 -23.730791 -21.797499 -20.820698 -18.319495 -15.165768 -21.553201 -24.193898 -22.010184 -18.963252 -28.424066 -36.552403 -41.574768 -25.227463 -23.357610 -29.529358 -39.709811 -49.621895 -52.718744 
-9.883756 10.508928 19.216851 12.137099 8.919215 10.563177 2.218040 7.162984 -1.396090 1.656984 2.986885 4.951399 7.145522 5.216204 8.230574 5.850149 3.722293 4.585144 1.671941 -5.872838 -11.108080 -15.079688 -17.430644 -16.245431 -15.333161 -13.477067 -11.680267 -19.714568 -25.192233 -22.219371 -17.214713 -27.707741 -35.746181 -40.429702 -27.753852 -24.370057 -29.313139 -34.753996 -47.312198 -52.304752 
-9.806450 11.533136 18.132789 9.263867 11.351752 8.678760 4.607334 4.761215 1.983357 1.272570 6.928585 4.990199 7.929126 8.915228 6.189150 4.244979 1.918701 2.614914 2.889453 -5.046556 -11.250206 -16.531514 -19.513494 -17.982002 -17.399122 -12.748710 -11.478376 -19.487995 -23.885628 -21.303252 -15.815320 -26.371065 -35.837984 -38.497848 -24.311021 -20.398881 -26.439377 -32.358089 -41.119891 -42.370706 
-8.202797 11.664809 16.449095 7.650769 12.116424 7.243238 4.990638 1.286527 3.240737 0.605988 4.851596 4.610137 4.682617 5.789785 4.732701 1.314960 -0.649193 2.778923 2.637202 -7.409545 -15.367160 -19.411937 -24.929324 -21.436880 -18.330509 -15.577942 -16.154231 -24.879684 -29.990697 -24.489010 -19.273445 -29.214686 -38.707708 -42.425296 -25.563201 -24.951221 -30.046611 -36.559614 -46.236527 -49.146238 
-6.087860 10.375917 14.483046 6.677590 10.413372 5.551288 2.505006 -0.790743 -0.022846 -2.602124 -0.292499 -1.064527 -1.215872 0.060273 -3.743796 -7.139478 -9.033155 -4.292824 -3.145907 -8.936328 -18.720250 -26.323730 -29.012309 -22.612376 -24.047037 -26.706559 -24.982119 -31.904408 -33.682023 -31.881001 -25.466310 -33.692432 -40.108184 -43.960443 -29.215848 -26.174365 -30.584672 -34.429578 -43.639013 -49.438976 
-6.910044 8.500471 13.481608 4.900065 5.377360 -1.866017 -3.024831 -8.572453 -12.047980 -15.416115 -10.437191 -9.838146 -6.243995 -6.700855 -13.647453 -16.959174 -20.638784 -17.162238 -9.087073 -11.676215 -21.910771 -27.018740 -29.363998 -33.632765 -32.601294 -25.246828 -26.618808 -35.519057 -35.095280 -34.792250 -28.537901 -31.178918 -39.661513 -42.777034 -33.667506 -31.782253 -32.822097 -36.693244 -43.073983 -47.670725 
-6.932054 5.170801 8.514163 2.401788 -0.535252 -2.136493 -6.540930 -11.594446 -15.157898 -17.943150 -22.592263 -19.670409 -18.047611 -14.952923 -17.141003 -22.320881 -24.949532 -20.691466 -22.838357 -17.492365 -22.851585 -33.672217 -35.170446 -39.604342 -33.905051 -27.825466 -33.802099 -43.698561 -44.416961 -38.261967 -39.063893 -39.482722 -41.895538 -43.388412 -38.281624 -38.769681 -39.269275 -44.085727 -47.535063 -49.673151 
-16.534603 -12.655699 -5.235634 -7.071351 -12.356499 -19.789596 -33.204839 -27.540068 -30.765070 -35.557065 -35.969270 -28.985870 -34.327691 -32.774952 -29.685462 -28.846384 -34.192885 -28.184096 -25.764341 -22.479969 -30.738890 -42.966097 -42.822594 -44.975468 -42.034260 -37.500630 -39.673701 -49.915480 -53.708521 -50.679722 -49.721172 -47.909083 -50.689157 -53.085807 -49.666843 -48.415163 -52.020746 -55.900979 -56.282609 -56.440996 
-29.073021 -23.114419 -21.909546 -23.110043 -20.753859 -25.448983 -36.191794 -34.501525 -33.606946 -33.769297 -40.216146 -43.721985 -43.555026 -39.136738 -39.598182 -45.159866 -47.367353 -46.180582 -36.704177 -34.966907 -50.981287 -56.201775 -54.241478 -57.775929 -55.494630 -51.646761 -52.954689 -58.138059 -61.183945 -60.350490 -60.217382 -58.845285 -58.522896 -61.648090 -61.121590 -59.738488 -60.129201 -60.400430 -61.194492 -64.539169 
-26.679527 -23.075144 -22.719790 -26.616559 -28.846807 -31.342368 -35.974632 -38.717396 -39.160431 -43.918479 -44.882440 -51.599279 -52.275539 -53.677917 -54.013571 -53.865520 -51.034479 -50.335260 -48.068400 -47.662673 -60.765504 -63.354332 -67.940889 -66.574246 -63.702516 -60.237048 -61.572231 -61.869585 -65.905302 -67.700911 -65.019242 -65.964328 -68.582400 -69.303800 -66.984155 -67.819608 -67.105165 -66.640325 -65.169425 -68.997927 
-53.287349 -51.614570 -53.063342 -54.108842 -59.444199 -63.499871 -59.368943 -62.220892 -64.399270 -64.337509 -69.459751 -66.240675 -69.756107 -70.159488 -72.280058 -68.193320 -73.517659 -71.600598 -70.298095 -70.588106 -71.751123 -75.646149 -72.716252 -73.377341 -72.747683 -73.569902 -72.135309 -71.645141 -73.883141 -76.008520 -73.853419 -73.215334 -76.472012 -77.635687 -76.852316 -76.171923 -74.703433 -76.629331 -77.807785 -77.861517 
-77.118241 -72.713190 -64.753373 -66.570578 -73.216951 -74.981161 -70.681893 -72.013835 -74.399200 -67.677193 -72.423892 -73.771334 -73.429964 -74.724443 -76.533049 -70.130071 -76.573845 -75.442437 -76.846462 -71.195839 -70.954145 -71.680261 -72.386669 -74.534910 -76.565320 -76.640196 -74.921569 -75.091061 -75.109198 -79.106457 -76.494899 -77.098644 -75.442957 -75.406282 -79.408025 -74.696963 -77.204059 -79.145635 -78.816291 -79.049024 
-59.341231 -63.789715 -70.286207 -72.651503 -69.370818 -63.593595 -62.970089 -63.674844 -65.054998 -66.427836 -65.902021 -63.202056 -73.808802 -78.034304 -67.963200 -68.340527 -76.618879 -73.689377 -77.752922 -76.079469 -72.434329 -71.410464 -78.989401 -69.117116 -69.590010 -74.807814 -75.564897 -76.468106 -75.049936 -70.225237 -73.756091 -82.198089 -76.448250 -76.105138 -76.232319 -74.793809 -77.268680 -77.461958 -78.472448 -79.151207 
-23.522939 -25.524856 -27.252362 -27.617562 -27.966793 -29.560293 -31.409333 -31.331954 -30.507606 -31.757150 -36.860803 -42.045983 -36.816493 -32.911695 -30.927269 -32.101768 -36.057643 -36.281476 -30.584753 -26.519790 -27.431369 -33.169836 -41.010023 -46.901027 -44.089349 -35.995294 -42.322623 -44.376531 -53.900978 -51.077221 -45.465101 -42.974671 -47.010971 -47.604019 -42.990956 -43.877453 -48.266871 -44.316352 -47.443827 -52.716767 
-8.903320 -8.616132 -17.880429 -15.964392 -11.760030 -13.819774 -20.391022 -14.102850 -10.823875 -20.843629 -19.042872 -21.221545 -18.044199 -15.015976 -16.414693 -16.668614 -24.267714 -22.423218 -13.971904 -8.849047 -10.987816 -17.840158 -23.873658 -29.579976 -25.328194 -18.993471 -21.797605 -26.783375 -32.583277 -33.928517 -30.720068 -27.721374 -29.927647 -30.948892 -25.758983 -25.690474 -29.191029 -28.595975 -31.378516 -32.561311 
-5.704647 -5.584530 -9.633211 -11.399836 -13.897764 -18.567880 -14.962024 -11.519549 -12.192587 -13.105809 -20.543471 -21.647365 -19.180087 -22.124509 -23.094666 -18.995237 -18.819960 -15.754302 -9.644660 -8.531108 -7.095273 -12.777700 -15.185015 -21.146690 -24.796893 -21.004876 -25.251760 -27.725196 -24.041582 -24.280018 -22.400539 -22.430657 -22.955024 -23.611314 -22.036770 -22.763221 -26.098168 -26.336362 -24.082709 -26.860549 
-9.702693 -9.295021 -9.843161 -16.297678 -14.530206 -16.500655 -11.749106 -9.264649 -4.720523 -14.727526 -22.588191 -23.051274 -20.326130 -17.748591 -13.951200 -16.715322 -20.454158 -17.651431 -9.526907 -7.117109 -0.642170 -7.725532 -12.318582 -18.052705 -22.874327 -18.109637 -23.653161 -27.892972 -27.641564 -26.312360 -24.552111 -26.266672 -27.494729 -23.163823 -23.329163 -24.793847 -25.249988 -26.461480 -25.751921 -27.953860 
-14.205983 -8.089912 -9.581735 -11.904892 -14.349897 -14.376997 -15.114480 -14.572303 -7.688251 -13.708172 -15.093065 -16.128672 -19.968374 -18.564021 -16.875708 -17.087135 -21.737856 -22.102955 -16.812483 -13.644106 -9.228201 -10.938370 -22.436566 -23.977033 -22.646897 -19.318231 -22.179796 -27.606192 -28.400225 -29.708795 -31.337528 -30.900969 -31.067057 -27.928297 -28.885164 -28.885207 -29.019032 -28.826874 -34.388170 -34.334526 
-5.392491 -4.424641 -5.151099 -0.738626 -7.192994 -12.594274 -12.211185 -11.752958 -8.580915 -17.887895 -21.520014 -20.173861 -19.528916 -20.695975 -22.435906 -20.820603 -24.394737 -20.833188 -19.106222 -21.058213 -14.584264 -13.472197 -18.502016 -23.916134 -23.293101 -21.643675 -22.767244 -29.904689 -34.779966 -33.917710 -32.871642 -33.289765 -33.721318 -36.947758 -33.340703 -33.120092 -35.529685 -36.043825 -38.019020 -42.607537 
-8.414667 -5.014539 -1.668693 -5.626685 -9.950555 -13.841560 -12.923232 -17.127439 -12.539481 -16.661014 -28.273096 -23.954953 -28.286965 -25.146731 -23.663756 -24.017757 -28.349985 -24.525871 -23.177184 -22.428993 -12.332870 -14.372604 -22.819285 -28.830969 -28.292017 -21.606726 -23.283222 -32.402900 -38.061045 -35.943625 -36.372667 -38.545832 -41.401872 -42.339569 -38.939409 -35.123805 -37.148545 -38.514151 -40.672430 -42.855162 
-9.139621 -14.326890 -8.647967 -7.944912 -11.070485 -10.407639 -14.694511 -13.396226 -18.578870 -18.353378 -25.955939 -25.586173 -30.462411 -24.884356 -24.163201 -29.756778 -26.166582 -29.871147 -24.537605 -22.964859 -20.274866 -22.989801 -25.591986 -29.454972 -26.952710 -21.052534 -25.906322 -34.488137 -38.834555 -36.897774 -36.274202 -36.428936 -39.989482 -42.357033 -39.773072 -37.032913 -39.763769 -40.409323 -42.784126 -42.525308 
-13.979161 -5.424411 4.502699 6.153749 -1.823870 -10.083032 -19.484367 -13.558412 -13.724917 -18.569974 -26.032231 -22.406329 -24.733335 -22.732147 -23.248465 -23.828453 -24.954996 -26.223948 -21.416449 -20.898641 -15.925457 -26.502252 -26.838793 -26.817589 -28.738095 -25.552660 -29.010742 -39.251501 -39.902611 -39.040532 -36.494835 -36.895985 -42.766449 -43.702288 -39.744089 -37.667160 -39.424420 -43.075618 -48.321027 -48.142326 
-12.234047 2.768422 13.269555 11.446327 -0.476181 -0.088653 -3.332861 -8.108544 -12.913464 -11.206547 -16.352581 -19.139846 -21.103484 -17.439092 -19.378249 -24.227761 -23.972652 -21.929264 -19.342713 -17.889709 -15.536904 -19.827530 -22.982879 -22.687182 -25.333844 -18.163902 -22.193612 -32.010134 -33.854839 -36.652377 -32.232495 -35.069971 -39.767928 -41.518324 -36.614560 -31.692974 -31.896598 -38.834405 -45.184395 -46.573868 
-14.075762 0.048240 12.574691 11.490208 -5.284017 -4.509416 -9.407440 -15.474623 -11.995206 -16.258362 -20.120595 -16.449923 -19.532212 -19.619918 -18.519082 -20.484526 -22.259384 -19.780752 -18.436570 -17.087230 -15.660365 -22.223952 -24.426258 -25.455547 -26.629705 -23.138468 -27.061822 -37.575640 -38.807196 -38.323782 -34.946357 -34.526404 -41.095686 -40.804936 -36.355527 -31.386000 -34.339312 -42.327215 -45.409312 -49.638558 
-10.851380 -1.741436 6.102554 5.306398 -6.221118 -20.196053 -16.584408 -16.252726 -14.157808 -22.838464 -22.836376 -19.604381 -20.030893 -24.923045 -33.164166 -29.531158 -26.076587 -26.075615 -19.925221 -17.566107 -16.754584 -22.279939 -28.022926 -30.839743 -31.123664 -25.792191 -32.202852 -38.665767 -43.383428 -42.112893 -40.881012 -41.087539 -47.075302 -43.039485 -39.607373 -34.915378 -38.244283 -45.903742 -50.472879 -51.432919 
-16.390537 -17.016314 -11.019177 -14.821532 -24.676151 -27.112009 -32.094686 -37.079160 -39.474032 -38.141471 -40.850318 -34.219324 -29.101176 -29.426768 -36.355105 -42.440554 -39.155457 -37.786283 -34.405516 -25.874709 -28.285806 -38.152492 -44.507057 -49.011208 -47.566092 -42.776840 -46.404003 -51.457659 -51.945495 -52.397226 -50.952307 -53.992603 -55.179204 -56.947410 -58.561530 -58.233032 -57.566484 -59.527623 -60.239442 -60.698156 
-28.103439 -30.401740 -30.004034 -30.931058 -34.336668 -36.669539 -38.995129 -48.504691 -51.329982 -48.702126 -48.284456 -51.696772 -54.437150 -48.828062 -48.043874 -50.900004 -56.277478 -58.216618 -48.368540 -45.396236 -46.511566 -51.333930 -56.935314 -62.397624 -63.010656 -51.637828 -58.415642 -66.747041 -66.056513 -67.318951 -65.460204 -68.259248 -68.295544 -72.849551 -72.796916 -72.363307 -72.947972 -71.889984 -71.746902 -73.781341 
-169.114260 -169.114260 -169.114260 -169.114260 -169.114260 -169.114260 -169.114260 -169.114260 -169.114260 -169.114260 -169.114260 -169.114260 -169.114260 -169.114260 -169.114260 -169.114260 -169.114260 -169.114260 -169.114260 -169.114260 -169.114260 -169.114260 -169.114260 -169.114260 -169.114260 -169.114260 -169.114260 -169.114260 -169.114260 -169.114260 -169.114260 -169.114260 -169.114260 -169.114260 -169.114260 -169.114260 -169.114260 -169.114260 -169.114260 -169.114260 
NaN NaN NaN NaN NaN NaN NaN NaN NaN NaN NaN NaN NaN NaN NaN NaN NaN NaN NaN NaN NaN NaN NaN NaN NaN NaN NaN NaN NaN NaN NaN NaN NaN NaN NaN NaN NaN NaN NaN NaN 
NaN NaN NaN NaN NaN NaN NaN NaN NaN NaN NaN NaN NaN NaN NaN NaN NaN NaN NaN NaN NaN NaN NaN NaN NaN NaN NaN NaN NaN NaN NaN NaN NaN NaN NaN NaN NaN NaN NaN NaN 
NaN NaN NaN NaN NaN NaN NaN NaN NaN NaN NaN NaN NaN NaN NaN NaN NaN NaN NaN NaN NaN NaN NaN NaN NaN NaN NaN NaN NaN NaN NaN NaN NaN NaN NaN NaN NaN NaN NaN NaN 
NaN NaN NaN NaN NaN NaN NaN NaN NaN NaN NaN NaN NaN NaN NaN NaN NaN NaN NaN NaN NaN NaN NaN NaN NaN NaN NaN NaN NaN NaN NaN NaN NaN NaN NaN NaN NaN NaN NaN NaN 
NaN NaN NaN NaN NaN NaN NaN NaN NaN NaN NaN NaN NaN NaN NaN NaN NaN NaN NaN NaN NaN NaN NaN NaN NaN NaN NaN NaN NaN NaN NaN NaN NaN NaN NaN NaN NaN NaN NaN NaN 
NaN NaN NaN NaN NaN NaN NaN NaN NaN NaN NaN NaN NaN NaN NaN NaN NaN NaN NaN NaN NaN NaN NaN NaN NaN NaN NaN NaN NaN NaN NaN NaN NaN NaN NaN NaN NaN NaN NaN NaN 
-67.834113 -66.669722 -66.993176 -70.228052 -76.074470 -73.573998 -71.109247 -72.517471 -73.596765 -72.319888 -71.952452 -70.666467 -69.615937 -70.006311 -71.671528 -71.780537 -70.734210 -70.365272 -69.942297 -71.005083 -71.234859 -71.141673 -71.128148 -70.553889 -70.517665 -70.455516 -70.429381 -69.987860 -70.330540 -70.326683 -70.069842 -69.814533 -69.695464 -69.637866 -69.527677 -69.533908 -69.245468 -69.151574 -69.165863 -69.118137 
-62.853246 -58.342634 -57.032242 -59.208482 -63.872593 -62.818446 -62.888454 -68.067619 -72.744522 -66.299629 -69.310324 -65.557815 -64.788670 -64.566765 -68.722106 -68.460242 -66.394931 -66.241670 -64.804440 -67.407933 -67.031416 -67.085427 -67.376168 -66.296318 -66.580377 -66.338032 -66.480227 -65.769709 -66.374970 -66.397605 -66.027613 -65.743930 -65.667129 -65.641752 -65.426349 -65.542082 -65.202210 -65.116180 -65.137152 -65.072093 
-80.133128 -76.851646 -74.283483 -73.045033 -73.689743 -76.723311 -82.142801 -89.632885 -86.706000 -83.628434 -83.573790 -84.134923 -87.469982 -84.732461 -89.530962 -91.268806 -92.145610 -87.310868 -85.279151 -91.687725 -91.359659 -91.608264 -99.494918 -98.039130 -102.518680 -95.928469 -94.260400 -97.238559 -100.885725 -101.299688 -98.937283 -97.256855 -94.400223 -94.025109 -93.055515 -94.449799 -95.020913 -97.645527 -97.356898 -99.092526 
NaN NaN NaN NaN NaN NaN NaN NaN NaN NaN NaN NaN NaN NaN NaN NaN NaN NaN NaN NaN NaN NaN NaN NaN NaN NaN NaN NaN NaN NaN NaN NaN NaN NaN NaN NaN NaN NaN NaN NaN 
NaN NaN NaN NaN NaN NaN NaN NaN NaN NaN NaN NaN NaN NaN NaN NaN NaN NaN NaN NaN NaN NaN NaN NaN NaN NaN NaN NaN NaN NaN NaN NaN NaN NaN NaN NaN NaN NaN NaN NaN 
NaN NaN NaN NaN NaN NaN NaN NaN NaN NaN NaN NaN NaN NaN NaN NaN NaN NaN NaN NaN NaN NaN NaN NaN NaN NaN NaN NaN NaN NaN NaN NaN NaN NaN NaN NaN NaN NaN NaN NaN 
NaN NaN NaN NaN NaN NaN NaN NaN NaN NaN NaN NaN NaN NaN NaN NaN NaN NaN NaN NaN NaN NaN NaN NaN NaN NaN NaN NaN NaN NaN NaN NaN NaN NaN NaN NaN NaN NaN NaN NaN 
NaN NaN NaN NaN NaN NaN NaN NaN NaN NaN NaN NaN NaN NaN NaN NaN NaN NaN NaN NaN NaN NaN NaN NaN NaN NaN NaN NaN NaN NaN NaN NaN NaN NaN NaN NaN NaN NaN NaN NaN 
NaN NaN NaN NaN NaN NaN NaN NaN NaN NaN NaN NaN NaN NaN NaN NaN NaN NaN NaN NaN NaN NaN NaN NaN NaN NaN NaN NaN NaN NaN NaN NaN NaN NaN NaN NaN NaN NaN NaN NaN 
NaN NaN NaN NaN NaN NaN NaN NaN NaN NaN NaN NaN NaN NaN NaN NaN NaN NaN NaN NaN NaN NaN NaN NaN NaN NaN NaN NaN NaN NaN NaN NaN NaN NaN NaN NaN NaN NaN NaN NaN 
