-24.901907 -20.592142 -17.970204 -15.988291 -17.816777 -23.933418 -30.715767 -38.117256 -43.026611 -45.346000 -50.148302 -50.863543 -51.505142 -54.244821 -55.102316 -56.109109 -55.762464 -57.760845 -54.464539 -55.900465 -57.763440 -60.858919 -61.395861 -60.858904 -61.882320 -62.473384 -63.451587 -64.172560 -63.973422 -64.462972 -64.279912 -65.695415 -66.712802 -67.077772 -67.216942 -66.859988 -67.294496 -66.383304 -67.605782 -68.185033 
-15.969636 -1.750510 2.257266 -0.208571 -7.872364 -9.835410 -15.169399 -19.552984 -26.236971 -35.921771 -33.643477 -34.416847 -39.024626 -41.098301 -42.196318 -42.945829 -43.656860 -45.102519 -44.613191 -44.263618 -45.761835 -47.870463 -48.626214 -49.381274 -49.725662 -49.861925 -50.962606 -51.478146 -51.756349 -52.615827 -52.669234 -53.562022 -54.039829 -53.795484 -54.208901 -54.539729 -54.989348 -55.249783 -55.288867 -55.826739 
-11.912639 3.298437 4.072781 1.602810 2.384970 -9.880219 -16.332623 -23.703840 -24.882840 -30.312137 -34.272027 -36.254125 -39.876525 -42.693182 -45.187881 -46.077610 -47.360437 -47.627763 -45.999835 -42.404878 -47.423922 -49.781064 -51.732138 -51.544837 -49.932349 -48.680673 -54.059865 -54.348307 -55.647411 -54.809296 -52.800701 -56.096551 -56.923149 -57.038364 -56.689913 -57.495126 -57.799260 -57.691043 -58.376954 -59.200210 
-12.167028 2.913220 3.467826 0.087646 1.507155 -14.746638 -21.444851 -23.311776 -25.055600 -28.899087 -31.539657 -37.227993 -42.514155 -46.291403 -50.678965 -52.130748 -56.341724 -54.165020 -50.495254 -42.945437 -48.002735 -58.313610 -55.468309 -56.315184 -52.899850 -56.972643 -62.358739 -63.590690 -62.847291 -57.859794 -58.839596 -61.644148 -63.463546 -61.019916 -59.260107 -61.140211 -60.833050 -60.299661 -63.311583 -62.903296 
-11.350251 1.075202 2.010585 -0.489886 1.590121 -9.184757 -18.742083 -19.650126 -21.582139 -29.407253 -36.297926 -42.021590 -42.560871 -42.671085 -41.614436 -43.118978 -49.992955 -51.339549 -42.702741 -38.359724 -41.571293 -46.776018 -52.515976 -49.653901 -47.862202 -50.760404 -57.970775 -63.056525 -58.176696 -54.542266 -50.860669 -50.080386 -55.869764 -57.679371 -54.795075 -54.755189 -57.089604 -54.898785 -59.173769 -60.108864 
-2.850812 -0.049121 -1.674447 2.386209 -1.624873 -1.184919 -1.439861 -11.275096 -11.354487 -11.425604 -17.840918 -16.780786 -16.538884 -17.632277 -18.512013 -26.003151 -21.867818 -19.691713 -20.392180 -19.286404 -19.024573 -24.155676 -25.215287 -23.060594 -18.618270 -17.056821 -15.007480 -22.574723 -26.067080 -18.995712 -16.636423 -23.351800 -27.964014 -28.643947 -23.322298 -27.193101 -25.754296 -26.590071 -23.240114 -23.357330 
-2.356935 9.599874 12.124780 6.706355 12.085253 10.379072 10.476918 12.275670 7.352499 3.318655 -3.659531 -6.950947 -9.305662 -11.383252 -12.546800 -16.367554 -17.346005 -15.228525 -11.303335 -6.257988 -7.459964 -13.409091 -18.817492 -17.241481 -11.664394 -13.353627 -16.134946 -21.469756 -20.812684 -17.740272 -16.636856 -21.572172 -25.240283 -24.171552 -20.540771 -22.849838 -23.061210 -24.242692 -22.962029 -24.519924 
-3.538875 11.987091 14.635004 10.523781 17.092004 10.142101 16.441632 16.034040 21.428193 12.997347 5.368330 1.143821 -2.342639 -5.187960 -5.957563 -7.948080 -9.672240 -7.490936 -2.002482 3.071864 0.642060 -8.596785 -14.007055 -11.824021 -5.504323 -8.072930 -17.838378 -23.589636 -19.953734 -16.259651 -14.902708 -22.191001 -32.130192 -28.659767 -24.197061 -21.754003 -25.114721 -26.511693 -29.962984 -32.456170 
-4.056126 11.831785 15.370640 10.052455 17.158328 11.439273 14.921443 11.347349 23.192798 17.175342 15.538419 6.464936 2.003956 -0.145930 0.451202 -1.411947 -2.691498 -0.413377 5.275639 8.037503 4.082941 -4.020061 -8.154090 -5.562109 -1.242363 -6.619770 -13.698250 -18.398327 -15.304752 -10.969670 -13.843725 -22.743274 -32.427305 -22.029023 -16.847952 -19.808148 -26.532322 -25.988666 -26.283389 -33.743239 
-8.088703 10.808902 15.588328 8.217079 16.353653 12.262609 13.995199 12.537850 20.692228 16.909590 21.181220 10.042362 3.448954 1.728925 2.973729 1.415816 0.863476 4.284217 9.162030 8.939384 1.491574 -4.431498 -8.699832 -3.768073 0.108309 -6.444699 -12.304187 -17.521929 -14.169850 -7.821858 -8.868563 -17.956870 -33.193173 -24.139407 -18.890635 -13.928563 -21.224682 -23.650526 -21.239108 -34.642164 
-11.245638 9.354809 15.520847 7.245847 15.163301 13.076775 12.428209 13.624379 16.789635 17.559592 23.146927 16.493367 5.789151 4.516210 4.060502 5.510857 5.261465 7.856755 12.206424 6.749615 -0.544037 -5.309836 -8.562765 -3.609060 -1.671136 -8.234068 -13.438280 -17.283259 -14.543430 -8.700355 -9.540403 -16.930645 -31.278306 -23.106166 -17.159621 -12.786693 -18.275010 -19.023450 -22.921418 -33.316306 
-11.916123 7.214461 14.806597 6.992933 12.807450 13.788055 9.450017 14.188622 13.271726 17.785850 21.316263 20.774245 7.848317 5.946863 6.529911 8.020453 8.752513 10.756397 11.074842 4.971463 -1.176241 -5.672029 -8.449285 -3.690685 -0.302706 -6.808358 -13.182052 -18.862178 -15.695262 -8.705102 -9.787735 -18.213943 -35.008613 -25.402149 -17.047676 -14.137924 -21.164453 -21.288012 -24.542076 -39.795913 
-14.549716 4.561011 13.699103 7.338292 10.318086 14.105002 6.734534 14.687254 10.113967 19.115806 18.671684 23.009741 8.270949 5.838842 8.493148 10.210881 11.673063 13.095871 8.643096 3.682135 -1.009325 -5.578143 -8.468017 -4.450406 -0.782636 -6.249604 -12.695088 -18.788269 -16.168176 -8.987057 -10.258138 -19.160934 -31.716100 -25.821415 -17.531921 -14.981366 -23.874621 -26.052575 -29.879488 -33.921112 
-16.426426 1.910714 12.517785 7.075832 7.981094 14.409012 5.488989 14.400184 9.250944 19.470042 16.035748 23.869239 10.826583 7.071615 9.171813 10.364318 13.214084 13.141056 8.247736 3.143235 -1.493389 -5.324498 -8.528597 -5.415520 -1.116775 -5.556693 -11.225918 -16.826356 -13.715368 -7.332549 -8.852970 -18.169592 -32.274772 -24.062119 -15.889678 -16.239687 -25.787500 -26.477266 -26.565594 -35.311432 
-16.114614 -1.482515 11.321551 7.249071 5.167787 14.515538 5.980815 12.996314 10.105087 18.527587 16.137050 23.128368 14.874413 8.866659 7.946587 9.528121 13.132833 13.030210 5.317931 1.299258 -2.436317 -6.466250 -10.104288 -6.521559 -1.957139 -5.476275 -11.423350 -17.504052 -14.318545 -7.765724 -9.176042 -19.266533 -34.054119 -24.871146 -17.089342 -17.440639 -27.016539 -25.328731 -27.141105 -38.517162 
-25.058398 -2.778557 10.686645 7.790478 2.367555 14.565335 7.222646 11.152310 11.549347 16.465565 18.059402 21.154179 18.857113 11.235772 6.968644 9.598291 14.315211 11.113098 4.729582 0.059695 -3.029148 -6.355913 -9.996090 -7.407670 -3.358332 -5.813150 -12.788208 -18.798106 -14.774767 -7.303193 -8.640383 -18.728888 -35.935872 -24.845640 -15.688535 -14.095457 -25.475289 -26.424661 -30.154625 -46.775025 
-24.155110 -3.595450 10.324075 8.389921 -0.086172 14.101008 8.449417 8.629839 12.587290 13.477802 19.544515 18.986553 20.947306 12.044405 7.980351 9.717631 14.557257 8.856286 3.783705 -1.499966 -4.445504 -7.587984 -10.694373 -8.575774 -3.891928 -5.765209 -12.331866 -19.356361 -15.213812 -8.809983 -9.276824 -17.493789 -31.904440 -23.454616 -16.280506 -14.876242 -25.392175 -23.178685 -24.562974 -38.746202 
-29.160676 -5.065917 9.830803 8.873615 -1.706083 13.145170 9.606624 6.527340 13.329355 10.960799 20.558839 16.055224 21.900053 11.633559 9.710370 11.141548 13.540542 9.285777 3.519064 -2.021838 -4.683026 -8.053326 -12.100873 -10.031238 -5.345052 -6.616341 -12.385133 -18.112166 -15.759321 -9.258928 -9.599481 -18.360387 -27.889898 -22.345239 -15.175600 -13.967089 -25.380326 -26.185646 -25.183667 -30.971941 
-12.612912 -6.208884 9.516282 9.142054 -4.393004 12.541888 10.208830 3.853876 13.692573 8.372634 20.957581 14.515114 22.109037 11.459628 10.795305 11.694970 11.612585 9.688402 3.261689 -2.056289 -5.155763 -8.695312 -12.048140 -10.219205 -6.580759 -5.765088 -12.113489 -18.076329 -14.747364 -8.303664 -9.083360 -17.011340 -30.668825 -22.406560 -15.478361 -14.450492 -26.039842 -27.429828 -28.674711 -36.870526 
-17.035131 -7.946066 9.261950 9.393361 -4.700235 12.023311 10.645475 3.452354 13.880776 7.281492 20.853733 13.762957 21.993240 11.535682 11.507338 12.391784 10.341763 10.021810 4.066997 -1.115078 -4.522305 -8.197612 -11.969521 -9.158102 -6.023810 -5.594008 -11.870234 -17.237909 -14.367926 -8.493489 -8.852861 -16.413084 -31.288418 -21.855743 -14.388556 -13.833274 -25.757913 -24.667514 -25.952072 -41.857837 
-18.350245 -7.118647 8.981990 9.921125 -4.856534 11.113082 11.081454 1.451252 13.662357 6.530535 20.838679 13.455889 20.728295 11.197691 12.478050 12.396378 10.470969 10.013565 3.627863 -0.755542 -4.468009 -8.616834 -12.124587 -9.045210 -6.109255 -5.709134 -11.207104 -17.495790 -13.017729 -7.999223 -8.468092 -16.793117 -29.165670 -20.854301 -13.579025 -12.202601 -25.005324 -25.417624 -26.213082 -35.253581 
-16.694242 -9.323006 8.677748 10.256689 -4.833371 10.300498 11.644578 -0.682849 13.371030 4.497405 20.396788 13.488220 18.933940 11.296275 13.161165 11.367948 10.263882 9.422405 2.247474 -2.193100 -5.301205 -9.052113 -13.024420 -10.329767 -5.729671 -7.341608 -12.527467 -19.936285 -15.487449 -9.144482 -9.422436 -17.718557 -31.068831 -22.278234 -14.941042 -13.560894 -25.295348 -25.907939 -24.008949 -40.807998 
-22.579879 -9.022167 8.736365 10.412326 -5.980031 10.432112 11.949435 -0.349704 13.175072 4.346869 19.789594 12.738709 17.617332 10.943457 12.922976 10.174497 9.354866 9.282218 2.013164 -2.527579 -5.726882 -10.001008 -13.332953 -10.900294 -6.135145 -8.471764 -13.577677 -21.817724 -16.271739 -10.170761 -10.149625 -18.503193 -30.253727 -22.009752 -15.074959 -14.711063 -25.610688 -24.538766 -24.104278 -35.037431 
-25.626244 -9.250743 9.080735 10.831328 -5.602437 10.763968 12.407768 0.537148 13.676784 5.111207 19.378965 12.407972 16.950640 10.148459 12.493350 9.239759 9.278803 9.334440 2.495479 -2.281647 -6.063886 -10.554656 -13.939490 -11.383153 -6.873742 -9.208149 -14.506123 -22.856049 -17.633737 -11.421750 -10.681118 -18.907502 -32.622012 -24.410106 -17.702327 -16.307884 -27.183578 -25.965466 -25.681581 -41.464879 
-23.998889 -8.408812 9.369865 11.150089 -6.047440 11.186279 12.414613 1.196518 13.885067 5.025125 18.961174 11.575029 15.398390 9.061582 11.568274 8.814624 8.365665 10.424785 3.581539 -2.195016 -5.973788 -10.384721 -14.721911 -10.711467 -5.360055 -9.098151 -15.305292 -22.087479 -18.278317 -11.588852 -10.065782 -17.156599 -28.551394 -20.932797 -14.560599 -14.210762 -24.990348 -27.187333 -24.697092 -32.926894 
-28.535096 -6.806061 10.266592 11.371406 -4.630775 11.774470 12.304954 1.673165 13.790021 5.171607 18.068523 10.038462 13.709871 7.627634 9.646154 6.924257 5.571848 9.595001 3.964340 -1.625446 -6.056451 -11.050570 -14.124143 -8.973249 -4.814308 -9.873467 -17.371235 -24.577315 -19.595050 -13.042800 -11.116799 -18.121499 -29.728754 -19.572260 -13.841220 -14.098145 -26.237917 -28.039531 -24.038313 -38.506928 
-21.360479 -5.492632 11.137090 12.140265 -3.648763 12.412450 12.375732 3.060886 13.716620 5.652050 16.381324 6.454808 10.279731 3.679397 5.737038 3.720798 3.205723 6.211824 7.616069 1.295086 -5.001227 -9.270706 -12.475835 -7.452814 -5.288160 -12.640203 -20.426618 -27.712707 -23.882111 -16.211762 -13.045157 -17.194685 -30.182878 -20.679154 -14.249029 -11.711543 -21.504701 -24.436253 -24.145105 -35.954125 
-16.999862 -2.382218 12.475513 12.731571 0.823455 12.569785 10.838672 4.258595 10.273087 2.071995 12.731802 3.412478 6.442843 1.048134 0.386586 0.377508 -2.510861 0.779595 6.393629 -0.365839 -7.492519 -12.609284 -17.806645 -11.408390 -10.866624 -19.358681 -24.893457 -31.956438 -28.738121 -25.161336 -18.746710 -19.726723 -30.081216 -24.782100 -19.973038 -18.743061 -29.158358 -26.663496 -23.898849 -38.106688 
-10.896352 1.559845 10.727585 7.818737 3.140826 9.057147 4.212284 0.142213 0.564526 0.829630 2.644381 -4.341985 -3.333070 -3.421965 -6.543615 -4.627195 -8.519553 -4.088514 -1.464924 -7.006565 -13.236907 -18.808588 -22.162881 -18.369817 -18.895310 -26.765553 -31.838436 -35.089259 -33.637198 -35.087604 -31.253451 -29.186374 -36.278226 -33.812451 -30.204616 -30.641491 -37.160429 -36.448315 -33.747119 -42.844223 
-11.809458 -1.945670 1.395053 -3.978417 -7.616247 -9.737714 -10.724428 -16.611701 -11.443009 -12.730393 -13.292692 -17.794140 -18.676663 -18.391227 -20.305274 -22.092461 -20.684236 -17.627475 -18.756684 -25.891593 -28.875241 -35.431893 -40.368316 -34.939583 -36.094334 -42.256583 -45.404312 -47.576994 -46.045877 -48.131802 -43.678265 -40.550735 -50.298469 -49.176279 -45.398170 -48.029188 -48.820626 -47.291917 -44.505895 -50.639596 
-19.818010 -18.272009 -12.236243 -19.843012 -28.720671 -23.988409 -28.290127 -32.020476 -26.049786 -31.122824 -24.049966 -29.964356 -33.844438 -29.739886 -29.977552 -35.395718 -36.033239 -31.625883 -35.865082 -45.384007 -50.778148 -52.397374 -56.149941 -59.085607 -55.153462 -58.129359 -58.081180 -61.260359 -59.684671 -62.292716 -60.189380 -61.103267 -63.265210 -64.690594 -59.855076 -62.022709 -63.149538 -63.908827 -65.142029 -65.948208 
-27.179000 -28.670065 -22.397964 -26.849272 -34.096253 -31.031628 -29.080635 -35.265260 -29.484199 -32.372921 -30.106283 -34.292853 -35.413640 -32.837083 -36.996428 -37.606147 -36.167122 -38.923164 -44.160357 -52.727269 -58.915891 -62.273220 -65.999763 -61.760160 -61.331073 -65.868370 -66.700822 -69.146140 -67.076454 -67.059316 -66.242093 -64.769865 -66.699479 -68.009367 -68.937342 -66.271442 -68.243773 -69.362438 -71.532272 -70.303550 
-34.498206 -31.243710 -31.152742 -30.538950 -33.459257 -27.941410 -28.863533 -35.990423 -30.603205 -32.322309 -32.767520 -35.256996 -38.172357 -33.964225 -38.769982 -46.883490 -52.246410 -49.954869 -49.112494 -57.149077 -61.323858 -65.348612 -63.606409 -62.916583 -65.232919 -68.082889 -68.088638 -74.133054 -68.755911 -68.341822 -68.776164 -69.299786 -71.153665 -69.216197 -69.050327 -68.960582 -71.679766 -69.386687 -72.237168 -70.431578 
-32.981734 -33.958750 -31.739974 -31.924914 -38.696131 -38.445988 -35.104484 -34.438583 -32.465912 -41.578840 -35.831437 -35.580935 -41.780098 -44.857321 -44.828073 -47.904429 -47.103917 -48.983428 -54.453018 -55.817469 -60.241343 -63.841528 -69.480077 -73.284727 -74.009626 -68.893355 -69.260096 -72.576234 -69.972756 -67.788714 -68.333333 -71.104932 -75.140883 -72.645512 -70.271270 -69.475750 -69.895282 -70.869162 -70.241728 -73.670144 
-31.522190 -36.183946 -35.833304 -34.755468 -44.582309 -40.122261 -42.627661 -44.705701 -45.685969 -44.764467 -38.747572 -37.313746 -41.237869 -39.564570 -45.076664 -51.067693 -46.967295 -48.338535 -52.187052 -57.073365 -64.025399 -65.920286 -66.497015 -71.301297 -73.658721 -70.577638 -72.226364 -74.468943 -72.538595 -72.938121 -70.250847 -72.536967 -70.879399 -68.958129 -72.203188 -73.451324 -74.888035 -72.769065 -73.147880 -73.443441 
-33.226994 -35.876332 -33.926606 -39.105747 -45.133109 -47.885790 -48.179370 -54.233851 -51.022619 -46.237846 -42.085521 -44.733632 -48.115064 -47.737728 -52.620608 -57.002672 -57.207881 -56.402624 -61.542860 -61.115910 -63.355593 -66.698697 -69.620885 -69.269747 -70.669753 -76.677116 -75.700174 -73.024479 -74.976466 -76.142981 -71.774046 -71.390139 -71.901164 -72.428212 -72.587106 -74.241643 -75.556888 -72.323713 -72.860664 -74.053793 
-33.401853 -33.100323 -32.822437 -31.300415 -31.363668 -31.063212 -32.225178 -33.187458 -35.687411 -39.853294 -50.477139 -43.377931 -36.672181 -35.728954 -35.733240 -35.773738 -33.528630 -30.220799 -28.301027 -28.099558 -30.292394 -36.370282 -41.948038 -37.570200 -38.791526 -46.848631 -46.255421 -48.187306 -52.337599 -51.892520 -51.186247 -47.675907 -53.846085 -51.812785 -53.824296 -56.652792 -56.748664 -60.643595 -65.866843 -65.007980 
-9.845751 -8.931103 -14.665965 -21.181068 -11.554638 -7.915334 -7.379062 -8.661999 -11.593972 -9.565032 -12.532396 -23.535418 -17.862201 -10.494133 -14.581071 -14.007663 -15.888876 -14.865154 -5.639039 -3.557955 -10.057257 -21.841668 -19.383926 -18.961336 -21.705246 -25.420189 -29.780580 -29.588192 -33.570899 -33.036579 -29.632475 -25.257738 -31.697723 -30.633774 -30.551937 -36.367854 -33.047772 -33.764257 -31.055441 -34.211717 
-9.445002 -5.250079 -13.150658 -21.307859 -12.664360 -14.225624 -12.272276 -9.883397 -7.268933 -9.138642 -10.077140 -21.027488 -17.023266 -11.624156 -14.815172 -15.005332 -22.881949 -20.777075 -6.759854 -8.669608 -9.503999 -17.180004 -24.400641 -22.223787 -21.131657 -22.677897 -23.351599 -27.869803 -27.081851 -20.913731 -22.096593 -23.306955 -25.836575 -28.922161 -27.557024 -26.429784 -25.697464 -22.613755 -22.828444 -27.394840 
-21.420937 -13.345927 -15.359710 -19.619375 -17.963717 -17.485528 -15.656103 -12.736406 -11.974891 -16.617499 -23.175937 -24.771655 -21.895070 -20.282440 -19.082113 -24.750954 -22.554468 -22.553705 -19.912118 -13.258832 -11.964258 -17.573870 -25.943404 -23.081870 -23.759121 -26.359407 -25.677416 -29.025395 -29.448709 -25.193322 -23.271735 -25.289372 -29.568770 -28.795929 -28.649160 -27.711358 -29.965279 -28.348223 -23.974327 -31.154721 
-23.533004 -25.490817 -25.669853 -16.178506 -14.370620 -24.203382 -22.407766 -17.630294 -11.347579 -15.140794 -17.476453 -23.885235 -22.092187 -25.062427 -24.649316 -26.433059 -24.727256 -20.689396 -18.749766 -15.516223 -17.401437 -26.310795 -28.752296 -25.685294 -23.180849 -26.940752 -30.503615 -33.179970 -32.475527 -27.595835 -28.285640 -31.271275 -38.916234 -33.683685 -31.498109 -31.425359 -34.121657 -32.532371 -30.577490 -36.088035 
-16.810934 -24.418868 -22.981599 -17.338346 -19.259142 -23.838425 -21.345143 -17.380264 -15.840842 -16.250705 -26.719703 -22.388133 -25.932925 -24.180735 -25.897463 -34.580336 -23.388524 -22.761968 -22.169482 -19.924066 -17.907092 -21.130361 -26.457680 -23.347058 -19.005947 -26.737219 -29.876606 -36.961069 -34.131976 -33.784099 -32.040393 -31.119900 -39.107157 -38.823056 -35.965498 -34.869860 -37.685744 -35.237885 -34.627662 -39.372797 
-18.440964 -16.929449 -8.755756 -8.863428 -17.645778 -20.645173 -17.354172 -16.703555 -22.469435 -25.315736 -32.445334 -25.914227 -31.609388 -32.918382 -33.649410 -34.333869 -32.572740 -28.881946 -31.020027 -27.741073 -23.011284 -23.057548 -28.669243 -25.039953 -24.641293 -29.601657 -34.375262 -36.803593 -35.659467 -35.103715 -35.512261 -32.582710 -40.235533 -43.569403 -34.947345 -40.450433 -38.864603 -37.705714 -38.384504 -43.018563 
-18.820207 -11.850492 -6.044256 -7.645044 -20.221149 -19.288827 -16.795103 -18.767163 -14.206749 -18.332392 -24.315011 -23.656234 -29.900021 -25.289598 -30.355392 -27.619935 -31.936770 -35.015730 -27.676086 -26.109413 -22.067900 -26.498682 -28.807266 -23.815500 -17.758284 -29.856668 -36.127211 -37.216626 -38.099348 -32.205496 -34.969092 -33.890234 -39.868569 -42.378790 -38.682185 -39.677820 -41.607013 -41.295108 -40.151151 -45.338774 
-21.755227 -25.402136 -19.876982 -16.886532 -24.379943 -29.230454 -33.713575 -27.125899 -29.257008 -28.470079 -31.525008 -30.828492 -34.360979 -36.248263 -40.686580 -34.460565 -39.146437 -38.564589 -33.997593 -30.693327 -30.091850 -37.181985 -41.603643 -37.936811 -31.999486 -38.207051 -44.184680 -49.834943 -48.581169 -46.234001 -42.816035 -44.551278 -49.925229 -50.789219 -50.538845 -47.665820 -52.134446 -52.919567 -50.493861 -56.297387 
-31.477820 -41.538687 -39.082679 -38.733802 -41.405379 -40.607417 -45.341447 -43.736045 -37.993236 -43.109032 -52.876134 -50.583344 -47.841290 -50.541951 -52.445818 -56.549650 -57.221682 -51.909380 -48.546652 -44.437640 -44.005819 -49.157083 -55.604863 -59.002691 -55.214760 -55.285585 -61.469402 -64.232527 -65.841480 -62.786130 -64.616177 -64.161703 -65.748652 -64.485041 -62.911990 -61.918851 -67.025248 -65.766837 -63.907188 -68.818066 
-43.216908 -45.471303 -48.534672 -54.605045 -62.355627 -52.665047 -51.803497 -52.895308 -53.566346 -58.879925 -66.639028 -65.241011 -68.179973 -68.010771 -69.102423 -70.215420 -71.347067 -72.617970 -74.013647 -72.155086 -71.549717 -69.492595 -75.777395 -75.895688 -79.200792 -79.066887 -74.842470 -74.273454 -77.689787 -73.000306 -74.023055 -79.507666 -75.986956 -75.328931 -74.302944 -70.987605 -77.387683 -77.474466 -73.870259 -78.148584 
NaN NaN NaN NaN NaN NaN NaN NaN NaN NaN NaN NaN NaN NaN NaN NaN NaN NaN NaN NaN NaN NaN NaN NaN NaN NaN NaN NaN NaN NaN NaN NaN NaN NaN NaN NaN NaN NaN NaN NaN 
NaN NaN NaN NaN NaN NaN NaN NaN NaN NaN NaN NaN NaN NaN NaN NaN NaN NaN NaN NaN NaN NaN NaN NaN NaN NaN NaN NaN NaN NaN NaN NaN NaN NaN NaN NaN NaN NaN NaN NaN 
NaN NaN NaN NaN NaN NaN NaN NaN NaN NaN NaN NaN NaN NaN NaN NaN NaN NaN NaN NaN NaN NaN NaN NaN NaN NaN NaN NaN NaN NaN NaN NaN NaN NaN NaN NaN NaN NaN NaN NaN 
NaN NaN NaN NaN NaN NaN NaN NaN NaN NaN NaN NaN NaN NaN NaN NaN NaN NaN NaN NaN NaN NaN NaN NaN NaN NaN NaN NaN NaN NaN NaN NaN NaN NaN NaN NaN NaN NaN NaN NaN 
NaN NaN NaN NaN NaN NaN NaN NaN NaN NaN NaN NaN NaN NaN NaN NaN NaN NaN NaN NaN NaN NaN NaN NaN NaN NaN NaN NaN NaN NaN NaN NaN NaN NaN NaN NaN NaN NaN NaN NaN 
-89.697486 -89.698943 -89.701368 -89.705462 -89.711009 -89.718792 -89.728300 -89.740485 -89.756641 -89.775804 -89.798913 -89.827150 -89.859546 -89.897526 -89.940971 -89.988674 -90.041540 -90.097124 -90.154239 -90.210196 -90.262518 -90.307686 -90.340444 -90.355641 -90.345355 -90.299654 -90.208570 -90.065105 -89.867458 -89.623334 -89.346081 -89.051931 -88.755990 -88.484857 -88.291272 -88.231821 -88.349959 -88.812118 -90.231341 -94.081409 
-68.524547 -68.539342 -68.563614 -68.603537 -68.655755 -68.725114 -68.804064 -68.896244 -69.003126 -69.108144 -69.205294 -69.283987 -69.326481 -69.319738 -69.254123 -69.130301 -68.955593 -68.756993 -68.565854 -68.420346 -68.354493 -68.393777 -68.537507 -68.749031 -68.936020 -68.969765 -68.774774 -68.413660 -68.066114 -67.923066 -68.063290 -68.340190 -68.384001 -67.989579 -67.509821 -67.436420 -67.712577 -67.724192 -67.827269 -70.131942 
-76.252741 -76.270452 -76.299536 -76.347446 -76.410249 -76.493923 -76.589524 -76.701647 -76.832377 -76.961658 -77.082110 -77.180538 -77.234598 -77.227876 -77.148546 -76.998186 -76.787183 -76.549615 -76.323769 -76.154719 -76.081922 -76.135118 -76.314241 -76.577628 -76.814475 -76.865128 -76.636140 -76.209734 -75.806904 -75.651284 -75.833813 -76.185165 -76.258970 -75.801564 -75.245593 -75.176318 -75.537092 -75.563299 -75.510303 -77.470721 
NaN NaN NaN NaN NaN NaN NaN NaN NaN NaN NaN NaN NaN NaN NaN NaN NaN NaN NaN NaN NaN NaN NaN NaN NaN NaN NaN NaN NaN NaN NaN NaN NaN NaN NaN NaN NaN NaN NaN NaN 
NaN NaN NaN NaN NaN NaN NaN NaN NaN NaN NaN NaN NaN NaN NaN NaN NaN NaN NaN NaN NaN NaN NaN NaN NaN NaN NaN NaN NaN NaN NaN NaN NaN NaN NaN NaN NaN NaN NaN NaN 
NaN NaN NaN NaN NaN NaN NaN NaN NaN NaN NaN NaN NaN NaN NaN NaN NaN NaN NaN NaN NaN NaN NaN NaN NaN NaN NaN NaN NaN NaN NaN NaN NaN NaN NaN NaN NaN NaN NaN NaN 
NaN NaN NaN NaN NaN NaN NaN NaN NaN NaN NaN NaN NaN NaN NaN NaN NaN NaN NaN NaN NaN NaN NaN NaN NaN NaN NaN NaN NaN NaN NaN NaN NaN NaN NaN NaN NaN NaN NaN NaN 
NaN NaN NaN NaN NaN NaN NaN NaN NaN NaN NaN NaN NaN NaN NaN NaN NaN NaN NaN NaN NaN NaN NaN NaN NaN NaN NaN NaN NaN NaN NaN NaN NaN NaN NaN NaN NaN NaN NaN NaN 
