-21.885952 -21.640103 -23.842683 -26.715235 -28.755395 -34.495395 -34.101408 -32.959692 -31.194933 -39.972452 -42.981009 -46.471393 -34.012407 -35.130786 -33.554925 -30.353184 -27.169633 -29.730673 -30.005789 -28.580887 -31.306006 -32.641572 -33.250625 -27.225204 -28.746134 -33.387400 -30.348473 -28.699686 -30.403712 -31.613885 -29.606586 -33.986062 -35.032600 -38.521025 -36.770860 -33.655605 -34.532941 -32.649828 -32.394898 -30.553480 
-16.759548 -23.643038 -26.835119 -30.626411 -29.022167 -35.689515 -31.812099 -33.870181 -30.487751 -28.643526 -36.676093 -38.160214 -30.521974 -22.574184 -24.973932 -28.780819 -28.722468 -29.646788 -25.841639 -30.541105 -34.092977 -32.040222 -31.268016 -28.675513 -29.733074 -28.199887 -29.450716 -32.086130 -30.017884 -30.910493 -30.191281 -28.935927 -30.586166 -31.513977 -30.634972 -29.184946 -29.766480 -28.098442 -32.130958 -30.990629 
-16.615033 -20.357455 -23.420455 -33.826486 -32.240699 -31.132060 -30.462829 -25.679708 -25.765380 -34.088357 -35.977559 -28.790346 -29.325172 -27.800477 -28.473472 -31.435020 -31.186025 -27.957619 -29.323496 -27.144383 -22.376139 -22.388638 -26.057041 -31.267247 -31.913378 -24.208962 -24.380222 -28.080036 -25.991215 -25.103743 -25.318935 -28.980411 -34.967657 -31.170784 -27.145548 -25.791620 -25.529231 -26.943163 -26.605548 -26.145269 
-12.632874 -18.304951 -26.705807 -29.861645 -28.371001 -23.247720 -21.555418 -22.316422 -27.742881 -30.745872 -25.659078 -19.712450 -21.336106 -16.335840 -17.618413 -21.405920 -17.447733 -18.230774 -20.473072 -20.484657 -21.119984 -19.936072 -22.373052 -25.499542 -25.616400 -22.335526 -22.535116 -23.586259 -20.170269 -22.799945 -24.292306 -23.652066 -27.005496 -25.971826 -24.940954 -24.290052 -26.454175 -24.159253 -24.696057 -24.337283 
-14.441136 -17.197308 -22.275269 -19.526957 -21.151302 -22.576799 -20.033253 -20.878961 -21.807007 -24.178599 -18.232324 -18.889820 -18.397608 -12.734844 -18.824348 -19.493553 -19.128808 -17.751764 -16.661616 -14.966882 -14.372445 -13.548214 -16.608364 -19.183022 -20.485465 -21.247850 -22.961511 -23.151394 -23.511838 -25.205612 -23.383556 -21.810970 -23.638295 -22.755838 -22.858415 -21.914196 -26.398636 -24.989999 -26.879726 -26.201379 
-15.182051 -15.424303 -12.023774 -2.577323 -5.569969 -11.776271 -13.228223 -20.331453 -14.726709 -13.634124 -19.006781 -21.849394 -15.713782 -13.564536 -13.748868 -15.607320 -19.202081 -17.262464 -15.733476 -13.195904 -16.954928 -21.055257 -21.850868 -23.293037 -24.025127 -22.498852 -25.683811 -29.982895 -31.249521 -32.105979 -27.180015 -29.022271 -32.087940 -31.449904 -26.130869 -28.459504 -32.328679 -31.763259 -32.812374 -34.654357 
-17.560830 -11.324945 5.142819 16.487975 16.776821 6.772228 -0.944975 6.422989 3.162984 -0.662082 3.198169 2.558184 0.817093 3.427120 -2.303846 -9.998615 -9.617696 -7.760493 -7.119658 -8.676290 -12.556095 -15.983602 -18.538602 -16.474417 -17.644121 -17.650647 -17.277638 -28.769792 -30.332451 -28.042506 -24.936542 -27.012869 -36.606600 -33.826607 -21.308167 -19.683732 -24.935410 -34.265088 -44.359969 -42.279355 
-19.812922 -16.193409 5.351676 21.713362 20.438091 4.034755 7.100227 13.595052 2.416971 9.810336 16.320145 5.465835 13.885547 9.708487 5.564953 -1.802335 -1.547409 -3.669284 2.119443 -1.005783 -4.080853 -9.217997 -13.546512 -10.013506 -11.164265 -9.594794 -11.288949 -20.726660 -24.459965 -21.575941 -18.990072 -21.998426 -30.090330 -31.570143 -17.054987 -13.067076 -18.067796 -30.325346 -37.562071 -37.307116 
-10.680814 -14.598792 0.398827 21.334377 20.364182 -1.854857 2.587357 13.035696 -1.342201 6.776274 17.214606 0.780620 15.163788 9.783927 0.567642 -4.273468 -5.488440 -6.322301 0.426416 -2.358987 -1.840696 -11.837295 -15.780956 -12.466087 -12.011912 -9.340058 -9.764774 -16.423570 -20.851371 -20.370697 -15.802356 -18.279804 -26.064889 -31.148798 -18.513233 -13.579786 -19.685419 -28.852744 -41.455133 -44.436680 
-15.145869 -17.280665 -1.704459 20.999839 20.915149 -0.166433 0.643272 12.457874 0.328176 3.651545 16.116103 0.279800 14.050008 11.256272 2.324828 1.185824 -5.714914 -6.712218 -0.929197 -3.624463 -2.158548 -9.747742 -11.075454 -10.632017 -9.924036 -8.607244 -7.802621 -15.912923 -21.072195 -19.984162 -17.650059 -19.957880 -26.129448 -29.863587 -21.246366 -18.076554 -23.511654 -32.293527 -36.549222 -37.613658 
-17.850497 -19.031820 -4.145487 20.387203 21.320720 1.297594 -3.890531 11.065630 1.085795 -0.195311 14.665465 2.264778 10.451858 11.087140 1.291036 3.414514 -5.659276 -3.471524 -3.447885 -4.158388 0.663135 -12.353000 -11.772671 -10.837499 -10.863121 -11.310497 -8.501958 -14.044904 -19.593356 -18.148135 -16.753097 -19.498331 -30.081969 -35.737717 -24.590915 -16.670370 -22.199086 -32.198918 -41.260572 -44.254910 
-15.082457 -18.340922 -8.964438 19.650547 21.663250 2.859168 -10.592966 9.385807 2.046970 -7.766937 13.272681 3.542937 7.762658 12.606721 1.096153 5.047765 -4.333732 -0.944732 -4.137913 -5.584267 -0.385717 -10.756693 -15.372855 -12.425821 -12.140347 -12.713141 -8.925612 -15.436996 -17.297750 -20.759900 -19.497536 -19.591259 -29.651799 -35.065347 -21.719130 -18.442879 -23.377441 -30.908848 -41.843053 -45.993115 
-11.264941 -14.982184 -10.752943 19.236188 21.611795 4.218939 -11.361376 8.503406 2.272220 -10.106590 11.791733 3.138202 5.307525 11.508071 -2.639031 6.157746 -7.082126 -2.163292 -5.483576 -6.229135 -1.538943 -12.515471 -16.726305 -14.474108 -14.587146 -12.432683 -13.062523 -16.479293 -19.771530 -23.556487 -20.548896 -23.123013 -32.147721 -35.807753 -20.241985 -20.640568 -23.707544 -30.472255 -44.078165 -49.325260 
-22.048386 -22.950113 -9.887641 19.070849 21.247878 2.556566 -10.046525 8.493800 1.475320 -8.984527 11.478984 1.837804 5.155144 10.975466 0.412582 8.517205 -4.110931 -2.632915 -4.437734 -4.884365 -2.683329 -14.332075 -19.554761 -14.853204 -13.326866 -15.025167 -16.289912 -18.468057 -22.096416 -25.282383 -19.082849 -22.280164 -32.645632 -34.277098 -21.152250 -17.050280 -23.676356 -36.057471 -39.786681 -41.341484 
-19.130427 -16.261816 -5.988301 19.476522 20.552153 1.132994 -6.192593 8.592513 -1.443482 -5.381617 11.329761 -0.984223 4.142527 5.923615 3.169893 9.412222 -4.868465 -2.376106 -4.858963 -6.165694 -5.327564 -9.735240 -15.405395 -15.735087 -14.597515 -12.142775 -10.776621 -18.076462 -24.016177 -26.526252 -23.472460 -27.539130 -36.556396 -35.871654 -24.012158 -20.413685 -24.286046 -35.113380 -41.228917 -43.090727 
-22.535097 -24.391115 -1.467302 19.985881 19.534828 -2.050745 -1.623839 8.587926 -4.391444 -1.293308 9.980037 -4.151040 4.768673 -0.173278 7.449184 7.607776 -2.644884 -3.382214 -1.161977 -6.775764 -6.043196 -10.841885 -17.636288 -15.679955 -15.234964 -13.609742 -12.082123 -19.844837 -22.646919 -23.600973 -23.372876 -28.024122 -34.058773 -33.456388 -20.662599 -19.833445 -26.523618 -33.210488 -36.747918 -37.793965 
-17.366812 -16.297921 1.910366 20.386345 17.970006 -6.115997 1.201362 8.422842 -8.747035 2.463308 6.826564 -5.794499 5.624110 -2.963322 10.170688 4.658749 -1.423031 -2.834851 1.718861 -0.151186 -4.681921 -9.348793 -14.722600 -13.250401 -15.277465 -11.151207 -8.302936 -16.020560 -22.123575 -22.391990 -24.681323 -28.994829 -35.831208 -34.932157 -24.617582 -21.291809 -27.689895 -36.008163 -42.273882 -44.121259 
-22.391247 -17.683874 6.129057 20.557545 15.907066 -9.869043 4.592640 7.382091 -12.541566 4.407797 2.330426 -1.239485 5.933858 -0.679985 9.862038 -0.302824 -2.611055 0.236099 -0.718138 -0.534150 -3.183683 -7.221695 -12.576296 -7.891539 -12.052063 -12.011380 -10.681995 -19.061667 -20.971608 -23.047117 -22.030461 -30.523831 -41.954807 -37.321754 -22.871815 -23.429416 -29.244477 -34.826843 -45.336747 -50.941316 
-21.882293 -22.942489 9.445414 20.616377 13.086841 -8.357978 7.275658 4.764520 -9.416413 5.034678 -5.186672 4.516140 4.411353 6.600026 7.049666 2.679878 -1.146910 2.698564 -2.370593 -2.785065 -1.615478 -10.857568 -15.137452 -13.875723 -13.367005 -12.366168 -12.466528 -17.876758 -22.134766 -23.653042 -22.259675 -28.651407 -40.063069 -40.161219 -24.859130 -23.232881 -27.010158 -34.780537 -47.425979 -51.885791 
-19.408950 -13.938813 12.029147 20.652353 11.101760 -3.777951 9.072133 2.245380 -4.225427 4.453877 -4.815128 8.538656 1.965851 7.648271 4.974171 5.790507 -1.734900 -0.606682 -1.061596 -2.198376 -2.491637 -11.626281 -18.155028 -11.955439 -13.299517 -12.025493 -9.580274 -15.774773 -22.144037 -23.237735 -22.359403 -26.767996 -35.153877 -39.520242 -25.369727 -22.862553 -26.474106 -34.425219 -45.804860 -53.009060 
-18.524065 -5.346478 15.526911 20.141369 7.087884 4.049921 10.574261 -1.690691 3.913543 0.802513 4.454262 9.529433 4.077373 6.054826 9.978154 6.948436 -0.497423 0.884415 -0.130353 -1.339336 1.134895 -6.683939 -12.234746 -10.533873 -11.568449 -10.513004 -8.820431 -15.737440 -25.723135 -26.228868 -21.396560 -24.788427 -34.454557 -34.523728 -22.163929 -21.207100 -23.528452 -32.434342 -43.209025 -48.114223 
-24.151735 1.765361 17.984029 18.749904 2.508177 9.459414 9.340821 -0.722991 6.850436 -0.810869 8.761455 4.534703 5.864762 7.007130 12.561633 7.544784 1.401320 1.927566 2.192917 0.636037 -0.667922 -10.290896 -16.328494 -14.514454 -15.224582 -15.057219 -17.163584 -24.457111 -28.153585 -27.106324 -24.279712 -27.408587 -33.743949 -33.109226 -23.675400 -21.589284 -22.947085 -27.072480 -35.801563 -37.140630 
-18.440211 6.233281 19.666745 17.200320 2.844566 12.271923 5.985097 4.925690 5.118256 2.679964 6.191084 5.886712 6.094949 11.076847 10.549135 10.361229 4.541742 3.428056 3.478571 3.183809 2.738153 -6.470810 -13.169066 -13.398583 -13.850965 -13.581125 -13.560895 -19.005817 -23.342778 -20.855283 -19.774910 -27.816050 -40.416564 -38.942234 -25.058479 -22.875398 -24.915950 -30.803408 -44.258296 -51.867710 
-14.978113 9.358294 20.394232 15.252443 6.447570 12.381444 2.401686 8.284579 2.109095 3.648929 1.562543 8.543966 7.991835 9.961792 13.253950 9.816158 4.859124 4.233602 5.126307 3.687457 2.743962 -6.250684 -12.223254 -11.068981 -12.398685 -11.830385 -10.745783 -15.877202 -19.737755 -21.337111 -21.169848 -24.660002 -34.587438 -34.445718 -20.436609 -23.498273 -24.228292 -31.663952 -40.254845 -43.200428 
-12.709632 11.494093 20.490178 13.764291 9.171807 11.409499 2.909513 8.320146 -1.243739 2.098696 3.295143 7.449178 8.807738 10.658650 13.099582 8.667379 3.665329 4.823915 6.276722 4.796587 2.047310 -6.534831 -13.637077 -12.854606 -12.679917 -9.584128 -9.731221 -15.906306 -17.572880 -16.852738 -17.441849 -26.552272 -34.016612 -36.848420 -25.174108 -23.010897 -28.364123 -34.513393 -40.879334 -49.224665 
-8.576488 12.863004 19.841700 11.412341 10.831616 8.965183 3.748425 5.369798 0.283185 -0.368896 6.122453 5.071420 8.617082 11.644240 10.535484 7.277387 4.313374 3.567759 3.947916 3.927667 0.897046 -7.266799 -12.088132 -10.053555 -9.948720 -5.127357 -6.618571 -15.699852 -21.249249 -19.502732 -19.863946 -26.679435 -36.195094 -37.264552 -24.167133 -21.411972 -25.275480 -34.157877 -40.446589 -45.920700 
-5.705701 13.040900 18.766175 9.023800 11.715852 8.514377 4.974240 3.072039 1.336924 -0.110972 6.489671 5.402720 7.664850 11.042762 10.372034 6.808163 2.052329 1.512684 4.297326 4.779229 1.821816 -5.429064 -10.469699 -11.988096 -13.706966 -10.897825 -10.120152 -18.828880 -21.164354 -17.378703 -17.218060 -25.447467 -32.110735 -34.116629 -21.244087 -20.599551 -22.635210 -28.739166 -39.325966 -46.881469 
-4.415352 12.878482 17.921458 8.053859 11.707606 7.199859 4.786159 1.530901 0.199279 -2.590646 3.307436 3.345078 5.529887 9.119926 6.983584 3.034470 -1.876350 -1.502512 0.081177 1.773975 -2.455247 -11.289465 -14.839361 -13.558261 -13.615293 -11.628835 -11.163690 -17.114455 -23.134725 -24.034224 -20.112182 -26.902307 -31.761536 -33.765289 -25.035606 -21.894507 -23.475319 -28.512231 -35.362812 -36.843204 
-7.645109 12.042010 17.743047 8.408431 10.316748 5.869235 1.992572 -0.021373 -3.659397 -5.024523 0.276041 -2.360544 2.623338 6.766016 1.986367 -0.725613 -5.062824 -5.378395 -1.068908 -2.377569 -6.259982 -11.472438 -16.358356 -17.578954 -17.906307 -12.388496 -11.634126 -19.811241 -22.098823 -21.517830 -20.440861 -30.956662 -37.504997 -39.806524 -25.719762 -18.288772 -20.307942 -26.891637 -36.841455 -47.249475 
-8.056032 12.443063 17.785508 7.424440 9.570838 4.489510 1.909049 -1.384959 -3.755395 -4.146957 2.777515 1.009340 3.575228 7.195936 4.239347 -0.380389 -4.396732 -4.559640 -4.907642 -6.843497 -6.130326 -12.917796 -18.587511 -15.210530 -13.511090 -11.149320 -11.535884 -19.544476 -25.720090 -23.790476 -19.498353 -30.028164 -37.036785 -39.358538 -23.708549 -19.053319 -22.590932 -27.003363 -36.055963 -48.360088 
-6.457724 12.736324 17.729911 7.790975 8.884657 1.810718 0.468133 -3.744971 -4.697917 -4.729372 0.424295 -1.286825 -0.462676 0.001487 -2.130608 -4.025841 -9.774637 -9.234273 -8.960812 -6.685136 -7.273023 -20.367915 -24.522884 -19.232796 -16.273620 -14.156988 -12.082061 -19.832492 -28.159030 -26.131083 -19.348594 -27.171124 -40.378662 -38.411514 -25.529139 -21.630132 -23.549642 -28.754922 -40.401419 -49.786935 
-7.687370 12.683668 18.299555 8.948026 7.180983 2.568668 -3.924925 -5.699823 -9.945064 -7.387903 0.535189 -8.004041 -5.052173 -7.392279 -4.883210 -9.021237 -19.703499 -19.363315 -13.016515 -10.667142 -8.117590 -19.404675 -19.014961 -20.079068 -19.008830 -22.136752 -16.331202 -25.770091 -28.425537 -28.801818 -26.281597 -27.562280 -35.639261 -39.180492 -29.113377 -23.321742 -24.282097 -25.964794 -35.230050 -42.021872 
-10.210962 11.944173 18.806376 9.835222 5.744576 3.599351 -5.670736 -6.448779 -10.422506 -8.600149 -3.768445 -7.353288 -4.346591 -3.588584 -7.329262 -11.855318 -18.574136 -18.893046 -14.931084 -11.162185 -8.670823 -19.734052 -22.701806 -23.697741 -22.822089 -21.986637 -18.009961 -25.716368 -33.549604 -33.355362 -22.624516 -25.955235 -37.999876 -43.004559 -28.503927 -22.705519 -27.822453 -27.321197 -37.837033 -46.673494 
-10.647589 11.224263 17.810233 9.162367 1.881537 -1.468054 -12.517015 -16.257511 -10.462983 -15.432337 -17.575974 -8.276813 -9.628542 -7.572325 -8.314435 -18.330309 -21.526026 -12.630457 -11.385731 -14.937942 -12.183961 -20.104424 -24.456607 -21.569081 -21.444108 -20.609875 -14.495699 -24.413889 -33.430898 -33.363866 -24.935122 -26.676784 -36.513327 -41.616473 -30.091716 -29.067428 -31.070298 -33.447246 -36.125124 -39.057179 
-8.422388 8.701446 13.807255 4.573864 -4.786210 -8.380384 -16.444717 -16.875373 -15.992067 -14.723931 -13.984024 -11.017405 -11.645414 -12.932107 -11.451424 -18.465542 -21.426203 -18.607835 -18.305218 -11.518350 -9.798945 -21.846512 -25.547071 -19.339843 -22.178136 -22.342447 -17.672222 -25.967696 -26.058942 -30.225089 -25.624533 -25.783211 -30.414277 -30.834663 -28.596302 -27.380446 -27.139525 -27.640262 -28.725770 -31.546309 
-11.205514 1.010414 3.263405 -1.831698 -7.327431 -12.815904 -18.175316 -11.081750 -11.446722 -15.118208 -13.518371 -6.390965 -5.171899 -7.206656 -12.709199 -14.525681 -20.017533 -19.473875 -19.536735 -13.189410 -7.543907 -9.760142 -12.119757 -21.379775 -24.125667 -17.945493 -16.521541 -19.983299 -21.475450 -19.722334 -20.738938 -19.880676 -22.566696 -19.679437 -18.141423 -19.783268 -17.401037 -15.764154 -14.702237 -15.367542 
-9.569671 -10.194734 -24.331635 -21.325301 -20.847179 -16.515768 -17.878292 -13.652291 -18.422701 -24.497544 -17.810098 -16.254704 -11.825296 -10.471127 -8.380787 -10.372565 -15.532786 -11.882322 -21.732290 -11.873780 -8.812308 -15.215602 -14.013053 -20.552371 -16.548098 -15.326819 -15.259692 -21.678701 -19.330656 -18.041384 -20.176153 -19.524945 -20.975769 -16.486482 -12.215253 -13.019986 -15.445015 -14.067990 -12.464650 -12.848595 
-17.913814 -16.072419 -25.277305 -27.816343 -21.811917 -24.001204 -21.990909 -14.497983 -19.249635 -21.790025 -17.418515 -15.808618 -17.199513 -10.125936 -6.938365 -7.113084 -10.226997 -14.072517 -20.627101 -11.272420 -12.637149 -16.195603 -12.334658 -17.609027 -18.432935 -17.178440 -14.887356 -16.482451 -22.188852 -20.052656 -19.472592 -16.244399 -18.151054 -15.990520 -10.851899 -9.913412 -11.263481 -9.688490 -6.458647 -9.981746 
-18.219713 -15.504211 -18.290146 -24.865486 -32.820617 -21.007576 -19.281450 -16.284044 -17.420234 -13.870009 -16.895349 -23.701511 -18.666150 -12.228777 -9.004094 -12.495983 -15.934385 -18.459477 -18.220442 -14.200436 -19.614883 -18.437592 -16.589632 -20.785572 -24.019578 -21.667759 -14.189529 -18.525382 -23.820815 -21.519178 -20.534414 -18.107175 -16.957080 -16.408237 -13.036114 -10.032882 -10.274354 -5.552996 -2.980758 -7.254614 
-14.337624 -14.483192 -19.066678 -28.500951 -28.599697 -24.822872 -17.780485 -19.062286 -20.714534 -18.231806 -17.402541 -20.605496 -19.989811 -19.694348 -19.855327 -16.898034 -13.253836 -16.649654 -23.767379 -17.931796 -18.563718 -20.106886 -26.491004 -21.581957 -22.603337 -20.330740 -17.635590 -19.912822 -22.837629 -22.151893 -19.022163 -18.408442 -20.333852 -17.705154 -12.614895 -13.484692 -9.977434 -7.299625 -3.179667 -4.658402 
-20.997485 -20.352575 -22.339665 -34.706346 -42.830327 -40.737547 -29.849109 -20.845023 -24.421244 -24.935301 -24.834642 -23.778553 -23.444369 -20.945273 -19.702706 -14.546966 -17.938604 -17.899529 -19.174776 -16.588317 -16.037290 -20.431803 -22.391408 -24.645676 -25.619151 -31.157530 -20.735571 -21.647889 -24.168104 -22.392796 -18.598766 -15.712442 -18.825516 -17.922408 -11.619547 -9.228229 -7.014072 -3.382817 -0.246217 -3.084721 
-18.318511 -20.444808 -21.632982 -28.225865 -32.844245 -39.336794 -27.447988 -25.907623 -26.902822 -21.917596 -24.679481 -26.198059 -23.012478 -22.710701 -24.064483 -18.203826 -20.774765 -20.616264 -30.659812 -18.558836 -15.628181 -17.809234 -18.877802 -26.090398 -27.638530 -25.582795 -17.929102 -23.622294 -23.330293 -20.871255 -18.909776 -21.433667 -17.563685 -13.967915 -8.109525 -6.484952 -2.618100 -3.700125 0.685337 -1.671114 
-19.852597 -20.117063 -25.711141 -33.935613 -34.269253 -28.460870 -24.702195 -23.167545 -23.822225 -24.703856 -23.440255 -21.947793 -27.472846 -25.526145 -22.567400 -18.484200 -23.854527 -24.356604 -30.700954 -22.449121 -18.346399 -21.336985 -27.172571 -22.971747 -26.438342 -22.869907 -19.796695 -27.068209 -22.451598 -17.595666 -18.510450 -23.568321 -16.193702 -10.254539 -5.927793 -4.098182 -3.225418 -3.622704 -1.675415 -3.790289 
-21.257992 -20.025397 -25.075465 -34.194294 -38.987834 -32.070121 -24.238464 -23.949870 -27.128847 -31.314008 -33.515527 -29.813186 -34.472160 -26.575925 -21.794691 -27.147216 -28.245825 -30.962515 -30.373461 -26.001810 -25.560860 -28.641038 -34.828875 -32.532770 -32.632737 -29.622132 -26.389630 -29.249161 -24.647535 -20.090708 -20.963426 -21.890389 -17.880879 -13.871810 -8.277089 -6.691428 -4.391524 -4.341505 -4.229835 -4.895424 
-25.789690 -27.864862 -32.343753 -36.248409 -35.861079 -37.794257 -37.051057 -39.717474 -43.969720 -46.423653 -47.314993 -46.799207 -39.920719 -37.763184 -35.223876 -38.056485 -47.532387 -47.586277 -42.239067 -37.235055 -35.219386 -39.309339 -40.605305 -41.601867 -43.017019 -40.079743 -33.622099 -35.575587 -36.669752 -35.743986 -29.712475 -27.252348 -26.988635 -25.798283 -21.146828 -14.835312 -15.036062 -13.705978 -22.174287 -18.617053 
-25.772378 -25.337181 -28.455385 -33.003326 -39.779367 -54.735121 -55.349984 -52.303420 -50.512080 -49.059224 -53.436178 -53.528644 -53.922301 -57.403242 -57.997247 -56.876705 -57.784672 -56.987284 -51.668960 -54.071805 -53.662891 -53.901257 -54.779855 -58.220684 -58.758925 -54.851386 -54.609421 -56.651032 -54.165306 -55.644372 -52.727599 -50.396392 -46.874243 -42.367767 -35.974833 -34.808302 -35.551971 -33.796194 -35.458165 -39.066493 
-24.223696 -27.568185 -27.915423 -42.482504 -43.110190 -48.950279 -51.906787 -52.298879 -46.799367 -52.751455 -54.640379 -52.601822 -55.463684 -57.238226 -52.960593 -57.383905 -60.513799 -60.230575 -55.044240 -56.783039 -52.673040 -57.675343 -56.571719 -58.327418 -62.393382 -60.611799 -63.565289 -61.312506 -60.906210 -61.072802 -59.528660 -59.953087 -57.185395 -47.783412 -44.333965 -43.072335 -42.569306 -42.119510 -41.698132 -46.753711 
-23.819348 -22.743060 -30.908415 -36.743649 -41.053867 -49.950232 -52.754333 -56.235040 -50.499764 -51.543650 -47.850186 -47.137829 -54.833254 -57.983490 -55.303352 -56.467718 -59.497340 -62.509699 -59.705263 -62.215630 -59.272857 -59.831057 -66.203922 -61.942024 -60.722032 -62.975813 -61.869283 -60.652899 -59.719367 -61.126216 -64.920949 -63.659065 -61.231825 -55.486417 -53.743502 -52.729061 -51.716400 -49.990024 -54.633934 -57.707396 
-35.581709 -33.142997 -35.225137 -37.311859 -47.307577 -50.640434 -49.612474 -52.270812 -57.094032 -56.493006 -54.190766 -54.004694 -56.729295 -59.584394 -59.475761 -58.716742 -64.546298 -61.225142 -59.520332 -64.203840 -64.459091 -62.361149 -62.782782 -65.537121 -64.501188 -68.423484 -64.940392 -64.468288 -65.670151 -63.718239 -67.652587 -67.540870 -64.771373 -66.304574 -63.610723 -63.962533 -62.852093 -62.551823 -65.364687 -68.781377 
-20.072116 -24.642022 -32.316076 -34.366542 -34.824466 -29.037283 -28.099046 -31.187013 -37.170847 -41.579618 -34.177977 -35.591542 -36.953298 -33.735608 -34.552442 -42.597466 -40.535209 -41.017835 -46.158734 -45.223275 -42.898847 -43.561579 -44.163982 -44.528712 -42.302327 -37.154532 -36.932555 -42.230126 -40.013426 -34.529363 -38.751938 -35.608653 -37.811516 -37.098623 -35.718877 -41.156739 -41.765975 -45.485071 -42.332392 -47.160580 
-9.159486 -13.778536 -23.047583 -18.660000 -14.576563 -9.069716 -5.878600 -6.473085 -12.023837 -18.670962 -19.140096 -19.599074 -22.137427 -15.478026 -14.888218 -19.795391 -19.951255 -27.516788 -28.596199 -23.442377 -19.136001 -22.844569 -22.672952 -25.547176 -20.622758 -14.218373 -15.663486 -17.818864 -16.548789 -13.024081 -11.941922 -13.167430 -12.550428 -10.877064 -12.755282 -9.872400 -13.095364 -15.562954 -22.383862 -25.870518 
-8.324948 -13.536812 -18.313134 -16.823097 -16.341749 -15.980889 -12.575606 -8.597271 -12.277783 -19.318024 -22.792169 -23.502791 -28.637570 -22.074314 -19.871632 -21.607610 -22.378707 -30.230071 -25.007738 -17.883823 -12.185312 -20.852796 -21.940836 -24.533617 -24.297295 -16.510066 -17.137481 -22.442505 -19.264921 -14.152225 -10.528676 -11.285638 -12.983298 -10.438365 -9.722315 -9.501015 -12.404103 -15.968697 -21.456632 -23.257852 
-8.924169 -13.172819 -25.399867 -19.798437 -17.326491 -22.434206 -20.186299 -20.484589 -12.371515 -18.211849 -28.146057 -22.333790 -24.739149 -25.387482 -23.573394 -26.062529 -26.801106 -28.319096 -25.373192 -15.678974 -12.742001 -18.560935 -21.912879 -25.470501 -29.728855 -15.906335 -14.712355 -27.333504 -24.404009 -21.739041 -17.380537 -22.612239 -21.396676 -16.193628 -15.309885 -19.326286 -22.969201 -22.657877 -25.275460 -29.916847 
-14.883394 -15.791955 -19.799418 -19.103698 -19.135830 -20.570479 -20.233694 -20.979136 -23.649422 -28.056590 -29.028576 -22.999973 -27.597621 -25.146049 -27.671410 -32.794961 -33.887252 -32.538267 -30.484766 -24.245409 -18.198726 -28.934560 -31.474688 -31.406452 -35.147330 -25.862180 -25.421418 -39.113156 -40.008686 -37.105777 -31.941142 -31.575701 -35.799482 -33.742751 -34.432191 -35.886389 -36.469808 -37.917457 -40.438403 -44.893375 
-48.669767 -48.993542 -45.645154 -46.726142 -44.880377 -45.659434 -46.442320 -48.603834 -52.030845 -55.741860 -50.774144 -46.817600 -45.007869 -44.713907 -45.734985 -48.884695 -55.683959 -56.521116 -50.303732 -47.387417 -46.274203 -47.476487 -50.851094 -53.020007 -53.217540 -54.120829 -52.853520 -55.491552 -62.244221 -66.670707 -63.708714 -62.653734 -65.424916 -63.695247 -61.584755 -63.237008 -68.652130 -68.335484 -69.916270 -68.852503 
-74.113474 -74.027362 -72.788027 -71.443503 -72.316226 -77.541468 -83.250510 -83.122786 -84.796583 -84.755244 -88.740425 -81.449197 -76.349755 -78.935116 -86.044224 -92.763528 -88.784073 -90.214762 -93.853532 -86.075027 -82.065680 -89.176707 -89.059733 -89.386505 -88.165019 -88.431098 -92.188701 -88.915909 -89.676611 -93.503718 -91.796704 -91.344521 -93.034954 -92.422994 -94.936460 -94.073254 -98.701384 -98.572696 -100.388801 -102.378647 
NaN NaN NaN NaN NaN NaN NaN NaN NaN NaN NaN NaN NaN NaN NaN NaN NaN NaN NaN NaN NaN NaN NaN NaN NaN NaN NaN NaN NaN NaN NaN NaN NaN NaN NaN NaN NaN NaN NaN NaN 
