NaN NaN NaN NaN NaN NaN NaN NaN NaN NaN NaN NaN NaN NaN NaN NaN NaN NaN NaN NaN NaN NaN NaN NaN NaN NaN NaN NaN NaN NaN NaN NaN NaN NaN NaN NaN NaN NaN NaN NaN 
NaN NaN NaN NaN NaN NaN NaN NaN NaN NaN NaN NaN NaN NaN NaN NaN NaN NaN NaN NaN NaN NaN NaN NaN NaN NaN NaN NaN NaN NaN NaN NaN NaN NaN NaN NaN NaN NaN NaN NaN 
-85.236126 -85.348293 -85.535773 -85.854208 -86.291121 -86.913155 -87.690451 -88.717710 -90.136837 -91.910356 -94.175136 -97.028975 -99.861009 -101.120862 -100.438183 -99.642289 -99.834894 -101.559089 -105.868721 -114.068860 -109.514059 -104.718340 -104.359350 -107.870227 -108.862178 -102.580582 -99.585931 -99.906874 -103.454903 -106.116630 -103.145426 -101.951433 -102.317363 -103.599475 -106.950072 -109.110767 -105.162944 -103.322277 -109.150981 -107.733688 
-30.040997 -30.802380 -32.351430 -34.312459 -35.911971 -35.667217 -35.397193 -35.270200 -36.836221 -40.127183 -43.644553 -44.935510 -46.167783 -48.384048 -49.827058 -49.878611 -51.598153 -55.861529 -57.496614 -52.065283 -51.597373 -52.193913 -56.661057 -59.171325 -62.682459 -60.175286 -63.222227 -60.184589 -60.218408 -53.990724 -51.977647 -54.933366 -62.471766 -68.008586 -62.840444 -67.487311 -70.165355 -67.561317 -69.975752 -68.664877 
-14.880481 -14.788132 -19.651486 -24.169952 -25.098318 -23.463901 -22.115904 -20.797358 -23.076322 -26.594107 -32.829535 -33.631258 -33.291087 -36.300328 -39.133396 -33.829670 -38.145951 -41.173039 -38.461465 -30.689029 -34.775695 -35.621090 -42.352575 -41.905681 -33.244934 -33.644511 -37.352183 -35.670047 -37.588723 -34.413146 -36.142468 -39.013227 -42.150615 -45.277522 -40.930197 -38.788169 -41.334315 -44.275691 -41.923167 -44.030692 
-18.563417 -22.132037 -28.153945 -36.376841 -35.574122 -32.206973 -36.211542 -29.434562 -30.303489 -28.158514 -33.155084 -30.660516 -34.733348 -36.487992 -34.873320 -29.859572 -36.295771 -36.259822 -28.954347 -28.271136 -34.614760 -30.864593 -33.369014 -31.706011 -26.266535 -24.222643 -28.978205 -28.440902 -28.371771 -26.111182 -28.093785 -31.621493 -33.959982 -31.759689 -31.760470 -31.315522 -29.739322 -29.366003 -30.691780 -33.138400 
-26.699863 -30.581343 -33.486154 -38.814121 -35.474124 -30.542738 -32.973065 -32.338555 -30.194640 -31.330224 -35.902370 -35.943045 -34.256391 -34.870479 -32.576802 -30.099912 -33.654940 -31.286419 -34.279700 -31.043727 -30.115376 -26.809372 -28.283335 -28.691542 -22.491540 -23.726954 -25.392820 -29.091213 -25.232564 -23.592036 -27.087501 -29.036844 -31.182045 -27.460891 -30.945766 -25.245401 -27.694420 -28.548688 -28.184983 -28.360505 
-32.688218 -29.492582 -30.301450 -35.987722 -40.172218 -41.238071 -35.655267 -31.275983 -32.424514 -34.484615 -39.943243 -33.384060 -34.193310 -37.672465 -36.037959 -35.217023 -37.989312 -42.673910 -39.336484 -32.089678 -31.629440 -34.123215 -32.261429 -27.961444 -24.619050 -26.686604 -24.475516 -27.368274 -26.103115 -25.152850 -26.729280 -32.831148 -33.797207 -28.280236 -28.788339 -28.252643 -25.746375 -27.572857 -26.658807 -27.694586 
-29.031889 -31.409087 -36.444845 -44.313182 -41.030372 -35.543715 -29.686103 -29.215818 -25.200048 -34.562155 -34.237528 -34.364213 -30.798524 -31.386560 -30.661265 -36.658281 -28.490037 -33.191620 -34.282446 -35.767435 -28.338746 -29.841366 -32.009496 -28.752705 -23.847027 -26.881799 -27.350406 -25.604301 -27.021440 -29.253659 -25.373414 -25.699520 -31.858534 -30.087555 -27.313851 -28.235150 -24.495242 -26.702290 -26.991786 -29.758261 
-29.414690 -31.146166 -36.378098 -39.277283 -33.497516 -29.839906 -30.576410 -29.402759 -27.394059 -31.766299 -38.105294 -36.150432 -32.585126 -37.038616 -34.352080 -34.810763 -35.375316 -39.850697 -37.247049 -34.681860 -31.498035 -32.736860 -33.684714 -34.449863 -29.484914 -29.180563 -31.531059 -29.263355 -34.094137 -33.086475 -28.810310 -31.962136 -35.318872 -33.620095 -28.929304 -25.953542 -26.831905 -25.361250 -28.551139 -32.690918 
-29.796891 -27.198257 -37.223722 -41.356288 -36.761740 -29.625214 -29.438199 -32.181377 -31.194872 -32.761713 -37.510722 -33.291232 -37.492173 -35.408352 -30.572025 -38.306010 -36.564033 -31.070982 -28.335277 -32.123513 -32.182896 -35.507385 -33.049974 -31.340774 -26.938615 -27.654932 -26.520295 -29.767253 -32.045353 -29.443179 -25.693597 -28.794659 -32.230589 -33.691826 -27.389825 -29.068647 -30.360018 -28.674319 -29.088266 -27.883652 
-19.048003 -22.040338 -30.926198 -37.654161 -35.647681 -34.203193 -33.816678 -28.674134 -25.653861 -28.297464 -32.191106 -31.884695 -36.194650 -34.463145 -31.704013 -33.875225 -36.205902 -29.306041 -30.939554 -30.817347 -29.090758 -31.539908 -30.590405 -23.536766 -21.005985 -24.474926 -23.769754 -27.317672 -23.060287 -26.002695 -26.240217 -28.133699 -28.740671 -28.177808 -25.532793 -26.478016 -25.630717 -25.807319 -25.563440 -26.257037 
-17.947598 -21.130245 -28.998901 -27.977437 -24.195642 -24.318171 -29.504562 -23.195553 -21.761254 -28.650679 -25.450927 -22.291335 -21.981644 -24.940992 -27.926695 -28.217888 -31.629512 -30.100091 -24.970274 -25.976218 -21.577726 -21.362418 -22.522767 -25.038956 -22.465888 -22.045884 -21.990621 -22.701715 -17.957217 -20.270312 -21.240478 -24.236321 -25.427893 -24.843675 -24.913088 -24.171314 -21.803448 -21.481412 -22.172832 -21.218257 
-17.499428 -15.457881 -13.749889 -13.750733 -15.741167 -15.090479 -16.875458 -19.573054 -23.516149 -22.877160 -27.733067 -24.042850 -20.186508 -23.048497 -24.583221 -28.256939 -27.481414 -25.703655 -27.678921 -20.261837 -17.970442 -19.077417 -18.731339 -22.731593 -18.580944 -18.794365 -22.038135 -21.770999 -19.820844 -15.154094 -22.461704 -24.659973 -24.960684 -22.668001 -22.463098 -24.275309 -21.876485 -20.877743 -21.644437 -20.878599 
-15.786298 -10.396183 4.016941 11.172426 9.760316 3.680463 7.796562 8.467815 -0.264430 -5.779345 -9.687642 -14.193364 -14.279732 -17.702598 -16.369677 -20.094363 -18.685541 -18.470416 -14.252806 -10.887258 -9.610084 -14.507254 -15.461566 -14.209740 -12.511863 -17.925600 -20.096188 -22.382597 -22.111983 -20.001428 -22.667407 -25.705859 -28.067360 -25.422384 -23.114134 -24.544950 -28.266145 -28.801916 -27.781683 -30.447300 
-20.359128 -8.405594 10.688839 16.361977 6.483220 14.470549 21.872151 14.517867 11.068793 9.772494 -3.217586 -0.640598 -9.117304 -7.345173 -12.117783 -12.333174 -11.445914 -9.549330 -5.303751 0.065138 3.246284 -3.368832 -7.587451 -3.153334 -4.184028 -14.005275 -21.967392 -23.537845 -19.154062 -16.174817 -20.269713 -26.314885 -29.799587 -23.663075 -21.697953 -22.370841 -29.820187 -26.391670 -24.565691 -37.284626 
-13.448918 -13.803216 10.496786 17.041152 6.102445 11.480749 23.483599 14.502916 9.918180 15.513606 -2.308902 2.823892 -9.282934 -2.601444 -11.557031 -7.891520 -10.163552 -8.756429 -3.801843 1.059865 4.639334 2.608912 -6.381063 -3.525006 -0.724456 -7.284679 -16.217169 -21.498520 -14.676279 -9.522364 -13.713578 -22.457366 -31.240521 -22.229266 -19.725603 -19.815213 -25.452466 -24.419958 -24.641288 -39.010459 
-22.342969 -15.198375 10.569956 17.252598 5.585091 10.197912 21.967361 11.570284 12.740382 18.460060 -0.166237 4.101023 -7.743358 -1.845404 -10.731661 -6.845742 -9.668231 -8.532335 -3.813393 0.015957 5.465675 3.386262 -4.475839 -4.332672 -0.673490 -1.975531 -12.106161 -18.052137 -13.209583 -7.421895 -10.058400 -18.974231 -27.530942 -18.794045 -15.830605 -16.614247 -26.364860 -22.837373 -21.930788 -34.195864 
-29.200244 -17.300679 10.053513 17.339762 6.158815 7.857155 20.550386 11.269579 12.712416 20.295282 1.460917 5.408518 -6.591608 -1.015754 -10.607224 -5.777944 -10.098168 -9.019497 -3.387248 -0.068692 5.073316 4.019274 -3.291060 -4.182021 -0.010847 0.956312 -9.169364 -16.193111 -12.821983 -6.630622 -9.256260 -16.726800 -30.085694 -18.770387 -14.997955 -13.640265 -21.788825 -20.187652 -20.814850 -37.505692 
-33.716962 -19.321390 9.387875 17.163832 6.249457 6.190963 19.351540 10.655482 13.438527 21.362494 2.637555 5.837639 -5.519021 -0.775062 -10.294128 -5.520971 -10.017314 -8.548845 -3.050506 -0.176791 5.104359 4.563241 -3.197001 -5.029913 -1.356580 0.542185 -7.524233 -15.445040 -12.247751 -6.074442 -8.535681 -15.252996 -29.132875 -17.366919 -12.066707 -12.538638 -22.642294 -19.981627 -18.464907 -34.682436 
-18.552964 -24.005966 8.765738 17.053426 6.811418 3.551227 18.198841 10.688557 11.687613 21.735559 3.511095 5.517131 -4.504426 -0.642023 -8.894493 -5.091829 -10.547759 -9.058663 -3.304869 -0.384718 4.944831 5.638328 -4.937574 -5.654588 -3.042984 1.064946 -5.734357 -14.454250 -11.534381 -5.672238 -8.402786 -14.403879 -27.965012 -17.013320 -11.928419 -11.748695 -22.205378 -21.617973 -21.025527 -34.779094 
-15.294599 -16.870709 9.398584 16.865721 6.216377 5.069775 17.521974 8.336696 14.802508 21.774753 2.482594 6.196617 -5.828680 1.186323 -8.443351 -4.754628 -8.707758 -8.716795 -3.434108 0.226614 5.472001 4.850322 -3.536721 -5.864172 -3.246159 0.561666 -4.076233 -13.808124 -12.642583 -6.883081 -8.243574 -14.126854 -28.631907 -18.172654 -12.212910 -13.139582 -23.449676 -20.552837 -19.687372 -33.589910 
-31.633043 -19.093579 9.240121 16.813752 6.065861 4.258254 17.176561 8.478979 14.921872 21.550686 1.415736 5.659310 -4.837816 1.334873 -8.472708 -4.935653 -9.633403 -8.120507 -3.166964 -0.337265 5.352559 3.883234 -4.158163 -6.272680 -4.010635 -0.140780 -3.662507 -14.185994 -12.860897 -7.920967 -9.893613 -15.515940 -30.028847 -20.868157 -13.814109 -12.786212 -22.892518 -20.829484 -20.083979 -34.231319 
-23.979775 -16.339008 8.903666 16.858775 6.241454 3.414174 16.962247 8.718576 13.439391 20.345262 0.945762 5.286342 -4.926548 -0.241807 -9.557558 -5.792596 -10.661520 -9.389377 -4.183525 0.263414 5.908476 3.371061 -6.051128 -7.566993 -6.113451 -2.592872 -5.578249 -16.021214 -14.366133 -9.091925 -10.606735 -15.957727 -33.367761 -25.131475 -17.480407 -15.610292 -27.126163 -23.899079 -22.036702 -35.162253 
-27.337954 -14.379431 9.394924 15.997974 5.591334 6.941945 15.429084 8.983677 11.075722 16.185468 1.735492 3.288952 -4.586043 -3.293440 -11.877114 -9.633396 -13.404919 -11.473358 -5.229152 2.262824 2.580706 -0.393284 -9.487267 -10.285397 -8.271973 -4.536595 -10.114434 -19.340158 -17.257642 -11.517055 -12.117675 -17.774168 -37.339404 -30.346135 -22.669715 -22.466282 -32.987018 -29.862299 -29.568417 -43.507009 
-21.175608 -15.611542 8.576892 17.829040 10.947562 1.231919 13.136511 8.915940 1.633659 1.952541 -10.888864 -3.607119 -8.484775 -8.809922 -16.678524 -20.356116 -23.148795 -22.709089 -11.279025 -6.477895 -12.879288 -18.316762 -22.363346 -16.990330 -13.890905 -18.351598 -26.513210 -34.224724 -30.162480 -26.677827 -26.093046 -30.910237 -42.949444 -40.282393 -29.564686 -27.640718 -37.605347 -38.042987 -40.795964 -50.225240 
-20.597706 -21.434626 8.844923 18.757516 9.953394 -1.648494 14.607861 9.209990 -17.606882 -3.932511 -17.062884 -4.287886 -10.625319 -10.975955 -17.304921 -19.781719 -29.180402 -26.625786 -13.801431 -18.053914 -24.998920 -27.520785 -26.891897 -17.406532 -15.148365 -23.761608 -37.526530 -41.665339 -39.705213 -39.480966 -37.669105 -37.086498 -46.429759 -38.292565 -26.297856 -22.286241 -34.278877 -41.456417 -43.001564 -47.912663 
-24.780886 -23.433275 9.566111 18.848112 9.490968 -0.444638 14.775168 8.542285 -13.900014 -3.911763 -16.010363 -3.594483 -11.487276 -7.522114 -15.316126 -17.483570 -29.169898 -29.614441 -15.148920 -18.920401 -23.449106 -27.301173 -25.169351 -17.701529 -15.313183 -20.836814 -38.584599 -41.239887 -38.132416 -37.781511 -37.694971 -37.184976 -44.420305 -37.481475 -28.122406 -26.807053 -35.197915 -36.838469 -37.555046 -43.902293 
-29.738779 -19.342180 9.900079 18.707084 9.244740 0.127959 14.021500 7.519324 -12.408669 -4.489602 -18.342605 -5.140053 -12.206006 -6.664728 -15.062512 -17.086959 -29.164549 -28.757566 -17.955746 -19.932902 -22.468998 -25.658201 -25.042036 -18.918886 -14.929353 -20.830180 -38.282908 -42.247301 -41.215160 -40.934756 -39.767200 -40.403192 -43.344085 -36.740827 -25.406557 -22.799792 -35.858569 -39.151049 -43.058926 -46.428592 
-24.484187 -22.536482 8.470729 18.354832 10.323122 -2.373192 11.316990 9.517080 -5.980346 -4.176228 -17.722605 -4.744051 -8.560567 -12.923465 -14.895930 -18.307166 -18.881699 -19.343966 -11.096565 -11.346362 -16.660964 -20.499978 -24.508265 -18.435049 -15.609685 -21.995643 -27.551585 -31.575885 -29.457141 -28.254402 -26.384744 -34.355495 -39.464154 -31.093124 -23.872285 -24.476100 -33.630608 -35.350819 -34.835663 -43.140734 
-13.285058 -14.500353 10.339562 17.444908 7.211768 6.835410 15.118064 8.784590 11.250682 10.964826 0.135097 0.630850 -8.414038 -4.684705 -10.687256 -10.509414 -10.397004 -8.648961 -5.088100 1.138810 -0.123019 -8.579353 -11.489301 -10.796174 -10.124817 -7.088307 -13.675787 -21.510697 -18.817672 -13.980364 -13.722561 -18.179529 -33.473660 -30.242414 -21.875599 -21.156752 -29.311356 -27.156219 -25.964383 -39.584738 
-20.655179 -8.288760 12.800246 16.432063 2.139560 10.954503 15.208056 2.923737 19.324438 15.134730 4.332911 1.912508 -0.128737 -2.288199 -5.039329 -9.638503 -8.571409 -6.045908 -4.641256 0.093856 5.812782 -3.275060 -9.151049 -8.215928 -7.074875 -2.206458 -6.816283 -15.893052 -14.410859 -10.009953 -10.562697 -14.978884 -31.672467 -25.330964 -16.765974 -14.456401 -21.690907 -22.259095 -25.464894 -36.206516 
-13.433929 -3.971314 13.728427 15.188773 -0.259163 12.754582 13.794249 6.011397 22.247146 13.730626 8.881821 1.089031 4.476015 -2.279225 -1.978039 -7.989770 -8.158595 -5.839137 -3.781836 0.361740 5.333943 2.730962 -7.082190 -7.336036 -5.411294 0.329921 -4.335812 -15.199977 -13.712586 -7.867279 -9.020889 -13.897017 -30.435506 -22.968152 -15.841525 -15.099325 -23.920636 -23.946910 -23.350435 -35.317495 
-25.885475 -1.428192 14.389964 13.935795 -0.854540 14.609026 11.971281 10.884958 22.072475 9.453475 12.698044 2.252249 5.915450 -1.447731 -2.515672 -6.400178 -8.670700 -7.133599 -3.305095 0.740508 6.976392 3.471431 -4.982720 -4.378612 -2.973817 1.218058 -2.661399 -12.432917 -11.465257 -6.471965 -6.921944 -11.998919 -28.472116 -20.714599 -13.963412 -12.970173 -21.601006 -18.350193 -18.241432 -31.557926 
-18.194246 1.362353 15.032452 13.019716 3.324277 16.230313 10.768162 14.686404 19.275654 10.755962 14.447752 4.268761 4.230499 -0.226636 -4.607688 -5.520505 -7.260250 -5.863140 -2.940729 0.753414 5.685064 4.756996 -3.984419 -4.899159 -2.471772 2.111590 -3.009799 -12.791210 -10.320227 -5.252544 -6.076343 -12.346504 -29.079559 -19.047819 -12.859895 -13.837385 -24.700522 -21.037096 -20.113651 -32.931057 
-19.275614 2.253845 15.279048 11.789823 6.356320 16.866045 9.116089 16.523311 15.480384 14.809507 14.065516 6.084809 1.884373 0.432283 -4.203902 -5.931561 -7.182055 -6.594188 -3.031331 0.960106 6.459938 5.723609 -3.264697 -3.463787 -1.097459 2.684282 -2.308331 -11.116361 -9.398377 -4.171917 -5.068828 -11.051008 -27.591574 -19.047843 -12.804399 -13.120566 -22.406545 -19.490835 -17.769634 -33.718237 
-16.934157 3.831146 15.168483 10.130765 8.339110 16.942788 7.724918 16.890886 12.060629 18.026217 12.583336 6.826678 0.013717 -0.154344 -3.534218 -6.848427 -8.014129 -7.142256 -2.829508 0.580940 6.588208 5.074999 -2.825356 -3.984120 -1.148134 2.252541 -3.843199 -11.316000 -9.519709 -4.385831 -5.032908 -11.058010 -28.776380 -20.412728 -13.899627 -13.588294 -22.490717 -21.318075 -21.063134 -38.171073 
-20.917682 4.918682 15.124798 9.411258 10.709233 16.708885 7.711980 16.623953 10.531651 19.709830 10.504217 6.587911 -0.374832 -2.075533 -2.915943 -6.239978 -8.253076 -6.198731 -2.160631 0.930915 5.881077 5.547074 -3.089814 -3.234950 -0.369701 1.314767 -5.384605 -12.109453 -9.593035 -4.032447 -4.633485 -10.183061 -28.374131 -20.808594 -12.615563 -10.671127 -21.551349 -19.832949 -19.433095 -35.249549 
-11.715352 5.937280 15.052570 8.359040 12.139200 16.016826 7.735472 15.301454 10.497351 20.362072 8.472837 5.460148 0.687743 -2.763289 -3.247149 -5.230897 -7.230830 -5.148834 -2.208551 1.948858 6.691270 5.233841 -3.214715 -2.367664 0.069165 0.836157 -5.384347 -12.161402 -9.811786 -4.098083 -4.480047 -10.263457 -27.920178 -21.892085 -14.784417 -11.103462 -20.460259 -21.855447 -21.335473 -33.718470 
-11.476240 6.786476 15.128794 8.181049 13.314956 15.237546 8.121175 13.927571 12.582017 19.758616 6.951054 4.086625 1.785447 -3.799059 -4.830130 -5.404626 -7.490958 -5.981034 -3.069864 0.936377 6.805911 4.670078 -2.221956 -2.731102 0.444898 1.522608 -6.421146 -12.777414 -10.211644 -4.047830 -4.039933 -9.603001 -25.789180 -19.666070 -12.541942 -11.816096 -23.837605 -20.204349 -17.903984 -30.505812 
-14.816030 7.324047 14.972253 7.708421 13.938405 14.293532 8.533546 13.098460 14.803958 18.716745 7.318400 3.258367 1.768882 -2.732531 -4.909218 -5.286454 -7.614133 -7.078637 -3.557402 0.263023 5.377394 3.106081 -3.783262 -2.627307 1.304915 0.998498 -6.362909 -12.736364 -9.640070 -4.357288 -4.850858 -10.929595 -29.295506 -20.796359 -13.753251 -13.208993 -25.020399 -18.501780 -17.249864 -35.863227 
-16.367444 7.660669 14.863582 7.254807 14.272458 13.395795 9.415618 11.993004 15.672579 16.497503 6.657259 2.148109 0.724584 -2.926581 -4.914843 -6.062439 -8.523621 -8.093583 -3.475824 0.281249 4.937408 2.973809 -4.861619 -3.560738 -0.726776 -1.209356 -7.935385 -14.016569 -11.592068 -6.491291 -6.314225 -10.835267 -26.921468 -20.117793 -14.520391 -14.005895 -23.165159 -22.004519 -21.098542 -35.737869 
-15.507827 7.928789 15.000062 7.525613 14.604301 13.169557 9.727152 10.800858 15.160252 14.285279 5.666381 -0.328784 -2.246585 -4.406023 -7.168892 -8.934001 -11.212586 -9.392961 -5.123931 -1.801868 1.678362 0.607290 -6.572105 -5.021059 -2.280065 -3.053197 -9.023239 -14.681757 -12.907904 -7.980116 -7.869564 -11.270046 -27.230195 -25.170000 -17.727769 -16.043087 -27.800291 -25.535226 -23.488646 -36.251158 
-11.268681 8.990388 15.369559 8.101127 15.270196 12.735636 9.560639 8.738963 13.900984 10.289329 2.744396 -3.728116 -4.890975 -6.529287 -10.035166 -11.348642 -12.720744 -10.452157 -5.833419 -3.485683 1.018702 -0.458511 -7.612542 -7.423836 -3.831964 -4.084648 -10.834575 -16.134494 -12.910028 -7.606280 -8.404768 -12.534250 -26.677523 -24.460222 -18.803544 -17.137978 -24.334015 -22.540610 -21.994782 -36.544087 
-9.960560 9.896717 15.853084 8.005039 14.889974 11.916267 8.131323 5.328503 10.695128 5.670750 -0.840125 -6.824480 -7.557305 -8.529648 -13.099872 -15.617926 -16.911340 -14.951896 -10.636244 -7.788093 -3.814468 -4.516635 -11.385899 -12.384876 -8.355304 -8.894810 -15.405212 -19.316869 -16.463861 -14.508222 -16.735340 -18.505991 -28.617645 -31.409261 -25.740996 -21.316456 -30.405938 -27.987885 -22.645057 -38.205630 
-9.953184 10.023409 15.369789 5.675022 11.924624 8.112859 5.204437 1.349730 6.483007 -0.613852 -5.393642 -10.756558 -10.388181 -12.977789 -15.545042 -19.338085 -20.030230 -18.414461 -15.635825 -13.220410 -10.660530 -10.382437 -17.143462 -15.705788 -9.702942 -10.513854 -16.181793 -21.094750 -20.690683 -18.456391 -16.615031 -19.209225 -32.611764 -34.662766 -28.898059 -27.077483 -32.249701 -31.432992 -30.477888 -37.721294 
-8.203632 9.353696 13.348558 3.338416 5.639734 -0.548842 -0.922528 -4.906859 -5.324218 -10.714270 -15.160363 -20.773535 -18.140339 -17.231817 -18.322724 -26.340465 -23.466670 -23.077321 -23.578930 -20.577109 -20.268024 -14.791314 -18.204971 -11.814902 -5.561706 -9.701411 -12.776484 -17.351225 -11.506694 -12.789268 -14.021763 -14.806096 -21.860309 -26.483209 -26.987718 -23.373744 -25.065461 -23.374876 -27.408462 -31.078555 
-6.631881 8.031375 9.959075 -0.450088 -6.045755 -9.730263 -10.129337 -21.489228 -23.592840 -21.374546 -25.089442 -24.355262 -29.047559 -28.421132 -24.510802 -24.808131 -27.296746 -23.628208 -24.897422 -27.247440 -21.667764 -14.180013 -19.120959 -13.831162 -8.441202 -6.966759 -11.460759 -13.454370 -5.985960 -5.787933 -11.193065 -9.472474 -13.814624 -20.132833 -16.394257 -18.749040 -19.081364 -18.263079 -20.683096 -24.004315 
-13.072915 0.360437 2.091410 -10.293405 -17.200174 -19.247669 -21.837735 -23.257939 -16.576958 -20.097003 -24.128687 -23.808511 -28.955957 -23.936662 -27.509101 -24.676188 -27.329003 -29.833528 -28.523842 -26.690270 -20.874800 -19.043054 -20.013062 -10.083501 -0.585565 -5.417174 -11.549570 -12.403482 -5.835952 -1.299618 -6.026368 -5.509657 -9.716934 -13.589942 -13.870307 -12.937708 -15.237437 -15.463872 -16.413466 -19.677176 
-18.365669 -13.756468 -9.673455 -18.035894 -22.599378 -27.125691 -33.182578 -21.874277 -19.330972 -22.148673 -23.936477 -25.556350 -28.381126 -29.237693 -28.078404 -23.143349 -25.896938 -25.333581 -22.074947 -21.205658 -17.781216 -16.922871 -19.593038 -13.674505 -4.648607 -4.462450 -10.226790 -7.763339 -3.629101 -2.189551 -4.176325 -5.772481 -11.192473 -10.580319 -10.465081 -9.484282 -11.659700 -12.857759 -11.278460 -17.984448 
-23.300996 -20.133636 -15.256995 -25.321906 -28.998454 -27.575198 -29.839266 -30.414880 -25.487943 -29.070903 -32.559760 -34.213916 -31.618171 -27.637697 -26.949569 -29.065179 -31.974080 -25.865546 -27.800083 -28.073250 -20.958798 -19.451524 -20.182238 -16.100028 -6.234579 -1.921441 -8.488467 -8.332220 -4.929738 -3.250818 -4.706301 -8.199641 -8.501845 -8.228858 -8.551941 -6.446651 -11.461687 -9.733072 -9.975352 -14.870551 
-24.192922 -18.150303 -19.368370 -28.205848 -28.553555 -32.706422 -30.253130 -24.273693 -28.020983 -31.733057 -27.397129 -27.578139 -32.238454 -27.429639 -29.977802 -25.742780 -27.423882 -24.696148 -20.309652 -23.153113 -19.856098 -20.779422 -14.301572 -11.113148 -11.151073 -8.083172 -7.298427 -3.951625 0.992384 -1.231858 -2.181732 -6.147921 -9.920785 -7.364921 -7.669729 -6.247156 -9.155866 -11.387261 -12.148764 -13.784634 
-20.055311 -25.431537 -25.130188 -32.100901 -42.224812 -35.187489 -33.341079 -30.942095 -36.413142 -34.161973 -33.002981 -32.757435 -26.894361 -25.896911 -27.128297 -29.656970 -30.000720 -30.945795 -22.753121 -21.298930 -19.710060 -19.226239 -19.787711 -8.052774 -7.380402 -1.695567 -5.739127 -7.118280 -1.416433 1.483849 0.363870 -6.660819 -9.276097 -5.058164 -5.924334 -7.834272 -10.535327 -9.368584 -11.628283 -11.937107 
-26.794921 -34.389339 -34.294633 -39.674039 -35.790385 -39.261417 -35.925071 -27.605080 -25.865323 -32.293572 -32.675452 -38.442853 -32.977216 -33.054951 -26.888785 -25.236439 -30.097517 -24.747096 -27.322225 -22.891497 -26.407653 -21.376498 -18.852011 -9.148004 -6.917790 -4.814123 -8.520924 -2.940767 2.249770 1.435413 -0.237662 -5.416910 -9.534918 -7.875146 -7.939319 -8.221291 -9.743793 -6.477939 -10.933053 -12.165057 
-26.857323 -44.726011 -39.242933 -37.339453 -36.997296 -39.334788 -35.041635 -27.968363 -26.240049 -32.004185 -29.658823 -29.002911 -30.219895 -27.874557 -24.280925 -25.025915 -25.720782 -27.173515 -29.151653 -23.752117 -22.241405 -19.779039 -18.759597 -13.343583 -3.816448 0.618753 -7.536789 -4.184336 -2.431898 -0.504950 -1.113258 -4.074599 -8.139464 -8.075267 -7.097942 -7.766143 -8.748881 -10.615554 -11.393816 -12.536488 
-17.772689 -23.157858 -32.363281 -50.002133 -45.728971 -33.695002 -24.987642 -23.903012 -28.692982 -34.136166 -33.820147 -30.165283 -29.156078 -28.965131 -27.417091 -27.289096 -24.824650 -24.253338 -25.150881 -21.465378 -21.883248 -16.590147 -15.571556 -13.431699 -3.710698 -1.370522 -6.790671 -6.357821 -2.643574 -3.084037 -6.486853 -3.316620 -7.829802 -6.404427 -7.069426 -7.968167 -8.927997 -7.520709 -9.043496 -15.549078 
-19.960601 -29.042582 -31.226516 -41.600914 -39.058154 -33.910753 -27.097295 -29.436216 -29.339656 -38.415379 -35.908802 -32.012751 -30.869526 -28.945543 -29.133514 -30.869218 -29.809702 -24.934649 -21.424523 -23.170814 -18.816878 -15.941794 -14.165122 -10.886552 -6.228705 -6.751313 -7.921007 -7.222233 -1.796479 -1.210200 -6.151003 -6.764765 -9.169730 -8.698266 -8.885150 -10.925324 -10.757026 -9.648791 -11.076097 -16.743247 
-23.276841 -26.104007 -32.973226 -28.577849 -32.064869 -32.839433 -25.683869 -24.982048 -28.096844 -32.810098 -29.651173 -36.330022 -31.502364 -29.601737 -25.865118 -26.663338 -25.760647 -28.692865 -21.999445 -25.573254 -22.923336 -18.432928 -17.145572 -11.694091 -6.678240 -9.963433 -11.211090 -10.969159 -3.452281 -4.253079 -2.496233 -5.385510 -10.934433 -13.122055 -12.969562 -12.171566 -10.605194 -12.138832 -12.315840 -15.009333 
-23.459006 -24.283214 -31.114655 -36.687846 -32.950329 -31.880302 -26.274491 -20.157763 -24.311897 -23.651023 -32.883024 -32.412486 -29.291814 -27.518901 -27.972999 -29.942546 -29.863998 -27.696667 -22.998310 -23.879538 -17.883116 -23.827785 -19.853615 -13.648474 -5.377190 -5.409131 -13.974610 -9.650468 -3.377573 -5.804330 -7.017578 -5.567759 -8.249651 -9.094161 -12.443405 -13.985032 -11.750010 -14.087782 -14.339396 -16.398089 
-19.000635 -26.572317 -39.499764 -38.629347 -42.702264 -32.483168 -25.563106 -24.630374 -27.445275 -29.158730 -30.674448 -31.730797 -33.430519 -34.306351 -34.431420 -31.301478 -33.891840 -36.098073 -28.311649 -30.334635 -21.311756 -23.944676 -27.370335 -17.178505 -9.827952 -7.095141 -13.122191 -9.844754 -5.319640 -3.280942 -8.642284 -12.675437 -16.335443 -14.057304 -14.810014 -15.616209 -16.029465 -17.565524 -16.730504 -19.214026 
-18.107430 -30.244539 -36.920205 -34.522197 -43.297996 -38.592839 -30.498396 -28.128331 -33.263794 -33.181916 -40.537277 -38.573202 -31.968349 -30.086195 -36.439739 -32.963685 -27.011970 -29.773572 -32.463921 -28.325222 -21.561428 -22.842878 -25.013718 -14.520375 -7.090489 -4.970258 -15.749809 -13.734948 -7.124186 -5.534318 -10.488140 -15.293333 -17.271400 -14.518547 -17.158677 -17.779764 -19.633644 -19.156545 -23.928810 -24.712418 
-18.323879 -24.167517 -33.401026 -31.494936 -32.898676 -36.060862 -30.346626 -27.030111 -34.009776 -34.318445 -34.104377 -33.474583 -32.131632 -25.903667 -28.059784 -26.551818 -26.514002 -28.764307 -33.163767 -28.265182 -24.383353 -24.112217 -22.301064 -18.733530 -7.052087 -9.323622 -16.057320 -14.572790 -8.779795 -11.022219 -14.654864 -14.549179 -16.550694 -18.267202 -20.042546 -21.026174 -20.741648 -20.908378 -22.381653 -26.475604 
-27.733603 -25.702744 -30.768468 -39.530571 -37.926258 -35.233520 -30.197802 -24.702250 -28.356154 -35.316929 -33.916370 -44.686117 -41.225622 -35.779699 -33.665574 -28.985502 -28.145559 -34.634485 -29.799158 -23.327462 -18.870190 -23.972321 -24.476860 -19.991415 -9.369846 -9.425717 -17.482365 -15.355742 -10.856791 -9.405078 -13.857495 -18.253894 -20.028692 -22.561799 -24.178012 -23.456965 -21.627160 -22.333010 -26.658505 -30.688112 
-43.941264 -44.989862 -49.501696 -48.041859 -48.466966 -48.659216 -41.931720 -42.296284 -47.886295 -49.137862 -50.106782 -51.399293 -54.369641 -50.076507 -47.034031 -39.116615 -40.922170 -40.027095 -34.158826 -28.644077 -26.003167 -30.448160 -34.873446 -27.486147 -18.391208 -19.508317 -24.394817 -25.045986 -20.665096 -21.083146 -29.413776 -33.154687 -38.271755 -40.628483 -36.682235 -35.152278 -37.337486 -42.220260 -44.044149 -45.511217 
-63.410876 -68.150236 -74.680826 -74.940752 -71.582635 -68.617285 -73.710149 -71.454872 -66.733529 -75.288073 -76.989799 -74.388408 -77.311592 -82.957570 -79.978422 -74.293871 -75.987902 -73.014352 -76.615529 -76.162192 -68.271522 -68.475043 -70.587003 -70.812514 -60.493086 -60.221122 -69.780128 -69.936310 -62.964468 -63.278882 -68.981200 -72.833926 -78.629832 -76.974747 -78.698580 -75.944249 -79.376816 -78.575772 -78.610747 -81.163824 
-80.510743 -86.684234 -86.407164 -85.827623 -85.041221 -85.630955 -84.281833 -80.260361 -80.160127 -87.862415 -95.157771 -89.936661 -85.263773 -86.958418 -91.884931 -89.025801 -88.761744 -92.075230 -86.769082 -89.732034 -84.506561 -87.560674 -87.327608 -88.396284 -84.382670 -79.726647 -84.542980 -88.177497 -86.832201 -86.252836 -86.529943 -90.847449 -90.975161 -91.632472 -90.055276 -89.822093 -91.207779 -91.845457 -91.347193 -93.376315 
NaN NaN NaN NaN NaN NaN NaN NaN NaN NaN NaN NaN NaN NaN NaN NaN NaN NaN NaN NaN NaN NaN NaN NaN NaN NaN NaN NaN NaN NaN NaN NaN NaN NaN NaN NaN NaN NaN NaN NaN 
