NaN NaN NaN NaN NaN NaN NaN NaN NaN NaN NaN NaN NaN NaN NaN NaN NaN NaN NaN NaN NaN NaN NaN NaN NaN NaN NaN NaN NaN NaN NaN NaN NaN NaN NaN NaN NaN NaN NaN NaN 
NaN NaN NaN NaN NaN NaN NaN NaN NaN NaN NaN NaN NaN NaN NaN NaN NaN NaN NaN NaN NaN NaN NaN NaN NaN NaN NaN NaN NaN NaN NaN NaN NaN NaN NaN NaN NaN NaN NaN NaN 
NaN NaN NaN NaN NaN NaN NaN NaN NaN NaN NaN NaN NaN NaN NaN NaN NaN NaN NaN NaN NaN NaN NaN NaN NaN NaN NaN NaN NaN NaN NaN NaN NaN NaN NaN NaN NaN NaN NaN NaN 
NaN NaN NaN NaN NaN NaN NaN NaN NaN NaN NaN NaN NaN NaN NaN NaN NaN NaN NaN NaN NaN NaN NaN NaN NaN NaN NaN NaN NaN NaN NaN NaN NaN NaN NaN NaN NaN NaN NaN NaN 
NaN NaN NaN NaN NaN NaN NaN NaN NaN NaN NaN NaN NaN NaN NaN NaN NaN NaN NaN NaN NaN NaN NaN NaN NaN NaN NaN NaN NaN NaN NaN NaN NaN NaN NaN NaN NaN NaN NaN NaN 
NaN NaN NaN NaN NaN NaN NaN NaN NaN NaN NaN NaN NaN NaN NaN NaN NaN NaN NaN NaN NaN NaN NaN NaN NaN NaN NaN NaN NaN NaN NaN NaN NaN NaN NaN NaN NaN NaN NaN NaN 
-96.360386 -96.373781 -96.396066 -96.433660 -96.484595 -96.556017 -96.643314 -96.755398 -96.904583 -97.082824 -97.300383 -97.571369 -97.891257 -98.281881 -98.754947 -99.316095 -100.005578 -100.836415 -101.856755 -103.116929 -104.718379 -106.829233 -109.705973 -114.152153 -122.852602 -123.926827 -115.704319 -112.007864 -110.127226 -109.367862 -109.548327 -110.723272 -113.235800 -118.405260 -127.981882 -119.730390 -114.543456 -113.193103 -115.123329 -122.364420 
-19.361343 -22.156681 -25.809234 -27.155227 -28.878531 -34.257563 -36.064958 -31.927902 -28.141613 -30.465358 -33.871918 -35.858327 -40.736765 -43.312168 -42.104456 -37.192944 -36.284530 -40.187624 -36.577837 -38.133152 -37.441317 -41.802740 -48.136155 -47.522491 -52.926586 -49.734158 -52.429351 -57.127800 -58.460081 -54.669733 -54.267746 -56.935697 -63.622819 -62.132591 -59.339829 -61.794821 -62.494366 -66.489498 -64.039810 -68.244639 
-11.571218 -13.318114 -18.434894 -18.406236 -21.635164 -25.068295 -26.092797 -29.427737 -20.556938 -26.021824 -34.571218 -29.107838 -28.916096 -27.923778 -26.961761 -31.458117 -31.336647 -25.588212 -24.680800 -27.646525 -26.528773 -30.450186 -34.414427 -40.439924 -40.094406 -34.386242 -37.083539 -42.635037 -47.232003 -44.933071 -44.125933 -45.664436 -45.555847 -46.060535 -46.190183 -44.663442 -47.857896 -47.262062 -47.221558 -51.412647 
-12.616150 -13.285561 -15.291295 -23.927280 -25.056907 -20.411049 -20.668748 -21.369390 -21.886682 -25.641062 -22.777136 -26.328244 -27.834583 -22.290594 -22.703828 -26.129455 -25.962860 -18.845096 -21.836036 -29.759170 -26.371558 -24.493836 -22.988104 -29.024231 -37.463834 -33.583904 -32.783992 -31.999112 -32.000419 -34.483245 -32.108119 -35.336948 -36.103162 -34.882801 -35.924839 -33.925408 -36.571592 -36.525953 -34.914036 -37.209666 
-8.235363 -8.883321 -18.728154 -22.218425 -23.965412 -29.918228 -29.608536 -19.223391 -21.769049 -27.482238 -22.322457 -21.780143 -24.114498 -20.062571 -21.181570 -21.922330 -20.196105 -18.053689 -12.724601 -13.807835 -15.952571 -17.304851 -18.468654 -21.656698 -30.007348 -23.683399 -22.333409 -27.397767 -25.629304 -29.147776 -26.238090 -31.786707 -32.896388 -30.837556 -28.552637 -29.621531 -32.172488 -31.509144 -32.071161 -29.926674 
-15.419819 -15.121778 -22.775612 -25.251608 -27.064589 -24.790570 -27.349268 -25.908202 -25.405860 -24.555736 -26.704847 -30.818373 -21.990823 -19.438089 -20.647421 -27.984020 -27.860206 -25.198311 -20.613150 -16.606090 -22.415612 -19.169539 -21.625704 -20.415368 -24.776302 -24.603943 -25.157962 -25.454100 -26.813556 -24.738677 -22.769975 -28.012881 -30.535748 -26.918863 -28.170779 -29.228665 -30.060917 -25.829148 -26.463728 -25.330442 
-14.111525 -17.716678 -27.608660 -28.104063 -25.901833 -30.013763 -26.931202 -24.732460 -22.896451 -29.625686 -25.127298 -29.272531 -25.803787 -25.133504 -19.012829 -22.098199 -26.875951 -20.891355 -23.908130 -22.548610 -25.964648 -21.984641 -23.593206 -25.398354 -28.317777 -25.681646 -25.672614 -24.645425 -25.655629 -26.416277 -24.827064 -29.679600 -32.078711 -30.792363 -28.043926 -27.396855 -27.638273 -25.563995 -28.841698 -25.953196 
-14.357267 -23.954413 -24.513700 -32.063536 -32.806604 -37.195029 -29.193119 -27.873865 -27.487170 -31.608682 -27.510967 -27.032942 -27.366848 -24.744680 -22.665067 -25.956317 -24.707058 -25.730189 -28.005400 -25.996325 -25.573761 -22.187403 -24.086706 -28.096365 -26.795261 -23.735139 -25.939585 -25.494788 -29.986581 -29.386475 -26.729406 -26.780005 -30.485586 -27.603683 -26.863888 -29.053030 -28.764097 -27.957736 -26.587029 -28.084201 
-14.037333 -14.871556 -21.866928 -35.980328 -38.385233 -31.793478 -25.838530 -29.630138 -34.146637 -35.378727 -35.531376 -31.918670 -26.729613 -26.293698 -24.594237 -26.435532 -26.712306 -25.099871 -23.271855 -23.901155 -26.178219 -23.411079 -23.961390 -27.462991 -28.258463 -26.794996 -26.379213 -31.544110 -30.127093 -30.530966 -30.778508 -30.736860 -31.360449 -28.735199 -27.491988 -29.106379 -30.573235 -25.378828 -25.631919 -28.073317 
-16.582309 -20.756307 -21.670696 -30.540279 -31.570821 -32.140899 -31.897169 -30.023478 -33.891581 -35.361124 -31.158941 -33.908866 -30.252105 -28.198037 -25.311929 -28.306812 -28.975009 -27.114879 -26.924223 -27.253538 -25.513814 -21.972432 -22.498708 -24.571582 -28.746128 -32.490813 -28.582444 -29.210654 -30.991852 -28.878412 -27.691469 -29.248940 -31.728215 -31.127221 -30.850365 -29.637865 -26.758339 -26.948080 -26.512041 -26.787710 
-14.992021 -15.930027 -24.378159 -25.094486 -25.354404 -27.938624 -23.706424 -21.958362 -22.746284 -22.773355 -27.579431 -30.556302 -27.108780 -24.939563 -22.479738 -27.541106 -27.711593 -26.417570 -21.150020 -23.947784 -22.376950 -24.220602 -22.932717 -26.721890 -26.836771 -28.545636 -27.814860 -27.861612 -27.691012 -28.305204 -23.854160 -25.062961 -25.893785 -26.022687 -28.062574 -28.143083 -25.195014 -25.779313 -23.937284 -23.188945 
-11.762880 -18.348147 -29.406392 -28.282816 -24.878924 -14.279249 -11.431020 -12.542051 -14.814981 -17.822870 -21.261247 -24.180487 -22.769166 -21.890039 -22.351595 -23.004314 -24.546351 -23.359685 -15.670180 -15.147538 -13.928810 -17.012819 -19.341413 -19.232234 -22.280037 -19.730585 -24.305011 -21.517879 -21.613337 -22.966333 -21.321074 -21.900277 -22.490299 -20.661898 -20.636935 -22.080068 -21.250808 -22.753348 -19.839066 -19.280385 
-10.818346 -13.541956 -15.603329 -15.383762 -24.226777 -17.634359 -17.827384 -18.102176 -17.112174 -19.693960 -21.214829 -22.443931 -19.103135 -22.965774 -25.026450 -24.538025 -23.892711 -24.961070 -15.910037 -18.563496 -15.084393 -16.504509 -25.062674 -20.846849 -21.937328 -20.876256 -19.484672 -19.614170 -22.197507 -19.927199 -19.993276 -26.045346 -26.540346 -22.245235 -23.876609 -25.165027 -23.636504 -23.284991 -25.012171 -23.158387 
-10.096654 -13.580903 -2.589164 6.039561 3.555324 -4.672333 -7.528334 -7.030685 -11.432322 -16.278541 -17.915676 -17.869382 -17.091458 -14.689235 -19.188819 -21.392353 -20.997086 -19.127051 -20.152111 -17.020270 -12.972043 -13.751866 -21.779927 -20.759419 -22.512931 -19.680000 -24.103446 -27.001922 -27.560691 -25.396226 -26.134397 -29.621164 -29.836664 -25.718748 -27.113459 -28.044207 -29.479145 -30.914103 -32.944560 -31.917018 
-8.543263 -8.945605 10.867068 21.828482 20.244476 8.708319 11.284194 16.977389 9.351354 -1.433514 -1.683923 -11.187968 -4.188895 -7.109191 -8.717499 -14.390124 -13.733452 -17.807179 -14.706433 -16.770162 -14.339461 -11.002892 -15.314661 -16.881943 -17.556204 -17.408697 -20.216591 -27.493316 -28.196333 -24.315431 -24.393394 -28.632336 -32.433268 -35.526086 -29.509936 -22.452670 -27.306769 -37.277249 -39.601513 -33.132955 
-13.654554 -8.928926 11.541936 25.360867 20.776577 0.403665 17.265873 22.191459 8.499464 5.316972 1.432954 -3.830806 2.189920 -6.884467 -1.382603 -11.586996 -12.290686 -9.353629 -11.028940 -14.637741 -6.478253 -2.824572 -6.360309 -10.264697 -11.146668 -10.697003 -12.038999 -20.978208 -23.419857 -17.488181 -15.668191 -23.902603 -33.495109 -37.006705 -26.478944 -22.610778 -28.803925 -39.833879 -33.805340 -25.428486 
-20.528033 -15.448421 11.701518 25.665050 20.454490 -4.272467 15.340240 18.930703 -3.107123 8.094092 5.772436 -3.005504 3.853518 -6.296000 0.480136 -13.903260 -13.389986 -10.543021 -12.728155 -14.700020 -11.261874 -7.541068 -6.300031 -13.092756 -14.773183 -12.468147 -7.148881 -15.487145 -17.500938 -16.044142 -13.071441 -17.982990 -29.480440 -35.511693 -27.020939 -20.475850 -27.117760 -36.371269 -34.099609 -25.527875 
-15.589694 -18.329864 12.517768 26.143439 20.814884 -5.286903 14.384829 17.115890 -5.148308 10.478527 6.780031 -2.212521 4.841791 -5.355227 1.799001 -15.587987 -17.079612 -11.312181 -14.762412 -15.078636 -11.574988 -7.272525 -5.115090 -11.622732 -15.621526 -10.190938 -3.531911 -12.335568 -17.683744 -17.988181 -15.253599 -17.971481 -29.832149 -38.324775 -29.638925 -20.795873 -26.409452 -47.119376 -32.849536 -25.512190 
-22.147355 -16.766916 13.680043 26.470610 20.321915 -5.725577 14.646073 15.172260 -8.246212 12.139412 5.778747 1.403580 5.405392 -3.423866 2.760945 -14.831479 -16.778056 -11.125092 -15.869933 -15.444633 -11.614732 -7.472113 -7.529317 -12.221525 -14.969156 -13.000119 -7.540879 -10.473304 -17.353126 -17.593087 -14.985690 -18.179020 -28.355841 -36.815925 -27.240166 -19.446286 -24.003944 -41.582516 -31.590750 -24.555653 
-17.583184 -20.545065 14.579068 26.694250 19.980087 -4.472623 14.599335 13.951292 -4.696548 13.212098 5.413807 3.706566 5.319660 -0.677794 3.130286 -15.948614 -20.293584 -11.307398 -15.765286 -16.322255 -11.983222 -6.968978 -8.466589 -11.600316 -14.274209 -12.577411 -6.949745 -10.767332 -18.163253 -19.396217 -15.960309 -18.122532 -29.697608 -38.445467 -26.777889 -17.795940 -24.748552 -42.118278 -33.014507 -26.066336 
-21.536137 -20.748381 15.421626 26.717766 19.351746 -2.007270 15.086274 12.422398 -2.015757 14.453108 4.515929 5.685919 5.511739 1.701195 2.588706 -14.077589 -17.640344 -12.315729 -14.562336 -13.843761 -9.482615 -4.948051 -12.791187 -13.624073 -16.935380 -13.748851 -5.777480 -13.106007 -19.602836 -20.390722 -16.804792 -18.324201 -28.926498 -40.846153 -28.604897 -21.971718 -26.270052 -42.993211 -35.514939 -30.438539 
-20.938651 -11.204884 17.265900 26.347096 17.223867 2.208651 15.535913 9.542738 4.065406 12.832482 0.376385 7.615255 2.507435 4.026008 -0.191706 -11.060926 -17.186625 -14.748443 -11.820981 -10.237051 -4.467807 -3.281689 -14.134366 -12.993514 -16.852418 -15.146753 -7.986935 -14.895399 -20.000993 -19.281374 -15.335783 -18.561438 -31.940138 -46.652370 -33.014037 -28.574638 -34.711501 -46.313501 -41.830654 -33.646754 
-8.669289 -2.624302 20.004222 25.365704 11.737578 7.739849 13.804781 2.699890 7.301961 4.476367 -7.248850 4.394409 -3.314104 -0.217480 -7.739745 -12.341033 -21.400517 -18.653736 -13.239057 -11.109629 -5.679052 -11.812863 -18.365442 -20.790254 -21.915068 -19.610725 -16.944846 -21.421080 -27.751507 -24.555956 -20.400947 -24.647886 -33.454959 -34.474437 -34.110621 -31.838455 -33.220889 -35.793512 -35.750826 -35.836831 
-8.091882 2.568302 22.671931 26.984593 14.894731 9.691028 13.923545 -0.840115 3.731347 -3.514518 -9.036559 -4.157443 -10.021762 -12.523574 -5.031838 -10.661529 -23.129192 -20.256831 -18.759127 -13.220064 -11.243483 -21.049006 -27.040298 -26.579036 -28.019753 -27.367258 -26.550632 -30.852807 -31.476254 -26.915375 -24.993774 -29.518864 -33.724270 -34.505910 -34.784756 -34.121416 -34.135738 -35.612593 -35.748610 -35.951817 
-9.845938 5.420510 24.557218 26.806045 11.184761 12.320055 13.821780 -0.750243 6.036206 -4.575677 -9.492768 -12.177891 -10.912982 -8.455095 1.033933 -11.318668 -22.055886 -23.189250 -20.016911 -11.180324 -10.882595 -20.213883 -28.712813 -30.164043 -27.432021 -29.327222 -32.400259 -34.616480 -34.249444 -31.913744 -28.244632 -31.710818 -37.095435 -38.020473 -38.338798 -36.504091 -37.682454 -39.235303 -39.463924 -40.041876 
-16.759094 9.417085 25.484553 25.442278 8.087170 14.089533 11.887836 2.309584 9.041883 -7.621433 -11.827687 -10.063017 -7.056209 -1.451790 1.217432 -13.375637 -19.748469 -21.200185 -21.163466 -12.464531 -10.991025 -17.661359 -23.788017 -25.554134 -25.384637 -25.788922 -27.353821 -28.511882 -28.644020 -28.521608 -25.959098 -27.457090 -31.287819 -31.778511 -32.167287 -31.975996 -32.023226 -32.947754 -33.211908 -33.337489 
-12.992346 12.542984 25.840943 23.109875 7.721525 14.538090 7.640405 8.107718 8.916496 -10.861106 -14.451847 -7.750894 -6.480158 -0.030846 -3.380544 -11.100374 -28.429177 -24.031219 -21.126712 -11.670752 -9.414145 -19.251672 -29.135519 -30.609334 -29.650829 -24.803495 -32.303352 -41.547006 -38.521005 -32.421239 -24.843644 -28.212558 -41.886378 -46.079686 -44.315274 -42.493319 -41.748325 -45.200706 -46.059482 -47.974004 
-11.555494 14.527605 25.817283 20.710696 7.924337 13.522055 4.076909 12.513298 6.690613 -9.286102 -13.113888 -5.115708 -8.357373 -6.664329 -3.744865 -13.130564 -24.505358 -23.264671 -19.050330 -10.367595 -8.337345 -17.876749 -24.828296 -29.121723 -25.295796 -22.683177 -29.669395 -37.591888 -36.733204 -26.482856 -18.875712 -25.823582 -40.000147 -46.696373 -45.434161 -42.377637 -44.055214 -47.153443 -47.307604 -45.645080 
-12.306841 14.865020 25.446858 19.697997 7.563147 13.446766 6.555464 15.891749 11.977714 1.434326 -5.074843 -1.911168 -4.688151 -5.719748 -1.087408 -12.462716 -18.732873 -15.304036 -12.332200 -7.671015 0.004785 -6.680121 -13.825904 -17.249927 -15.840288 -10.637688 -10.559122 -23.986690 -27.879886 -21.688352 -14.125830 -21.246882 -32.446355 -35.575017 -33.774933 -28.803510 -31.518573 -36.518105 -36.768479 -36.895484 
-9.187651 16.015362 24.624005 17.205312 11.461656 12.477372 8.542840 17.349057 10.826744 8.005664 2.449952 0.486025 -0.817414 0.038714 0.350004 -8.974024 -12.285277 -10.705123 -9.710501 -7.671217 -1.395074 2.803093 -6.442443 -11.335842 -10.239219 -5.133595 -2.692313 -15.216341 -19.995740 -16.687091 -11.454721 -19.040994 -33.552142 -40.797172 -32.199813 -21.357002 -26.140952 -40.891162 -43.811638 -41.926821 
-5.781935 16.259547 23.498719 15.013893 12.411343 11.016816 9.636329 13.714981 9.643752 11.933638 4.604651 0.375562 1.126552 2.362063 -0.890584 -7.854692 -9.284209 -9.520442 -9.207834 -7.223227 -2.209180 2.881382 -2.846557 -8.406231 -8.190090 -5.197963 -3.004169 -12.451970 -15.686101 -13.629931 -10.039156 -17.936394 -28.914332 -33.698053 -27.145347 -18.525601 -23.393520 -33.701748 -35.174760 -35.061351 
-3.067174 16.310688 22.431580 12.921557 13.153284 10.712436 10.355423 10.904620 13.648353 13.469607 6.362804 0.061754 0.711186 2.277664 -2.165966 -6.051018 -8.416490 -9.447361 -8.107450 -6.608593 -2.684015 2.392115 -0.988707 -6.718647 -7.709205 -3.771031 -2.292548 -11.868471 -16.063964 -13.176598 -10.241377 -17.228353 -28.480986 -36.337743 -24.858136 -15.981219 -21.126882 -35.499859 -37.654707 -36.597119 
-3.908555 16.150047 21.495788 11.329009 13.818979 10.189400 10.958550 9.475742 15.547399 12.514184 7.671281 0.865079 0.014474 0.786532 -2.486376 -5.640054 -8.519936 -8.693120 -6.917854 -6.560849 -2.246909 3.189984 -1.024837 -6.316837 -6.564306 -2.182050 -0.204589 -10.386141 -16.686547 -12.313296 -8.901162 -16.851612 -26.848185 -37.883230 -26.943904 -16.916529 -23.733278 -36.610564 -45.187441 -46.419003 
-2.615661 16.290824 20.497910 11.015402 14.454424 9.137383 11.526127 8.242327 16.068511 9.081738 8.337180 2.851087 0.517416 -0.396008 -1.249602 -4.733888 -8.038638 -7.403497 -5.489692 -5.358701 0.298448 3.914218 -0.200891 -4.422957 -5.554879 -1.326142 -0.797298 -8.891119 -13.872682 -11.679793 -8.612805 -16.984528 -26.465728 -35.170188 -24.548418 -14.211377 -21.887648 -37.156146 -46.339920 -42.614552 
-2.661136 15.854039 20.094264 10.387617 14.187132 8.866773 11.635849 8.858129 14.881552 7.373354 7.970484 1.322320 -0.734319 -0.638848 -1.016607 -5.325747 -8.209324 -7.397564 -7.366256 -7.485450 -1.862990 3.626556 -0.685811 -4.619757 -5.864067 -1.864781 -1.359456 -10.499146 -16.014591 -10.914683 -8.162149 -16.377790 -26.507166 -35.711267 -29.434219 -19.290954 -24.647955 -32.560232 -43.734968 -45.721534 
-4.304473 15.271194 20.579459 10.399262 12.918025 9.243309 10.267397 9.275449 14.635014 9.026620 7.615230 0.446571 -1.191348 -0.235462 -3.174820 -6.017343 -9.344860 -7.482883 -6.401445 -6.925069 -1.857646 3.249258 -2.188942 -6.402792 -4.802104 -2.461026 -2.408707 -11.838865 -14.860204 -12.309639 -10.412907 -19.992980 -28.444108 -35.874960 -25.583362 -18.201290 -25.864223 -38.027587 -47.593633 -47.725044 
-5.614123 13.873713 20.532917 11.789490 11.644963 9.637790 8.680364 9.026000 13.231181 10.756984 5.898708 -1.973584 -1.865792 -0.691555 -6.290050 -8.981295 -10.563045 -11.095006 -9.965661 -8.478805 -2.019379 3.711990 -2.365665 -8.854550 -10.391447 -4.036816 -3.142197 -12.573656 -16.028433 -12.849215 -10.650882 -21.155506 -29.153114 -37.399186 -30.596463 -19.933496 -24.016956 -37.787882 -44.813353 -47.060346 
-8.103447 10.044353 20.371515 15.790566 8.062939 12.134976 8.550526 9.710289 13.917536 9.610900 4.931947 -1.305693 -2.575454 -2.763459 -7.185326 -8.863773 -11.873016 -11.967021 -10.597076 -10.702632 -7.030658 -2.104064 -7.581288 -13.592053 -12.452329 -7.930558 -8.205472 -16.324597 -19.764617 -17.184901 -14.100874 -23.979350 -31.519039 -40.180772 -29.420629 -22.238015 -23.999212 -34.916882 -42.326323 -44.194614 
-10.743069 11.963298 20.884418 14.141405 10.163562 12.538910 6.541449 12.919296 5.778848 9.245530 2.276758 2.690349 -1.560666 -2.571470 -6.328857 -10.648192 -14.735055 -13.035452 -12.959264 -10.311939 -6.526256 -2.146947 -7.400582 -9.565201 -9.678507 -7.023773 -7.726518 -16.288249 -18.760841 -17.368863 -16.265799 -21.225747 -29.594182 -38.729554 -28.467367 -19.702058 -24.241997 -37.054148 -41.365857 -41.308989 
-12.188817 12.041067 20.541930 12.671664 10.228300 10.807080 5.454726 11.134732 5.495218 9.340699 -0.030858 -1.040598 -2.842133 -5.514677 -6.029783 -10.162899 -12.709677 -12.125783 -10.920416 -10.398320 -6.856745 -2.099931 -9.805096 -12.033436 -12.626955 -9.286088 -12.793748 -19.151398 -22.050664 -17.049354 -14.794595 -24.893564 -34.486644 -41.585186 -29.787473 -22.785595 -26.575414 -39.524640 -48.039444 -47.556243 
-11.491726 12.531217 20.922335 13.281970 8.815332 11.112112 4.153540 11.405665 4.697206 7.707812 -3.984686 -5.772922 -3.789378 -5.373455 -7.413888 -12.249651 -12.903467 -10.582617 -11.029584 -11.487748 -8.945387 -4.382527 -13.250360 -12.540894 -13.461638 -10.976333 -12.688765 -20.132371 -22.168312 -18.653703 -15.121657 -23.913683 -31.991412 -36.288818 -29.054304 -18.770538 -21.967752 -34.952496 -39.007565 -39.168749 
-12.693100 11.661604 21.362695 15.008616 8.063005 11.139817 3.444181 10.991485 3.133516 4.774367 -6.618725 -4.245992 -4.368837 -4.177273 -6.630929 -13.191362 -14.052537 -13.228129 -11.156042 -12.867872 -6.734487 -3.659982 -10.491969 -13.591078 -13.665826 -9.365316 -13.855356 -21.637016 -25.491335 -21.962746 -19.308675 -27.811411 -34.555858 -38.490306 -30.252514 -20.911378 -23.025059 -37.889548 -41.156604 -41.514256 
-13.155057 11.353296 21.345483 14.876383 5.903649 8.703310 -0.874356 8.374104 -1.124803 -1.263478 -9.717551 -5.307314 -10.419055 -12.541046 -15.654982 -19.747866 -24.656245 -20.374713 -18.512121 -18.462826 -16.566183 -15.560956 -16.738882 -22.359118 -21.440746 -14.680039 -17.215558 -23.081931 -24.408701 -21.653561 -18.062401 -24.341739 -31.792162 -40.628771 -36.062301 -27.750493 -29.177920 -41.318814 -44.541797 -43.076512 
-14.614103 9.922219 20.796383 15.967923 4.112670 6.189892 -3.412840 3.470737 -2.453213 -9.077987 -15.305201 -12.300242 -10.708348 -13.640072 -16.559608 -22.413365 -23.869132 -24.482335 -24.423367 -22.785987 -16.176501 -13.050393 -15.704942 -16.213072 -19.169451 -16.658688 -17.486315 -26.559146 -25.421874 -25.449277 -24.138064 -27.571392 -35.115496 -43.299404 -36.234789 -29.925879 -29.120237 -38.932394 -44.391123 -44.962732 
-17.058044 6.885518 18.765725 15.008848 -1.800286 1.525534 -7.961423 -10.841786 -10.843428 -14.359835 -17.302927 -13.182419 -12.886947 -12.292002 -15.274586 -24.997177 -24.535204 -23.218202 -21.254628 -21.622771 -14.497906 -7.060064 -15.570353 -18.207723 -16.937518 -12.773424 -14.697987 -24.118718 -24.547457 -25.901321 -20.789206 -26.838226 -31.474435 -37.312602 -31.647367 -30.215354 -31.508370 -36.698803 -39.097398 -40.524882 
-21.348793 3.293057 14.353301 10.470785 -5.265993 -5.348404 -10.514143 -17.880636 -16.817394 -17.022191 -18.158631 -18.938860 -22.143084 -19.178289 -17.744205 -25.550759 -24.067955 -20.445697 -25.213285 -21.461216 -15.793963 -9.590402 -16.195080 -16.078026 -19.607993 -12.617896 -10.917906 -19.329666 -20.100743 -20.152603 -17.219128 -21.724542 -26.142095 -29.514796 -27.110605 -27.869862 -29.116175 -31.898710 -33.522965 -34.608088 
-13.710110 -2.024711 7.088133 3.568838 -10.168261 -13.515418 -14.708436 -13.676001 -9.574558 -12.572468 -21.357716 -27.718265 -19.402515 -14.418866 -17.594869 -21.990517 -22.024753 -21.259998 -16.276597 -18.627038 -18.930448 -13.482826 -15.726477 -13.723625 -14.127855 -8.740731 -12.025749 -20.396434 -16.923612 -14.993272 -15.165171 -15.375133 -18.660945 -22.752436 -23.751759 -22.844772 -25.345368 -25.441151 -30.611687 -31.551721 
-18.746036 -12.281095 -6.549507 -12.403189 -19.382142 -18.013508 -15.703976 -11.225117 -14.492443 -19.753623 -25.530916 -20.136583 -18.655601 -17.542787 -18.759391 -27.217232 -28.315013 -21.867543 -18.880890 -15.835884 -6.969580 -6.818830 -8.189908 -12.377847 -11.123809 -2.578499 -4.319740 -12.055728 -7.262524 -5.181066 -6.315365 -10.789589 -18.828425 -18.579325 -15.992247 -16.796016 -17.035743 -18.297091 -20.720780 -20.094857 
-11.230988 -12.512036 -11.880270 -17.712016 -23.603762 -19.720133 -16.180925 -8.247201 -9.485587 -21.131390 -21.219121 -16.477927 -20.065436 -18.966490 -16.031407 -18.714170 -14.085947 -15.530169 -19.671574 -13.055559 -5.217697 -2.221499 -9.664119 -11.537178 -9.346049 -3.095465 -4.410573 -5.971847 0.296198 0.363068 -4.652699 -6.282347 -11.874102 -14.292902 -12.784806 -11.546259 -13.663801 -13.650683 -15.507896 -18.203097 
-10.201837 -14.567621 -21.654945 -24.261203 -30.064792 -28.192069 -19.175943 -14.900942 -23.822588 -31.007958 -24.692580 -20.254299 -22.594727 -14.967414 -18.460697 -20.236541 -14.930197 -13.544564 -15.164975 -13.395004 -7.091500 -3.348891 -5.385036 -7.366397 -5.085907 -3.030338 -5.140172 -3.970908 -0.038049 -0.462107 -2.706953 -3.977379 -5.758916 -7.728742 -10.217090 -9.266474 -14.115731 -13.334839 -14.644849 -14.558853 
-12.628848 -19.511033 -22.512126 -27.140720 -27.265517 -30.021042 -25.929940 -27.979476 -29.598404 -24.974756 -25.573326 -27.988119 -28.077352 -21.071009 -20.785448 -23.291464 -23.210025 -18.195468 -21.375567 -14.403539 -7.554752 -6.296158 -8.022208 -6.157086 -4.608871 -4.708489 -4.956499 -2.864999 1.928256 2.865308 -0.630234 -3.081379 -4.848765 -7.236479 -5.545723 -8.336070 -11.522821 -9.369475 -8.372606 -13.226325 
-13.451886 -19.242325 -24.895244 -30.034700 -30.088254 -36.098685 -27.524515 -26.834732 -28.625639 -26.049528 -27.445801 -29.096531 -25.214316 -25.589665 -20.079241 -18.704713 -21.650250 -19.880613 -17.932393 -18.973301 -9.984307 -7.017186 -10.504206 -8.724630 -4.546434 -1.243329 -2.072713 -0.608275 0.141890 1.971171 0.467270 -3.831025 -4.952580 -4.921740 -5.023370 -9.348318 -11.873519 -11.316716 -12.288301 -13.555099 
-23.142244 -21.752779 -30.891421 -31.885969 -30.645824 -32.846531 -32.000236 -30.547766 -29.281555 -28.468100 -28.056804 -29.841520 -25.446864 -21.016446 -18.320696 -21.311106 -26.886212 -20.020864 -16.770943 -17.169907 -13.199658 -12.668996 -11.072510 -9.406251 -11.956150 -7.930343 -3.852543 -4.712671 -0.411725 2.341402 -1.219678 -1.261187 -6.787801 -8.338912 -6.123231 -8.563598 -8.588507 -11.525913 -12.513883 -14.000096 
-30.478956 -21.558849 -26.940895 -36.133298 -33.472801 -37.726827 -33.926289 -28.485480 -29.647286 -33.124113 -27.076668 -27.379229 -24.993889 -23.873335 -20.719553 -20.690503 -27.174725 -27.246903 -19.607650 -23.048023 -14.214202 -13.789678 -19.060186 -14.324902 -9.534691 -2.186327 -1.403201 0.164231 3.277795 7.107604 2.492137 -2.975646 -3.965812 -9.116075 -9.318296 -6.941903 -7.364096 -6.360775 -9.027422 -12.299366 
-25.206392 -27.870908 -29.314331 -33.748797 -30.140272 -30.499507 -26.392003 -23.385770 -24.461912 -30.082906 -34.329528 -30.614642 -28.073543 -27.657605 -24.084535 -27.491354 -23.509715 -25.817974 -25.574232 -21.425625 -14.802467 -14.159519 -15.254973 -13.150396 -10.104439 -8.274530 -5.224889 -2.746729 1.207012 3.581163 1.946742 -2.025923 -6.553573 -8.565277 -9.091979 -10.317694 -11.999430 -13.031921 -11.684285 -15.069361 
-21.697671 -27.447199 -40.005284 -31.299663 -30.372076 -39.767058 -31.029289 -29.514700 -25.440025 -23.928555 -27.209912 -27.285306 -26.627139 -24.887184 -22.228885 -24.279023 -20.935467 -19.329343 -20.724966 -18.466824 -14.349451 -18.516807 -16.702000 -13.514000 -10.697028 -5.543833 -4.851661 -3.330194 1.533163 4.078136 0.944001 -3.151799 -10.638167 -11.564732 -10.363339 -8.988126 -12.657153 -12.437756 -11.870639 -15.428084 
-15.916587 -21.072118 -29.353427 -28.608277 -30.240595 -28.532445 -27.383846 -20.152615 -19.334791 -28.021666 -33.735505 -27.220260 -29.918613 -24.360155 -20.109193 -25.199210 -16.517802 -19.822831 -23.073386 -24.207370 -14.774037 -7.700680 -12.370078 -10.115662 -4.878039 -7.173397 -4.428203 -5.762958 2.274561 0.946663 -0.689544 -1.826692 -8.143676 -10.597841 -10.026707 -8.137446 -11.026784 -12.376536 -15.097437 -16.778836 
-11.654592 -14.220404 -22.167710 -25.729971 -34.386633 -24.733340 -17.952056 -16.715308 -20.486911 -27.174551 -32.552760 -25.385340 -32.481163 -27.452632 -25.746556 -21.640243 -23.088485 -20.216366 -23.559355 -22.727054 -13.165594 -9.483664 -15.367735 -13.600831 -10.940568 -6.870163 -5.499902 -5.133696 2.386157 3.043555 -0.781794 -1.076154 -5.519568 -13.053319 -8.384606 -11.124382 -10.740984 -10.054233 -13.016429 -15.527909 
-11.642091 -13.275840 -24.224518 -26.133281 -26.377434 -30.555670 -22.161230 -17.563698 -15.895276 -21.093339 -26.061659 -23.535911 -28.040177 -21.854492 -26.796511 -20.239891 -24.747911 -26.991130 -24.706646 -20.456188 -15.358871 -14.651253 -16.617393 -13.571725 -8.028185 -9.012601 -10.683822 -11.690608 -4.141943 1.923326 -1.757872 -2.554268 -6.040789 -12.409189 -12.563570 -12.537504 -15.173881 -16.140378 -16.859335 -20.587091 
-16.016235 -21.436078 -22.653182 -23.486673 -31.232951 -28.885646 -23.010135 -16.202464 -13.533326 -20.571639 -25.722543 -26.659733 -27.816765 -26.147456 -23.938399 -22.792294 -24.674058 -22.016991 -21.166280 -17.095789 -9.654630 -7.144080 -17.857088 -20.117725 -14.549850 -8.930006 -11.041504 -12.242207 -8.012652 -3.231537 -5.141967 -8.011010 -13.100647 -14.727862 -15.431767 -14.904710 -17.524413 -18.530319 -17.300581 -22.667308 
-19.847687 -16.788368 -16.703214 -26.873901 -28.037751 -23.487443 -21.095555 -18.996697 -17.447643 -22.029305 -23.490705 -27.345633 -27.063305 -22.434111 -23.013786 -27.754330 -29.415472 -25.175090 -30.563735 -27.715612 -15.040154 -12.410124 -18.001258 -24.011338 -21.016820 -12.151961 -11.957568 -18.308219 -13.416994 -8.398619 -9.010732 -15.783257 -15.679263 -16.872755 -17.843004 -16.989106 -21.862667 -20.975203 -21.293932 -25.261767 
-10.252276 -10.453946 -16.438643 -16.365054 -20.802630 -33.906740 -22.379189 -12.752588 -16.649987 -28.015548 -22.038705 -20.781648 -24.814834 -22.250187 -24.945484 -24.844807 -28.890161 -25.511718 -21.834672 -22.167661 -12.228862 -14.176843 -17.091523 -21.516668 -27.946689 -16.996240 -15.764199 -21.163767 -16.035307 -12.516442 -14.125789 -20.226387 -24.400876 -24.655709 -25.851234 -24.477499 -26.821242 -30.444375 -30.188777 -32.346336 
-17.514409 -19.872843 -21.450032 -16.853244 -21.048493 -30.343653 -33.836067 -28.098485 -23.545061 -27.258020 -31.794161 -30.398631 -21.925158 -20.995696 -24.920656 -35.452867 -39.251372 -36.766709 -31.160501 -27.787597 -14.768919 -16.530114 -28.812592 -28.473207 -30.909811 -20.422944 -19.347359 -33.901935 -28.661576 -25.301745 -25.275744 -34.120851 -37.248486 -36.489555 -35.338564 -37.503686 -41.276316 -40.815409 -43.764446 -43.499514 
-38.107173 -38.246931 -38.926083 -40.008397 -42.562368 -45.370441 -48.416469 -50.508562 -50.250557 -49.343318 -50.465368 -47.789330 -43.500943 -41.695598 -42.728671 -48.023404 -55.772338 -51.940189 -54.352440 -47.095820 -41.880178 -42.076929 -46.789405 -48.478811 -48.847365 -50.307190 -48.923128 -52.569376 -54.345772 -47.280515 -46.653200 -53.763885 -64.215117 -64.574042 -63.516037 -63.611497 -67.804343 -72.130679 -70.803617 -71.362030 
-72.651625 -69.952811 -69.418682 -68.557511 -67.612497 -69.917141 -75.001925 -82.896301 -78.960323 -79.372472 -79.430394 -80.091328 -75.914764 -74.282901 -74.652713 -83.845073 -83.804838 -81.197670 -77.400832 -79.656838 -86.532043 -82.293038 -89.848278 -90.824608 -90.515729 -88.558559 -85.529213 -85.627679 -86.610564 -89.530424 -87.445503 -89.377032 -91.486206 -89.676291 -91.778103 -91.926258 -91.397258 -90.470262 -91.656819 -93.503378 
-110.940535 -110.940075 -110.939329 -110.938125 -110.936593 -110.934636 -110.932519 -110.930206 -110.927765 -110.925679 -110.924141 -110.923434 -110.923841 -110.925536 -110.928461 -110.932216 -110.936241 -110.939467 -110.940834 -110.939540 -110.935490 -110.929751 -110.924723 -110.923065 -110.926487 -110.933821 -110.940419 -110.940581 -110.932789 -110.923529 -110.923656 -110.935262 -110.943177 -110.932368 -110.919658 -110.934821 -110.942329 -110.927700 -111.333848 -113.150882 
NaN NaN NaN NaN NaN NaN NaN NaN NaN NaN NaN NaN NaN NaN NaN NaN NaN NaN NaN NaN NaN NaN NaN NaN NaN NaN NaN NaN NaN NaN NaN NaN NaN NaN NaN NaN NaN NaN NaN NaN 
NaN NaN NaN NaN NaN NaN NaN NaN NaN NaN NaN NaN NaN NaN NaN NaN NaN NaN NaN NaN NaN NaN NaN NaN NaN NaN NaN NaN NaN NaN NaN NaN NaN NaN NaN NaN NaN NaN NaN NaN 
NaN NaN NaN NaN NaN NaN NaN NaN NaN NaN NaN NaN NaN NaN NaN NaN NaN NaN NaN NaN NaN NaN NaN NaN NaN NaN NaN NaN NaN NaN NaN NaN NaN NaN NaN NaN NaN NaN NaN NaN 
NaN NaN NaN NaN NaN NaN NaN NaN NaN NaN NaN NaN NaN NaN NaN NaN NaN NaN NaN NaN NaN NaN NaN NaN NaN NaN NaN NaN NaN NaN NaN NaN NaN NaN NaN NaN NaN NaN NaN NaN 
