NaN NaN NaN NaN NaN NaN NaN NaN NaN NaN NaN NaN NaN NaN NaN NaN NaN NaN NaN NaN NaN NaN NaN NaN NaN NaN NaN NaN NaN NaN NaN NaN NaN NaN NaN NaN NaN NaN NaN NaN 
NaN NaN NaN NaN NaN NaN NaN NaN NaN NaN NaN NaN NaN NaN NaN NaN NaN NaN NaN NaN NaN NaN NaN NaN NaN NaN NaN NaN NaN NaN NaN NaN NaN NaN NaN NaN NaN NaN NaN NaN 
NaN NaN NaN NaN NaN NaN NaN NaN NaN NaN NaN NaN NaN NaN NaN NaN NaN NaN NaN NaN NaN NaN NaN NaN NaN NaN NaN NaN NaN NaN NaN NaN NaN NaN NaN NaN NaN NaN NaN NaN 
NaN NaN NaN NaN NaN NaN NaN NaN NaN NaN NaN NaN NaN NaN NaN NaN NaN NaN NaN NaN NaN NaN NaN NaN NaN NaN NaN NaN NaN NaN NaN NaN NaN NaN NaN NaN NaN NaN NaN NaN 
-41.015099 -42.168024 -43.611844 -42.781086 -41.358689 -43.517542 -50.557856 -47.806860 -47.128477 -53.696424 -47.323889 -46.991208 -51.037943 -49.189537 -53.931996 -56.804084 -54.336691 -50.344756 -50.896748 -45.674318 -52.342896 -55.967538 -56.129372 -51.734393 -52.945304 -60.087752 -58.468747 -58.547989 -61.131350 -58.030499 -58.922394 -60.520048 -63.508722 -59.775437 -64.894862 -66.711197 -66.210916 -62.010009 -64.110148 -66.727575 
-28.974801 -31.060165 -41.169033 -35.164510 -28.839771 -31.219490 -36.982334 -35.745396 -29.728789 -35.235702 -28.742642 -34.563860 -41.230547 -38.290974 -36.016879 -31.951582 -34.506314 -27.448394 -33.038011 -30.860729 -38.553686 -36.478692 -37.274293 -34.907311 -35.661619 -38.619915 -38.195192 -35.545419 -35.599276 -38.372110 -38.157367 -44.350064 -45.135114 -43.184918 -41.225292 -41.789997 -42.661562 -39.990166 -44.216201 -43.373692 
-28.461360 -33.946890 -40.634335 -39.279052 -34.506564 -38.874307 -31.776228 -29.057736 -27.739969 -28.825335 -19.472384 -25.718442 -31.297853 -35.040747 -28.384735 -24.976566 -23.520461 -21.339927 -29.419559 -24.395199 -27.517726 -29.030421 -28.322104 -30.060060 -26.956066 -25.522685 -30.492332 -28.599423 -30.764857 -28.751805 -28.334764 -32.470156 -33.018361 -34.364280 -32.887075 -32.188998 -32.411104 -34.457322 -34.438921 -31.186288 
-26.894277 -27.443598 -31.576900 -34.041691 -39.129561 -37.623256 -31.398331 -25.797873 -24.752617 -27.365141 -19.871328 -22.559394 -31.549736 -32.813276 -32.604549 -27.749067 -20.032816 -23.958569 -25.753265 -25.318664 -26.493026 -23.723452 -25.606359 -27.660766 -25.668237 -25.542922 -27.782868 -25.898106 -29.043995 -29.157753 -30.840981 -27.975782 -30.332737 -28.891909 -29.243994 -30.095832 -29.703879 -29.658974 -28.861861 -29.836482 
-33.112854 -24.309617 -25.123450 -36.877861 -34.239133 -29.476258 -27.447626 -25.979274 -30.899259 -21.152503 -22.517645 -34.560415 -37.791532 -34.907315 -34.707122 -28.892688 -26.134072 -27.665942 -24.911761 -28.495970 -26.753354 -31.712770 -35.595962 -32.300562 -29.853086 -31.362700 -33.203907 -31.374405 -31.487659 -31.201338 -34.539802 -30.800542 -30.596857 -30.159991 -30.005500 -29.985072 -29.004288 -29.463452 -28.194333 -29.032582 
-22.333835 -19.899402 -22.033489 -30.323172 -30.148446 -26.746291 -31.616060 -29.400454 -31.922020 -18.536125 -14.379097 -22.415666 -35.287504 -36.793403 -35.151422 -28.670776 -28.715452 -26.253930 -25.025065 -31.961809 -27.403401 -29.782370 -34.842475 -30.886589 -29.572809 -30.230008 -28.271315 -25.495165 -27.458698 -24.267554 -29.429521 -31.908996 -31.513492 -28.842363 -28.127085 -26.526903 -25.326694 -26.690095 -26.342717 -25.544803 
-20.457026 -21.133944 -21.472257 -27.140758 -30.114780 -30.838875 -26.577911 -25.687623 -27.291580 -16.047527 -18.680171 -26.950410 -27.087324 -28.858629 -33.923484 -25.732440 -17.395873 -19.902150 -25.569847 -24.888286 -24.975507 -24.855850 -28.872540 -24.367209 -24.266958 -23.126296 -26.004504 -26.966858 -25.230397 -23.005446 -27.474936 -29.453496 -28.200154 -25.291579 -25.997339 -24.609173 -24.695914 -24.906803 -27.910054 -26.831886 
-19.217585 -18.434329 -25.975982 -31.187115 -24.721362 -22.200348 -24.044501 -21.044150 -23.371340 -27.174775 -23.163258 -22.554383 -25.867599 -21.920909 -23.556977 -16.401314 -13.269982 -16.414000 -22.561717 -19.874061 -22.100191 -20.537111 -20.124695 -22.744351 -19.263901 -22.383191 -21.768074 -22.197864 -21.643827 -23.874565 -25.448152 -22.874910 -20.565809 -23.286765 -23.866575 -22.541279 -21.028397 -21.265580 -22.840927 -25.089634 
-24.483771 -21.209417 -27.214815 -25.212688 -21.831285 -16.549962 -10.456815 -9.773149 -17.347654 -16.799363 -17.193192 -27.841636 -32.613818 -27.349659 -22.482147 -12.236676 -10.733691 -17.573095 -17.419298 -13.269233 -15.771476 -19.902704 -20.036176 -19.552336 -16.964818 -17.871492 -21.022834 -18.597638 -19.577128 -15.944284 -19.472989 -20.963523 -19.461628 -22.142066 -21.109000 -19.166767 -17.613354 -18.688839 -21.982725 -20.886691 
-18.327176 -19.650669 -19.340982 -15.903913 -11.918234 -13.439574 -9.153754 -7.198750 -11.644525 -10.665045 -16.995798 -16.195428 -17.390678 -21.762911 -15.235944 -8.232894 -14.491118 -16.197233 -10.475273 -13.416820 -18.812398 -17.781022 -20.772061 -20.908717 -18.393070 -16.317784 -19.148384 -19.679171 -21.104815 -15.445497 -18.499750 -20.258140 -18.656996 -20.172437 -18.673050 -18.136806 -17.309621 -18.598902 -17.470701 -19.855500 
-15.835558 -10.393616 -2.867870 -4.755621 -9.383343 -8.591636 -14.085446 -16.029119 -12.540291 -15.051681 -21.082515 -19.678551 -20.263225 -22.184714 -14.966791 -11.189208 -10.817284 -13.442005 -15.831877 -19.440090 -19.382289 -18.160172 -17.894085 -20.908072 -18.753182 -20.785576 -23.285168 -22.613258 -21.123971 -19.721120 -21.465480 -20.158227 -19.415117 -18.797807 -19.266074 -17.654860 -18.455209 -19.692676 -21.610982 -22.119807 
-15.360095 1.227039 10.044505 9.302744 5.416024 8.332043 3.596114 2.193556 -3.641612 -8.833646 -6.842632 -9.880782 -9.841300 -12.130138 -16.135491 -17.874150 -17.169059 -22.800569 -21.324141 -23.131530 -21.806479 -20.723864 -22.576910 -25.245721 -26.079830 -26.429250 -24.147594 -25.524839 -28.440213 -26.428709 -22.350789 -21.633892 -20.371621 -20.016402 -16.590280 -15.859637 -17.084173 -16.894995 -20.395551 -25.726419 
-10.043373 3.041005 12.572027 7.049867 4.454274 14.785716 6.409125 10.165255 7.947538 -2.459367 -3.247622 -2.161406 -4.354419 -5.701513 -13.467952 -16.089269 -17.153821 -19.310401 -22.220076 -24.493686 -23.330352 -25.396480 -28.690892 -28.975098 -28.053994 -27.832447 -27.001749 -27.520441 -29.364335 -24.907735 -27.164471 -25.490085 -26.951390 -28.896881 -25.087787 -22.731469 -26.078200 -26.185741 -30.187696 -36.362316 
-14.457875 -0.681697 12.954262 10.897306 3.180679 16.844691 13.241436 12.278685 15.767051 2.189258 3.107760 2.554295 3.154977 -2.405565 -11.338497 -12.834532 -16.612454 -19.808435 -21.608332 -25.814451 -29.265373 -33.195308 -38.641555 -38.725148 -35.764595 -25.468155 -26.383560 -33.145173 -33.618375 -27.868560 -36.730074 -33.324084 -34.177575 -35.070283 -33.421971 -26.299660 -31.360866 -30.728849 -30.867065 -41.470905 
-17.860385 0.209947 13.713290 11.798755 3.500290 16.956893 11.658703 14.491933 22.133770 8.174470 7.468656 3.388240 7.569279 2.262170 -1.900990 -8.763352 -15.559440 -19.441927 -21.622963 -23.359610 -26.718550 -29.763041 -29.575417 -29.677917 -28.750935 -21.972609 -23.283485 -29.790390 -30.385548 -26.543673 -34.581770 -34.362413 -31.974252 -33.056152 -31.741516 -22.922739 -26.850548 -30.290353 -28.844281 -37.620981 
-20.083575 -1.147538 13.405935 11.285539 1.349101 15.464201 9.917054 15.908759 24.853849 12.421534 14.257299 6.605572 8.868883 8.097427 7.180605 -3.089241 -11.063207 -16.137224 -19.170994 -20.911100 -23.726586 -25.655307 -25.367718 -25.726167 -25.290818 -19.923779 -22.737897 -27.012307 -27.617056 -26.926088 -31.368130 -32.374800 -32.268379 -31.808007 -28.868871 -22.782369 -25.165330 -28.929959 -27.757323 -34.853955 
-19.211007 -1.372976 13.028453 12.188619 -1.033459 14.288926 11.486354 12.829288 22.671936 12.617263 20.400459 9.977368 10.299141 8.168126 10.525817 7.223516 2.099506 -4.129195 -9.574570 -12.920515 -17.167977 -21.931273 -23.181727 -21.647905 -19.173227 -14.773223 -18.473875 -24.430886 -25.648109 -24.453805 -34.237339 -38.010359 -33.514118 -31.860474 -25.953113 -20.380476 -21.921541 -26.531323 -25.780325 -40.799515 
-26.072384 -2.929749 12.541001 12.742915 -2.791190 12.230134 10.358047 8.376632 20.440303 11.335596 22.474714 13.968482 12.168529 2.919905 3.527098 7.504373 8.240453 8.152797 0.564540 -6.505847 -10.251861 -15.381595 -19.122969 -17.735402 -12.564085 -9.085172 -16.283881 -21.711657 -25.647221 -23.595786 -31.248146 -32.000619 -29.126595 -26.513682 -22.079610 -17.352681 -18.151405 -24.184741 -27.674345 -35.839618 
-23.158508 -4.220099 12.028031 11.985559 -4.343977 10.916769 8.986408 6.531363 17.312755 8.405405 23.649859 14.070878 15.115074 5.585068 4.622483 6.534817 8.503525 12.294711 7.686606 -0.177485 -4.444686 -9.154005 -13.166280 -11.871916 -7.381423 -5.337194 -13.176212 -16.964625 -21.080358 -19.034461 -27.597782 -29.293647 -25.623394 -23.501303 -17.951700 -11.188144 -10.448876 -18.450514 -23.335734 -32.824558 
-14.394166 -6.521849 10.977353 12.642534 -2.094992 7.826838 9.607608 3.622480 16.707656 8.994900 22.092596 15.227329 16.328113 8.909739 5.542401 5.356456 8.054237 12.959622 10.812958 3.665221 -2.583736 -6.466616 -8.917677 -8.869474 -4.794412 -2.890703 -10.169428 -15.018660 -17.119817 -17.406404 -27.229148 -30.024389 -23.775054 -21.106099 -14.900807 -8.431277 -8.649781 -16.475535 -22.602678 -33.010997 
-17.777689 -10.812599 9.444237 13.120525 -1.717581 3.948975 9.597442 -0.524887 16.328101 9.233849 19.927337 17.289299 14.232187 11.179386 5.114862 2.766141 6.403976 13.385580 10.249729 5.968821 -1.339713 -6.000611 -7.493274 -6.163529 -4.916073 -6.593883 -12.009101 -14.533954 -17.971224 -17.641774 -24.656773 -27.873059 -22.658664 -21.044842 -15.069456 -8.642716 -7.980373 -16.721214 -21.133763 -29.721524 
-23.367526 -16.927740 8.681331 14.011978 0.265323 3.850052 11.419676 -0.219158 14.872206 12.352721 16.279791 18.792280 11.717202 13.535590 5.218281 3.152494 7.010526 13.076731 10.913691 7.728606 1.820054 -4.233020 -7.606340 -4.729967 -3.232010 -5.208382 -12.441662 -14.941112 -16.234891 -16.891519 -24.441458 -28.425703 -24.983760 -20.223868 -13.060721 -7.420324 -8.181960 -17.824029 -21.662204 -29.569159 
-30.274823 -13.303550 9.882052 15.459564 2.699711 5.035566 13.130435 0.164942 13.300352 13.980857 11.585828 19.235850 8.959311 14.598349 5.488533 4.946760 7.920719 10.576041 11.797357 6.785119 1.046101 -4.017704 -8.329249 -6.489805 -5.012794 -7.485041 -12.654442 -16.849342 -17.663739 -16.681168 -27.692031 -32.270638 -26.176113 -22.031010 -13.689119 -7.407443 -7.532113 -17.800045 -23.523399 -31.286681 
-23.135915 -12.542326 10.966586 16.075967 3.370244 4.529134 13.127870 0.298229 13.721523 13.955532 11.418908 18.643420 8.084771 13.723901 5.113088 4.527368 7.058314 9.215954 11.253451 8.890364 2.399685 -3.032153 -7.311153 -6.001891 -4.840362 -8.011033 -11.866652 -16.623583 -18.626686 -17.214761 -26.344646 -33.085967 -25.895824 -21.060468 -14.433179 -9.067350 -9.564927 -19.383622 -25.856414 -33.685849 
-25.267622 -10.247412 10.669147 15.797316 1.593769 5.738732 13.060471 -1.189247 14.521172 12.823371 12.559667 18.043222 9.194299 12.806378 5.042259 3.744576 6.079097 9.084040 9.461220 9.650600 2.293285 -3.819270 -7.246654 -4.114666 -5.068711 -8.731580 -12.859429 -16.817235 -17.462809 -17.822181 -28.324996 -32.998299 -25.966275 -22.796141 -14.664266 -9.443005 -10.009504 -20.360859 -23.771012 -31.512723 
-28.660842 -12.930156 10.721984 16.197038 3.245837 4.663901 13.394391 0.285178 14.252384 14.525529 11.617190 18.829013 8.776084 13.561078 4.598959 4.456544 6.911281 10.216930 10.122774 7.404989 1.210394 -3.676650 -7.103693 -4.710141 -6.349700 -10.823105 -14.210694 -17.725326 -17.983197 -17.427814 -27.182831 -29.436581 -25.295071 -22.407549 -14.839806 -8.451089 -9.203225 -19.080270 -24.656677 -31.625725 
-20.376704 -12.668072 11.264186 16.521900 3.536087 5.429348 13.589172 0.913242 14.772479 14.847038 11.664799 19.135597 9.076943 13.755533 5.593095 5.417932 8.937486 11.021464 9.676635 4.061942 -0.658746 -3.888992 -7.128064 -5.498319 -8.362104 -13.477815 -16.508313 -19.439021 -19.212369 -17.049579 -29.698469 -35.745853 -28.738511 -23.466252 -15.805408 -8.903018 -9.582296 -20.068902 -25.010630 -37.393360 
-17.539798 -7.809442 11.939514 15.800617 2.699977 8.108609 12.626441 1.727924 16.248087 12.282833 16.557840 18.368830 13.114283 12.713474 7.136827 6.642978 10.596219 13.520204 8.117884 2.511633 -0.778214 -5.461803 -6.678900 -2.050512 -7.069599 -12.942377 -16.003558 -16.774852 -15.596098 -15.845131 -29.236018 -35.565394 -29.284184 -23.702017 -16.680648 -10.481364 -10.850436 -21.432858 -24.925795 -36.676236 
-18.796638 -4.787356 12.220285 13.266658 -1.244664 9.893012 9.212697 3.522410 16.644513 8.124142 20.413808 14.776071 16.089199 9.104694 6.955430 10.708323 11.604628 14.835193 5.853149 -0.767033 -3.896898 -5.738224 -4.604946 -3.310431 -9.276049 -16.008981 -17.811401 -17.978630 -17.407633 -16.027205 -33.035943 -38.524976 -32.676631 -28.148195 -20.688070 -14.124514 -15.716255 -25.549734 -26.665888 -38.946019 
-24.012054 -1.233794 12.416715 10.032964 -0.204165 12.701839 7.310155 8.915786 14.874572 11.975522 20.141376 11.011659 14.727147 8.778724 7.702041 12.854922 11.897487 9.897258 3.598410 -3.294039 -7.517712 -9.149428 -8.037899 -4.992785 -12.258462 -20.370161 -22.460337 -21.412584 -19.357985 -24.943208 -38.170504 -44.039966 -39.948492 -32.592294 -24.791802 -16.233592 -16.100658 -23.610754 -27.828609 -40.107732 
-23.012993 1.196626 13.362544 9.382432 6.567599 15.977938 8.048472 13.292470 11.820506 17.497278 17.659509 15.448441 11.799726 12.248084 10.427047 12.839856 12.586721 8.532379 4.110438 -1.173354 -5.089946 -6.635479 -6.788946 -3.567481 -9.202151 -18.097808 -20.311852 -19.719741 -17.481156 -22.152720 -34.613056 -41.086692 -35.738201 -27.498983 -21.849888 -14.540439 -16.109591 -23.519018 -26.505529 -38.722412 
-15.721006 3.431892 13.875589 8.570751 11.498792 16.992137 7.869019 14.355418 10.491898 20.591096 15.574140 15.726101 11.574043 11.176870 10.649912 14.990970 9.206198 4.327019 0.062103 -4.829261 -8.573503 -10.329066 -8.168410 -6.513929 -11.278809 -19.016867 -23.443639 -20.277182 -18.650519 -21.617299 -31.902576 -33.939380 -32.150935 -28.889252 -24.199945 -15.201648 -16.137076 -24.167377 -26.546213 -35.078117 
-15.337280 5.280883 13.084182 7.488164 15.038475 15.145151 9.535990 13.158660 15.694810 19.137414 17.692686 14.555849 12.595947 11.340821 12.676960 13.004976 1.183523 -3.741461 -6.674288 -9.780566 -12.638950 -14.572488 -14.139254 -9.433598 -16.579894 -26.112698 -25.458563 -21.362260 -22.162452 -26.189599 -36.566519 -38.776962 -38.090089 -34.958141 -29.266553 -21.024849 -21.864637 -27.431146 -27.204059 -37.773388 
-11.956444 5.924906 9.663896 6.141815 16.972832 12.552671 12.430573 11.323371 18.525430 13.928272 18.342630 12.547924 11.971866 12.819590 9.134119 3.760699 -2.669309 -8.450925 -10.425057 -13.869006 -15.916528 -17.402912 -14.609282 -11.280873 -18.370455 -24.687449 -24.309922 -20.169723 -20.522932 -25.928598 -30.050301 -30.503064 -30.633980 -31.130752 -30.986795 -24.239057 -26.105911 -27.477717 -25.322821 -32.673233 
-10.300964 6.836801 8.697827 8.647266 17.661806 10.849581 13.008367 13.910306 19.684742 16.756625 14.156173 12.063023 13.190057 8.634371 4.004107 -0.875985 -6.911713 -10.806127 -14.043650 -16.116594 -18.364878 -17.913159 -15.888258 -11.350068 -20.182189 -27.361941 -28.447124 -21.542527 -24.811138 -32.682225 -43.328792 -43.955077 -42.053019 -45.161359 -41.878597 -27.600694 -31.274071 -33.339066 -30.278037 -44.973976 
-8.376416 8.406089 9.793889 11.462049 16.526746 10.954913 12.178833 16.934570 18.396077 16.876032 13.531210 12.401669 13.368694 5.428924 -0.606484 -4.793150 -10.154157 -14.493537 -16.039604 -18.282907 -21.701591 -21.194159 -17.451134 -13.687128 -21.055753 -30.569870 -31.016017 -23.644356 -26.400247 -34.520010 -42.909386 -44.169045 -42.634882 -44.831601 -40.009023 -27.172208 -29.847755 -32.350469 -30.254184 -44.033401 
-6.190908 9.678204 9.952448 12.488031 16.292569 10.891892 11.656057 18.023436 15.783469 15.389644 12.618571 11.845024 11.445094 0.646013 -5.972676 -8.913459 -13.007548 -16.419630 -19.092519 -22.045711 -26.184330 -26.370006 -23.701012 -19.526813 -21.573042 -31.272584 -32.624461 -27.843631 -28.946679 -33.835910 -34.905444 -35.398572 -35.690801 -36.811932 -35.446887 -25.588499 -29.091502 -30.672568 -28.343933 -37.336435 
-4.163587 10.692699 11.020338 12.935806 16.296412 11.282908 13.049816 19.201702 16.781913 14.537866 12.634560 11.701320 10.289780 -0.682084 -6.820127 -9.454121 -14.072157 -16.179176 -19.445933 -24.455137 -25.857860 -27.242297 -25.818568 -17.948703 -20.515430 -29.765225 -30.034583 -26.276773 -29.668228 -34.763344 -37.391333 -37.622739 -36.457190 -38.428477 -37.013790 -26.831519 -30.977313 -30.627682 -29.089661 -40.551221 
-4.000854 11.183395 11.149737 13.865780 15.331471 11.891113 12.817680 20.733202 16.165260 13.745266 13.148273 11.577584 10.808270 -1.810937 -6.888849 -9.190701 -13.627244 -16.833471 -19.630346 -21.556109 -23.601758 -23.527531 -21.342418 -17.622641 -21.581742 -30.091516 -29.777414 -23.846688 -26.835115 -32.838218 -34.705156 -34.998249 -34.462953 -36.066564 -35.935642 -27.651645 -30.834685 -32.084772 -29.310579 -37.399281 
-2.692456 11.813197 10.794923 14.175344 14.665796 11.672891 12.324889 21.086927 16.025685 13.043312 13.060400 11.892728 8.853413 0.430863 -4.170977 -7.704008 -13.609441 -16.853167 -20.133447 -22.959576 -24.067914 -22.393685 -18.048035 -19.752422 -26.878489 -32.405499 -31.862279 -24.313166 -26.800274 -36.685057 -42.819059 -43.011269 -38.850899 -44.641589 -42.020648 -31.502303 -33.700600 -32.189042 -29.864726 -45.053205 
-1.768531 12.319435 10.613247 14.550339 14.555261 12.147282 12.727905 19.954588 15.484100 13.367883 12.159749 9.445521 7.852079 4.395353 -2.590848 -7.491843 -12.602466 -15.624672 -17.408390 -20.123358 -20.355036 -17.314768 -17.906409 -26.002013 -29.490546 -32.618091 -32.648283 -24.629193 -27.862017 -38.012671 -43.151882 -40.929762 -36.834201 -44.534027 -43.863314 -30.964555 -33.400004 -34.293460 -32.242740 -44.639983 
-1.131762 12.582418 10.039254 14.350106 13.522402 11.882871 12.721169 18.585288 15.263327 13.514590 10.450575 5.844270 7.929106 8.480550 -0.443085 -7.153202 -12.553898 -15.080888 -12.389100 -11.487784 -14.482864 -13.666719 -18.978150 -27.756965 -31.877713 -34.356217 -33.635988 -27.560478 -30.651439 -40.642404 -44.733540 -43.797552 -36.466600 -46.259669 -45.541027 -30.093986 -32.845163 -39.728009 -38.127194 -48.735081 
-0.953746 11.779847 8.572899 13.139971 12.138140 10.242956 10.905459 16.328899 15.680072 12.545349 7.928723 2.482157 3.634251 3.138222 -1.195986 -9.241540 -13.719667 -9.727779 -4.072990 -3.761456 -8.985736 -11.856874 -13.496850 -24.614753 -26.296167 -28.141103 -28.101978 -24.122813 -26.999297 -31.753024 -32.595313 -32.972785 -30.801071 -33.407338 -34.043344 -31.170696 -33.365296 -34.446076 -32.791570 -35.579592 
-3.307855 10.836969 7.519909 11.689824 9.812455 8.365803 8.122401 8.550930 9.161761 6.411046 3.060220 -2.754441 -5.661146 -7.427270 -10.747817 -9.761603 -6.259176 -0.902838 2.046079 -0.830553 -4.313909 -6.881641 -15.109069 -22.695695 -26.719514 -29.125393 -27.587547 -24.203155 -28.249744 -38.803261 -47.194349 -42.480465 -34.275586 -40.533134 -43.067454 -32.410986 -32.717441 -38.745794 -39.443600 -47.956353 
-2.249086 10.595431 7.298328 11.337700 9.092732 7.050813 5.909227 9.802289 13.291912 9.316019 3.606109 -5.708736 -8.400748 -8.757779 -10.768495 -9.308507 -5.799922 1.547286 5.322477 0.088028 -1.761091 -4.160920 -14.291260 -24.052202 -27.697787 -29.844870 -28.212510 -22.867335 -26.608277 -38.864485 -48.346096 -43.454770 -30.809333 -41.554567 -45.604737 -30.215394 -29.997696 -37.990427 -39.251456 -49.015211 
-2.085123 9.960471 7.646734 10.781684 8.265978 6.712652 5.062028 5.653884 9.228311 5.806224 1.724293 -6.798948 -8.047227 -8.195858 -10.047739 -7.419071 -3.813113 0.867885 1.337319 -2.414491 -3.870210 -11.073914 -24.015506 -29.497444 -30.991897 -32.322666 -31.703846 -30.228494 -32.403407 -35.956144 -36.670603 -36.856783 -32.573740 -37.155302 -38.084440 -34.371531 -33.248812 -37.045973 -35.930443 -39.373619 
-3.146040 9.522375 8.001770 11.066394 9.655486 7.844364 6.700067 8.668886 12.160171 7.669819 4.287724 -4.250463 -5.996999 -5.449624 -5.938325 -3.095212 0.693694 5.592614 5.933145 3.336930 2.016478 -8.361687 -20.804965 -27.075021 -29.149189 -30.191145 -29.956187 -24.955020 -28.168373 -39.161751 -44.099844 -41.488409 -32.566447 -41.739086 -45.980953 -38.254829 -37.408514 -40.027273 -37.557519 -47.972492 
-4.399086 9.116351 7.776803 10.962683 9.589011 6.888508 5.754746 7.895138 12.313373 8.981606 3.060288 -5.130451 -6.286151 -6.388537 -6.315197 -4.055218 -0.507279 6.353181 6.715921 1.032799 1.558657 -10.361390 -23.272375 -28.970971 -30.468965 -32.681605 -31.960123 -26.977697 -30.396958 -42.540644 -48.021375 -43.027849 -33.462272 -46.434463 -49.376675 -42.639095 -40.731300 -45.149167 -42.516376 -54.159522 
-2.752945 8.457496 7.982816 10.284851 10.249569 6.805949 6.011211 8.031235 9.173297 6.962505 0.331477 -7.479732 -8.288533 -8.115665 -8.022518 -6.778876 -3.446205 2.905089 4.459392 0.239984 -3.287672 -13.611396 -28.268100 -34.418888 -35.409619 -36.876803 -37.311061 -32.183690 -33.422353 -43.616343 -49.856827 -45.345127 -37.220109 -47.615355 -51.041069 -39.068356 -35.222792 -40.389050 -43.098655 -51.122818 
-5.076181 3.508827 2.357347 -0.888616 -0.665327 -1.516785 -9.069066 0.315523 3.293372 -0.209783 -11.550542 -16.468354 -18.000398 -17.290068 -16.497012 -15.429343 -13.293229 -5.303992 -3.747002 -8.520126 -9.313221 -22.816727 -34.734476 -42.765812 -44.381235 -46.021372 -44.223290 -38.158269 -40.675539 -48.427902 -51.779711 -50.579029 -41.981613 -49.846827 -53.208833 -42.704036 -41.393530 -43.818753 -41.477482 -52.848884 
-3.807152 6.070245 5.942495 7.169424 7.761112 4.488730 4.493658 8.347897 11.414170 9.554622 1.893759 -4.802285 -6.912645 -7.817853 -8.617024 -5.526636 -1.378744 5.085444 5.212814 3.528129 -1.167057 -15.286586 -25.984150 -32.711043 -35.894202 -37.108054 -35.799109 -30.733920 -33.344390 -42.975191 -48.722809 -47.506918 -37.543544 -48.944578 -53.279077 -44.159218 -42.252107 -46.562485 -44.361134 -52.755329 
-9.482473 4.631767 3.468586 4.424016 4.915770 -3.503720 -5.941987 0.070508 0.251405 0.875783 -7.984786 -15.248462 -22.088752 -20.969710 -20.254281 -17.963787 -14.265422 -4.221570 -6.424008 -9.678210 -13.091972 -30.327491 -40.027845 -44.017761 -46.325403 -48.828079 -46.989857 -39.827770 -40.911548 -53.280010 -55.018687 -53.976491 -45.340827 -54.318477 -56.649392 -47.050120 -46.462029 -47.813075 -46.270608 -55.127352 
-9.167888 3.553245 6.063894 3.186923 4.976243 0.773376 -0.279912 2.854162 1.500214 1.479369 -4.166270 -9.646417 -13.655127 -14.403689 -14.926799 -13.499953 -9.759867 -5.578523 -5.659747 -5.142461 -12.040250 -24.321509 -35.620615 -40.910688 -40.833653 -43.910197 -44.797731 -41.888649 -42.188772 -48.096001 -48.105148 -47.463248 -44.057390 -49.075123 -49.714458 -44.241586 -40.526836 -41.049806 -42.577889 -50.454864 
-4.770447 5.056257 1.218102 1.735938 4.065791 -2.818400 -1.833616 4.219977 6.626840 3.596391 -3.521159 -10.812781 -14.254876 -14.999702 -17.777972 -13.479212 -10.155494 -3.065545 -1.031860 -2.010180 -9.242552 -24.828792 -36.003581 -41.999022 -42.222409 -45.329539 -46.555387 -43.308941 -45.446483 -50.013846 -54.653254 -51.338690 -40.433739 -53.065186 -55.893312 -44.848416 -40.028190 -41.528176 -42.073185 -56.812357 
-8.151818 1.481161 5.078064 -1.040875 2.244197 -3.361807 -4.874121 -0.684733 1.066669 -0.120050 -5.956095 -9.453889 -11.638834 -14.024505 -15.353763 -11.458948 -9.048846 -4.902772 -1.757053 -4.854990 -12.122298 -26.139838 -36.574230 -41.086215 -44.760592 -46.072369 -44.642700 -42.342713 -44.495690 -50.610913 -53.607749 -53.164942 -47.447767 -52.591514 -54.351925 -47.653413 -47.388364 -47.161715 -46.609810 -54.470491 
-11.721813 1.361178 2.324391 -1.809391 1.554544 -2.673744 -5.588816 -6.942770 -1.658317 -7.350000 -14.072448 -17.124305 -19.684185 -24.559730 -25.976189 -20.937055 -18.519330 -10.562689 -7.018300 -10.338785 -17.134640 -33.008157 -45.808568 -48.413394 -51.868082 -51.198644 -50.504421 -47.385549 -48.283791 -53.632170 -59.013237 -59.177996 -53.707613 -56.973237 -58.375121 -51.839898 -48.111514 -50.486214 -49.239293 -57.702728 
-16.405124 -6.506863 2.120111 -0.482247 -1.480997 -5.143893 -10.485047 -8.451204 -8.349542 -10.669981 -13.284435 -18.339218 -21.340307 -23.504698 -25.985430 -24.608687 -19.570566 -13.039068 -13.844778 -14.001264 -22.538492 -38.398270 -43.731024 -47.101701 -47.360772 -49.589839 -48.352030 -44.109533 -45.074164 -50.175157 -52.464957 -53.369814 -52.148771 -54.096062 -54.752921 -51.431697 -48.774589 -46.050319 -47.520458 -53.451077 
-9.269512 -2.972431 -1.292356 -1.686302 -1.551606 -4.371352 -9.245916 -6.675363 -5.085549 -7.790257 -10.537647 -15.816009 -22.131884 -23.081311 -26.175209 -21.783844 -17.622392 -10.510607 -8.936803 -13.152445 -19.856808 -35.018329 -43.953929 -50.393307 -48.530834 -47.359984 -48.311296 -43.472927 -49.349256 -54.158871 -58.351902 -56.849728 -54.583334 -56.938278 -60.583182 -51.964800 -47.948281 -51.987560 -50.022479 -58.412727 
-14.829330 -6.007757 -1.485466 -6.359236 -6.899002 -13.765511 -17.432560 -23.315621 -18.934791 -22.246125 -22.815578 -23.179135 -25.098505 -28.787098 -29.026958 -26.698369 -21.407344 -16.316679 -14.133286 -15.007444 -20.240954 -30.917560 -40.473063 -46.636365 -44.610197 -44.737085 -45.908519 -42.227238 -46.357295 -55.462483 -59.996281 -56.944313 -49.855823 -54.330757 -58.493286 -55.753541 -51.349116 -47.195995 -46.613023 -59.439358 
-15.265418 -2.653129 -1.245714 -6.742065 -5.230914 -8.078168 -16.699228 -16.015074 -13.340096 -16.500650 -16.373898 -22.866459 -20.939096 -21.658257 -28.209441 -23.733184 -18.395963 -9.459517 -3.650068 -5.826171 -13.480759 -21.579328 -33.798934 -39.904990 -42.495601 -47.102276 -42.260534 -38.657701 -44.756427 -50.102679 -55.974061 -52.916854 -45.340241 -51.712895 -58.366580 -57.632341 -54.389068 -48.826879 -47.965576 -59.176376 
-14.136276 -7.370945 -5.012764 -13.456963 -16.455244 -17.182101 -21.569530 -21.517194 -24.926924 -25.852456 -21.973842 -31.848723 -25.460654 -29.494699 -30.226022 -31.508451 -28.659289 -23.837653 -14.494171 -16.211542 -23.094449 -25.815970 -32.314860 -40.171314 -40.273345 -47.168506 -43.516247 -42.912826 -45.196184 -48.510184 -50.213791 -51.863418 -46.672926 -52.435355 -57.292253 -57.079484 -55.945249 -55.487230 -54.337844 -58.791367 
-14.574489 -13.404433 -14.302093 -20.548790 -28.909042 -34.170219 -35.936870 -26.109825 -23.157585 -25.221384 -32.229281 -32.807675 -33.451739 -40.220423 -44.351895 -49.817804 -43.286420 -36.646514 -22.203969 -26.038634 -28.208371 -32.235784 -43.417623 -47.441836 -54.404991 -52.766533 -53.948282 -52.713999 -53.439632 -56.383552 -59.025188 -61.129689 -53.960906 -60.688005 -64.131520 -65.741376 -66.025071 -64.378184 -65.248136 -66.562040 
-58.876925 -56.377558 -52.698888 -51.849502 -49.862378 -49.650950 -49.373276 -49.583624 -50.968586 -52.534097 -55.469372 -59.627125 -65.139072 -67.001189 -68.534005 -63.876127 -60.152791 -57.994851 -56.779588 -55.621258 -55.224405 -56.964100 -61.696116 -68.067387 -68.424912 -69.109523 -69.074586 -70.801337 -76.086024 -74.723265 -74.936416 -76.444528 -75.601870 -77.541532 -76.588207 -78.205768 -77.494226 -78.516048 -79.125479 -79.595230 
-65.495633 -64.182695 -65.132198 -67.157143 -67.931773 -66.458761 -69.753689 -69.501713 -72.555870 -80.378549 -70.433619 -71.086513 -73.059375 -74.067787 -80.107751 -80.316521 -81.900795 -78.919835 -77.244701 -74.593452 -79.340875 -80.922399 -86.043388 -83.085016 -83.211084 -80.022628 -83.773749 -84.412939 -88.432558 -89.317883 -87.301204 -86.523276 -88.638474 -93.294803 -86.223138 -89.977713 -88.418734 -89.369217 -89.965129 -92.809086 
-69.329767 -69.461530 -69.679605 -70.051369 -70.561439 -71.289954 -72.202321 -73.417405 -75.113813 -77.284041 -80.202157 -84.388456 -90.000718 -92.393632 -88.733710 -85.614978 -83.214621 -81.134095 -79.447738 -78.508474 -78.721868 -80.759609 -85.948667 -88.455858 -82.087578 -79.323160 -79.797704 -83.368026 -89.056000 -90.824690 -89.421312 -86.835311 -88.915448 -93.287354 -89.468403 -93.555390 -89.060152 -91.257430 -87.778936 -93.038093 
-149.162022 -149.157363 -149.149671 -149.136868 -149.119841 -149.096595 -149.069117 -149.035272 -148.992602 -148.944933 -148.891205 -148.830408 -148.766278 -148.697750 -148.626605 -148.555921 -148.484775 -148.415930 -148.348555 -148.281285 -148.209245 -148.124443 -148.017743 -147.873256 -147.676938 -147.418999 -147.097588 -146.724410 -146.316841 -145.898769 -145.483431 -145.060922 -144.575436 -143.923749 -143.004501 -141.807511 -140.445631 -139.107440 -137.981115 -137.220198 
NaN NaN NaN NaN NaN NaN NaN NaN NaN NaN NaN NaN NaN NaN NaN NaN NaN NaN NaN NaN NaN NaN NaN NaN NaN NaN NaN NaN NaN NaN NaN NaN NaN NaN NaN NaN NaN NaN NaN NaN 
NaN NaN NaN NaN NaN NaN NaN NaN NaN NaN NaN NaN NaN NaN NaN NaN NaN NaN NaN NaN NaN NaN NaN NaN NaN NaN NaN NaN NaN NaN NaN NaN NaN NaN NaN NaN NaN NaN NaN NaN 
NaN NaN NaN NaN NaN NaN NaN NaN NaN NaN NaN NaN NaN NaN NaN NaN NaN NaN NaN NaN NaN NaN NaN NaN NaN NaN NaN NaN NaN NaN NaN NaN NaN NaN NaN NaN NaN NaN NaN NaN 
NaN NaN NaN NaN NaN NaN NaN NaN NaN NaN NaN NaN NaN NaN NaN NaN NaN NaN NaN NaN NaN NaN NaN NaN NaN NaN NaN NaN NaN NaN NaN NaN NaN NaN NaN NaN NaN NaN NaN NaN 
NaN NaN NaN NaN NaN NaN NaN NaN NaN NaN NaN NaN NaN NaN NaN NaN NaN NaN NaN NaN NaN NaN NaN NaN NaN NaN NaN NaN NaN NaN NaN NaN NaN NaN NaN NaN NaN NaN NaN NaN 
NaN NaN NaN NaN NaN NaN NaN NaN NaN NaN NaN NaN NaN NaN NaN NaN NaN NaN NaN NaN NaN NaN NaN NaN NaN NaN NaN NaN NaN NaN NaN NaN NaN NaN NaN NaN NaN NaN NaN NaN 
NaN NaN NaN NaN NaN NaN NaN NaN NaN NaN NaN NaN NaN NaN NaN NaN NaN NaN NaN NaN NaN NaN NaN NaN NaN NaN NaN NaN NaN NaN NaN NaN NaN NaN NaN NaN NaN NaN NaN NaN 
NaN NaN NaN NaN NaN NaN NaN NaN NaN NaN NaN NaN NaN NaN NaN NaN NaN NaN NaN NaN NaN NaN NaN NaN NaN NaN NaN NaN NaN NaN NaN NaN NaN NaN NaN NaN NaN NaN NaN NaN 
