NaN NaN NaN NaN NaN NaN NaN NaN NaN NaN NaN NaN NaN NaN NaN NaN NaN NaN NaN NaN NaN NaN NaN NaN NaN NaN NaN NaN NaN NaN NaN NaN NaN NaN NaN NaN NaN NaN NaN NaN 
NaN NaN NaN NaN NaN NaN NaN NaN NaN NaN NaN NaN NaN NaN NaN NaN NaN NaN NaN NaN NaN NaN NaN NaN NaN NaN NaN NaN NaN NaN NaN NaN NaN NaN NaN NaN NaN NaN NaN NaN 
NaN NaN NaN NaN NaN NaN NaN NaN NaN NaN NaN NaN NaN NaN NaN NaN NaN NaN NaN NaN NaN NaN NaN NaN NaN NaN NaN NaN NaN NaN NaN NaN NaN NaN NaN NaN NaN NaN NaN NaN 
NaN NaN NaN NaN NaN NaN NaN NaN NaN NaN NaN NaN NaN NaN NaN NaN NaN NaN NaN NaN NaN NaN NaN NaN NaN NaN NaN NaN NaN NaN NaN NaN NaN NaN NaN NaN NaN NaN NaN NaN 
NaN NaN NaN NaN NaN NaN NaN NaN NaN NaN NaN NaN NaN NaN NaN NaN NaN NaN NaN NaN NaN NaN NaN NaN NaN NaN NaN NaN NaN NaN NaN NaN NaN NaN NaN NaN NaN NaN NaN NaN 
NaN NaN NaN NaN NaN NaN NaN NaN NaN NaN NaN NaN NaN NaN NaN NaN NaN NaN NaN NaN NaN NaN NaN NaN NaN NaN NaN NaN NaN NaN NaN NaN NaN NaN NaN NaN NaN NaN NaN NaN 
NaN NaN NaN NaN NaN NaN NaN NaN NaN NaN NaN NaN NaN NaN NaN NaN NaN NaN NaN NaN NaN NaN NaN NaN NaN NaN NaN NaN NaN NaN NaN NaN NaN NaN NaN NaN NaN NaN NaN NaN 
-83.602064 -82.452360 -82.441736 -84.620162 -90.092506 -97.176522 -96.747815 -97.245535 -89.906750 -87.020602 -87.597547 -86.146905 -86.395004 -92.052777 -95.292269 -98.630924 -93.338804 -90.632962 -89.187471 -89.553413 -88.807756 -90.339908 -95.512400 -96.512162 -92.480522 -94.601557 -97.773106 -94.283618 -92.916442 -94.388070 -97.756915 -101.511494 -100.491482 -97.294729 -99.176100 -93.256033 -94.747113 -98.670088 -101.402009 -102.605011 
-58.392313 -63.588333 -59.414021 -63.586689 -76.690556 -72.414921 -69.844577 -71.126308 -73.533496 -77.846131 -75.622568 -73.511136 -73.454398 -82.045991 -79.297393 -77.831028 -81.177675 -76.421750 -79.127519 -79.337483 -76.792457 -79.390506 -85.320271 -83.672888 -79.971921 -82.371188 -84.755696 -83.398206 -82.131785 -83.876413 -87.268214 -83.069838 -81.530149 -83.224033 -82.861358 -79.451219 -81.247040 -81.125099 -82.534736 -85.751603 
-48.862119 -46.892926 -49.477880 -60.441263 -64.698533 -67.035639 -71.213183 -67.670207 -71.190472 -72.382537 -69.433410 -75.859206 -73.436950 -76.494701 -83.008800 -77.825601 -76.488607 -72.472611 -82.009879 -81.580809 -79.855959 -81.228784 -77.613284 -76.497296 -80.760468 -79.975769 -81.804484 -82.332229 -81.113248 -81.929119 -82.704433 -80.868416 -79.292726 -83.301621 -82.415433 -82.562218 -80.440136 -81.775078 -80.319349 -81.106000 
-38.130363 -48.269132 -58.873742 -56.382735 -60.474026 -68.274565 -72.219948 -66.380369 -68.626130 -73.124925 -71.251309 -73.202944 -76.356525 -81.591126 -81.701431 -75.016747 -75.239254 -80.151240 -75.932270 -75.277091 -75.550007 -76.372439 -74.778533 -74.410568 -79.267838 -79.885971 -80.464141 -80.955922 -77.719975 -78.045374 -77.190117 -79.588667 -76.585817 -78.848915 -78.555612 -82.220215 -78.320017 -79.012578 -80.575339 -83.383023 
-37.275756 -53.536766 -56.491311 -54.913536 -60.412236 -65.203684 -67.530736 -69.583283 -69.575764 -70.142450 -73.715047 -75.344813 -75.975128 -79.699314 -72.839557 -75.600481 -81.925806 -80.751847 -75.368402 -75.058995 -81.631845 -79.824639 -81.680821 -75.875215 -78.067772 -79.604532 -81.854579 -79.857087 -79.021563 -74.790332 -77.759028 -77.619045 -79.705818 -77.894108 -78.537295 -78.195682 -78.492848 -77.199437 -77.769094 -79.908386 
-23.727771 -26.332369 -25.455259 -25.823165 -26.114466 -27.177311 -28.738125 -31.193978 -35.599237 -39.352796 -36.877815 -33.324464 -31.323734 -30.256338 -29.523604 -28.829221 -28.450397 -28.999267 -30.910971 -34.245257 -38.435260 -42.570413 -47.649515 -54.535609 -58.180528 -53.639664 -52.470168 -60.336893 -65.653938 -62.239126 -55.550999 -51.453777 -54.860016 -50.045203 -54.308652 -61.822593 -62.690135 -62.391344 -58.063859 -62.440407 
-7.040030 -5.682255 -7.380686 -11.054908 -9.355606 -7.231862 -4.727251 -10.618048 -26.925318 -24.696773 -16.997945 -15.924277 -13.212977 -10.433376 -11.444208 -9.854321 -7.157388 -9.636154 -10.242121 -12.724842 -15.193274 -19.862723 -26.367038 -30.376459 -32.631398 -30.826646 -33.148934 -34.689731 -41.006185 -40.669537 -36.617229 -31.020753 -31.300961 -28.522146 -30.491556 -34.437316 -36.324365 -31.884413 -29.307756 -33.149903 
-9.856739 -13.057187 -10.313936 -13.402108 -12.527400 -8.606936 -2.378524 -7.464313 -14.763736 -20.151080 -22.789388 -16.550459 -8.518419 -8.141128 -6.676981 -7.422662 -5.518453 -2.534038 -2.913515 -3.607799 -12.137555 -15.928860 -19.080844 -23.751296 -26.497599 -27.040895 -25.461078 -29.715041 -30.292504 -30.807293 -32.451199 -27.562207 -22.927272 -21.773827 -21.361004 -29.769706 -32.988454 -24.372523 -22.210493 -25.072170 
-10.469065 -0.587308 0.710238 5.648051 6.240223 -1.742482 -2.861185 1.607879 -6.610082 -18.072188 -13.784657 -18.959031 -18.458099 -16.180350 -11.249162 -9.346483 -7.056862 -5.417304 -5.552033 -5.939398 -12.808356 -12.941533 -14.029147 -18.216832 -20.914711 -28.529295 -25.914865 -26.713038 -28.660717 -26.424886 -23.976035 -22.353763 -20.878519 -23.404772 -24.631373 -30.421584 -26.587931 -24.304489 -21.247825 -22.424673 
-8.255919 -14.388603 7.709341 18.184482 13.994673 7.322726 16.774251 16.274445 0.757400 -1.833735 -9.526857 -7.268410 -12.605500 -12.637908 -12.901807 -12.852557 -9.091712 -7.408823 -3.185428 -5.784027 -8.439347 -14.712772 -12.206015 -14.007444 -17.382343 -26.457470 -29.723309 -29.390633 -30.009628 -30.368201 -25.061788 -18.724095 -18.692473 -22.172171 -23.349699 -33.267842 -29.373848 -24.483883 -19.678789 -17.672419 
-8.946272 -12.977579 8.223174 20.789364 15.548869 2.918304 20.830522 22.856003 3.349347 1.670246 -2.492543 -5.330826 -0.328960 -10.175311 -4.127135 -9.768102 -6.657241 -0.477702 2.012872 -1.546070 -5.511974 -11.834558 -7.651042 -7.085334 -17.836113 -28.695249 -31.462895 -31.923319 -34.363311 -31.531011 -27.127295 -17.055919 -19.395223 -21.654569 -19.985137 -32.748360 -33.348928 -26.398286 -18.412430 -17.495825 
-8.630828 -12.419488 7.158831 20.910758 15.746842 -5.350698 20.617034 25.241978 3.174735 6.451419 4.056335 -3.751273 4.455658 -7.041054 0.190334 -6.526841 -0.258719 3.723836 -3.164672 -4.568580 -8.482708 -9.169067 -6.344705 -7.467622 -21.965873 -30.359219 -31.207456 -32.003117 -32.940936 -30.723077 -24.275744 -19.901969 -25.297291 -25.657725 -21.164344 -33.444863 -40.197062 -33.286988 -27.996602 -23.942877 
-15.650881 -18.905516 6.274971 20.780594 15.679264 -4.966623 20.814471 24.937112 1.496309 9.918213 7.913964 0.254582 7.477770 -3.091859 3.400246 1.291347 4.157660 0.004970 -5.825408 -6.191741 -9.639043 -5.014128 -5.289733 -9.151261 -20.538843 -24.694630 -26.065465 -27.219995 -27.483372 -27.876593 -23.151223 -17.186996 -23.202353 -25.807001 -20.170699 -29.989892 -31.918920 -31.729440 -30.255073 -25.168360 
-10.857811 -10.138574 5.536849 20.793576 15.818511 -2.463408 20.561730 24.217275 0.092907 12.181802 9.819274 0.558459 9.164921 -2.862338 5.900847 5.038751 8.527247 -5.514972 -7.179806 -4.647385 -4.761478 -2.806577 -6.970663 -17.885644 -24.382471 -27.729595 -28.164625 -29.816038 -29.883729 -28.967586 -23.474045 -16.133396 -22.533936 -27.356301 -21.624383 -32.223807 -34.412469 -34.829595 -33.487910 -26.280999 
-11.771568 -14.520225 5.185286 20.720803 16.073068 -3.725688 19.847255 23.790593 0.294494 13.315227 11.644328 0.853482 10.098640 -1.093519 8.284480 5.514509 10.363122 -6.508770 -7.665148 -3.772729 -1.552973 -5.255670 -11.874322 -21.695966 -28.127872 -29.738792 -29.600845 -31.262023 -31.628228 -30.479670 -23.702317 -17.546184 -22.754240 -29.333501 -24.246660 -32.605702 -35.493406 -35.887083 -35.203328 -29.807951 
-26.767810 -21.220142 5.912879 20.684257 16.237706 -3.858686 19.442549 23.454144 0.485928 13.516081 12.148974 0.692182 10.285313 0.120660 9.376231 3.899357 9.251512 -6.020896 -7.258540 -2.677937 -0.590877 -7.765923 -17.339213 -21.625734 -25.548965 -25.859458 -26.470322 -27.272383 -27.833732 -28.183773 -25.608100 -20.494765 -25.122273 -27.541439 -22.331139 -30.439798 -31.346654 -31.572180 -31.253610 -26.006186 
-17.830779 -12.068102 6.313743 20.635010 16.169301 -5.850913 19.164047 23.080402 -0.508020 14.011770 12.499936 0.991206 10.604668 -0.378049 10.006463 3.655313 9.972731 -5.695220 -5.851930 -0.811637 -2.416865 -11.339752 -21.928198 -24.950443 -27.685524 -28.914788 -30.360438 -31.156800 -32.172742 -32.334240 -29.220572 -21.484843 -25.179146 -32.862754 -27.065524 -34.901312 -36.816847 -37.160640 -35.944157 -26.854762 
-28.312693 -19.792290 5.896329 20.379981 15.907262 -6.251391 18.791144 22.813618 -1.377962 14.355312 12.742363 1.815065 10.973092 0.276065 10.805029 3.151338 10.517820 -3.442381 -4.343547 0.417107 -6.666721 -14.802146 -25.828957 -31.035283 -37.458694 -37.699082 -39.413619 -40.950591 -41.316845 -40.470615 -33.090513 -23.949266 -28.857308 -33.777716 -25.953022 -45.293525 -47.294377 -47.244454 -43.044529 -29.563240 
-22.761512 -18.460650 5.852764 20.098479 15.524599 -6.527895 18.748467 22.547553 -0.906072 14.744583 12.927490 2.468505 11.283049 1.263476 11.459891 3.989577 10.761581 -2.320365 -3.204702 1.433371 -10.221623 -16.885553 -25.769422 -29.885198 -36.932540 -40.148290 -38.479559 -39.452366 -39.799461 -38.331301 -30.596528 -22.164443 -25.914201 -34.304529 -26.237311 -38.508101 -46.714461 -47.127303 -41.877807 -29.417151 
-15.925535 -22.706288 5.583772 20.040174 15.029827 -3.510113 19.001857 21.725325 -2.529699 15.636846 12.320503 3.129725 10.244971 1.642502 10.690695 5.392387 11.735383 -1.392559 -3.445209 1.552683 -10.433044 -18.417289 -24.618655 -27.049401 -30.279929 -31.454938 -31.798471 -33.019682 -33.514819 -32.973910 -29.734444 -21.770197 -24.948139 -32.292630 -29.172347 -36.276455 -37.228945 -37.434488 -36.911033 -29.181397 
-14.926064 -21.675099 6.506355 19.988433 14.153831 -2.841376 19.087084 20.520360 -2.794951 16.673321 11.126511 4.313662 9.182634 3.386575 10.431012 7.985337 11.610688 -0.094589 -2.183904 1.281787 -10.550723 -20.668354 -27.278395 -32.836128 -38.928565 -43.470768 -41.577403 -42.730766 -41.786174 -38.472687 -30.912133 -20.172611 -26.549746 -36.088130 -27.402322 -39.772127 -48.855584 -47.067421 -39.482541 -25.485982 
-29.240652 -21.696946 7.472447 20.029245 13.325621 -2.606680 19.002365 19.037765 -3.103365 17.428855 9.539036 6.006662 7.848576 4.210531 8.635135 9.681975 10.134410 0.534974 -1.480773 0.693479 -6.583216 -19.378729 -25.850007 -31.021707 -36.300577 -39.413853 -38.322818 -40.089977 -41.787128 -38.213886 -33.733515 -21.978261 -28.591651 -31.448597 -25.479324 -37.735665 -43.657301 -43.089928 -41.831860 -28.886229 
-30.154072 -27.108404 8.321031 20.168934 13.064544 -1.092345 18.842051 17.677400 -0.798605 18.089057 8.953696 7.448228 7.786330 5.729156 8.024050 10.974247 8.393848 2.394655 0.284854 0.373603 -5.085423 -18.264169 -25.330975 -30.617730 -36.284081 -40.975895 -41.315684 -45.123916 -44.159663 -39.893689 -32.347077 -22.535413 -28.803538 -35.092836 -30.903350 -42.369281 -50.820901 -50.133716 -42.640270 -28.476239 
-30.039019 -23.383149 9.623400 20.325915 12.229238 0.801085 18.783070 15.309820 2.875516 18.258960 6.504629 9.565527 6.569003 7.704207 6.337417 12.345030 6.601362 3.184373 1.784236 -1.176866 -5.419818 -17.039692 -24.210738 -29.633917 -37.113317 -41.993505 -42.350680 -46.140000 -42.718264 -40.422102 -31.945491 -21.218683 -26.862529 -31.967841 -26.687990 -43.936285 -50.289617 -51.342934 -41.702468 -27.755890 
-22.159294 -17.605966 11.476387 20.506304 11.038359 4.153352 18.995720 12.453525 7.326045 17.965109 3.503667 11.922345 3.909222 9.327943 3.573748 11.232987 4.498387 3.527310 2.476538 -0.379648 -4.612403 -17.393965 -25.371451 -29.339943 -34.344331 -37.360331 -39.080050 -44.202546 -45.641929 -39.582863 -31.279065 -19.987592 -28.326947 -32.513813 -25.454964 -39.891563 -48.392101 -48.206130 -42.359435 -30.286709 
-17.879119 -10.515152 13.416537 20.489634 9.320065 7.796716 19.052445 9.163267 12.530606 16.431751 4.186587 12.912505 2.327531 10.592873 5.154174 9.161025 8.080923 3.822266 2.547758 4.001749 -3.522370 -15.630465 -23.985449 -28.859139 -34.259619 -38.241416 -37.919024 -39.771649 -39.122699 -37.477529 -29.682131 -21.173468 -26.892174 -32.879498 -27.900760 -38.460686 -48.153448 -49.026858 -45.374568 -30.609320 
-18.461182 -7.619240 14.823616 19.944716 7.016152 11.119832 18.322591 5.583462 16.957732 15.514433 9.404909 12.466059 6.313760 9.163101 7.335979 6.676163 11.970565 3.608985 1.276581 4.191345 -1.422281 -14.227867 -22.874299 -28.995022 -33.637245 -35.189784 -35.682034 -36.526748 -36.841376 -36.233685 -27.015390 -19.124861 -26.499453 -32.396543 -25.780958 -36.814271 -41.948721 -41.654945 -40.975607 -30.157806 
-22.003206 -3.219177 15.613663 18.272362 3.172789 13.292810 15.787846 4.685175 19.492148 13.314971 16.028263 11.701177 9.994645 6.798039 8.146081 7.821510 10.116968 2.448127 0.386374 2.203548 2.343839 -10.013317 -19.268214 -24.227039 -26.068116 -26.968867 -27.979150 -28.301526 -29.160903 -29.500108 -26.216343 -19.014514 -26.602001 -28.453525 -23.253182 -30.673343 -32.641890 -32.817224 -32.896840 -30.204867 
-21.561784 -0.438622 15.998926 16.027276 2.153960 14.779967 12.468868 9.095833 19.309914 10.202122 19.550160 10.365064 9.770994 6.048254 6.847366 8.494844 6.263467 3.273486 0.225533 0.324735 1.855896 -3.297045 -14.848583 -21.427279 -29.299808 -33.644857 -35.556037 -36.578795 -39.075686 -35.915209 -24.021518 -20.165186 -27.855849 -30.133605 -22.214221 -35.321973 -45.711949 -44.943003 -44.200691 -32.698440 
-18.916142 2.671283 16.134393 13.666803 4.207494 15.684564 8.788342 12.457967 16.173229 14.456166 19.427311 10.308688 8.757049 10.264211 7.366426 9.236157 10.863212 4.384003 -0.519672 -1.321085 -0.311356 0.118876 -4.403498 -13.047266 -21.320277 -26.609126 -27.793595 -28.562123 -29.120935 -26.121994 -18.783455 -19.872218 -25.556392 -25.335137 -20.041037 -29.343607 -34.414855 -34.756888 -34.519139 -30.457760 
-15.737157 3.895574 15.723752 10.943036 7.027391 16.293563 7.034954 13.978636 11.345174 18.023575 16.448580 14.563899 10.487901 11.279376 10.358134 10.453417 11.591371 2.561156 -2.266235 -3.817336 -4.614899 -3.436063 -0.716771 -6.027832 -19.010705 -24.967169 -28.885447 -28.769300 -28.069210 -23.300443 -17.395369 -20.307679 -26.153879 -26.615642 -21.458473 -34.584995 -48.016368 -46.591717 -44.634908 -31.609678 
-23.227120 4.960621 15.381746 9.945357 10.205834 16.185985 6.674976 14.110185 7.284225 18.654829 13.067909 16.631726 10.753443 10.127978 11.384507 11.963075 8.809074 1.630223 -2.609111 -4.765997 -6.959058 -9.732997 -5.106234 -3.449706 -9.877817 -21.625081 -24.003532 -25.196274 -23.861816 -20.545478 -16.120637 -21.330936 -26.633490 -25.933379 -18.452348 -29.554471 -42.973916 -43.110860 -41.102540 -33.034578 
-11.620673 6.754810 14.862129 7.145021 12.619343 15.062562 7.675137 13.291190 9.259169 16.373316 14.645288 15.066056 11.992611 10.714322 11.880411 12.473565 7.185161 0.297154 -4.064052 -6.471182 -9.159343 -11.597376 -11.443589 -8.669657 -6.746611 -15.886380 -22.460610 -23.696986 -23.421159 -20.683224 -17.380599 -23.671709 -27.822564 -24.749129 -21.380176 -31.659072 -38.012451 -38.218066 -35.782412 -32.033944 
-11.290370 7.792494 14.906892 7.474258 14.214929 13.097701 8.654918 10.701790 10.900958 11.428273 17.126812 13.370307 10.880789 11.503507 12.244283 11.910924 7.066590 -3.685837 -8.878323 -10.304736 -12.227764 -14.150894 -15.744340 -16.048513 -12.857107 -11.268513 -17.192826 -21.928138 -24.100887 -21.732672 -21.560152 -25.825052 -29.636127 -28.634369 -23.930166 -32.937562 -38.629159 -38.863918 -38.676324 -35.780110 
-7.372305 8.294881 14.117949 6.786264 15.059352 12.031149 9.626265 8.795545 11.878547 10.956300 16.903814 10.668257 8.345942 11.586253 12.636057 8.554185 3.092851 -8.292574 -12.944316 -13.770960 -17.465095 -18.925250 -21.466292 -23.477475 -22.842008 -17.094494 -16.188517 -19.993246 -22.714413 -20.305530 -20.566712 -26.628523 -29.419390 -32.278491 -25.064889 -31.701280 -45.805712 -45.916358 -45.241992 -39.970199 
-5.743134 8.881071 13.067733 8.153975 14.971260 9.010438 9.255609 6.027174 11.427613 10.060746 13.026184 8.990582 9.803703 10.615075 10.812387 6.434731 -2.606201 -14.349436 -18.830628 -17.813425 -18.561565 -20.664615 -22.083591 -29.351972 -30.880247 -26.810833 -19.621771 -19.167960 -22.798322 -21.351940 -19.766669 -26.534918 -33.553965 -30.855575 -27.601847 -33.370578 -45.212937 -50.946832 -44.832555 -39.532678 
-5.835435 7.961636 11.455671 6.532053 13.694840 6.149072 8.207193 4.544302 9.773366 9.605883 10.293354 7.162244 8.319281 9.233323 8.397765 1.484580 -7.574579 -17.724884 -20.670539 -21.384436 -24.513960 -24.442370 -27.203445 -33.931080 -36.058342 -33.074039 -24.679521 -21.825446 -28.330741 -27.875665 -27.614697 -31.373801 -36.022101 -32.619904 -27.157816 -34.537771 -48.814128 -52.078592 -42.129073 -36.535795 
-7.129490 6.231002 9.283583 6.742070 11.417434 4.133649 6.754238 2.709426 7.300445 8.542049 6.120373 6.515539 6.775044 8.669641 6.492060 -3.080148 -11.663239 -21.157960 -24.659079 -24.550398 -26.089041 -27.863805 -32.109903 -35.227212 -37.557887 -39.185541 -32.143922 -22.761855 -27.729951 -28.812507 -26.373295 -26.583534 -33.475190 -34.790510 -29.948145 -29.542421 -41.016055 -43.576333 -42.316100 -36.394818 
-14.253209 3.098718 8.582880 4.660460 3.601618 1.698945 -1.191882 -0.020779 0.221916 2.864736 3.582369 -0.422584 1.867914 4.156197 0.787893 -9.742452 -17.870236 -30.522255 -31.585304 -31.577118 -33.292875 -35.415387 -34.636450 -40.578997 -44.309119 -44.711140 -39.449409 -31.038272 -31.745657 -34.321572 -31.064138 -31.664260 -39.784403 -38.010060 -28.099451 -32.458060 -46.102895 -51.748158 -46.064937 -41.254819 
-11.422762 6.052579 9.058720 7.071928 11.314423 3.613774 2.944079 1.492896 3.704909 1.503140 0.341946 -3.185174 1.189911 1.863006 -1.999318 -11.492429 -22.255277 -31.345349 -36.331923 -35.971205 -33.072128 -36.971702 -38.034567 -45.085333 -50.171434 -46.276034 -44.121575 -38.561252 -33.779066 -37.254412 -31.366842 -27.426259 -40.167409 -39.254491 -29.933880 -33.480733 -45.934198 -52.097862 -43.980581 -41.036124 
-12.320775 6.295032 10.014470 4.639852 10.394951 0.513427 1.046390 -2.674868 1.081804 -3.065565 -2.275395 -6.476406 0.285869 -1.773969 -5.427028 -12.978368 -23.191973 -30.318652 -31.673657 -34.991153 -34.971011 -39.738419 -41.474217 -43.718398 -46.028284 -46.763649 -44.960380 -38.327212 -36.655738 -38.286172 -30.386616 -28.116812 -42.121837 -37.077990 -29.559755 -28.865566 -41.584164 -49.773650 -45.030012 -42.467978 
-11.334840 5.827363 9.288190 0.219524 6.451314 -1.301842 -3.030833 -6.657788 -4.663821 -8.722309 -9.754205 -5.316842 -7.233705 -8.379719 -9.598800 -20.396359 -26.689990 -32.664885 -36.180874 -38.110858 -40.195571 -42.094198 -42.969141 -50.970855 -51.712287 -52.497463 -45.691125 -34.810611 -33.180170 -39.037474 -38.604068 -37.683961 -43.202500 -42.173896 -35.099727 -34.888520 -47.885432 -54.442720 -49.756624 -42.877159 
-9.220904 6.083320 7.173190 0.537962 3.658612 -4.446460 -8.986712 -14.209460 -12.080461 -13.549795 -15.609735 -7.507364 -11.356572 -11.833616 -12.641407 -22.322040 -28.634336 -40.186878 -40.597900 -41.656932 -42.171140 -45.694984 -43.514842 -51.336270 -54.674154 -53.027297 -50.587075 -39.458398 -36.850823 -41.973652 -37.887219 -39.278610 -46.972526 -48.224598 -42.705165 -47.053363 -51.807434 -53.903470 -50.185943 -48.608110 
-5.330353 6.756442 5.883406 1.249810 2.244953 -8.796091 -17.490308 -16.788505 -16.406710 -15.810228 -14.586702 -9.878092 -6.518157 -12.018435 -12.585265 -22.981585 -26.590860 -36.736953 -41.267174 -40.665927 -39.276593 -38.261419 -43.960018 -47.916418 -52.553350 -49.910090 -48.414231 -39.626723 -36.258669 -44.325420 -38.472453 -41.538058 -47.108647 -49.049984 -40.884493 -41.154994 -54.350531 -54.098334 -50.998867 -46.615053 
-9.616899 3.988293 4.415368 -1.686758 -3.991369 -17.807401 -24.825768 -25.359614 -30.799008 -27.734931 -22.102767 -16.445402 -12.859996 -12.554201 -12.426344 -20.307888 -32.854653 -36.880736 -39.882555 -39.336247 -41.469537 -42.881790 -45.717233 -47.886418 -49.039786 -48.795971 -47.343401 -41.850435 -39.386669 -45.259333 -41.122334 -45.608954 -48.673524 -51.642654 -43.396337 -47.124147 -51.962794 -53.291656 -51.870588 -51.827855 
-6.138264 -0.628444 -2.977208 -14.436888 -16.703575 -22.540335 -26.956494 -34.826772 -37.344085 -33.388491 -29.354680 -30.197836 -25.809735 -25.578980 -23.784158 -27.514207 -30.443485 -37.850120 -42.256870 -42.309734 -46.416288 -46.250831 -48.317863 -48.143293 -49.632369 -50.575326 -51.308006 -47.110262 -47.722796 -51.264251 -48.101701 -50.946637 -53.632829 -54.235757 -52.908520 -54.404550 -55.628106 -56.225737 -55.962734 -55.555554 
-18.995846 -20.219197 -22.304387 -25.759798 -29.840761 -32.993377 -35.785621 -41.442021 -44.934145 -44.774522 -43.860849 -39.302153 -37.587269 -37.177263 -37.938666 -39.085230 -43.371216 -51.096850 -55.486132 -57.306578 -65.568250 -71.025014 -75.053751 -75.294336 -77.156795 -76.097902 -79.909690 -71.957082 -69.977282 -74.083985 -68.584457 -71.049616 -72.140719 -77.054733 -74.556075 -77.230494 -78.942544 -79.715837 -79.615948 -78.276101 
NaN NaN NaN NaN NaN NaN NaN NaN NaN NaN NaN NaN NaN NaN NaN NaN NaN NaN NaN NaN NaN NaN NaN NaN NaN NaN NaN NaN NaN NaN NaN NaN NaN NaN NaN NaN NaN NaN NaN NaN 
NaN NaN NaN NaN NaN NaN NaN NaN NaN NaN NaN NaN NaN NaN NaN NaN NaN NaN NaN NaN NaN NaN NaN NaN NaN NaN NaN NaN NaN NaN NaN NaN NaN NaN NaN NaN NaN NaN NaN NaN 
NaN NaN NaN NaN NaN NaN NaN NaN NaN NaN NaN NaN NaN NaN NaN NaN NaN NaN NaN NaN NaN NaN NaN NaN NaN NaN NaN NaN NaN NaN NaN NaN NaN NaN NaN NaN NaN NaN NaN NaN 
NaN NaN NaN NaN NaN NaN NaN NaN NaN NaN NaN NaN NaN NaN NaN NaN NaN NaN NaN NaN NaN NaN NaN NaN NaN NaN NaN NaN NaN NaN NaN NaN NaN NaN NaN NaN NaN NaN NaN NaN 
NaN NaN NaN NaN NaN NaN NaN NaN NaN NaN NaN NaN NaN NaN NaN NaN NaN NaN NaN NaN NaN NaN NaN NaN NaN NaN NaN NaN NaN NaN NaN NaN NaN NaN NaN NaN NaN NaN NaN NaN 
NaN NaN NaN NaN NaN NaN NaN NaN NaN NaN NaN NaN NaN NaN NaN NaN NaN NaN NaN NaN NaN NaN NaN NaN NaN NaN NaN NaN NaN NaN NaN NaN NaN NaN NaN NaN NaN NaN NaN NaN 
NaN NaN NaN NaN NaN NaN NaN NaN NaN NaN NaN NaN NaN NaN NaN NaN NaN NaN NaN NaN NaN NaN NaN NaN NaN NaN NaN NaN NaN NaN NaN NaN NaN NaN NaN NaN NaN NaN NaN NaN 
NaN NaN NaN NaN NaN NaN NaN NaN NaN NaN NaN NaN NaN NaN NaN NaN NaN NaN NaN NaN NaN NaN NaN NaN NaN NaN NaN NaN NaN NaN NaN NaN NaN NaN NaN NaN NaN NaN NaN NaN 
NaN NaN NaN NaN NaN NaN NaN NaN NaN NaN NaN NaN NaN NaN NaN NaN NaN NaN NaN NaN NaN NaN NaN NaN NaN NaN NaN NaN NaN NaN NaN NaN NaN NaN NaN NaN NaN NaN NaN NaN 
NaN NaN NaN NaN NaN NaN NaN NaN NaN NaN NaN NaN NaN NaN NaN NaN NaN NaN NaN NaN NaN NaN NaN NaN NaN NaN NaN NaN NaN NaN NaN NaN NaN NaN NaN NaN NaN NaN NaN NaN 
NaN NaN NaN NaN NaN NaN NaN NaN NaN NaN NaN NaN NaN NaN NaN NaN NaN NaN NaN NaN NaN NaN NaN NaN NaN NaN NaN NaN NaN NaN NaN NaN NaN NaN NaN NaN NaN NaN NaN NaN 
NaN NaN NaN NaN NaN NaN NaN NaN NaN NaN NaN NaN NaN NaN NaN NaN NaN NaN NaN NaN NaN NaN NaN NaN NaN NaN NaN NaN NaN NaN NaN NaN NaN NaN NaN NaN NaN NaN NaN NaN 
NaN NaN NaN NaN NaN NaN NaN NaN NaN NaN NaN NaN NaN NaN NaN NaN NaN NaN NaN NaN NaN NaN NaN NaN NaN NaN NaN NaN NaN NaN NaN NaN NaN NaN NaN NaN NaN NaN NaN NaN 
NaN NaN NaN NaN NaN NaN NaN NaN NaN NaN NaN NaN NaN NaN NaN NaN NaN NaN NaN NaN NaN NaN NaN NaN NaN NaN NaN NaN NaN NaN NaN NaN NaN NaN NaN NaN NaN NaN NaN NaN 
NaN NaN NaN NaN NaN NaN NaN NaN NaN NaN NaN NaN NaN NaN NaN NaN NaN NaN NaN NaN NaN NaN NaN NaN NaN NaN NaN NaN NaN NaN NaN NaN NaN NaN NaN NaN NaN NaN NaN NaN 
NaN NaN NaN NaN NaN NaN NaN NaN NaN NaN NaN NaN NaN NaN NaN NaN NaN NaN NaN NaN NaN NaN NaN NaN NaN NaN NaN NaN NaN NaN NaN NaN NaN NaN NaN NaN NaN NaN NaN NaN 
NaN NaN NaN NaN NaN NaN NaN NaN NaN NaN NaN NaN NaN NaN NaN NaN NaN NaN NaN NaN NaN NaN NaN NaN NaN NaN NaN NaN NaN NaN NaN NaN NaN NaN NaN NaN NaN NaN NaN NaN 
NaN NaN NaN NaN NaN NaN NaN NaN NaN NaN NaN NaN NaN NaN NaN NaN NaN NaN NaN NaN NaN NaN NaN NaN NaN NaN NaN NaN NaN NaN NaN NaN NaN NaN NaN NaN NaN NaN NaN NaN 
