NaN NaN NaN NaN NaN NaN NaN NaN NaN NaN NaN NaN NaN NaN NaN NaN NaN NaN NaN NaN NaN NaN NaN NaN NaN NaN NaN NaN NaN NaN NaN NaN NaN NaN NaN NaN NaN NaN NaN NaN 
NaN NaN NaN NaN NaN NaN NaN NaN NaN NaN NaN NaN NaN NaN NaN NaN NaN NaN NaN NaN NaN NaN NaN NaN NaN NaN NaN NaN NaN NaN NaN NaN NaN NaN NaN NaN NaN NaN NaN NaN 
NaN NaN NaN NaN NaN NaN NaN NaN NaN NaN NaN NaN NaN NaN NaN NaN NaN NaN NaN NaN NaN NaN NaN NaN NaN NaN NaN NaN NaN NaN NaN NaN NaN NaN NaN NaN NaN NaN NaN NaN 
NaN NaN NaN NaN NaN NaN NaN NaN NaN NaN NaN NaN NaN NaN NaN NaN NaN NaN NaN NaN NaN NaN NaN NaN NaN NaN NaN NaN NaN NaN NaN NaN NaN NaN NaN NaN NaN NaN NaN NaN 
NaN NaN NaN NaN NaN NaN NaN NaN NaN NaN NaN NaN NaN NaN NaN NaN NaN NaN NaN NaN NaN NaN NaN NaN NaN NaN NaN NaN NaN NaN NaN NaN NaN NaN NaN NaN NaN NaN NaN NaN 
NaN NaN NaN NaN NaN NaN NaN NaN NaN NaN NaN NaN NaN NaN NaN NaN NaN NaN NaN NaN NaN NaN NaN NaN NaN NaN NaN NaN NaN NaN NaN NaN NaN NaN NaN NaN NaN NaN NaN NaN 
NaN NaN NaN NaN NaN NaN NaN NaN NaN NaN NaN NaN NaN NaN NaN NaN NaN NaN NaN NaN NaN NaN NaN NaN NaN NaN NaN NaN NaN NaN NaN NaN NaN NaN NaN NaN NaN NaN NaN NaN 
NaN NaN NaN NaN NaN NaN NaN NaN NaN NaN NaN NaN NaN NaN NaN NaN NaN NaN NaN NaN NaN NaN NaN NaN NaN NaN NaN NaN NaN NaN NaN NaN NaN NaN NaN NaN NaN NaN NaN NaN 
NaN NaN NaN NaN NaN NaN NaN NaN NaN NaN NaN NaN NaN NaN NaN NaN NaN NaN NaN NaN NaN NaN NaN NaN NaN NaN NaN NaN NaN NaN NaN NaN NaN NaN NaN NaN NaN NaN NaN NaN 
-86.685416 -90.780865 -86.163512 -84.129075 -88.058315 -87.964610 -84.287072 -86.508816 -86.827027 -85.592991 -85.979030 -86.046731 -86.438874 -86.106976 -87.459929 -87.826266 -89.104116 -91.294119 -93.053593 -96.802333 -100.642725 -98.862094 -95.304962 -93.366684 -91.836908 -91.414487 -91.612842 -91.858519 -92.715986 -93.715871 -94.311039 -92.799689 -90.351810 -88.898197 -89.847511 -94.752967 -99.369886 -92.233945 -91.766488 -99.219588 
-61.303021 -63.283742 -64.673588 -71.930820 -73.860934 -71.442205 -67.205711 -70.442631 -76.902080 -78.598918 -82.252800 -77.351583 -78.568075 -79.280061 -76.567014 -74.415687 -75.827137 -80.702736 -80.309135 -77.580417 -79.822230 -86.479248 -79.059204 -79.451673 -77.883486 -80.887193 -77.173842 -78.326435 -77.009372 -80.687331 -83.392342 -85.107856 -83.204538 -81.005847 -80.969577 -81.916799 -84.993791 -82.963661 -82.904220 -79.495343 
-62.985782 -64.701752 -64.224059 -72.497167 -71.269151 -69.218059 -69.095667 -71.343202 -76.970016 -73.907643 -73.663771 -74.234584 -77.274994 -77.586489 -77.439030 -77.535869 -74.170264 -80.027900 -77.656239 -76.614171 -76.930110 -74.926123 -77.919101 -80.082901 -78.731889 -79.359747 -76.842974 -76.445704 -74.846881 -79.459810 -79.396774 -80.331914 -79.695127 -80.024718 -78.604469 -78.964267 -81.204568 -82.191893 -80.317258 -81.283176 
-65.949342 -66.624578 -68.644776 -65.354540 -65.481879 -73.607321 -79.180592 -72.169612 -72.980917 -78.321603 -75.223522 -78.677318 -76.424562 -79.981903 -75.309542 -79.932091 -80.163395 -76.521016 -76.745105 -78.160950 -78.265290 -74.347646 -73.370073 -78.988166 -80.945380 -81.253291 -80.208090 -78.598602 -84.574150 -83.956992 -81.986763 -83.256247 -83.905584 -80.742674 -82.721801 -80.811234 -81.201508 -84.142821 -82.877102 -81.792858 
-63.462606 -66.573499 -70.105596 -70.433809 -64.474359 -72.040008 -70.535893 -68.113265 -70.097982 -71.538789 -80.502114 -75.221322 -71.986630 -74.527580 -74.769306 -78.861313 -78.014285 -77.864182 -74.618680 -76.991396 -75.712844 -78.032870 -79.213788 -78.992187 -78.261916 -78.057543 -77.482770 -76.787386 -82.566178 -78.898611 -76.924701 -76.099851 -78.637565 -75.890727 -78.935978 -80.855547 -77.314290 -84.951269 -80.457668 -80.616910 
-35.019136 -44.847303 -54.537382 -60.735380 -64.508238 -63.115277 -66.044826 -65.887195 -66.290784 -66.157039 -68.164647 -66.852004 -69.111859 -76.893655 -72.951846 -73.694447 -73.642604 -76.281973 -74.368577 -78.645632 -72.733555 -73.637707 -77.320233 -74.981070 -78.482664 -77.746679 -75.331875 -74.019903 -75.154525 -72.075309 -74.094572 -77.003841 -79.053351 -76.053135 -78.448103 -79.290466 -75.578486 -77.434817 -77.860736 -77.001755 
-11.354281 -11.334922 -12.784464 -13.597470 -10.613286 -7.040010 -5.006326 -4.641506 -7.051658 -9.700054 -9.819253 -9.684011 -8.128354 -7.735722 -7.422056 -5.292670 -5.368110 -4.493059 -4.210705 -3.104610 -2.531027 -4.800357 -9.428372 -14.566102 -19.712926 -19.646050 -22.323086 -22.473896 -24.376622 -27.098177 -28.643593 -24.733341 -23.968980 -23.890768 -29.097049 -32.283092 -34.538980 -34.711379 -32.240578 -32.723370 
-7.812369 -8.052614 -11.468637 -14.573392 -6.283907 -1.760996 -0.283117 3.007390 -4.163817 -9.255748 -6.646076 -8.268233 -4.278463 -3.004037 -4.180739 0.397218 -1.782348 -0.491873 -1.090719 0.745570 2.134518 -0.042823 -5.892257 -11.289413 -15.401211 -15.259025 -19.587602 -18.754052 -21.083192 -24.531123 -26.205769 -19.979469 -15.316407 -16.067533 -20.955221 -24.389266 -25.532550 -25.322421 -25.702766 -26.272147 
-9.261680 -4.583289 -10.700843 -18.933452 -16.080930 -9.196751 -5.505247 0.570567 -7.316945 -14.858914 -12.415728 -17.259870 -19.646527 -12.107849 -13.283290 -8.842747 -4.053953 -10.707172 -16.447597 -9.456975 -4.666399 -3.036422 -9.803630 -13.923189 -17.262921 -17.671522 -21.619355 -22.507324 -24.111749 -23.157595 -23.561668 -20.598452 -14.476301 -16.053836 -20.859826 -23.382629 -22.563455 -23.228406 -25.944260 -23.320727 
-9.478496 -7.607793 -6.849606 -6.952756 -0.142399 1.374380 -2.171113 -6.312656 -18.361298 -10.541972 -17.209256 -20.302007 -19.730254 -21.352862 -16.573170 -9.483262 -16.099883 -18.873604 -12.540402 -9.905207 -9.121498 -8.428526 -13.501234 -18.065532 -18.703923 -14.238284 -18.641739 -18.821649 -21.524697 -20.027600 -20.104606 -20.471687 -18.565720 -19.844214 -22.243541 -25.229781 -26.046898 -27.026910 -24.348252 -25.334230 
-10.313461 -8.691468 -9.636147 4.028528 17.112317 18.721862 11.686839 4.521079 7.084504 9.152678 -5.839583 -7.542506 -2.206648 -14.292835 -11.435833 -9.443113 -17.714846 -10.491651 -11.082380 -2.534711 -3.671113 -6.422893 -10.501570 -13.411332 -10.837758 -14.424317 -18.995703 -21.323871 -18.812832 -20.311066 -22.430984 -19.513178 -22.971966 -19.575108 -24.030684 -22.880156 -27.880888 -28.907074 -26.659420 -23.144373 
-13.108427 -12.687127 -17.082771 -0.449939 19.066980 20.384448 3.882445 1.185904 11.589937 18.054640 0.069200 -5.556533 5.963362 -8.095452 -7.665015 -1.363164 -15.484660 -3.051615 -6.357884 5.015051 -5.660017 -3.188624 -8.012331 -5.743773 -5.749069 -19.251019 -19.970962 -21.485884 -20.860744 -23.614630 -26.501354 -27.651460 -29.109007 -25.330470 -24.476758 -27.664134 -32.309278 -38.380834 -26.354029 -21.721428 
-18.398341 -18.952688 -31.074814 -3.404304 18.420538 20.565755 1.217935 -10.745607 12.972490 21.914313 4.144737 -6.660717 9.089021 -1.905148 -6.588432 3.426036 -10.273533 3.751646 -4.039737 4.896677 -5.377304 -2.901123 -4.211557 -1.535892 -9.020646 -19.665393 -23.659218 -23.179153 -19.858625 -23.441919 -31.090808 -36.052400 -37.291500 -29.207855 -24.230467 -27.496394 -32.426470 -40.231289 -32.374415 -26.363409 
-21.492695 -18.800199 -21.398429 -4.713930 17.509340 20.457013 1.978373 -18.322702 11.696508 22.450537 5.161813 -9.164060 9.785181 1.729404 -9.663805 5.935052 -8.629136 6.332865 0.868550 -1.478327 -4.727969 -2.338090 -5.021744 -3.849753 -21.316288 -23.160904 -24.601435 -24.688711 -22.230399 -27.391410 -31.980331 -34.117318 -35.121783 -25.717048 -21.112406 -27.689005 -33.077319 -35.994584 -34.397660 -32.158529 
-13.586830 -16.469262 -14.378651 -6.866415 16.539870 20.364952 3.061809 -18.190422 8.282431 21.895985 5.986297 -12.229974 10.724031 4.337796 -9.922696 7.733352 -5.946828 8.287926 5.403772 -3.809554 -4.383958 -0.843986 -9.333899 -14.505321 -28.328183 -30.237119 -27.812708 -26.924052 -23.265646 -29.454003 -40.288763 -43.146992 -42.185381 -28.602646 -25.017447 -30.466147 -39.240145 -46.115614 -41.120706 -36.996372 
-15.495407 -15.275862 -15.120480 -8.013918 15.876555 20.431918 4.183703 -21.659152 7.124410 21.436755 7.098527 -13.688049 10.721716 5.916479 -12.160287 8.599310 -1.847688 8.441330 8.117994 -5.189426 -2.823256 -6.116111 -11.428225 -21.132920 -29.210484 -30.686010 -29.200166 -28.968841 -25.932975 -30.718479 -42.567087 -41.424775 -46.539147 -31.289573 -29.188515 -32.160411 -39.561960 -46.010001 -42.937546 -35.057059 
-17.181215 -13.831315 -15.387909 -8.219653 15.657847 20.423562 4.216268 -22.720386 5.635744 20.980402 7.178188 -14.507606 11.242977 6.518778 -12.611861 8.489419 -2.717056 7.135043 7.424544 -5.401539 -3.268931 -9.394240 -13.227207 -20.338283 -28.483616 -29.338530 -28.821808 -28.251072 -26.026914 -29.846016 -38.739969 -39.986462 -40.972585 -27.647458 -26.273313 -31.114903 -38.691967 -42.123534 -39.825576 -35.162418 
-17.698733 -15.941475 -16.963174 -8.056405 15.584139 20.500716 4.791219 -16.840699 5.835760 21.158483 7.260981 -13.146485 11.634713 7.585753 -11.920160 8.896291 -1.506405 6.939860 8.151735 -6.660188 -2.328446 -13.145067 -15.847759 -21.829421 -26.369859 -27.767892 -27.933865 -28.994132 -26.343278 -28.315013 -34.446385 -34.858343 -35.094394 -26.943989 -25.247866 -30.408028 -36.816478 -37.946894 -36.762080 -34.096750 
-18.813119 -19.505484 -17.656038 -7.079602 15.789942 19.975841 3.333662 -19.580975 7.803821 21.399819 5.937310 -10.394236 13.000961 7.014753 -10.710390 9.449911 -2.757974 8.143589 7.290459 -3.342192 -2.880362 -11.562777 -16.171806 -20.089413 -27.969554 -28.291432 -28.130985 -27.158488 -25.250941 -29.982605 -34.598926 -34.949719 -35.514347 -27.755457 -25.383336 -30.887498 -35.514955 -37.405397 -36.306174 -32.221861 
-26.056141 -19.174747 -18.067590 -4.561799 16.465179 19.290526 1.739478 -17.525050 11.299987 21.370827 3.113922 -4.980779 14.516907 5.472223 -4.591500 9.200827 -6.894598 9.704225 4.866680 -0.491171 -4.842667 -7.847840 -14.535185 -18.158956 -23.506564 -24.046801 -25.343709 -25.911452 -22.826449 -26.494178 -28.762798 -29.269531 -29.713954 -26.717826 -24.166276 -28.233287 -31.011679 -31.598868 -31.801803 -31.282486 
-17.468735 -16.300471 -17.687749 -3.988485 17.133292 18.290647 -0.639485 -15.570962 14.565591 20.969419 -0.078374 0.765802 15.142053 1.370566 -0.822841 8.124053 -8.249750 10.032820 -0.409973 1.048125 -7.481799 -4.512688 -15.655109 -17.783790 -22.325198 -24.332193 -24.904239 -24.973504 -24.202053 -26.297002 -28.039113 -28.621878 -28.948807 -27.769011 -25.728470 -27.621765 -30.208989 -31.133912 -30.898888 -30.222278 
-31.444936 -28.056224 -25.772661 -0.794277 17.907673 16.636077 -4.866330 -14.071555 17.776587 19.862914 -3.110402 7.769300 16.231970 -4.385698 3.891120 5.188027 -1.763930 10.114021 -2.518907 3.385548 -4.918973 -0.608026 -16.246644 -21.182120 -25.117152 -30.159325 -31.660240 -31.446880 -28.839456 -31.347279 -48.928930 -47.497204 -46.152263 -31.458042 -25.736508 -29.781752 -35.861490 -45.232152 -43.827746 -36.786123 
-21.697083 -22.875703 -16.933273 5.111144 18.466662 13.902398 -6.197708 2.038195 20.418585 15.470019 -3.083353 15.749490 15.911696 -0.551714 7.721790 0.090631 5.702725 5.933959 4.928148 2.685114 1.105156 -1.423547 -11.148322 -20.746422 -24.740665 -27.683906 -28.483479 -29.483768 -25.497112 -29.520106 -42.845427 -43.165648 -44.415843 -27.999887 -22.861111 -30.753049 -36.018426 -43.680750 -43.347657 -38.120329 
-21.242215 -20.381915 -5.246218 10.441897 13.100182 11.705901 -0.021557 10.404970 18.543323 5.155481 10.759164 13.309024 10.308355 6.799580 5.335467 -3.340748 3.879496 -0.339394 5.298258 -2.275608 -4.723384 -7.026873 -12.476792 -23.231043 -30.619325 -32.927763 -35.196821 -33.996964 -29.842919 -32.333018 -44.106604 -49.775818 -46.993683 -32.136084 -26.366992 -28.780594 -36.541283 -41.940865 -43.978606 -39.290983 
-16.775576 -13.697018 -9.737375 13.118183 19.216776 11.114714 -3.731276 12.332892 19.214726 8.014167 11.468793 18.470932 6.361889 7.691214 6.928304 2.325755 5.029956 3.500786 5.144274 -0.166893 -1.778860 -0.135370 -10.092529 -19.039696 -24.982512 -29.019682 -31.362736 -29.624093 -25.706234 -29.439089 -38.212567 -39.424074 -39.388976 -32.547041 -25.309883 -25.863712 -33.583146 -39.764838 -40.648956 -37.179743 
-20.098702 -21.122487 -15.182563 15.071619 19.764963 4.405468 -5.940143 16.648852 15.828375 -5.399479 17.455747 16.260607 1.049827 11.159926 -1.080455 6.229596 0.078868 8.257971 1.999575 0.641574 -1.082002 -0.374637 -10.416386 -19.057801 -25.461646 -30.341128 -30.457635 -30.117580 -25.422705 -30.789737 -46.827279 -45.328390 -47.307972 -32.194246 -25.554758 -31.324209 -36.455173 -44.614251 -40.849100 -34.745062 
-17.126465 -19.385387 -5.381569 17.206105 18.878330 1.899837 4.277271 18.077499 9.465617 6.811651 20.575176 10.531702 10.134833 9.907170 3.603441 6.437409 3.801352 5.655527 3.714794 -1.012917 -3.371697 -1.634387 -7.006883 -18.329451 -26.621412 -32.715515 -32.340676 -31.030821 -25.094467 -32.696198 -45.242380 -47.052916 -46.817989 -38.039553 -29.273191 -28.749346 -32.976178 -44.751201 -45.413107 -41.749129 
-18.788939 -15.719121 2.463570 17.767063 14.651776 -1.433096 12.416491 17.180494 3.176580 16.955648 19.704796 8.596088 15.381290 7.124692 8.327126 3.748037 6.476394 4.459831 4.765991 -2.205767 -5.992190 -3.603075 -5.781293 -16.071364 -23.945706 -26.411018 -26.879046 -26.955904 -27.193215 -28.263298 -30.409729 -30.938594 -31.392323 -29.620720 -28.091640 -30.916424 -31.646386 -33.116220 -33.323965 -32.313060 
-31.463296 -18.200964 8.150187 17.233842 8.249712 1.783035 16.476289 12.957790 6.218585 18.837687 12.151797 15.287563 13.088715 7.892745 5.175372 6.365093 3.589441 6.222948 -0.161280 -6.039766 -10.468494 -13.105877 -13.161932 -19.418387 -25.761079 -33.206754 -35.626554 -33.820168 -28.021934 -32.764807 -48.262910 -49.536957 -49.133021 -36.269840 -30.901683 -31.007145 -37.173843 -47.223538 -49.317543 -44.479074 
-18.305008 -12.755651 10.165555 16.494352 4.675840 6.398338 16.890591 6.496287 10.751905 14.207522 6.027553 14.913102 4.713226 9.200767 3.539375 6.623975 6.127287 3.573177 0.490923 -9.327203 -17.155334 -15.987585 -10.879836 -8.674074 -19.815500 -29.612703 -32.960826 -30.704836 -27.100855 -31.996619 -40.065815 -41.242697 -41.590806 -35.841733 -30.555745 -30.920254 -35.404798 -42.489418 -43.648195 -41.938525 
-17.458759 -9.276762 11.421837 15.212858 0.403255 9.484970 15.778763 3.587047 13.012156 11.348707 10.295827 13.233286 6.499159 7.166797 5.213091 2.855401 5.239383 1.235461 -3.984116 -12.704639 -15.991823 -18.961089 -14.898378 -12.614339 -17.074336 -27.321811 -31.331998 -28.137007 -26.831304 -30.778720 -41.824470 -44.225413 -45.680106 -38.099315 -32.784797 -31.026916 -35.149525 -43.911328 -44.900823 -42.693393 
-24.546992 -6.848698 12.024418 14.389656 -1.459600 11.071699 14.054471 -0.193592 12.423334 4.751565 13.732044 11.723187 10.102442 7.013369 6.840423 2.719499 4.507970 1.609039 -10.287400 -15.916228 -18.377545 -19.691538 -19.397005 -19.355315 -17.739540 -21.204044 -30.381496 -28.696578 -29.180330 -26.098135 -34.231549 -40.305218 -41.311169 -38.784556 -33.167692 -29.977815 -34.618999 -41.066202 -42.286135 -42.377007 
-26.039312 -4.299222 12.595146 13.443196 -3.108355 12.070628 11.969085 0.846037 11.521961 2.389002 15.951054 7.798621 11.401213 5.509111 7.534160 4.899481 2.751456 0.324589 -14.872331 -18.432283 -20.353315 -21.581870 -22.271801 -23.989485 -23.967386 -23.082761 -27.065866 -28.673814 -30.908864 -28.966953 -30.956160 -32.858300 -33.465962 -34.026030 -30.276257 -28.184597 -32.471353 -35.064986 -35.251423 -35.383166 
-15.165054 -3.984896 12.891499 12.877819 -2.026615 12.564083 11.098390 2.462706 12.084948 4.585740 16.913835 8.109282 12.064832 5.331436 7.547969 6.377190 1.430691 -3.135285 -17.723231 -21.603375 -23.579010 -23.945375 -24.242487 -26.698880 -27.647069 -22.018313 -18.329578 -21.134450 -25.567160 -27.948191 -26.060168 -32.117451 -35.671534 -33.800638 -28.483826 -29.042348 -32.178471 -36.444780 -37.660949 -37.747419 
-25.023336 -2.590308 12.952093 12.231846 -1.560512 12.868340 9.426818 3.946429 11.256936 5.451717 16.182637 7.370087 12.222489 5.278643 4.544193 6.204119 -0.573414 -6.181206 -21.932551 -30.981792 -29.979979 -30.638572 -28.955076 -30.200720 -30.346234 -27.338972 -20.645516 -20.184152 -28.916973 -28.589868 -25.477611 -35.959014 -42.810019 -35.585682 -25.678555 -20.767570 -28.707837 -41.857616 -49.571202 -47.573087 
-25.598182 -1.934202 12.870564 11.325986 -0.780840 13.209246 8.203275 5.636741 10.728929 7.777928 15.125753 8.046277 11.917210 6.964180 5.234185 7.118250 -2.133506 -10.813719 -24.347246 -26.885973 -27.336407 -31.863993 -30.735916 -30.915924 -32.619191 -31.292823 -24.116775 -17.112992 -24.140204 -27.905858 -27.757335 -36.922337 -40.263418 -35.640864 -27.106152 -23.605740 -32.305387 -41.529297 -44.743237 -44.491797 
-22.669972 -1.235060 12.777437 10.345016 0.563732 13.662271 7.088397 6.866701 8.974610 8.950318 12.688979 8.049729 9.294977 7.157503 5.393866 6.371546 -3.923843 -15.725950 -26.366185 -31.254236 -32.818535 -34.554765 -34.782883 -38.911520 -37.826346 -34.256975 -29.067522 -19.282789 -21.635412 -29.365731 -26.941169 -37.971286 -42.946768 -43.224388 -38.592642 -33.856881 -35.237689 -43.724158 -47.016420 -47.449057 
-26.182620 -0.395717 12.638163 9.194053 2.293259 13.878212 6.062425 8.036573 7.182704 10.680864 11.547351 8.733615 7.374303 7.643468 6.821617 5.765789 -6.591691 -17.910020 -25.869701 -30.977807 -33.492571 -34.755494 -37.837754 -42.229651 -42.973058 -38.598671 -31.495445 -21.485672 -22.647405 -30.766994 -30.600288 -39.039647 -46.011756 -44.932529 -36.087669 -28.496140 -31.156206 -41.495270 -49.299431 -49.543267 
-19.026767 -0.423257 12.442851 8.461965 2.728906 13.226417 4.355026 7.626045 3.698570 9.440042 6.805517 6.476099 1.828020 5.389170 6.237170 2.383531 -12.306032 -20.040913 -22.009535 -24.538005 -25.990877 -27.269487 -28.054314 -29.161073 -30.073855 -30.771739 -30.309226 -25.342631 -23.027604 -30.908295 -27.903402 -34.164926 -35.630576 -35.952455 -30.465670 -28.141926 -29.681800 -35.497490 -37.483203 -37.566035 
-27.704866 0.919537 12.128101 6.921352 4.250589 12.344615 2.557238 8.546113 2.941226 9.109796 3.025980 5.430556 2.002007 3.064838 5.235626 -2.852391 -19.595861 -30.169851 -33.438072 -36.756129 -40.984495 -46.077355 -41.552741 -40.627106 -44.844218 -46.738695 -44.952627 -28.753608 -23.531282 -33.694660 -28.561703 -37.563646 -44.284773 -47.087971 -35.491678 -27.674198 -30.588160 -40.873902 -50.179427 -52.574764 
-18.380189 0.286834 11.500558 6.155008 4.793004 11.369437 0.820005 6.947793 -0.064542 6.645262 -0.084598 2.094878 1.025512 2.976173 2.809021 -6.155393 -19.345876 -29.273042 -35.807870 -38.095616 -41.102508 -42.588144 -42.678898 -41.901545 -45.796774 -44.768451 -44.963361 -33.622408 -28.275770 -33.960767 -32.633158 -37.465754 -43.083227 -46.738681 -39.532555 -32.892577 -32.363214 -39.903485 -50.980741 -53.296891 
-20.942902 0.844878 11.150331 5.369835 3.474702 10.258664 -0.341502 4.276587 -4.275958 4.157428 -3.517075 -1.748825 -0.914202 -0.490739 -2.769575 -10.637352 -19.236637 -31.884147 -38.733431 -41.559407 -41.315683 -41.793652 -42.880444 -49.674076 -54.108763 -46.359391 -44.020785 -33.460052 -27.410197 -30.320405 -26.538924 -36.876242 -47.816551 -47.246753 -36.948775 -29.283568 -27.938648 -37.919682 -47.025871 -51.340643 
-21.761241 -0.305926 10.581592 5.339730 2.622211 8.985988 -2.136726 1.506707 -5.895533 -0.276455 -7.207100 -7.621633 -6.398341 -5.938944 -5.640040 -12.703606 -18.357306 -26.380945 -32.343018 -35.137222 -40.932172 -42.961643 -45.381138 -50.558509 -50.824021 -49.386701 -42.199152 -31.677512 -23.754674 -30.102859 -29.884612 -35.153218 -44.463146 -44.173061 -39.831983 -33.002630 -31.349017 -37.750798 -47.662001 -54.262887 
-22.695587 -2.455651 9.974875 7.011036 -1.843200 7.290171 0.513766 -2.582943 -2.563024 -3.178331 -2.570828 -5.641185 -5.120421 -6.181081 -12.335801 -10.374098 -18.721079 -26.435339 -32.157931 -35.518844 -41.462420 -42.642136 -45.123784 -46.795911 -46.815639 -51.540586 -43.059735 -33.856369 -27.865158 -34.474253 -31.447385 -34.656785 -42.628372 -43.343714 -43.453426 -38.150558 -36.392367 -41.546629 -50.996448 -54.609416 
-30.328152 -3.511321 9.496176 6.673147 -4.684656 4.564758 -2.618778 -5.099457 -6.104739 -5.267668 -5.652805 -6.161405 -9.146290 -11.886038 -8.076116 -9.565564 -21.402836 -29.723938 -35.507132 -37.932120 -43.901553 -41.436955 -44.348050 -46.666007 -46.040055 -47.656936 -44.502303 -36.612318 -31.385511 -35.423698 -32.382001 -39.276328 -46.380897 -46.879547 -39.391117 -37.800476 -39.679372 -43.355062 -45.927717 -52.295286 
-32.774124 -6.022150 8.093906 6.184155 -5.921803 1.162898 -5.650891 -9.281662 -8.830339 -13.446303 -11.463675 -9.737464 -10.387809 -12.100084 -6.975078 -10.076756 -21.652476 -28.945053 -34.336549 -38.239253 -40.160714 -40.690211 -42.368744 -43.076308 -43.981734 -44.643091 -42.962658 -37.406101 -34.909606 -34.668416 -33.345328 -39.417312 -46.930341 -47.022251 -45.296598 -41.501157 -40.734942 -45.886267 -49.471973 -50.135297 
-30.205460 -6.197396 6.751734 4.250363 -9.836886 -3.291608 -8.283904 -16.083586 -12.931134 -18.164147 -12.959069 -12.792787 -10.860962 -7.739777 -5.907502 -6.138595 -20.656881 -32.348793 -31.966866 -37.708507 -43.979607 -48.342013 -50.724129 -47.693500 -52.014699 -54.300730 -46.962038 -43.163684 -39.182487 -38.626630 -36.958055 -41.726848 -51.322567 -53.385993 -48.339801 -44.048786 -40.813785 -47.529138 -49.893490 -54.731417 
-23.936382 -10.277517 2.970435 2.562594 -10.409996 -9.826304 -15.228790 -17.768123 -21.714240 -24.399377 -18.362878 -17.351340 -10.251912 -12.418663 -10.803839 -9.650773 -17.647409 -38.694797 -37.440193 -40.572912 -41.136525 -45.098175 -48.991853 -49.894927 -52.758951 -48.818517 -46.152120 -40.200471 -35.270281 -36.601260 -32.950694 -41.864098 -50.166092 -53.420305 -51.500495 -43.756918 -44.030720 -47.732728 -52.131250 -56.728605 
-26.482700 -17.318712 -2.536993 -2.411285 -13.786256 -21.797962 -24.076459 -24.913898 -23.245743 -25.426403 -23.887671 -23.361450 -15.713393 -19.508414 -19.185689 -22.525845 -22.811686 -35.433994 -41.826330 -45.024952 -47.851979 -51.449441 -52.226758 -51.540467 -55.062995 -58.324875 -54.788689 -48.827621 -41.784243 -43.944384 -39.844085 -48.850619 -58.172064 -57.649631 -56.316947 -54.366085 -54.474734 -57.515848 -57.453293 -61.324604 
-20.180367 -22.657737 -11.822879 -8.275568 -14.223541 -22.845381 -27.816328 -27.747860 -30.038450 -25.196496 -24.992147 -23.359784 -21.298915 -22.819034 -21.979341 -23.871275 -27.810453 -32.546551 -40.310273 -44.477194 -49.734152 -54.010318 -53.425689 -53.182803 -55.079447 -55.722020 -55.050227 -50.681124 -46.866314 -48.784847 -48.890422 -55.954104 -61.581714 -62.399846 -61.447023 -57.800703 -59.143018 -60.669707 -59.949432 -62.574075 
-23.839109 -28.867091 -28.250792 -30.719282 -25.872193 -28.626969 -34.933384 -34.457798 -37.783909 -42.946734 -39.667021 -29.415071 -28.190979 -28.958945 -30.692690 -38.793587 -34.424479 -37.879095 -47.647787 -55.028605 -56.992473 -56.003349 -57.574067 -56.554585 -57.790927 -64.154510 -65.215049 -61.942188 -55.928550 -60.565531 -60.173820 -63.494912 -68.845206 -69.675743 -68.302627 -65.433508 -65.632228 -67.086334 -69.650329 -71.110918 
-54.278276 -49.239733 -46.518472 -45.064340 -45.011303 -46.857296 -51.369712 -61.032695 -63.041231 -64.737623 -69.550895 -65.460775 -65.757750 -59.324630 -55.183641 -59.319874 -55.636246 -60.822723 -64.797557 -70.424498 -73.843437 -76.161678 -87.018717 -79.339138 -80.515826 -82.391221 -80.816327 -81.413063 -78.190839 -84.170298 -83.656309 -83.899700 -84.317023 -88.890739 -91.078047 -84.069066 -84.588824 -85.031325 -88.697311 -89.371417 
NaN NaN NaN NaN NaN NaN NaN NaN NaN NaN NaN NaN NaN NaN NaN NaN NaN NaN NaN NaN NaN NaN NaN NaN NaN NaN NaN NaN NaN NaN NaN NaN NaN NaN NaN NaN NaN NaN NaN NaN 
NaN NaN NaN NaN NaN NaN NaN NaN NaN NaN NaN NaN NaN NaN NaN NaN NaN NaN NaN NaN NaN NaN NaN NaN NaN NaN NaN NaN NaN NaN NaN NaN NaN NaN NaN NaN NaN NaN NaN NaN 
NaN NaN NaN NaN NaN NaN NaN NaN NaN NaN NaN NaN NaN NaN NaN NaN NaN NaN NaN NaN NaN NaN NaN NaN NaN NaN NaN NaN NaN NaN NaN NaN NaN NaN NaN NaN NaN NaN NaN NaN 
NaN NaN NaN NaN NaN NaN NaN NaN NaN NaN NaN NaN NaN NaN NaN NaN NaN NaN NaN NaN NaN NaN NaN NaN NaN NaN NaN NaN NaN NaN NaN NaN NaN NaN NaN NaN NaN NaN NaN NaN 
NaN NaN NaN NaN NaN NaN NaN NaN NaN NaN NaN NaN NaN NaN NaN NaN NaN NaN NaN NaN NaN NaN NaN NaN NaN NaN NaN NaN NaN NaN NaN NaN NaN NaN NaN NaN NaN NaN NaN NaN 
NaN NaN NaN NaN NaN NaN NaN NaN NaN NaN NaN NaN NaN NaN NaN NaN NaN NaN NaN NaN NaN NaN NaN NaN NaN NaN NaN NaN NaN NaN NaN NaN NaN NaN NaN NaN NaN NaN NaN NaN 
NaN NaN NaN NaN NaN NaN NaN NaN NaN NaN NaN NaN NaN NaN NaN NaN NaN NaN NaN NaN NaN NaN NaN NaN NaN NaN NaN NaN NaN NaN NaN NaN NaN NaN NaN NaN NaN NaN NaN NaN 
NaN NaN NaN NaN NaN NaN NaN NaN NaN NaN NaN NaN NaN NaN NaN NaN NaN NaN NaN NaN NaN NaN NaN NaN NaN NaN NaN NaN NaN NaN NaN NaN NaN NaN NaN NaN NaN NaN NaN NaN 
NaN NaN NaN NaN NaN NaN NaN NaN NaN NaN NaN NaN NaN NaN NaN NaN NaN NaN NaN NaN NaN NaN NaN NaN NaN NaN NaN NaN NaN NaN NaN NaN NaN NaN NaN NaN NaN NaN NaN NaN 
NaN NaN NaN NaN NaN NaN NaN NaN NaN NaN NaN NaN NaN NaN NaN NaN NaN NaN NaN NaN NaN NaN NaN NaN NaN NaN NaN NaN NaN NaN NaN NaN NaN NaN NaN NaN NaN NaN NaN NaN 
NaN NaN NaN NaN NaN NaN NaN NaN NaN NaN NaN NaN NaN NaN NaN NaN NaN NaN NaN NaN NaN NaN NaN NaN NaN NaN NaN NaN NaN NaN NaN NaN NaN NaN NaN NaN NaN NaN NaN NaN 
NaN NaN NaN NaN NaN NaN NaN NaN NaN NaN NaN NaN NaN NaN NaN NaN NaN NaN NaN NaN NaN NaN NaN NaN NaN NaN NaN NaN NaN NaN NaN NaN NaN NaN NaN NaN NaN NaN NaN NaN 
NaN NaN NaN NaN NaN NaN NaN NaN NaN NaN NaN NaN NaN NaN NaN NaN NaN NaN NaN NaN NaN NaN NaN NaN NaN NaN NaN NaN NaN NaN NaN NaN NaN NaN NaN NaN NaN NaN NaN NaN 
NaN NaN NaN NaN NaN NaN NaN NaN NaN NaN NaN NaN NaN NaN NaN NaN NaN NaN NaN NaN NaN NaN NaN NaN NaN NaN NaN NaN NaN NaN NaN NaN NaN NaN NaN NaN NaN NaN NaN NaN 
NaN NaN NaN NaN NaN NaN NaN NaN NaN NaN NaN NaN NaN NaN NaN NaN NaN NaN NaN NaN NaN NaN NaN NaN NaN NaN NaN NaN NaN NaN NaN NaN NaN NaN NaN NaN NaN NaN NaN NaN 
NaN NaN NaN NaN NaN NaN NaN NaN NaN NaN NaN NaN NaN NaN NaN NaN NaN NaN NaN NaN NaN NaN NaN NaN NaN NaN NaN NaN NaN NaN NaN NaN NaN NaN NaN NaN NaN NaN NaN NaN 
NaN NaN NaN NaN NaN NaN NaN NaN NaN NaN NaN NaN NaN NaN NaN NaN NaN NaN NaN NaN NaN NaN NaN NaN NaN NaN NaN NaN NaN NaN NaN NaN NaN NaN NaN NaN NaN NaN NaN NaN 
NaN NaN NaN NaN NaN NaN NaN NaN NaN NaN NaN NaN NaN NaN NaN NaN NaN NaN NaN NaN NaN NaN NaN NaN NaN NaN NaN NaN NaN NaN NaN NaN NaN NaN NaN NaN NaN NaN NaN NaN 
NaN NaN NaN NaN NaN NaN NaN NaN NaN NaN NaN NaN NaN NaN NaN NaN NaN NaN NaN NaN NaN NaN NaN NaN NaN NaN NaN NaN NaN NaN NaN NaN NaN NaN NaN NaN NaN NaN NaN NaN 
NaN NaN NaN NaN NaN NaN NaN NaN NaN NaN NaN NaN NaN NaN NaN NaN NaN NaN NaN NaN NaN NaN NaN NaN NaN NaN NaN NaN NaN NaN NaN NaN NaN NaN NaN NaN NaN NaN NaN NaN 
NaN NaN NaN NaN NaN NaN NaN NaN NaN NaN NaN NaN NaN NaN NaN NaN NaN NaN NaN NaN NaN NaN NaN NaN NaN NaN NaN NaN NaN NaN NaN NaN NaN NaN NaN NaN NaN NaN NaN NaN 
NaN NaN NaN NaN NaN NaN NaN NaN NaN NaN NaN NaN NaN NaN NaN NaN NaN NaN NaN NaN NaN NaN NaN NaN NaN NaN NaN NaN NaN NaN NaN NaN NaN NaN NaN NaN NaN NaN NaN NaN 
NaN NaN NaN NaN NaN NaN NaN NaN NaN NaN NaN NaN NaN NaN NaN NaN NaN NaN NaN NaN NaN NaN NaN NaN NaN NaN NaN NaN NaN NaN NaN NaN NaN NaN NaN NaN NaN NaN NaN NaN 
NaN NaN NaN NaN NaN NaN NaN NaN NaN NaN NaN NaN NaN NaN NaN NaN NaN NaN NaN NaN NaN NaN NaN NaN NaN NaN NaN NaN NaN NaN NaN NaN NaN NaN NaN NaN NaN NaN NaN NaN 
NaN NaN NaN NaN NaN NaN NaN NaN NaN NaN NaN NaN NaN NaN NaN NaN NaN NaN NaN NaN NaN NaN NaN NaN NaN NaN NaN NaN NaN NaN NaN NaN NaN NaN NaN NaN NaN NaN NaN NaN 
NaN NaN NaN NaN NaN NaN NaN NaN NaN NaN NaN NaN NaN NaN NaN NaN NaN NaN NaN NaN NaN NaN NaN NaN NaN NaN NaN NaN NaN NaN NaN NaN NaN NaN NaN NaN NaN NaN NaN NaN 
NaN NaN NaN NaN NaN NaN NaN NaN NaN NaN NaN NaN NaN NaN NaN NaN NaN NaN NaN NaN NaN NaN NaN NaN NaN NaN NaN NaN NaN NaN NaN NaN NaN NaN NaN NaN NaN NaN NaN NaN 
NaN NaN NaN NaN NaN NaN NaN NaN NaN NaN NaN NaN NaN NaN NaN NaN NaN NaN NaN NaN NaN NaN NaN NaN NaN NaN NaN NaN NaN NaN NaN NaN NaN NaN NaN NaN NaN NaN NaN NaN 
NaN NaN NaN NaN NaN NaN NaN NaN NaN NaN NaN NaN NaN NaN NaN NaN NaN NaN NaN NaN NaN NaN NaN NaN NaN NaN NaN NaN NaN NaN NaN NaN NaN NaN NaN NaN NaN NaN NaN NaN 
NaN NaN NaN NaN NaN NaN NaN NaN NaN NaN NaN NaN NaN NaN NaN NaN NaN NaN NaN NaN NaN NaN NaN NaN NaN NaN NaN NaN NaN NaN NaN NaN NaN NaN NaN NaN NaN NaN NaN NaN 
NaN NaN NaN NaN NaN NaN NaN NaN NaN NaN NaN NaN NaN NaN NaN NaN NaN NaN NaN NaN NaN NaN NaN NaN NaN NaN NaN NaN NaN NaN NaN NaN NaN NaN NaN NaN NaN NaN NaN NaN 
NaN NaN NaN NaN NaN NaN NaN NaN NaN NaN NaN NaN NaN NaN NaN NaN NaN NaN NaN NaN NaN NaN NaN NaN NaN NaN NaN NaN NaN NaN NaN NaN NaN NaN NaN NaN NaN NaN NaN NaN 
