NaN NaN NaN NaN NaN NaN NaN NaN NaN NaN NaN NaN NaN NaN NaN NaN NaN NaN NaN NaN NaN NaN NaN NaN NaN NaN NaN NaN NaN NaN NaN NaN NaN NaN NaN NaN NaN NaN NaN NaN 
NaN NaN NaN NaN NaN NaN NaN NaN NaN NaN NaN NaN NaN NaN NaN NaN NaN NaN NaN NaN NaN NaN NaN NaN NaN NaN NaN NaN NaN NaN NaN NaN NaN NaN NaN NaN NaN NaN NaN NaN 
NaN NaN NaN NaN NaN NaN NaN NaN NaN NaN NaN NaN NaN NaN NaN NaN NaN NaN NaN NaN NaN NaN NaN NaN NaN NaN NaN NaN NaN NaN NaN NaN NaN NaN NaN NaN NaN NaN NaN NaN 
NaN NaN NaN NaN NaN NaN NaN NaN NaN NaN NaN NaN NaN NaN NaN NaN NaN NaN NaN NaN NaN NaN NaN NaN NaN NaN NaN NaN NaN NaN NaN NaN NaN NaN NaN NaN NaN NaN NaN NaN 
NaN NaN NaN NaN NaN NaN NaN NaN NaN NaN NaN NaN NaN NaN NaN NaN NaN NaN NaN NaN NaN NaN NaN NaN NaN NaN NaN NaN NaN NaN NaN NaN NaN NaN NaN NaN NaN NaN NaN NaN 
NaN NaN NaN NaN NaN NaN NaN NaN NaN NaN NaN NaN NaN NaN NaN NaN NaN NaN NaN NaN NaN NaN NaN NaN NaN NaN NaN NaN NaN NaN NaN NaN NaN NaN NaN NaN NaN NaN NaN NaN 
NaN NaN NaN NaN NaN NaN NaN NaN NaN NaN NaN NaN NaN NaN NaN NaN NaN NaN NaN NaN NaN NaN NaN NaN NaN NaN NaN NaN NaN NaN NaN NaN NaN NaN NaN NaN NaN NaN NaN NaN 
NaN NaN NaN NaN NaN NaN NaN NaN NaN NaN NaN NaN NaN NaN NaN NaN NaN NaN NaN NaN NaN NaN NaN NaN NaN NaN NaN NaN NaN NaN NaN NaN NaN NaN NaN NaN NaN NaN NaN NaN 
-71.014177 -73.304425 -78.042698 -85.413154 -79.836746 -76.019145 -75.390895 -75.903457 -76.317119 -77.513715 -80.775097 -81.831568 -80.985373 -82.883575 -83.182838 -85.086458 -90.827548 -94.398005 -96.357743 -98.374993 -97.428682 -98.293252 -97.330671 -97.035854 -97.694701 -99.844140 -102.141429 -101.141716 -103.383355 -105.272110 -102.744375 -99.450114 -94.392679 -96.826576 -93.834997 -99.225800 -99.751037 -101.287402 -98.976780 -99.282528 
-43.641164 -53.507190 -59.475154 -59.077691 -65.320502 -59.535324 -57.437314 -61.896400 -64.239343 -64.828167 -68.938319 -67.136782 -70.949358 -70.307861 -71.156433 -71.961072 -76.583017 -82.032848 -77.950993 -81.971357 -80.116169 -81.245503 -82.696166 -79.704046 -81.071296 -79.598628 -82.915466 -81.415295 -79.213101 -79.199329 -83.272582 -83.032809 -76.556341 -80.013899 -75.648626 -79.761500 -79.484238 -84.035189 -83.254686 -81.042887 
-37.809859 -50.101009 -46.226626 -46.828200 -53.233788 -56.160660 -63.552598 -66.501950 -66.608362 -66.876330 -67.560536 -70.174843 -72.024431 -71.364738 -73.817744 -71.963088 -73.867386 -78.711671 -75.849405 -77.432014 -78.324637 -76.903143 -78.097223 -74.606333 -76.484788 -76.155409 -76.945402 -76.137360 -79.240749 -77.389639 -77.031856 -80.066174 -78.091878 -78.614678 -77.345897 -78.264823 -79.474002 -78.037225 -80.222967 -80.704394 
-31.869510 -31.158831 -22.909083 -19.852037 -20.958219 -26.381415 -37.635002 -41.291889 -45.470195 -49.242656 -51.526092 -47.992935 -50.403003 -47.780829 -48.812044 -48.851063 -51.238456 -54.096461 -62.205997 -60.433189 -69.402225 -67.093502 -69.764731 -67.625894 -65.020190 -70.454149 -74.501858 -72.106470 -73.114203 -73.737115 -77.143510 -71.975169 -71.253811 -71.251229 -73.311527 -73.509409 -75.002744 -74.382614 -74.693698 -77.040898 
-18.709501 -14.537591 -7.567497 -10.282548 -16.737340 -16.439111 -18.751297 -17.871172 -19.475444 -22.455162 -24.562458 -27.285803 -30.535969 -28.595478 -23.610027 -22.120433 -24.541228 -29.228967 -32.059864 -36.338304 -45.470244 -45.744000 -50.915505 -49.382192 -49.191334 -54.767946 -53.379364 -54.950166 -53.941457 -46.431999 -48.891455 -48.979544 -50.790144 -57.556677 -60.268105 -60.828745 -60.545925 -64.247581 -61.986726 -67.000850 
-14.953223 -5.267476 -3.870380 -7.712833 -7.172870 -10.946564 -16.840572 -9.996562 -10.291417 -12.635432 -13.265961 -9.998360 -12.938332 -12.746708 -9.115405 -10.696893 -17.717684 -23.656176 -22.744323 -23.944752 -30.519609 -38.739854 -42.320538 -43.859007 -43.467014 -42.194703 -43.766813 -42.905092 -42.902976 -38.517546 -38.920446 -39.853509 -43.746706 -45.282473 -47.960227 -51.083986 -49.474548 -49.840236 -48.025098 -52.397171 
-22.692427 -10.488765 -3.566102 -4.539445 -8.027294 -4.906417 -12.360550 -13.013711 -11.836987 -10.896672 -14.455633 -7.469260 -10.955665 -8.364454 -4.949070 -4.829712 -12.401673 -14.449755 -19.507300 -22.161217 -26.977496 -27.707522 -31.513772 -34.730380 -32.776801 -35.173673 -37.964676 -37.352077 -33.950700 -31.168225 -30.500355 -27.323948 -33.055451 -34.803772 -41.785544 -40.483287 -42.488985 -40.749211 -40.224460 -38.792731 
-25.930460 -15.538410 -7.499356 -8.287074 -11.666297 -9.598671 -9.518003 -15.918698 -19.174776 -25.556799 -25.556858 -12.270503 -8.812105 -9.955036 -7.737307 -8.713675 -16.252284 -21.571407 -28.894609 -28.238901 -32.445224 -33.800856 -34.838876 -34.315235 -37.681110 -39.942141 -34.316338 -39.914338 -37.099798 -33.192037 -31.598379 -33.879683 -33.952818 -34.036149 -41.188464 -39.808365 -40.912511 -41.881676 -36.739978 -38.356569 
-21.479204 -5.249293 3.679966 1.774410 -1.430407 2.037253 -2.012094 -3.657980 -14.593133 -17.883803 -17.898903 -11.722002 -11.005987 -10.188662 -8.007692 -14.389350 -13.224833 -17.620680 -22.574919 -28.889215 -26.561749 -30.976250 -35.266056 -34.690101 -31.421997 -35.661499 -35.605544 -35.394175 -36.437409 -36.849882 -29.438333 -28.936749 -33.746065 -33.964309 -38.202890 -41.200069 -37.484879 -39.839534 -36.706600 -40.145943 
-18.318236 0.773625 8.814673 2.484212 4.545725 9.863145 0.821797 1.221859 -4.233279 -9.428464 -13.587877 -13.319973 -3.543026 -4.739338 -6.493898 -16.684233 -10.872177 -16.174488 -22.513294 -25.566783 -24.827191 -29.227315 -29.114498 -30.537972 -30.165829 -32.920581 -33.216206 -32.112352 -36.606168 -37.887215 -30.492856 -28.773372 -34.863045 -36.903397 -38.208526 -37.902214 -34.160421 -33.012690 -35.783062 -41.960423 
-16.494047 1.597349 11.163910 5.535019 9.680560 14.002283 6.754164 10.956294 0.411707 -2.442949 -8.949131 -7.573300 -2.859357 -2.507299 -5.129173 -10.905478 -8.060576 -11.064660 -16.873315 -20.748364 -20.258330 -28.418714 -30.144443 -28.907694 -30.296684 -31.158541 -31.549362 -34.211209 -33.615707 -35.532378 -35.924871 -36.166138 -38.518209 -39.675468 -41.105998 -40.713589 -35.868902 -35.801715 -37.178029 -45.995404 
-17.179703 2.193198 12.962289 8.185436 10.177534 17.908650 8.540908 13.724634 7.023954 1.687080 -4.754831 -4.430090 -4.248960 0.251165 -0.039688 -5.123207 -10.305471 -10.131727 -9.499038 -21.820928 -26.473067 -29.860215 -33.112159 -32.106854 -33.060143 -34.549696 -36.159596 -34.682708 -35.513917 -37.176503 -34.466236 -34.783100 -37.951747 -38.883068 -40.293044 -40.876348 -39.098753 -37.819280 -40.231543 -41.904579 
-31.193342 1.632091 13.536305 9.548312 9.136892 19.872150 11.159187 15.466370 13.409144 3.480487 0.340315 -1.775153 -2.495109 3.625234 3.839833 1.469328 -3.741306 -3.953686 -3.992230 -15.251028 -27.149178 -31.356110 -34.060102 -35.378205 -36.487192 -38.612187 -39.205947 -40.011855 -40.141346 -39.722709 -35.488621 -36.963735 -41.088494 -43.400909 -44.569561 -44.797577 -43.778651 -44.448908 -44.563353 -45.062249 
-22.344070 -0.313115 13.493665 10.930389 7.086823 20.567840 14.636853 16.308020 19.287455 5.308914 5.467956 -0.063214 0.195766 5.781721 6.691121 10.564308 2.806668 1.896776 -1.144049 -8.932106 -20.167119 -30.307127 -36.431666 -41.754347 -43.001187 -41.858239 -41.808619 -43.664178 -41.823167 -39.506945 -35.200083 -36.213701 -43.554216 -44.873011 -44.972315 -43.293711 -44.952043 -44.746403 -44.930656 -49.281178 
-13.889576 -0.872706 13.318159 12.272592 3.934808 19.435078 15.327456 14.784845 22.857469 6.812182 7.898938 -0.192112 3.948173 3.758137 4.768077 13.649287 7.838033 5.731177 6.283853 -1.994945 -12.861695 -24.295710 -31.861085 -34.299794 -35.269431 -35.025015 -36.458222 -36.236805 -34.392137 -31.532505 -27.338124 -31.114243 -37.656402 -37.310907 -38.672873 -37.771437 -40.066834 -39.816153 -39.439708 -40.718153 
-11.842019 -4.538926 12.796621 12.921240 0.185218 17.145553 15.547435 11.007290 23.897163 12.019861 9.878076 1.843648 5.715005 0.722616 4.111644 9.132921 8.433593 12.275477 11.328711 5.903013 -0.634240 -15.323414 -23.651718 -28.919450 -30.759179 -33.037039 -33.986012 -34.282467 -30.879279 -27.051424 -21.520248 -27.076817 -35.857576 -36.425997 -36.276673 -32.512437 -39.669155 -39.256782 -38.976511 -41.466066 
-14.787019 -6.553967 12.105301 14.333060 0.842418 13.324937 15.507160 5.090158 22.921323 15.881810 9.099564 6.377162 4.330814 1.367335 4.240535 1.521569 3.187902 11.225771 11.783092 11.044395 8.183864 -4.782778 -16.727136 -23.971400 -27.372411 -30.442793 -32.199411 -31.694563 -27.251353 -21.570345 -17.671276 -24.311585 -34.266216 -35.283856 -33.552527 -28.180742 -35.965528 -36.378221 -35.322667 -38.129121 
-23.440185 -9.409656 11.162438 15.324977 1.297608 8.835246 15.213029 3.139059 20.899531 18.071074 5.523632 8.695429 2.098136 3.500654 1.912853 -1.219106 0.551947 6.007115 8.955025 13.411450 9.599505 2.381944 -5.860737 -16.400504 -22.302245 -27.445221 -29.003056 -31.243111 -23.152826 -16.458445 -13.976443 -22.463516 -35.077506 -33.367484 -30.112804 -25.179810 -36.818489 -36.971135 -33.597859 -39.945786 
-25.555281 -14.471696 9.704461 15.890514 3.626039 4.453649 15.049430 4.938002 18.319684 20.106567 2.304075 8.372780 -1.146876 4.732429 -2.426654 -0.781977 -1.927899 0.620819 5.082609 12.588775 9.849025 6.923194 2.315489 -9.758310 -16.547482 -20.753155 -23.682562 -25.179473 -17.812526 -12.485036 -13.423350 -21.392072 -31.944105 -30.198274 -27.314791 -23.266245 -32.275038 -33.284205 -31.659051 -34.382807 
-19.847162 -18.845241 7.560875 16.428928 7.012140 -0.797118 14.985124 9.417413 13.001067 21.785504 5.635671 6.832859 0.463178 3.384663 -3.198413 -0.944046 -6.241453 -3.671936 1.606226 7.158500 8.428570 8.570813 4.724971 -2.762478 -9.838288 -15.578386 -18.557213 -21.253769 -13.475843 -7.949197 -10.479299 -18.563556 -33.604312 -25.945864 -22.424606 -18.904386 -32.473633 -31.996369 -28.435771 -43.098570 
-32.293842 -25.500826 5.301222 16.506956 8.844652 -3.626634 14.378545 11.718236 5.361704 21.473684 9.251242 3.007221 1.683250 -1.829711 -3.042255 -4.977151 -9.566370 -5.621766 -3.600268 0.123795 5.816862 8.621686 4.135334 0.647421 -4.904625 -12.105495 -15.491603 -18.623892 -11.508747 -6.563862 -9.060493 -16.753581 -31.135601 -23.086948 -20.020484 -16.801575 -32.356482 -30.686981 -25.482823 -41.259803 
-26.680839 -21.176394 4.519446 16.684811 10.112479 -6.605258 13.602163 13.305005 -0.179283 20.285886 11.808655 0.575758 3.591301 -5.540999 -1.884160 -8.094854 -8.790190 -5.039213 -5.393396 -1.506174 4.750710 8.215275 4.315518 0.991555 -1.905265 -8.730752 -12.877971 -17.137496 -11.245343 -6.096250 -9.309539 -14.936356 -29.591583 -21.584579 -18.404468 -15.515950 -29.467827 -28.059491 -25.417088 -42.897354 
-20.463396 -20.787002 3.378149 16.617524 11.006507 -6.985915 12.582741 14.325283 -3.626953 19.432039 13.911338 -1.296076 4.304042 -6.602575 -0.973029 -9.492019 -7.428904 -5.256406 -5.824203 -1.100046 4.308260 7.275285 4.719161 0.777383 -0.264000 -6.696597 -11.496089 -16.703154 -10.823608 -6.258277 -8.369363 -15.012257 -28.583510 -20.237231 -16.952251 -15.104723 -27.800050 -26.981486 -24.259836 -39.653473 
-14.447694 -18.378906 1.514436 16.619040 11.930339 -10.671292 11.265034 14.969278 -5.486560 17.865902 15.575494 -3.986716 4.577440 -8.200918 -0.406472 -10.246930 -6.229688 -5.867753 -6.244639 -0.669760 3.363690 5.376848 4.542596 0.557218 -0.124295 -6.490869 -11.569116 -17.165530 -11.420558 -8.035233 -9.238283 -16.254981 -28.652865 -20.086846 -16.751801 -14.951011 -29.144457 -26.729642 -24.633918 -40.949251 
-15.722846 -21.062120 0.400923 16.600464 12.529488 -11.367465 10.340738 15.291881 -6.171578 16.841142 16.770181 -4.592479 4.716949 -7.795042 0.841823 -9.529565 -4.494558 -6.275035 -5.045593 0.847898 4.531439 4.713671 3.856423 0.847174 0.699066 -4.865243 -9.619549 -15.404086 -11.296946 -7.280364 -9.095998 -14.090105 -27.273702 -18.506638 -14.485019 -13.004421 -25.707523 -23.605773 -21.695476 -40.299400 
-19.914996 -21.868993 -0.559303 16.423306 13.319669 -10.443478 9.065689 15.956036 -2.626412 15.595205 18.357600 -4.156640 4.766674 -7.163713 1.588416 -7.576528 -2.440911 -5.184963 -1.996630 2.989821 5.909565 5.537526 1.290425 0.385451 0.296970 -4.179425 -9.061980 -15.241087 -11.427163 -6.641902 -8.587020 -12.253877 -26.915048 -17.607188 -12.894173 -11.791045 -25.137984 -24.041479 -22.016974 -39.074017 
-21.267466 -22.633773 -1.558526 16.156322 13.746079 -11.019388 7.808189 16.046209 -1.747097 14.481419 19.265870 -4.533090 5.125448 -4.883366 2.256451 -6.028416 -1.402106 -5.204477 0.148607 4.532079 5.760258 6.128168 -2.999885 -1.220480 -1.060381 -4.516610 -8.906492 -14.688570 -12.620704 -7.876580 -10.337426 -14.068001 -27.102003 -19.297797 -15.443099 -13.871854 -26.024100 -23.845868 -21.863558 -36.664487 
-23.111022 -25.055321 -0.386011 16.229485 13.045699 -11.721261 9.123674 15.079433 -3.700122 16.897266 19.003142 -3.456513 5.453638 -5.847726 4.012013 -5.269160 -0.225031 -2.497769 1.073629 7.193445 6.713116 4.780205 -3.075369 -2.803207 -2.355806 -2.604322 -8.374362 -14.856534 -12.078784 -7.409018 -8.756788 -11.885710 -25.989097 -19.918358 -15.579514 -14.740123 -27.375015 -25.537051 -22.947675 -39.718285 
-20.053988 -21.975369 0.481334 16.356255 12.199841 -10.950631 10.171762 14.493643 -6.537013 18.714876 17.827277 -2.862616 4.955329 -5.641185 4.962587 -5.531677 -0.262715 -0.557131 1.480937 8.512229 5.608674 1.474565 -5.382859 -6.157167 -6.223390 -3.450642 -9.089749 -16.409498 -12.870459 -8.730561 -9.523830 -12.755581 -26.713109 -21.465213 -16.059457 -14.619289 -27.729188 -26.201694 -24.840653 -40.846959 
-24.988208 -24.225750 2.816829 16.523584 11.202314 -7.629005 11.811082 13.513220 -2.971591 20.178830 15.725063 0.257669 4.233506 -3.053574 4.803530 -3.968404 -0.952058 1.338503 3.775935 8.688768 4.771997 -1.797080 -7.023239 -8.704209 -6.937349 -3.053197 -7.424160 -16.017106 -11.737463 -8.254526 -9.847809 -14.484940 -28.125110 -23.900728 -18.475104 -16.340751 -29.866954 -27.341206 -27.835586 -43.978763 
-21.755381 -17.904531 6.126055 16.467260 9.801028 -0.144286 13.339153 11.300679 7.201710 20.349812 11.021157 2.015910 1.580247 -1.406214 0.187487 -2.830726 -4.828877 -0.131374 6.480747 5.758874 0.586276 -6.496464 -10.934624 -9.445294 -8.382295 -4.935089 -8.172801 -16.254881 -12.387781 -9.676558 -13.352493 -17.826863 -34.421154 -31.464888 -24.786251 -21.517526 -34.225183 -32.152319 -32.767245 -44.417595 
-16.990957 -16.513171 8.907039 16.341749 6.832811 2.998128 11.719032 6.796540 8.745564 11.467232 0.543257 0.358696 -5.491536 -8.780434 -13.385631 -10.321345 -12.348896 -6.400285 3.052747 -4.690272 -12.145683 -14.921179 -17.839550 -14.226407 -15.619915 -11.339013 -16.675014 -21.979341 -19.844540 -18.266659 -22.481013 -27.180117 -39.708232 -38.639912 -29.980613 -23.041356 -32.801224 -36.989709 -42.549559 -49.938490 
-22.395625 -13.635421 10.720987 17.338313 6.779710 2.792459 12.628974 3.044535 -4.750604 -2.715060 -11.040944 -6.383685 -12.277493 -7.305255 -19.665106 -20.662896 -27.810971 -15.263547 -7.201039 -18.918528 -22.976960 -25.966515 -25.632099 -17.963252 -17.248207 -21.845206 -31.610465 -35.247737 -34.235802 -34.644673 -37.509289 -36.004769 -39.930668 -39.337008 -31.722028 -26.423787 -36.029431 -38.011631 -42.426152 -48.531120 
-28.255185 -8.232000 12.387072 15.869147 1.648633 5.926615 10.017131 -5.524731 -1.077348 -3.983068 -7.694181 -7.850514 -4.935112 -6.561235 -24.903928 -25.308256 -23.854701 -15.688413 -10.984352 -13.363991 -21.114366 -26.065154 -26.510858 -15.948026 -16.194040 -20.250926 -31.320502 -35.617560 -34.828517 -37.067611 -36.549439 -36.008890 -39.522479 -35.431990 -26.954390 -23.037964 -29.150134 -33.288487 -37.079501 -41.053277 
-19.236773 -0.920392 14.104787 13.303534 -1.438232 9.879922 5.938796 -2.727986 1.342380 -13.204653 -8.098376 -9.639117 -2.007980 -10.194295 -14.518395 -19.917216 -21.770225 -16.302906 -11.872774 -18.267349 -25.576385 -29.570200 -28.264888 -19.466903 -17.663304 -20.043230 -28.121969 -39.172254 -37.672188 -39.488685 -33.050969 -34.485556 -40.632509 -33.791327 -23.638080 -21.914309 -29.622455 -33.166540 -36.323461 -42.459178 
-18.142489 -0.824502 14.411143 14.138397 0.023933 10.908251 7.539832 -3.226912 3.622173 -11.679451 -7.693310 -8.555910 -1.563263 -15.093909 -16.572011 -21.718754 -21.893903 -14.376053 -14.860362 -19.336260 -24.082366 -27.199371 -26.156298 -17.634756 -16.780258 -22.691456 -28.519266 -34.464054 -33.754779 -37.737721 -34.593474 -32.260029 -38.716430 -30.785551 -20.777645 -21.647337 -25.082529 -29.111688 -33.236273 -41.737643 
-13.125109 -1.298017 14.675837 13.682239 -2.858816 10.883926 7.032711 -1.915529 4.437572 -10.413508 -7.598179 -10.229669 -4.125074 -19.323784 -23.573556 -19.710715 -19.185127 -20.241848 -16.740487 -24.182806 -28.355038 -30.922943 -25.397821 -16.664426 -16.399260 -23.986706 -37.933549 -39.573403 -37.768285 -39.170424 -32.434621 -36.646200 -37.628215 -31.262271 -27.113286 -24.167834 -32.211018 -33.853018 -40.540013 -46.687785 
-25.548433 0.819722 15.041900 12.902656 1.273839 12.576293 5.371513 1.235888 2.927320 -14.628398 -11.987012 -11.058501 -9.244176 -17.107569 -12.656805 -11.146869 -20.015406 -17.952901 -19.531694 -22.274683 -26.855683 -29.937957 -26.308601 -19.651814 -22.485431 -32.105064 -39.811259 -42.558044 -39.600946 -36.336637 -35.502311 -40.005227 -40.812059 -34.453613 -28.547613 -25.549744 -33.107758 -36.194015 -42.137025 -43.827814 
-29.525324 1.920029 15.147232 11.763177 2.849103 13.550193 5.061950 3.797275 2.161240 -14.985819 -15.708904 -12.807835 -10.913637 -9.530441 -5.450469 -8.677289 -19.953115 -18.861120 -16.073025 -20.923509 -25.093792 -28.046380 -25.217165 -15.983942 -18.001344 -32.595179 -45.525056 -44.715283 -35.505050 -28.429834 -33.315103 -43.931919 -42.806235 -38.795238 -25.338894 -19.986344 -32.295942 -35.021693 -40.523285 -48.210349 
-16.026667 4.231804 15.197492 10.126546 7.219338 14.232561 2.809813 5.027143 -0.819441 -20.650749 -18.312280 -9.652751 -9.454725 -8.293955 -1.856067 -10.536791 -25.105810 -23.792572 -13.808769 -19.859928 -26.659546 -28.670590 -25.543705 -13.911877 -13.659557 -29.107634 -42.684244 -43.940411 -35.317733 -29.755074 -36.314862 -41.288365 -40.069515 -33.081529 -30.372894 -27.181944 -38.861217 -42.667412 -44.294914 -46.678529 
-16.827115 5.049396 15.132621 9.093776 10.567668 14.362225 1.143142 5.259378 -7.412708 -17.399652 -16.695787 -9.448036 -4.892265 -4.731715 -1.296881 -13.467881 -21.340435 -17.960247 -16.003511 -22.799333 -28.542330 -29.947220 -26.285098 -15.651139 -14.284575 -27.954476 -42.916884 -45.798673 -33.104241 -28.560046 -32.850161 -37.935945 -40.037835 -34.268641 -26.430428 -22.263574 -35.037158 -41.150456 -42.595073 -45.959511 
-12.066363 5.300100 14.884287 10.974273 11.888316 14.057225 4.029665 4.994501 -8.521779 -15.517746 -16.021331 -9.566472 -1.091714 -1.571245 -1.291753 -15.136173 -19.347380 -15.935309 -16.351011 -21.108065 -23.624273 -26.940803 -23.894820 -16.435449 -15.691441 -22.752730 -36.589816 -39.915584 -32.710772 -25.866065 -29.935613 -38.081564 -35.335594 -26.765525 -22.798682 -25.547048 -35.646876 -38.529833 -39.401601 -43.428955 
-12.088486 2.256626 13.382153 11.479120 8.996476 8.199086 3.723205 3.893693 -6.323968 -7.233229 -3.702099 -8.366638 -0.575791 -0.687165 -2.932073 -14.487427 -21.560510 -21.081811 -18.251379 -22.994459 -34.393815 -33.972334 -32.038560 -22.393704 -22.115893 -31.252800 -36.702632 -39.017072 -29.432718 -26.526273 -32.906241 -36.861077 -37.398595 -32.000756 -26.642843 -28.917222 -30.386425 -33.696179 -39.731628 -43.763383 
-8.071756 7.982433 14.410255 7.756075 13.480923 13.902753 10.930603 14.457380 15.929895 13.008319 9.647147 4.693084 6.500086 9.785184 4.863050 -3.672092 -10.139239 -12.702389 -11.278865 -16.707223 -23.093093 -24.977943 -24.149626 -19.404283 -20.299989 -25.529922 -26.081832 -27.114045 -18.977759 -20.696456 -28.969291 -37.674973 -39.070603 -33.809914 -29.940020 -26.997835 -28.861729 -26.001155 -33.584719 -42.019835 
-9.105627 9.405053 14.357846 6.203939 16.474589 12.535489 11.076773 8.544486 17.990447 17.052482 16.335980 10.575831 11.985423 15.320740 8.246039 1.331324 -5.358766 -10.030766 -12.246323 -16.020072 -20.033644 -22.523657 -22.007390 -18.564729 -20.620353 -19.658226 -22.472621 -25.030748 -16.458537 -15.040440 -20.826833 -33.231071 -37.282082 -29.694946 -25.133532 -25.686789 -34.028954 -34.300888 -37.053676 -39.567147 
-8.182456 9.897254 14.121137 8.511660 16.956039 11.014867 11.001899 8.110941 16.877615 15.772240 19.655340 11.410883 13.608641 17.559743 13.751432 4.420943 -3.772992 -8.707263 -10.425851 -13.004487 -16.969251 -21.069067 -20.638747 -19.664112 -20.398324 -15.441045 -18.673933 -21.594448 -12.016202 -9.951902 -16.299199 -28.939168 -32.044418 -27.365567 -20.818363 -19.704123 -30.342554 -30.205342 -32.048656 -34.573879 
-7.385554 9.871619 13.229138 9.204832 16.581599 9.890381 10.971430 8.189758 14.026282 17.214601 19.394723 12.787166 15.279734 17.007475 16.625777 4.970726 -3.419752 -7.471442 -7.940736 -11.775696 -16.659248 -19.179309 -20.487750 -18.535318 -17.746047 -12.761769 -15.225824 -19.624412 -10.442606 -7.829984 -13.814829 -27.537945 -38.442482 -27.720101 -21.008683 -18.883020 -31.395377 -31.680497 -33.321540 -40.610002 
-6.130891 9.700460 12.221764 9.169124 15.930064 8.288477 10.309525 7.614887 11.719448 18.515380 17.789429 14.282340 14.355131 16.919648 16.642562 6.796134 -0.794570 -6.507413 -8.673415 -12.102437 -16.924619 -19.511170 -20.734661 -19.359237 -21.533492 -12.787702 -13.600959 -17.732638 -8.929757 -7.171574 -12.986124 -27.219901 -40.132535 -28.270671 -21.174248 -19.037448 -30.020967 -25.759567 -28.290727 -43.949440 
-7.789307 9.270168 11.452393 9.149035 15.205562 7.191862 9.541663 7.297724 10.871213 18.661585 15.374574 14.442801 12.541720 17.834230 16.162493 9.317978 -0.347685 -5.998991 -8.325600 -12.525677 -16.839482 -20.799362 -21.323655 -20.311761 -21.413709 -12.597832 -12.150400 -17.641830 -8.776983 -5.564918 -11.096138 -25.486570 -38.482839 -28.264575 -20.813849 -19.021211 -28.847384 -27.863301 -31.088342 -40.171304 
-6.304138 8.948010 10.597104 9.608940 14.299923 7.318319 8.754657 7.341927 10.102985 18.376771 14.601494 14.700975 11.985525 18.213418 15.704945 9.398158 -0.713931 -4.544629 -7.655741 -11.691313 -15.993263 -18.268891 -18.808492 -19.640298 -21.068176 -12.011590 -11.243680 -16.398361 -9.025406 -6.356323 -11.167300 -25.302057 -35.523321 -27.227047 -20.519524 -19.166804 -29.543621 -28.960186 -31.658061 -37.764924 
-7.407415 8.853936 9.771997 9.524311 13.753417 6.925307 8.128208 7.966689 10.173397 18.147966 15.419980 14.679585 11.983780 17.910375 16.632434 9.274247 -0.875572 -4.854986 -7.953329 -11.482112 -16.322901 -20.171859 -21.441164 -20.927246 -22.468078 -13.234605 -11.196760 -16.054398 -8.763692 -5.439908 -10.258823 -24.585652 -40.193541 -29.865247 -19.323924 -15.513228 -28.067950 -30.846945 -35.671123 -46.626611 
-7.637559 8.565157 9.260313 9.537038 13.397774 6.704447 7.756515 8.263330 10.452371 17.647640 15.596486 14.076193 11.500325 17.635696 17.213036 8.922002 -0.191873 -4.746695 -7.838519 -11.667515 -17.121672 -20.556828 -22.954401 -22.130907 -24.497872 -15.547269 -12.691317 -16.836619 -9.013718 -5.626178 -10.245437 -24.067261 -40.475023 -30.512668 -19.445418 -16.607979 -29.673813 -29.088241 -32.713265 -45.982100 
-7.155007 8.517973 8.989562 9.642871 13.211401 6.675102 7.434288 8.298242 9.754871 17.159863 15.492184 13.781804 11.872875 17.909209 17.737908 9.334900 0.050932 -4.451332 -7.908527 -11.829372 -16.447237 -19.914322 -22.055251 -20.604716 -23.129467 -13.423496 -10.560704 -15.547689 -8.079711 -4.233486 -9.693421 -24.362152 -40.046334 -28.243877 -19.592072 -18.169796 -30.629333 -29.423528 -35.843792 -46.316891 
-7.110754 8.444994 8.771551 9.789417 12.937997 6.681666 6.950365 8.358791 9.578665 16.692107 15.645075 13.503797 11.676631 17.524735 17.467029 8.203618 0.228064 -4.504026 -8.276676 -12.129153 -17.068290 -19.985963 -21.377309 -19.867828 -22.134274 -13.878760 -11.086872 -15.787032 -8.651645 -5.383528 -9.985689 -23.928769 -39.702110 -32.270927 -21.213053 -18.649199 -29.662448 -29.978910 -37.691927 -45.599647 
-5.692394 8.595119 8.675550 9.731435 12.743790 6.075365 6.500023 8.326152 9.441171 15.808774 16.027608 13.201991 11.155538 16.832724 17.395226 8.843368 0.983847 -4.695882 -8.344033 -11.623230 -15.223170 -18.628813 -20.950282 -19.848560 -20.663981 -12.987768 -11.008979 -15.717681 -8.933982 -5.184801 -9.548131 -23.680351 -37.901902 -30.327389 -22.005510 -19.904185 -30.863336 -31.507206 -37.591472 -47.093782 
-5.463479 8.603909 8.549853 10.116015 12.253257 6.380407 6.090667 8.025005 9.574245 14.881791 16.047801 12.245787 12.320275 16.238145 17.224305 10.527051 2.955396 -4.270719 -7.900956 -12.071891 -15.690398 -19.453948 -20.598608 -19.831392 -20.912919 -11.882315 -11.307612 -16.358256 -9.905593 -5.702344 -10.172460 -23.761911 -37.531086 -31.079751 -22.290924 -20.721625 -32.423466 -32.650895 -34.272460 -40.131582 
-5.656967 8.614687 8.548261 10.272863 11.911631 6.518310 6.056680 7.655255 9.586103 14.337834 16.421273 12.097128 12.693245 15.915139 17.100288 12.611191 3.684421 -3.904122 -7.014565 -11.172975 -15.004658 -18.371924 -19.236676 -18.562889 -19.757215 -11.728686 -10.371962 -15.299504 -9.148693 -4.661361 -8.920788 -22.275417 -40.698094 -31.542749 -22.314037 -19.067355 -29.198046 -29.969086 -33.332314 -46.345681 
-6.361676 8.721385 8.109267 10.133502 11.484661 6.373849 5.729868 7.153841 9.159071 13.705438 16.013454 11.197917 12.649270 15.286808 16.478929 14.053949 3.253622 -4.011386 -6.826946 -11.130552 -14.547515 -18.860997 -20.242881 -18.882685 -18.666110 -11.816151 -12.179602 -18.018448 -11.422396 -6.662749 -10.887174 -23.187214 -41.849856 -29.732467 -21.117962 -20.297255 -32.332972 -32.751564 -34.651111 -46.399015 
-6.577697 8.553131 7.816329 9.787684 11.279156 6.316625 5.567307 6.788681 8.316548 13.755745 15.676909 11.705862 12.997605 15.434437 16.487051 14.714487 3.847961 -3.490535 -6.556630 -10.562544 -13.906733 -17.741131 -19.314861 -18.088446 -16.398242 -9.314189 -10.770279 -16.777124 -10.603994 -5.385069 -8.059257 -19.081574 -38.921535 -31.054276 -21.219761 -20.226851 -26.863835 -27.076546 -32.422498 -47.476910 
-4.470214 8.352085 7.491906 9.645005 10.833474 6.398976 4.888200 6.458999 7.475914 12.840588 14.992796 11.596187 12.945889 15.124175 15.797142 15.502462 5.140396 -2.660679 -6.044544 -10.129620 -13.067419 -16.635181 -17.776668 -16.083570 -14.032857 -8.369863 -11.170336 -17.436646 -11.049399 -5.268869 -7.850104 -19.430686 -35.604924 -30.168363 -20.872471 -18.062745 -28.479482 -26.909268 -29.870835 -39.806807 
-5.640614 8.370572 7.552868 9.125263 10.363754 6.115982 4.981109 6.328702 6.839356 11.648959 13.889806 11.321661 13.269641 14.242009 14.265012 15.339480 6.167909 -2.117798 -5.548504 -9.353663 -12.404662 -16.476762 -18.168605 -15.660032 -12.708596 -8.014364 -12.157960 -17.838558 -12.007455 -6.443332 -8.907540 -19.266941 -36.873966 -30.688760 -20.667713 -20.039276 -29.926828 -27.599757 -30.556479 -44.791123 
-6.013945 8.098517 7.568509 9.111262 9.889680 6.104593 5.359946 6.091778 7.115259 10.457721 12.810580 11.519421 13.491498 13.516215 12.637855 14.292241 7.343248 -0.457777 -3.902719 -7.720751 -10.758161 -14.725045 -16.623818 -14.033337 -10.846760 -7.544962 -12.220958 -17.411783 -11.890252 -5.876098 -7.304686 -17.635939 -33.627166 -27.881416 -19.017408 -19.490678 -27.967365 -26.365663 -30.860453 -46.315279 
-5.693419 8.102210 7.992449 8.402364 9.780554 5.766917 5.311004 5.693700 6.404904 9.984370 11.899343 11.888391 13.472731 13.259507 11.693829 12.725895 8.568732 -0.230819 -3.620412 -8.416551 -12.542597 -15.763103 -17.038048 -13.167636 -8.722089 -6.723166 -14.032413 -20.088719 -13.917817 -8.380179 -10.335640 -19.698443 -37.325217 -32.024763 -24.743025 -25.564520 -34.023407 -31.780013 -34.071637 -50.099563 
-6.531746 7.879852 8.339312 7.442510 9.905061 4.463736 5.242485 4.187579 4.712364 8.674898 9.258935 9.765592 11.191825 10.581225 8.082895 9.318353 6.585467 -2.654413 -6.405934 -11.800069 -14.535244 -17.868014 -19.062394 -15.735583 -10.848751 -9.811618 -17.733225 -24.410426 -20.231942 -13.268992 -15.699710 -27.437582 -43.984773 -36.609304 -30.350262 -28.967118 -36.060792 -34.495928 -35.108114 -47.757936 
-7.749176 7.227561 7.928394 6.443265 9.169829 3.662303 4.306879 2.924788 3.170336 7.190173 7.069578 8.636338 10.707672 9.870100 7.054850 4.880705 2.829048 -3.321485 -6.968722 -11.827202 -15.825671 -18.863437 -23.279043 -18.781653 -13.821237 -12.478199 -20.311827 -28.484349 -23.740518 -17.151871 -17.573553 -29.346892 -43.031136 -33.883289 -25.747907 -20.584411 -33.061552 -36.717478 -34.315912 -44.832883 
-8.272708 4.315565 6.105202 5.812290 4.249865 1.252322 0.353108 -2.997300 -3.377821 -0.209936 -1.706019 1.964498 4.499699 2.649270 -0.972751 -2.741849 -2.027649 -9.302884 -12.958420 -19.414042 -22.446818 -27.265084 -29.158024 -28.217882 -21.650604 -23.380876 -28.995714 -32.072682 -30.322307 -25.438340 -24.151143 -34.235207 -42.195901 -31.599451 -28.608797 -26.932767 -31.908083 -33.315394 -29.317869 -40.454278 
-7.323870 4.610939 9.169332 8.488783 5.349657 2.958396 1.529279 -0.827762 0.086118 1.340584 2.602246 1.469130 0.302640 2.090748 3.902643 1.088396 -0.658782 -8.156116 -11.710762 -18.756672 -20.632388 -24.748464 -27.051433 -25.842242 -22.572784 -21.443047 -29.557467 -33.244430 -33.179292 -30.226581 -24.028438 -28.752521 -43.147984 -34.128462 -25.065028 -26.839851 -31.040202 -29.220273 -31.964602 -46.759175 
-8.027974 7.473740 8.725828 4.904851 8.101728 0.513208 -0.335040 -2.583890 -1.412820 1.608992 0.332358 -0.847186 0.845831 2.819315 -2.348936 -2.836732 -2.882621 -5.308780 -7.559986 -17.296339 -25.735528 -29.419384 -32.065634 -29.261449 -24.470925 -19.454135 -24.926490 -29.791944 -29.846629 -24.767527 -21.197033 -25.883769 -36.797786 -33.299035 -28.720141 -29.220841 -32.471050 -31.121757 -33.999661 -47.922943 
-7.977980 7.218081 9.632029 2.573931 7.059271 -1.024259 -4.110651 -6.639729 -8.169706 -3.640181 -4.802817 -3.188569 -1.960535 1.217559 -4.661893 -5.295650 -6.576392 -10.338039 -14.616007 -16.169070 -20.897262 -25.923453 -31.380453 -25.493885 -23.775804 -21.553459 -29.513138 -37.091406 -35.329110 -29.813659 -25.917612 -30.419863 -40.650088 -37.697431 -32.541174 -33.489124 -33.516472 -29.867675 -36.020871 -46.420629 
-2.777713 7.633771 8.796060 0.773552 4.136532 -5.507887 -8.128476 -7.525422 -6.291853 -5.417392 -9.777005 -8.950669 -8.584641 -1.870049 -4.663278 -9.128975 -9.452319 -11.973333 -10.762949 -20.017718 -27.246525 -27.260298 -32.564770 -32.835173 -26.277316 -22.941676 -26.922322 -33.737632 -32.374712 -28.767505 -26.082280 -30.292627 -38.762867 -35.024138 -31.136841 -34.230543 -35.409475 -35.207431 -34.259600 -43.870128 
-4.178172 -2.104729 -1.784401 -3.196655 -5.283558 -8.739231 -10.856067 -10.379549 -10.401842 -11.318406 -13.164175 -13.834872 -15.312578 -11.931679 -11.935014 -13.981103 -15.616984 -16.676048 -15.960670 -23.656011 -33.565326 -35.522175 -40.618342 -40.262090 -34.351426 -33.750609 -33.852986 -36.620306 -35.076377 -33.855757 -30.846969 -37.180764 -41.064727 -36.957441 -39.574445 -40.219305 -40.846982 -44.923488 -43.172949 -49.912950 
-47.490686 -36.923201 -39.794070 -51.989961 -63.638787 -60.069394 -57.069724 -57.648494 -61.388218 -63.098533 -57.054204 -56.542669 -61.122695 -52.352466 -47.292443 -56.645078 -60.415469 -57.333580 -54.919058 -60.278351 -69.701701 -70.692298 -72.554782 -71.004843 -71.903142 -65.493968 -69.773632 -75.271890 -75.477285 -71.058151 -73.681532 -74.686257 -79.650824 -81.308432 -74.813248 -76.572696 -80.477981 -79.716509 -78.064469 -80.653022 
-52.169936 -45.890710 -46.165769 -57.594880 -57.973531 -60.226017 -63.317049 -66.332298 -65.178890 -65.339604 -60.756227 -60.516934 -61.754373 -60.028976 -59.704145 -61.164137 -65.891555 -69.158497 -61.386688 -64.500035 -74.132939 -78.305833 -79.091229 -77.363077 -77.655366 -74.396086 -77.767452 -80.764472 -82.327818 -79.766022 -78.054714 -77.880217 -80.654901 -80.953061 -81.830236 -80.950880 -86.931137 -85.390124 -84.355431 -85.562625 
-72.403086 -69.423912 -69.288544 -68.277730 -67.232965 -69.087080 -74.253513 -78.483354 -76.891114 -76.525028 -77.607028 -82.089045 -74.736874 -76.759089 -81.097040 -79.519046 -77.936407 -82.119152 -79.844922 -85.681490 -82.815252 -85.292696 -85.002066 -85.764104 -86.402970 -87.536939 -88.203520 -89.210657 -90.862136 -92.441142 -91.804042 -94.133582 -94.837874 -93.501031 -94.673057 -95.948799 -94.746100 -93.602009 -93.591234 -95.906865 
NaN NaN NaN NaN NaN NaN NaN NaN NaN NaN NaN NaN NaN NaN NaN NaN NaN NaN NaN NaN NaN NaN NaN NaN NaN NaN NaN NaN NaN NaN NaN NaN NaN NaN NaN NaN NaN NaN NaN NaN 
NaN NaN NaN NaN NaN NaN NaN NaN NaN NaN NaN NaN NaN NaN NaN NaN NaN NaN NaN NaN NaN NaN NaN NaN NaN NaN NaN NaN NaN NaN NaN NaN NaN NaN NaN NaN NaN NaN NaN NaN 
NaN NaN NaN NaN NaN NaN NaN NaN NaN NaN NaN NaN NaN NaN NaN NaN NaN NaN NaN NaN NaN NaN NaN NaN NaN NaN NaN NaN NaN NaN NaN NaN NaN NaN NaN NaN NaN NaN NaN NaN 
NaN NaN NaN NaN NaN NaN NaN NaN NaN NaN NaN NaN NaN NaN NaN NaN NaN NaN NaN NaN NaN NaN NaN NaN NaN NaN NaN NaN NaN NaN NaN NaN NaN NaN NaN NaN NaN NaN NaN NaN 
-76.375735 -76.375577 -76.375315 -76.374868 -76.374257 -76.373386 -76.372304 -76.370890 -76.368969 -76.366627 -76.363716 -76.360040 -76.355669 -76.350336 -76.343959 -76.336584 -76.327883 -76.317977 -76.306670 -76.293909 -76.279363 -76.262621 -76.243612 -76.221512 -76.196005 -76.167091 -76.134793 -76.099350 -76.060171 -76.016502 -75.967410 -75.913199 -75.854811 -75.792341 -75.724713 -75.651711 -75.575638 -75.497490 -75.414091 -75.336253 
-76.298366 -76.298209 -76.297947 -76.297499 -76.296886 -76.296012 -76.294923 -76.293496 -76.291554 -76.289180 -76.286223 -76.282483 -76.278032 -76.272596 -76.266096 -76.258584 -76.249731 -76.239669 -76.228202 -76.215273 -76.200536 -76.183556 -76.164242 -76.141752 -76.115787 -76.086389 -76.053627 -76.017740 -75.978050 -75.933695 -75.883738 -75.828670 -75.769600 -75.706413 -75.637640 -75.563428 -75.486810 -75.406255 -75.311802 -75.214443 
NaN NaN NaN NaN NaN NaN NaN NaN NaN NaN NaN NaN NaN NaN NaN NaN NaN NaN NaN NaN NaN NaN NaN NaN NaN NaN NaN NaN NaN NaN NaN NaN NaN NaN NaN NaN NaN NaN NaN NaN 
NaN NaN NaN NaN NaN NaN NaN NaN NaN NaN NaN NaN NaN NaN NaN NaN NaN NaN NaN NaN NaN NaN NaN NaN NaN NaN NaN NaN NaN NaN NaN NaN NaN NaN NaN NaN NaN NaN NaN NaN 
NaN NaN NaN NaN NaN NaN NaN NaN NaN NaN NaN NaN NaN NaN NaN NaN NaN NaN NaN NaN NaN NaN NaN NaN NaN NaN NaN NaN NaN NaN NaN NaN NaN NaN NaN NaN NaN NaN NaN NaN 
NaN NaN NaN NaN NaN NaN NaN NaN NaN NaN NaN NaN NaN NaN NaN NaN NaN NaN NaN NaN NaN NaN NaN NaN NaN NaN NaN NaN NaN NaN NaN NaN NaN NaN NaN NaN NaN NaN NaN NaN 
