NaN NaN NaN NaN NaN NaN NaN NaN NaN NaN NaN NaN NaN NaN NaN NaN NaN NaN NaN NaN NaN NaN NaN NaN NaN NaN NaN NaN NaN NaN NaN NaN NaN NaN NaN NaN NaN NaN NaN NaN 
NaN NaN NaN NaN NaN NaN NaN NaN NaN NaN NaN NaN NaN NaN NaN NaN NaN NaN NaN NaN NaN NaN NaN NaN NaN NaN NaN NaN NaN NaN NaN NaN NaN NaN NaN NaN NaN NaN NaN NaN 
NaN NaN NaN NaN NaN NaN NaN NaN NaN NaN NaN NaN NaN NaN NaN NaN NaN NaN NaN NaN NaN NaN NaN NaN NaN NaN NaN NaN NaN NaN NaN NaN NaN NaN NaN NaN NaN NaN NaN NaN 
NaN NaN NaN NaN NaN NaN NaN NaN NaN NaN NaN NaN NaN NaN NaN NaN NaN NaN NaN NaN NaN NaN NaN NaN NaN NaN NaN NaN NaN NaN NaN NaN NaN NaN NaN NaN NaN NaN NaN NaN 
-56.659448 -56.156526 -56.671148 -59.349539 -65.070609 -70.978334 -71.169235 -74.578881 -75.104861 -79.025670 -79.538065 -78.631550 -79.841832 -76.884284 -79.596250 -79.778393 -88.552134 -89.916936 -91.091321 -86.405677 -84.458298 -82.256376 -85.216382 -84.290561 -85.779834 -90.278940 -84.157330 -83.786293 -86.252433 -87.811342 -84.458734 -83.277957 -86.720857 -87.773999 -87.187663 -88.418501 -88.028446 -88.339258 -84.842435 -88.983312 
-34.630613 -30.892282 -28.734551 -25.841577 -26.401720 -27.984015 -30.977514 -34.241121 -34.570322 -35.081621 -37.598334 -39.387163 -40.489259 -41.754425 -42.370310 -44.082243 -44.912451 -46.173086 -46.656466 -47.591778 -48.601188 -49.276907 -50.011664 -50.382882 -51.070689 -51.587019 -52.165937 -52.875625 -53.294086 -53.964876 -54.511780 -54.945188 -55.408935 -55.885758 -56.180321 -56.658111 -56.857786 -57.139083 -57.348496 -57.447625 
-18.284758 -8.402576 -0.123413 5.920178 5.121747 -2.397796 -11.300589 -10.957004 -13.771114 -19.276279 -32.242624 -36.108060 -35.405487 -37.007158 -35.816870 -37.509927 -38.502367 -43.315113 -44.042770 -45.389874 -45.264743 -46.077432 -47.186132 -47.789944 -48.683590 -49.055670 -49.746440 -50.583677 -50.921558 -51.471291 -51.996525 -52.710940 -53.191370 -53.364931 -53.704544 -53.992886 -54.473220 -54.408696 -54.782973 -54.926864 
-14.115968 -11.429949 3.501993 12.695065 8.000406 -7.382557 0.132170 -2.263823 -12.602587 -10.814444 -19.959763 -26.393313 -32.615440 -38.742303 -35.131620 -36.580097 -35.982581 -41.397929 -50.055830 -51.464054 -51.699233 -50.395745 -54.125897 -53.473765 -56.084839 -56.871312 -57.319912 -58.607183 -58.372559 -58.357597 -59.143508 -59.009287 -58.880154 -59.529920 -60.455550 -58.874629 -58.263661 -58.766040 -60.763477 -62.625220 
-20.769387 -13.670364 0.532874 6.569240 0.642175 -7.834743 -4.531478 -11.566184 -25.125176 -17.783943 -27.046981 -31.957202 -35.199436 -36.722707 -37.251697 -39.976726 -39.852892 -41.011566 -42.183871 -43.073772 -43.424306 -44.658456 -45.132302 -45.647719 -46.434993 -47.177749 -47.711525 -48.194342 -48.710225 -49.369647 -49.870854 -50.273938 -50.597658 -51.100986 -51.382763 -51.928854 -52.207686 -52.206173 -52.642927 -52.732019 
-26.404806 -28.068481 -17.221385 -9.704220 -15.905676 -29.063584 -26.581151 -25.708503 -33.292582 -33.737616 -38.227428 -39.593262 -42.105102 -41.911047 -43.401591 -43.557227 -44.536492 -45.267171 -46.435962 -47.088477 -47.952406 -48.575573 -49.069211 -50.028187 -50.555129 -51.056253 -51.967173 -52.332268 -52.707182 -53.327971 -53.911989 -54.480157 -54.781306 -55.090699 -55.549944 -55.980777 -56.307283 -56.482077 -56.730234 -56.930061 
-10.917625 -9.021697 -11.205171 -14.897232 -16.168437 -22.555843 -18.503235 -15.271421 -17.530812 -17.448770 -16.342141 -13.764103 -10.171263 -5.964511 -2.175388 0.750632 1.422307 -2.781049 -10.603352 -21.800974 -27.719400 -27.338010 -27.645707 -28.468487 -31.375483 -35.041242 -40.234050 -45.192955 -46.250596 -41.125840 -38.541310 -40.606981 -37.072315 -44.587606 -53.434516 -52.836355 -49.931572 -47.044654 -48.204813 -47.436541 
-10.421255 -9.440403 -14.117282 -14.127261 -15.806463 -25.917911 -15.644652 -12.696429 -18.868779 -18.331679 -22.028080 -17.660040 -13.352575 -7.965666 -3.117463 0.703828 2.896136 -3.099537 -11.146883 -25.011485 -26.573158 -26.525673 -29.653259 -30.812351 -34.114606 -36.841318 -37.430096 -39.510706 -41.390543 -39.571206 -38.447252 -37.952909 -31.913329 -36.868700 -42.649820 -43.984357 -43.823265 -41.999920 -41.300125 -42.948152 
-17.978622 -22.458003 -24.487446 -23.009188 -19.541751 -19.409885 -20.680313 -16.106837 -18.841999 -18.255884 -23.989726 -26.937373 -24.460809 -16.841246 -10.187046 -12.440119 -2.319285 -7.450193 -16.830319 -19.740917 -27.745553 -28.013908 -27.783192 -33.376840 -32.788860 -32.970505 -34.652688 -34.911906 -36.503352 -35.277029 -38.202013 -31.185137 -26.941405 -33.483569 -40.364372 -42.233442 -42.316527 -39.698706 -38.815014 -40.103029 
-13.144000 -20.153967 -8.571796 1.663130 3.040692 -4.499127 -9.307325 -7.232650 -7.382091 -14.139478 -21.137598 -21.206628 -27.931088 -17.046341 -13.277109 -8.651091 -3.208656 -10.533400 -11.729333 -20.742955 -21.551149 -27.654240 -25.836820 -26.960351 -32.687072 -33.277883 -38.038095 -37.456949 -35.309638 -35.065194 -35.304345 -33.947712 -30.773728 -33.448327 -40.835457 -41.728135 -41.496216 -42.372088 -45.275699 -45.232429 
-11.688106 -10.139447 -1.911627 13.923259 16.814003 5.822557 0.328123 12.550237 11.464050 -3.133573 -5.120471 -8.409959 -9.421585 -6.730560 -7.976491 -5.228555 -4.199165 -7.893594 -17.221645 -19.047129 -19.750023 -22.108101 -23.355736 -32.311907 -35.830948 -33.321987 -32.194563 -36.225500 -35.568638 -34.803381 -33.550368 -32.397604 -30.545963 -33.977092 -42.948045 -45.881220 -44.577600 -43.934281 -44.314756 -40.861562 
-20.283653 -17.087898 -17.820603 14.497316 20.044374 6.414789 -3.722568 15.946190 17.656621 -4.954598 -0.596788 1.895421 -11.555031 0.492039 -7.151324 0.686212 -1.767408 -6.345491 -13.421392 -16.280993 -16.043319 -17.459377 -20.757900 -27.449306 -28.894425 -30.782595 -32.007873 -32.532636 -33.494538 -32.629567 -27.861222 -27.107367 -27.727583 -33.733851 -37.165884 -37.380105 -37.517296 -37.777929 -37.543900 -35.739092 
-19.175521 -20.533208 -13.943537 13.184561 20.912086 9.280372 -11.321611 14.146706 20.892069 1.102384 -0.637042 8.757533 -8.508342 3.301980 1.253144 2.558679 8.109854 -5.237718 -3.122886 -11.320635 -11.892484 -11.593098 -24.896791 -29.679801 -32.123099 -34.257741 -35.228352 -35.344248 -34.073559 -30.014233 -20.478963 -24.665693 -24.887154 -34.403844 -43.990607 -44.241076 -44.303605 -44.532128 -42.297844 -33.451319 
-14.364295 -12.919587 -20.178523 9.619631 20.312883 10.673677 -15.273189 10.313372 21.960018 5.405612 -3.951776 11.624551 -2.343921 1.646538 4.999789 -1.743432 10.266997 -2.275920 4.049661 -9.221236 -7.424690 -10.590674 -20.528655 -27.670632 -29.800297 -35.054976 -34.498954 -34.863011 -33.463152 -28.843580 -17.834620 -23.361879 -22.063879 -32.326132 -52.351245 -51.456845 -53.783733 -53.419584 -44.782470 -32.633969 
-17.323508 -16.676665 -19.642894 7.250924 19.852601 11.869806 -14.806194 7.751357 21.916297 8.761132 -8.405928 12.264683 2.904671 -1.260458 6.842589 -6.913207 7.817137 -1.328137 7.014027 -3.815031 -2.358096 -12.335538 -15.188722 -21.244784 -28.521252 -32.666471 -33.852676 -33.687554 -31.834225 -27.209065 -19.176078 -21.654692 -18.565977 -30.825207 -48.562722 -51.741022 -51.859031 -52.045159 -41.912319 -31.338606 
-18.092702 -15.858877 -18.268789 6.561923 19.759679 12.642506 -11.104396 2.930077 20.648290 9.850174 -11.410355 12.240759 6.137025 -4.177307 8.150342 -7.060467 4.628843 -4.926631 7.967815 2.167754 1.135650 -8.492031 -8.212946 -15.269953 -24.540076 -28.166989 -29.473353 -29.151865 -26.933532 -22.515590 -16.296363 -21.226188 -15.524353 -23.721144 -49.371209 -49.987143 -50.247688 -51.068681 -43.285852 -30.827160 
-28.256029 -24.592543 -21.556861 4.873455 19.190412 13.470604 -10.783110 -3.171234 18.585294 11.045427 -16.677842 11.296049 9.621601 -7.423251 8.536613 -3.702172 1.417126 -3.006696 5.717315 3.121405 4.675328 -1.253333 -1.849160 -9.851806 -16.613117 -22.638682 -24.514729 -24.946709 -22.943561 -19.315011 -10.691370 -18.036936 -14.066315 -20.614136 -47.130689 -51.392535 -51.316664 -51.889378 -42.578473 -29.405917 
-13.338233 -17.127436 -16.930198 1.382071 18.272950 15.016618 -6.838926 -13.373032 16.421601 13.516537 -11.318669 9.657417 12.956601 -9.206575 7.396421 1.742993 -3.719233 -1.681523 -0.959550 2.143502 5.747631 4.920915 0.620993 -6.402352 -8.627246 -16.279123 -19.400921 -21.032554 -20.712427 -15.981359 -8.728970 -14.099343 -12.027728 -20.028646 -35.307831 -36.545629 -36.871933 -37.172760 -36.767757 -28.392124 
-25.344461 -29.900616 -27.815161 -1.142292 17.688757 15.501196 -7.922852 -18.293349 15.225147 14.861119 -12.196984 8.968906 15.504584 -7.285977 6.628114 3.217977 -7.628680 -1.786050 -7.095212 0.615727 4.429382 7.090175 -0.885614 -3.888441 -2.649455 -10.940295 -16.288688 -18.674971 -18.742962 -12.735172 -9.395950 -13.996885 -12.165974 -18.751762 -38.736061 -47.566550 -49.300688 -47.742221 -42.630761 -30.054103 
-28.640121 -27.058304 -30.849168 -1.621392 17.085016 15.156868 -8.545575 -19.459246 13.682817 13.783325 -12.425265 8.654701 16.581942 -4.863481 8.289224 6.885633 -9.197303 -0.587231 -7.766803 1.294384 4.024831 8.186280 -0.816230 -3.070407 -0.014737 -5.374069 -11.470366 -14.843365 -16.651698 -12.178849 -9.581390 -13.430428 -13.185405 -17.217590 -32.089451 -45.434071 -48.909768 -47.162693 -43.253904 -32.168802 
-29.304573 -26.236318 -27.062615 -3.229821 16.016119 15.109787 -7.077875 -26.144584 11.324308 13.488544 -12.574613 6.399705 16.774731 -3.009568 7.873125 10.356704 -12.219752 0.475776 -10.211540 1.447107 1.373717 9.722887 -1.791019 -3.154136 -0.343348 -3.751631 -7.132899 -11.916041 -14.970950 -13.165310 -8.901201 -12.406162 -14.202467 -17.907418 -29.155096 -38.917480 -39.974488 -40.509984 -40.429219 -31.534690 
-20.747752 -24.874694 -25.479261 -4.599942 15.208070 15.594282 -5.327555 -19.851979 9.187639 14.196245 -7.696193 2.512424 16.292784 0.804253 5.113476 11.453883 -10.970286 0.546490 -10.298160 1.269653 -2.023775 10.531998 -1.128697 -0.467298 -1.353780 -4.005949 -4.794594 -9.942639 -14.177644 -15.031584 -7.999765 -10.961645 -13.853679 -16.225705 -26.839519 -41.510653 -45.938006 -46.041286 -44.526277 -35.025603 
-26.232859 -17.735059 -17.886422 -6.705446 14.572508 15.876913 -3.210753 -22.843272 8.593718 14.996571 -6.030889 -0.912677 15.731529 2.027343 0.824932 11.103606 -10.186514 0.621148 -8.395726 0.307987 -5.498579 9.012534 -1.558474 0.235416 -3.176105 -5.162210 -4.107223 -6.191153 -12.798953 -14.028281 -8.322678 -8.908186 -13.497849 -16.344708 -25.873327 -40.513925 -43.783164 -44.192240 -41.915243 -33.752749 
-29.073431 -31.575459 -33.164481 -5.207046 15.072978 15.493141 -5.794824 -24.508192 10.095810 14.455253 -7.856508 1.990531 15.783443 1.084526 3.825206 10.896151 -9.867255 0.367857 -10.855964 0.465628 -4.767172 8.860454 0.017130 -0.423751 -3.466954 -5.522790 -4.241431 -3.534777 -9.569268 -12.925440 -7.712913 -6.875543 -12.381515 -14.848340 -22.132068 -37.424941 -41.626669 -42.015622 -41.354290 -34.104386 
-25.670383 -35.748819 -29.734553 -2.130100 16.393109 14.951930 -7.227268 -18.404103 11.672389 12.173237 -11.673464 5.936058 15.014254 -3.442741 7.456724 8.535067 -9.543474 -0.808943 -11.121593 -0.880846 -1.267137 6.515610 2.723322 -1.427364 -3.538823 -5.668477 -5.588105 -3.886208 -6.157134 -10.948249 -7.356279 -6.479458 -12.100236 -15.242564 -21.098534 -37.805275 -45.757414 -46.757254 -45.609806 -34.419078 
-29.768397 -26.734363 -33.136686 -1.443600 16.964675 14.639651 -8.290934 -16.630163 12.051835 10.666700 -13.924345 7.129065 14.223723 -7.447334 8.412791 7.092902 -7.555404 -1.305147 -9.574299 -2.076341 0.437387 3.839687 1.451776 -3.967399 -5.364989 -6.881629 -6.407893 -2.976610 -3.677606 -9.204172 -7.002873 -6.863615 -11.246771 -14.858275 -20.698854 -35.693434 -44.638671 -47.062924 -42.853049 -33.302544 
-19.368899 -27.456067 -31.167716 1.323651 17.776163 13.554038 -11.097534 -11.928352 13.448146 7.843446 -14.186961 10.235983 12.261618 -7.109751 11.027361 3.841121 -2.390222 -2.472865 -4.503486 -3.245034 4.603532 1.555282 3.695739 -3.943330 -6.336330 -6.987321 -5.826331 -1.369133 -3.413887 -8.617314 -6.274412 -5.059639 -10.446316 -14.041640 -20.988904 -36.500089 -46.939575 -47.579580 -43.698993 -34.917725 
-14.481137 -18.814382 -24.812641 4.399294 18.659512 12.530629 -10.501362 -1.579398 15.057909 5.251411 -7.668168 12.641444 8.250832 -1.365411 12.091283 -1.540776 2.024873 -3.600583 0.169602 -4.829824 5.590293 2.477297 4.629219 -0.226965 -6.400679 -8.306333 -5.824291 -1.195078 -2.630170 -9.708193 -6.574208 -5.293401 -11.102373 -14.586261 -20.068581 -37.217388 -47.463516 -49.330600 -44.152422 -34.234519 
-16.065066 -17.125749 -21.459676 8.750721 19.490477 10.278181 -13.894832 6.056476 16.227941 0.156183 -1.332279 13.013168 -0.029249 5.545435 10.254012 -5.403704 2.913220 -6.934045 1.624418 -2.745766 1.701111 6.971648 1.536935 -1.348167 -6.757807 -8.746710 -6.822980 -1.694222 -2.470767 -8.734244 -6.490407 -5.017549 -10.228874 -14.686897 -22.029690 -38.575808 -48.270830 -50.109355 -43.264209 -34.660247 
-23.654167 -22.113930 -15.726729 12.587694 19.746964 7.898607 -6.249978 12.191739 14.783637 -3.814482 3.784314 11.042916 -7.158582 6.081644 3.720687 -6.655352 -2.482922 -6.895150 -2.176699 -2.827522 -1.566875 6.409053 -5.633168 -9.609038 -11.398933 -12.091358 -10.070607 -3.208146 -7.259947 -12.148392 -9.948487 -8.776774 -13.813415 -19.969697 -28.572996 -41.695219 -46.018178 -46.187834 -45.361064 -38.081684 
-26.896068 -15.348197 -6.264240 17.866998 21.229581 6.912018 0.613858 14.775833 6.947069 -8.313125 -1.502425 1.833741 -15.433805 -2.218133 -9.071710 -12.298646 -12.265783 -12.122817 -10.288447 -7.252074 -5.372007 -2.993569 -16.800228 -21.229096 -22.145268 -20.520410 -17.664109 -12.150386 -17.474543 -23.398322 -20.859392 -17.572185 -23.555002 -32.003481 -35.136641 -41.797190 -43.474574 -43.752402 -42.587132 -40.486621 
-17.227082 -15.848311 -0.143097 21.671089 22.837598 4.365575 2.788149 16.841102 8.093332 -16.343711 -8.276697 -11.059414 -11.509522 -9.932698 -18.903046 -21.327260 -21.523291 -21.465525 -15.817632 -13.330708 -6.391515 -17.287577 -25.349382 -26.822603 -27.903680 -25.597499 -25.055194 -27.072127 -30.890636 -31.786387 -24.368393 -14.493530 -21.035692 -30.126008 -32.326525 -34.842267 -35.912803 -36.187313 -35.941666 -34.231141 
-14.681545 -13.073440 3.719901 23.500017 22.188070 -0.086775 7.685993 16.961463 1.879525 -16.198114 -7.334229 -17.658687 -13.857946 -20.622053 -19.100345 -20.752734 -19.609506 -20.487968 -16.031188 -9.987640 -13.224295 -20.427845 -30.064106 -32.746613 -31.916647 -27.560311 -26.126181 -31.674420 -35.583656 -35.460217 -26.505794 -17.301375 -23.195815 -32.738816 -34.330032 -37.564366 -38.842948 -39.244439 -38.749441 -37.852391 
-8.848480 -18.175036 8.937577 24.226514 20.395953 -1.059138 12.586882 14.649485 -8.503175 -5.254413 -8.541407 -18.996971 -15.960829 -20.485466 -17.123370 -18.964717 -18.401023 -15.178144 -15.022077 -11.495239 -19.769451 -23.914456 -31.691631 -35.592019 -34.778059 -30.770401 -27.890398 -32.157521 -39.297550 -39.115766 -27.850203 -19.201684 -27.325777 -35.123527 -37.095562 -42.344684 -43.480256 -43.404226 -43.229202 -42.339795 
-19.172664 -12.018141 13.800579 23.397740 15.489601 3.348853 16.149302 12.297710 -8.192569 0.044369 -13.681474 -14.390564 -19.538277 -16.010973 -16.511640 -15.262486 -15.235955 -14.544549 -12.902439 -18.173309 -23.376438 -24.176543 -36.820169 -40.167094 -39.216943 -34.512355 -32.991080 -37.193888 -46.126499 -41.046779 -33.488805 -28.687647 -30.467944 -41.296376 -44.735356 -50.188919 -53.983890 -55.898428 -52.341268 -45.205228 
-10.944019 -6.237498 16.248128 21.914631 9.047112 6.798609 15.995094 5.918082 -1.067652 0.281524 -13.385918 -10.129237 -20.315529 -14.383580 -15.887014 -13.820328 -9.983875 -12.424880 -13.131006 -21.430795 -25.361105 -27.695764 -36.807725 -45.162269 -40.834770 -35.131187 -36.501824 -42.630079 -49.387472 -42.550238 -33.320852 -34.377164 -37.715973 -45.316854 -41.903948 -50.004774 -54.293516 -54.538645 -53.025298 -46.162561 
-12.627384 -4.972624 17.289140 21.680810 7.607244 8.984414 14.826730 -0.830480 0.452766 -3.547013 -7.453270 -6.442486 -14.272140 -13.597177 -10.871930 -12.443010 -8.092564 -15.247591 -19.822822 -23.535357 -25.366498 -26.620380 -33.337489 -34.408573 -35.013478 -33.837659 -34.307388 -36.630276 -37.633582 -37.053672 -29.660274 -33.689405 -35.135847 -38.950421 -37.040226 -40.371191 -41.126486 -41.457928 -41.368249 -40.546742 
-24.241955 -2.340957 17.698110 21.608023 7.473362 9.481506 14.940243 -0.361469 1.265141 -3.421851 -6.772704 -5.338106 -11.949379 -11.267011 -7.111346 -8.953858 -5.115626 -15.351900 -21.509556 -23.418026 -26.465088 -25.639455 -30.372679 -31.565557 -32.012937 -31.510025 -31.091724 -34.095695 -34.846708 -33.519377 -27.890219 -31.224251 -34.160952 -36.961007 -35.734894 -37.413573 -38.209976 -38.415126 -38.540701 -38.721676 
-18.671783 -1.423646 17.782480 19.708567 4.240531 12.085547 13.417640 -1.808992 4.015868 -6.310847 -2.761751 -8.363706 -8.472412 -11.060682 -5.293645 -4.704113 -5.489891 -11.344811 -19.465090 -23.939477 -24.343555 -26.393453 -34.517876 -41.988372 -40.196853 -30.949540 -30.101864 -43.076365 -45.099560 -37.332120 -28.914962 -34.669261 -38.478982 -46.945835 -40.996473 -48.239134 -51.283961 -51.175984 -51.285331 -45.872610 
-18.482252 2.430876 17.142732 15.572141 3.064273 14.055108 9.381185 -1.490203 5.368344 -6.729213 -0.784136 -10.338134 -6.888693 -5.832042 -4.840188 -1.823637 -3.002455 -7.803214 -14.852271 -19.902658 -21.592411 -24.150490 -35.051633 -43.145861 -41.154849 -30.929029 -29.362474 -40.007548 -48.486570 -37.238258 -29.534939 -32.769329 -36.079393 -48.823907 -42.335548 -52.049177 -58.113822 -55.645016 -54.346810 -46.207389 
-26.497359 2.068889 16.502880 15.363508 6.475961 12.803732 15.071059 10.125042 11.558919 2.991989 -2.797972 -0.579083 -1.238733 1.786273 -0.209148 3.385400 1.707439 -4.869410 -11.613321 -16.213034 -19.193761 -21.148436 -31.789498 -37.796064 -38.607912 -34.045186 -31.343526 -31.759792 -33.929847 -29.465213 -25.430357 -31.074903 -36.604936 -45.362891 -42.011751 -51.450382 -56.927028 -56.744779 -53.680948 -49.033030 
-19.317286 4.269679 16.477009 12.837642 5.464151 11.932344 8.074361 13.776611 18.188440 16.471599 11.387602 11.524797 9.744947 10.634908 11.824397 11.324948 11.797026 3.852830 -5.042813 -10.446139 -13.587076 -16.612753 -23.506269 -29.431539 -28.861306 -27.573852 -23.897657 -19.733697 -21.612547 -18.437081 -14.337756 -24.286627 -32.403357 -34.895779 -32.835166 -39.016441 -40.295039 -40.490824 -40.436228 -40.237391 
-16.986551 4.806008 16.390628 11.678902 5.702647 12.820082 4.859557 14.862228 8.705789 16.181484 11.639576 14.050930 13.069737 14.346952 15.179410 15.048018 14.222644 10.031666 1.306261 -5.996055 -9.486566 -11.630032 -16.706890 -20.710726 -21.965853 -24.367380 -20.618627 -17.453033 -19.211604 -15.949237 -11.086407 -18.271716 -25.761891 -28.334340 -28.959430 -40.689308 -48.955764 -49.240987 -48.936079 -47.059882 
-13.481947 5.472900 15.350526 9.725014 8.582061 11.292794 4.525831 13.547507 8.155284 15.427905 13.276454 15.551030 17.183594 14.107106 14.617068 14.507541 13.857588 12.512264 6.199882 -2.594767 -5.489509 -7.020741 -10.784517 -14.115683 -16.328347 -16.559653 -16.423647 -19.697010 -25.402981 -23.257408 -14.426746 -16.692150 -23.155161 -24.979142 -25.355557 -37.885469 -42.512571 -42.906963 -42.378568 -42.172542 
-12.835206 5.346730 13.191250 5.761663 9.044687 9.854672 5.228151 10.722369 7.215060 11.366655 13.296070 15.169661 20.135546 15.550523 12.492433 13.353710 14.634641 12.061626 6.515793 -1.875654 -5.765695 -6.851183 -9.046810 -13.313196 -12.917399 -11.688080 -9.610526 -17.360778 -25.371372 -26.244908 -17.300863 -21.103571 -27.522280 -27.304092 -27.877163 -37.712155 -41.693324 -41.877184 -41.345695 -42.166575 
-12.985660 4.644005 10.763567 2.726209 9.393076 7.361875 6.077862 7.795013 6.884399 6.359406 13.771561 14.380239 19.552742 15.892476 14.538792 15.325928 15.837244 13.837425 6.903951 -3.719636 -7.266321 -7.018416 -9.484167 -10.510027 -11.298878 -7.523668 -5.548515 -12.003555 -18.661437 -21.910789 -16.689553 -20.895359 -26.114752 -29.189146 -32.794749 -44.525538 -48.455914 -49.627009 -48.713343 -45.881040 
-13.368412 4.397921 9.121702 0.088722 9.918963 6.467396 6.945426 6.286297 6.860133 4.620843 12.153291 13.845467 17.360118 18.201387 16.415792 16.077925 16.340616 14.267398 5.933638 -5.359610 -7.019035 -8.173179 -9.695192 -13.150252 -11.176015 -8.187439 -5.148914 -11.223521 -16.422061 -18.500580 -13.534165 -18.981205 -23.750643 -25.474645 -28.997513 -36.167862 -37.078971 -37.324841 -37.523526 -37.520171 
-12.725483 4.771499 8.621608 1.923611 10.516553 5.570607 6.995280 3.997708 7.722938 5.676110 10.256426 13.404187 16.341715 18.472932 15.757553 15.818812 18.246588 13.447173 3.852521 -5.362971 -8.722285 -8.732892 -10.782598 -12.420214 -12.092353 -7.757825 -5.919366 -11.794571 -15.187228 -15.915661 -12.732117 -18.018266 -22.929224 -26.255968 -30.244175 -37.183820 -38.132102 -38.275121 -38.286326 -38.521836 
-10.943574 5.181624 8.712820 3.165257 10.348678 4.218487 6.837269 2.655855 7.754943 7.390370 10.569815 11.835932 16.022247 17.893992 16.104249 16.119780 18.882244 12.550991 3.264084 -5.300801 -9.117365 -9.793431 -11.938085 -14.105397 -12.875473 -8.451693 -5.175696 -10.398316 -14.697704 -16.566115 -12.889146 -19.412722 -23.483647 -25.268400 -28.181895 -42.351242 -45.900600 -45.338692 -47.102997 -46.677122 
-10.717038 5.012088 8.103033 3.157163 10.078090 2.401678 6.663029 2.074359 6.784950 7.823377 9.576487 11.553386 17.431051 17.139508 15.652714 16.170154 18.614653 12.534169 3.050655 -6.231423 -9.664406 -10.609217 -13.121269 -15.228166 -13.931358 -9.889258 -7.990225 -14.365436 -19.136285 -22.045591 -18.948530 -25.044157 -29.361678 -30.581524 -34.545557 -42.146846 -43.340633 -43.672470 -43.889783 -43.466644 
-8.459510 6.146262 8.278911 3.836093 10.032544 2.277306 5.994777 1.163475 5.942922 8.029744 8.000435 10.602167 17.119817 14.613868 13.556586 14.976703 15.127647 9.224226 -0.763709 -12.597739 -13.916668 -14.913880 -18.122071 -19.546583 -19.600712 -14.836580 -14.198768 -18.683345 -21.947640 -23.987854 -19.008566 -26.468078 -32.145252 -34.594082 -36.263561 -37.626281 -38.112564 -38.355723 -38.553988 -38.638644 
-9.584775 7.160171 8.613115 5.410861 10.082523 3.693055 5.872538 3.217585 5.761601 8.985145 7.707746 11.152159 17.556013 15.691163 15.846351 17.579097 17.128647 10.869035 -0.012810 -7.023979 -10.612643 -11.690050 -14.239306 -16.365714 -15.166534 -10.555907 -8.677109 -13.981550 -17.747644 -18.028509 -14.870238 -21.497576 -27.820411 -29.938938 -31.620438 -43.022154 -46.749386 -48.491510 -49.009111 -47.793323 
-8.998112 7.653694 8.703069 5.311175 9.601441 1.987960 4.390659 2.845901 4.209823 8.250111 6.374406 10.178441 16.469743 15.346307 15.508278 15.933618 16.317722 9.932295 -3.024032 -9.777293 -13.650734 -14.233227 -16.008511 -18.842238 -16.726977 -11.104440 -9.880878 -15.520477 -18.787423 -19.962618 -16.239057 -22.952549 -28.163270 -28.820318 -30.311024 -39.000174 -41.532419 -42.125145 -42.442036 -42.345173 
-8.251370 8.055508 8.648639 6.316714 9.442177 2.853391 3.672823 3.663929 3.840227 8.271780 7.295648 10.082014 16.522608 17.025308 16.420753 17.443786 18.401275 11.863501 -0.397246 -7.752072 -10.921502 -11.838737 -14.760928 -18.164141 -16.850267 -11.959077 -10.203132 -16.310124 -18.966279 -18.990731 -16.370830 -23.377437 -28.303145 -30.551793 -31.952231 -41.740528 -44.209703 -44.982772 -44.921859 -44.239564 
-7.015611 8.571680 8.745142 6.844530 8.857518 1.242321 0.160881 3.005374 1.796356 6.735544 5.839347 8.945037 14.391022 16.784033 14.530604 13.551272 17.044547 9.648685 -1.208350 -11.323554 -13.862825 -14.669671 -16.749970 -18.674076 -17.220898 -12.361112 -9.300635 -15.664309 -18.984865 -19.280852 -15.555032 -23.444958 -28.371153 -30.794101 -33.146580 -41.265548 -48.471756 -50.190456 -51.153452 -51.259977 
-7.507800 8.257773 9.353092 6.393740 9.629829 2.501843 1.860404 3.802048 3.952909 7.457810 6.542813 9.376956 14.251757 15.724790 14.257901 14.020203 15.371029 8.588291 -0.048712 -9.838077 -14.031370 -14.446369 -15.748557 -17.439573 -17.400447 -13.142474 -9.893050 -14.751136 -17.907741 -18.936041 -16.607939 -23.447589 -28.838923 -30.833217 -31.623035 -33.528191 -34.129561 -34.436966 -34.649489 -34.855798 
-8.700723 7.529597 8.541498 6.678890 8.858519 0.417367 -0.379969 2.063693 0.349762 4.121887 3.288182 6.413537 11.749174 12.769867 10.399931 10.523137 13.727210 7.612316 -4.060809 -15.032877 -17.850992 -19.214436 -21.820740 -24.651445 -24.422160 -20.457760 -15.916287 -18.380770 -22.741625 -24.599974 -22.655873 -30.108728 -36.294891 -37.580862 -38.460221 -45.866213 -51.123839 -51.623932 -50.662881 -49.158372 
-8.034134 7.420800 7.860274 3.712004 7.746427 -1.238913 -1.382659 -1.484351 -1.715359 2.837877 0.853178 3.493848 7.719365 8.375780 6.242492 4.313820 5.490400 0.202861 -9.262963 -17.580103 -22.237260 -22.479250 -24.354887 -27.641187 -28.499515 -26.159246 -21.112814 -20.921529 -23.926041 -26.721673 -25.281215 -30.707782 -36.679522 -39.775731 -37.916711 -44.793450 -47.265572 -47.831546 -47.732429 -47.623575 
-5.448220 7.831890 8.870319 4.938745 8.136790 -0.072700 1.072320 1.877676 3.500815 6.492758 6.233364 9.138673 13.867518 14.475461 13.061617 12.753049 14.725454 10.579389 0.894140 -8.587561 -13.303880 -13.753414 -15.941413 -17.842175 -18.114763 -16.373071 -9.854626 -8.869532 -13.332993 -15.774168 -13.422251 -18.773366 -26.871211 -32.409694 -31.390809 -38.875725 -52.399590 -52.970960 -52.938013 -48.714849 
-9.583730 6.354493 8.637350 1.318844 6.963608 -0.104737 1.819849 -2.578071 1.945429 3.652874 2.282179 5.452629 10.236659 8.276779 8.424497 8.339126 10.239400 7.259932 -0.827975 -10.960736 -16.198325 -17.924860 -19.626531 -21.476841 -21.995267 -20.612950 -14.877671 -12.948485 -16.488668 -18.669114 -16.914949 -20.651557 -27.624732 -30.391401 -29.223164 -36.269325 -43.806734 -44.615979 -44.506663 -44.552484 
-12.263073 4.563784 7.519855 0.576831 6.128983 -0.480728 2.848996 -1.953618 1.975508 2.828374 3.220512 3.842252 10.136339 10.050726 9.601158 9.264637 10.731478 8.103605 -0.302842 -12.785561 -15.887453 -17.568114 -19.353982 -21.163954 -22.525566 -21.390718 -14.278120 -11.082472 -16.644449 -19.046413 -16.322979 -20.031240 -28.380151 -30.315207 -27.990439 -35.203069 -42.734911 -42.941863 -43.212735 -42.847447 
-15.812114 1.465740 6.306601 -1.860335 4.522074 -1.709492 0.561217 -5.720535 -0.555451 -1.164621 -0.367736 -1.619239 3.587746 3.971878 3.548159 1.006243 -0.594580 -1.746498 -3.992210 -14.218294 -23.884883 -23.680986 -27.291273 -28.439675 -27.999766 -28.787074 -23.323450 -18.195988 -21.649837 -25.143526 -21.933147 -26.330413 -36.644357 -39.670806 -33.541838 -40.724901 -51.381185 -53.209716 -51.159626 -50.841503 
-17.646915 2.003562 6.680967 0.875567 5.465178 -0.695459 1.315389 -2.102046 0.137999 -0.245736 2.205094 1.417971 5.950087 6.750918 7.260530 5.449749 5.322211 2.405523 -1.278291 -12.101508 -20.918496 -21.109525 -23.849921 -24.261134 -25.959329 -25.110511 -22.342171 -18.086395 -23.921394 -25.577122 -20.873508 -25.854991 -35.832204 -35.490005 -29.049833 -37.505774 -52.974368 -57.425554 -55.446181 -49.375831 
-18.770311 2.210200 7.362782 -1.942460 2.468651 -0.826501 -0.267682 -3.792234 -3.136670 -4.950918 -0.577778 -5.566254 -0.857628 1.957650 1.006648 -3.651027 -3.673377 -7.417194 -12.712200 -23.702250 -27.529229 -27.037038 -33.088098 -34.355571 -36.616639 -34.501838 -27.266523 -24.468268 -33.481585 -32.619228 -29.225526 -34.486292 -44.656638 -43.808335 -35.744027 -43.031596 -55.377486 -56.342860 -54.268878 -52.218495 
-7.856814 1.595030 6.881422 1.889317 2.531472 -0.336973 -5.152866 -4.655147 -8.098204 -7.985075 -8.299082 -11.534280 -7.356848 -5.015935 -3.735984 -4.481416 -5.067196 -11.511753 -12.343179 -18.525121 -28.953841 -31.963813 -33.241773 -34.584536 -34.472013 -35.320505 -29.745943 -25.478288 -28.844146 -31.367441 -28.057264 -34.798756 -43.723619 -44.789311 -34.217986 -37.036128 -55.022963 -59.659449 -56.171916 -50.409777 
-5.944410 -4.518011 -5.352382 -12.329613 -12.189397 -12.038344 -19.889142 -17.360366 -22.170355 -19.793093 -20.219179 -23.817727 -18.766943 -17.041302 -16.657951 -17.680056 -15.368156 -19.308061 -18.867617 -28.282374 -35.075936 -39.989487 -42.933592 -45.581828 -44.439625 -44.977228 -46.368904 -37.631813 -41.708133 -43.516320 -35.529258 -41.775968 -52.637863 -54.942314 -43.305988 -46.044737 -59.036477 -60.618870 -59.996435 -57.791516 
-56.011157 -44.962936 -40.085895 -46.514820 -54.966056 -57.308870 -57.899573 -57.282002 -65.392940 -65.120728 -65.206334 -61.338142 -61.734661 -62.468542 -56.063950 -56.053538 -58.400352 -57.032723 -55.750220 -69.125705 -69.992070 -74.119269 -75.452349 -72.807412 -76.980449 -77.345447 -78.751811 -79.148465 -74.381174 -75.755079 -75.460983 -76.043490 -79.333032 -79.462160 -82.027362 -81.894705 -80.928253 -82.395952 -84.682569 -85.933030 
-59.685886 -49.124667 -51.632425 -52.266246 -58.960305 -63.068071 -63.917437 -67.792885 -66.945238 -69.618373 -66.855680 -64.548307 -64.038423 -65.472242 -61.649182 -59.928194 -59.521812 -59.868882 -58.795518 -66.636946 -70.309593 -74.264140 -81.055533 -83.455374 -78.676309 -74.493997 -76.305155 -79.113123 -77.140359 -78.877013 -77.994538 -77.570607 -80.875825 -82.335620 -81.449172 -83.650128 -81.080939 -82.824272 -81.339979 -83.581658 
-60.761461 -55.034640 -52.823110 -60.806961 -68.718477 -74.587220 -69.872495 -80.812622 -79.385519 -70.975078 -68.238690 -68.850588 -62.383319 -66.436302 -75.257407 -73.571532 -64.780240 -68.808600 -63.476335 -72.698908 -74.647231 -75.221000 -78.722444 -83.448888 -80.068545 -76.657090 -76.469266 -77.641174 -81.441975 -78.802559 -80.871437 -83.488356 -84.157680 -81.154421 -85.719549 -83.569168 -83.489551 -84.845820 -83.537157 -85.472746 
-58.752299 -59.284656 -60.847079 -59.338568 -70.389860 -71.020447 -71.280754 -78.354975 -76.950839 -73.897390 -74.479620 -74.804779 -66.986931 -70.749475 -74.880948 -74.149809 -74.983394 -73.068982 -71.888274 -76.992207 -74.047033 -73.296316 -76.579954 -81.473247 -84.333330 -85.473039 -79.732629 -76.876111 -78.792651 -80.284178 -81.869942 -83.829476 -85.489088 -83.575606 -88.375036 -85.496755 -86.813702 -85.722509 -84.427557 -86.458555 
-62.421070 -65.778759 -66.015781 -65.756786 -66.444161 -72.434812 -71.581192 -77.105124 -75.958060 -77.063213 -72.774684 -76.769874 -72.887185 -75.907694 -75.590404 -76.980017 -76.720960 -77.367471 -77.923237 -78.424067 -78.961222 -78.894457 -78.784751 -79.892373 -79.341959 -81.699967 -77.148489 -73.872971 -77.810781 -79.280928 -77.942938 -84.064594 -85.645025 -85.456435 -91.577129 -89.673929 -83.767411 -82.240993 -84.528171 -84.268350 
-70.133768 -72.747535 -76.149879 -73.804143 -71.231635 -73.543415 -78.110480 -81.655160 -77.927097 -75.362395 -76.078836 -80.529558 -75.030989 -77.060888 -81.279235 -79.247535 -80.761086 -84.145042 -80.274431 -85.599952 -83.288108 -82.952116 -80.752096 -82.411830 -84.160595 -86.209912 -84.282097 -83.633420 -84.410630 -87.415214 -89.999802 -86.902155 -87.644034 -91.248471 -92.377931 -91.941893 -91.798821 -93.146336 -91.429774 -93.323042 
-101.583582 -101.747254 -102.020033 -102.479454 -103.100332 -103.949753 -104.925033 -105.986282 -106.845176 -106.901320 -106.048998 -104.692088 -103.400035 -102.421052 -101.906035 -101.967052 -102.727636 -104.321305 -106.620567 -107.910288 -106.262571 -103.984946 -102.930205 -103.547770 -106.327427 -110.166468 -108.115924 -105.227749 -105.746279 -111.149167 -114.186246 -108.748164 -110.028495 -117.323287 -114.158469 -113.133686 -113.456755 -115.775331 -113.409616 -116.092078 
NaN NaN NaN NaN NaN NaN NaN NaN NaN NaN NaN NaN NaN NaN NaN NaN NaN NaN NaN NaN NaN NaN NaN NaN NaN NaN NaN NaN NaN NaN NaN NaN NaN NaN NaN NaN NaN NaN NaN NaN 
-115.310261 -115.308948 -115.306806 -115.303314 -115.298804 -115.292917 -115.286351 -115.278863 -115.270411 -115.262336 -115.255041 -115.249202 -115.245938 -115.245974 -115.249871 -115.257606 -115.268745 -115.281469 -115.293359 -115.301296 -115.302527 -115.295661 -115.282384 -115.267220 -115.257129 -115.258327 -115.271488 -115.289009 -115.297443 -115.286804 -115.263259 -115.250474 -115.268145 -115.302757 -115.308281 -115.265888 -115.233778 -115.273255 -115.323929 -115.281736 
-77.272865 -77.737023 -78.510458 -79.802646 -81.534640 -83.802801 -86.147279 -87.993525 -87.875489 -85.418114 -82.262035 -79.598378 -78.016924 -77.690291 -78.824042 -81.525340 -85.347072 -88.035971 -85.958813 -81.355719 -79.216639 -80.666056 -84.825561 -88.122826 -86.254735 -81.996978 -84.225730 -87.576035 -89.962753 -85.933609 -88.741897 -90.612826 -90.006617 -91.204213 -90.112163 -89.740998 -90.547920 -88.229483 -91.987708 -89.229285 
-82.509271 -82.950395 -83.686929 -84.926319 -86.617065 -88.953412 -91.711794 -94.628189 -95.137396 -91.771037 -87.958990 -85.043302 -83.345028 -82.888188 -83.793994 -86.134841 -89.909588 -94.628793 -93.251924 -87.182379 -84.481981 -85.295210 -88.717579 -94.150325 -93.609934 -87.320279 -88.147609 -91.657441 -97.273383 -90.887326 -91.855180 -94.436636 -94.253733 -94.670279 -93.528807 -95.190343 -94.802594 -93.469402 -97.283881 -94.959105 
NaN NaN NaN NaN NaN NaN NaN NaN NaN NaN NaN NaN NaN NaN NaN NaN NaN NaN NaN NaN NaN NaN NaN NaN NaN NaN NaN NaN NaN NaN NaN NaN NaN NaN NaN NaN NaN NaN NaN NaN 
NaN NaN NaN NaN NaN NaN NaN NaN NaN NaN NaN NaN NaN NaN NaN NaN NaN NaN NaN NaN NaN NaN NaN NaN NaN NaN NaN NaN NaN NaN NaN NaN NaN NaN NaN NaN NaN NaN NaN NaN 
NaN NaN NaN NaN NaN NaN NaN NaN NaN NaN NaN NaN NaN NaN NaN NaN NaN NaN NaN NaN NaN NaN NaN NaN NaN NaN NaN NaN NaN NaN NaN NaN NaN NaN NaN NaN NaN NaN NaN NaN 
