NaN NaN NaN NaN NaN NaN NaN NaN NaN NaN NaN NaN NaN NaN NaN NaN NaN NaN NaN NaN NaN NaN NaN NaN NaN NaN NaN NaN NaN NaN NaN NaN NaN NaN NaN NaN NaN NaN NaN NaN 
NaN NaN NaN NaN NaN NaN NaN NaN NaN NaN NaN NaN NaN NaN NaN NaN NaN NaN NaN NaN NaN NaN NaN NaN NaN NaN NaN NaN NaN NaN NaN NaN NaN NaN NaN NaN NaN NaN NaN NaN 
NaN NaN NaN NaN NaN NaN NaN NaN NaN NaN NaN NaN NaN NaN NaN NaN NaN NaN NaN NaN NaN NaN NaN NaN NaN NaN NaN NaN NaN NaN NaN NaN NaN NaN NaN NaN NaN NaN NaN NaN 
NaN NaN NaN NaN NaN NaN NaN NaN NaN NaN NaN NaN NaN NaN NaN NaN NaN NaN NaN NaN NaN NaN NaN NaN NaN NaN NaN NaN NaN NaN NaN NaN NaN NaN NaN NaN NaN NaN NaN NaN 
NaN NaN NaN NaN NaN NaN NaN NaN NaN NaN NaN NaN NaN NaN NaN NaN NaN NaN NaN NaN NaN NaN NaN NaN NaN NaN NaN NaN NaN NaN NaN NaN NaN NaN NaN NaN NaN NaN NaN NaN 
NaN NaN NaN NaN NaN NaN NaN NaN NaN NaN NaN NaN NaN NaN NaN NaN NaN NaN NaN NaN NaN NaN NaN NaN NaN NaN NaN NaN NaN NaN NaN NaN NaN NaN NaN NaN NaN NaN NaN NaN 
NaN NaN NaN NaN NaN NaN NaN NaN NaN NaN NaN NaN NaN NaN NaN NaN NaN NaN NaN NaN NaN NaN NaN NaN NaN NaN NaN NaN NaN NaN NaN NaN NaN NaN NaN NaN NaN NaN NaN NaN 
NaN NaN NaN NaN NaN NaN NaN NaN NaN NaN NaN NaN NaN NaN NaN NaN NaN NaN NaN NaN NaN NaN NaN NaN NaN NaN NaN NaN NaN NaN NaN NaN NaN NaN NaN NaN NaN NaN NaN NaN 
NaN NaN NaN NaN NaN NaN NaN NaN NaN NaN NaN NaN NaN NaN NaN NaN NaN NaN NaN NaN NaN NaN NaN NaN NaN NaN NaN NaN NaN NaN NaN NaN NaN NaN NaN NaN NaN NaN NaN NaN 
NaN NaN NaN NaN NaN NaN NaN NaN NaN NaN NaN NaN NaN NaN NaN NaN NaN NaN NaN NaN NaN NaN NaN NaN NaN NaN NaN NaN NaN NaN NaN NaN NaN NaN NaN NaN NaN NaN NaN NaN 
NaN NaN NaN NaN NaN NaN NaN NaN NaN NaN NaN NaN NaN NaN NaN NaN NaN NaN NaN NaN NaN NaN NaN NaN NaN NaN NaN NaN NaN NaN NaN NaN NaN NaN NaN NaN NaN NaN NaN NaN 
NaN NaN NaN NaN NaN NaN NaN NaN NaN NaN NaN NaN NaN NaN NaN NaN NaN NaN NaN NaN NaN NaN NaN NaN NaN NaN NaN NaN NaN NaN NaN NaN NaN NaN NaN NaN NaN NaN NaN NaN 
NaN NaN NaN NaN NaN NaN NaN NaN NaN NaN NaN NaN NaN NaN NaN NaN NaN NaN NaN NaN NaN NaN NaN NaN NaN NaN NaN NaN NaN NaN NaN NaN NaN NaN NaN NaN NaN NaN NaN NaN 
NaN NaN NaN NaN NaN NaN NaN NaN NaN NaN NaN NaN NaN NaN NaN NaN NaN NaN NaN NaN NaN NaN NaN NaN NaN NaN NaN NaN NaN NaN NaN NaN NaN NaN NaN NaN NaN NaN NaN NaN 
NaN NaN NaN NaN NaN NaN NaN NaN NaN NaN NaN NaN NaN NaN NaN NaN NaN NaN NaN NaN NaN NaN NaN NaN NaN NaN NaN NaN NaN NaN NaN NaN NaN NaN NaN NaN NaN NaN NaN NaN 
NaN NaN NaN NaN NaN NaN NaN NaN NaN NaN NaN NaN NaN NaN NaN NaN NaN NaN NaN NaN NaN NaN NaN NaN NaN NaN NaN NaN NaN NaN NaN NaN NaN NaN NaN NaN NaN NaN NaN NaN 
NaN NaN NaN NaN NaN NaN NaN NaN NaN NaN NaN NaN NaN NaN NaN NaN NaN NaN NaN NaN NaN NaN NaN NaN NaN NaN NaN NaN NaN NaN NaN NaN NaN NaN NaN NaN NaN NaN NaN NaN 
NaN NaN NaN NaN NaN NaN NaN NaN NaN NaN NaN NaN NaN NaN NaN NaN NaN NaN NaN NaN NaN NaN NaN NaN NaN NaN NaN NaN NaN NaN NaN NaN NaN NaN NaN NaN NaN NaN NaN NaN 
NaN NaN NaN NaN NaN NaN NaN NaN NaN NaN NaN NaN NaN NaN NaN NaN NaN NaN NaN NaN NaN NaN NaN NaN NaN NaN NaN NaN NaN NaN NaN NaN NaN NaN NaN NaN NaN NaN NaN NaN 
NaN NaN NaN NaN NaN NaN NaN NaN NaN NaN NaN NaN NaN NaN NaN NaN NaN NaN NaN NaN NaN NaN NaN NaN NaN NaN NaN NaN NaN NaN NaN NaN NaN NaN NaN NaN NaN NaN NaN NaN 
-87.248307 -88.994560 -92.397210 -98.083759 -95.895352 -90.854315 -88.848011 -88.975221 -91.701949 -97.999051 -100.643338 -96.065148 -95.176645 -97.558668 -104.132756 -102.832490 -98.835817 -100.428929 -97.966812 -98.504056 -101.852707 -99.197323 -105.757398 -106.084140 -100.210326 -100.563079 -97.416804 -96.799401 -97.702333 -100.236177 -102.530149 -100.961168 -98.993140 -99.207942 -102.138939 -106.536427 -105.591129 -107.938275 -109.682485 -107.284147 
-60.912321 -63.127215 -63.491870 -66.554908 -68.499815 -70.421758 -72.262612 -75.365259 -72.543463 -75.428592 -74.238515 -77.631880 -80.611066 -75.676504 -80.370435 -86.276393 -81.465403 -83.073264 -81.012121 -79.321932 -78.694218 -82.288141 -86.259016 -86.354331 -82.070973 -79.520193 -81.229715 -78.365171 -79.898866 -82.367895 -84.130160 -81.761306 -81.838464 -82.913019 -82.050601 -83.518219 -86.854643 -87.794055 -86.137381 -86.621895 
-56.257144 -55.447555 -57.050731 -67.305546 -62.518274 -66.051104 -64.440088 -66.462382 -65.520106 -68.203424 -66.729321 -68.392124 -69.718897 -69.856166 -70.948788 -71.436246 -73.317632 -74.100443 -75.515103 -75.079634 -76.113225 -74.608778 -75.748656 -75.832124 -76.290049 -76.959201 -76.147083 -77.048887 -77.978303 -78.987209 -79.966022 -79.550311 -79.581062 -79.804614 -79.715773 -79.035595 -81.222536 -79.879802 -79.489160 -81.613909 
-9.494276 -1.931548 0.772986 -0.157564 -4.461340 -13.048933 -18.931336 -25.026772 -29.797094 -37.703353 -43.270542 -39.138209 -44.178577 -45.075751 -44.551518 -47.215663 -45.889673 -48.321214 -48.022913 -49.399871 -50.390185 -50.587499 -51.269701 -52.390722 -53.242389 -53.750453 -54.289378 -55.017093 -55.622967 -56.593858 -56.426728 -56.942702 -57.314612 -57.860236 -58.130470 -58.461016 -58.568866 -59.008395 -59.130135 -59.376202 
-6.437522 6.855765 7.866430 3.625392 3.309355 -10.634640 -14.494567 -20.179618 -23.505464 -32.815002 -34.305603 -37.468384 -42.641775 -47.475283 -46.219730 -44.594926 -42.720954 -45.083747 -44.819941 -50.154135 -54.306526 -51.232828 -51.897861 -58.909364 -60.467779 -62.016383 -59.601069 -61.335372 -60.608792 -59.274339 -57.432759 -57.692234 -59.950082 -61.844211 -61.458643 -59.626115 -59.995274 -60.394349 -61.277943 -63.149985 
-7.290554 6.895022 6.282501 3.971940 4.514760 -11.099505 -18.076981 -20.648369 -24.581755 -29.190922 -32.072411 -35.238131 -37.628091 -40.997089 -42.167516 -39.997668 -44.870027 -46.012645 -42.584727 -41.959904 -43.094362 -50.560168 -53.306631 -57.149189 -58.952005 -56.829518 -59.069297 -60.565084 -59.730859 -58.283728 -53.908985 -55.110383 -57.446652 -60.262611 -60.018246 -58.498246 -58.947417 -60.739212 -58.662062 -61.318304 
-9.522962 5.524297 3.667701 5.181451 4.545841 -11.921319 -15.264530 -19.778292 -24.700859 -26.329820 -25.247175 -25.352653 -25.226236 -21.508074 -21.429703 -23.171679 -21.363742 -28.545013 -33.447800 -33.065467 -37.285158 -38.682409 -45.200071 -44.387457 -45.088242 -46.438315 -45.404581 -46.264077 -45.826107 -42.966949 -42.204084 -43.997475 -45.333933 -45.837283 -48.201489 -48.349519 -48.503373 -49.551054 -50.600949 -50.888822 
-7.520686 5.019446 4.698892 2.373871 4.560892 -5.465329 -10.208840 -10.122165 -13.330128 -14.033418 -18.025316 -13.079347 -9.952546 -3.522290 -4.410785 -5.301397 -5.086426 -10.240660 -17.752986 -19.696441 -22.946982 -27.166068 -32.932185 -35.868990 -38.947628 -37.372093 -40.808060 -42.751689 -36.710057 -32.334391 -32.233965 -32.740891 -33.164482 -34.968043 -38.171219 -36.787871 -36.642780 -40.134622 -41.347313 -39.956281 
-7.696272 2.187796 5.713159 7.278142 6.991352 1.389119 -6.616304 -12.193124 -14.098742 -20.009240 -14.014785 -10.044359 -6.518540 1.190990 -0.776748 -3.596230 -8.893641 -13.597293 -25.064240 -27.898668 -29.209837 -26.983407 -32.230259 -35.924462 -34.563108 -35.610478 -37.661201 -38.547671 -36.062340 -35.305089 -30.916344 -26.033184 -25.278340 -30.702219 -34.998717 -33.412940 -30.861229 -32.223725 -35.028492 -35.681185 
-6.641460 7.323307 11.518463 5.832301 11.983994 9.783496 6.248223 0.905530 -8.514623 -14.671335 -11.443098 -11.232885 -13.153462 -7.317609 -3.950568 -5.641858 -7.894619 -13.405481 -20.366115 -21.259820 -20.400142 -22.303856 -30.660722 -31.443833 -29.861288 -30.556003 -33.005004 -31.603699 -31.240755 -26.866699 -26.252560 -24.568104 -25.675469 -30.326922 -31.054907 -28.401335 -25.576307 -27.063314 -33.110609 -35.821950 
-8.412617 9.787251 15.458948 7.235529 17.663041 15.125404 10.527592 6.540328 -7.769861 -8.066802 -13.629519 -10.095696 -7.704120 -4.068291 -1.867863 0.185580 -8.719974 -15.990333 -17.423471 -15.055830 -16.572542 -20.472410 -30.292981 -26.214119 -24.627636 -24.046008 -27.533364 -28.658294 -26.695223 -26.142305 -25.705730 -23.351424 -25.789924 -31.444329 -31.339258 -27.987954 -27.040213 -30.040900 -33.006439 -34.716631 
-10.609288 10.203241 17.711995 10.768728 18.253765 19.776950 8.810947 11.833994 -3.884396 -3.154312 -11.297858 -7.560658 -2.701818 1.307654 1.854579 -4.011572 -13.124938 -11.734354 -16.030922 -12.371498 -12.188857 -20.605195 -26.982138 -26.126072 -27.259619 -26.322122 -28.552204 -30.280134 -24.899257 -27.100684 -27.166643 -23.990207 -25.953215 -30.008790 -31.814826 -24.368235 -28.815571 -30.733967 -33.230294 -32.602767 
-15.427918 8.261460 18.731314 14.037913 16.383947 23.145568 12.725477 13.674358 7.539236 3.735896 -3.326598 -4.727338 -2.709635 4.304466 7.125601 -2.188376 -8.527034 -11.399013 -12.841820 -6.931409 -12.298395 -21.480201 -26.180058 -29.312758 -30.760774 -32.316212 -31.475825 -31.225483 -23.252027 -26.597695 -26.397542 -27.540266 -32.154144 -35.185453 -35.295178 -30.472258 -30.674052 -33.483267 -32.952418 -30.509392 
-23.586305 5.986973 18.863152 15.439854 11.269182 22.923393 15.634869 13.201549 13.769675 4.923729 3.990596 -1.725265 -1.876323 5.833464 6.917827 4.734554 -3.262810 -7.102924 -8.160355 -3.411392 -11.063926 -24.410117 -30.882510 -37.527294 -35.551478 -36.949190 -39.547073 -33.602295 -24.581350 -24.555341 -24.634738 -20.119472 -30.406678 -45.034692 -45.827673 -34.621860 -32.613164 -35.387554 -40.671572 -40.984408 
-17.651521 3.743065 18.274706 17.172505 4.614053 21.400245 20.249921 9.818787 17.329489 3.924769 8.179265 -0.468278 -0.154633 5.765298 8.066923 8.991458 1.059438 -3.660655 -4.060296 -1.376305 -9.396699 -18.843009 -23.919606 -26.430430 -27.835244 -28.338263 -28.556850 -27.103582 -19.967430 -23.171704 -25.249094 -21.233369 -27.097398 -33.002815 -33.452655 -32.063035 -27.936582 -27.737901 -33.799122 -34.398266 
-21.387593 -0.430030 16.292763 17.831938 2.822706 20.140145 22.241033 8.976881 19.295172 10.684699 10.046942 2.382059 2.828419 3.220148 9.253533 7.404488 6.211577 -1.320557 -2.034004 2.599325 -4.006305 -20.067245 -26.207761 -30.023708 -32.628003 -32.919653 -33.900059 -29.967488 -20.224234 -24.618101 -29.526838 -25.059246 -30.756629 -39.984144 -40.083031 -37.046015 -34.988897 -35.796983 -40.050615 -39.722104 
-27.097604 -6.793958 14.337183 18.065653 3.438432 17.796887 23.514326 9.325613 18.575479 15.763457 7.980001 8.291775 4.146602 4.284610 7.607658 4.999629 11.230525 0.168263 -4.195933 0.999942 1.120420 -14.563000 -24.829990 -32.870842 -32.793931 -35.710468 -34.602610 -27.986683 -18.268087 -21.843708 -27.937210 -22.827449 -29.416079 -44.729227 -41.805997 -39.434858 -35.338245 -35.803903 -40.121592 -39.675355 
-18.921688 -8.420164 12.324405 18.062643 5.345530 15.069288 24.034074 11.793843 14.843859 17.591841 4.275288 11.159144 -0.369768 6.089788 2.857858 4.726880 13.490836 8.262168 1.774107 2.321807 2.185238 -5.558423 -18.601303 -26.461520 -29.111226 -31.199630 -29.981117 -22.386318 -16.770590 -21.833552 -26.167240 -20.598971 -26.083678 -44.542650 -43.339812 -38.745063 -33.717917 -34.648932 -37.878365 -40.155629 
-23.054075 -14.196092 9.823758 17.542449 6.337502 11.997380 23.639957 14.341979 9.803091 18.293775 3.324732 11.441741 -0.133550 6.290210 -2.523317 0.050875 7.726807 7.537881 7.507652 4.507590 3.887631 3.735208 -12.520787 -22.208904 -28.120110 -26.472284 -25.350809 -19.969315 -14.043674 -19.924828 -25.003592 -21.270956 -26.640836 -36.826060 -36.845894 -34.745232 -32.750291 -33.688970 -34.566359 -34.545162 
-17.322901 -13.777111 7.285112 17.015501 8.289489 7.119626 21.662631 15.909595 5.778345 18.952396 5.546671 10.661844 5.526562 5.617462 0.911637 0.040000 -0.192989 4.791762 8.289405 6.094001 3.251418 5.292367 -9.040220 -15.541793 -23.570059 -25.140475 -24.989314 -17.739898 -14.473554 -19.479549 -23.999463 -16.858343 -22.516383 -41.063197 -42.263102 -36.638199 -33.316865 -34.812170 -40.956443 -42.881677 
-24.275488 -19.209458 4.835331 16.755886 10.182430 -0.131641 18.656033 16.966711 2.276013 19.225766 9.388702 8.817729 9.572492 1.626366 2.989231 -1.678111 -3.067957 1.383189 5.379646 7.043072 0.357470 1.156780 -4.545609 -10.458468 -18.612143 -22.285762 -23.898927 -17.719394 -14.828175 -20.357156 -24.393771 -19.749154 -26.172756 -45.070700 -43.158594 -30.564527 -30.667733 -34.477925 -39.343409 -37.594417 
-23.613910 -25.378557 5.027522 17.190358 10.779356 -3.976273 17.589022 17.184954 -3.024435 18.057535 10.308559 8.600089 11.134212 0.869567 5.083860 -4.742959 -4.772021 -1.147268 -0.968977 3.906877 3.909122 -0.624597 -2.012110 -5.088523 -14.733903 -20.203516 -20.201897 -16.197790 -12.858547 -15.712981 -18.359023 -15.660940 -21.328450 -42.493515 -38.249042 -26.034195 -29.180399 -33.553552 -36.698515 -35.423669 
-29.145143 -21.782330 3.918939 17.098801 11.632786 -6.712707 15.886985 17.617606 -3.745539 16.083659 10.292253 6.493785 12.408414 0.119412 5.583233 -5.794916 -4.203330 -4.207030 -3.569096 1.397466 4.867121 0.930613 -2.442999 -4.110949 -11.860389 -21.337797 -20.380113 -18.104285 -15.742557 -16.522264 -18.400156 -17.193217 -21.020233 -33.044797 -33.240563 -27.185780 -30.147411 -33.418831 -34.768683 -33.138937 
-24.101433 -19.262745 2.645725 16.949165 12.563527 -9.821507 14.354037 18.198917 -4.552390 13.725347 10.558623 4.157178 12.714678 -1.677071 5.076942 -6.845867 -4.286483 -7.483318 -6.991010 -1.296079 4.617359 1.020910 -3.279742 -1.576302 -7.999759 -20.712880 -22.243344 -22.566100 -20.824512 -16.698122 -16.097219 -15.647492 -21.435989 -40.292642 -36.422344 -26.751888 -30.514510 -36.404625 -40.764989 -39.842020 
-29.641715 -27.257837 1.691854 16.998235 12.982190 -9.827002 13.787391 18.531810 -2.904919 12.077784 11.074357 1.841191 12.681180 -3.178895 4.209423 -7.893057 -4.436389 -7.327159 -7.326069 -1.425563 2.644442 1.903247 -0.567251 -0.571716 -5.319927 -15.352083 -19.235689 -21.379216 -19.566111 -16.117332 -16.971293 -14.302777 -19.139214 -34.903829 -32.568479 -24.338840 -28.966046 -31.498442 -34.950284 -35.674428 
-17.569132 -18.382481 1.349595 17.004946 12.734254 -9.636168 14.149428 18.336517 -5.258132 11.273142 10.374231 1.769156 12.565673 -2.931479 4.520764 -8.818723 -4.286318 -7.757304 -7.227045 -2.617763 2.330067 1.630322 -0.836510 -0.159373 -1.285340 -13.356381 -18.792393 -21.570787 -20.503325 -18.838642 -18.762932 -16.415135 -20.288142 -39.344748 -29.851092 -19.647537 -24.474314 -32.618468 -37.682817 -36.685851 
-17.614958 -19.907375 1.542949 17.066857 12.905058 -8.802156 13.987131 18.656812 -2.131232 11.134362 10.141912 1.570159 12.809206 -1.142867 5.269776 -6.678223 -3.275794 -4.974268 -5.012049 -1.669009 2.052757 -0.282733 -3.926428 -2.313840 -0.515458 -13.096162 -17.521465 -19.872023 -18.350729 -18.326660 -17.678839 -16.174419 -20.244626 -37.401994 -31.056444 -22.862128 -26.970957 -32.231346 -31.950270 -35.141035 
-29.446733 -22.481396 2.927442 17.422518 12.673696 -6.392893 15.089378 17.771376 -6.360489 12.684796 9.699374 4.627367 12.796696 -1.655527 4.145527 -7.469826 -4.822869 -5.487216 -6.436298 -1.671626 4.990075 -0.369746 -4.947652 -4.137388 -1.149458 -12.345710 -20.025786 -22.054496 -20.004487 -17.040015 -17.131220 -14.874176 -20.477047 -34.571334 -32.190839 -22.920103 -26.835768 -29.534259 -31.304211 -32.990405 
-26.256465 -29.601052 4.416895 17.586582 11.708000 -4.701540 15.951845 16.754748 -5.570570 14.808051 8.857052 6.293592 11.049534 -2.104240 3.772675 -5.573663 -4.759327 -4.371392 -4.236065 0.425127 5.702905 -0.317883 -2.718307 -4.307836 -3.574477 -13.035465 -21.043849 -25.073858 -23.070646 -19.776903 -18.393190 -15.853204 -22.233947 -34.106638 -28.508129 -22.951689 -28.839378 -28.457344 -27.184604 -26.910205 
-27.164651 -33.144854 5.049798 17.280593 10.292601 -2.884003 16.842382 15.443833 -5.028080 16.026338 7.817816 6.892753 9.028266 -0.437448 2.540702 -4.154017 -5.917422 -2.278047 -2.935582 0.131348 4.408946 -4.678971 -7.427784 -7.241996 -6.467085 -13.903503 -20.092616 -21.103206 -19.507987 -16.652595 -16.446888 -15.645299 -22.218343 -35.108056 -30.539521 -22.479488 -26.407994 -29.855114 -30.692450 -33.248639 
-22.040562 -14.521073 8.181414 16.865538 8.154415 5.541765 18.667924 13.130747 6.645367 15.988879 4.978925 9.792510 5.594292 0.407880 -1.628044 -2.161349 -5.767821 -2.565957 1.143181 3.304012 1.511244 -4.871077 -7.061971 -7.622672 -2.284134 -9.202281 -17.620306 -19.627881 -20.481918 -16.368698 -17.152778 -16.852298 -20.694809 -36.726609 -32.461866 -21.571311 -27.058028 -31.081267 -30.093163 -33.668735 
-20.820994 -5.839753 3.083905 14.910132 10.277860 11.442288 16.224046 10.239194 7.289239 8.715541 -2.184142 5.784542 0.379541 -2.176972 -3.273400 -4.132014 -5.762803 -3.561628 2.580363 -1.288244 -7.507993 -10.599277 -10.875952 -13.502723 -8.348796 -14.974976 -22.440325 -26.454252 -28.432142 -24.549129 -21.837216 -19.989154 -23.227632 -39.622996 -38.679934 -30.148200 -30.988424 -30.500695 -32.558360 -35.143330 
-17.063519 -0.761314 13.209023 17.761854 7.671308 13.024023 11.735791 1.992811 2.556580 -2.985967 -8.609312 0.296630 -8.600881 -7.292387 -10.778193 -11.927685 -7.963323 -3.932872 -4.602130 -12.157284 -15.669691 -17.969610 -18.990539 -18.944272 -19.320767 -17.207295 -25.045153 -28.220526 -33.678991 -29.603535 -27.538893 -27.777006 -34.512974 -43.179251 -43.477400 -40.632660 -39.362281 -38.799025 -40.848716 -41.038610 
-17.104351 -5.040052 16.074736 20.835461 10.128902 11.201079 16.132567 3.521681 -12.659608 -13.152876 -8.267158 -1.675167 -15.337937 -23.271007 -21.483322 -18.282515 -14.987954 -16.949889 -18.763199 -18.498783 -24.136752 -22.913143 -19.965046 -25.544092 -23.254119 -24.623939 -31.386245 -33.504098 -35.654754 -34.455070 -29.486172 -29.656015 -37.313132 -43.442845 -43.808511 -43.483465 -43.914360 -43.467210 -43.584990 -44.921987 
-13.649698 0.169238 18.019275 19.126800 2.967724 14.577357 15.505857 -2.450833 -10.827594 -10.901771 -2.732510 -8.246651 -8.963921 -17.419217 -22.236299 -17.994991 -17.123829 -16.038475 -20.297643 -19.757201 -20.040889 -21.525374 -18.403088 -22.313595 -19.563534 -20.537572 -28.709222 -33.693103 -33.244481 -32.927816 -32.774346 -32.329193 -33.036902 -37.045733 -37.357383 -37.542933 -38.035051 -38.210634 -38.575862 -38.829411 
-22.997224 4.555249 19.121783 17.875001 5.281809 16.134792 10.326104 -3.851443 -2.547885 -7.378582 -3.464667 -7.053541 -5.835007 -20.245470 -25.910194 -18.515148 -18.347685 -18.668978 -19.213035 -23.202149 -24.883909 -25.645321 -22.263648 -25.465006 -23.178243 -24.623693 -32.659939 -35.800833 -32.833173 -30.393282 -32.004188 -36.268907 -39.608277 -45.479654 -46.168062 -44.818607 -47.321295 -46.917726 -46.501828 -49.064181 
-17.386691 8.043153 19.503188 15.643606 11.285480 17.078359 5.278957 1.636183 -1.586765 -3.970054 -7.936377 -3.168999 -9.444910 -27.839495 -21.987229 -19.265845 -14.420586 -16.368764 -24.190651 -23.073889 -25.116828 -28.855990 -24.781359 -26.282368 -26.228353 -27.409388 -33.242077 -36.246076 -36.681633 -37.158731 -37.870984 -34.029159 -37.100567 -45.485830 -45.461442 -45.342940 -46.013920 -46.173155 -46.483513 -46.591754 
-14.854946 10.496050 19.403502 12.666223 15.773123 18.042859 4.772820 4.823594 -5.417848 -2.601717 -6.841293 -5.352502 -16.168625 -22.100088 -16.867580 -18.917153 -12.700877 -16.528126 -21.470202 -22.686263 -22.922232 -22.324265 -17.519492 -19.807408 -23.383065 -26.497256 -30.295230 -31.397259 -32.447065 -34.455756 -32.210252 -32.932959 -35.877039 -38.088404 -38.489323 -38.821927 -39.091766 -38.972735 -39.126361 -39.562670 
-9.384806 11.786007 19.179538 12.003770 18.782747 18.025658 3.842984 4.042396 -9.696969 -7.830984 -13.816312 -14.602201 -18.440835 -11.842956 -11.113069 -15.870292 -17.015693 -21.796356 -23.067264 -24.668018 -22.797879 -19.585857 -17.850829 -21.544233 -26.541020 -26.210823 -28.029355 -30.540018 -30.810909 -27.710077 -27.104861 -34.334971 -36.755668 -39.047642 -39.425765 -39.904293 -40.076721 -39.497703 -40.004479 -40.158470 
-7.065217 12.654755 18.334058 11.087417 20.818308 17.326934 4.234103 1.468649 -13.907103 -13.508693 -13.273905 -16.826128 -13.288719 -8.471383 -9.453290 -13.302834 -21.141757 -25.118238 -24.248666 -22.105497 -24.259411 -20.197267 -14.465381 -15.924144 -24.687316 -28.500212 -27.959557 -29.153579 -29.290414 -27.168335 -27.463204 -30.463287 -33.619746 -37.585987 -37.969959 -38.130776 -38.382671 -38.665193 -39.081432 -39.221837 
-4.775224 13.233444 18.085607 12.143218 21.505948 16.256967 4.449921 0.257291 -10.257804 -13.750479 -13.925592 -12.965373 -8.458475 -5.773717 -12.768342 -16.242019 -23.024260 -30.441147 -30.111788 -29.294143 -31.344055 -25.597099 -19.119636 -18.754231 -21.422156 -30.244362 -34.671834 -36.196500 -34.917159 -33.178264 -31.858180 -32.959095 -36.716415 -47.138064 -48.714168 -46.246818 -46.248252 -44.946430 -51.019278 -50.006315 
-5.383022 13.791622 18.116949 12.302462 21.820579 15.301261 5.943358 -0.080768 -9.537686 -12.622625 -14.239073 -9.563147 -4.083644 -3.434579 -17.906418 -19.668917 -21.353665 -23.158080 -23.554081 -23.734988 -24.924070 -23.406157 -18.301538 -19.946778 -20.243881 -25.493898 -28.767530 -30.942354 -29.880522 -26.103014 -26.416971 -29.737239 -33.134555 -35.395956 -35.886227 -36.246565 -36.615888 -36.641116 -36.922737 -37.124466 
-2.846029 14.344354 17.746683 13.723309 21.891898 13.286608 5.082591 -2.087662 -6.685532 -12.916383 -11.413445 -5.335383 -2.345606 -6.395060 -18.758801 -19.384462 -18.281788 -21.236331 -24.056164 -25.059439 -25.065381 -27.638519 -20.742128 -20.777445 -19.248978 -24.560612 -29.240577 -29.348260 -29.517362 -25.320523 -24.103171 -26.021195 -32.616530 -35.930256 -36.225217 -36.445201 -36.787727 -36.989233 -37.350832 -37.568455 
-1.925072 14.506391 17.264758 12.851292 21.420631 14.200433 3.128530 4.593971 0.387818 0.129612 -0.487129 1.308007 2.100189 -6.797028 -15.095232 -16.256075 -16.263100 -20.893756 -25.813912 -27.992353 -27.044713 -26.400985 -23.191667 -23.770193 -24.194474 -22.628047 -28.036751 -23.008367 -23.502711 -25.885697 -28.548714 -29.906646 -32.097484 -43.089616 -45.041964 -39.503631 -43.375628 -45.587551 -48.910487 -49.951258 
-3.261241 13.240929 14.583175 10.953149 20.216453 15.777244 15.650065 13.359600 14.286270 9.569062 6.734149 7.804023 11.857532 5.084347 -0.009675 -9.251266 -14.986636 -17.225544 -20.014223 -19.684900 -21.445511 -22.825198 -20.849504 -25.124017 -21.432671 -17.851809 -19.903473 -11.844028 -14.703797 -22.370675 -28.480084 -27.602574 -31.324031 -43.640349 -40.057780 -31.446216 -36.503637 -38.838800 -43.424232 -46.455384 
-3.320793 12.890655 14.166539 13.033333 17.685250 12.138047 14.476592 15.090014 17.796628 13.366619 10.527762 11.420008 15.933531 15.131616 6.154592 -6.686788 -11.791350 -14.877333 -17.445150 -20.316993 -22.721254 -24.489505 -23.407074 -26.974895 -17.577406 -10.804078 -14.987390 -8.018340 -9.808380 -15.355723 -21.273325 -22.286889 -27.765139 -42.353065 -41.921621 -35.994346 -37.727097 -40.595246 -42.227320 -45.155988 
-3.241316 13.094488 13.796445 12.908730 15.739221 10.375035 12.355161 16.116426 16.458426 14.957007 12.994960 12.671643 13.866615 17.425261 9.014416 0.420495 -6.876457 -12.379799 -17.363299 -20.691349 -21.968014 -21.258254 -21.900026 -22.185603 -16.895803 -9.676913 -13.606170 -7.869437 -9.221803 -14.302961 -18.642231 -20.636067 -27.074908 -39.796090 -39.929495 -34.954200 -35.770797 -38.747666 -39.139293 -40.777876 
-3.143548 12.877295 13.093737 13.003800 15.064796 9.976836 10.823400 15.751243 14.003459 14.476036 13.937140 12.617167 12.173905 15.389322 10.480196 2.447383 -6.616919 -12.495662 -16.309192 -19.720441 -20.207153 -20.438966 -19.902025 -21.162372 -14.610451 -8.429963 -11.764942 -8.467885 -10.248959 -15.251473 -21.752104 -23.951426 -29.216748 -34.765309 -34.620710 -29.477064 -30.748582 -29.068380 -35.544378 -36.413041 
-2.525433 12.455416 11.917534 13.111980 14.042539 9.113788 9.013315 14.866547 13.166060 14.142410 13.994719 12.026181 13.297540 15.535570 13.287772 1.488911 -6.212985 -10.936352 -15.749068 -17.969928 -20.251415 -20.685071 -20.045302 -22.593651 -16.689447 -8.731506 -13.304203 -8.323106 -7.538331 -12.847167 -21.691070 -25.168350 -28.093930 -40.089809 -42.684525 -35.948816 -30.657292 -33.569696 -40.220896 -38.921261 
-1.860086 11.988836 10.399813 12.877334 12.755995 8.101343 7.773266 13.711378 13.345418 13.264653 13.306324 11.615258 13.263083 15.728793 13.694444 -0.082561 -6.345981 -11.863223 -15.977440 -18.497938 -22.325628 -22.095430 -21.056264 -23.270786 -16.568165 -9.031534 -12.539980 -8.455714 -7.048492 -12.765344 -20.722452 -26.268963 -32.794679 -45.824389 -44.803751 -33.011287 -30.524790 -33.362841 -40.084630 -46.156115 
-1.494064 11.310301 8.356987 12.359338 11.196265 7.381815 7.502246 12.483926 14.078598 12.698981 12.388791 11.420751 12.277442 16.694928 13.462323 1.792701 -4.871728 -11.071236 -15.546515 -18.709867 -21.380273 -22.454314 -21.359501 -22.604389 -17.881965 -10.289368 -15.149319 -11.584855 -9.620358 -13.697978 -21.067631 -25.593944 -32.630128 -42.581762 -42.346840 -36.346066 -32.015491 -30.101227 -39.030360 -43.024603 
-1.111420 10.822776 6.452631 11.669963 9.597674 6.244844 6.505418 10.792880 15.297402 13.225247 11.003957 11.785792 11.273952 16.420704 11.750264 2.624350 -6.323659 -12.279756 -17.235712 -20.427954 -23.531676 -23.445173 -21.990346 -23.281699 -18.225227 -10.768990 -13.852803 -10.609001 -8.206505 -12.523402 -19.688454 -28.066451 -33.442057 -37.940551 -38.018385 -31.752955 -30.053884 -33.255732 -38.533947 -39.914105 
-1.159843 10.374371 6.284741 11.156911 8.456974 5.583079 4.965314 9.165884 15.611894 13.245737 10.727806 11.851126 10.584655 15.680527 12.542005 2.081720 -6.839157 -12.642123 -16.637496 -20.278448 -24.419896 -23.058699 -22.314599 -22.869216 -16.960552 -8.745501 -13.101836 -10.845395 -11.036295 -15.991874 -21.141370 -26.431242 -29.897446 -33.178930 -33.054381 -28.293276 -27.010399 -29.775112 -33.935421 -35.131892 
-0.146597 10.141236 6.811686 10.407126 6.743678 5.961822 5.456741 8.359657 14.722029 12.981410 13.132003 10.974103 10.808282 13.660947 12.033796 0.580249 -7.916065 -13.847269 -18.084492 -20.268573 -23.620461 -25.155670 -23.696952 -23.954106 -18.671158 -9.613364 -12.780932 -9.236857 -8.964049 -14.526509 -19.628839 -26.448329 -31.865758 -37.137540 -36.406693 -30.225216 -28.073540 -30.163190 -34.862387 -37.192973 
0.368129 10.014535 6.746137 9.402392 4.669716 6.308058 6.961797 7.385297 13.269218 12.170767 12.785569 10.745577 9.241833 13.964420 11.101966 -0.494054 -9.406640 -15.972366 -20.060023 -23.938538 -27.197293 -27.526392 -27.266492 -27.004897 -20.519594 -11.221076 -13.689760 -10.675952 -10.734560 -16.305948 -21.103485 -28.587505 -35.562495 -46.373432 -41.438441 -30.062819 -29.152486 -33.119071 -39.399569 -47.780181 
1.131778 9.602201 6.949592 8.414445 3.634476 5.684519 7.640636 8.896790 10.892205 11.213024 12.335339 10.124462 9.857898 14.329837 10.601016 -0.755506 -10.190529 -16.344793 -20.966895 -25.118833 -27.577512 -28.537020 -29.250214 -27.280913 -20.072522 -11.486012 -15.806627 -12.026050 -10.952444 -17.382070 -22.683107 -32.374092 -36.916035 -42.117655 -41.179092 -36.495827 -33.363588 -34.000645 -38.609912 -42.958581 
1.661532 8.990259 6.868911 8.021924 5.222233 4.349862 7.011206 8.650466 10.360098 8.610572 10.254351 9.911515 9.089299 12.706561 10.634467 -1.340483 -9.817115 -16.545637 -20.736434 -24.555230 -27.078109 -27.047353 -26.622931 -27.026072 -20.649670 -13.817210 -17.924279 -12.946519 -11.740732 -15.842332 -21.702658 -29.080860 -33.237532 -40.708474 -40.224778 -34.125124 -32.055003 -31.382917 -38.014979 -41.428148 
1.991872 8.374500 6.871205 7.838252 6.187952 4.893842 5.973741 6.983738 10.044214 9.249913 10.943304 10.089379 8.641079 12.647972 10.679855 -1.632151 -10.753120 -18.375723 -22.920994 -26.079069 -29.547858 -28.427391 -26.217635 -27.103362 -20.843837 -13.992497 -17.803686 -12.120948 -11.503771 -16.244294 -22.361050 -32.516527 -36.045272 -42.032401 -42.072864 -37.239939 -37.949045 -34.445098 -38.908949 -41.964899 
2.353620 8.064455 7.655799 7.497901 6.204887 5.023053 5.322702 6.232706 10.693621 10.333207 12.710685 10.858582 9.313062 12.091028 8.917305 0.000080 -10.420755 -18.078500 -22.663477 -28.256859 -29.256665 -27.276085 -26.297532 -27.864205 -22.210880 -16.639844 -18.513530 -13.568877 -13.221892 -18.288246 -25.651244 -32.276745 -38.489370 -46.170121 -45.237493 -37.656519 -35.955277 -36.331384 -43.820926 -48.123219 
1.959772 8.194193 8.050281 7.532802 5.842005 4.046905 3.296439 5.569434 10.332718 9.722764 12.787028 8.944843 7.338250 10.850325 8.845320 -1.953284 -9.847241 -15.639128 -20.839166 -25.737950 -28.942136 -28.936159 -26.922999 -26.940368 -24.266789 -24.299139 -24.961431 -17.096500 -15.076816 -19.295662 -26.309939 -34.053462 -37.211969 -40.625197 -41.128690 -36.659077 -36.849182 -32.891992 -39.633584 -40.805524 
2.387323 7.709382 7.756933 6.329100 3.659578 0.748710 0.318733 3.820222 6.142042 6.308999 9.561397 8.453537 3.671499 9.058716 4.796828 -4.291419 -16.439343 -21.280935 -25.379072 -30.419123 -32.062712 -31.239575 -28.019714 -30.276121 -25.875666 -20.929874 -23.041955 -18.680837 -19.435776 -24.528561 -35.460649 -39.786787 -41.369289 -45.694104 -50.585822 -37.984255 -31.956080 -34.064407 -47.403775 -50.390022 
2.143315 6.237217 5.734848 2.090354 -0.007457 -2.083475 -1.878077 1.485070 1.999669 2.397120 6.897605 5.900236 1.783344 5.132944 3.345258 -6.328455 -16.151042 -23.151696 -27.148836 -29.423319 -32.170151 -31.800168 -32.533590 -34.371769 -28.035217 -19.837007 -22.561465 -21.124431 -22.985527 -28.230842 -34.957051 -39.480521 -40.353489 -47.176595 -48.417696 -41.268971 -37.753521 -36.734021 -40.951859 -47.795424 
1.990417 3.510880 0.988806 -0.466037 -1.440563 -3.958095 -3.768016 0.973143 0.797999 1.997268 6.500676 4.379733 0.217466 5.472664 3.949230 -8.981788 -17.998259 -25.485954 -28.988785 -31.834042 -34.606503 -34.040085 -35.590215 -35.788753 -27.138690 -19.434443 -24.245801 -21.903484 -24.005326 -29.763984 -34.733222 -38.232063 -38.815190 -46.181076 -47.295699 -42.347473 -40.141861 -39.115533 -41.030934 -46.828753 
1.626831 4.317377 2.332490 2.079554 -0.439429 -2.666225 -1.712205 1.148537 3.245452 6.118793 9.183632 4.553478 -4.107689 -1.303285 -3.771296 -13.385166 -22.168037 -29.116963 -31.639821 -36.225931 -37.479220 -40.445945 -43.354029 -36.932212 -25.930170 -22.799367 -27.488415 -24.044786 -29.846824 -32.481470 -43.627400 -44.567445 -46.474787 -48.538868 -49.075772 -40.971906 -37.684908 -39.544419 -45.395520 -48.433864 
-5.288480 0.528161 -1.635462 -7.945140 -6.791337 -8.603323 -11.582189 -7.811601 -9.354127 -9.016074 -4.812375 -3.245318 -6.105174 -1.370817 -7.899772 -14.780833 -21.096807 -26.773781 -33.983035 -37.346983 -38.784490 -38.922945 -40.068744 -38.844162 -29.732485 -25.589253 -33.522285 -29.562303 -31.054512 -35.481401 -43.825787 -44.308369 -45.718357 -46.960222 -47.118663 -44.055266 -41.906650 -42.287872 -45.238672 -48.218655 
-1.289964 0.820157 0.300488 0.951058 -0.730477 -4.372194 -6.295843 -2.232364 -3.002306 -2.892390 -3.086219 -11.289070 -13.316623 2.276552 1.515291 -8.874425 -19.600050 -32.127748 -37.101720 -42.759319 -42.867065 -42.710665 -42.679017 -40.744842 -26.825359 -23.778661 -29.811101 -26.196497 -27.925088 -40.693081 -48.284978 -44.965764 -42.143980 -51.011291 -53.647937 -48.932091 -44.953041 -40.432234 -44.526111 -52.222422 
1.594894 4.417110 2.063784 -2.345238 -3.905369 -5.962731 -7.857705 -4.855196 -3.182407 -5.173466 -3.091930 -2.667013 -6.528378 -5.920043 -8.091950 -10.366846 -17.980513 -29.343812 -35.336583 -31.849779 -31.783822 -34.111045 -38.383460 -39.510454 -25.510546 -21.624538 -28.919898 -28.233651 -33.247130 -40.416701 -45.209934 -43.714725 -44.551937 -47.920057 -48.746527 -48.212926 -45.622152 -44.686876 -47.945948 -49.576143 
1.066404 4.075503 1.727292 -3.234534 -5.312198 -4.709610 -6.094846 -6.229645 -3.878641 -6.538557 -3.023705 -2.732316 -11.906239 -11.712720 -8.273289 -12.874799 -22.620838 -24.535796 -32.279399 -38.801922 -41.519941 -41.758179 -37.641353 -37.063644 -25.073530 -25.008711 -34.784466 -33.918246 -32.878454 -34.682329 -41.985231 -42.850936 -45.574841 -48.372973 -52.186638 -48.503651 -45.100187 -43.711873 -50.297312 -48.729849 
-0.091387 1.193074 -1.966815 -3.682168 -4.586604 -6.726115 -7.255637 -5.586349 -1.696915 -4.006540 -1.862907 -4.161831 -9.409546 -10.578036 -8.558402 -15.158466 -22.187028 -26.490471 -33.723371 -39.722568 -45.165717 -43.943701 -38.668467 -36.211072 -25.827959 -25.583879 -35.068789 -33.413211 -33.078738 -34.621096 -41.219210 -44.461722 -45.448227 -49.968534 -54.444137 -47.370608 -44.900901 -44.983125 -46.393845 -46.831233 
-0.897036 3.308390 0.513299 -0.586710 -4.311649 -7.242539 -5.849252 -4.733898 -1.255255 -0.962380 -0.323546 -1.454465 -6.604293 -5.112654 -2.129879 -9.388744 -19.444537 -28.808364 -33.376972 -36.637465 -40.960791 -43.425534 -42.037072 -35.101448 -31.034252 -30.397388 -36.279464 -29.558867 -34.516412 -41.071995 -44.741696 -46.254818 -46.280267 -50.231770 -51.207042 -45.178683 -43.478530 -43.649921 -44.173073 -44.584320 
-4.370569 2.549684 -1.670005 -10.617443 -10.163033 -9.025826 -8.990377 -8.226097 -7.403069 -10.427682 -9.879269 -10.113059 -6.928563 -6.084521 -3.172116 -11.333585 -14.728967 -22.390819 -33.183222 -35.463543 -37.494931 -40.487807 -38.531848 -38.636706 -27.233592 -26.248064 -35.068045 -29.819985 -34.877229 -44.709308 -43.754463 -42.278891 -41.672679 -47.522275 -48.731237 -46.692726 -41.610488 -41.225201 -42.811678 -48.115573 
-9.296280 0.930435 -4.486001 -12.387966 -8.249660 -10.182565 -10.060550 -8.607238 -10.283312 -7.421988 -5.227701 -7.238621 -8.199681 -7.358192 -6.321833 -8.801301 -15.403871 -30.103056 -34.315449 -35.857484 -32.134276 -36.859569 -37.631984 -38.869521 -28.598911 -25.039131 -35.847793 -32.499359 -33.943206 -43.564635 -49.454309 -47.536170 -43.755625 -51.653652 -51.533928 -44.318880 -42.506971 -40.856053 -45.623306 -52.727038 
-7.609991 2.042173 -2.086817 -13.877885 -13.140949 -9.237406 -7.524803 -8.354188 -4.832549 -7.336063 -7.686613 -9.509591 -11.142812 -10.213651 -7.660789 -11.879105 -14.593141 -22.874095 -28.086762 -37.228653 -35.790161 -36.959858 -42.117824 -38.663483 -33.388888 -28.604967 -35.706553 -37.809877 -36.742866 -41.121269 -46.907603 -47.151266 -44.786434 -51.953965 -55.660146 -50.862805 -45.002657 -41.103216 -45.791911 -47.586131 
-7.446385 2.743429 -1.322519 -8.106326 -9.658787 -15.857826 -16.669751 -14.677990 -8.537423 -13.680828 -14.397389 -8.010319 -9.301340 -13.497227 -13.414415 -11.506562 -15.393107 -24.639926 -24.246646 -33.083150 -36.187935 -36.615240 -37.756624 -38.980788 -29.698866 -26.096236 -33.992183 -35.815861 -32.020320 -36.139763 -45.947626 -44.918908 -44.575153 -47.729039 -51.764254 -50.273094 -45.911788 -41.651268 -42.637016 -47.653007 
-10.792391 1.842502 -2.180759 -18.936694 -17.540150 -15.826154 -13.304009 -16.256263 -11.338812 -18.242261 -14.755030 -13.546067 -18.306762 -18.078353 -11.837003 -12.408819 -19.441213 -29.250455 -30.259790 -35.982775 -35.580699 -40.013179 -36.489156 -38.015505 -34.217107 -28.615837 -38.645939 -39.344995 -37.572995 -38.311496 -45.786006 -45.863920 -43.284153 -49.778561 -52.416523 -50.587211 -49.136350 -46.442492 -43.527943 -47.698710 
-11.645162 -0.271859 -2.500664 -12.512365 -18.306450 -19.672858 -18.290739 -25.315163 -19.578048 -18.443964 -18.724141 -19.263085 -18.977491 -15.282705 -8.935656 -12.288665 -16.059718 -21.643535 -30.502141 -38.687920 -39.716809 -35.404327 -36.553345 -38.388395 -35.287871 -29.850738 -35.277925 -39.381584 -36.326291 -35.114636 -47.364476 -44.766015 -44.015684 -47.263843 -52.015411 -50.162267 -48.163478 -45.501288 -42.795409 -46.473391 
-14.021865 -7.919301 -8.420365 -14.308830 -20.848302 -26.726177 -31.763797 -33.459689 -27.444029 -25.360105 -24.444513 -22.735496 -23.050766 -22.849705 -18.657679 -20.440846 -17.495804 -25.509630 -33.288948 -45.397376 -49.932361 -47.047404 -43.685255 -43.997359 -40.973495 -37.973918 -46.515688 -46.434620 -43.446671 -44.411685 -55.057701 -48.077486 -47.798864 -52.122559 -58.495416 -56.727695 -51.837290 -50.917148 -49.387663 -55.707259 
-42.158731 -36.927467 -34.937985 -35.055660 -37.101433 -43.129925 -51.287080 -44.051953 -42.018383 -45.926177 -53.137290 -47.517092 -43.324180 -39.589081 -37.815903 -39.181092 -41.182462 -44.221508 -49.485415 -53.305996 -55.983431 -58.703665 -58.828369 -56.057962 -59.645673 -57.601417 -59.964050 -59.530854 -58.765313 -62.179778 -62.788102 -61.170726 -63.185525 -64.813608 -64.429737 -65.115987 -66.380264 -65.733238 -67.317722 -66.529201 
NaN NaN NaN NaN NaN NaN NaN NaN NaN NaN NaN NaN NaN NaN NaN NaN NaN NaN NaN NaN NaN NaN NaN NaN NaN NaN NaN NaN NaN NaN NaN NaN NaN NaN NaN NaN NaN NaN NaN NaN 
NaN NaN NaN NaN NaN NaN NaN NaN NaN NaN NaN NaN NaN NaN NaN NaN NaN NaN NaN NaN NaN NaN NaN NaN NaN NaN NaN NaN NaN NaN NaN NaN NaN NaN NaN NaN NaN NaN NaN NaN 
NaN NaN NaN NaN NaN NaN NaN NaN NaN NaN NaN NaN NaN NaN NaN NaN NaN NaN NaN NaN NaN NaN NaN NaN NaN NaN NaN NaN NaN NaN NaN NaN NaN NaN NaN NaN NaN NaN NaN NaN 
NaN NaN NaN NaN NaN NaN NaN NaN NaN NaN NaN NaN NaN NaN NaN NaN NaN NaN NaN NaN NaN NaN NaN NaN NaN NaN NaN NaN NaN NaN NaN NaN NaN NaN NaN NaN NaN NaN NaN NaN 
NaN NaN NaN NaN NaN NaN NaN NaN NaN NaN NaN NaN NaN NaN NaN NaN NaN NaN NaN NaN NaN NaN NaN NaN NaN NaN NaN NaN NaN NaN NaN NaN NaN NaN NaN NaN NaN NaN NaN NaN 
NaN NaN NaN NaN NaN NaN NaN NaN NaN NaN NaN NaN NaN NaN NaN NaN NaN NaN NaN NaN NaN NaN NaN NaN NaN NaN NaN NaN NaN NaN NaN NaN NaN NaN NaN NaN NaN NaN NaN NaN 
NaN NaN NaN NaN NaN NaN NaN NaN NaN NaN NaN NaN NaN NaN NaN NaN NaN NaN NaN NaN NaN NaN NaN NaN NaN NaN NaN NaN NaN NaN NaN NaN NaN NaN NaN NaN NaN NaN NaN NaN 
NaN NaN NaN NaN NaN NaN NaN NaN NaN NaN NaN NaN NaN NaN NaN NaN NaN NaN NaN NaN NaN NaN NaN NaN NaN NaN NaN NaN NaN NaN NaN NaN NaN NaN NaN NaN NaN NaN NaN NaN 
NaN NaN NaN NaN NaN NaN NaN NaN NaN NaN NaN NaN NaN NaN NaN NaN NaN NaN NaN NaN NaN NaN NaN NaN NaN NaN NaN NaN NaN NaN NaN NaN NaN NaN NaN NaN NaN NaN NaN NaN 
NaN NaN NaN NaN NaN NaN NaN NaN NaN NaN NaN NaN NaN NaN NaN NaN NaN NaN NaN NaN NaN NaN NaN NaN NaN NaN NaN NaN NaN NaN NaN NaN NaN NaN NaN NaN NaN NaN NaN NaN 
NaN NaN NaN NaN NaN NaN NaN NaN NaN NaN NaN NaN NaN NaN NaN NaN NaN NaN NaN NaN NaN NaN NaN NaN NaN NaN NaN NaN NaN NaN NaN NaN NaN NaN NaN NaN NaN NaN NaN NaN 
NaN NaN NaN NaN NaN NaN NaN NaN NaN NaN NaN NaN NaN NaN NaN NaN NaN NaN NaN NaN NaN NaN NaN NaN NaN NaN NaN NaN NaN NaN NaN NaN NaN NaN NaN NaN NaN NaN NaN NaN 
NaN NaN NaN NaN NaN NaN NaN NaN NaN NaN NaN NaN NaN NaN NaN NaN NaN NaN NaN NaN NaN NaN NaN NaN NaN NaN NaN NaN NaN NaN NaN NaN NaN NaN NaN NaN NaN NaN NaN NaN 
NaN NaN NaN NaN NaN NaN NaN NaN NaN NaN NaN NaN NaN NaN NaN NaN NaN NaN NaN NaN NaN NaN NaN NaN NaN NaN NaN NaN NaN NaN NaN NaN NaN NaN NaN NaN NaN NaN NaN NaN 
NaN NaN NaN NaN NaN NaN NaN NaN NaN NaN NaN NaN NaN NaN NaN NaN NaN NaN NaN NaN NaN NaN NaN NaN NaN NaN NaN NaN NaN NaN NaN NaN NaN NaN NaN NaN NaN NaN NaN NaN 
NaN NaN NaN NaN NaN NaN NaN NaN NaN NaN NaN NaN NaN NaN NaN NaN NaN NaN NaN NaN NaN NaN NaN NaN NaN NaN NaN NaN NaN NaN NaN NaN NaN NaN NaN NaN NaN NaN NaN NaN 
NaN NaN NaN NaN NaN NaN NaN NaN NaN NaN NaN NaN NaN NaN NaN NaN NaN NaN NaN NaN NaN NaN NaN NaN NaN NaN NaN NaN NaN NaN NaN NaN NaN NaN NaN NaN NaN NaN NaN NaN 
-78.110579 -78.108964 -78.106266 -78.101679 -78.095405 -78.086487 -78.075425 -78.060994 -78.041440 -78.017661 -77.988194 -77.951086 -77.907082 -77.853483 -77.789451 -77.715344 -77.627680 -77.527394 -77.412166 -77.281270 -77.131425 -76.959232 -76.765627 -76.544500 -76.295077 -76.018808 -75.716379 -75.390857 -75.040933 -74.668939 -74.277944 -73.876709 -73.472534 -73.070248 -72.679040 -72.312366 -71.980578 -71.697405 -71.495723 -71.409111 
-76.341266 -76.339650 -76.336948 -76.332349 -76.326047 -76.317069 -76.305906 -76.291303 -76.271458 -76.247258 -76.217198 -76.179268 -76.134238 -76.079363 -76.013831 -75.938069 -75.848577 -75.746353 -75.629005 -75.495684 -75.342849 -75.166803 -74.968377 -74.741408 -74.485467 -74.202533 -73.893575 -73.561474 -73.204218 -72.823748 -72.423713 -72.014301 -71.603421 -71.194718 -70.796304 -70.423542 -70.088820 -69.799187 -69.573109 -69.445474 
NaN NaN NaN NaN NaN NaN NaN NaN NaN NaN NaN NaN NaN NaN NaN NaN NaN NaN NaN NaN NaN NaN NaN NaN NaN NaN NaN NaN NaN NaN NaN NaN NaN NaN NaN NaN NaN NaN NaN NaN 
