NaN NaN NaN NaN NaN NaN NaN NaN NaN NaN NaN NaN NaN NaN NaN NaN NaN NaN NaN NaN NaN NaN NaN NaN NaN NaN NaN NaN NaN NaN NaN NaN NaN NaN NaN NaN NaN NaN NaN NaN 
NaN NaN NaN NaN NaN NaN NaN NaN NaN NaN NaN NaN NaN NaN NaN NaN NaN NaN NaN NaN NaN NaN NaN NaN NaN NaN NaN NaN NaN NaN NaN NaN NaN NaN NaN NaN NaN NaN NaN NaN 
NaN NaN NaN NaN NaN NaN NaN NaN NaN NaN NaN NaN NaN NaN NaN NaN NaN NaN NaN NaN NaN NaN NaN NaN NaN NaN NaN NaN NaN NaN NaN NaN NaN NaN NaN NaN NaN NaN NaN NaN 
NaN NaN NaN NaN NaN NaN NaN NaN NaN NaN NaN NaN NaN NaN NaN NaN NaN NaN NaN NaN NaN NaN NaN NaN NaN NaN NaN NaN NaN NaN NaN NaN NaN NaN NaN NaN NaN NaN NaN NaN 
NaN NaN NaN NaN NaN NaN NaN NaN NaN NaN NaN NaN NaN NaN NaN NaN NaN NaN NaN NaN NaN NaN NaN NaN NaN NaN NaN NaN NaN NaN NaN NaN NaN NaN NaN NaN NaN NaN NaN NaN 
NaN NaN NaN NaN NaN NaN NaN NaN NaN NaN NaN NaN NaN NaN NaN NaN NaN NaN NaN NaN NaN NaN NaN NaN NaN NaN NaN NaN NaN NaN NaN NaN NaN NaN NaN NaN NaN NaN NaN NaN 
NaN NaN NaN NaN NaN NaN NaN NaN NaN NaN NaN NaN NaN NaN NaN NaN NaN NaN NaN NaN NaN NaN NaN NaN NaN NaN NaN NaN NaN NaN NaN NaN NaN NaN NaN NaN NaN NaN NaN NaN 
NaN NaN NaN NaN NaN NaN NaN NaN NaN NaN NaN NaN NaN NaN NaN NaN NaN NaN NaN NaN NaN NaN NaN NaN NaN NaN NaN NaN NaN NaN NaN NaN NaN NaN NaN NaN NaN NaN NaN NaN 
NaN NaN NaN NaN NaN NaN NaN NaN NaN NaN NaN NaN NaN NaN NaN NaN NaN NaN NaN NaN NaN NaN NaN NaN NaN NaN NaN NaN NaN NaN NaN NaN NaN NaN NaN NaN NaN NaN NaN NaN 
NaN NaN NaN NaN NaN NaN NaN NaN NaN NaN NaN NaN NaN NaN NaN NaN NaN NaN NaN NaN NaN NaN NaN NaN NaN NaN NaN NaN NaN NaN NaN NaN NaN NaN NaN NaN NaN NaN NaN NaN 
NaN NaN NaN NaN NaN NaN NaN NaN NaN NaN NaN NaN NaN NaN NaN NaN NaN NaN NaN NaN NaN NaN NaN NaN NaN NaN NaN NaN NaN NaN NaN NaN NaN NaN NaN NaN NaN NaN NaN NaN 
NaN NaN NaN NaN NaN NaN NaN NaN NaN NaN NaN NaN NaN NaN NaN NaN NaN NaN NaN NaN NaN NaN NaN NaN NaN NaN NaN NaN NaN NaN NaN NaN NaN NaN NaN NaN NaN NaN NaN NaN 
-51.121436 -52.532242 -54.994232 -59.129373 -63.038779 -63.434519 -64.068877 -67.998873 -71.862921 -69.651186 -72.225422 -79.876576 -77.549324 -82.198499 -82.177378 -85.327596 -87.698049 -87.660627 -86.779786 -88.345736 -86.672280 -88.497730 -91.380542 -90.577477 -90.967725 -93.401914 -94.085127 -90.662494 -93.816696 -94.718558 -95.662637 -97.826139 -93.266532 -93.228203 -93.190761 -92.149633 -95.674116 -97.836025 -99.292305 -95.818911 
-29.566777 -34.309110 -41.952774 -36.663120 -36.643396 -37.832760 -42.990802 -46.198314 -43.304795 -43.126813 -35.241437 -34.774864 -39.535923 -36.259431 -38.767857 -41.736221 -45.203574 -48.054103 -43.011028 -49.064181 -50.199524 -50.217145 -58.747264 -58.365516 -51.790757 -54.024065 -47.726087 -49.389007 -50.377252 -50.628250 -58.793826 -60.009632 -58.887926 -65.990307 -65.686188 -68.230294 -66.114474 -64.670317 -69.041582 -71.201337 
-15.340487 -21.753636 -23.444668 -28.319904 -19.679693 -19.022487 -26.694056 -29.656652 -35.035383 -27.455932 -18.215897 -20.423285 -13.139253 -12.719923 -11.938395 -16.370446 -20.898037 -28.073437 -23.687800 -25.079300 -24.374846 -23.753552 -25.990453 -26.474625 -25.620084 -19.086146 -17.727554 -18.711837 -24.447495 -28.715683 -27.822291 -30.878053 -32.437163 -38.577935 -46.654290 -42.390958 -44.830202 -43.660782 -46.379139 -49.845424 
-16.140700 -25.622151 -22.002312 -21.799549 -18.595862 -16.047219 -19.125603 -20.258697 -19.061986 -19.603545 -17.163191 -14.267435 -8.841873 -9.355729 -7.295665 -14.546572 -14.530394 -17.847689 -19.454270 -22.313234 -21.278311 -21.215750 -18.417924 -16.219237 -17.177855 -18.268101 -14.564113 -14.320638 -17.151093 -20.844271 -21.829030 -25.029738 -27.717573 -32.495922 -37.707060 -39.092197 -38.107329 -40.302968 -38.935311 -41.695835 
-23.358767 -24.853920 -22.419091 -15.082500 -12.464212 -16.763939 -25.181567 -22.045064 -17.130151 -10.009813 -7.101203 -10.456903 -7.226012 -9.810450 -5.792891 -6.461177 -8.476115 -7.143762 -9.299268 -13.392287 -17.915860 -20.513928 -13.633930 -11.120929 -12.029311 -10.809122 -11.878067 -11.893757 -11.472347 -14.898721 -17.963984 -21.233256 -27.521619 -30.346652 -33.878583 -32.857128 -32.717946 -32.272970 -31.289567 -34.286587 
-12.043519 -18.652941 -22.276611 -20.376793 -18.240354 -20.152373 -27.208118 -16.787030 -12.674175 -12.150961 -11.392829 -4.326965 -5.614649 -3.254333 -1.014440 -7.381654 -0.046298 -1.819803 -5.730016 -14.035962 -15.177923 -6.676404 -4.732626 -1.688315 0.976740 -6.787294 -7.648419 -9.530218 -5.182885 -11.931893 -14.889614 -15.020232 -20.380690 -24.507427 -28.420011 -27.140430 -26.708590 -26.493171 -28.930748 -30.008040 
-5.663998 -7.840957 -12.676307 -17.822323 -22.153349 -14.889910 -13.165712 -12.907641 -17.818498 -17.177499 -13.740786 -5.376688 -9.551134 -9.788742 -4.148840 -0.393145 -0.598918 -0.323609 -2.681132 -11.423267 -11.888306 -6.030013 -5.797679 -3.931893 -3.396662 -5.499829 -6.640553 -5.051824 -2.192044 -7.282068 -11.272213 -11.326501 -15.141821 -24.330788 -23.191275 -25.468002 -20.582134 -18.850692 -21.738722 -23.458466 
-8.208931 -9.269149 -20.282293 -20.847248 -18.929624 -17.873680 -19.171174 -18.623750 -10.942733 -10.568754 -8.408106 -3.605916 -8.688534 -2.967114 -6.679916 0.459536 -1.743937 -4.687781 -4.919546 -9.499040 -13.029135 -7.871018 -4.359870 -1.797526 1.515094 -7.481801 -10.178454 -8.551239 -6.652314 -6.406732 -11.501556 -11.365916 -14.640457 -21.774831 -25.904353 -25.433929 -23.983043 -23.139255 -24.202570 -25.592282 
-9.468113 -12.939085 -18.547711 -15.545123 -16.961184 -26.886314 -21.579041 -17.029047 -12.721525 -11.966716 -6.343721 -5.982226 -7.695281 -9.280213 -4.947932 4.111647 3.122615 2.773214 2.242704 -4.904845 -4.608442 -1.797216 -3.483672 -4.978379 -3.103877 -6.042652 -9.894329 -5.792997 -6.507678 -8.356751 -11.357037 -13.721041 -18.087330 -20.972980 -24.957043 -24.261488 -23.596011 -22.723721 -21.244901 -25.183543 
-18.991146 -17.319542 -19.338231 -19.398435 -13.481613 -14.182679 -19.758637 -21.331195 -16.817797 -13.447662 -10.958817 -11.580558 -10.636908 -6.885458 -3.719932 -1.507640 -2.314675 2.931183 -2.200087 -10.855961 -8.945319 -2.686348 -3.436198 -8.666406 -7.560717 -5.423598 -7.758055 -7.167147 -8.365834 -11.111919 -14.592688 -17.808458 -16.433277 -19.400605 -24.431170 -22.716533 -24.196311 -20.902122 -21.064484 -23.116712 
-11.366731 -11.518265 -17.846733 -18.828897 -7.537880 -6.281747 -14.200533 -19.856980 -20.003025 -15.579329 -5.280074 -6.134573 -12.119079 -7.365616 -5.121275 3.821854 2.482498 2.587470 3.934926 -2.930979 -4.427222 -3.794349 0.402188 -1.612369 -9.186983 -11.911827 -7.334700 -4.080198 -3.229026 -10.857913 -13.422630 -19.012382 -20.361381 -21.912506 -25.356255 -25.396123 -24.190296 -25.041626 -25.371142 -24.867312 
-27.732157 -19.537066 -18.616774 -15.681832 2.325525 8.564816 -1.378651 -13.970737 -11.579467 -4.101276 -4.025504 -11.366900 -5.985089 -4.431092 -4.204007 2.323272 1.920974 -3.760400 -0.149778 -1.218772 -3.885930 -2.458705 -4.908011 -0.760530 -5.424594 -6.934810 -6.628524 -7.858223 -7.187508 -9.896750 -12.507942 -19.214857 -22.013684 -20.178123 -24.218569 -28.659786 -27.427862 -25.183622 -26.281651 -23.579202 
-13.751051 -19.369997 -19.327907 -11.620040 5.172948 15.472796 7.888316 -12.966378 -11.691072 2.552965 5.578741 -14.534284 -8.324303 2.458957 -0.119672 1.740635 7.288078 2.911250 -4.858339 -4.254634 -8.355711 -2.354208 -5.821937 -1.691647 -5.370984 -7.328371 -10.948168 -4.291103 -3.976502 -8.715427 -12.765758 -17.133559 -20.483524 -22.527247 -25.628562 -29.743996 -26.907833 -22.426388 -25.532412 -24.775005 
-17.457171 -17.768258 -22.276985 -27.298103 2.839160 17.253424 10.841270 -14.637981 -19.961949 6.796036 11.780366 -7.268415 -8.123616 6.542575 2.810257 1.732648 12.929353 2.583660 -1.360163 -1.806658 -3.360254 0.756703 -0.070162 -0.504491 -2.943763 -2.850190 -5.714989 -5.834996 -6.508937 -11.723636 -17.384980 -17.021049 -16.481020 -19.010017 -22.412642 -27.349123 -28.973000 -29.425202 -29.738729 -26.510049 
-18.408604 -17.442795 -20.415961 -27.252368 3.089310 17.428933 9.978250 -16.346686 -18.157458 9.535408 13.205334 -4.571914 -7.615784 9.377035 2.419819 2.421962 15.406495 4.164843 1.638609 0.395521 -0.910902 3.409776 -0.188127 0.214405 -2.659753 -5.659117 -6.434739 -4.441299 -7.729734 -14.478327 -20.902631 -16.521238 -16.803033 -18.845376 -23.925264 -29.190717 -29.506305 -27.197408 -26.729353 -26.107672 
-19.447543 -18.737544 -19.695514 -21.312577 5.875433 17.940362 9.502158 -18.642611 -23.015662 11.180638 11.914734 -8.508115 -3.533426 9.781949 -0.982630 7.016511 17.938259 0.658723 5.003918 0.618425 -2.042068 -1.256262 1.980969 -1.836153 0.883205 -6.808707 -5.689307 -2.007757 -4.059185 -8.642165 -13.915805 -16.430428 -18.191249 -20.342204 -23.429818 -29.009756 -31.637566 -30.130096 -32.415656 -29.502323 
-21.915614 -16.727011 -24.013756 -17.154844 7.755960 18.271603 7.915490 -15.008231 -14.686467 12.015942 9.346191 -14.334488 0.161175 8.091376 -3.359154 11.891357 17.868107 -3.123944 5.400918 -3.988822 1.858838 -3.067024 4.507191 -3.148481 -0.260184 -5.716140 -5.617973 -3.884150 -5.676292 -9.652153 -12.537940 -15.037858 -16.880682 -22.484475 -27.837538 -30.036453 -31.101424 -31.171724 -30.875220 -27.848799 
-25.735104 -21.245187 -23.835580 -13.609656 10.904505 18.069788 5.234055 -15.874586 -3.837508 12.353405 4.368766 -10.880605 8.236528 9.870751 -0.303718 17.203992 14.944542 0.126550 4.871100 -3.188885 3.294848 0.529401 3.970757 0.743957 -2.162303 -2.935601 -4.803468 -3.055296 -4.334649 -8.307407 -12.513908 -12.623584 -12.892199 -19.718364 -24.173668 -25.577622 -27.058121 -30.871596 -28.314851 -24.349454 
-19.890917 -27.438707 -24.107267 -5.798974 14.329964 17.043622 -0.290828 -14.958513 2.215325 10.148065 -4.893008 -4.005158 11.317216 5.384957 7.378368 19.817464 6.992974 5.055120 -0.838147 -1.357931 -3.889868 3.530776 -0.895460 0.674031 -3.541659 -5.310871 -4.623039 -4.000306 -5.881209 -8.888615 -13.623112 -15.841254 -17.569909 -19.759197 -24.437246 -31.619598 -33.256600 -35.889018 -35.677577 -27.525469 
-21.932771 -26.794382 -22.554425 1.023823 16.975148 14.401126 -5.760878 -11.383773 7.663942 4.729865 -10.621452 6.598168 9.731106 -0.605955 16.556666 15.920284 7.755478 7.813621 0.598986 1.952863 1.113138 3.676597 1.435893 -2.628154 -3.719240 -9.164746 -9.904848 -7.312898 -6.947337 -11.126994 -16.189920 -16.800450 -20.742203 -22.553643 -25.048218 -29.592575 -32.024899 -36.220659 -37.512081 -32.643717 
-33.776461 -21.375528 -16.752035 7.128234 18.036810 9.797473 -13.208683 -0.411658 8.984403 -3.205933 -0.234210 12.149583 6.366667 9.115432 17.245121 9.020605 13.071449 5.059812 6.033439 0.612020 1.987604 4.019413 -0.660175 -2.773558 -8.765001 -10.752243 -10.017657 -6.302437 -5.832895 -11.621500 -15.719109 -14.880761 -15.367673 -19.551077 -24.758042 -26.761871 -29.898983 -34.020675 -37.283071 -32.747370 
-18.016293 -21.153574 -15.027191 12.325273 18.491215 5.264978 -11.582261 7.566782 8.547622 -9.540246 8.750431 11.169410 -1.874131 12.414608 8.920857 15.086796 11.538277 4.186088 1.422961 -0.763761 -1.339466 3.669184 -3.885887 -10.431342 -9.638463 -9.279105 -7.926174 -5.060438 -8.893779 -14.992953 -18.219567 -18.009710 -18.648364 -21.653204 -24.990463 -25.129520 -28.956026 -33.046893 -35.014142 -34.352046 
-25.193682 -25.866589 -6.244178 15.839449 17.703303 0.429485 -0.683537 11.437099 3.106337 -0.862077 12.750317 5.083772 8.416258 7.118727 12.805455 17.634993 6.407735 1.946941 1.311738 -1.493920 -0.769574 -0.782755 -2.772011 -6.296022 -9.174027 -12.281647 -10.383040 -6.840986 -8.613777 -15.201475 -17.920909 -19.040959 -18.301917 -22.342300 -27.083065 -27.875041 -31.490679 -37.455250 -36.562977 -33.428920 
-27.596258 -17.147697 1.138228 16.734343 13.738410 -3.536042 6.780675 10.864616 -4.776078 6.923756 8.178849 3.642723 12.082269 8.001097 18.106269 12.955321 10.427985 3.324039 2.055916 1.619712 0.181212 0.218766 -2.248137 -6.600061 -13.018517 -17.203981 -17.889369 -12.276269 -12.857321 -16.183573 -18.896122 -21.727554 -21.396241 -22.815361 -28.105583 -30.291333 -33.367153 -38.929980 -40.217872 -34.536398 
-27.948918 -15.773022 6.697004 15.800462 7.106087 -2.088386 11.157413 8.593537 -1.520479 7.466707 2.373129 11.065291 11.232974 13.284046 15.292006 14.821796 10.142304 4.964663 2.211513 1.598389 0.876322 -0.069614 -4.429021 -9.151373 -10.996282 -13.478560 -12.879956 -10.165988 -11.351192 -15.777457 -17.399763 -21.352723 -23.270516 -27.429117 -28.208527 -30.817105 -30.997322 -36.212216 -38.254852 -37.149818 
-21.696885 -11.955057 9.050638 14.588738 2.474966 2.630585 11.316252 -0.701056 2.057983 3.506383 2.296870 8.460541 7.965747 11.878826 14.424779 15.257675 8.001896 1.917845 0.711545 -0.798638 -2.244617 -4.276358 -6.756256 -11.196402 -15.209293 -19.333725 -16.080024 -10.717159 -14.078420 -21.306371 -21.397480 -21.597236 -21.560292 -24.592115 -25.059971 -27.180484 -27.826921 -34.553373 -39.104782 -40.370990 
-11.900321 -4.621820 10.641716 10.706400 1.350283 4.619548 7.376212 -1.750581 -0.088869 -1.492454 5.031219 3.988673 6.784272 6.958806 14.061373 10.065212 3.385143 -2.249407 -5.219233 -3.270283 0.590129 1.377004 -4.674927 -8.698516 -11.979208 -17.302279 -16.059938 -12.544873 -17.645322 -24.684691 -26.646248 -25.339687 -25.049225 -29.968962 -28.122504 -28.769621 -28.556232 -33.245084 -40.897216 -41.388481 
-10.470850 1.104474 12.175591 9.988645 0.977464 7.715641 5.616653 1.088322 2.939545 -0.152350 3.948441 4.038314 6.192271 8.665894 8.629717 8.794816 5.349650 -0.589491 -1.830313 -5.793804 -5.360690 -1.945190 -9.265610 -11.792327 -15.886576 -18.538607 -19.067671 -16.528158 -20.754100 -24.845093 -27.726739 -26.777239 -24.453740 -25.776855 -28.337799 -28.662307 -27.573087 -32.335499 -37.169806 -37.522018 
-19.566489 0.518601 12.340657 8.778469 -1.447046 8.588483 1.412311 -1.448129 -2.248004 -1.567457 0.568772 4.708745 4.909221 10.529372 8.287607 5.611507 1.439547 -6.228910 -10.556725 -13.884251 -8.828688 -3.983758 -6.884781 -14.475482 -19.748032 -15.441803 -11.071875 -8.486042 -13.475241 -19.264517 -25.408651 -26.216591 -26.126278 -26.805657 -28.911639 -30.543929 -27.235276 -32.523553 -38.779835 -42.916397 
-14.473922 -0.100411 12.086434 8.518342 -1.785520 8.490745 0.609283 -1.893382 -3.652841 -2.548877 -1.319264 1.568477 0.162263 6.275909 2.546246 -1.213087 -6.491525 -12.297212 -11.676597 -12.140893 -12.077576 -8.899444 -8.326146 -13.402151 -15.276962 -12.845432 -9.057267 -6.461283 -13.050369 -18.567008 -23.504530 -25.449323 -22.344691 -25.766448 -29.971888 -33.755954 -30.642392 -34.741998 -39.909758 -41.875683 
-19.536728 -1.038328 11.483904 7.887242 -2.482301 7.718060 -0.090080 -3.122049 -5.837683 -4.332112 -3.843933 -0.739478 -4.154511 1.962817 2.418842 -4.220840 -9.073684 -12.626870 -12.855058 -14.511662 -13.202251 -4.517091 -8.960628 -10.690993 -12.728699 -14.311091 -10.811786 -12.707869 -21.044767 -25.448355 -31.394441 -28.728320 -26.912222 -29.314573 -32.013381 -31.507174 -28.884727 -33.125173 -38.830364 -42.566836 
-17.752655 -1.213152 9.961654 5.374477 -4.232115 4.924817 -4.277758 -5.694984 -8.993171 -11.004321 -10.866316 -5.239403 -3.040156 0.043752 -6.851652 -9.698587 -12.727132 -19.042593 -16.489464 -15.971432 -18.485837 -9.029666 -10.648379 -12.102062 -14.287524 -15.719989 -12.577071 -13.725483 -25.142486 -28.173594 -29.332962 -26.826834 -25.979693 -29.148433 -38.041516 -34.121306 -34.340072 -37.068486 -40.570723 -45.810770 
-14.853031 -4.044148 7.089271 5.097450 -2.276280 2.530168 -4.837367 -8.190371 -13.438824 -15.002931 -16.586781 -11.941981 -5.502156 -1.974674 -6.886207 -14.579165 -15.087326 -17.881337 -20.442057 -19.968838 -19.683440 -15.549296 -17.496526 -17.613046 -19.118586 -18.637702 -15.010677 -17.940360 -26.586080 -32.744130 -31.850373 -31.758912 -31.219296 -34.406413 -39.766859 -37.599941 -33.844135 -35.187959 -43.309417 -45.301040 
-10.797617 -5.425043 -3.124929 -4.405890 -5.681076 -7.725975 -16.331828 -20.596749 -15.717877 -10.919598 -11.373716 -12.220978 -16.764350 -20.298385 -20.880018 -21.500940 -23.172174 -33.349610 -28.722119 -31.369210 -28.132617 -25.025351 -19.211072 -28.430527 -24.886681 -25.235552 -20.892539 -25.821509 -35.502652 -38.551060 -36.997274 -36.086381 -36.117419 -39.451626 -39.318551 -40.898372 -40.553062 -41.424575 -45.124811 -48.382434 
-23.954748 -25.654851 -22.057589 -25.881618 -24.711212 -27.559291 -28.445853 -29.885698 -27.795519 -24.925163 -24.895636 -24.547783 -30.412927 -28.384234 -32.396238 -38.334809 -37.870479 -42.445633 -44.707545 -45.182631 -41.423120 -38.484970 -42.708546 -43.570492 -41.275872 -38.352212 -36.546837 -41.860255 -47.924605 -52.133305 -49.901521 -49.618353 -45.273358 -49.031721 -50.806574 -51.041455 -53.530951 -52.988192 -56.315542 -57.949467 
-32.140756 -28.495720 -27.273819 -34.385768 -31.147866 -29.899100 -39.375975 -41.046786 -41.135221 -39.605721 -42.100431 -42.371584 -43.800134 -53.106908 -53.283050 -50.927130 -55.702944 -61.000237 -60.848452 -59.273012 -57.554139 -56.067613 -62.090896 -65.168463 -62.166376 -62.355447 -56.351062 -61.929641 -66.350070 -70.641305 -66.829778 -68.414099 -68.489886 -68.468216 -69.066198 -69.118784 -69.948893 -71.130619 -73.191544 -73.689965 
-38.703382 -39.039268 -38.379769 -41.812843 -45.223174 -41.810245 -45.022319 -53.614170 -48.795178 -47.925437 -47.505161 -55.454720 -57.145541 -58.125902 -63.909051 -61.945187 -64.981745 -69.369094 -69.755177 -68.848431 -70.293262 -72.707002 -69.017832 -73.869917 -70.564853 -74.136607 -74.411799 -75.758634 -73.782961 -74.287279 -72.856854 -72.078142 -77.063814 -73.957845 -72.609889 -71.720999 -75.070162 -71.978223 -74.273542 -75.892201 
-40.589181 -38.536573 -37.541720 -39.755465 -44.548761 -46.863901 -52.434988 -54.132401 -58.236179 -57.015789 -60.196774 -64.335891 -72.615741 -66.730583 -63.310902 -65.637129 -68.202934 -69.034827 -71.281065 -69.100252 -73.347794 -73.543660 -74.552743 -75.596503 -73.214848 -75.371133 -75.979738 -73.923788 -75.858007 -78.379736 -73.750686 -73.915801 -76.228929 -78.418412 -76.492856 -75.336501 -76.599766 -77.401507 -80.555829 -77.484155 
-48.398304 -49.152061 -51.681001 -53.907838 -52.792001 -55.924699 -58.433671 -65.302583 -66.716105 -66.703354 -67.467911 -65.731394 -73.740342 -70.223842 -69.022433 -70.358320 -75.152729 -71.783534 -74.258872 -74.433224 -75.705291 -74.156537 -74.814647 -73.607564 -71.725819 -75.906975 -73.729479 -73.817676 -72.916356 -79.202680 -78.030391 -77.836639 -75.334062 -76.542658 -76.299367 -79.176060 -76.670970 -78.929798 -80.179991 -80.284350 
-48.117336 -55.722484 -60.528069 -56.157700 -57.014537 -60.120719 -64.208823 -70.903674 -65.546150 -72.554343 -70.898847 -69.214517 -72.278478 -73.019663 -71.052689 -72.410558 -72.370925 -75.784198 -74.971382 -73.503804 -76.741798 -79.349371 -73.449317 -73.661528 -75.436489 -79.185548 -77.480082 -79.189309 -75.577995 -78.503795 -78.142078 -77.269910 -76.059248 -76.024351 -77.611428 -77.583323 -78.074908 -78.101526 -78.341273 -79.369244 
-34.786492 -35.543633 -36.296595 -35.966240 -34.368084 -32.345223 -31.108383 -30.611462 -31.165922 -32.564807 -33.804063 -33.701337 -32.991462 -32.730413 -32.990486 -33.383960 -34.501009 -36.288990 -36.664375 -36.869492 -36.336852 -33.284941 -32.594870 -35.188636 -38.318301 -40.354324 -37.629777 -36.538395 -37.881052 -38.645636 -39.680946 -38.881134 -39.815033 -41.007174 -39.502066 -42.051696 -45.970073 -51.492068 -55.045280 -52.320224 
-15.132381 -19.183862 -29.227899 -23.837330 -14.987854 -12.663028 -13.345882 -14.229120 -16.444126 -17.961810 -16.797422 -17.978868 -18.695891 -17.307583 -15.495470 -16.924926 -19.956040 -20.559006 -21.426706 -22.750584 -20.555814 -17.378568 -14.518524 -19.286343 -22.741071 -25.283339 -20.861731 -19.321839 -21.562920 -20.370125 -20.777520 -20.014264 -21.858060 -21.152435 -17.307537 -18.605579 -22.041311 -24.241007 -24.041444 -27.168412 
-18.124403 -26.281644 -36.268480 -25.799889 -20.346668 -22.268806 -20.786523 -20.433159 -24.523384 -22.333995 -25.488471 -32.032964 -27.975151 -22.905761 -21.103159 -24.909852 -26.174892 -30.568465 -33.368575 -30.386294 -33.612299 -23.114161 -15.363820 -21.410754 -24.137028 -24.291586 -18.682607 -18.870649 -24.110506 -19.930245 -18.675605 -14.801070 -12.758882 -15.208061 -11.926707 -9.780489 -11.155901 -12.625332 -13.656250 -18.653763 
-14.829670 -20.066975 -25.235014 -28.672723 -28.580762 -20.711584 -18.570857 -17.692123 -21.964133 -21.843852 -20.514711 -27.800791 -24.759924 -23.123291 -25.308544 -25.438046 -24.046202 -26.827450 -31.547355 -29.587899 -29.824104 -24.408503 -19.468982 -20.609271 -24.652323 -21.817423 -17.119971 -14.629629 -20.705001 -21.093434 -19.066926 -16.717374 -16.022469 -17.442038 -13.141670 -9.705896 -11.649508 -12.205890 -13.103702 -16.824988 
-14.939827 -27.935496 -32.220061 -31.228869 -25.670304 -22.793476 -18.758484 -17.252185 -20.415843 -19.792103 -24.074002 -27.045353 -28.848219 -30.273180 -28.206718 -22.579651 -24.629694 -25.899086 -27.971870 -28.915364 -29.177355 -24.993073 -18.661950 -16.961603 -20.097526 -22.516185 -15.420719 -15.528080 -21.279374 -21.461522 -19.606892 -17.954962 -18.618850 -19.842953 -16.732824 -16.252850 -14.309353 -16.191682 -16.670820 -19.437452 
-26.125414 -23.273560 -27.266777 -29.349503 -35.334147 -31.321853 -27.601274 -20.845146 -18.092597 -19.357006 -23.083810 -28.605276 -23.756707 -23.808717 -27.844553 -22.918686 -26.619178 -27.601063 -29.732268 -29.734332 -25.593127 -14.398567 -12.585544 -20.500712 -24.747723 -28.400019 -15.238839 -15.509803 -22.255576 -23.683303 -20.264086 -16.711405 -16.452063 -20.995665 -16.220552 -13.784054 -14.627649 -16.817932 -16.527437 -21.495606 
-18.442655 -28.533915 -33.163221 -32.114114 -26.749520 -23.894931 -21.918130 -19.297350 -21.343043 -16.879262 -22.221623 -23.056612 -23.018262 -28.655728 -26.048719 -21.572042 -28.169783 -29.131280 -35.887593 -29.764345 -22.254860 -11.974247 -13.780176 -21.326192 -23.948771 -23.265645 -17.733851 -18.958526 -24.539336 -24.280498 -24.805755 -25.046363 -20.042717 -21.334445 -18.385496 -18.572393 -18.052693 -23.038192 -23.261771 -26.981608 
-24.911151 -24.300889 -29.846129 -37.325091 -29.245596 -19.960831 -15.819696 -14.750334 -13.981795 -18.860477 -21.702100 -22.650272 -30.345561 -28.569924 -24.394796 -24.358665 -30.372391 -33.272569 -35.425035 -34.039000 -26.856109 -17.402819 -21.765020 -23.152717 -26.688909 -25.778730 -21.467617 -26.361853 -28.663689 -25.850110 -28.555129 -31.528345 -26.485119 -26.573426 -24.052097 -24.169703 -27.040595 -31.580932 -32.306068 -36.805824 
-26.053516 -32.176097 -30.083749 -31.120040 -31.687544 -33.267444 -23.210340 -18.668561 -21.481904 -25.759704 -29.360085 -33.409052 -27.935826 -25.618400 -31.187460 -36.167626 -39.207817 -40.493905 -41.080115 -37.527045 -33.787573 -25.032475 -30.088610 -34.431839 -39.618644 -37.347867 -30.466533 -36.177910 -39.761836 -39.236552 -41.751173 -41.682643 -41.050909 -41.686888 -38.413130 -38.565590 -40.809768 -43.773696 -44.726677 -48.052833 
-29.621070 -37.274368 -40.022429 -46.262245 -38.475067 -39.326458 -43.249600 -41.656921 -40.224584 -42.617797 -49.122115 -41.252767 -34.898463 -36.781639 -45.458103 -51.315012 -55.738695 -54.571936 -60.798264 -54.408040 -52.271911 -42.678045 -48.099975 -55.225674 -57.726838 -57.391554 -45.021908 -50.633918 -62.300858 -60.191194 -63.009494 -61.978730 -61.188848 -66.638817 -65.952759 -64.821616 -64.709157 -66.049256 -69.255483 -72.712068 
-42.139763 -44.574162 -48.541193 -51.610594 -50.541853 -50.019681 -51.923354 -57.001202 -57.771784 -56.938732 -61.399142 -61.000595 -64.687685 -63.500027 -68.109203 -73.112711 -78.674979 -79.435236 -77.863787 -82.109935 -73.794048 -73.045337 -71.738417 -80.482295 -84.078963 -77.109188 -75.874882 -82.146872 -80.575868 -85.511251 -85.299449 -83.662963 -82.038948 -88.850145 -91.627331 -91.013804 -85.653368 -86.213155 -91.156640 -92.336728 
NaN NaN NaN NaN NaN NaN NaN NaN NaN NaN NaN NaN NaN NaN NaN NaN NaN NaN NaN NaN NaN NaN NaN NaN NaN NaN NaN NaN NaN NaN NaN NaN NaN NaN NaN NaN NaN NaN NaN NaN 
NaN NaN NaN NaN NaN NaN NaN NaN NaN NaN NaN NaN NaN NaN NaN NaN NaN NaN NaN NaN NaN NaN NaN NaN NaN NaN NaN NaN NaN NaN NaN NaN NaN NaN NaN NaN NaN NaN NaN NaN 
NaN NaN NaN NaN NaN NaN NaN NaN NaN NaN NaN NaN NaN NaN NaN NaN NaN NaN NaN NaN NaN NaN NaN NaN NaN NaN NaN NaN NaN NaN NaN NaN NaN NaN NaN NaN NaN NaN NaN NaN 
NaN NaN NaN NaN NaN NaN NaN NaN NaN NaN NaN NaN NaN NaN NaN NaN NaN NaN NaN NaN NaN NaN NaN NaN NaN NaN NaN NaN NaN NaN NaN NaN NaN NaN NaN NaN NaN NaN NaN NaN 
NaN NaN NaN NaN NaN NaN NaN NaN NaN NaN NaN NaN NaN NaN NaN NaN NaN NaN NaN NaN NaN NaN NaN NaN NaN NaN NaN NaN NaN NaN NaN NaN NaN NaN NaN NaN NaN NaN NaN NaN 
NaN NaN NaN NaN NaN NaN NaN NaN NaN NaN NaN NaN NaN NaN NaN NaN NaN NaN NaN NaN NaN NaN NaN NaN NaN NaN NaN NaN NaN NaN NaN NaN NaN NaN NaN NaN NaN NaN NaN NaN 
NaN NaN NaN NaN NaN NaN NaN NaN NaN NaN NaN NaN NaN NaN NaN NaN NaN NaN NaN NaN NaN NaN NaN NaN NaN NaN NaN NaN NaN NaN NaN NaN NaN NaN NaN NaN NaN NaN NaN NaN 
NaN NaN NaN NaN NaN NaN NaN NaN NaN NaN NaN NaN NaN NaN NaN NaN NaN NaN NaN NaN NaN NaN NaN NaN NaN NaN NaN NaN NaN NaN NaN NaN NaN NaN NaN NaN NaN NaN NaN NaN 
NaN NaN NaN NaN NaN NaN NaN NaN NaN NaN NaN NaN NaN NaN NaN NaN NaN NaN NaN NaN NaN NaN NaN NaN NaN NaN NaN NaN NaN NaN NaN NaN NaN NaN NaN NaN NaN NaN NaN NaN 
NaN NaN NaN NaN NaN NaN NaN NaN NaN NaN NaN NaN NaN NaN NaN NaN NaN NaN NaN NaN NaN NaN NaN NaN NaN NaN NaN NaN NaN NaN NaN NaN NaN NaN NaN NaN NaN NaN NaN NaN 
NaN NaN NaN NaN NaN NaN NaN NaN NaN NaN NaN NaN NaN NaN NaN NaN NaN NaN NaN NaN NaN NaN NaN NaN NaN NaN NaN NaN NaN NaN NaN NaN NaN NaN NaN NaN NaN NaN NaN NaN 
NaN NaN NaN NaN NaN NaN NaN NaN NaN NaN NaN NaN NaN NaN NaN NaN NaN NaN NaN NaN NaN NaN NaN NaN NaN NaN NaN NaN NaN NaN NaN NaN NaN NaN NaN NaN NaN NaN NaN NaN 
NaN NaN NaN NaN NaN NaN NaN NaN NaN NaN NaN NaN NaN NaN NaN NaN NaN NaN NaN NaN NaN NaN NaN NaN NaN NaN NaN NaN NaN NaN NaN NaN NaN NaN NaN NaN NaN NaN NaN NaN 
NaN NaN NaN NaN NaN NaN NaN NaN NaN NaN NaN NaN NaN NaN NaN NaN NaN NaN NaN NaN NaN NaN NaN NaN NaN NaN NaN NaN NaN NaN NaN NaN NaN NaN NaN NaN NaN NaN NaN NaN 
NaN NaN NaN NaN NaN NaN NaN NaN NaN NaN NaN NaN NaN NaN NaN NaN NaN NaN NaN NaN NaN NaN NaN NaN NaN NaN NaN NaN NaN NaN NaN NaN NaN NaN NaN NaN NaN NaN NaN NaN 
NaN NaN NaN NaN NaN NaN NaN NaN NaN NaN NaN NaN NaN NaN NaN NaN NaN NaN NaN NaN NaN NaN NaN NaN NaN NaN NaN NaN NaN NaN NaN NaN NaN NaN NaN NaN NaN NaN NaN NaN 
NaN NaN NaN NaN NaN NaN NaN NaN NaN NaN NaN NaN NaN NaN NaN NaN NaN NaN NaN NaN NaN NaN NaN NaN NaN NaN NaN NaN NaN NaN NaN NaN NaN NaN NaN NaN NaN NaN NaN NaN 
NaN NaN NaN NaN NaN NaN NaN NaN NaN NaN NaN NaN NaN NaN NaN NaN NaN NaN NaN NaN NaN NaN NaN NaN NaN NaN NaN NaN NaN NaN NaN NaN NaN NaN NaN NaN NaN NaN NaN NaN 
NaN NaN NaN NaN NaN NaN NaN NaN NaN NaN NaN NaN NaN NaN NaN NaN NaN NaN NaN NaN NaN NaN NaN NaN NaN NaN NaN NaN NaN NaN NaN NaN NaN NaN NaN NaN NaN NaN NaN NaN 
NaN NaN NaN NaN NaN NaN NaN NaN NaN NaN NaN NaN NaN NaN NaN NaN NaN NaN NaN NaN NaN NaN NaN NaN NaN NaN NaN NaN NaN NaN NaN NaN NaN NaN NaN NaN NaN NaN NaN NaN 
NaN NaN NaN NaN NaN NaN NaN NaN NaN NaN NaN NaN NaN NaN NaN NaN NaN NaN NaN NaN NaN NaN NaN NaN NaN NaN NaN NaN NaN NaN NaN NaN NaN NaN NaN NaN NaN NaN NaN NaN 
NaN NaN NaN NaN NaN NaN NaN NaN NaN NaN NaN NaN NaN NaN NaN NaN NaN NaN NaN NaN NaN NaN NaN NaN NaN NaN NaN NaN NaN NaN NaN NaN NaN NaN NaN NaN NaN NaN NaN NaN 
NaN NaN NaN NaN NaN NaN NaN NaN NaN NaN NaN NaN NaN NaN NaN NaN NaN NaN NaN NaN NaN NaN NaN NaN NaN NaN NaN NaN NaN NaN NaN NaN NaN NaN NaN NaN NaN NaN NaN NaN 
