-18.126173 -17.380938 -21.129238 -23.239838 -25.776884 -30.509081 -29.350226 -24.852350 -23.094378 -24.540784 -15.311768 -14.113818 -16.140416 -15.391701 -10.096832 -15.890306 -21.551950 -18.215489 -14.533017 -14.438819 -11.554669 -11.225190 -8.868852 -14.449734 -19.610313 -22.356442 -23.709101 -23.455811 -24.812015 -23.901180 -23.768086 -26.025665 -33.440006 -32.968030 -34.828719 -35.011973 -34.498997 -36.792800 -38.418973 -37.957705 
-14.576769 -11.526551 -20.157454 -19.291811 -16.208952 -17.615334 -19.721141 -21.568191 -15.678590 -14.727381 -6.468548 -4.422041 -7.704736 -6.243891 -3.571721 -6.219273 -12.702076 -13.421013 -12.625266 -15.352250 -8.978195 -5.650434 -10.607435 -10.400888 -12.836944 -14.402125 -13.497950 -16.034814 -16.695492 -18.970554 -20.610587 -24.839892 -30.754591 -29.923292 -30.725437 -31.225935 -30.117382 -29.575369 -35.961554 -39.591846 
-13.653934 -11.398202 -11.783635 -9.624270 -11.101913 -15.548493 -17.338878 -19.240461 -17.955171 -16.683848 -2.781744 -1.132010 -3.744370 -5.960367 -6.619746 -3.760156 -10.664201 -7.862538 -8.276996 -17.361607 -11.440502 -3.968025 -5.471524 -9.211712 -8.615723 -13.466643 -10.499039 -12.179265 -17.144098 -16.608262 -19.683581 -22.857051 -24.491177 -30.719633 -28.128600 -28.710025 -27.879300 -29.035752 -34.566031 -41.856124 
-7.148549 -7.523063 -8.409404 -4.263599 -10.799089 -17.428559 -12.795964 -18.345189 -21.209019 -16.081823 -8.669418 -5.874784 -6.379928 -2.559573 -1.895962 0.367689 -5.129945 -1.392715 -2.889382 -11.275507 -4.188442 -1.639250 -3.035187 -6.505062 -11.178562 -10.707714 -7.322635 -11.263089 -15.734791 -15.833531 -17.760459 -20.884983 -24.734975 -28.898834 -26.852711 -23.396518 -24.201640 -23.742352 -28.229852 -34.425421 
-9.572712 -16.054040 -11.324779 -0.086321 -4.070022 -10.292751 -14.983314 -12.124651 -19.171365 -12.365711 -7.362077 -7.667854 -8.091791 -4.252057 2.512151 -3.896714 -1.928786 -6.562348 -8.487557 -10.341585 -6.133684 -3.251209 -5.848932 -10.386091 -9.644712 -7.117958 -4.701096 -8.626266 -15.750839 -14.876473 -18.712641 -18.659546 -23.629630 -29.097402 -26.785510 -25.616254 -24.500152 -24.090258 -27.883081 -32.882408 
-9.631444 -11.246787 -5.501622 9.368493 6.703850 -8.645293 -9.686939 -8.119586 -15.762941 -14.741543 -2.748131 -1.082247 -5.976695 -0.917569 2.439891 1.320589 1.707342 -4.874266 -2.374307 -6.446355 -2.853867 -5.225342 -5.761137 -5.224533 -6.734268 -6.725633 -8.591919 -12.583115 -15.253420 -15.093390 -15.382768 -16.459949 -23.504909 -28.860496 -26.048818 -21.885202 -22.488014 -25.139629 -32.782450 -36.702280 
-12.850125 -17.515637 -7.722732 15.554649 16.772875 0.065541 -12.727990 -3.111772 -7.225317 -10.908301 -7.179437 -9.011403 -5.750135 -0.039121 1.276223 3.679970 -1.630030 -4.224599 -3.412356 -4.537511 -2.324069 -6.401279 -5.531039 -5.164589 -9.396048 -8.876507 -8.134242 -14.411270 -15.255809 -17.066101 -17.472175 -20.532787 -25.984265 -27.507477 -21.805472 -22.323300 -22.685403 -24.471614 -32.232509 -39.396733 
-18.312546 -14.650894 -5.255916 18.762394 21.478208 5.762882 -8.056939 3.457449 0.371088 -13.745828 1.708668 1.925293 -7.890346 -3.273366 0.320759 3.318881 -1.877959 0.075661 -1.469567 -5.746941 -0.082500 -2.838167 -6.004181 -4.809730 -8.424008 -7.889235 -10.060046 -13.375120 -16.118064 -17.316909 -16.951324 -16.381601 -23.278369 -29.297940 -22.090219 -17.442405 -16.772007 -23.295584 -33.174176 -40.080921 
-17.880743 -15.111599 -12.857784 18.679953 22.705596 6.573060 -15.906499 3.851510 2.215008 -16.826629 3.887992 3.841521 -3.464859 3.968215 -1.945291 5.848004 0.217603 -0.348245 0.099215 -1.942049 1.202695 2.020102 -5.261620 -2.684851 -7.145163 -9.225179 -9.934726 -11.549532 -17.324972 -17.884167 -18.206432 -19.788254 -29.578542 -29.408399 -15.927298 -9.688344 -12.311652 -24.143567 -35.802448 -41.050569 
-30.627217 -27.734988 -15.558982 17.999641 23.024679 7.810084 -15.081745 5.362409 4.353011 -17.146992 6.450948 4.776843 -1.916436 8.475446 -1.785263 4.893903 -0.684553 1.356339 -4.350929 -4.826046 -5.501842 -4.519135 -8.323289 -7.098175 -11.720019 -11.689539 -8.201697 -10.021920 -14.335699 -14.933009 -17.822602 -23.212543 -26.919450 -33.299307 -22.141109 -16.519480 -17.680155 -28.216017 -38.675309 -42.711010 
-28.966037 -19.656717 -19.258052 17.052173 22.912500 8.531942 -20.056701 4.209378 5.679231 -15.498228 5.996301 7.425550 -5.655479 7.010518 -0.182833 7.286956 2.290215 0.479750 -2.888954 -2.446001 -2.256963 -3.187309 -8.853369 -7.402661 -10.072276 -11.351016 -10.911869 -12.942580 -16.531058 -21.636910 -20.637357 -22.780802 -28.812514 -34.384098 -24.506852 -21.417790 -22.654180 -28.652477 -37.605002 -43.193562 
-17.045559 -15.502464 -17.320567 15.737599 22.559044 9.431944 -14.468610 3.470265 6.129694 -13.863574 3.673214 7.570303 -7.595590 7.156337 -0.140595 3.810247 0.408487 -0.954805 -4.020075 -6.334190 -5.185986 -6.123217 -9.381028 -9.723459 -11.444636 -8.887200 -7.564651 -13.756850 -15.845657 -21.477183 -20.041963 -23.057718 -29.368012 -33.834577 -20.520292 -18.871736 -20.891879 -29.257955 -40.503253 -45.449311 
-22.438512 -21.144121 -16.852271 15.002195 22.112101 8.842842 -17.834216 2.667573 5.892895 -16.891815 2.812687 7.897197 -13.537367 8.385818 3.862482 3.926646 0.923137 1.482320 -1.656718 -3.091414 -5.253877 -4.696906 -10.550213 -10.772584 -11.265409 -12.826904 -9.805342 -12.757442 -17.843525 -22.738034 -22.554325 -24.559933 -33.294174 -34.798746 -16.679187 -19.458050 -20.484759 -27.571952 -39.800922 -46.782627 
-22.828599 -26.778748 -22.169927 15.734651 21.629975 7.278761 -18.948412 3.848213 4.270766 -16.817953 5.074462 6.213901 -9.448680 7.352994 -1.469584 3.096827 -1.239384 -0.431385 -4.117363 -1.722279 -5.562327 -4.915684 -13.263803 -11.783766 -15.093505 -18.363922 -16.414067 -16.999834 -21.009529 -26.033682 -25.420473 -27.532980 -33.227463 -37.844165 -22.318066 -20.408686 -23.125365 -30.480129 -43.589421 -49.493230 
-18.631767 -22.669035 -16.179032 16.974117 21.079819 5.062184 -14.923711 5.509838 1.727910 -18.052035 7.256257 3.236339 -5.583992 4.324684 -3.577434 7.482359 -2.717699 0.101586 -5.218360 -5.156273 -3.977248 -10.737394 -17.484231 -8.125285 -14.401035 -14.285819 -12.303891 -19.110490 -21.211467 -23.345349 -21.843806 -22.892406 -30.953445 -37.439003 -23.149048 -21.064718 -25.121703 -31.460734 -42.505460 -47.113488 
-17.238933 -23.163184 -7.172463 18.440932 20.189482 1.170796 -10.632914 6.526661 -2.550353 -7.658184 8.581114 -1.936696 0.174311 2.205723 -0.300251 6.170652 -4.653244 -3.472350 -5.158684 -4.885198 -1.371312 -8.847041 -17.837114 -19.030253 -21.601489 -16.034103 -12.164948 -16.851418 -21.621319 -21.018970 -20.526677 -24.308220 -33.580306 -36.051888 -21.024842 -19.120148 -21.475427 -31.299949 -38.948712 -42.773756 
-17.700666 -14.768050 0.809815 19.953258 18.554122 -3.310889 -1.554992 7.103871 -8.685883 0.095990 6.895411 -3.901470 2.635439 -0.790840 6.546880 1.769887 -3.202538 -5.368750 -2.011889 -4.766864 -3.651899 -10.360952 -15.657608 -17.424761 -16.102277 -16.409768 -12.476114 -17.300554 -22.731403 -24.793116 -23.141952 -26.925455 -33.861829 -37.011224 -23.790468 -22.619033 -28.502137 -34.038426 -39.838384 -42.954550 
-22.063608 -16.300175 8.435488 20.593401 14.920121 -6.439419 5.527271 4.808165 -10.157464 3.232581 -0.645475 0.673023 1.799543 3.030170 6.355443 0.108575 -4.242008 -0.851982 -4.342475 -6.122492 -6.452698 -11.629269 -17.311906 -17.424146 -15.062718 -18.086944 -13.767507 -18.993700 -26.331039 -24.264611 -24.402208 -26.256608 -32.565770 -35.295067 -25.002106 -23.452109 -27.589639 -29.856863 -36.341819 -39.035594 
-15.762751 -6.975360 13.588458 19.562320 8.005620 1.932835 9.071197 -1.725144 -0.517029 -1.349493 -1.023963 7.138710 1.661638 7.009052 4.884628 2.875543 -1.265310 -1.457944 -3.552076 -6.706688 -5.566559 -12.166956 -18.611221 -15.461800 -15.866764 -18.082850 -15.877775 -21.160075 -27.707683 -26.114054 -23.677746 -30.266963 -39.510686 -33.920379 -21.513671 -26.298111 -30.505498 -32.954356 -41.272860 -50.882438 
-14.105846 1.175244 17.020881 18.021760 3.589225 8.724125 8.943213 -0.752127 5.872339 -1.233975 6.707148 4.134224 5.283699 4.653780 8.321455 6.617616 -0.034394 1.356055 1.129474 -2.149869 -3.861971 -11.187884 -15.467212 -13.797714 -16.581247 -15.015193 -10.387067 -17.966219 -24.482814 -28.496205 -21.364308 -22.701181 -37.365028 -37.166560 -23.830494 -23.161126 -26.473727 -30.648389 -40.137175 -43.673061 
-18.662350 7.090303 18.915020 15.488394 4.735078 11.819252 4.913005 5.833238 3.402728 2.125544 1.849210 5.817640 4.964805 8.086717 8.057541 7.600490 1.576738 1.468487 3.072666 0.538570 -1.820648 -8.822304 -14.730079 -14.245247 -17.414052 -14.996476 -12.456180 -20.388502 -25.174612 -24.841714 -22.013764 -25.635829 -36.608760 -39.377230 -23.129502 -20.510016 -22.205782 -27.337209 -40.094786 -47.960857 
-11.804315 10.682098 19.365647 12.398513 8.635652 10.769152 2.524896 7.334918 -1.223534 0.650308 4.241095 6.659783 8.982480 10.126629 9.984544 6.930726 0.435266 0.612038 0.795783 1.109746 0.457523 -5.632042 -11.815230 -14.044586 -12.841186 -10.156225 -7.709170 -14.055141 -20.239283 -21.313456 -18.235606 -22.954561 -35.624143 -38.039259 -23.227484 -17.503010 -23.208228 -32.215944 -39.807423 -50.047962 
-8.899842 12.374074 18.645747 10.680454 10.957562 7.427761 4.414352 3.363954 0.458596 -0.719863 6.235534 5.767492 9.228091 11.647643 10.485052 6.582669 1.667068 -0.060377 -0.631963 1.320048 2.396095 -5.144546 -12.326197 -10.513785 -12.593936 -9.489349 -7.732222 -14.947438 -18.584682 -16.270576 -15.817459 -23.464576 -34.036882 -35.782182 -25.539105 -22.185594 -23.857620 -27.477893 -36.058969 -43.556559 
-4.875960 12.668998 16.506923 8.049989 11.836647 4.660676 5.464451 0.019117 2.055608 -0.141838 3.293470 6.382625 8.168221 10.274093 10.468113 4.660563 -1.252363 -0.160358 -0.168773 1.307787 2.661358 -4.302478 -11.628137 -9.444207 -8.702381 -7.851631 -6.438290 -14.440243 -19.880355 -23.684994 -17.289277 -20.509330 -32.821686 -35.673080 -21.499244 -19.724577 -22.623964 -25.835692 -37.603063 -42.168670 
-5.125718 12.297617 15.189263 6.083738 11.480259 3.718745 4.512390 -0.764198 1.405197 -0.774287 1.223878 6.667596 7.267015 7.349372 7.890244 2.429646 -4.268520 -3.422145 -1.518975 -2.390403 0.182068 -5.078987 -12.079995 -10.762426 -9.489541 -9.303352 -13.674450 -16.417268 -17.779182 -20.530796 -17.157095 -22.476263 -33.025379 -36.216107 -21.217593 -19.583434 -19.772135 -25.371377 -36.870310 -43.933343 
-4.466546 10.737368 12.945589 5.755612 10.989859 2.309086 2.826706 -3.880724 -1.158649 -3.269154 0.137390 6.549441 6.689190 8.107787 5.634443 1.767867 -3.667550 -5.507930 -3.736201 -2.466330 -0.214953 -7.180824 -12.355234 -9.032495 -8.271529 -13.235603 -15.372903 -18.238597 -24.611237 -22.783104 -21.088212 -24.642195 -35.670203 -38.323898 -23.641973 -22.023642 -21.846277 -28.020207 -37.573843 -48.419217 
-3.529478 10.327568 10.770197 8.444682 9.800174 3.867204 1.272102 -1.043052 0.143467 -0.655941 3.088742 5.882140 3.953131 4.726990 2.675792 -2.928320 -6.138517 -7.569758 -2.169044 -0.918669 1.263734 -6.449085 -15.737615 -15.216033 -14.960413 -11.558832 -12.218444 -23.905747 -28.729023 -30.391488 -22.933214 -24.074886 -39.385449 -38.643036 -23.052361 -19.732857 -24.043805 -29.593533 -36.428733 -48.158310 
-5.298029 8.980042 8.721651 2.519040 4.944810 -0.654118 -4.033240 -8.233148 -7.598493 -10.642742 -5.116163 -6.308385 -8.415419 -7.467679 -8.990409 -18.457424 -22.167006 -16.463882 -15.356756 -13.378221 -7.686151 -16.336762 -23.159951 -26.017090 -23.486552 -17.959512 -15.601597 -26.426691 -33.949485 -35.064229 -29.987560 -30.693837 -37.624567 -41.297986 -29.170841 -21.604366 -25.644368 -31.196233 -37.775662 -47.681684 
-2.216296 5.551849 6.716980 3.548665 0.242903 -5.573862 -7.360615 -6.066331 -9.608923 -19.981654 -11.939227 -9.332598 -12.110777 -12.450612 -15.703338 -18.697961 -24.361047 -18.768001 -16.447515 -16.411446 -10.948696 -20.083630 -23.300301 -25.945941 -33.577141 -27.031259 -21.244511 -28.877004 -32.088342 -35.807696 -27.522388 -29.900666 -39.770806 -43.131983 -33.936908 -26.605757 -29.805240 -37.982076 -43.389405 -49.187112 
-9.399399 -10.324207 -7.039123 -4.246231 -12.143989 -20.815368 -25.573459 -23.948773 -19.894900 -19.795855 -17.718768 -17.748289 -21.677259 -21.941412 -25.661087 -28.601312 -31.525512 -33.128592 -22.211978 -17.988221 -14.986931 -23.834651 -34.334445 -33.393363 -36.527635 -25.048456 -22.430193 -35.668076 -38.422532 -41.508001 -35.716460 -39.794820 -46.559848 -46.633320 -40.074822 -36.526814 -40.909894 -44.354527 -53.644860 -54.343559 
-30.458412 -16.604102 -9.822019 -12.281234 -17.280062 -24.143591 -33.144345 -28.151393 -29.222278 -29.677422 -31.673830 -37.229475 -36.263624 -32.465857 -36.409761 -39.675445 -45.048692 -42.175184 -35.893773 -29.935134 -36.445868 -42.912843 -45.381853 -42.928348 -47.116392 -41.400776 -39.139579 -46.574507 -50.491175 -48.838888 -45.157786 -48.363028 -54.727042 -53.533587 -52.367090 -51.748173 -54.308835 -54.179332 -58.782017 -59.758001 
-28.239492 -20.311581 -19.147719 -22.708221 -26.363102 -35.341715 -37.669740 -38.400594 -36.935708 -43.390775 -40.350877 -42.524828 -43.177014 -44.444101 -42.287880 -48.107047 -51.862807 -52.082780 -46.713817 -44.782902 -52.208327 -57.901492 -58.858536 -61.726499 -58.346837 -52.135512 -54.135555 -59.399763 -63.741135 -62.087463 -58.666443 -63.350632 -62.981328 -63.958778 -62.748150 -62.296049 -63.106100 -65.847819 -68.150756 -66.178312 
-45.737728 -35.940711 -38.727070 -50.407527 -44.477799 -46.933967 -46.755139 -49.245356 -49.805337 -50.585245 -50.898152 -48.102008 -51.848598 -50.879657 -57.189397 -58.520105 -57.296238 -58.009656 -60.385036 -58.780376 -60.645122 -62.454094 -63.047523 -65.076511 -62.954816 -62.502276 -64.451121 -66.057918 -67.782573 -70.320822 -68.949310 -66.028149 -69.265858 -65.697757 -66.916810 -68.165436 -67.171744 -68.137041 -68.540500 -71.764428 
-53.639779 -53.360102 -55.186574 -58.191873 -59.341194 -62.990078 -66.255375 -65.392238 -66.948536 -69.827916 -65.844523 -67.402798 -66.713502 -68.947771 -69.430416 -69.914178 -70.470012 -69.756114 -66.252665 -68.860375 -70.751570 -69.830407 -69.577487 -72.959288 -71.170304 -73.926763 -72.594872 -75.708839 -74.752145 -76.261957 -74.584393 -76.079733 -74.496461 -74.412168 -75.118139 -76.939499 -76.440089 -73.982218 -76.196068 -78.959396 
-60.179461 -60.931077 -63.411040 -58.003086 -61.957976 -67.501426 -64.918041 -65.635378 -66.996791 -66.201024 -64.501630 -70.043605 -66.817524 -74.347151 -68.102018 -67.767764 -71.143088 -76.638533 -69.364814 -73.934294 -74.849909 -71.369927 -68.494959 -73.524635 -73.745292 -79.506920 -77.016122 -73.995735 -74.180476 -75.658789 -73.880599 -76.483936 -76.714246 -78.519078 -75.864569 -77.633623 -77.125465 -75.445555 -75.328095 -75.092484 
-19.428008 -19.108256 -20.595024 -21.522768 -20.619869 -20.230301 -20.538068 -22.207969 -28.123692 -32.198395 -25.819705 -24.795500 -27.307541 -30.904506 -33.100010 -34.975456 -36.819903 -36.303376 -34.364979 -30.463706 -26.053572 -26.667684 -33.425588 -36.194099 -36.873969 -35.800952 -35.645435 -32.204504 -33.729809 -27.525372 -31.151351 -29.968460 -28.932135 -28.062305 -28.842965 -27.236711 -27.972508 -32.542847 -36.912974 -37.023562 
-9.488997 -10.759404 -18.350482 -16.986290 -16.298009 -11.257662 -11.955880 -13.449271 -22.081615 -18.701442 -14.894349 -15.778457 -18.195155 -17.061598 -17.300389 -20.527423 -26.297549 -29.493188 -26.705507 -24.631553 -16.196703 -16.938592 -26.916071 -26.225157 -23.118863 -23.013530 -18.551417 -16.371219 -18.015024 -11.763445 -13.049423 -16.335998 -16.337387 -10.457481 -12.463200 -13.882474 -12.859604 -14.087987 -18.434734 -19.014748 
-8.464002 -17.920707 -18.988974 -18.904641 -28.194071 -22.915305 -22.777380 -17.157894 -18.604904 -21.356278 -28.166032 -26.314715 -19.339826 -17.369596 -23.601059 -24.447195 -20.555687 -23.142732 -25.675005 -19.368896 -10.514231 -15.477817 -23.471401 -21.806122 -20.688697 -13.317704 -17.972232 -21.826611 -19.015107 -14.464295 -14.182814 -16.514771 -13.795210 -8.022775 -9.298879 -10.387752 -13.175589 -13.587659 -20.671421 -20.602320 
-8.319483 -11.053316 -19.079377 -15.607737 -17.223424 -23.098317 -22.591203 -18.436149 -22.395533 -22.595743 -23.156907 -20.215910 -19.049024 -13.335324 -17.294775 -18.178759 -20.638439 -22.562725 -27.224376 -19.926417 -10.451467 -15.161436 -21.346597 -25.442841 -22.392581 -19.450602 -17.891866 -25.176807 -23.437943 -22.381675 -19.598562 -18.129663 -17.866253 -14.654526 -13.957353 -16.504602 -17.226693 -19.774033 -22.539589 -26.323408 
-15.635985 -11.732738 -17.415391 -25.415788 -27.150851 -22.592471 -19.951607 -16.147313 -18.970692 -22.412522 -23.099331 -27.060418 -27.631359 -23.218054 -25.780297 -25.604728 -25.973252 -31.457853 -29.972843 -23.375053 -12.185401 -17.302861 -24.449096 -29.055266 -26.794941 -19.719119 -21.227864 -32.211725 -31.652342 -27.817546 -26.485989 -26.152603 -23.080057 -23.162166 -22.415165 -22.767222 -21.963076 -24.809966 -32.577987 -36.602805 
-29.617732 -20.932246 -18.966953 -18.217603 -18.942455 -24.459487 -27.971678 -25.080129 -26.608440 -25.463913 -27.536070 -28.833224 -26.922050 -27.783052 -29.449187 -26.872511 -37.792375 -35.266881 -30.832524 -29.176795 -17.341406 -25.230180 -34.658545 -40.292831 -36.447286 -32.876968 -31.116788 -39.252661 -44.476376 -38.890035 -36.041903 -38.987040 -40.472400 -41.944443 -36.800986 -36.172033 -39.046029 -43.725963 -44.122821 -48.604251 
-49.484500 -46.260800 -39.780368 -35.633748 -34.094130 -34.677891 -36.073962 -35.769948 -35.539909 -38.060554 -39.303986 -38.168863 -37.047733 -38.752496 -41.134567 -41.245615 -45.639266 -44.848363 -43.895094 -46.363172 -43.344529 -46.277983 -47.918061 -51.748518 -48.642081 -45.927057 -49.840971 -59.592119 -62.766274 -57.952045 -54.798552 -56.051389 -58.049261 -58.252899 -60.260542 -60.186795 -61.283472 -64.977782 -66.023130 -70.842982 
-99.262900 -99.265164 -99.268936 -99.275317 -99.283989 -99.296207 -99.311216 -99.330594 -99.356547 -99.387746 -99.426023 -99.473849 -99.530300 -99.598982 -99.681320 -99.777353 -99.892319 -100.025871 -100.182063 -100.362975 -100.574491 -100.823577 -101.112346 -101.455669 -101.863913 -102.346746 -102.917919 -103.589899 -104.391914 -105.362414 -106.564802 -108.077088 -110.021891 -112.646707 -116.552989 -123.722893 -128.791570 -119.932246 -115.152473 -112.421073 
NaN NaN NaN NaN NaN NaN NaN NaN NaN NaN NaN NaN NaN NaN NaN NaN NaN NaN NaN NaN NaN NaN NaN NaN NaN NaN NaN NaN NaN NaN NaN NaN NaN NaN NaN NaN NaN NaN NaN NaN 
NaN NaN NaN NaN NaN NaN NaN NaN NaN NaN NaN NaN NaN NaN NaN NaN NaN NaN NaN NaN NaN NaN NaN NaN NaN NaN NaN NaN NaN NaN NaN NaN NaN NaN NaN NaN NaN NaN NaN NaN 
NaN NaN NaN NaN NaN NaN NaN NaN NaN NaN NaN NaN NaN NaN NaN NaN NaN NaN NaN NaN NaN NaN NaN NaN NaN NaN NaN NaN NaN NaN NaN NaN NaN NaN NaN NaN NaN NaN NaN NaN 
NaN NaN NaN NaN NaN NaN NaN NaN NaN NaN NaN NaN NaN NaN NaN NaN NaN NaN NaN NaN NaN NaN NaN NaN NaN NaN NaN NaN NaN NaN NaN NaN NaN NaN NaN NaN NaN NaN NaN NaN 
NaN NaN NaN NaN NaN NaN NaN NaN NaN NaN NaN NaN NaN NaN NaN NaN NaN NaN NaN NaN NaN NaN NaN NaN NaN NaN NaN NaN NaN NaN NaN NaN NaN NaN NaN NaN NaN NaN NaN NaN 
