NaN NaN NaN NaN NaN NaN NaN NaN NaN NaN NaN NaN NaN NaN NaN NaN NaN NaN NaN NaN NaN NaN NaN NaN NaN NaN NaN NaN NaN NaN NaN NaN NaN NaN NaN NaN NaN NaN NaN NaN 
NaN NaN NaN NaN NaN NaN NaN NaN NaN NaN NaN NaN NaN NaN NaN NaN NaN NaN NaN NaN NaN NaN NaN NaN NaN NaN NaN NaN NaN NaN NaN NaN NaN NaN NaN NaN NaN NaN NaN NaN 
NaN NaN NaN NaN NaN NaN NaN NaN NaN NaN NaN NaN NaN NaN NaN NaN NaN NaN NaN NaN NaN NaN NaN NaN NaN NaN NaN NaN NaN NaN NaN NaN NaN NaN NaN NaN NaN NaN NaN NaN 
NaN NaN NaN NaN NaN NaN NaN NaN NaN NaN NaN NaN NaN NaN NaN NaN NaN NaN NaN NaN NaN NaN NaN NaN NaN NaN NaN NaN NaN NaN NaN NaN NaN NaN NaN NaN NaN NaN NaN NaN 
NaN NaN NaN NaN NaN NaN NaN NaN NaN NaN NaN NaN NaN NaN NaN NaN NaN NaN NaN NaN NaN NaN NaN NaN NaN NaN NaN NaN NaN NaN NaN NaN NaN NaN NaN NaN NaN NaN NaN NaN 
NaN NaN NaN NaN NaN NaN NaN NaN NaN NaN NaN NaN NaN NaN NaN NaN NaN NaN NaN NaN NaN NaN NaN NaN NaN NaN NaN NaN NaN NaN NaN NaN NaN NaN NaN NaN NaN NaN NaN NaN 
NaN NaN NaN NaN NaN NaN NaN NaN NaN NaN NaN NaN NaN NaN NaN NaN NaN NaN NaN NaN NaN NaN NaN NaN NaN NaN NaN NaN NaN NaN NaN NaN NaN NaN NaN NaN NaN NaN NaN NaN 
NaN NaN NaN NaN NaN NaN NaN NaN NaN NaN NaN NaN NaN NaN NaN NaN NaN NaN NaN NaN NaN NaN NaN NaN NaN NaN NaN NaN NaN NaN NaN NaN NaN NaN NaN NaN NaN NaN NaN NaN 
NaN NaN NaN NaN NaN NaN NaN NaN NaN NaN NaN NaN NaN NaN NaN NaN NaN NaN NaN NaN NaN NaN NaN NaN NaN NaN NaN NaN NaN NaN NaN NaN NaN NaN NaN NaN NaN NaN NaN NaN 
NaN NaN NaN NaN NaN NaN NaN NaN NaN NaN NaN NaN NaN NaN NaN NaN NaN NaN NaN NaN NaN NaN NaN NaN NaN NaN NaN NaN NaN NaN NaN NaN NaN NaN NaN NaN NaN NaN NaN NaN 
NaN NaN NaN NaN NaN NaN NaN NaN NaN NaN NaN NaN NaN NaN NaN NaN NaN NaN NaN NaN NaN NaN NaN NaN NaN NaN NaN NaN NaN NaN NaN NaN NaN NaN NaN NaN NaN NaN NaN NaN 
NaN NaN NaN NaN NaN NaN NaN NaN NaN NaN NaN NaN NaN NaN NaN NaN NaN NaN NaN NaN NaN NaN NaN NaN NaN NaN NaN NaN NaN NaN NaN NaN NaN NaN NaN NaN NaN NaN NaN NaN 
-48.869106 -52.374638 -56.673479 -61.346070 -65.474181 -62.267774 -64.685889 -67.562677 -71.413141 -70.356101 -72.720865 -77.011094 -79.988332 -79.722173 -78.234193 -80.973506 -81.277449 -88.980694 -89.570638 -92.644766 -89.117675 -88.281801 -83.693973 -82.419548 -82.082939 -87.425723 -84.344794 -85.394616 -87.775977 -88.444762 -84.417074 -87.944927 -88.732208 -84.165491 -87.600519 -86.730275 -84.222277 -86.308857 -85.244203 -89.012299 
-37.194053 -41.898556 -50.305649 -41.613947 -43.757847 -36.920193 -36.258615 -41.424190 -42.047338 -48.288929 -52.524518 -36.470215 -30.548462 -35.823471 -36.403321 -38.539381 -42.578587 -49.991618 -56.877409 -55.128873 -50.581817 -51.404741 -41.740744 -46.582056 -53.495710 -56.502916 -51.217674 -51.498789 -59.835471 -65.265181 -60.192138 -61.560154 -62.420594 -66.689852 -67.098472 -69.014675 -68.978749 -67.999636 -70.451642 -71.290625 
-25.861681 -26.440840 -25.993933 -26.056365 -19.820421 -19.249162 -28.218568 -31.847627 -28.057204 -21.959690 -18.129630 -17.072666 -14.816743 -17.663376 -19.492319 -23.670413 -23.900230 -29.817381 -30.786478 -31.564616 -25.300645 -24.866139 -23.367002 -25.408730 -25.375248 -26.682811 -27.958870 -26.740475 -34.022959 -40.495212 -41.553448 -40.649768 -39.184961 -46.199547 -49.183220 -48.887688 -53.443615 -52.109117 -55.694345 -59.169474 
-17.354200 -22.094969 -24.175250 -27.370682 -17.244669 -17.977743 -23.360015 -23.336901 -19.097237 -19.030425 -12.505106 -13.480766 -11.669707 -9.301942 -12.106148 -14.996312 -14.889801 -17.014609 -18.641262 -24.346220 -18.624221 -16.000743 -12.599439 -13.129115 -15.254804 -20.310390 -18.162217 -18.135289 -21.019261 -25.072950 -25.700481 -25.926220 -27.793025 -35.685933 -40.769867 -41.251910 -41.902081 -39.168028 -44.526871 -45.688762 
-15.211509 -16.020496 -14.662514 -13.672378 -20.316059 -22.640896 -23.867375 -23.317656 -17.098965 -10.087827 -6.945689 -9.042193 -5.098445 -6.392414 -8.368165 -12.613764 -8.824674 -12.263344 -10.265593 -17.282518 -16.406215 -8.073573 -10.258808 -10.767790 -13.622782 -13.803395 -13.044420 -13.270543 -15.578900 -19.198631 -21.450381 -19.491328 -21.385168 -28.305669 -31.718890 -36.425317 -34.064678 -33.749256 -35.301790 -35.703311 
-15.561562 -15.512934 -10.119287 -12.168992 -17.658456 -21.028810 -19.163807 -19.871010 -12.862831 -9.459323 -5.443710 -8.101502 -9.840249 -6.962037 -4.420233 -6.697775 -11.029402 -12.771757 -9.505561 -16.068780 -12.031989 -6.862797 -3.808340 -6.524328 -9.731216 -11.128820 -9.844311 -5.998456 -8.023144 -14.164475 -17.856151 -16.464499 -14.845086 -20.779789 -30.918123 -32.473450 -31.068020 -30.825876 -30.147102 -30.358491 
-10.794823 -16.381841 -15.880374 -1.270487 -0.745077 -7.263881 -9.204408 -15.117305 -13.138997 -18.019225 -11.104208 -13.513460 -10.372085 -1.507343 2.665273 -6.880386 -7.639995 -5.560733 -7.620162 -12.274723 -9.713974 -3.864364 -4.467322 -4.855555 -10.220370 -6.879870 -9.093177 -10.996545 -13.011713 -15.799419 -19.678191 -16.062504 -15.865648 -24.870194 -29.235213 -28.462772 -28.542960 -27.046889 -25.624632 -26.173371 
-7.100343 -8.993954 -0.666654 13.584644 15.059005 -0.317709 -14.528375 -11.577335 -18.031129 -13.260197 -3.423815 -3.889620 -4.164750 -0.459469 2.777918 0.554108 1.017576 -3.219316 -4.057713 -8.974807 -8.992654 -1.182678 -1.813201 -2.942229 -9.787810 -11.419302 -9.163364 -7.281187 -12.315307 -14.051873 -20.933986 -13.384664 -14.123326 -20.029602 -27.592314 -27.719740 -26.775274 -26.294367 -27.367536 -27.083615 
-7.776038 -14.889672 -7.757600 18.204801 21.668261 7.679051 -8.399016 -2.573625 -1.472985 -9.234510 0.736972 1.936929 -3.156035 -0.287096 0.526636 -0.401086 -1.302236 -1.286526 -6.947195 -6.598395 -8.193217 -6.132387 -7.077660 -7.524029 -10.525476 -12.676135 -10.855906 -9.823578 -10.121082 -12.623758 -13.912241 -11.342203 -13.384265 -20.322557 -24.926539 -22.340961 -24.529351 -26.624570 -30.644529 -26.770398 
-8.976150 -14.962055 -11.100250 18.777413 22.783760 6.573022 -7.818765 7.040908 3.914029 -10.877607 6.331460 4.829499 -6.010968 7.180693 0.042554 6.746714 0.630037 1.974435 -3.042795 -2.654252 -0.985661 -5.073967 -2.996275 -10.825280 -11.634916 -14.564751 -11.815488 -9.806657 -10.049388 -13.327359 -15.357132 -12.292293 -11.851512 -18.830137 -22.132541 -24.015472 -25.747668 -29.288355 -28.630745 -22.972056 
-16.055711 -31.664951 -25.373733 18.341259 22.873794 6.865650 -12.491105 9.426289 7.686300 -13.724009 11.846905 10.313203 -0.400633 12.340742 0.342535 6.189620 -0.023597 3.200407 -4.227743 0.414575 2.536679 1.543691 -5.124484 -6.782185 -12.410645 -15.576576 -11.660957 -7.672103 -11.115867 -12.569049 -13.301333 -14.981977 -11.986802 -18.702173 -23.044232 -24.598004 -31.860626 -35.729191 -31.506049 -25.670757 
-21.490901 -18.656235 -13.412806 18.901455 22.518577 6.019894 -6.964427 11.603637 6.974995 -7.115743 16.068264 10.552398 4.477406 14.490123 -0.389798 9.670401 -3.253684 1.509131 -4.845491 -1.198707 4.352378 0.904911 -4.824329 -4.541093 -7.428424 -11.004201 -8.826802 -6.048047 -9.161811 -12.513744 -13.650243 -15.970653 -16.847281 -20.843889 -21.824442 -25.011880 -31.304616 -37.180236 -36.471957 -28.442584 
-16.484951 -15.065036 -11.827356 19.433631 22.138561 4.658593 -7.563849 12.215413 6.290092 -4.016337 17.529531 8.899466 8.181722 14.032051 3.817734 13.491043 -1.307913 1.420645 -0.832412 0.543861 8.311188 -0.174936 -1.637335 -3.882729 -8.579957 -11.937119 -12.290180 -8.709933 -8.655917 -11.015488 -13.613060 -13.149559 -15.514047 -17.429447 -22.211407 -25.492036 -31.773135 -33.779963 -30.889810 -25.845530 
-29.135452 -29.569945 -3.677758 20.392589 21.572034 2.368960 -1.658264 12.687838 2.779962 2.340037 17.743495 4.907560 12.236944 11.946636 8.924357 12.877042 1.464566 0.178321 2.389719 3.897665 9.615129 2.072325 -1.552309 -3.816310 -8.493703 -10.521640 -9.712367 -5.822326 -8.139692 -12.694408 -14.934770 -12.746902 -14.842234 -18.992239 -23.206672 -26.248269 -36.808388 -39.796307 -34.349024 -27.317634 
-10.958760 -16.321867 0.562047 20.973196 19.636919 -2.085669 3.072486 11.820132 -4.241358 9.113994 16.099123 1.242687 13.669931 7.178036 13.301740 8.094515 6.707494 1.223363 4.797267 6.678212 7.196661 2.687764 -2.572618 -5.398811 -10.733345 -11.274981 -10.755697 -6.754632 -6.852752 -11.315332 -15.415176 -12.186040 -14.680167 -22.011407 -24.504474 -25.660971 -33.611670 -37.777693 -37.689555 -28.755247 
-29.228486 -15.118319 7.037037 21.067006 16.736073 -5.915690 7.088507 9.583796 -5.489936 13.680176 11.990344 6.073715 12.484953 7.664723 15.232168 7.145825 8.755507 4.173366 4.105096 8.074490 7.874330 2.128699 -3.210045 -6.503851 -11.144495 -11.454500 -8.539069 -4.364999 -2.891307 -10.482906 -13.071978 -12.303539 -10.453688 -17.206605 -22.588677 -26.786697 -34.611686 -37.554308 -35.148857 -26.343821 
-18.447405 -15.609385 10.998407 20.669497 11.630840 -4.710375 9.553606 5.436766 0.031998 13.794320 3.887456 10.323225 6.677654 12.738592 11.658258 9.929119 5.504275 4.271452 3.685544 7.029960 10.187671 -1.758896 -4.105243 -8.495049 -13.375975 -14.532267 -10.800295 -6.908170 -5.188402 -10.753192 -12.889799 -13.181963 -13.863305 -18.918488 -20.116059 -25.843244 -34.255123 -41.971273 -35.529981 -25.332361 
-15.686831 -8.176595 14.648089 21.115680 9.813806 2.043783 10.344783 -0.419701 7.260118 9.997206 4.085953 11.790721 8.070928 14.837058 9.333611 9.282718 4.632403 2.193375 3.911480 8.851587 6.008068 -1.470926 -5.156069 -8.762499 -12.141255 -16.539512 -11.545214 -6.256151 -5.582204 -13.435107 -15.425408 -14.535086 -14.588748 -19.633101 -23.994876 -24.484607 -33.918667 -38.100743 -36.513006 -28.588594 
-21.573208 -2.905735 17.128424 20.320186 5.967470 7.838330 10.225077 -2.286627 10.179202 3.263423 8.913587 6.058146 11.203890 11.022865 11.750654 7.747624 6.366157 3.702156 4.749911 6.482887 5.638327 -5.217526 -7.381163 -10.245860 -12.085365 -15.797883 -14.594975 -9.879120 -10.921205 -13.876881 -17.519605 -14.691929 -14.586524 -21.239165 -23.491545 -26.420135 -35.223735 -40.064827 -37.566537 -30.980450 
-11.001780 2.080440 17.569300 18.041706 2.993839 10.733055 8.643865 1.701086 9.105319 0.735463 11.173444 6.280579 9.409027 9.023698 10.766785 10.452690 5.843719 2.832826 4.674660 5.689402 4.192368 -3.543876 -6.732447 -12.542154 -13.856838 -15.068068 -13.527325 -8.163298 -9.600996 -14.004892 -19.135001 -16.332247 -15.020250 -20.713269 -20.414267 -24.829259 -32.690284 -37.822105 -35.339258 -30.708434 
-9.778691 3.284787 16.628633 14.335748 1.686859 12.089580 5.676165 2.799802 6.405963 1.863139 7.999005 4.072198 5.609020 10.784318 8.380827 6.905913 -1.587127 -2.828338 -1.170526 1.833530 4.191864 -3.223497 -9.272787 -11.561401 -15.333426 -16.293014 -15.215792 -9.912489 -13.343195 -16.771037 -20.706890 -17.361722 -17.030872 -21.625261 -21.559711 -24.005648 -30.046017 -36.510252 -36.171140 -31.628270 
-9.178706 3.619134 15.312090 11.316413 3.024995 12.527734 3.452109 5.637783 3.010434 4.333133 4.642863 5.777539 4.359052 9.335817 5.444968 3.262950 -2.786490 -4.192346 -7.423836 -0.587511 1.896267 -3.604182 -6.963994 -10.542620 -17.681876 -21.713659 -16.865527 -12.625138 -15.693140 -19.672250 -22.284577 -14.991496 -15.463593 -19.291562 -20.514657 -19.941716 -30.383580 -39.852325 -39.339659 -30.951036 
-10.878623 3.943904 14.193723 8.825975 3.395135 11.578994 1.927442 5.831449 0.182684 4.296628 -0.697132 4.685371 3.288387 5.136747 4.068346 -2.530059 -5.485769 -10.119098 -8.735809 -6.044245 -3.774829 -6.961608 -11.442102 -14.893092 -20.871670 -19.715277 -13.118233 -12.976121 -18.586539 -21.655128 -20.753467 -17.154319 -18.045453 -19.137017 -17.305916 -21.654135 -33.549737 -41.161026 -37.855937 -32.583722 
-8.860170 2.561550 11.123007 6.196170 6.257847 8.386914 -1.696399 1.681145 -3.836381 -1.239480 -1.778828 1.301173 1.938140 2.592594 1.315086 -6.236831 -13.593290 -14.436606 -12.888652 -11.668251 -5.051158 -8.012936 -13.060848 -20.010714 -20.470191 -20.266883 -19.596803 -18.513814 -19.448396 -25.280213 -26.651972 -18.612005 -20.691560 -25.186971 -26.561291 -26.007037 -33.162547 -40.089276 -41.407628 -37.621756 
-11.165790 -3.715317 3.962628 1.977216 0.268206 -3.053233 -8.949587 -6.404166 -10.827274 -13.952583 -9.848237 -4.819231 -6.633803 -10.281184 -11.900247 -16.386199 -15.329137 -17.972510 -14.052403 -14.817243 -7.245229 -6.584021 -15.477413 -19.807723 -25.046210 -24.979608 -21.227221 -18.802303 -28.125488 -31.676396 -29.979094 -24.981300 -27.753601 -30.652714 -30.333136 -28.843088 -35.669845 -43.956697 -46.797978 -41.848008 
-14.336825 -4.658813 2.156446 0.156059 -6.798551 -9.208675 -16.503232 -17.396729 -17.862347 -17.485382 -13.760320 -8.392327 -8.127692 -8.874017 -17.090296 -26.643917 -24.380759 -26.204876 -23.595520 -16.022883 -11.128733 -15.134147 -25.372403 -31.126829 -37.304101 -33.047352 -23.290776 -23.486797 -30.946794 -36.632995 -39.302978 -33.640067 -30.816132 -38.675833 -42.782545 -42.190018 -46.393338 -49.805947 -50.575491 -47.920314 
-12.091012 -9.917987 -7.702447 -5.722255 -10.146251 -16.802799 -25.939871 -28.961046 -29.946059 -31.050659 -28.669384 -24.363005 -24.373293 -24.796574 -28.107759 -32.832709 -36.800550 -39.006051 -34.424884 -28.633947 -27.844524 -31.671826 -34.974560 -39.508023 -44.167782 -39.109441 -34.946903 -39.558505 -41.554435 -48.637496 -46.003032 -41.221617 -37.834450 -49.636491 -53.227223 -58.555139 -56.397154 -57.245325 -57.632598 -55.518840 
-24.520375 -11.386989 -5.731413 -8.480122 -12.780851 -17.708447 -30.666472 -42.772111 -34.370468 -37.456537 -36.233420 -29.698229 -31.990218 -36.187900 -38.414609 -46.923998 -44.905492 -46.045078 -41.520622 -39.515953 -36.348828 -42.929422 -52.301270 -50.739508 -54.659350 -49.263509 -44.419760 -53.228358 -56.165886 -62.805214 -59.551270 -59.165269 -57.252312 -61.076168 -60.256877 -62.191387 -65.245754 -63.835200 -65.553846 -64.838670 
-24.220996 -24.636550 -16.353123 -20.714929 -30.127272 -33.265318 -42.497564 -42.900296 -43.694545 -48.409915 -53.282515 -44.607008 -43.544702 -42.728897 -47.420133 -54.041308 -57.243422 -55.709413 -52.412379 -51.091306 -52.149048 -59.086041 -61.171944 -63.121831 -62.482216 -60.352155 -53.927284 -59.631367 -63.034301 -66.471581 -66.142102 -65.623300 -65.471103 -68.490433 -64.483673 -66.187753 -67.428159 -68.979504 -68.163158 -70.005973 
-34.193666 -42.061939 -31.015392 -36.170170 -42.195013 -48.910026 -58.540257 -56.151335 -53.829919 -55.452676 -59.560702 -57.502141 -56.849077 -60.915429 -67.877194 -67.986274 -66.523034 -68.189784 -65.395530 -64.751003 -67.500005 -72.791619 -72.154987 -69.570038 -72.567179 -71.393932 -72.079743 -75.914208 -75.592516 -74.615139 -73.484226 -74.373186 -72.873406 -76.381854 -76.589388 -74.665146 -76.439635 -75.370767 -77.761091 -78.873342 
-38.365141 -38.455717 -32.848740 -37.033991 -51.298937 -57.485194 -59.347703 -55.255398 -62.594878 -61.884486 -64.672405 -65.734041 -65.004747 -66.165147 -71.739367 -70.317618 -72.921894 -70.803925 -74.914893 -75.976405 -74.351351 -73.789178 -74.636491 -74.367068 -77.555733 -75.252448 -74.750264 -77.868352 -81.898746 -81.748822 -77.111336 -76.363298 -78.701948 -75.988481 -77.036606 -76.816812 -78.007278 -77.530177 -77.441220 -76.804245 
-34.995132 -34.686776 -32.444283 -34.786405 -36.573128 -37.620256 -38.811150 -40.600561 -43.804177 -46.691546 -49.817030 -49.571881 -49.016687 -47.310252 -47.380198 -48.389682 -50.532541 -53.408083 -56.617802 -57.207423 -58.903193 -63.775293 -72.626209 -65.745814 -63.256871 -64.339675 -65.159495 -63.952966 -61.911391 -60.071662 -60.022902 -64.784785 -68.082148 -63.789640 -66.993764 -72.206938 -69.217736 -68.014256 -68.235089 -66.735970 
-10.026659 -9.760587 -11.901403 -13.889773 -16.335491 -21.148745 -21.475490 -22.036299 -25.338066 -25.059745 -23.233272 -22.735670 -23.381829 -22.784554 -27.727727 -35.416190 -37.533644 -40.976757 -37.216549 -33.650607 -26.573391 -22.740757 -27.217882 -32.353897 -36.012272 -40.511856 -35.420825 -33.922110 -41.681773 -42.335516 -41.314972 -33.934517 -33.296907 -40.613247 -38.313094 -38.680470 -43.434961 -41.562766 -44.516040 -47.897921 
-11.307783 -13.867212 -14.695309 -16.729802 -16.395657 -24.978283 -29.817827 -27.785041 -31.928743 -29.794969 -24.238154 -25.070925 -25.923293 -22.349821 -27.040790 -34.325176 -35.719103 -33.676021 -34.815014 -27.251333 -18.035195 -19.262318 -26.613937 -30.852685 -35.673939 -37.838727 -27.983117 -30.147972 -36.722167 -36.749694 -34.222123 -29.184216 -25.442379 -31.953488 -30.302716 -31.338433 -36.327660 -34.365414 -34.200247 -39.850668 
-14.693888 -16.002574 -15.047361 -17.343906 -19.905117 -31.307944 -33.934031 -35.742023 -35.875988 -26.536558 -30.192650 -32.656513 -30.272598 -31.661758 -28.047436 -30.606040 -35.469542 -35.435703 -34.082437 -30.966248 -21.276402 -19.893351 -26.592790 -34.278661 -36.726677 -35.847646 -32.275123 -32.605856 -42.402134 -41.290972 -40.542844 -37.496371 -30.898307 -34.906691 -32.580470 -37.954211 -41.774721 -41.611272 -39.799697 -43.304791 
-28.527929 -32.275589 -30.262117 -28.277828 -30.965291 -37.559989 -39.565019 -44.416860 -46.628935 -37.479443 -36.236899 -40.002536 -40.591106 -39.632227 -38.381117 -44.874488 -46.038302 -43.019563 -44.267886 -42.159687 -35.578621 -37.009298 -41.229416 -47.224730 -53.087448 -43.965730 -40.970385 -46.095537 -52.529728 -58.132955 -52.520728 -48.996557 -48.187088 -49.591726 -48.979423 -50.466281 -54.601962 -56.091209 -58.178796 -57.124214 
-101.835994 -100.256549 -98.409063 -96.481926 -95.040671 -94.300820 -94.615181 -96.624117 -103.271762 -103.785254 -94.521520 -90.206366 -88.566710 -89.135905 -92.516541 -99.264655 -98.571242 -96.525604 -99.103550 -96.911396 -94.098044 -95.319942 -98.510512 -103.881353 -97.662761 -98.534635 -102.073570 -97.858538 -96.497791 -98.685175 -106.255921 -101.914313 -101.056050 -111.851219 -108.285494 -103.980021 -107.944359 -104.658063 -108.880532 -112.928729 
NaN NaN NaN NaN NaN NaN NaN NaN NaN NaN NaN NaN NaN NaN NaN NaN NaN NaN NaN NaN NaN NaN NaN NaN NaN NaN NaN NaN NaN NaN NaN NaN NaN NaN NaN NaN NaN NaN NaN NaN 
NaN NaN NaN NaN NaN NaN NaN NaN NaN NaN NaN NaN NaN NaN NaN NaN NaN NaN NaN NaN NaN NaN NaN NaN NaN NaN NaN NaN NaN NaN NaN NaN NaN NaN NaN NaN NaN NaN NaN NaN 
NaN NaN NaN NaN NaN NaN NaN NaN NaN NaN NaN NaN NaN NaN NaN NaN NaN NaN NaN NaN NaN NaN NaN NaN NaN NaN NaN NaN NaN NaN NaN NaN NaN NaN NaN NaN NaN NaN NaN NaN 
NaN NaN NaN NaN NaN NaN NaN NaN NaN NaN NaN NaN NaN NaN NaN NaN NaN NaN NaN NaN NaN NaN NaN NaN NaN NaN NaN NaN NaN NaN NaN NaN NaN NaN NaN NaN NaN NaN NaN NaN 
NaN NaN NaN NaN NaN NaN NaN NaN NaN NaN NaN NaN NaN NaN NaN NaN NaN NaN NaN NaN NaN NaN NaN NaN NaN NaN NaN NaN NaN NaN NaN NaN NaN NaN NaN NaN NaN NaN NaN NaN 
NaN NaN NaN NaN NaN NaN NaN NaN NaN NaN NaN NaN NaN NaN NaN NaN NaN NaN NaN NaN NaN NaN NaN NaN NaN NaN NaN NaN NaN NaN NaN NaN NaN NaN NaN NaN NaN NaN NaN NaN 
NaN NaN NaN NaN NaN NaN NaN NaN NaN NaN NaN NaN NaN NaN NaN NaN NaN NaN NaN NaN NaN NaN NaN NaN NaN NaN NaN NaN NaN NaN NaN NaN NaN NaN NaN NaN NaN NaN NaN NaN 
NaN NaN NaN NaN NaN NaN NaN NaN NaN NaN NaN NaN NaN NaN NaN NaN NaN NaN NaN NaN NaN NaN NaN NaN NaN NaN NaN NaN NaN NaN NaN NaN NaN NaN NaN NaN NaN NaN NaN NaN 
NaN NaN NaN NaN NaN NaN NaN NaN NaN NaN NaN NaN NaN NaN NaN NaN NaN NaN NaN NaN NaN NaN NaN NaN NaN NaN NaN NaN NaN NaN NaN NaN NaN NaN NaN NaN NaN NaN NaN NaN 
NaN NaN NaN NaN NaN NaN NaN NaN NaN NaN NaN NaN NaN NaN NaN NaN NaN NaN NaN NaN NaN NaN NaN NaN NaN NaN NaN NaN NaN NaN NaN NaN NaN NaN NaN NaN NaN NaN NaN NaN 
NaN NaN NaN NaN NaN NaN NaN NaN NaN NaN NaN NaN NaN NaN NaN NaN NaN NaN NaN NaN NaN NaN NaN NaN NaN NaN NaN NaN NaN NaN NaN NaN NaN NaN NaN NaN NaN NaN NaN NaN 
NaN NaN NaN NaN NaN NaN NaN NaN NaN NaN NaN NaN NaN NaN NaN NaN NaN NaN NaN NaN NaN NaN NaN NaN NaN NaN NaN NaN NaN NaN NaN NaN NaN NaN NaN NaN NaN NaN NaN NaN 
NaN NaN NaN NaN NaN NaN NaN NaN NaN NaN NaN NaN NaN NaN NaN NaN NaN NaN NaN NaN NaN NaN NaN NaN NaN NaN NaN NaN NaN NaN NaN NaN NaN NaN NaN NaN NaN NaN NaN NaN 
