NaN NaN NaN NaN NaN NaN NaN NaN NaN NaN NaN NaN NaN NaN NaN NaN NaN NaN NaN NaN NaN NaN NaN NaN NaN NaN NaN NaN NaN NaN NaN NaN NaN NaN NaN NaN NaN NaN NaN NaN 
NaN NaN NaN NaN NaN NaN NaN NaN NaN NaN NaN NaN NaN NaN NaN NaN NaN NaN NaN NaN NaN NaN NaN NaN NaN NaN NaN NaN NaN NaN NaN NaN NaN NaN NaN NaN NaN NaN NaN NaN 
NaN NaN NaN NaN NaN NaN NaN NaN NaN NaN NaN NaN NaN NaN NaN NaN NaN NaN NaN NaN NaN NaN NaN NaN NaN NaN NaN NaN NaN NaN NaN NaN NaN NaN NaN NaN NaN NaN NaN NaN 
NaN NaN NaN NaN NaN NaN NaN NaN NaN NaN NaN NaN NaN NaN NaN NaN NaN NaN NaN NaN NaN NaN NaN NaN NaN NaN NaN NaN NaN NaN NaN NaN NaN NaN NaN NaN NaN NaN NaN NaN 
NaN NaN NaN NaN NaN NaN NaN NaN NaN NaN NaN NaN NaN NaN NaN NaN NaN NaN NaN NaN NaN NaN NaN NaN NaN NaN NaN NaN NaN NaN NaN NaN NaN NaN NaN NaN NaN NaN NaN NaN 
NaN NaN NaN NaN NaN NaN NaN NaN NaN NaN NaN NaN NaN NaN NaN NaN NaN NaN NaN NaN NaN NaN NaN NaN NaN NaN NaN NaN NaN NaN NaN NaN NaN NaN NaN NaN NaN NaN NaN NaN 
NaN NaN NaN NaN NaN NaN NaN NaN NaN NaN NaN NaN NaN NaN NaN NaN NaN NaN NaN NaN NaN NaN NaN NaN NaN NaN NaN NaN NaN NaN NaN NaN NaN NaN NaN NaN NaN NaN NaN NaN 
NaN NaN NaN NaN NaN NaN NaN NaN NaN NaN NaN NaN NaN NaN NaN NaN NaN NaN NaN NaN NaN NaN NaN NaN NaN NaN NaN NaN NaN NaN NaN NaN NaN NaN NaN NaN NaN NaN NaN NaN 
NaN NaN NaN NaN NaN NaN NaN NaN NaN NaN NaN NaN NaN NaN NaN NaN NaN NaN NaN NaN NaN NaN NaN NaN NaN NaN NaN NaN NaN NaN NaN NaN NaN NaN NaN NaN NaN NaN NaN NaN 
NaN NaN NaN NaN NaN NaN NaN NaN NaN NaN NaN NaN NaN NaN NaN NaN NaN NaN NaN NaN NaN NaN NaN NaN NaN NaN NaN NaN NaN NaN NaN NaN NaN NaN NaN NaN NaN NaN NaN NaN 
NaN NaN NaN NaN NaN NaN NaN NaN NaN NaN NaN NaN NaN NaN NaN NaN NaN NaN NaN NaN NaN NaN NaN NaN NaN NaN NaN NaN NaN NaN NaN NaN NaN NaN NaN NaN NaN NaN NaN NaN 
NaN NaN NaN NaN NaN NaN NaN NaN NaN NaN NaN NaN NaN NaN NaN NaN NaN NaN NaN NaN NaN NaN NaN NaN NaN NaN NaN NaN NaN NaN NaN NaN NaN NaN NaN NaN NaN NaN NaN NaN 
NaN NaN NaN NaN NaN NaN NaN NaN NaN NaN NaN NaN NaN NaN NaN NaN NaN NaN NaN NaN NaN NaN NaN NaN NaN NaN NaN NaN NaN NaN NaN NaN NaN NaN NaN NaN NaN NaN NaN NaN 
NaN NaN NaN NaN NaN NaN NaN NaN NaN NaN NaN NaN NaN NaN NaN NaN NaN NaN NaN NaN NaN NaN NaN NaN NaN NaN NaN NaN NaN NaN NaN NaN NaN NaN NaN NaN NaN NaN NaN NaN 
NaN NaN NaN NaN NaN NaN NaN NaN NaN NaN NaN NaN NaN NaN NaN NaN NaN NaN NaN NaN NaN NaN NaN NaN NaN NaN NaN NaN NaN NaN NaN NaN NaN NaN NaN NaN NaN NaN NaN NaN 
NaN NaN NaN NaN NaN NaN NaN NaN NaN NaN NaN NaN NaN NaN NaN NaN NaN NaN NaN NaN NaN NaN NaN NaN NaN NaN NaN NaN NaN NaN NaN NaN NaN NaN NaN NaN NaN NaN NaN NaN 
NaN NaN NaN NaN NaN NaN NaN NaN NaN NaN NaN NaN NaN NaN NaN NaN NaN NaN NaN NaN NaN NaN NaN NaN NaN NaN NaN NaN NaN NaN NaN NaN NaN NaN NaN NaN NaN NaN NaN NaN 
NaN NaN NaN NaN NaN NaN NaN NaN NaN NaN NaN NaN NaN NaN NaN NaN NaN NaN NaN NaN NaN NaN NaN NaN NaN NaN NaN NaN NaN NaN NaN NaN NaN NaN NaN NaN NaN NaN NaN NaN 
NaN NaN NaN NaN NaN NaN NaN NaN NaN NaN NaN NaN NaN NaN NaN NaN NaN NaN NaN NaN NaN NaN NaN NaN NaN NaN NaN NaN NaN NaN NaN NaN NaN NaN NaN NaN NaN NaN NaN NaN 
NaN NaN NaN NaN NaN NaN NaN NaN NaN NaN NaN NaN NaN NaN NaN NaN NaN NaN NaN NaN NaN NaN NaN NaN NaN NaN NaN NaN NaN NaN NaN NaN NaN NaN NaN NaN NaN NaN NaN NaN 
NaN NaN NaN NaN NaN NaN NaN NaN NaN NaN NaN NaN NaN NaN NaN NaN NaN NaN NaN NaN NaN NaN NaN NaN NaN NaN NaN NaN NaN NaN NaN NaN NaN NaN NaN NaN NaN NaN NaN NaN 
NaN NaN NaN NaN NaN NaN NaN NaN NaN NaN NaN NaN NaN NaN NaN NaN NaN NaN NaN NaN NaN NaN NaN NaN NaN NaN NaN NaN NaN NaN NaN NaN NaN NaN NaN NaN NaN NaN NaN NaN 
NaN NaN NaN NaN NaN NaN NaN NaN NaN NaN NaN NaN NaN NaN NaN NaN NaN NaN NaN NaN NaN NaN NaN NaN NaN NaN NaN NaN NaN NaN NaN NaN NaN NaN NaN NaN NaN NaN NaN NaN 
-47.890167 -49.872782 -53.171676 -57.002413 -57.987323 -58.873276 -62.275921 -65.400075 -66.681776 -71.242025 -69.906734 -72.205934 -75.276393 -76.342310 -76.904750 -79.557998 -82.471631 -83.839129 -87.570625 -85.563090 -87.823143 -86.358603 -86.561711 -88.149367 -87.603165 -92.005333 -92.256499 -91.223110 -90.730851 -92.228087 -92.377036 -94.969821 -94.844403 -92.770574 -93.269744 -93.758455 -94.133557 -96.566727 -94.208330 -92.268840 
-32.135343 -40.351097 -45.005499 -49.068836 -50.354794 -50.531173 -53.085590 -56.455824 -61.220935 -63.474556 -61.029809 -65.137010 -65.992227 -69.171080 -66.060022 -71.598452 -72.672574 -73.019138 -74.899695 -75.031015 -77.973324 -77.466793 -76.591183 -75.416969 -76.393127 -81.535235 -81.971168 -80.656919 -76.714537 -78.461949 -80.380660 -81.092725 -79.769029 -78.011556 -78.639373 -78.997668 -78.515858 -79.541720 -79.298825 -80.575255 
-35.447624 -42.016524 -35.048417 -35.456541 -37.495984 -33.476200 -34.596306 -42.196126 -37.359596 -31.237719 -31.650549 -29.645107 -27.097468 -32.587464 -37.671483 -38.469397 -43.118333 -46.690735 -42.511037 -49.540905 -54.295595 -49.234417 -46.512289 -40.891924 -40.088583 -41.119588 -37.102975 -36.790912 -43.607090 -45.829884 -47.647527 -53.035529 -54.770273 -53.974561 -60.265303 -61.461821 -60.661269 -60.660525 -63.166266 -62.855445 
-15.434894 -25.025746 -26.482189 -18.955729 -20.525288 -25.988245 -26.309277 -29.197196 -28.649167 -20.993485 -22.538489 -18.724796 -13.198755 -13.143170 -19.234825 -24.902530 -20.735583 -24.786844 -30.947055 -32.272340 -33.005148 -27.044756 -24.837859 -19.789553 -22.062994 -19.329848 -23.693331 -23.913447 -26.172341 -28.126289 -34.832211 -38.775070 -38.349407 -38.745002 -43.639259 -45.490044 -45.326553 -47.011959 -49.396274 -51.019926 
-8.488914 -14.134176 -19.573650 -19.068228 -21.076422 -17.966563 -20.770464 -20.423709 -22.895840 -23.322794 -16.270514 -11.739043 -8.027320 -1.492287 -6.189599 -10.453906 -13.708873 -16.575041 -22.076967 -25.911489 -27.552339 -20.495574 -15.768032 -14.763570 -12.358099 -15.220116 -16.567976 -15.946086 -16.350825 -25.345680 -27.436009 -25.963353 -24.869258 -29.889507 -36.500702 -38.600661 -36.123103 -36.497717 -38.145866 -41.920309 
-19.771905 -13.792865 -19.200493 -24.478404 -20.110594 -15.865704 -19.695656 -18.536697 -21.896485 -13.295997 -6.805165 -11.101055 -15.025911 -6.374528 -7.800105 -9.681854 -9.430141 -16.921638 -21.106603 -19.461259 -21.273910 -19.143679 -10.508573 -10.384922 -8.349003 -10.198288 -14.157294 -12.176668 -11.440752 -15.757262 -19.039956 -22.335561 -20.520796 -25.510533 -31.796475 -33.018225 -29.078091 -29.497028 -34.528784 -35.972248 
-14.392961 -17.081552 -15.444121 -14.775435 -15.324058 -16.898292 -21.782835 -21.524561 -18.548279 -7.822383 -5.417644 -7.224813 -9.747938 -11.976543 -6.651928 -1.975132 -13.340635 -16.204111 -12.269667 -15.338100 -22.975863 -16.257010 -12.176951 -11.477364 -7.885794 -7.586580 -10.680386 -8.992440 -10.827956 -12.733493 -16.474047 -19.991490 -20.081321 -24.433918 -29.057388 -30.556892 -28.964509 -29.978038 -29.021748 -31.801144 
-14.944728 -24.548973 -21.332077 -15.500670 -14.353555 -12.343795 -18.656489 -22.174335 -17.170189 -13.934499 -10.620070 -6.967847 -7.091192 -7.543364 -4.514473 -1.453111 -8.219879 -8.246329 -13.198642 -16.712585 -19.043605 -11.524832 -5.586050 -6.297605 -4.179161 -6.609687 -10.475303 -9.297592 -6.397975 -10.373844 -16.121290 -17.918457 -19.756341 -21.633512 -30.088526 -27.244005 -27.957039 -27.645329 -29.409344 -30.275213 
-16.173484 -13.332858 -13.472107 -15.475354 -19.460177 -23.465441 -21.963011 -22.367283 -19.808090 -18.201195 -16.151849 -4.601888 -2.590166 -6.753330 -5.274678 -4.307874 -12.739311 -16.901481 -16.291018 -16.582775 -20.684072 -17.143572 -8.999401 -5.087277 -5.728690 -9.199985 -6.298565 -8.792890 -6.656039 -9.107992 -15.487761 -23.050222 -20.927119 -22.078825 -28.734987 -29.857270 -27.313937 -28.772299 -27.176869 -28.361438 
-11.869775 -17.791478 -25.889649 -19.559158 -14.918928 -19.265896 -22.131076 -20.128943 -18.551503 -22.117284 -14.313487 -10.191920 -5.268044 -2.335536 1.071650 -7.426773 -3.431964 -8.710047 -13.538787 -18.768189 -16.567333 -13.252708 -10.041866 -6.846263 -2.455688 -8.408378 -10.297644 -8.188201 -8.295375 -14.914682 -13.944237 -15.713838 -20.432814 -23.898447 -28.267954 -32.393914 -27.856475 -30.101512 -28.874219 -30.781125 
-21.786582 -24.540598 -31.264875 -34.014391 -20.635511 -19.591742 -20.045697 -18.766525 -17.218070 -11.033604 -8.630067 -5.238966 -2.747770 -4.837463 -0.016500 -3.902794 -5.055616 -12.491410 -14.458683 -16.847092 -13.458694 -11.517306 -7.336403 -7.039746 -5.652049 -8.566516 -11.289373 -9.252130 -14.965242 -18.015109 -16.587388 -20.099039 -22.124689 -28.135743 -30.791862 -30.348748 -28.061745 -27.486205 -30.045790 -32.992764 
-22.722067 -21.419006 -22.118144 -19.855048 -6.547722 -0.663327 -8.308163 -16.823877 -17.780277 -12.635972 -6.496201 -6.782365 -9.724779 -3.077960 1.125134 0.130207 -2.454105 -9.090475 -10.222640 -16.761172 -12.734593 -9.904276 -5.567775 -2.777429 -3.962054 -8.513010 -9.042060 -9.542938 -10.898962 -13.669255 -16.845762 -20.409035 -22.847322 -26.956246 -32.945542 -34.021978 -29.493700 -28.553706 -33.728654 -32.835512 
-27.162082 -21.276813 -18.279685 -13.818009 0.528074 11.750391 7.279622 -7.880933 -15.747301 -2.202980 3.216071 -3.151700 -5.224504 2.372711 2.153960 -1.565607 -6.383574 -8.306819 -6.777728 -9.905601 -9.810597 -4.720274 -5.026220 -2.476962 -6.361851 -6.307932 -6.020874 -6.045247 -9.540822 -12.946145 -18.100093 -19.790538 -21.531942 -23.729813 -26.517017 -32.770215 -27.547633 -28.990182 -30.768425 -29.427036 
-11.401440 -14.100231 -20.904063 -15.290059 -0.042561 16.575029 13.566486 -8.792505 -12.833369 4.909894 16.479283 3.644223 -8.592586 10.548022 15.610188 0.211828 -3.287420 -7.107438 -10.360924 -5.625661 -12.794105 -1.800806 -1.656627 0.956334 -5.415314 -5.865874 -5.288071 -0.618816 -1.852743 -9.621593 -13.362685 -16.424243 -14.994426 -18.380107 -26.407987 -29.411856 -26.601239 -28.840053 -28.248175 -27.638596 
-15.887429 -24.170133 -21.449179 -24.903996 -3.389906 16.758685 13.835470 -10.360252 -13.788214 7.170380 19.797226 3.921694 -12.100153 16.943001 17.402225 -5.603714 1.183489 -0.592003 -8.751931 -0.675696 -8.718795 2.497180 -1.484080 3.748557 -3.977424 -3.805205 -5.270779 -4.201051 -4.384716 -7.808944 -11.482161 -14.754800 -14.578637 -18.460857 -23.200547 -25.204446 -29.119261 -32.682040 -28.092984 -25.369359 
-19.989467 -25.193715 -24.403216 -24.876976 -0.850338 17.241982 12.980748 -15.110180 -13.918174 8.943888 20.430840 3.575678 -4.811939 20.291554 18.409999 -3.578309 5.027069 -0.469698 -5.994632 2.094128 -8.944612 3.787109 0.658397 8.870563 0.521857 -0.954788 -0.948417 0.494550 -0.157810 -4.889460 -8.950075 -9.857992 -10.441211 -13.688729 -20.746751 -24.812769 -27.718291 -32.224686 -30.073876 -26.633788 
-24.999148 -21.023883 -23.972715 -29.843671 2.115597 18.330381 12.865903 -13.349234 -18.491938 13.523687 20.718928 0.541563 -1.433438 22.335204 16.570237 -2.690259 7.122497 -1.894019 -2.937761 0.797340 -6.266759 2.551708 3.485909 8.075180 2.962061 -1.948255 1.674131 2.985387 -0.342338 -5.345485 -9.272749 -9.141033 -10.179487 -13.775479 -19.135879 -24.753914 -30.162927 -35.356196 -33.335487 -28.871150 
-23.370382 -20.315768 -28.133252 -21.002053 5.011004 18.866845 11.374584 -17.183212 -14.967985 16.046315 19.464396 -3.972858 3.335335 23.323188 12.798275 -2.370487 8.780438 -6.070168 0.772849 -1.507717 -2.869110 0.358140 6.996892 5.950706 4.820744 -1.904031 -0.443499 4.047908 -0.114476 -5.186098 -8.071304 -9.047794 -10.787117 -14.234844 -19.114360 -24.696057 -28.621133 -33.814063 -31.487685 -29.640165 
-22.769575 -19.286086 -18.115262 -16.354433 10.065375 19.766906 9.442029 -16.198021 -7.095697 17.595800 14.725972 -4.637228 11.973409 21.702321 4.541414 6.760931 9.960279 -7.664051 2.947972 -5.604111 -1.041401 -4.746838 7.718662 1.938364 3.034686 -1.916998 -2.289323 1.422245 0.462997 -8.274702 -11.026638 -11.168878 -10.943825 -15.171933 -20.619958 -25.895742 -30.335502 -33.641950 -32.216989 -28.398463 
-17.031448 -15.944778 -14.045744 -7.674996 14.353660 19.755589 5.801340 -14.288065 3.047267 16.563783 6.814306 -0.806329 19.275480 17.719453 -0.556396 13.386175 6.242474 -2.132546 1.052354 -6.432842 -1.433770 0.262020 4.657842 3.746107 0.009606 -1.944168 -0.324712 1.608752 -0.489787 -6.978707 -9.695942 -10.552013 -10.555946 -14.428278 -19.579321 -23.941398 -29.862825 -36.188674 -33.664432 -31.233963 
-19.063637 -22.048618 -20.930007 -1.164686 17.556033 17.976285 -1.048877 -13.435397 9.664342 12.355486 -3.390940 9.576264 20.516935 11.238706 10.468895 14.682803 -1.149281 1.437008 -4.665017 -1.004442 -3.931106 1.778658 2.042871 2.591081 -2.016291 -5.967421 -5.326674 -2.623160 -3.875403 -10.266614 -11.193734 -12.141069 -12.385906 -19.383308 -24.048778 -27.530284 -31.069103 -33.245979 -31.560395 -30.166137 
-21.051863 -21.963803 -21.311953 5.961345 19.139029 13.912891 -6.643784 -1.901333 13.366294 5.661758 -0.498577 18.233156 17.430769 8.399081 17.910189 8.957450 0.350510 -3.568923 -1.727277 -3.392726 -0.897885 1.734878 4.942747 0.558144 -4.145507 -6.707950 -7.478496 -7.028849 -5.940416 -10.146419 -12.249221 -13.572339 -14.730812 -21.008306 -24.242173 -27.313188 -32.970462 -35.717854 -35.046817 -29.573073 
-25.551271 -25.597759 -14.671937 11.997321 19.302255 7.539305 -10.668090 8.821987 12.485690 -4.679680 11.476976 18.074011 8.328044 18.198718 15.933748 2.009765 0.067834 -2.921202 -1.612767 -3.592370 -3.509877 2.352503 2.728937 -1.228069 -7.320737 -11.349588 -7.942206 -5.164880 -6.017455 -10.448310 -12.046600 -14.848584 -16.339910 -18.992410 -21.310479 -27.011628 -32.602877 -38.613672 -34.943184 -28.296132 
-21.834613 -20.852589 -5.065740 16.402494 18.849782 1.776876 0.462829 14.157819 7.867653 2.405711 17.422252 11.988523 14.235043 18.525506 6.814022 4.071199 -3.296857 -3.133452 -2.391616 -4.574865 -3.137831 0.745491 1.430372 -1.389818 -7.530759 -11.732180 -11.414149 -7.050356 -8.321660 -17.249461 -22.468929 -19.395944 -16.890564 -19.649646 -24.904947 -30.168011 -31.752433 -38.314721 -39.558934 -34.133491 
-15.915653 -18.651452 2.737465 18.478365 16.140118 -1.930080 9.502056 14.709816 -0.220519 11.644469 15.159983 9.648776 18.820237 12.180319 11.724079 3.622611 2.775713 -2.667132 -1.157937 -3.274400 -4.033225 -0.990687 -0.957810 -4.659401 -8.150661 -10.356799 -10.741414 -10.752213 -13.538254 -15.849968 -20.119860 -20.838422 -16.197105 -18.693518 -24.041178 -29.044598 -30.796439 -36.858170 -37.394906 -31.090638 
-27.587314 -18.224876 7.649629 17.841658 9.546570 -1.683882 13.713077 11.338726 -1.611883 12.529930 5.470657 15.598413 16.020805 11.788492 11.541508 5.343188 0.532513 -3.104059 -5.008639 -5.733301 -5.147171 -1.515986 -2.560505 -7.870578 -13.072491 -15.328552 -15.382866 -13.642691 -13.040549 -16.371514 -22.083723 -25.629392 -21.133938 -22.662150 -24.408208 -28.762571 -33.103151 -39.687693 -40.809817 -36.493289 
-23.462977 -13.214242 10.595520 17.270327 6.283679 4.550798 15.009167 5.972567 4.637611 7.183601 4.234687 16.198108 10.645334 16.819279 6.263022 5.849167 -0.367810 -5.178252 -5.918169 -8.148371 -8.300393 -7.739712 -3.203073 -7.644794 -12.658988 -17.639880 -16.871133 -9.833991 -14.177438 -19.768238 -23.826922 -20.361396 -19.286792 -24.400429 -26.457833 -27.280395 -31.146608 -39.287954 -40.176071 -37.710030 
-25.820601 -8.479522 12.082260 15.679745 0.240266 8.261228 14.122969 0.993519 7.140351 3.007791 11.493132 13.807710 13.374556 13.912894 3.453937 -1.608701 -3.280298 -9.838298 -11.321981 -10.950636 -13.914815 -9.854336 -5.460430 -12.916824 -16.818373 -16.966413 -15.047890 -12.137771 -19.313444 -22.427792 -24.779912 -22.982351 -18.139345 -23.293103 -29.172004 -29.557929 -30.942497 -37.657473 -43.042376 -41.252049 
-21.727893 -4.010769 13.046963 14.317264 -2.717697 10.787923 11.612387 -2.929971 7.353810 -0.039836 15.213005 10.329673 14.935045 8.383343 2.138750 -6.595591 -9.075891 -13.424116 -16.611241 -20.914547 -16.230095 -9.657056 -5.596805 -6.004207 -9.559885 -12.753201 -12.813545 -11.995071 -17.602617 -22.439017 -25.325521 -26.459954 -24.527132 -26.950004 -27.910597 -30.588027 -32.354411 -39.676634 -42.280462 -39.853183 
-28.154587 -2.333909 13.590911 13.297820 -1.385267 12.263195 9.792612 0.262498 7.919709 3.791976 15.529067 7.187589 12.811928 1.335775 -0.344221 -7.321109 -14.427757 -19.252925 -25.894679 -22.173932 -20.000924 -12.553660 -5.764207 -6.743619 -11.177711 -16.925909 -14.166691 -9.945067 -17.644898 -24.532873 -29.201110 -30.133385 -28.960794 -32.760701 -31.312835 -30.444558 -32.314202 -41.932323 -45.468376 -40.945332 
-23.966947 -0.185134 13.888036 12.406925 -0.871214 13.013991 8.132388 2.588172 7.685870 7.266342 14.617006 6.714394 11.241832 0.632539 -4.249434 -7.347652 -13.537023 -18.227799 -22.551541 -22.075956 -19.922289 -16.371647 -13.499834 -11.867007 -16.192528 -18.559680 -13.539065 -11.723779 -19.415923 -23.425411 -26.307553 -29.579074 -25.379744 -28.905459 -28.960183 -29.315816 -31.125652 -37.846501 -40.116080 -38.986657 
-23.248489 0.603368 13.881927 11.172793 2.779329 13.971776 7.678119 7.133320 7.342457 12.338334 12.723322 7.031931 7.727450 0.039003 -5.303914 -6.760827 -12.900589 -19.652252 -23.375666 -23.882207 -20.936685 -13.298136 -7.878991 -7.744704 -12.610518 -16.607177 -15.568885 -10.598782 -19.133069 -25.249475 -29.836807 -34.193590 -27.572278 -29.287325 -30.684067 -31.541253 -36.669432 -45.282525 -50.714685 -45.922456 
-22.678265 1.698991 13.849153 9.695408 5.079415 14.746311 6.104942 10.565064 7.042187 13.937776 7.943156 2.925159 -1.626255 -2.098641 -8.171774 -11.109031 -15.318602 -22.339586 -26.917584 -27.921519 -22.212710 -17.826332 -11.750003 -12.639612 -20.571482 -24.289178 -14.934752 -14.436057 -22.699557 -27.051920 -30.940236 -31.090947 -28.022323 -35.530999 -38.864418 -38.209272 -40.326948 -45.894543 -47.579211 -46.605569 
-17.108269 2.032945 12.988598 8.760245 8.088563 14.243810 9.269150 12.372800 4.493095 6.747116 -2.998753 -3.773928 -9.291997 -9.470970 -17.134248 -20.575636 -23.268346 -27.626039 -27.630532 -28.561591 -27.157462 -20.087035 -14.927081 -18.253951 -26.068560 -20.807187 -15.607702 -17.534451 -31.215555 -33.454069 -33.809387 -32.231250 -30.821703 -36.018876 -37.846316 -37.699864 -38.669350 -39.709088 -40.135443 -40.247927 
-12.410852 3.030175 10.928746 3.221735 5.825045 4.510624 -1.129416 3.508265 -2.205445 -9.335591 -18.040045 -21.011843 -20.462547 -24.155841 -31.810337 -34.058812 -41.724648 -36.838303 -36.269346 -38.359688 -33.435532 -26.300847 -28.784772 -34.964767 -40.014348 -33.744200 -24.786486 -31.296765 -39.611530 -41.133454 -39.419424 -37.878251 -37.936994 -45.802424 -47.235275 -51.753080 -52.145529 -52.225958 -56.088174 -54.966734 
-19.513985 -1.381874 9.040977 4.825592 -3.227664 -0.436751 -10.148463 -14.012796 -15.205278 -12.830409 -19.535549 -23.139610 -28.056584 -31.996421 -34.502486 -36.007984 -36.791319 -38.211529 -38.811128 -38.506491 -36.629788 -36.761292 -39.200709 -41.066874 -42.225548 -43.534428 -42.282702 -43.668040 -44.819329 -45.327753 -45.495670 -46.187507 -46.395428 -47.019742 -47.553337 -48.215133 -47.986515 -48.162471 -48.887629 -49.055853 
-17.613722 -3.274293 4.974362 -0.609775 -8.141827 -5.430263 -16.464818 -23.496719 -28.883942 -21.702944 -26.476328 -31.403877 -40.476249 -41.672021 -43.142339 -44.796443 -47.369338 -48.079357 -49.162766 -48.672708 -46.300156 -45.079743 -50.062060 -52.867473 -51.833619 -51.828697 -50.768025 -52.914687 -53.956850 -53.768836 -55.278474 -56.653827 -55.109564 -54.762545 -56.410010 -57.097794 -54.933827 -56.721782 -58.556260 -58.334348 
-22.930293 -11.950015 -4.614827 -7.421388 -19.029692 -16.714982 -23.231587 -26.088058 -30.413907 -30.973096 -34.360280 -38.808875 -38.743913 -40.750102 -42.790467 -42.892692 -43.982923 -44.885377 -45.559678 -46.779847 -47.049114 -47.101891 -48.435385 -49.543492 -50.292680 -51.014708 -49.368322 -49.287130 -49.029998 -49.548388 -50.409655 -51.022102 -51.734740 -53.542104 -55.506519 -55.099845 -54.541870 -54.461992 -54.640300 -55.442107 
-13.964824 -10.683348 -10.048153 -7.520944 -6.370416 -7.157056 -8.262671 -8.187356 -11.997712 -20.865082 -21.724336 -20.475214 -21.208272 -22.621546 -25.232228 -28.562916 -40.996934 -43.388844 -42.274144 -38.468935 -26.991795 -20.174437 -22.870711 -28.312477 -34.755074 -34.008786 -23.586297 -31.113133 -26.395354 -26.532582 -26.137067 -30.739722 -35.794855 -34.349188 -34.005571 -30.082393 -30.821972 -35.660526 -39.892691 -46.726399 
-21.130337 -16.658274 -13.543039 -9.349524 -6.568975 -9.892392 -8.999450 -6.068461 -10.183312 -24.216642 -22.306966 -21.616166 -23.636823 -25.357596 -26.074436 -25.456277 -29.795643 -34.096076 -37.396159 -35.775659 -27.550182 -18.480588 -18.499833 -22.605577 -30.420945 -26.745684 -18.532805 -25.067698 -25.490415 -26.936948 -27.092007 -25.986789 -30.888709 -30.849203 -29.694904 -27.291244 -29.873663 -31.643028 -36.561610 -41.434548 
-23.229989 -23.479107 -27.439937 -20.432476 -21.698499 -22.611658 -18.890696 -17.858142 -23.868712 -36.441007 -29.613517 -31.982200 -29.700838 -26.288911 -33.389403 -36.583992 -34.638041 -35.475993 -37.325459 -38.883502 -36.207650 -26.842986 -22.261759 -26.128016 -29.860737 -31.473482 -23.529033 -30.153908 -36.225245 -37.889997 -36.624769 -32.958468 -32.540846 -33.942320 -35.423191 -35.516185 -40.435944 -40.322580 -43.302691 -44.150027 
-26.331576 -28.391631 -25.233225 -29.101065 -18.448755 -24.798823 -25.720846 -28.299454 -33.139845 -26.053385 -29.815897 -34.794124 -34.777499 -33.725368 -33.486243 -35.350552 -39.526162 -39.658545 -42.597404 -41.584142 -37.970034 -30.101388 -21.522620 -23.068823 -29.102814 -33.507179 -28.344798 -29.803284 -38.131895 -37.625395 -37.567538 -35.358743 -32.240569 -35.398933 -33.822571 -36.482204 -40.461143 -39.478143 -40.426332 -44.714564 
-25.915680 -35.192724 -28.969865 -23.910312 -18.155247 -28.069850 -25.195640 -22.345704 -26.232250 -25.302843 -28.456037 -27.318646 -23.967593 -27.985616 -29.536018 -33.227605 -37.882480 -36.761895 -36.329417 -40.001759 -37.004195 -28.415572 -22.882488 -25.268498 -29.875616 -31.147676 -25.225943 -27.074295 -39.094825 -40.070912 -38.756271 -36.862198 -36.087921 -36.969025 -37.565579 -41.968417 -44.034050 -44.608097 -47.994088 -48.640320 
-21.231757 -27.371157 -30.417515 -22.968810 -17.272618 -21.883722 -25.446825 -27.580697 -24.010925 -24.649548 -27.471123 -27.354820 -23.920707 -25.268448 -26.953501 -35.986138 -44.436884 -40.421153 -36.836104 -40.840776 -42.392601 -32.483885 -26.110996 -29.365313 -40.120196 -41.509050 -29.183524 -36.727742 -45.830560 -47.171479 -46.425538 -41.573886 -45.049446 -47.992043 -47.328846 -49.660596 -48.955268 -50.975083 -53.832972 -56.168043 
-39.767146 -27.377391 -34.328265 -36.659479 -24.831782 -30.934862 -35.621906 -34.285911 -32.384982 -30.915661 -30.070777 -34.005806 -29.104781 -31.472562 -38.741424 -41.544336 -50.763244 -52.597960 -44.039646 -52.883948 -50.494634 -44.733010 -40.471727 -41.918306 -46.552829 -45.953247 -37.507455 -42.345139 -51.210396 -51.445957 -56.232351 -54.982544 -53.456508 -58.610554 -59.399225 -58.270363 -56.274119 -56.156709 -59.181187 -62.157634 
-33.859763 -39.270538 -43.271075 -39.710237 -35.969024 -44.357419 -46.978006 -45.420534 -42.262465 -45.554438 -52.096141 -47.789494 -43.249185 -48.254832 -53.896069 -59.081842 -60.608682 -63.605463 -67.122588 -65.455229 -63.290388 -59.675992 -54.316322 -54.755934 -63.696076 -61.354602 -50.296657 -54.331773 -62.255362 -66.110854 -67.062675 -67.449945 -68.030606 -68.252654 -69.944449 -68.984392 -71.918969 -71.170596 -69.668235 -73.380505 
-39.041617 -45.424711 -47.701406 -44.657988 -45.707708 -50.932227 -56.984547 -60.809251 -55.550731 -56.048176 -57.810093 -64.958746 -59.757341 -62.193150 -65.692364 -67.529651 -71.577460 -69.903489 -69.724104 -70.781399 -78.739743 -80.012640 -71.893196 -75.774397 -77.384129 -77.965835 -72.874399 -76.181818 -76.545430 -75.207786 -78.324809 -78.382136 -79.942347 -80.776405 -77.416845 -78.112280 -80.452766 -82.217349 -80.061342 -82.822462 
-63.772432 -64.552650 -65.928688 -68.510632 -72.891304 -81.844989 -81.951231 -75.383401 -73.468770 -74.693601 -79.566281 -86.737137 -81.052575 -79.413604 -84.109053 -90.319404 -82.768962 -82.999062 -91.266412 -95.100323 -92.251038 -91.585960 -97.553150 -94.265551 -93.361097 -93.627236 -92.541513 -93.149727 -91.115169 -95.122683 -97.060880 -94.216909 -97.803954 -96.261912 -100.171821 -96.722287 -97.343637 -100.995352 -99.747914 -100.293548 
NaN NaN NaN NaN NaN NaN NaN NaN NaN NaN NaN NaN NaN NaN NaN NaN NaN NaN NaN NaN NaN NaN NaN NaN NaN NaN NaN NaN NaN NaN NaN NaN NaN NaN NaN NaN NaN NaN NaN NaN 
NaN NaN NaN NaN NaN NaN NaN NaN NaN NaN NaN NaN NaN NaN NaN NaN NaN NaN NaN NaN NaN NaN NaN NaN NaN NaN NaN NaN NaN NaN NaN NaN NaN NaN NaN NaN NaN NaN NaN NaN 
NaN NaN NaN NaN NaN NaN NaN NaN NaN NaN NaN NaN NaN NaN NaN NaN NaN NaN NaN NaN NaN NaN NaN NaN NaN NaN NaN NaN NaN NaN NaN NaN NaN NaN NaN NaN NaN NaN NaN NaN 
NaN NaN NaN NaN NaN NaN NaN NaN NaN NaN NaN NaN NaN NaN NaN NaN NaN NaN NaN NaN NaN NaN NaN NaN NaN NaN NaN NaN NaN NaN NaN NaN NaN NaN NaN NaN NaN NaN NaN NaN 
NaN NaN NaN NaN NaN NaN NaN NaN NaN NaN NaN NaN NaN NaN NaN NaN NaN NaN NaN NaN NaN NaN NaN NaN NaN NaN NaN NaN NaN NaN NaN NaN NaN NaN NaN NaN NaN NaN NaN NaN 
NaN NaN NaN NaN NaN NaN NaN NaN NaN NaN NaN NaN NaN NaN NaN NaN NaN NaN NaN NaN NaN NaN NaN NaN NaN NaN NaN NaN NaN NaN NaN NaN NaN NaN NaN NaN NaN NaN NaN NaN 
NaN NaN NaN NaN NaN NaN NaN NaN NaN NaN NaN NaN NaN NaN NaN NaN NaN NaN NaN NaN NaN NaN NaN NaN NaN NaN NaN NaN NaN NaN NaN NaN NaN NaN NaN NaN NaN NaN NaN NaN 
NaN NaN NaN NaN NaN NaN NaN NaN NaN NaN NaN NaN NaN NaN NaN NaN NaN NaN NaN NaN NaN NaN NaN NaN NaN NaN NaN NaN NaN NaN NaN NaN NaN NaN NaN NaN NaN NaN NaN NaN 
NaN NaN NaN NaN NaN NaN NaN NaN NaN NaN NaN NaN NaN NaN NaN NaN NaN NaN NaN NaN NaN NaN NaN NaN NaN NaN NaN NaN NaN NaN NaN NaN NaN NaN NaN NaN NaN NaN NaN NaN 
NaN NaN NaN NaN NaN NaN NaN NaN NaN NaN NaN NaN NaN NaN NaN NaN NaN NaN NaN NaN NaN NaN NaN NaN NaN NaN NaN NaN NaN NaN NaN NaN NaN NaN NaN NaN NaN NaN NaN NaN 
NaN NaN NaN NaN NaN NaN NaN NaN NaN NaN NaN NaN NaN NaN NaN NaN NaN NaN NaN NaN NaN NaN NaN NaN NaN NaN NaN NaN NaN NaN NaN NaN NaN NaN NaN NaN NaN NaN NaN NaN 
NaN NaN NaN NaN NaN NaN NaN NaN NaN NaN NaN NaN NaN NaN NaN NaN NaN NaN NaN NaN NaN NaN NaN NaN NaN NaN NaN NaN NaN NaN NaN NaN NaN NaN NaN NaN NaN NaN NaN NaN 
NaN NaN NaN NaN NaN NaN NaN NaN NaN NaN NaN NaN NaN NaN NaN NaN NaN NaN NaN NaN NaN NaN NaN NaN NaN NaN NaN NaN NaN NaN NaN NaN NaN NaN NaN NaN NaN NaN NaN NaN 
