-75.091685 -77.317877 -79.411699 -77.676920 -75.115324 -74.657812 -76.759907 -79.466804 -76.653977 -74.961679 -77.488712 -79.354182 -75.980216 -77.466026 -80.004105 -76.911511 -80.205441 -79.238111 -80.146487 -81.483391 -81.905239 -83.181658 -85.548135 -85.327816 -88.949781 -89.003896 -89.965103 -90.804156 -90.402094 -89.634132 -89.009572 -88.893108 -89.484736 -91.109025 -94.405052 -101.227190 -106.811593 -97.662088 -94.152976 -95.262356 
-79.202027 -83.400900 -91.683163 -84.496872 -79.192980 -78.469182 -81.963610 -91.262435 -81.555401 -78.676090 -82.812379 -87.260228 -79.799714 -81.949017 -87.012234 -80.459980 -85.157249 -83.144528 -83.527887 -84.827716 -84.197489 -85.051329 -85.838772 -85.433999 -86.895548 -86.942153 -87.608613 -88.412968 -89.014134 -89.752320 -90.720740 -91.935284 -93.482908 -95.830917 -99.625939 -106.401923 -111.786611 -103.015930 -98.914869 -99.062820 
NaN NaN NaN NaN NaN NaN NaN NaN NaN NaN NaN NaN NaN NaN NaN NaN NaN NaN NaN NaN NaN NaN NaN NaN NaN NaN NaN NaN NaN NaN NaN NaN NaN NaN NaN NaN NaN NaN NaN NaN 
NaN NaN NaN NaN NaN NaN NaN NaN NaN NaN NaN NaN NaN NaN NaN NaN NaN NaN NaN NaN NaN NaN NaN NaN NaN NaN NaN NaN NaN NaN NaN NaN NaN NaN NaN NaN NaN NaN NaN NaN 
NaN NaN NaN NaN NaN NaN NaN NaN NaN NaN NaN NaN NaN NaN NaN NaN NaN NaN NaN NaN NaN NaN NaN NaN NaN NaN NaN NaN NaN NaN NaN NaN NaN NaN NaN NaN NaN NaN NaN NaN 
NaN NaN NaN NaN NaN NaN NaN NaN NaN NaN NaN NaN NaN NaN NaN NaN NaN NaN NaN NaN NaN NaN NaN NaN NaN NaN NaN NaN NaN NaN NaN NaN NaN NaN NaN NaN NaN NaN NaN NaN 
NaN NaN NaN NaN NaN NaN NaN NaN NaN NaN NaN NaN NaN NaN NaN NaN NaN NaN NaN NaN NaN NaN NaN NaN NaN NaN NaN NaN NaN NaN NaN NaN NaN NaN NaN NaN NaN NaN NaN NaN 
NaN NaN NaN NaN NaN NaN NaN NaN NaN NaN NaN NaN NaN NaN NaN NaN NaN NaN NaN NaN NaN NaN NaN NaN NaN NaN NaN NaN NaN NaN NaN NaN NaN NaN NaN NaN NaN NaN NaN NaN 
NaN NaN NaN NaN NaN NaN NaN NaN NaN NaN NaN NaN NaN NaN NaN NaN NaN NaN NaN NaN NaN NaN NaN NaN NaN NaN NaN NaN NaN NaN NaN NaN NaN NaN NaN NaN NaN NaN NaN NaN 
NaN NaN NaN NaN NaN NaN NaN NaN NaN NaN NaN NaN NaN NaN NaN NaN NaN NaN NaN NaN NaN NaN NaN NaN NaN NaN NaN NaN NaN NaN NaN NaN NaN NaN NaN NaN NaN NaN NaN NaN 
NaN NaN NaN NaN NaN NaN NaN NaN NaN NaN NaN NaN NaN NaN NaN NaN NaN NaN NaN NaN NaN NaN NaN NaN NaN NaN NaN NaN NaN NaN NaN NaN NaN NaN NaN NaN NaN NaN NaN NaN 
NaN NaN NaN NaN NaN NaN NaN NaN NaN NaN NaN NaN NaN NaN NaN NaN NaN NaN NaN NaN NaN NaN NaN NaN NaN NaN NaN NaN NaN NaN NaN NaN NaN NaN NaN NaN NaN NaN NaN NaN 
NaN NaN NaN NaN NaN NaN NaN NaN NaN NaN NaN NaN NaN NaN NaN NaN NaN NaN NaN NaN NaN NaN NaN NaN NaN NaN NaN NaN NaN NaN NaN NaN NaN NaN NaN NaN NaN NaN NaN NaN 
NaN NaN NaN NaN NaN NaN NaN NaN NaN NaN NaN NaN NaN NaN NaN NaN NaN NaN NaN NaN NaN NaN NaN NaN NaN NaN NaN NaN NaN NaN NaN NaN NaN NaN NaN NaN NaN NaN NaN NaN 
NaN NaN NaN NaN NaN NaN NaN NaN NaN NaN NaN NaN NaN NaN NaN NaN NaN NaN NaN NaN NaN NaN NaN NaN NaN NaN NaN NaN NaN NaN NaN NaN NaN NaN NaN NaN NaN NaN NaN NaN 
NaN NaN NaN NaN NaN NaN NaN NaN NaN NaN NaN NaN NaN NaN NaN NaN NaN NaN NaN NaN NaN NaN NaN NaN NaN NaN NaN NaN NaN NaN NaN NaN NaN NaN NaN NaN NaN NaN NaN NaN 
NaN NaN NaN NaN NaN NaN NaN NaN NaN NaN NaN NaN NaN NaN NaN NaN NaN NaN NaN NaN NaN NaN NaN NaN NaN NaN NaN NaN NaN NaN NaN NaN NaN NaN NaN NaN NaN NaN NaN NaN 
NaN NaN NaN NaN NaN NaN NaN NaN NaN NaN NaN NaN NaN NaN NaN NaN NaN NaN NaN NaN NaN NaN NaN NaN NaN NaN NaN NaN NaN NaN NaN NaN NaN NaN NaN NaN NaN NaN NaN NaN 
NaN NaN NaN NaN NaN NaN NaN NaN NaN NaN NaN NaN NaN NaN NaN NaN NaN NaN NaN NaN NaN NaN NaN NaN NaN NaN NaN NaN NaN NaN NaN NaN NaN NaN NaN NaN NaN NaN NaN NaN 
NaN NaN NaN NaN NaN NaN NaN NaN NaN NaN NaN NaN NaN NaN NaN NaN NaN NaN NaN NaN NaN NaN NaN NaN NaN NaN NaN NaN NaN NaN NaN NaN NaN NaN NaN NaN NaN NaN NaN NaN 
NaN NaN NaN NaN NaN NaN NaN NaN NaN NaN NaN NaN NaN NaN NaN NaN NaN NaN NaN NaN NaN NaN NaN NaN NaN NaN NaN NaN NaN NaN NaN NaN NaN NaN NaN NaN NaN NaN NaN NaN 
NaN NaN NaN NaN NaN NaN NaN NaN NaN NaN NaN NaN NaN NaN NaN NaN NaN NaN NaN NaN NaN NaN NaN NaN NaN NaN NaN NaN NaN NaN NaN NaN NaN NaN NaN NaN NaN NaN NaN NaN 
NaN NaN NaN NaN NaN NaN NaN NaN NaN NaN NaN NaN NaN NaN NaN NaN NaN NaN NaN NaN NaN NaN NaN NaN NaN NaN NaN NaN NaN NaN NaN NaN NaN NaN NaN NaN NaN NaN NaN NaN 
NaN NaN NaN NaN NaN NaN NaN NaN NaN NaN NaN NaN NaN NaN NaN NaN NaN NaN NaN NaN NaN NaN NaN NaN NaN NaN NaN NaN NaN NaN NaN NaN NaN NaN NaN NaN NaN NaN NaN NaN 
NaN NaN NaN NaN NaN NaN NaN NaN NaN NaN NaN NaN NaN NaN NaN NaN NaN NaN NaN NaN NaN NaN NaN NaN NaN NaN NaN NaN NaN NaN NaN NaN NaN NaN NaN NaN NaN NaN NaN NaN 
NaN NaN NaN NaN NaN NaN NaN NaN NaN NaN NaN NaN NaN NaN NaN NaN NaN NaN NaN NaN NaN NaN NaN NaN NaN NaN NaN NaN NaN NaN NaN NaN NaN NaN NaN NaN NaN NaN NaN NaN 
NaN NaN NaN NaN NaN NaN NaN NaN NaN NaN NaN NaN NaN NaN NaN NaN NaN NaN NaN NaN NaN NaN NaN NaN NaN NaN NaN NaN NaN NaN NaN NaN NaN NaN NaN NaN NaN NaN NaN NaN 
NaN NaN NaN NaN NaN NaN NaN NaN NaN NaN NaN NaN NaN NaN NaN NaN NaN NaN NaN NaN NaN NaN NaN NaN NaN NaN NaN NaN NaN NaN NaN NaN NaN NaN NaN NaN NaN NaN NaN NaN 
NaN NaN NaN NaN NaN NaN NaN NaN NaN NaN NaN NaN NaN NaN NaN NaN NaN NaN NaN NaN NaN NaN NaN NaN NaN NaN NaN NaN NaN NaN NaN NaN NaN NaN NaN NaN NaN NaN NaN NaN 
NaN NaN NaN NaN NaN NaN NaN NaN NaN NaN NaN NaN NaN NaN NaN NaN NaN NaN NaN NaN NaN NaN NaN NaN NaN NaN NaN NaN NaN NaN NaN NaN NaN NaN NaN NaN NaN NaN NaN NaN 
-48.705404 -50.691296 -54.087049 -58.687993 -61.442584 -61.426166 -59.600359 -60.745552 -68.785976 -67.127246 -71.674880 -77.212113 -72.834789 -69.485759 -78.708452 -74.797143 -68.739388 -69.922152 -74.498502 -76.790527 -74.322132 -74.248364 -74.912660 -75.219769 -77.846342 -77.721812 -80.220977 -79.510444 -80.275449 -88.035767 -89.105752 -89.262583 -85.101252 -88.593899 -88.848462 -87.708623 -82.989973 -82.373362 -85.287735 -84.805548 
-28.409782 -28.551094 -31.469822 -34.190535 -38.429418 -42.061986 -43.188570 -43.044205 -37.769013 -33.308447 -34.113835 -37.285866 -42.316518 -44.139137 -49.622107 -53.060079 -47.407093 -46.519152 -44.471779 -45.661736 -39.278650 -42.934340 -41.800695 -50.551530 -46.971788 -46.466162 -47.901341 -50.567525 -50.753845 -49.472806 -55.971586 -57.071761 -59.574495 -58.425491 -57.532340 -60.970161 -63.325643 -64.381600 -64.771370 -67.598355 
-29.438323 -27.410035 -26.862695 -26.923397 -29.130493 -29.319102 -31.729945 -32.757973 -31.957244 -27.723472 -24.613804 -24.403352 -27.801318 -30.163174 -34.747262 -36.496444 -35.776677 -31.556680 -37.720826 -35.915916 -27.008901 -19.047256 -27.108201 -39.319191 -35.077729 -29.924834 -32.709325 -33.092583 -36.480065 -37.122501 -40.610135 -47.571920 -41.172048 -42.501049 -43.688515 -47.177120 -50.006342 -50.163076 -51.738599 -51.234752 
-29.929840 -26.452940 -19.819127 -19.265004 -24.959729 -27.455788 -32.673077 -23.829508 -24.320503 -24.980133 -19.707219 -22.065906 -19.867765 -23.409224 -28.244190 -28.162544 -30.168314 -22.844395 -26.999757 -24.903779 -18.511377 -9.444791 -17.784537 -31.404515 -23.372952 -17.986160 -22.309713 -24.875438 -27.771494 -28.046383 -32.051455 -38.249990 -36.222078 -32.760201 -33.805130 -37.864246 -37.154550 -40.119091 -42.750618 -43.852107 
-27.627082 -20.220301 -26.081769 -19.935367 -19.429747 -19.656333 -23.410850 -25.844424 -17.403816 -23.754036 -12.174896 -17.996271 -16.183670 -16.125167 -20.365617 -26.531066 -30.509689 -24.643057 -21.988815 -23.225054 -17.368362 -8.763601 -8.331710 -27.358200 -23.757133 -19.966561 -18.504303 -24.445526 -23.895017 -24.862506 -32.477728 -32.198797 -31.942555 -26.338764 -28.372595 -33.224171 -30.782642 -32.543994 -35.591979 -34.421310 
-19.261909 -19.235674 -15.774269 -16.183223 -25.025904 -23.688263 -28.689142 -21.442250 -16.021180 -16.201568 -13.092247 -12.783052 -15.136133 -13.806687 -17.554215 -27.578833 -25.613826 -19.996617 -22.058036 -21.113197 -15.173854 -10.158701 -9.771369 -20.099346 -18.817894 -16.333348 -16.510321 -22.453290 -21.706992 -23.654326 -31.237856 -31.820153 -26.086429 -25.108011 -27.818687 -31.641745 -29.345741 -30.175453 -31.397755 -31.516324 
-15.385012 -15.913069 -17.843760 -21.210432 -14.647873 -14.506490 -21.038884 -14.971134 -9.885784 -11.258030 -10.909539 -8.548690 -8.652277 -8.248717 -15.062340 -20.989830 -21.839680 -19.794474 -19.579905 -18.418497 -10.871462 -5.431257 -8.390286 -21.287767 -19.610034 -13.293645 -14.618702 -19.275716 -16.784088 -19.436091 -26.795849 -29.349303 -22.381264 -22.164850 -26.176716 -29.125266 -25.233079 -26.545631 -28.321383 -26.425766 
-19.810082 -12.907861 -16.694157 -17.456821 -15.078424 -16.603496 -13.616581 -12.702010 -23.589891 -14.250041 -13.466384 -8.658082 -3.565172 -4.672528 -9.493691 -19.960348 -16.905320 -10.454719 -18.941240 -14.981845 -7.168627 -1.299311 -1.245947 -20.218373 -14.474848 -10.449422 -16.029231 -18.802338 -19.118252 -14.980429 -25.324927 -29.962690 -21.086731 -17.453614 -18.101251 -25.794033 -23.796587 -23.149506 -24.015269 -22.781658 
-13.624297 -9.965984 -3.845425 -3.431882 -6.424557 -12.230488 -14.555031 -11.362677 -11.461124 -12.068039 -12.555633 -8.198471 -7.506997 -6.262336 -7.168458 -10.793485 -12.956564 -6.125690 -12.164481 -8.504014 -6.796095 -1.712669 -1.116993 -13.883641 -9.209799 -6.589602 -11.599976 -14.530731 -18.247708 -15.623830 -22.389220 -26.125725 -19.737115 -13.938482 -12.598906 -18.761605 -20.135295 -21.288763 -18.988798 -19.351345 
-11.380146 -7.998655 3.161041 4.501278 -4.519869 -7.169522 -8.015816 -9.197038 -11.591154 -4.299477 -10.284898 -14.954762 -10.398722 -2.541984 -4.272589 -11.824823 -13.361158 -13.209416 -8.880976 -5.656492 -12.143851 0.195966 2.760913 -13.951150 -13.543292 -8.513564 -7.897795 -12.907339 -20.879692 -17.512869 -22.731204 -26.786881 -14.832226 -11.297904 -13.472336 -17.131097 -15.649461 -14.635586 -12.843077 -17.147997 
-14.189755 4.610274 16.767502 18.243587 6.400343 -2.999993 6.484898 1.015309 -0.205629 2.140628 1.950526 0.728522 -2.857456 -7.033087 -8.036431 -15.996323 -17.052657 -9.200473 -11.195570 -5.875644 -4.365847 -1.626761 -8.081591 -18.444906 -17.531860 -8.161038 -10.488837 -12.710497 -18.493779 -22.182784 -27.448266 -29.606053 -21.478926 -15.862314 -17.518683 -20.108905 -18.430774 -17.981207 -15.834700 -14.820524 
-8.768964 0.749117 18.509422 22.158397 9.407239 11.979933 19.286595 12.247304 15.237994 13.051783 2.822222 4.324347 -4.668806 -5.089498 -7.236728 -11.947754 -11.089521 -5.361576 -2.378191 1.082159 4.405714 3.186671 -4.032327 -12.358648 -7.602775 -4.399703 -12.127153 -14.180415 -13.136671 -13.246037 -25.075665 -21.636736 -14.903327 -16.339075 -18.376388 -22.959813 -21.768517 -22.998780 -23.970951 -22.185745 
-16.551295 -9.064238 15.403151 22.075238 10.848281 13.606813 22.806831 12.993813 16.928287 20.496608 0.497012 -0.710770 -5.200288 1.978194 -2.398426 -2.200966 -2.755221 -1.090334 1.846295 7.233435 9.985136 5.775243 -0.405899 -9.068549 -1.300708 -0.670365 -6.520132 -9.734623 -9.041967 -7.728510 -20.444401 -14.544909 -8.457759 -9.083840 -11.050137 -20.724286 -17.837881 -17.549076 -19.812298 -16.982087 
-28.065415 -16.475954 13.037540 21.433712 11.266645 7.900224 21.462730 13.740437 13.870309 23.132880 5.618807 -0.458755 -6.386931 4.807410 -2.729711 0.062070 -1.691427 -0.004655 3.691643 7.820937 10.495510 8.577166 1.220382 -6.937727 -0.027472 2.056193 -4.915297 -8.125571 -7.756752 -8.264847 -19.843028 -15.315315 -7.832845 -7.440459 -9.464861 -17.433057 -17.273345 -18.121403 -20.193386 -18.025326 
-22.663276 -20.921326 10.907505 20.768023 11.591950 2.680033 19.450987 14.865783 10.019955 23.849246 9.991463 0.462721 -5.043814 3.630811 -1.026235 -1.115333 -3.047390 1.383717 3.229224 5.200871 7.766182 7.744370 -0.514725 -10.913017 -3.102472 -0.585661 -6.829854 -10.351617 -11.012192 -9.300577 -21.560163 -16.870629 -11.384553 -11.052519 -12.990900 -20.613523 -19.139102 -20.800860 -21.032286 -20.361224 
-29.117501 -20.957396 10.274684 20.463038 11.775642 0.537411 18.300993 13.814581 8.841664 24.122605 10.669236 3.581760 -1.869091 3.496858 -0.200368 -2.521690 -5.374794 0.482397 1.282976 3.209421 6.136352 6.070004 -2.000343 -12.611218 -5.127282 -3.869679 -8.880435 -11.917802 -12.465577 -10.899108 -22.439952 -20.131588 -13.205643 -9.581352 -12.866507 -22.066767 -20.090724 -21.833625 -20.830502 -19.237884 
-19.259857 -13.670255 11.375980 20.090771 9.933659 3.009244 17.782795 10.664401 12.397812 24.081504 9.027784 7.777881 -1.131737 4.633948 -2.547563 -1.389963 -4.295912 -1.628136 0.558319 2.924159 5.716498 6.117350 -2.141413 -11.288631 -7.060461 -2.874360 -9.569802 -13.291160 -13.032121 -12.116017 -23.132879 -21.485657 -12.933629 -9.854808 -13.450543 -25.127667 -21.587411 -22.446175 -22.644292 -22.160580 
-16.265656 -11.825640 12.932690 19.741510 8.039565 6.815594 17.731168 7.930108 17.630891 22.921172 6.316474 10.469723 -2.317582 4.311397 -3.226891 -1.073613 -2.749465 -2.651584 0.519431 4.574801 7.548732 5.062542 -2.576517 -11.434081 -5.926587 -3.140412 -8.250485 -11.663501 -12.108911 -11.182778 -22.016687 -21.298479 -12.579723 -11.270957 -14.545131 -24.552233 -23.811085 -27.951207 -27.030446 -28.825494 
-18.186658 -4.191438 15.400431 18.806120 5.104479 12.643259 17.008502 6.495170 21.736689 20.184616 12.877912 12.555766 0.338363 1.365409 0.771143 -1.949971 -4.718645 -1.344575 1.076517 4.217574 7.769385 3.518030 -3.443925 -11.288107 -5.441890 -2.808211 -8.297855 -12.243800 -12.436018 -11.286963 -24.500944 -26.654955 -13.646061 -8.955116 -12.555259 -23.072104 -23.764801 -25.906546 -24.887483 -25.968228 
-18.794317 2.382203 17.458663 17.114257 3.020840 16.355585 14.883471 10.269504 20.178791 13.716489 20.421677 11.480076 -0.985518 -0.383109 1.192768 -2.094318 -2.822123 -0.746508 1.877251 5.245403 7.549378 3.720983 -3.390813 -12.224115 -5.953181 -3.517169 -8.389211 -9.756285 -10.299383 -9.570917 -23.368954 -25.114824 -13.311540 -7.958899 -11.526817 -22.120781 -23.525002 -23.689115 -23.130805 -23.291212 
-16.853087 6.871639 18.814718 15.290078 8.066254 16.861454 10.385652 14.168929 13.310788 17.312572 18.504711 8.009039 0.604329 4.271795 1.514757 -0.639130 -2.652529 -0.768707 1.677072 5.035420 7.199849 3.190825 -2.750083 -12.212723 -7.695689 -4.297768 -9.816861 -11.925601 -11.503910 -9.947108 -22.475763 -22.983994 -12.846556 -9.015328 -14.475140 -24.324010 -22.778131 -24.583892 -23.591163 -23.553390 
-12.796227 10.758020 19.306003 13.055883 12.829855 13.577918 7.311525 14.404345 13.457082 19.436146 13.539703 9.531116 0.694801 1.253408 0.221994 -2.132251 -4.120266 -1.814212 0.124464 3.658408 6.465103 0.511468 -3.378948 -12.376000 -5.448281 -2.924107 -8.827386 -10.633674 -10.246219 -9.550924 -23.326933 -26.651320 -14.232213 -11.808397 -15.472258 -20.683891 -19.214468 -25.188618 -23.526396 -23.783059 
-5.026536 13.269516 18.457157 11.979384 15.598999 10.826075 11.184220 10.565008 17.229122 17.330329 18.219081 8.954918 -3.038680 0.108037 -0.203350 -3.520601 -4.587471 -1.489381 -0.028357 4.631202 5.587134 0.318871 -4.670030 -11.624151 -4.919910 -1.884425 -7.071644 -9.543654 -9.308836 -8.775140 -24.489505 -25.983004 -11.766072 -10.378014 -14.654340 -23.417353 -21.160121 -24.433258 -22.914626 -24.024255 
-2.281016 14.163363 15.428997 13.305065 16.520494 9.867704 9.747179 10.423838 12.344988 16.503741 14.229821 7.321895 0.391649 -0.835165 -1.549412 -3.564653 -5.511298 -2.881621 -0.003565 4.389903 4.308134 1.307935 -3.570229 -10.891875 -5.189704 -3.174961 -8.153583 -10.130126 -8.679661 -9.738939 -26.656504 -27.212467 -15.120772 -11.615169 -14.285943 -22.274221 -19.201000 -23.347888 -22.065172 -23.421674 
-2.881357 12.988919 12.973111 13.801364 15.919197 9.170808 8.729515 9.383043 10.873463 16.208498 15.876203 10.511833 -1.310263 -1.768737 -1.456237 -4.046222 -3.885826 -0.648335 3.253343 8.121966 8.105639 2.832290 -2.890377 -10.941669 -5.959544 -4.133634 -8.405373 -10.608620 -9.621157 -10.684072 -27.647566 -29.001192 -15.117745 -13.068845 -15.543741 -23.618948 -24.757863 -26.526416 -23.993584 -27.813105 
1.354714 12.463294 7.921396 14.146984 11.568614 7.469537 4.630150 7.073326 8.883824 11.335407 9.111365 6.157271 -2.150245 -3.598072 -4.064171 -5.277007 -5.681443 -3.027261 0.212011 5.070853 5.690663 2.410232 -3.183130 -10.624819 -7.171758 -6.716509 -11.354640 -13.854501 -14.855897 -17.437052 -32.648966 -34.698174 -21.906572 -15.230048 -17.139872 -23.720989 -22.536555 -25.226281 -24.722465 -27.891875 
2.488902 10.395537 9.138944 13.297856 7.977113 5.550435 5.111949 6.253434 9.565746 14.427301 16.251210 6.958088 -3.510985 -3.664221 -3.502081 -5.315997 -6.277477 -2.450296 1.765893 8.620760 9.553943 3.647762 -1.575557 -10.240159 -4.557532 -4.844448 -10.492556 -13.035021 -13.001037 -14.615262 -33.410908 -35.840438 -20.929205 -16.663226 -16.538497 -25.598110 -22.788418 -27.531306 -24.634565 -22.225499 
2.742981 8.029800 8.403177 9.688520 5.269638 0.852888 0.674446 2.785735 4.465141 6.422803 6.645692 -0.287352 -9.783103 -9.908610 -10.418935 -12.301473 -11.721981 -8.602303 -5.957997 -1.474818 -2.575032 -9.555271 -12.462296 -17.885368 -14.596782 -14.225244 -18.051254 -19.005243 -18.909401 -23.563640 -37.309284 -35.834388 -22.444410 -17.921834 -20.677396 -27.888496 -25.039037 -29.639178 -27.309726 -20.948552 
2.449606 6.482103 8.348431 8.994242 7.303607 4.921989 4.772387 6.991398 11.503278 15.073374 10.486488 -2.381853 -7.092338 -5.680180 -5.403898 -7.652044 -7.461258 -4.072237 -0.639082 6.327921 5.579748 -3.671816 -7.376989 -13.547028 -6.885763 -7.574029 -12.237136 -13.483867 -12.568448 -16.315473 -34.087948 -33.323701 -24.834806 -15.716025 -17.802909 -25.520070 -20.302333 -25.996954 -26.803594 -24.169002 
1.520868 6.035808 7.797799 5.828558 2.154897 -4.512687 -9.592686 -11.780231 -3.561463 1.212507 -6.353794 -16.438504 -21.552590 -26.385983 -26.190711 -23.824864 -22.268276 -21.541130 -18.285226 -11.585724 -9.009791 -16.006806 -19.764214 -25.488387 -21.032718 -22.317136 -28.370765 -29.230565 -33.822284 -36.506888 -45.950590 -44.395400 -26.528697 -19.302550 -23.036555 -34.654282 -33.866903 -30.037063 -26.580538 -24.891849 
0.824561 7.952727 9.388151 8.331574 4.430690 1.288782 3.548250 7.259822 8.511467 4.244585 -4.340854 -13.246994 -13.324095 -11.037924 -10.875314 -13.880858 -12.741026 -8.735877 -4.998085 -1.722925 -2.623090 -7.384223 -12.851294 -19.565233 -13.490441 -14.077314 -18.456143 -19.605493 -19.831159 -26.530137 -47.149558 -42.871866 -37.828446 -27.189057 -29.384034 -36.083247 -34.134564 -36.807304 -35.232276 -32.106221 
-1.686082 5.670294 4.199629 6.153964 3.384166 3.678021 3.594357 5.838925 6.258817 3.244690 -13.045264 -21.143968 -19.462997 -16.233179 -17.686944 -18.555136 -19.085674 -13.533809 -10.762206 -5.331317 -8.132618 -13.159535 -18.756023 -23.495499 -16.927584 -20.666854 -23.864743 -27.064552 -27.069191 -32.053089 -44.629263 -44.459336 -36.259298 -29.152216 -34.452572 -37.800535 -40.652481 -43.696682 -43.297410 -36.636025 
-2.601360 6.793993 7.183967 6.357794 2.876502 0.632434 -0.362797 -3.434335 -6.121443 -9.508840 -21.033312 -27.961640 -29.084359 -25.667855 -25.802812 -28.687934 -29.649267 -22.097799 -17.508982 -15.467766 -18.767835 -22.927899 -26.589554 -32.929538 -25.425343 -29.944169 -32.783788 -35.980284 -40.731514 -44.042218 -58.118622 -58.333841 -54.667137 -45.167577 -44.892293 -49.406537 -50.508029 -53.918238 -52.832794 -49.771372 
-1.063296 3.574421 4.914622 7.438010 4.733903 -4.585182 -11.628965 -18.017360 -21.871668 -30.246551 -37.268569 -41.628483 -39.804910 -38.975393 -40.086173 -45.378972 -43.479681 -37.206512 -33.550848 -30.950674 -36.566228 -43.853225 -49.032936 -47.183441 -45.619281 -53.738701 -55.348727 -57.097997 -59.898284 -60.977988 -61.723979 -62.482397 -61.931591 -56.134126 -55.558802 -57.322376 -57.391309 -59.425854 -60.114090 -59.742989 
-2.604616 3.841448 3.021896 5.108046 0.761287 -7.627209 -13.735375 -21.959229 -27.221403 -32.560692 -38.058264 -40.309888 -41.651037 -38.728141 -41.789119 -43.646095 -45.065720 -43.546375 -37.526935 -33.145750 -44.318915 -46.984904 -48.652786 -49.509883 -49.673309 -51.153729 -51.377161 -52.808763 -52.870844 -53.760417 -54.158357 -54.347454 -54.424449 -54.330730 -54.943148 -55.266352 -55.594544 -55.784042 -56.654226 -57.159700 
-3.357742 1.996052 1.579317 0.777687 -6.158973 -11.171357 -16.725396 -23.559987 -29.769092 -35.487023 -41.233520 -40.642110 -42.129568 -42.465743 -44.712617 -45.254513 -46.509529 -46.119196 -43.835579 -39.610605 -47.977582 -48.969490 -50.465214 -50.535410 -50.378340 -52.554159 -52.965205 -53.284897 -53.816648 -54.244508 -54.665290 -55.120153 -55.446411 -55.143392 -56.219989 -56.816425 -57.391457 -57.232406 -57.621621 -57.780488 
-7.989317 -4.179366 -0.913365 -10.205908 -14.199753 -14.352440 -23.820715 -31.111216 -31.238566 -42.049001 -39.830211 -41.548442 -42.591737 -43.674259 -44.334077 -45.708953 -46.434784 -46.521880 -46.819585 -46.879249 -48.706797 -50.548657 -51.520326 -51.708899 -53.019961 -52.742004 -54.176417 -54.348039 -54.856426 -55.378157 -55.847707 -55.910771 -56.496025 -57.307654 -57.217725 -57.400277 -58.156121 -58.393579 -58.487553 -58.806470 
-8.004138 -6.824293 -11.628748 -8.229451 -8.820602 -16.029904 -23.472350 -27.097102 -33.070701 -39.421318 -49.623012 -49.882539 -46.354444 -43.540138 -44.267771 -46.102475 -47.434752 -46.575923 -43.915949 -42.063795 -43.057836 -42.010096 -40.538747 -39.976734 -40.995844 -44.238776 -48.683586 -47.503551 -44.902232 -44.518594 -45.912451 -48.935230 -53.804597 -55.155988 -54.059176 -59.566729 -61.661581 -63.862228 -61.539552 -60.725316 
-5.938674 -7.725257 -12.552983 -9.148709 -10.274117 -11.214531 -11.502703 -16.892322 -21.271109 -21.689435 -23.419400 -24.202833 -25.311539 -21.725320 -22.325143 -26.889866 -26.456566 -23.408908 -25.211386 -16.566553 -13.063419 -15.317033 -21.710677 -26.104159 -22.195246 -23.087630 -22.328164 -21.307446 -21.353515 -20.523310 -24.618838 -26.187021 -33.297463 -33.094535 -36.692342 -38.410339 -39.201414 -41.642289 -41.475281 -43.942854 
-6.440170 -12.109453 -14.839733 -11.358153 -18.431322 -15.463647 -15.717502 -15.259518 -14.903247 -21.793901 -27.048659 -29.743619 -28.199635 -24.207908 -24.908089 -31.691248 -32.861301 -25.766660 -27.031165 -14.378874 -11.413017 -19.058049 -28.686686 -37.759494 -23.901246 -23.834891 -24.825197 -24.463517 -24.655228 -24.532061 -30.385607 -28.379906 -30.496531 -34.118307 -35.564498 -33.770457 -35.468493 -36.964253 -37.450051 -40.509094 
-12.738334 -10.298214 -15.320595 -23.917937 -26.359659 -27.462327 -27.965904 -18.982155 -18.445270 -27.200519 -20.372622 -26.345832 -30.931350 -29.137243 -34.072227 -39.595511 -38.824759 -32.571184 -32.707245 -30.122357 -25.424298 -30.754505 -31.530827 -38.852648 -35.911963 -35.766572 -34.652218 -33.012231 -32.050341 -36.258183 -41.586110 -45.212913 -41.777681 -40.516673 -42.781492 -41.968608 -45.192232 -46.580645 -47.016971 -49.040607 
-15.711603 -18.957012 -23.035366 -20.782611 -22.955332 -30.909006 -30.015127 -24.016367 -24.442926 -32.661226 -23.308873 -29.167064 -34.960338 -33.628313 -36.551861 -41.335218 -44.093073 -40.357484 -32.975991 -30.356219 -22.654579 -26.882280 -35.514370 -44.615608 -44.272654 -37.297275 -35.801760 -39.503075 -35.708521 -42.939010 -50.105635 -55.927148 -53.151150 -46.870756 -46.545203 -51.701264 -53.570956 -56.025160 -59.685052 -57.918091 
-37.402984 -41.022645 -43.366353 -38.177861 -36.024895 -38.875672 -47.284902 -47.677848 -44.081013 -41.247153 -38.440516 -42.964329 -43.758376 -41.999416 -43.015715 -47.195286 -52.602038 -56.102461 -60.734367 -47.440353 -39.671964 -43.041208 -50.497281 -57.763357 -55.736080 -49.175795 -52.092428 -58.021191 -53.858874 -54.508550 -61.181400 -67.624296 -66.506581 -61.913754 -62.315669 -65.195213 -65.632595 -68.863678 -72.303828 -71.299123 
-75.677731 -77.664377 -77.637345 -76.983636 -79.233584 -84.740135 -86.913607 -88.526245 -85.773521 -83.323334 -79.006658 -77.948502 -77.357340 -77.727831 -79.818680 -83.484724 -91.892030 -90.655677 -83.445228 -82.121506 -82.952741 -85.940419 -88.840505 -89.136026 -90.910020 -92.527544 -89.407031 -90.031140 -95.265201 -95.076586 -96.012820 -97.396071 -97.659272 -96.792806 -98.224478 -92.304850 -96.275025 -95.448217 -98.282792 -105.652286 
-64.862331 -67.794458 -68.380992 -63.218169 -66.048043 -73.074287 -79.896126 -72.255263 -67.046001 -70.531649 -70.929868 -73.087569 -72.194922 -72.450585 -75.241212 -77.825469 -78.348314 -84.376066 -73.709665 -75.080057 -75.806203 -76.224966 -78.162327 -78.372685 -80.859973 -82.228614 -83.863603 -83.672491 -83.786785 -83.774902 -86.572722 -87.293664 -88.187468 -87.383959 -90.002578 -86.458572 -89.375972 -89.242712 -85.287083 -89.676078 
-67.061194 -73.607761 -73.108976 -70.916135 -65.214004 -68.051175 -78.093105 -77.918516 -68.708419 -70.514215 -80.080639 -76.712790 -73.882095 -79.378606 -81.360033 -79.567508 -78.299799 -80.263132 -75.497040 -77.437127 -75.469407 -76.644911 -78.150275 -79.205390 -83.887120 -85.399693 -86.333314 -82.370823 -80.839226 -81.203425 -83.476920 -87.196648 -89.441323 -87.248969 -87.980450 -91.134276 -91.672972 -89.866444 -89.720254 -89.248127 
-84.012913 -86.894103 -89.599417 -86.968616 -84.297249 -84.594595 -88.285890 -91.669370 -87.700257 -87.874034 -94.998862 -96.467649 -94.699070 -98.532853 -100.217503 -96.312294 -91.526296 -90.617607 -88.293870 -88.100222 -87.410673 -87.935263 -89.143916 -90.885748 -95.293413 -101.405523 -103.138480 -96.700390 -94.301863 -94.193615 -96.005703 -99.606265 -102.961666 -103.879660 -106.774342 -108.509715 -104.944835 -105.848044 -105.260893 -101.614849 
NaN NaN NaN NaN NaN NaN NaN NaN NaN NaN NaN NaN NaN NaN NaN NaN NaN NaN NaN NaN NaN NaN NaN NaN NaN NaN NaN NaN NaN NaN NaN NaN NaN NaN NaN NaN NaN NaN NaN NaN 
NaN NaN NaN NaN NaN NaN NaN NaN NaN NaN NaN NaN NaN NaN NaN NaN NaN NaN NaN NaN NaN NaN NaN NaN NaN NaN NaN NaN NaN NaN NaN NaN NaN NaN NaN NaN NaN NaN NaN NaN 
NaN NaN NaN NaN NaN NaN NaN NaN NaN NaN NaN NaN NaN NaN NaN NaN NaN NaN NaN NaN NaN NaN NaN NaN NaN NaN NaN NaN NaN NaN NaN NaN NaN NaN NaN NaN NaN NaN NaN NaN 
NaN NaN NaN NaN NaN NaN NaN NaN NaN NaN NaN NaN NaN NaN NaN NaN NaN NaN NaN NaN NaN NaN NaN NaN NaN NaN NaN NaN NaN NaN NaN NaN NaN NaN NaN NaN NaN NaN NaN NaN 
NaN NaN NaN NaN NaN NaN NaN NaN NaN NaN NaN NaN NaN NaN NaN NaN NaN NaN NaN NaN NaN NaN NaN NaN NaN NaN NaN NaN NaN NaN NaN NaN NaN NaN NaN NaN NaN NaN NaN NaN 
NaN NaN NaN NaN NaN NaN NaN NaN NaN NaN NaN NaN NaN NaN NaN NaN NaN NaN NaN NaN NaN NaN NaN NaN NaN NaN NaN NaN NaN NaN NaN NaN NaN NaN NaN NaN NaN NaN NaN NaN 
NaN NaN NaN NaN NaN NaN NaN NaN NaN NaN NaN NaN NaN NaN NaN NaN NaN NaN NaN NaN NaN NaN NaN NaN NaN NaN NaN NaN NaN NaN NaN NaN NaN NaN NaN NaN NaN NaN NaN NaN 
NaN NaN NaN NaN NaN NaN NaN NaN NaN NaN NaN NaN NaN NaN NaN NaN NaN NaN NaN NaN NaN NaN NaN NaN NaN NaN NaN NaN NaN NaN NaN NaN NaN NaN NaN NaN NaN NaN NaN NaN 
-95.300860 -96.042325 -97.362171 -99.851707 -103.749514 -106.473861 -102.780727 -98.770428 -96.294333 -95.355813 -95.804645 -98.133179 -103.483824 -105.695151 -99.379282 -96.441944 -96.657282 -100.922124 -107.403709 -99.995017 -97.446291 -101.144264 -108.376862 -100.200699 -100.477942 -107.309031 -102.232862 -103.149763 -105.494806 -103.765793 -104.690682 -105.370374 -104.202536 -105.975592 -104.726252 -105.436367 -106.553798 -106.146520 -107.806430 -111.696485 
-76.250110 -76.835031 -77.819847 -79.436749 -81.296463 -82.174537 -80.936531 -78.819012 -77.084733 -76.366508 -76.755209 -78.537993 -81.582375 -82.525229 -79.531171 -77.463224 -77.724616 -80.918091 -84.294214 -80.583554 -78.772974 -81.977768 -86.799244 -81.673818 -82.363290 -90.383605 -84.674805 -86.534661 -90.334611 -87.600644 -89.060245 -90.028447 -87.762416 -90.260938 -87.841251 -88.567306 -89.893461 -89.275293 -91.312143 -95.575837 
-87.284717 -87.670329 -88.278893 -89.159682 -90.000810 -90.347450 -89.884337 -88.895320 -87.905566 -87.465019 -87.763953 -88.914732 -90.484968 -90.946245 -89.659394 -88.516532 -88.810057 -90.845934 -92.551743 -91.000797 -90.102229 -92.430138 -95.127612 -92.867580 -93.905827 -99.180953 -96.564469 -99.668613 -104.806864 -102.105689 -104.537781 -105.901333 -101.441488 -103.509268 -100.038124 -100.379519 -101.293896 -101.408229 -103.994406 -109.716148 
NaN NaN NaN NaN NaN NaN NaN NaN NaN NaN NaN NaN NaN NaN NaN NaN NaN NaN NaN NaN NaN NaN NaN NaN NaN NaN NaN NaN NaN NaN NaN NaN NaN NaN NaN NaN NaN NaN NaN NaN 
NaN NaN NaN NaN NaN NaN NaN NaN NaN NaN NaN NaN NaN NaN NaN NaN NaN NaN NaN NaN NaN NaN NaN NaN NaN NaN NaN NaN NaN NaN NaN NaN NaN NaN NaN NaN NaN NaN NaN NaN 
NaN NaN NaN NaN NaN NaN NaN NaN NaN NaN NaN NaN NaN NaN NaN NaN NaN NaN NaN NaN NaN NaN NaN NaN NaN NaN NaN NaN NaN NaN NaN NaN NaN NaN NaN NaN NaN NaN NaN NaN 
-98.451873 -98.454020 -98.457601 -98.463676 -98.471960 -98.483685 -98.498167 -98.516975 -98.542341 -98.573054 -98.610996 -98.658707 -98.715318 -98.784466 -98.867533 -98.964436 -99.080253 -99.214385 -99.370673 -99.551108 -99.761683 -100.009733 -100.297904 -100.641430 -101.050572 -101.534253 -102.105324 -102.776211 -103.577603 -104.549647 -105.754397 -107.264554 -109.201600 -111.827312 -115.757568 -122.937010 -128.024076 -119.121403 -115.047973 -114.402852 
-81.802942 -81.805105 -81.808713 -81.814831 -81.823171 -81.834970 -81.849532 -81.868430 -81.893896 -81.924702 -81.962724 -82.010494 -82.067129 -82.136259 -82.219264 -82.316065 -82.431757 -82.565771 -82.721990 -82.902444 -83.113155 -83.361457 -83.649940 -83.993756 -84.403075 -84.886790 -85.457848 -86.128882 -86.930768 -87.903675 -89.109583 -90.621504 -92.562177 -95.195759 -99.147567 -106.579412 -112.347988 -102.586544 -98.597204 -98.278908 
-92.060994 -95.488146 -93.029404 -98.780918 -93.317270 -94.660566 -95.907729 -94.371662 -94.332485 -96.473006 -94.464968 -94.933313 -95.092961 -94.969022 -95.094992 -95.271823 -95.049999 -95.613613 -95.105710 -95.538199 -95.304537 -95.868368 -95.718583 -95.787108 -96.000851 -96.113407 -96.356028 -96.528601 -96.666588 -96.814183 -97.071426 -97.178381 -97.330038 -97.435118 -97.517459 -97.564983 -97.569700 -97.551598 -97.514239 -97.515911 
-96.783001 -96.783001 -96.783001 -96.783001 -96.783001 -96.783001 -96.783001 -96.783001 -96.783001 -96.783001 -96.783001 -96.783001 -96.783001 -96.783001 -96.783001 -96.783001 -96.783001 -96.783001 -96.783001 -96.783001 -96.783001 -96.783001 -96.783001 -96.783001 -96.783001 -96.783001 -96.783001 -96.783001 -96.783001 -96.783001 -96.783001 -96.783001 -96.783001 -96.783001 -96.783001 -96.783001 -96.783001 -96.783001 -96.783001 -96.783001 
NaN NaN NaN NaN NaN NaN NaN NaN NaN NaN NaN NaN NaN NaN NaN NaN NaN NaN NaN NaN NaN NaN NaN NaN NaN NaN NaN NaN NaN NaN NaN NaN NaN NaN NaN NaN NaN NaN NaN NaN 
NaN NaN NaN NaN NaN NaN NaN NaN NaN NaN NaN NaN NaN NaN NaN NaN NaN NaN NaN NaN NaN NaN NaN NaN NaN NaN NaN NaN NaN NaN NaN NaN NaN NaN NaN NaN NaN NaN NaN NaN 
NaN NaN NaN NaN NaN NaN NaN NaN NaN NaN NaN NaN NaN NaN NaN NaN NaN NaN NaN NaN NaN NaN NaN NaN NaN NaN NaN NaN NaN NaN NaN NaN NaN NaN NaN NaN NaN NaN NaN NaN 
