NaN NaN NaN NaN NaN NaN NaN NaN NaN NaN NaN NaN NaN NaN NaN NaN NaN NaN NaN NaN NaN NaN NaN NaN NaN NaN NaN NaN NaN NaN NaN NaN NaN NaN NaN NaN NaN NaN NaN NaN 
NaN NaN NaN NaN NaN NaN NaN NaN NaN NaN NaN NaN NaN NaN NaN NaN NaN NaN NaN NaN NaN NaN NaN NaN NaN NaN NaN NaN NaN NaN NaN NaN NaN NaN NaN NaN NaN NaN NaN NaN 
NaN NaN NaN NaN NaN NaN NaN NaN NaN NaN NaN NaN NaN NaN NaN NaN NaN NaN NaN NaN NaN NaN NaN NaN NaN NaN NaN NaN NaN NaN NaN NaN NaN NaN NaN NaN NaN NaN NaN NaN 
NaN NaN NaN NaN NaN NaN NaN NaN NaN NaN NaN NaN NaN NaN NaN NaN NaN NaN NaN NaN NaN NaN NaN NaN NaN NaN NaN NaN NaN NaN NaN NaN NaN NaN NaN NaN NaN NaN NaN NaN 
-60.809915 -66.435863 -66.036300 -64.226146 -66.969858 -67.668890 -69.461890 -73.210455 -76.999283 -83.117544 -83.166010 -82.536180 -84.944672 -83.207361 -84.540689 -84.888356 -83.247132 -86.787681 -90.240222 -90.460158 -87.651525 -86.112591 -87.346446 -88.091329 -95.734976 -94.544775 -93.056585 -86.796883 -89.993333 -88.195758 -92.904356 -94.753509 -93.135298 -92.329682 -92.753825 -85.267316 -87.592913 -91.295816 -94.581420 -91.390362 
-30.786288 -30.128377 -32.360959 -36.506064 -42.279109 -40.667592 -38.392099 -41.398025 -38.174885 -35.905771 -37.683715 -43.663969 -47.425224 -45.362576 -49.254253 -49.084441 -48.295338 -53.315307 -50.070764 -49.819042 -48.225093 -46.978605 -50.939793 -54.038662 -60.187426 -52.891680 -53.792773 -61.363106 -66.657415 -62.189755 -60.543312 -61.065633 -63.871272 -64.844510 -63.867633 -67.451472 -65.520232 -67.845192 -74.017683 -73.219110 
-15.042531 -16.583637 -24.407016 -24.160444 -28.272414 -29.833761 -30.655136 -28.002433 -22.346737 -26.176846 -29.207731 -24.786637 -20.689288 -25.820259 -33.700626 -33.423340 -27.610490 -27.856282 -25.525049 -29.219089 -22.932470 -19.111385 -22.916351 -33.453363 -28.915290 -22.314999 -25.069163 -28.580448 -30.492414 -32.749462 -37.356416 -37.449776 -38.928416 -39.788989 -42.895239 -43.995653 -43.642761 -44.278864 -45.423340 -46.685817 
-8.477168 -13.235953 -22.771018 -26.517794 -28.084780 -32.193518 -23.843145 -21.160158 -12.356042 -12.421603 -15.581552 -20.943986 -20.619531 -24.560160 -23.847495 -27.118898 -28.810506 -26.532811 -24.176859 -23.628336 -17.977701 -13.289010 -14.452248 -21.154746 -22.435733 -16.342777 -15.204347 -17.737637 -21.323315 -23.212746 -26.423996 -27.204119 -25.099877 -26.954810 -34.599751 -35.060327 -35.619896 -38.453658 -38.034147 -38.151929 
-10.552738 -13.049621 -20.613161 -28.031825 -26.173423 -25.257956 -23.599608 -19.005644 -17.330268 -15.864356 -20.824042 -16.947993 -16.775389 -20.520552 -21.977457 -22.543335 -21.893386 -16.233961 -24.480259 -19.498310 -16.769287 -12.129088 -11.879297 -16.155554 -13.503769 -9.303514 -11.211558 -19.154124 -22.679408 -24.694463 -26.751850 -28.612517 -27.740602 -31.768575 -33.215827 -29.066294 -34.857022 -37.157498 -35.759545 -35.602222 
-21.700135 -22.828341 -21.094913 -24.584172 -24.343786 -21.088451 -19.929804 -16.437619 -19.139623 -14.357359 -12.057424 -11.573255 -11.473069 -7.833152 -12.309947 -17.262038 -12.298388 -15.055531 -19.587240 -16.215606 -18.082792 -9.718368 -4.045975 -10.669787 -12.106305 -9.698773 -10.386732 -11.372805 -20.697545 -19.379605 -21.921237 -21.602718 -22.154980 -28.520385 -27.622653 -23.265228 -25.374888 -30.189837 -29.581800 -31.923595 
-10.943331 -11.443389 -7.199371 -10.165530 -15.594545 -11.863785 -13.169575 -12.409121 -9.984636 -3.515320 -6.860211 -14.412983 -7.291511 -6.816016 -13.639514 -19.972157 -13.894653 -14.290510 -13.625233 -11.739977 -15.051030 -9.520808 -6.754559 -10.952960 -14.667695 -11.079132 -5.567613 -9.939817 -17.235795 -18.771238 -21.695730 -21.539027 -20.408397 -26.651189 -27.754137 -21.335423 -23.819015 -26.518674 -26.149070 -30.149436 
-4.807355 -0.945212 5.901577 5.021557 -3.760091 -7.092306 -9.229314 -11.009967 -9.047609 -4.463244 -6.664740 -8.035052 -5.303390 -10.127235 -20.431355 -17.229382 -11.346345 -10.961492 -18.151230 -14.418686 -12.119804 -10.671416 -11.987593 -9.102172 -10.521641 -7.494166 -6.812960 -8.905628 -14.669963 -17.801701 -21.848068 -21.792765 -22.820019 -29.797306 -29.254480 -24.874920 -24.118018 -27.761475 -26.209744 -27.394164 
-3.202862 6.677670 17.180129 16.543297 1.246386 -0.715499 0.419864 -6.170737 1.078321 -1.506919 -4.139559 -7.483361 -7.124523 -13.410277 -20.664397 -16.934904 -12.336651 -10.612937 -12.940706 -13.122732 -9.868047 -6.758181 -7.485181 -13.034296 -13.377211 -14.886414 -8.382955 -9.607102 -13.610160 -16.299749 -19.975677 -17.708587 -18.346163 -30.309942 -28.583951 -20.565589 -22.441949 -24.591988 -23.296521 -25.403218 
-9.218737 1.673773 18.445965 19.774735 2.493731 4.024340 8.327987 -3.848435 9.089660 4.891022 1.641717 0.067220 -1.365695 -6.677332 -10.363933 -13.222443 -13.948734 -10.814176 -16.990312 -12.816338 -8.311687 -3.374393 -3.458951 -10.523937 -10.242892 -8.059409 -5.417708 -11.607793 -13.307996 -14.489786 -21.254751 -20.297175 -17.859053 -28.133810 -26.991904 -18.885207 -19.016049 -25.939094 -24.123390 -24.846333 
-9.672214 -2.531344 17.118338 20.538695 5.866783 6.949892 12.471026 -0.510305 13.572621 10.396670 2.984049 5.382800 0.922854 0.513379 -7.543543 -10.692924 -15.027728 -9.483864 -10.922721 -9.812166 -11.511697 -8.970321 -8.060661 -6.244202 -11.859384 -7.430913 -7.149435 -15.140363 -12.661243 -10.752465 -18.501668 -23.924548 -20.663739 -29.367026 -24.297012 -14.596219 -18.956920 -26.651504 -24.587269 -25.571999 
-18.135567 -6.970236 14.380078 20.416121 7.674196 5.899305 15.315708 4.896143 16.544795 16.696503 2.225175 8.222745 0.524232 3.445751 -7.538699 -8.958798 -9.250167 -12.948589 -10.025908 -4.463064 -9.800766 -6.184283 -3.917513 -6.052972 -9.407911 -7.708547 -8.356272 -15.286512 -14.312529 -13.752175 -21.586077 -22.483999 -22.559605 -31.121287 -28.717408 -16.774761 -19.251036 -25.595947 -28.898844 -27.519198 
-17.033067 -16.298389 12.696645 20.696317 10.260261 2.970405 15.838886 7.636446 15.998489 21.888132 4.431512 10.949522 -0.383483 2.858313 -5.351757 -5.877163 -6.449919 -6.811517 -7.018853 -2.162754 -1.665005 0.811274 -0.073547 -7.591870 -8.938323 -2.748127 -6.014871 -14.161962 -13.664763 -15.990748 -19.849963 -20.516549 -23.746766 -35.083434 -26.091402 -15.856829 -19.153190 -21.938578 -23.639487 -26.126063 
-16.768579 -20.883006 11.617221 20.997322 11.749985 -1.670767 14.360576 9.517248 12.575881 23.737178 7.691560 10.547211 4.753540 2.645308 -3.710932 -6.803234 -8.036526 -3.442364 -7.112191 -7.145381 -4.668374 -0.337084 -0.759585 -6.499764 -8.369271 -2.702844 -5.173046 -13.531384 -11.776905 -12.621809 -15.722881 -15.514976 -15.468759 -27.814815 -26.802444 -16.738564 -21.368011 -24.753824 -21.342443 -24.515598 
-13.206358 -14.418877 10.054239 20.721420 12.670790 -5.708164 13.530207 11.099694 8.687950 24.723068 12.171476 11.426134 8.699327 -0.803422 -2.165634 -12.565179 -9.833690 -2.098377 -5.362406 -7.041438 -5.093611 2.684347 3.883117 -3.082940 -5.132475 -0.948120 -3.021875 -12.395601 -15.920578 -16.383017 -19.532748 -21.018817 -21.401843 -32.001933 -27.983521 -16.589628 -18.026534 -24.385732 -24.458185 -26.092038 
-24.826109 -17.646364 9.299849 20.190586 12.279440 -4.446229 14.006538 11.234260 7.993153 24.835872 13.422989 11.875680 9.609815 -3.169779 -4.464218 -14.949441 -14.082648 -3.326752 -4.800940 -5.141567 -1.679720 4.578417 2.318040 -2.404265 -2.544236 0.111920 -1.729819 -9.914893 -13.137893 -12.410007 -17.469781 -20.943402 -20.271701 -33.356892 -30.855918 -17.514382 -20.513514 -26.129290 -26.708911 -26.986035 
-11.834441 -13.067142 10.440272 20.045617 11.143088 0.137867 15.159386 9.258073 10.789155 24.854322 11.344950 12.151894 6.535040 -0.553288 -5.791349 -10.194852 -9.352193 -2.330299 -3.037524 -2.130002 0.967554 5.349071 5.110881 -4.235590 -5.825383 -0.646749 0.624294 -6.527681 -9.836268 -12.080016 -17.767282 -21.515117 -21.702830 -34.577180 -26.764888 -18.132601 -21.971341 -23.728400 -21.807475 -26.062738 
-18.187432 -13.162148 12.250875 19.946993 9.430457 4.147310 16.338726 7.496952 15.920710 24.602665 8.539255 12.429150 1.758210 1.601149 -8.430043 -5.842029 -5.148476 -4.456659 -2.079405 -1.445112 0.105345 2.617796 4.494935 -3.573490 -6.927290 -1.973330 -2.439283 -7.391387 -11.441409 -11.726928 -17.906548 -20.332135 -21.311759 -33.632284 -26.834982 -15.817802 -19.497946 -24.599094 -21.618135 -23.267302 
-12.416447 -6.065187 14.461498 19.239329 5.965401 10.300626 17.341809 4.785540 21.099642 22.349276 10.064362 11.215103 1.093017 1.675143 -1.210681 -3.281925 -2.903530 -2.246037 -1.350267 0.624389 1.882949 5.559820 3.305471 -1.774502 -6.334910 0.336396 1.459077 -7.390438 -10.071897 -9.751070 -14.727616 -16.015214 -16.954729 -30.121213 -28.146558 -13.752836 -19.005803 -25.876418 -23.847169 -25.053955 
-18.800018 -0.471554 16.407014 17.646780 2.797428 14.501287 16.536286 8.946688 21.872449 16.094036 15.633905 8.292780 6.827605 2.402234 0.984285 -4.369991 -4.351654 -0.194992 -0.109819 0.681635 4.058899 5.813821 3.621700 -1.724939 -6.265836 -1.902585 0.081202 -6.263092 -10.033093 -11.207014 -14.460184 -16.428308 -17.245110 -32.098603 -23.945388 -17.358747 -21.943938 -25.328682 -25.954487 -27.983987 
-13.365758 5.689831 18.215402 15.370074 6.222020 16.243547 10.264659 14.765801 17.119868 15.073033 18.863704 7.043251 5.177808 2.365135 -2.565807 -6.748593 -3.144108 -1.213197 0.001815 2.965119 5.968578 7.158120 4.065653 -3.195904 -4.616721 0.636553 -0.542463 -7.776174 -11.227106 -10.653886 -15.132944 -16.599562 -18.760865 -32.423722 -24.189216 -14.213603 -20.130848 -24.634484 -24.032087 -26.502064 
-12.757550 9.731150 19.294495 13.666201 12.134166 16.188683 8.845846 16.266205 16.772217 23.067112 16.077392 8.463787 3.221489 1.706132 -2.394298 -6.681520 -9.419809 -3.065991 -1.664047 1.216392 4.847418 5.895639 2.100454 -5.900043 -6.271277 -0.259070 -2.478232 -11.008867 -12.216310 -9.082066 -12.696813 -18.367406 -22.180510 -35.927624 -27.197864 -13.620248 -19.229592 -26.268416 -26.607136 -28.950490 
-6.149140 13.235668 19.138779 11.634129 15.216918 13.666097 11.948066 12.724581 21.216122 22.561734 14.297877 2.759011 -1.602823 -0.278726 -4.102137 -9.108747 -9.354823 -5.690762 -3.091447 0.875388 4.919796 5.982428 2.019267 -3.683197 -5.542344 -1.679077 -4.836923 -12.989138 -14.816532 -13.006197 -14.086349 -16.972248 -20.051665 -38.234180 -33.605726 -20.351117 -22.804127 -29.008173 -28.033607 -27.083962 
-1.750944 15.002505 16.729864 10.095806 15.114962 9.970886 13.211703 14.453509 21.588434 17.651577 12.338197 -0.570990 -2.379381 -2.310201 -4.464388 -10.750554 -10.169323 -7.316579 -4.929114 -0.873181 1.365822 1.702077 -1.749006 -4.903820 -5.854865 -3.588313 -5.408832 -10.432825 -8.935832 -12.283546 -18.138205 -20.289943 -21.091371 -36.977335 -35.243079 -25.393929 -30.483822 -33.023424 -29.386604 -25.830499 
5.182578 17.601292 15.813492 11.410559 12.002410 10.411359 12.838955 16.328707 13.999900 16.424221 6.358715 0.843673 0.505689 -2.669495 -7.337475 -15.425147 -17.369923 -13.265879 -9.006106 -5.943646 -0.160335 0.736504 -3.237579 -6.091001 -5.460439 -2.414293 -10.172944 -15.026660 -14.628715 -16.019812 -17.711776 -19.133274 -23.908532 -40.524499 -37.756666 -28.545282 -27.645840 -27.760883 -25.022692 -28.715704 
4.630112 19.142308 17.741096 12.695207 10.384303 9.590933 9.654205 14.249318 16.610256 12.763352 3.550791 -2.414698 -4.382009 -4.891818 -8.964935 -15.413392 -18.069452 -15.120756 -17.156661 -13.780869 -4.599355 0.561184 -1.301664 -5.882283 -4.844140 -4.819811 -15.774422 -16.563917 -16.834523 -17.213534 -21.961251 -22.813124 -25.283673 -38.728121 -35.317101 -24.411864 -29.731270 -34.400372 -30.731016 -28.555716 
7.375278 19.020241 15.249931 11.879757 8.874735 9.142692 11.849297 13.600615 14.026524 5.042441 -4.223959 -10.265009 -8.498537 -10.338520 -13.996915 -22.399335 -23.425026 -18.371453 -15.109332 -12.207606 -7.665149 -1.164095 -3.904329 -8.856906 -9.247933 -11.090230 -15.661163 -15.772252 -21.844708 -19.290980 -21.101108 -26.086352 -29.778466 -43.016353 -38.806915 -25.616171 -30.742358 -34.499026 -34.260635 -33.549121 
9.920878 18.111432 14.273755 9.637333 7.015700 9.028716 8.803834 5.406100 4.187234 -10.740749 -14.155664 -18.018454 -22.327871 -29.325895 -24.557698 -26.074617 -28.925135 -27.990338 -25.940362 -22.332601 -18.588955 -14.610738 -18.579213 -18.718512 -20.057795 -15.775028 -21.249583 -24.992624 -27.299162 -31.723835 -27.952366 -25.951135 -30.473665 -39.182358 -38.903197 -34.456038 -37.396410 -36.784969 -39.356382 -34.884443 
10.034770 17.300531 12.941426 6.882687 -3.943847 -5.197599 -8.042814 -4.825544 -11.420153 -15.952131 -26.930418 -25.185863 -29.345660 -30.737892 -34.310642 -34.329195 -35.969477 -35.645879 -35.988982 -31.558520 -26.462841 -33.204451 -31.377256 -32.899811 -31.315729 -29.914053 -35.161590 -39.997419 -41.316787 -39.853334 -39.426644 -43.658956 -42.244892 -45.442006 -45.437296 -45.961971 -47.561686 -46.160741 -46.086089 -47.951904 
9.969037 16.664011 12.869336 3.124342 -2.307419 -4.915122 -6.902329 -14.379993 -14.722362 -16.789088 -29.114984 -30.422225 -39.950686 -42.538844 -42.698868 -46.780287 -43.598359 -43.528661 -45.876472 -35.234575 -31.831840 -40.770568 -49.406562 -49.047947 -45.260123 -44.845137 -51.391832 -49.608786 -47.801876 -43.960342 -46.187239 -52.163655 -55.030840 -57.125793 -57.060545 -54.383260 -54.984634 -55.115554 -56.964745 -59.380845 
8.591873 10.706116 5.172311 0.733507 -10.896974 -14.922850 -17.730006 -23.593358 -21.797271 -23.964028 -32.422235 -39.454756 -38.766478 -39.726763 -43.300760 -42.174605 -44.386490 -43.255715 -43.385354 -37.209396 -39.826258 -44.604046 -46.082564 -47.344698 -44.766753 -48.198752 -50.333478 -50.803810 -49.116683 -50.048730 -51.808986 -51.948976 -51.460523 -52.765031 -53.417984 -53.852354 -53.234408 -53.554747 -54.415420 -54.558644 
6.555708 9.542580 4.451715 -0.079628 -10.226797 -17.445969 -20.037233 -28.481664 -25.808058 -31.101839 -37.981500 -44.927659 -48.295593 -47.616923 -50.167886 -51.891998 -53.973135 -53.083754 -52.445395 -39.010783 -41.663348 -51.594131 -53.859351 -52.469065 -49.829806 -55.833676 -56.582346 -55.266388 -55.390301 -54.855606 -56.224737 -57.615463 -53.919964 -56.315228 -55.588900 -59.999204 -61.090372 -55.909280 -58.185890 -60.718263 
1.150282 5.185018 -2.463873 -11.769121 -14.747938 -24.595453 -28.696127 -32.522977 -32.906500 -34.222417 -39.046841 -42.372660 -45.550190 -46.340705 -47.158533 -46.603640 -45.820051 -44.922650 -44.679692 -45.463297 -46.892166 -47.296128 -46.456876 -47.514459 -49.352784 -50.132100 -51.459445 -52.410057 -54.318879 -52.821905 -52.985574 -55.221388 -54.244927 -53.572715 -52.808212 -53.352429 -54.863683 -56.722470 -56.346880 -55.242795 
-3.378784 2.943792 -3.972244 -18.094090 -18.643487 -14.351107 -16.967503 -19.294501 -21.563487 -19.405529 -18.914932 -25.439386 -28.342545 -25.641824 -28.779493 -31.364579 -37.501002 -38.394160 -32.337573 -32.644056 -24.273671 -29.047904 -35.999380 -38.475067 -31.057976 -30.836279 -32.361600 -33.342183 -31.096787 -26.243569 -33.918797 -36.238345 -34.785898 -39.753558 -40.103854 -42.862205 -40.701029 -39.954841 -42.924519 -44.561048 
-6.971031 0.333086 -2.164097 -13.313714 -12.951856 -11.725567 -13.129177 -9.872991 -16.545079 -24.257491 -21.449937 -28.986215 -23.992863 -26.166293 -27.865330 -31.827232 -36.538000 -38.450038 -31.168207 -27.011236 -14.898687 -16.841179 -29.568562 -30.483125 -18.764273 -14.745621 -21.103326 -24.836615 -23.443515 -19.934833 -23.643743 -25.530681 -26.210526 -29.897314 -33.772765 -30.163709 -34.234940 -32.559740 -33.329184 -38.445796 
-5.256743 -6.569477 -13.950896 -15.586378 -14.932276 -15.742215 -12.676324 -7.720702 -9.442597 -17.979960 -26.683849 -31.992455 -27.248837 -32.714375 -37.268181 -42.080909 -36.640678 -36.853494 -35.251556 -29.300446 -19.420609 -19.302123 -29.363975 -32.469015 -22.638418 -22.101205 -28.708034 -33.457253 -29.814226 -26.434989 -29.670390 -30.254428 -31.980374 -34.898457 -36.856326 -37.717656 -40.613208 -41.322930 -38.905813 -41.373255 
-14.967526 -19.269374 -20.500981 -19.809999 -22.615502 -30.632572 -22.669766 -19.090752 -16.400564 -19.332415 -21.015825 -27.116627 -29.601644 -39.947714 -38.670329 -40.544163 -34.060372 -30.347055 -32.156758 -28.717087 -24.467602 -30.210231 -31.882544 -34.475282 -30.561654 -24.905845 -29.828530 -34.154648 -35.658742 -30.915477 -36.637997 -38.524422 -44.216522 -43.397907 -46.474596 -43.009591 -46.712429 -47.733676 -44.447037 -47.253340 
-39.205608 -41.696660 -43.732827 -51.610855 -51.926014 -44.108889 -40.073309 -36.859642 -34.852472 -33.972674 -35.724406 -40.316093 -48.588776 -56.640264 -50.944606 -51.839795 -45.815052 -44.471891 -44.655470 -41.271897 -39.025078 -42.920538 -48.434712 -52.759793 -44.298004 -38.971649 -42.448622 -48.871269 -60.088786 -54.854232 -56.337348 -55.730202 -60.246022 -60.399074 -62.909293 -59.633591 -67.320195 -66.069601 -61.046097 -66.608660 
-68.875694 -68.661315 -70.181449 -69.710722 -70.171230 -70.078284 -71.400038 -71.306179 -72.423673 -73.748516 -74.833357 -77.490763 -78.915547 -84.385477 -88.075134 -93.554205 -87.372613 -84.645002 -82.643209 -82.475271 -83.903372 -87.187667 -92.926780 -93.874150 -89.091238 -87.219448 -87.812755 -92.982247 -97.799025 -91.837486 -90.098648 -94.153347 -100.356310 -92.954227 -93.359294 -99.478523 -94.802449 -95.764900 -98.724912 -96.189031 
NaN NaN NaN NaN NaN NaN NaN NaN NaN NaN NaN NaN NaN NaN NaN NaN NaN NaN NaN NaN NaN NaN NaN NaN NaN NaN NaN NaN NaN NaN NaN NaN NaN NaN NaN NaN NaN NaN NaN NaN 
NaN NaN NaN NaN NaN NaN NaN NaN NaN NaN NaN NaN NaN NaN NaN NaN NaN NaN NaN NaN NaN NaN NaN NaN NaN NaN NaN NaN NaN NaN NaN NaN NaN NaN NaN NaN NaN NaN NaN NaN 
NaN NaN NaN NaN NaN NaN NaN NaN NaN NaN NaN NaN NaN NaN NaN NaN NaN NaN NaN NaN NaN NaN NaN NaN NaN NaN NaN NaN NaN NaN NaN NaN NaN NaN NaN NaN NaN NaN NaN NaN 
NaN NaN NaN NaN NaN NaN NaN NaN NaN NaN NaN NaN NaN NaN NaN NaN NaN NaN NaN NaN NaN NaN NaN NaN NaN NaN NaN NaN NaN NaN NaN NaN NaN NaN NaN NaN NaN NaN NaN NaN 
NaN NaN NaN NaN NaN NaN NaN NaN NaN NaN NaN NaN NaN NaN NaN NaN NaN NaN NaN NaN NaN NaN NaN NaN NaN NaN NaN NaN NaN NaN NaN NaN NaN NaN NaN NaN NaN NaN NaN NaN 
NaN NaN NaN NaN NaN NaN NaN NaN NaN NaN NaN NaN NaN NaN NaN NaN NaN NaN NaN NaN NaN NaN NaN NaN NaN NaN NaN NaN NaN NaN NaN NaN NaN NaN NaN NaN NaN NaN NaN NaN 
NaN NaN NaN NaN NaN NaN NaN NaN NaN NaN NaN NaN NaN NaN NaN NaN NaN NaN NaN NaN NaN NaN NaN NaN NaN NaN NaN NaN NaN NaN NaN NaN NaN NaN NaN NaN NaN NaN NaN NaN 
NaN NaN NaN NaN NaN NaN NaN NaN NaN NaN NaN NaN NaN NaN NaN NaN NaN NaN NaN NaN NaN NaN NaN NaN NaN NaN NaN NaN NaN NaN NaN NaN NaN NaN NaN NaN NaN NaN NaN NaN 
