NaN NaN NaN NaN NaN NaN NaN NaN NaN NaN NaN NaN NaN NaN NaN NaN NaN NaN NaN NaN NaN NaN NaN NaN NaN NaN NaN NaN NaN NaN NaN NaN NaN NaN NaN NaN NaN NaN NaN NaN 
NaN NaN NaN NaN NaN NaN NaN NaN NaN NaN NaN NaN NaN NaN NaN NaN NaN NaN NaN NaN NaN NaN NaN NaN NaN NaN NaN NaN NaN NaN NaN NaN NaN NaN NaN NaN NaN NaN NaN NaN 
NaN NaN NaN NaN NaN NaN NaN NaN NaN NaN NaN NaN NaN NaN NaN NaN NaN NaN NaN NaN NaN NaN NaN NaN NaN NaN NaN NaN NaN NaN NaN NaN NaN NaN NaN NaN NaN NaN NaN NaN 
NaN NaN NaN NaN NaN NaN NaN NaN NaN NaN NaN NaN NaN NaN NaN NaN NaN NaN NaN NaN NaN NaN NaN NaN NaN NaN NaN NaN NaN NaN NaN NaN NaN NaN NaN NaN NaN NaN NaN NaN 
NaN NaN NaN NaN NaN NaN NaN NaN NaN NaN NaN NaN NaN NaN NaN NaN NaN NaN NaN NaN NaN NaN NaN NaN NaN NaN NaN NaN NaN NaN NaN NaN NaN NaN NaN NaN NaN NaN NaN NaN 
NaN NaN NaN NaN NaN NaN NaN NaN NaN NaN NaN NaN NaN NaN NaN NaN NaN NaN NaN NaN NaN NaN NaN NaN NaN NaN NaN NaN NaN NaN NaN NaN NaN NaN NaN NaN NaN NaN NaN NaN 
NaN NaN NaN NaN NaN NaN NaN NaN NaN NaN NaN NaN NaN NaN NaN NaN NaN NaN NaN NaN NaN NaN NaN NaN NaN NaN NaN NaN NaN NaN NaN NaN NaN NaN NaN NaN NaN NaN NaN NaN 
NaN NaN NaN NaN NaN NaN NaN NaN NaN NaN NaN NaN NaN NaN NaN NaN NaN NaN NaN NaN NaN NaN NaN NaN NaN NaN NaN NaN NaN NaN NaN NaN NaN NaN NaN NaN NaN NaN NaN NaN 
-30.757886 -32.992573 -34.295996 -36.146861 -41.469530 -45.351337 -44.513180 -46.096247 -46.769556 -47.123014 -49.262570 -47.901620 -46.319265 -47.576433 -51.804838 -56.578406 -62.046970 -59.049433 -60.774680 -62.028432 -61.376456 -62.480564 -63.746737 -69.139887 -69.971590 -71.697937 -69.855845 -70.613028 -73.777373 -69.315621 -72.224798 -71.482892 -69.631336 -73.394142 -76.199226 -75.726935 -76.773008 -78.866995 -82.534841 -82.147494 
-25.857807 -30.931694 -32.199823 -27.697069 -24.443101 -28.222963 -33.621485 -37.380541 -37.612610 -35.484925 -30.298158 -32.334770 -32.878907 -31.156552 -32.844103 -42.519272 -51.269264 -47.171722 -37.656831 -41.712693 -46.492707 -46.761564 -43.785927 -46.074106 -51.233078 -58.392449 -53.011168 -51.652348 -53.401832 -55.141339 -57.905838 -57.100200 -62.094961 -65.278269 -61.773623 -66.114893 -66.997503 -68.576326 -69.407259 -69.157144 
-22.691720 -21.001879 -25.985680 -28.763911 -21.112743 -19.851532 -29.334452 -33.306932 -34.542127 -32.835286 -17.789598 -20.332308 -18.843152 -20.058298 -21.358010 -25.828319 -29.723676 -36.699315 -28.369272 -30.764440 -29.645351 -29.187275 -31.835255 -30.004577 -33.250009 -29.863850 -27.618255 -26.165583 -30.887137 -35.892225 -35.465889 -36.558125 -41.774524 -44.890575 -46.274769 -44.818525 -53.573544 -53.541951 -50.618419 -54.415269 
-18.682390 -23.382934 -23.773149 -25.199125 -25.231543 -19.265719 -24.145676 -24.466527 -22.698372 -23.859626 -18.753577 -16.284382 -13.606092 -16.772279 -17.517267 -22.098724 -21.204101 -25.132360 -24.759515 -24.375002 -24.310563 -23.980151 -21.257807 -21.466563 -24.462719 -28.400874 -22.956998 -21.143344 -25.469415 -28.875194 -27.755020 -27.114239 -34.181320 -37.289004 -35.414840 -38.386634 -47.083723 -49.186495 -43.772166 -45.084453 
-20.293321 -23.560441 -23.515092 -18.664267 -17.555319 -24.236557 -30.817234 -28.812337 -23.270359 -12.946673 -7.919031 -10.465618 -10.322678 -13.167365 -12.767510 -15.148935 -15.429446 -14.024189 -15.574252 -15.237293 -19.503467 -23.292387 -16.693969 -16.549175 -18.774701 -19.537039 -17.789065 -15.607072 -17.877443 -22.869897 -24.219057 -23.108754 -31.957073 -34.228986 -31.949589 -31.836928 -40.060505 -43.228341 -38.245796 -39.108166 
-30.744324 -28.056646 -24.678122 -23.111338 -25.353856 -34.625498 -24.232807 -19.622004 -20.518167 -18.671333 -9.107822 -5.839681 -11.195812 -9.550416 -7.809760 -19.755996 -11.284796 -13.519925 -15.995768 -16.650862 -18.508991 -11.633878 -12.433060 -14.345783 -12.145188 -18.602580 -15.610435 -15.637705 -15.948409 -23.966612 -23.580948 -19.695310 -28.543710 -33.213635 -29.947235 -29.668725 -36.963012 -39.461985 -37.413946 -37.298963 
-23.709975 -21.655042 -23.073793 -21.486237 -22.830583 -23.747642 -23.989968 -25.983564 -25.179207 -19.593485 -8.056598 -10.350217 -9.381492 -9.895850 -6.497031 -7.654405 -10.924384 -17.794161 -10.398415 -14.165064 -12.409292 -11.007920 -19.851485 -17.657842 -17.224106 -15.662509 -14.631801 -13.598318 -16.820573 -20.891386 -23.324705 -22.485223 -28.435854 -30.401366 -31.320985 -27.983725 -35.685354 -34.826866 -35.400083 -35.357595 
-25.766207 -26.267560 -18.290224 -17.550589 -18.628821 -14.705384 -14.909163 -20.208421 -21.102699 -17.544205 -13.320124 -10.658927 -8.046937 -7.771583 -3.656945 -7.680449 -8.366856 -14.912713 -14.692519 -11.253336 -9.578927 -9.255316 -15.388192 -16.694125 -17.783348 -21.061612 -14.288754 -13.466352 -19.596842 -22.034926 -21.096463 -19.595689 -25.447486 -28.986597 -26.923539 -27.879091 -36.352390 -38.627237 -33.562819 -32.450730 
-28.429515 -25.307545 -23.529322 -10.998501 -6.953864 -13.356400 -19.511546 -21.815291 -19.435932 -13.086025 -5.152551 -6.767175 -6.024652 -6.012673 -2.391666 -7.932869 -12.154737 -10.501067 -10.952259 -8.182378 -12.306107 -16.315140 -15.574770 -16.836047 -17.439074 -17.911129 -15.442726 -15.862445 -20.178446 -23.306959 -24.526974 -23.373777 -32.455944 -33.259369 -29.115908 -28.158899 -37.029314 -40.369013 -33.557137 -31.891445 
-23.646089 -33.326031 -27.832768 -13.431889 3.836862 5.452778 -5.739177 -17.600110 -17.455517 -22.247913 -11.178666 -6.150191 -6.134721 -5.558068 -4.018042 -10.547027 -7.764980 -15.993088 -17.557857 -14.450220 -14.301850 -9.445312 -12.541378 -15.944751 -12.546978 -20.438745 -17.026223 -18.204569 -21.464190 -28.530385 -28.010117 -23.400620 -32.550119 -36.395699 -30.762966 -27.611639 -37.352380 -41.664466 -34.716412 -30.678953 
-15.051418 -18.539725 -17.012220 -10.106587 6.042702 15.710480 11.088310 -5.106726 -20.625871 -1.246789 7.082586 -0.193304 -9.254770 5.617815 4.684258 -5.998778 -4.823287 -12.831794 -13.077759 -6.221736 -6.209539 -6.578278 -12.233785 -16.728558 -14.672564 -16.835113 -12.420669 -9.852660 -18.042700 -23.712378 -25.042357 -22.790421 -30.772312 -39.055588 -28.293906 -27.684489 -37.679494 -38.901074 -31.328144 -27.969589 
-11.860454 -16.665648 -16.254303 -15.832752 -1.244338 17.899257 14.749714 -8.285157 -23.922970 4.549461 16.095104 4.422798 -5.681196 14.445051 13.170949 -6.998155 -4.161277 -6.078598 -9.097942 2.465708 -4.100978 5.151298 -10.508605 -12.833189 -12.361289 -12.381152 -6.345042 -10.855399 -16.515613 -22.765275 -21.986480 -20.273524 -25.249508 -36.244295 -28.636803 -29.378206 -42.795761 -40.336474 -25.884511 -25.427309 
-23.656074 -28.453228 -23.422219 -21.768981 -0.893900 18.572549 15.843295 -9.188686 -19.506706 5.733754 19.872903 7.380624 -12.380795 12.821458 11.669857 -12.856753 -2.288318 -1.814192 -14.904283 1.595890 -7.389286 3.829914 -9.680173 -9.798421 -18.163723 -14.554627 -10.005553 -10.909807 -13.470152 -23.865626 -24.830619 -20.626860 -27.348119 -35.348907 -29.870883 -29.184385 -37.787843 -36.702359 -25.652150 -23.515800 
-15.569744 -20.344989 -21.331983 -19.252917 -0.238382 18.908810 15.575602 -11.940306 -17.068870 6.484195 20.148374 5.934654 -19.414326 10.458027 10.007876 -21.887270 0.565659 -2.159652 -10.131201 3.036400 -7.668760 6.762294 -10.796436 -10.792115 -17.485829 -14.420113 -11.320227 -10.033712 -11.540636 -20.604021 -21.786729 -19.507139 -26.013013 -37.023824 -29.720305 -28.918991 -42.569966 -39.965496 -24.469723 -22.405831 
-12.408816 -15.592334 -13.976955 -15.824921 -0.315436 18.847474 14.954666 -11.259880 -25.518696 6.184139 17.395569 -1.670412 -18.313079 11.642785 10.732315 -19.710563 0.783635 -4.906077 -6.688827 4.005958 -9.898256 4.053416 -16.689479 -13.850248 -17.480279 -15.873988 -12.517843 -10.980563 -10.962337 -23.361478 -22.495039 -19.115739 -25.474438 -33.527731 -30.709073 -30.393669 -36.553968 -35.154949 -25.162931 -23.167480 
-25.336285 -25.364677 -26.331136 -24.442065 1.504879 18.468434 13.919601 -12.641514 -18.178054 7.987156 17.102135 -2.740328 -16.405766 14.243225 10.693932 -17.459116 2.395083 -7.250474 -0.560626 5.406436 -12.168261 -0.993879 -18.792738 -14.912084 -16.129310 -17.027255 -13.196066 -8.742074 -8.825268 -17.655734 -19.745335 -16.652952 -23.495639 -33.177892 -28.701643 -29.619544 -38.651741 -35.458329 -24.449665 -23.976842 
-24.395848 -25.939855 -27.289238 -22.996113 3.981971 17.991858 11.106968 -18.776854 -15.593628 11.781224 14.947626 -7.680947 -1.761776 17.335870 7.442962 -4.552817 7.192650 -8.078738 6.815076 4.444963 -5.751863 -5.297205 -16.173850 -19.398120 -14.805729 -17.776151 -15.808586 -9.537551 -8.465057 -14.015315 -16.311884 -14.661541 -20.410975 -30.830903 -28.489424 -28.343496 -39.123126 -34.294207 -23.225347 -24.088751 
-17.916822 -19.857235 -17.737296 -11.366920 9.411629 17.191166 5.749948 -20.773314 -3.957243 14.729669 8.945122 -11.246285 11.675749 17.555694 0.260199 9.048479 9.187531 1.477026 10.687756 -1.664929 1.106690 -10.541671 -14.183443 -19.141176 -16.735352 -17.319927 -16.850582 -12.332490 -6.308752 -12.927619 -16.241761 -13.712909 -20.412826 -31.473570 -28.693012 -28.703268 -38.595264 -35.308756 -24.608160 -22.856306 
-22.308291 -24.383123 -24.178067 -2.739574 14.825540 15.340042 -2.575119 -17.117806 6.965807 13.215656 0.414345 6.423422 17.730787 9.795836 8.538061 14.722521 5.256195 10.818892 7.136837 7.110578 0.637588 -11.199880 -16.646049 -17.266017 -18.056329 -18.679047 -17.143158 -11.777821 -7.448046 -12.724084 -16.284221 -14.748544 -22.471528 -30.399032 -28.717310 -29.222399 -33.085153 -33.617652 -28.371959 -26.681379 
-19.415023 -22.858199 -21.416820 5.933358 18.531261 13.438724 -8.563257 -0.060788 11.607713 2.493629 2.240986 17.562035 15.001100 7.808486 16.641021 9.344555 11.344081 9.108116 11.309037 7.410352 -4.922447 -12.125042 -14.910511 -18.421829 -18.732427 -19.741397 -17.167180 -11.118143 -7.336666 -14.692634 -16.493878 -13.446863 -24.035369 -31.888855 -27.515553 -27.853519 -36.650756 -36.284105 -28.097374 -26.104071 
-26.218850 -25.493029 -12.265333 12.353037 18.167716 6.792698 -6.343616 10.894350 11.089911 -1.884121 15.991755 17.776240 8.796980 17.031366 11.613389 10.100740 10.374998 13.277815 8.754275 -0.680640 -8.046276 -12.789670 -16.390946 -18.804449 -19.744834 -20.527894 -16.726302 -10.404620 -6.358565 -12.778642 -13.031870 -11.883228 -22.664353 -31.552647 -26.755487 -28.313151 -42.313391 -40.285255 -26.478451 -27.377932 
-18.092883 -21.502478 -6.518926 15.486400 16.080851 -1.247637 2.767524 14.953779 6.427634 7.179119 19.841841 12.595025 15.072603 14.018441 7.281713 9.099450 13.187755 12.613358 2.548968 -4.705688 -9.843280 -14.764234 -18.265072 -20.223277 -21.799653 -20.523780 -16.516725 -10.108608 -4.915906 -10.108083 -9.584214 -9.671493 -20.841506 -29.671568 -25.812192 -28.852005 -36.443204 -35.789239 -26.203249 -27.953827 
-11.539937 -15.081765 1.094746 16.839426 12.922079 -7.400349 8.740227 12.684333 -0.445393 13.973787 11.312171 10.272485 16.722871 5.173006 8.792831 8.243655 15.042152 5.767875 -0.502963 -5.972201 -13.045833 -16.820616 -20.287464 -22.493849 -21.693606 -20.876589 -17.403297 -11.230513 -4.968126 -9.136261 -8.604784 -9.990642 -20.582831 -28.675988 -24.427461 -28.210860 -46.694385 -47.506299 -29.145367 -29.439388 
-24.272378 -21.118291 4.802319 16.018683 9.564417 -4.095059 11.319736 8.752347 1.749097 15.912043 7.535548 15.425204 14.163606 3.040268 4.795424 12.653337 8.493040 4.495964 -5.627915 -9.347846 -15.084077 -21.257745 -24.833237 -25.089986 -24.119169 -23.236257 -20.021583 -12.230407 -4.994633 -10.379788 -8.673123 -10.268902 -20.467066 -28.337768 -23.935410 -26.939623 -41.735146 -41.606711 -25.056290 -27.385140 
-17.473126 -16.506045 6.862058 14.842493 5.098430 0.000411 12.937036 7.105753 7.209146 15.677813 2.551295 15.209088 6.113004 5.577349 3.006199 11.831926 2.780231 0.233463 -8.128230 -13.775220 -17.635564 -21.341327 -24.299061 -25.826353 -25.741899 -24.455702 -20.963981 -12.878108 -7.796552 -12.248542 -10.790504 -12.234892 -23.372244 -30.483814 -25.756553 -28.106222 -40.712454 -40.514736 -27.097529 -28.498527 
-16.621098 -16.853919 8.171565 15.159737 4.605176 2.818213 13.152030 2.394645 11.012795 13.956544 3.624771 13.917070 0.672287 5.896100 3.795235 8.078946 0.296734 -5.437117 -11.043913 -16.293600 -21.982132 -25.010511 -27.572863 -29.144068 -28.731961 -28.387881 -23.923324 -14.281534 -9.661575 -16.974557 -13.267112 -15.508832 -26.174231 -33.653812 -27.781594 -30.399226 -46.432099 -46.008979 -29.038711 -30.788921 
-33.038866 -15.058337 8.849114 14.884544 2.897714 3.708404 13.092965 0.849836 12.307784 12.168106 4.414903 11.527105 -0.949422 4.766028 5.361467 4.829847 -4.338890 -12.023679 -15.958070 -19.793928 -25.754585 -27.476956 -28.905012 -29.354355 -28.841251 -28.439114 -24.802458 -15.475034 -11.590546 -19.581446 -15.601138 -19.018455 -29.268174 -33.714124 -28.316708 -30.785657 -38.708939 -38.637194 -28.177378 -30.285677 
-17.595793 -13.936576 8.465315 14.212599 1.223442 5.256868 13.559156 1.476001 14.328839 11.305773 3.705041 8.908354 -0.848319 4.607612 5.507374 0.163264 -10.247006 -16.912526 -20.157035 -23.619950 -27.938364 -31.096805 -32.612720 -32.321933 -32.384508 -31.371088 -27.921906 -18.458066 -15.973553 -21.773928 -17.395507 -23.046621 -32.010025 -35.867595 -30.569938 -33.705703 -40.415607 -40.415020 -29.143576 -31.754897 
-22.616583 -12.347544 8.445125 14.000419 3.497953 6.677665 13.619223 8.342241 15.649963 10.728261 -3.288266 3.297779 -2.653840 1.854958 -2.984963 -7.342196 -15.335314 -22.565595 -25.740998 -27.742291 -34.008106 -41.197099 -43.820192 -40.528435 -38.707852 -37.496002 -31.332838 -20.302991 -19.862355 -25.781436 -21.754575 -26.666707 -36.651315 -41.621380 -35.993060 -40.568281 -55.084636 -54.788958 -38.537315 -41.188486 
-9.994273 -8.633050 5.879475 9.893631 -0.030126 4.513493 2.039499 -2.872255 2.110224 -1.189308 -11.795764 -10.897839 -13.787690 -6.738228 -13.983196 -22.681822 -24.019085 -30.105446 -37.161214 -38.283813 -42.753516 -47.846718 -49.063967 -51.468403 -49.513438 -49.043368 -44.056794 -33.790138 -33.187296 -41.282121 -35.606515 -41.624767 -47.004520 -52.847672 -49.635725 -51.381108 -56.995209 -56.922064 -51.570934 -53.297404 
-22.662934 -12.931320 -5.607090 3.230637 -2.329853 -9.841067 -14.643099 -20.985137 -26.012959 -17.103510 -22.852775 -19.856884 -24.439072 -20.964159 -25.440655 -29.802942 -35.830511 -40.112156 -46.120220 -49.092979 -49.387854 -51.077991 -49.085600 -55.461563 -56.096633 -57.621043 -54.996594 -49.838495 -52.659383 -55.754482 -53.270396 -56.779567 -58.609309 -59.660229 -59.446731 -60.859232 -60.450994 -60.499413 -60.527825 -61.560440 
-24.035411 -23.866134 -9.798837 -2.106036 -11.591839 -15.331506 -16.143072 -19.985278 -21.470150 -28.181725 -32.117188 -34.210540 -36.714772 -33.436177 -37.533541 -41.119691 -44.092054 -47.809749 -48.199366 -46.584784 -49.574187 -53.817104 -52.820417 -56.783893 -56.720070 -56.910148 -56.537593 -58.298274 -58.920466 -59.297128 -57.557049 -59.645984 -62.011499 -62.035068 -62.102816 -62.255284 -62.968206 -62.288830 -63.907401 -63.583159 
-20.803971 -18.970308 -11.487553 -6.655463 -12.035185 -22.266461 -28.017610 -31.111583 -32.357042 -41.814136 -36.231642 -37.018900 -45.825016 -49.685447 -44.411509 -49.141718 -49.937504 -48.618549 -49.408783 -49.891524 -53.203118 -55.728534 -54.966212 -59.031703 -58.006826 -59.333462 -57.053140 -60.615155 -62.910719 -63.142244 -61.000090 -62.306188 -62.948615 -64.414192 -62.838927 -65.891646 -65.958959 -64.843032 -64.571178 -64.026017 
-16.607299 -20.648349 -21.084724 -15.229328 -19.908947 -29.373698 -37.847554 -36.768468 -37.595464 -45.893234 -46.058306 -45.326740 -52.828650 -54.699229 -52.746524 -54.016880 -55.322872 -53.481601 -55.879331 -58.772249 -60.610163 -58.445389 -58.033891 -59.126927 -59.172739 -62.062375 -60.088664 -62.962342 -63.516122 -65.145439 -63.506063 -65.301065 -64.625512 -65.530113 -65.067408 -65.364288 -66.195260 -67.659158 -67.956204 -67.573347 
-15.739284 -23.561969 -26.524546 -18.770806 -24.507757 -36.197405 -39.982929 -39.653006 -43.655196 -58.146626 -51.166959 -47.933943 -51.097262 -54.257960 -61.262182 -60.648011 -64.492143 -62.290351 -60.488748 -61.572299 -59.850319 -62.927003 -63.124272 -66.624501 -68.901594 -68.098789 -66.615550 -66.774132 -66.203977 -67.291302 -66.346406 -68.044262 -67.604929 -69.062512 -70.271003 -70.310980 -68.216529 -67.424133 -69.143978 -69.875111 
-27.912259 -20.795931 -20.512974 -19.255684 -32.656888 -38.762001 -39.990845 -44.119297 -49.547546 -56.965205 -59.772537 -56.467652 -57.595231 -59.597086 -56.922355 -60.312532 -60.725260 -61.086641 -63.296504 -65.004230 -63.916857 -63.894608 -62.520911 -66.371661 -65.008886 -65.691580 -67.523210 -68.384510 -68.565896 -64.200010 -68.118888 -69.269970 -69.970021 -67.109821 -66.308119 -69.702351 -70.221361 -69.343324 -70.018690 -68.578535 
-11.424808 -15.883864 -18.644132 -19.146863 -23.723404 -20.357079 -19.599197 -19.437709 -19.896817 -21.658032 -23.899892 -25.550858 -26.202099 -26.270546 -25.914853 -25.619891 -26.317354 -27.471674 -27.567973 -29.123006 -33.359189 -39.604509 -46.566744 -44.979868 -44.577773 -46.340346 -50.029399 -57.338555 -54.107136 -48.300491 -44.661004 -47.191391 -47.630878 -46.421955 -43.281277 -42.579897 -42.560290 -43.916453 -48.003783 -53.616632 
-12.619573 -13.838618 -20.568716 -22.159605 -17.884536 -16.832218 -16.554726 -15.164582 -15.002852 -18.068004 -20.889835 -22.948917 -23.521535 -23.361467 -23.236065 -21.931614 -23.485748 -24.912789 -23.859597 -24.754149 -29.755810 -35.926939 -42.812715 -38.669816 -39.969420 -43.021957 -40.617277 -45.330238 -49.513990 -44.449182 -40.646094 -44.630482 -44.201493 -42.982874 -39.602754 -39.620636 -39.724859 -40.792494 -43.811321 -49.581687 
-38.088906 -35.824501 -35.835427 -38.495849 -44.231389 -52.284298 -49.290592 -44.511697 -43.039869 -44.187178 -51.298912 -50.043744 -52.252745 -56.168879 -53.182615 -53.468900 -57.080674 -59.334998 -47.550681 -45.068775 -50.772086 -59.044260 -60.648746 -61.171205 -61.402791 -63.011368 -56.772710 -57.479174 -63.963573 -62.853773 -61.825007 -65.188485 -67.277622 -65.021603 -63.958357 -61.656244 -65.656319 -61.171465 -60.865374 -68.807747 
-62.658820 -70.689742 -75.048551 -79.124843 -79.094827 -70.570695 -65.832566 -69.967053 -74.567458 -74.559828 -69.265398 -67.408305 -68.912847 -73.118389 -69.362797 -70.851322 -74.433177 -76.255777 -78.546926 -76.160024 -77.077071 -85.954434 -80.141799 -78.201165 -82.605135 -81.707177 -84.450579 -84.207905 -82.126055 -82.236416 -81.459198 -84.286905 -83.321606 -84.357944 -85.525918 -86.789263 -84.089476 -88.061555 -85.791331 -87.145720 
-74.054831 -78.987476 -83.492891 -83.304492 -85.681313 -79.709431 -76.176242 -76.709941 -80.885443 -85.792786 -88.505197 -83.842361 -78.381842 -79.508709 -80.628902 -85.363404 -79.353641 -79.349415 -82.621523 -83.100952 -83.061040 -92.299066 -91.546979 -92.027537 -87.712187 -87.957937 -87.891212 -90.272651 -90.321449 -89.432104 -91.536191 -96.728894 -91.772826 -88.305015 -89.476757 -94.553186 -93.247087 -93.085009 -94.398068 -97.053206 
NaN NaN NaN NaN NaN NaN NaN NaN NaN NaN NaN NaN NaN NaN NaN NaN NaN NaN NaN NaN NaN NaN NaN NaN NaN NaN NaN NaN NaN NaN NaN NaN NaN NaN NaN NaN NaN NaN NaN NaN 
NaN NaN NaN NaN NaN NaN NaN NaN NaN NaN NaN NaN NaN NaN NaN NaN NaN NaN NaN NaN NaN NaN NaN NaN NaN NaN NaN NaN NaN NaN NaN NaN NaN NaN NaN NaN NaN NaN NaN NaN 
NaN NaN NaN NaN NaN NaN NaN NaN NaN NaN NaN NaN NaN NaN NaN NaN NaN NaN NaN NaN NaN NaN NaN NaN NaN NaN NaN NaN NaN NaN NaN NaN NaN NaN NaN NaN NaN NaN NaN NaN 
NaN NaN NaN NaN NaN NaN NaN NaN NaN NaN NaN NaN NaN NaN NaN NaN NaN NaN NaN NaN NaN NaN NaN NaN NaN NaN NaN NaN NaN NaN NaN NaN NaN NaN NaN NaN NaN NaN NaN NaN 
NaN NaN NaN NaN NaN NaN NaN NaN NaN NaN NaN NaN NaN NaN NaN NaN NaN NaN NaN NaN NaN NaN NaN NaN NaN NaN NaN NaN NaN NaN NaN NaN NaN NaN NaN NaN NaN NaN NaN NaN 
NaN NaN NaN NaN NaN NaN NaN NaN NaN NaN NaN NaN NaN NaN NaN NaN NaN NaN NaN NaN NaN NaN NaN NaN NaN NaN NaN NaN NaN NaN NaN NaN NaN NaN NaN NaN NaN NaN NaN NaN 
