NaN NaN NaN NaN NaN NaN NaN NaN NaN NaN NaN NaN NaN NaN NaN NaN NaN NaN NaN NaN NaN NaN NaN NaN NaN NaN NaN NaN NaN NaN NaN NaN NaN NaN NaN NaN NaN NaN NaN NaN 
NaN NaN NaN NaN NaN NaN NaN NaN NaN NaN NaN NaN NaN NaN NaN NaN NaN NaN NaN NaN NaN NaN NaN NaN NaN NaN NaN NaN NaN NaN NaN NaN NaN NaN NaN NaN NaN NaN NaN NaN 
NaN NaN NaN NaN NaN NaN NaN NaN NaN NaN NaN NaN NaN NaN NaN NaN NaN NaN NaN NaN NaN NaN NaN NaN NaN NaN NaN NaN NaN NaN NaN NaN NaN NaN NaN NaN NaN NaN NaN NaN 
NaN NaN NaN NaN NaN NaN NaN NaN NaN NaN NaN NaN NaN NaN NaN NaN NaN NaN NaN NaN NaN NaN NaN NaN NaN NaN NaN NaN NaN NaN NaN NaN NaN NaN NaN NaN NaN NaN NaN NaN 
NaN NaN NaN NaN NaN NaN NaN NaN NaN NaN NaN NaN NaN NaN NaN NaN NaN NaN NaN NaN NaN NaN NaN NaN NaN NaN NaN NaN NaN NaN NaN NaN NaN NaN NaN NaN NaN NaN NaN NaN 
NaN NaN NaN NaN NaN NaN NaN NaN NaN NaN NaN NaN NaN NaN NaN NaN NaN NaN NaN NaN NaN NaN NaN NaN NaN NaN NaN NaN NaN NaN NaN NaN NaN NaN NaN NaN NaN NaN NaN NaN 
NaN NaN NaN NaN NaN NaN NaN NaN NaN NaN NaN NaN NaN NaN NaN NaN NaN NaN NaN NaN NaN NaN NaN NaN NaN NaN NaN NaN NaN NaN NaN NaN NaN NaN NaN NaN NaN NaN NaN NaN 
-115.446168 -115.448278 -115.451767 -115.457584 -115.465339 -115.475961 -115.488562 -115.504143 -115.523857 -115.545932 -115.570796 -115.598763 -115.627823 -115.657891 -115.687300 -115.713436 -115.734714 -115.747715 -115.749704 -115.738301 -115.711851 -115.670301 -115.617310 -115.557537 -115.499777 -115.455695 -115.437205 -115.454946 -115.514100 -115.609976 -115.722347 -115.812353 -115.833027 -115.751820 -115.580803 -115.391052 -115.287345 -115.363166 -115.642416 -116.007869 
-42.497200 -43.486196 -47.121542 -52.888102 -58.547444 -53.638460 -56.416913 -57.629621 -55.189321 -57.915300 -59.437700 -56.830306 -62.580212 -63.653621 -69.405306 -68.767470 -69.186174 -68.469496 -65.521159 -63.303153 -59.206679 -61.341051 -67.584006 -72.833931 -73.654054 -70.292251 -73.348920 -74.966873 -73.154285 -72.466670 -76.957306 -80.847730 -81.497396 -79.494220 -79.180219 -81.361764 -79.024224 -80.330819 -80.780986 -79.395079 
-38.666089 -29.430133 -27.465270 -30.348151 -30.916976 -28.714740 -33.498745 -32.241893 -29.654120 -31.467886 -27.296404 -25.069341 -31.490572 -35.532924 -35.111153 -39.924843 -36.031751 -35.772321 -41.140180 -38.029372 -34.141118 -38.465891 -46.271265 -44.674741 -46.117957 -46.367412 -41.818562 -43.856204 -42.074978 -44.380220 -55.358174 -55.372580 -58.773990 -58.595722 -59.547320 -59.787148 -63.735236 -63.140987 -65.632468 -68.412998 
-26.704366 -30.422757 -29.317603 -31.777999 -24.737845 -21.192808 -26.375483 -25.427216 -32.574685 -30.136363 -19.383210 -15.711302 -19.522095 -17.125440 -23.520561 -30.687208 -23.648364 -20.117298 -22.236150 -24.825115 -21.472496 -19.809043 -23.987112 -28.926580 -30.504197 -29.842224 -27.819529 -31.938511 -31.301626 -33.137500 -38.835060 -43.117565 -39.697096 -38.291299 -42.805095 -43.089918 -48.572439 -50.128277 -52.166737 -49.648952 
-20.002692 -17.795498 -19.846662 -22.811066 -20.376676 -19.888433 -21.850582 -26.856249 -25.953425 -16.785383 -10.333511 -12.982514 -15.364019 -13.211712 -21.258296 -25.471251 -20.743074 -16.313235 -20.437782 -15.532561 -8.867629 -12.406936 -19.254509 -22.034917 -20.827897 -25.197618 -22.909211 -23.071209 -24.282168 -23.600627 -29.867124 -32.427622 -31.530820 -33.390101 -33.488021 -33.810180 -37.203618 -37.289643 -38.958282 -43.636846 
-20.550276 -23.029588 -17.564269 -19.899426 -14.551086 -21.248378 -26.152720 -22.609313 -17.183914 -6.342681 -11.209016 -18.207876 -16.217359 -17.101744 -16.716607 -14.827935 -15.509104 -13.253250 -13.542788 -14.175158 -8.177505 -8.525465 -16.079803 -17.079684 -15.288458 -14.712321 -17.432447 -18.873214 -22.984870 -20.899012 -25.320910 -33.005769 -26.995682 -26.303793 -25.629570 -31.763823 -34.001298 -34.432956 -34.214441 -37.574600 
-23.317478 -25.582295 -25.274944 -22.047767 -15.431605 -23.919731 -23.833457 -23.618944 -19.167512 -8.925367 -7.306258 -9.077832 -5.243089 -6.961788 -8.656610 -13.727477 -13.595859 -6.899210 -7.872868 -10.819141 -4.671314 -9.990464 -16.887581 -17.143884 -19.495329 -14.265174 -11.708005 -18.700420 -19.508386 -16.074183 -21.841603 -25.189479 -25.413982 -24.496127 -25.173582 -27.380499 -29.889240 -31.516838 -35.811023 -35.770539 
-18.179353 -19.620162 -20.826561 -16.841103 -15.815129 -18.585439 -21.814667 -22.129415 -14.781447 -6.544346 -3.817374 -11.389746 -9.677682 -9.680942 -12.812012 -11.218409 -12.742147 -7.564496 -4.781593 -6.919417 -8.111817 -17.507228 -18.945765 -18.092455 -19.651226 -16.306951 -15.719002 -22.172829 -20.321664 -13.672759 -21.045653 -28.585160 -29.787872 -28.346799 -26.156021 -28.663011 -28.064872 -30.628236 -31.285109 -33.221748 
-9.206113 -11.457983 -5.252480 -2.661760 -11.821464 -21.188561 -12.554102 -12.887401 -10.725565 -3.387054 -4.934044 -5.385835 -8.247275 -4.123096 -7.446675 -11.304483 0.011198 -0.211398 -3.355353 -1.639280 -1.192099 -9.442862 -13.389019 -13.228917 -8.051988 -8.254861 -8.813901 -17.402612 -15.207285 -11.588475 -17.270694 -22.026874 -27.143747 -26.406351 -23.940523 -22.946423 -24.763281 -24.459278 -26.695677 -29.512386 
-10.308155 -10.786765 4.037438 12.064281 6.725193 -7.143362 -7.016944 -10.017511 -15.904665 -11.690303 -12.392872 -10.721327 -11.558791 -11.623729 -8.352551 -4.790659 0.676481 -1.352931 -2.455445 -5.239759 -7.241867 -8.209631 -16.617121 -14.126081 -7.412618 -9.573769 -11.303430 -17.259714 -13.153514 -11.267667 -17.841535 -24.277525 -22.140873 -25.191851 -21.910320 -21.154187 -22.316122 -23.472142 -25.750832 -30.828815 
-13.642633 -13.130111 7.665177 19.806974 15.676595 -4.339962 1.268590 3.823978 -5.795108 3.253849 1.766317 -6.262579 -3.695923 -7.643974 -7.385931 -9.087428 -9.155518 -3.694200 -6.749565 -2.324398 -5.940099 -9.332776 -13.890574 -10.328105 -5.465539 -9.544590 -13.991653 -17.696454 -16.864950 -8.371690 -19.730120 -22.142816 -18.205580 -22.473692 -18.204439 -19.256370 -19.289057 -22.887557 -26.366249 -31.228210 
-14.765545 -13.795001 5.837957 21.623195 17.715487 -5.797004 4.613088 10.195998 -3.941551 11.667092 11.069744 -3.271631 2.406493 -2.365744 -1.303699 -5.732306 -3.341745 -0.552141 2.773645 -0.380495 -5.890156 -16.414990 -15.630729 -13.750218 -8.499245 -10.721929 -14.402403 -21.923236 -20.288182 -12.516241 -20.964299 -27.242146 -20.428662 -20.148442 -18.267696 -16.950455 -16.386944 -20.656663 -22.400778 -31.150883 
-13.678066 -12.988695 3.003162 21.900100 20.502074 -0.408796 4.992632 14.805121 1.600612 10.534287 17.747594 0.935544 8.859224 1.705264 -1.220920 -2.087739 -0.529889 2.792637 8.948583 3.507496 -2.162448 -12.536175 -16.688085 -13.392649 -8.958730 -5.352799 -11.372898 -22.210923 -23.695516 -16.978928 -27.670965 -25.483533 -18.507196 -17.371111 -16.343314 -12.459969 -12.766602 -18.983270 -21.018243 -29.054679 
-18.696269 -18.594918 -0.331262 20.954065 20.728824 -0.753401 5.886458 19.263133 8.560338 8.839224 20.065849 3.984863 10.859462 6.882654 -1.960216 0.125346 1.173685 1.608003 9.435533 0.991325 0.183531 -14.419043 -15.436772 -15.121118 -13.361425 -8.754621 -11.498595 -19.743073 -24.449743 -22.823423 -31.215942 -20.496467 -16.720411 -18.273616 -16.959487 -11.167621 -11.653563 -19.557335 -21.959948 -31.059290 
-13.374101 -14.709331 -4.272461 19.973851 20.278707 0.405538 8.827936 22.867746 13.238050 6.318852 20.766242 5.164189 8.168266 6.685728 -3.940967 0.931865 -1.144991 2.391007 8.585949 3.320676 2.008687 -10.029627 -13.198706 -13.653140 -9.869332 -4.585582 -9.276725 -17.282239 -21.765567 -21.457890 -30.293383 -18.641465 -15.246177 -18.652329 -16.879957 -12.184228 -12.240312 -20.289729 -23.041922 -31.468013 
-13.001729 -15.208104 -2.663337 19.481709 19.464620 -0.869961 9.558001 22.724885 11.115365 8.049301 21.394494 4.776012 8.459127 4.590568 0.127806 0.595206 1.615032 2.719966 12.716084 1.639193 -1.416468 -10.342276 -15.856274 -14.947396 -11.441126 -6.409647 -9.162413 -17.648935 -21.348062 -23.192501 -26.087748 -17.953842 -15.613590 -17.809525 -14.628938 -10.680116 -11.433961 -18.733971 -20.666060 -27.927442 
-14.911847 -24.752469 -0.215559 19.224991 17.811625 -3.452622 11.718919 21.224313 7.562526 14.673664 22.003116 3.996216 11.103959 3.277728 4.169368 0.052754 4.795710 6.161486 13.674132 -0.380128 -6.503413 -12.291600 -16.947163 -14.641886 -12.769014 -5.969353 -7.295852 -17.823151 -22.956295 -19.091827 -27.502786 -18.733015 -16.469321 -16.984724 -13.040616 -9.669738 -11.700874 -18.573294 -19.766005 -28.767102 
-16.006373 -17.820810 3.359824 18.967992 15.309848 -3.485182 14.566757 18.168623 2.257024 21.355039 21.264462 6.321365 12.895236 2.996439 5.727856 2.218995 5.368505 9.513118 8.460041 -1.026008 -8.651966 -13.171108 -14.533157 -13.037606 -12.210497 -4.358587 -6.739201 -14.855731 -20.322243 -18.298654 -26.456839 -19.621946 -17.729575 -19.850786 -14.554079 -9.767063 -11.654435 -18.458562 -20.671380 -31.128502 
-20.435866 -12.562683 8.525020 18.074522 10.463045 3.601903 16.783596 12.876761 12.520601 25.281952 17.067835 14.483758 8.677850 9.698719 5.962828 10.281097 7.270975 9.614004 1.432635 -3.922999 -8.574663 -14.286821 -16.873409 -14.604250 -15.403420 -8.076393 -8.223253 -16.627163 -18.533099 -14.688532 -25.994413 -23.625585 -21.999784 -21.965263 -15.792412 -12.245743 -12.077080 -19.934378 -19.192221 -29.547632 
-21.834240 -8.313656 11.373590 15.668100 3.306930 8.799339 14.241834 5.615948 19.854172 21.182189 16.112943 16.399499 10.015078 11.122488 9.596293 10.807666 9.753182 2.563673 -1.750346 -7.523002 -11.480793 -15.864275 -17.437699 -17.033424 -18.733014 -11.602709 -9.312157 -16.521855 -20.836759 -17.718248 -27.415686 -27.916774 -25.886429 -24.663038 -18.084077 -12.501681 -13.784219 -20.330027 -21.971888 -32.845893 
-25.380559 -2.430651 12.421661 12.156245 2.515197 12.582960 8.901784 11.201545 20.076185 14.328905 21.123400 14.585901 13.452383 9.799997 10.434228 13.638078 6.401946 -0.888336 -5.804322 -9.976460 -13.775764 -17.627703 -19.392052 -18.997334 -20.288428 -13.816165 -11.889097 -19.734591 -21.337432 -18.950266 -28.018366 -30.019222 -27.582431 -26.382788 -19.628940 -13.477737 -15.982713 -23.353297 -24.106035 -34.180718 
-15.627678 1.628034 12.208110 6.656498 8.949875 15.287066 8.355192 16.209462 14.347197 20.591052 18.329873 14.195899 10.090871 11.050763 13.896893 12.017466 -0.402975 -6.274982 -8.634233 -12.701008 -17.606134 -23.503598 -22.801551 -22.901354 -26.373898 -14.987156 -12.128208 -19.182169 -21.281973 -18.022958 -29.971941 -36.687077 -32.513416 -29.855730 -22.482070 -17.262813 -18.855976 -22.119545 -22.216741 -38.397064 
-13.985249 5.352065 12.767654 7.019765 14.676682 14.804458 12.481497 14.968645 16.947385 21.131795 17.067896 13.432070 12.061542 13.106049 10.990365 5.419130 -3.704726 -7.570775 -10.823504 -14.880021 -18.662275 -20.840192 -23.169101 -22.207537 -24.943283 -15.094166 -10.413256 -16.518525 -17.935135 -16.359674 -27.252849 -32.841252 -28.654817 -25.740447 -21.321564 -14.533025 -16.409296 -21.269188 -20.727887 -33.158156 
-12.810745 5.627310 10.025475 5.736323 16.008535 11.517842 13.225443 11.701926 18.833871 15.495758 16.890083 10.942971 10.336138 12.361051 6.820609 1.283623 -6.806949 -10.923099 -13.712071 -17.329336 -21.438832 -23.895073 -25.104654 -25.485746 -24.852387 -19.324063 -14.538034 -18.208253 -19.514769 -17.518385 -32.215196 -34.328329 -31.671082 -31.829735 -25.810068 -18.486195 -21.044043 -26.233088 -25.133984 -36.135061 
-9.204376 6.083520 7.762788 8.029050 16.294477 10.344577 12.858213 11.332385 18.785419 15.823238 14.075585 10.427984 10.024307 8.875286 3.047990 -2.427963 -10.086509 -13.044442 -17.605248 -19.884173 -24.485619 -25.940729 -27.270600 -26.586956 -27.466070 -21.852513 -14.171257 -17.021072 -19.307427 -17.255876 -31.801305 -35.284626 -32.926755 -31.325391 -26.318435 -19.979142 -24.214985 -25.442050 -23.065140 -36.309348 
-9.149123 6.580937 9.384254 8.117365 15.030023 7.240968 10.543877 11.096412 15.210211 14.434570 9.219970 7.264965 7.489930 5.631493 -0.068316 -7.825985 -14.867815 -17.850544 -21.310557 -24.750014 -27.652220 -30.334153 -33.514180 -31.573810 -34.525596 -28.930717 -17.799624 -19.668636 -19.180652 -19.135771 -36.779865 -42.366845 -38.464654 -36.557292 -30.895833 -22.365622 -27.138579 -28.954848 -26.708771 -44.432958 
-9.478141 6.100880 7.764379 8.666564 14.230006 9.253663 10.884611 13.278596 15.013647 11.089777 8.517076 6.960473 8.067657 -0.493072 -5.895124 -10.788437 -15.810786 -17.922376 -22.521526 -26.990601 -30.283422 -33.883962 -33.375600 -32.306414 -32.871104 -26.868721 -17.666206 -18.727607 -19.413871 -20.687433 -35.446689 -41.862014 -35.497994 -37.385279 -35.253120 -28.753044 -31.986931 -30.880699 -28.239244 -45.216147 
-7.292156 2.709005 3.764482 5.144092 7.410768 4.895614 5.918250 9.860839 7.157327 2.931328 2.180615 1.696893 0.247156 -8.062691 -15.286056 -19.635032 -23.203069 -26.372406 -30.410143 -34.048015 -39.590764 -39.902372 -39.610985 -38.812813 -37.244012 -31.094673 -24.962407 -25.554924 -25.630771 -27.922560 -44.965582 -46.358721 -40.315789 -41.553873 -39.907145 -35.446511 -38.928801 -37.186908 -37.220466 -48.486645 
-10.579142 -8.608123 -5.129768 -3.988015 -7.316992 -16.328110 -13.505443 -12.037188 -15.845387 -18.327275 -16.726067 -18.503503 -23.744143 -23.651204 -25.435112 -28.944110 -30.073337 -33.244985 -33.980296 -34.953545 -36.391903 -36.965801 -38.040077 -38.613635 -39.601163 -39.186925 -34.142546 -37.199154 -37.519654 -37.337299 -44.227539 -44.370847 -43.777493 -43.605495 -44.473055 -44.059783 -45.506396 -44.583564 -42.706904 -45.889824 
-9.638519 -5.455334 -6.475754 -16.785989 -9.734838 -8.611975 -19.322404 -23.674404 -26.664673 -32.815429 -28.841432 -32.886875 -33.935686 -36.309576 -38.717522 -43.794163 -48.419038 -45.948311 -49.665129 -57.561337 -57.241277 -58.052322 -57.241793 -55.827120 -59.122234 -56.426434 -53.396644 -52.773785 -51.511197 -50.885987 -58.490252 -58.919231 -59.071932 -57.672694 -64.157864 -59.972288 -59.786987 -61.929909 -59.726407 -66.513271 
-21.873346 -12.371337 -14.837297 -18.586291 -16.659184 -18.168697 -27.429993 -32.524048 -32.057342 -37.302267 -46.795546 -46.044721 -48.548524 -45.910488 -54.298770 -57.108362 -54.834187 -53.937013 -62.027452 -63.278144 -63.323119 -67.291281 -65.435145 -65.582033 -62.474965 -65.803630 -64.891332 -63.882944 -64.753701 -66.913464 -65.901837 -66.989355 -67.784944 -68.529339 -67.753975 -66.497255 -65.660672 -67.987083 -67.487491 -68.180503 
-24.576628 -15.617313 -14.307380 -20.187317 -27.978846 -30.728089 -39.363946 -52.374874 -51.282948 -47.058963 -47.742468 -52.269696 -56.094716 -61.039584 -64.237229 -60.495061 -58.617158 -60.926757 -71.981136 -66.498342 -68.725844 -69.918716 -70.676548 -70.844621 -65.483648 -66.687175 -67.882238 -68.350059 -72.935711 -73.247877 -68.584643 -70.951051 -69.777949 -70.784920 -69.730328 -69.552697 -71.772276 -72.050604 -72.405252 -71.672758 
-34.146320 -22.277635 -23.355550 -33.872772 -35.243750 -38.371912 -45.064584 -48.880690 -54.432575 -56.597500 -56.970177 -63.648844 -58.051084 -59.522757 -65.491094 -62.635137 -66.453052 -64.356412 -70.509652 -72.454812 -71.651427 -69.562795 -71.847546 -71.456086 -68.600500 -68.876597 -68.556756 -67.968283 -70.666389 -72.243568 -68.980104 -72.723376 -73.578900 -74.758335 -74.249502 -72.313807 -72.446964 -73.012343 -75.223245 -75.300931 
-24.041643 -18.395772 -20.152622 -34.287655 -37.689253 -34.032383 -44.954900 -56.064639 -57.895563 -64.492419 -57.313270 -60.581675 -63.439258 -64.345268 -70.255456 -68.393174 -72.325355 -69.337916 -69.779478 -71.463014 -70.744530 -72.085783 -68.967982 -72.583983 -70.973891 -72.739090 -71.666533 -73.056705 -72.920909 -75.021486 -71.138566 -71.491259 -74.335655 -76.616814 -73.384318 -74.915684 -76.844040 -74.517446 -72.716271 -73.454631 
-25.660634 -22.541712 -23.130741 -33.053046 -35.828346 -36.759957 -52.400948 -57.941089 -57.323862 -59.169269 -55.940992 -62.988614 -65.097185 -66.521136 -65.675791 -66.408557 -68.183575 -70.313700 -66.826866 -67.954425 -66.897721 -70.304428 -73.033063 -68.368027 -70.005706 -70.676028 -70.050513 -71.873810 -70.287647 -71.440293 -70.623671 -70.651159 -70.375557 -72.344270 -73.474584 -74.901974 -72.896633 -74.313003 -74.353197 -75.053516 
-28.593906 -21.975971 -24.041167 -33.873701 -33.116842 -40.716619 -52.203216 -62.756932 -61.040123 -63.817215 -59.965078 -61.773248 -60.318123 -61.883700 -65.131284 -66.050108 -67.230332 -67.769610 -69.169874 -67.685988 -65.512829 -66.092117 -65.360377 -69.948595 -70.609743 -71.275150 -71.160845 -71.080032 -71.877465 -70.249041 -73.010872 -72.402211 -71.806090 -71.408971 -72.358886 -75.011321 -75.032396 -74.158365 -74.156055 -71.841605 
-19.832295 -24.253940 -27.000097 -34.807313 -37.633907 -48.144378 -53.537679 -56.441741 -58.422768 -64.531792 -63.880022 -62.500854 -63.645346 -65.632816 -62.202184 -61.350776 -65.621784 -64.856476 -70.568334 -67.411499 -68.889307 -70.427387 -67.250155 -69.776112 -65.656929 -67.565813 -70.115698 -69.950497 -69.564659 -70.850216 -71.470431 -72.863016 -72.597877 -70.638285 -70.046407 -71.488089 -73.924456 -73.981309 -74.360453 -74.236260 
-10.626109 -12.908163 -15.691772 -17.759437 -17.262554 -17.764503 -17.788256 -18.859115 -20.889232 -22.572710 -23.726620 -25.263918 -27.036046 -28.418393 -29.556617 -29.408129 -27.917728 -26.268635 -25.301624 -26.906742 -31.460229 -36.751683 -43.902734 -43.985218 -38.353187 -37.376714 -36.720333 -37.797442 -37.281678 -36.029540 -37.908899 -39.297088 -40.575001 -40.413270 -39.086844 -39.408363 -43.435989 -45.606272 -47.873264 -53.024210 
-7.535354 -7.495009 -9.947229 -12.640971 -11.972902 -10.171409 -9.883859 -11.489820 -14.962034 -17.019825 -17.196390 -19.051329 -21.552247 -22.614580 -24.615448 -24.185966 -21.707714 -19.177024 -17.214695 -18.930278 -24.841504 -30.617365 -34.869589 -34.409957 -31.410452 -31.129199 -30.129071 -31.986775 -31.136564 -29.199357 -31.802151 -33.172881 -34.699828 -34.238325 -32.529353 -32.712415 -37.119070 -39.108754 -41.419020 -46.809631 
-29.575909 -31.394348 -33.885179 -38.886517 -41.338981 -36.560180 -34.366304 -34.713421 -37.231830 -44.004559 -45.178855 -41.725514 -42.804975 -45.361376 -43.725161 -42.904744 -43.814911 -42.355490 -41.315865 -44.554326 -54.544772 -67.238697 -58.104407 -54.540338 -57.091483 -61.109349 -59.118309 -55.711269 -58.847493 -59.631770 -63.280580 -61.434618 -66.935523 -61.736863 -61.525093 -58.578579 -57.832765 -58.412263 -61.786542 -62.044119 
-66.352874 -62.678109 -64.939740 -70.616401 -67.924129 -69.617437 -69.964779 -68.555107 -64.747341 -66.626552 -69.202043 -69.378123 -86.044745 -80.184354 -76.806321 -73.325556 -77.279699 -79.807999 -78.097916 -78.211554 -77.505773 -81.640794 -79.712656 -76.158992 -82.210699 -81.871763 -83.882926 -83.476292 -79.940499 -81.698689 -81.902897 -84.185853 -80.541430 -84.791375 -83.862054 -87.552904 -84.844094 -83.706184 -85.795964 -91.350875 
-68.919711 -70.366567 -73.472488 -71.021602 -69.580852 -71.302080 -72.686688 -72.384907 -71.456100 -72.479008 -77.789384 -74.835914 -77.081391 -82.612662 -80.919320 -82.148518 -84.111699 -81.893458 -80.618361 -78.543441 -79.610418 -78.172600 -80.047537 -80.510483 -82.514565 -84.302779 -84.779648 -85.384748 -86.635602 -86.168636 -85.614562 -84.885318 -83.844638 -86.232634 -88.096297 -88.224005 -87.336475 -89.000275 -90.046229 -94.342384 
-74.589226 -78.974342 -83.024149 -77.201524 -74.014034 -75.049478 -81.307523 -81.459302 -75.567425 -77.191883 -86.890934 -79.242164 -78.862984 -84.443038 -81.434818 -81.459990 -83.607779 -81.801794 -82.807219 -81.976954 -83.319495 -81.859192 -84.593943 -84.119940 -85.333102 -86.762408 -87.544935 -88.646617 -90.094426 -91.932779 -93.321973 -92.805330 -92.578524 -94.533732 -96.679385 -95.143066 -93.179768 -93.196157 -93.104879 -94.450398 
NaN NaN NaN NaN NaN NaN NaN NaN NaN NaN NaN NaN NaN NaN NaN NaN NaN NaN NaN NaN NaN NaN NaN NaN NaN NaN NaN NaN NaN NaN NaN NaN NaN NaN NaN NaN NaN NaN NaN NaN 
NaN NaN NaN NaN NaN NaN NaN NaN NaN NaN NaN NaN NaN NaN NaN NaN NaN NaN NaN NaN NaN NaN NaN NaN NaN NaN NaN NaN NaN NaN NaN NaN NaN NaN NaN NaN NaN NaN NaN NaN 
NaN NaN NaN NaN NaN NaN NaN NaN NaN NaN NaN NaN NaN NaN NaN NaN NaN NaN NaN NaN NaN NaN NaN NaN NaN NaN NaN NaN NaN NaN NaN NaN NaN NaN NaN NaN NaN NaN NaN NaN 
