NaN NaN NaN NaN NaN NaN NaN NaN NaN NaN NaN NaN NaN NaN NaN NaN NaN NaN NaN NaN NaN NaN NaN NaN NaN NaN NaN NaN NaN NaN NaN NaN NaN NaN NaN NaN NaN NaN NaN NaN 
NaN NaN NaN NaN NaN NaN NaN NaN NaN NaN NaN NaN NaN NaN NaN NaN NaN NaN NaN NaN NaN NaN NaN NaN NaN NaN NaN NaN NaN NaN NaN NaN NaN NaN NaN NaN NaN NaN NaN NaN 
NaN NaN NaN NaN NaN NaN NaN NaN NaN NaN NaN NaN NaN NaN NaN NaN NaN NaN NaN NaN NaN NaN NaN NaN NaN NaN NaN NaN NaN NaN NaN NaN NaN NaN NaN NaN NaN NaN NaN NaN 
NaN NaN NaN NaN NaN NaN NaN NaN NaN NaN NaN NaN NaN NaN NaN NaN NaN NaN NaN NaN NaN NaN NaN NaN NaN NaN NaN NaN NaN NaN NaN NaN NaN NaN NaN NaN NaN NaN NaN NaN 
NaN NaN NaN NaN NaN NaN NaN NaN NaN NaN NaN NaN NaN NaN NaN NaN NaN NaN NaN NaN NaN NaN NaN NaN NaN NaN NaN NaN NaN NaN NaN NaN NaN NaN NaN NaN NaN NaN NaN NaN 
NaN NaN NaN NaN NaN NaN NaN NaN NaN NaN NaN NaN NaN NaN NaN NaN NaN NaN NaN NaN NaN NaN NaN NaN NaN NaN NaN NaN NaN NaN NaN NaN NaN NaN NaN NaN NaN NaN NaN NaN 
NaN NaN NaN NaN NaN NaN NaN NaN NaN NaN NaN NaN NaN NaN NaN NaN NaN NaN NaN NaN NaN NaN NaN NaN NaN NaN NaN NaN NaN NaN NaN NaN NaN NaN NaN NaN NaN NaN NaN NaN 
NaN NaN NaN NaN NaN NaN NaN NaN NaN NaN NaN NaN NaN NaN NaN NaN NaN NaN NaN NaN NaN NaN NaN NaN NaN NaN NaN NaN NaN NaN NaN NaN NaN NaN NaN NaN NaN NaN NaN NaN 
NaN NaN NaN NaN NaN NaN NaN NaN NaN NaN NaN NaN NaN NaN NaN NaN NaN NaN NaN NaN NaN NaN NaN NaN NaN NaN NaN NaN NaN NaN NaN NaN NaN NaN NaN NaN NaN NaN NaN NaN 
NaN NaN NaN NaN NaN NaN NaN NaN NaN NaN NaN NaN NaN NaN NaN NaN NaN NaN NaN NaN NaN NaN NaN NaN NaN NaN NaN NaN NaN NaN NaN NaN NaN NaN NaN NaN NaN NaN NaN NaN 
NaN NaN NaN NaN NaN NaN NaN NaN NaN NaN NaN NaN NaN NaN NaN NaN NaN NaN NaN NaN NaN NaN NaN NaN NaN NaN NaN NaN NaN NaN NaN NaN NaN NaN NaN NaN NaN NaN NaN NaN 
NaN NaN NaN NaN NaN NaN NaN NaN NaN NaN NaN NaN NaN NaN NaN NaN NaN NaN NaN NaN NaN NaN NaN NaN NaN NaN NaN NaN NaN NaN NaN NaN NaN NaN NaN NaN NaN NaN NaN NaN 
NaN NaN NaN NaN NaN NaN NaN NaN NaN NaN NaN NaN NaN NaN NaN NaN NaN NaN NaN NaN NaN NaN NaN NaN NaN NaN NaN NaN NaN NaN NaN NaN NaN NaN NaN NaN NaN NaN NaN NaN 
NaN NaN NaN NaN NaN NaN NaN NaN NaN NaN NaN NaN NaN NaN NaN NaN NaN NaN NaN NaN NaN NaN NaN NaN NaN NaN NaN NaN NaN NaN NaN NaN NaN NaN NaN NaN NaN NaN NaN NaN 
NaN NaN NaN NaN NaN NaN NaN NaN NaN NaN NaN NaN NaN NaN NaN NaN NaN NaN NaN NaN NaN NaN NaN NaN NaN NaN NaN NaN NaN NaN NaN NaN NaN NaN NaN NaN NaN NaN NaN NaN 
NaN NaN NaN NaN NaN NaN NaN NaN NaN NaN NaN NaN NaN NaN NaN NaN NaN NaN NaN NaN NaN NaN NaN NaN NaN NaN NaN NaN NaN NaN NaN NaN NaN NaN NaN NaN NaN NaN NaN NaN 
NaN NaN NaN NaN NaN NaN NaN NaN NaN NaN NaN NaN NaN NaN NaN NaN NaN NaN NaN NaN NaN NaN NaN NaN NaN NaN NaN NaN NaN NaN NaN NaN NaN NaN NaN NaN NaN NaN NaN NaN 
NaN NaN NaN NaN NaN NaN NaN NaN NaN NaN NaN NaN NaN NaN NaN NaN NaN NaN NaN NaN NaN NaN NaN NaN NaN NaN NaN NaN NaN NaN NaN NaN NaN NaN NaN NaN NaN NaN NaN NaN 
NaN NaN NaN NaN NaN NaN NaN NaN NaN NaN NaN NaN NaN NaN NaN NaN NaN NaN NaN NaN NaN NaN NaN NaN NaN NaN NaN NaN NaN NaN NaN NaN NaN NaN NaN NaN NaN NaN NaN NaN 
NaN NaN NaN NaN NaN NaN NaN NaN NaN NaN NaN NaN NaN NaN NaN NaN NaN NaN NaN NaN NaN NaN NaN NaN NaN NaN NaN NaN NaN NaN NaN NaN NaN NaN NaN NaN NaN NaN NaN NaN 
NaN NaN NaN NaN NaN NaN NaN NaN NaN NaN NaN NaN NaN NaN NaN NaN NaN NaN NaN NaN NaN NaN NaN NaN NaN NaN NaN NaN NaN NaN NaN NaN NaN NaN NaN NaN NaN NaN NaN NaN 
NaN NaN NaN NaN NaN NaN NaN NaN NaN NaN NaN NaN NaN NaN NaN NaN NaN NaN NaN NaN NaN NaN NaN NaN NaN NaN NaN NaN NaN NaN NaN NaN NaN NaN NaN NaN NaN NaN NaN NaN 
NaN NaN NaN NaN NaN NaN NaN NaN NaN NaN NaN NaN NaN NaN NaN NaN NaN NaN NaN NaN NaN NaN NaN NaN NaN NaN NaN NaN NaN NaN NaN NaN NaN NaN NaN NaN NaN NaN NaN NaN 
NaN NaN NaN NaN NaN NaN NaN NaN NaN NaN NaN NaN NaN NaN NaN NaN NaN NaN NaN NaN NaN NaN NaN NaN NaN NaN NaN NaN NaN NaN NaN NaN NaN NaN NaN NaN NaN NaN NaN NaN 
NaN NaN NaN NaN NaN NaN NaN NaN NaN NaN NaN NaN NaN NaN NaN NaN NaN NaN NaN NaN NaN NaN NaN NaN NaN NaN NaN NaN NaN NaN NaN NaN NaN NaN NaN NaN NaN NaN NaN NaN 
NaN NaN NaN NaN NaN NaN NaN NaN NaN NaN NaN NaN NaN NaN NaN NaN NaN NaN NaN NaN NaN NaN NaN NaN NaN NaN NaN NaN NaN NaN NaN NaN NaN NaN NaN NaN NaN NaN NaN NaN 
NaN NaN NaN NaN NaN NaN NaN NaN NaN NaN NaN NaN NaN NaN NaN NaN NaN NaN NaN NaN NaN NaN NaN NaN NaN NaN NaN NaN NaN NaN NaN NaN NaN NaN NaN NaN NaN NaN NaN NaN 
NaN NaN NaN NaN NaN NaN NaN NaN NaN NaN NaN NaN NaN NaN NaN NaN NaN NaN NaN NaN NaN NaN NaN NaN NaN NaN NaN NaN NaN NaN NaN NaN NaN NaN NaN NaN NaN NaN NaN NaN 
NaN NaN NaN NaN NaN NaN NaN NaN NaN NaN NaN NaN NaN NaN NaN NaN NaN NaN NaN NaN NaN NaN NaN NaN NaN NaN NaN NaN NaN NaN NaN NaN NaN NaN NaN NaN NaN NaN NaN NaN 
NaN NaN NaN NaN NaN NaN NaN NaN NaN NaN NaN NaN NaN NaN NaN NaN NaN NaN NaN NaN NaN NaN NaN NaN NaN NaN NaN NaN NaN NaN NaN NaN NaN NaN NaN NaN NaN NaN NaN NaN 
-97.634987 -97.637593 -97.641937 -97.649287 -97.659283 -97.673377 -97.690711 -97.713117 -97.743182 -97.779407 -97.823971 -97.879847 -97.946069 -98.027044 -98.124679 -98.239303 -98.377500 -98.539203 -98.729557 -98.951083 -99.210496 -99.515142 -99.865640 -100.277345 -100.759742 -101.321401 -101.975599 -102.730992 -103.605493 -104.604866 -105.722706 -106.906655 -108.043208 -108.930275 -109.333474 -109.219771 -108.820005 -108.426628 -108.344284 -108.749005 
-36.906349 -41.801183 -45.640642 -49.056305 -51.055292 -55.187075 -57.282077 -57.631793 -60.141822 -63.363895 -65.369504 -68.624449 -69.781362 -68.425806 -70.050152 -74.812797 -77.995105 -82.455593 -83.757205 -82.417882 -81.929751 -84.637227 -78.499194 -81.544546 -86.426557 -82.000152 -85.852893 -80.766331 -79.015944 -77.802273 -84.962509 -88.667118 -83.590919 -84.722829 -82.381783 -82.166334 -86.350025 -85.208966 -85.452068 -86.973859 
-28.943457 -39.073554 -41.838540 -47.510323 -45.854704 -43.067540 -41.707669 -42.417017 -45.274766 -53.538266 -60.367088 -48.376225 -44.105092 -43.864350 -47.517800 -47.404871 -44.492047 -48.206848 -56.203793 -52.328541 -59.027496 -59.135097 -56.410037 -53.119209 -49.509619 -49.362773 -50.861782 -50.113761 -56.480351 -59.338222 -61.878814 -64.961753 -70.343423 -67.171182 -68.385104 -69.184361 -67.023441 -67.880150 -69.224286 -69.574735 
-15.350834 -21.733123 -28.463223 -28.318850 -21.625804 -18.172170 -24.639269 -24.639615 -30.110058 -21.372246 -17.888696 -20.403263 -18.679696 -12.257286 -10.337274 -14.798729 -21.160555 -29.686541 -30.380289 -29.224728 -36.853859 -25.538315 -16.626891 -20.025089 -18.679441 -23.284227 -23.718990 -21.994057 -30.300479 -33.395349 -32.430636 -33.509110 -33.338530 -39.958215 -43.059100 -44.412281 -43.551381 -44.762765 -47.172328 -51.839134 
-15.589721 -15.455582 -18.504332 -22.083690 -27.988065 -12.385089 -15.502484 -18.522635 -15.676356 -6.085946 -7.933759 -16.864555 -9.043991 -2.353802 -2.366122 -8.819150 -16.993193 -18.456051 -15.564931 -15.567764 -26.279424 -18.991930 -11.307884 -11.990748 -13.270162 -17.274558 -12.349195 -12.213201 -17.295645 -22.340657 -23.775946 -25.257241 -24.296493 -30.562605 -35.821145 -34.970594 -34.451184 -33.456176 -34.036458 -39.671961 
-15.901163 -13.360937 -16.167403 -21.176675 -15.544299 -10.126614 -12.115834 -16.408006 -16.287785 -7.030903 -1.530658 -6.869445 -5.810913 -6.863177 -6.302681 -11.045435 -8.394784 -11.688500 -17.304300 -18.431378 -20.868067 -15.982624 -13.725306 -8.547208 -7.903830 -8.711073 -11.365996 -8.783548 -10.589532 -17.165088 -18.385687 -20.307836 -23.001003 -28.378124 -31.517187 -34.380090 -30.390831 -31.222311 -30.249317 -32.577201 
-20.036984 -18.692832 -21.130649 -24.762561 -20.333418 -18.403624 -23.042704 -19.982246 -18.597003 -15.357883 -11.184557 -11.062203 -9.927384 -8.245572 -7.908851 -5.109867 -10.181106 -10.914610 -9.212304 -14.611637 -17.720270 -13.749199 -9.053791 -8.108827 -7.468803 -15.404087 -12.249577 -7.367435 -10.788629 -15.198007 -17.145814 -16.608246 -19.821701 -28.781423 -29.663357 -30.614330 -28.965025 -27.251605 -27.088402 -30.260602 
-17.195612 -19.762100 -15.382948 -16.322790 -21.946948 -26.676633 -23.168979 -21.360054 -17.327519 -7.858139 -5.801653 -8.925615 -6.456662 -5.951068 -7.011961 -3.452696 -8.010072 -10.530535 -14.756358 -13.186479 -10.655836 -4.331175 -2.197818 -6.667753 -8.113006 -12.641705 -8.619766 -6.435276 -6.948002 -11.107573 -14.888171 -18.182430 -15.762240 -21.286453 -24.469072 -25.353069 -21.991282 -25.470623 -24.152703 -27.248273 
-17.082027 -16.677992 -21.928160 -21.735239 -15.495440 -11.765162 -15.566414 -17.309653 -11.440823 -9.438930 -3.276970 -0.776792 -5.963580 -8.272056 -2.715038 1.140404 -4.685479 -8.196447 -14.340133 -12.636257 -9.612723 -4.708516 -4.529446 -0.753355 -5.154573 -8.752916 -8.080049 -7.334423 -6.790399 -7.488701 -13.054434 -19.247507 -15.580974 -19.136736 -22.547317 -23.463790 -22.396670 -24.853229 -25.981792 -28.617892 
-10.290358 -13.722684 -17.289207 -18.174562 -19.313336 -15.174284 -13.530399 -15.002641 -11.958732 -9.047825 -4.944568 -5.043781 -6.979347 -0.851258 2.813661 -0.958552 -2.847421 -4.694883 -3.608976 -5.977556 -8.407955 -5.291202 -6.989031 -4.742363 -7.604663 -10.371297 -10.277688 -9.939287 -5.512588 -6.117826 -13.936059 -16.773294 -17.023687 -21.671370 -24.434159 -24.339744 -22.599709 -24.543760 -25.862376 -27.423572 
-13.644184 -24.086828 -22.761195 -18.887294 -15.472092 -21.785437 -27.171871 -18.798196 -14.235280 -9.902485 -7.843574 -5.883882 -2.603080 -0.398102 3.126003 0.645082 -7.956087 -8.968454 -6.690221 -6.215027 -7.725998 -5.092233 -4.364477 -6.971041 -7.493127 -6.952269 -7.995819 -7.991138 -10.141196 -12.924354 -13.600007 -12.750255 -15.832209 -23.223413 -24.576702 -23.734795 -24.007799 -20.497554 -26.620758 -29.394212 
-11.776044 -14.231161 -23.202699 -20.446100 -16.782831 -25.069910 -29.376149 -25.307593 -15.636587 -10.469144 -9.030574 -4.808753 -8.446268 -8.659572 -2.581995 -1.978903 -2.083434 -4.356897 -3.162020 -8.080326 -9.445706 -3.621210 -4.717801 -7.351750 -9.713392 -10.365551 -11.148063 -8.688577 -5.807943 -11.664246 -14.825491 -16.137716 -16.358557 -23.821476 -26.752238 -29.484664 -27.851668 -26.179321 -27.128258 -29.605567 
-8.794406 -14.582062 -19.471654 -17.846127 -8.637641 -6.969517 -16.202981 -28.556330 -30.041639 -15.060888 -10.676344 -6.033107 -6.731626 0.754310 6.030977 2.251344 -1.484691 -4.736000 -2.904038 -7.538850 -8.859842 -4.196279 -4.668021 -6.341123 -4.174478 -8.375628 -3.525242 -4.920035 -3.649561 -10.457337 -14.164937 -18.164229 -17.345255 -23.174392 -22.321787 -25.792813 -23.111852 -24.213779 -25.543377 -25.286019 
-13.554634 -13.845710 -18.328861 -17.433028 2.873348 7.960731 -1.006297 -16.829642 -17.862477 -7.697320 -8.997977 -12.999296 -12.513433 -2.758669 2.847848 0.451628 -1.404293 -3.710461 -7.064021 -9.759451 -10.903092 -6.051995 -7.200633 -3.060075 -8.113023 -11.156848 -7.136176 -4.699530 -5.877562 -13.805450 -13.837165 -16.915975 -18.304690 -21.634213 -24.457751 -26.429007 -25.353853 -25.445270 -27.476958 -26.102381 
-18.457726 -16.836533 -20.046973 -14.089602 7.058803 17.109665 9.352001 -13.746690 -15.370240 6.072788 8.348813 -6.150380 -3.996791 8.933546 6.118184 5.615734 6.105457 -7.420682 -1.146491 -6.714982 -6.862038 -5.018396 -7.360290 -6.002908 -7.082347 -8.684817 -9.175379 -8.022812 -7.778519 -13.248197 -17.302104 -15.844907 -15.864283 -19.047456 -24.952202 -25.842390 -24.956584 -24.720888 -30.748632 -27.470083 
-16.830319 -18.979680 -22.955209 -24.709509 6.024523 19.208092 11.584505 -16.434563 -15.755604 12.934452 14.861195 -3.854681 2.503428 17.497142 7.192125 -0.409026 9.625661 -4.808740 -2.095061 -3.173834 -1.838887 -0.193405 -0.445435 -5.287122 -6.129960 -8.966108 -6.170174 -3.663447 -4.637521 -8.902778 -15.274049 -15.243216 -15.760563 -19.599418 -21.055441 -20.311425 -20.788139 -26.089957 -28.702956 -23.426657 
-15.919625 -24.078512 -18.875264 -14.546295 9.610154 19.395681 9.304461 -14.649489 -5.509153 15.671385 12.921122 -3.805762 11.151204 18.720881 5.466176 11.645052 14.076145 -1.875460 6.517205 -2.116704 4.494833 -3.014737 0.680849 -6.993173 -7.492956 -13.073029 -9.453523 -6.325879 -1.377727 -5.964280 -10.920777 -12.435111 -15.066500 -20.892090 -20.614170 -20.564427 -24.837390 -29.364329 -30.690491 -27.175839 
-15.497238 -18.830904 -17.136067 -8.110863 13.954511 18.858905 4.877529 -13.561765 4.446094 15.319366 3.397173 -2.042134 17.493580 14.364756 6.236898 20.613281 11.315636 7.776272 7.564332 5.458360 7.019596 2.237881 -1.412114 -3.123221 -6.228006 -9.587997 -6.618639 -5.650392 -1.605080 -4.740793 -9.426518 -8.966169 -10.834710 -15.361419 -21.199114 -21.541798 -24.010554 -31.210080 -32.114467 -29.088532 
-19.816104 -20.411249 -18.568443 -0.669785 16.520900 15.959353 -2.024945 -11.936662 10.282090 10.732841 -4.663849 11.583132 18.234847 5.957930 19.346606 21.506436 5.702422 10.077126 3.376263 9.379236 3.734883 3.935542 -2.141659 -4.718747 -7.147633 -10.060436 -9.716616 -6.423645 -2.693639 -4.566457 -9.126399 -8.524429 -10.447121 -15.890962 -19.786386 -21.432740 -27.871596 -34.793953 -31.404881 -27.922808 
-14.727743 -14.868451 -20.083060 5.152901 17.404496 10.539565 -8.441349 0.130954 12.896907 3.293598 2.562097 18.011670 14.645497 14.065396 23.297493 13.368227 10.117697 4.715771 9.204459 4.671959 6.030618 -1.377603 -4.443413 -7.899488 -11.238733 -12.368029 -12.136815 -7.998003 -2.611101 -4.538354 -8.339972 -9.029574 -12.337827 -16.322886 -18.135554 -20.700924 -29.001445 -33.471791 -32.768693 -29.046493 
-17.624321 -17.087975 -17.625386 10.908243 17.901502 4.896285 -13.632504 9.488766 12.302193 -5.814084 12.746286 17.602016 3.849271 20.739184 17.610649 10.803351 10.057172 7.886932 7.518892 7.097962 0.640800 -5.194505 -8.951394 -10.941890 -12.434374 -14.415495 -14.794917 -10.218845 -3.642209 -3.877104 -8.664372 -8.326527 -13.796266 -17.907779 -19.177351 -19.215760 -23.462275 -30.702396 -32.213088 -30.658298 
-14.719217 -31.090158 -9.558394 15.255627 18.148883 1.905991 -1.214628 14.085692 7.961722 0.305631 17.970991 12.066017 13.453525 19.123184 9.645169 14.971523 6.060574 8.176086 7.232833 5.133907 -5.050351 -10.556197 -12.144604 -14.046181 -16.512846 -16.685968 -14.921691 -10.844332 -3.172926 -4.648589 -12.307678 -15.724529 -18.486985 -22.727669 -23.196841 -18.855312 -23.373080 -29.940928 -32.280548 -29.352898 
-14.053714 -15.354262 -1.263606 17.238530 16.246055 -2.978761 7.039290 15.564698 -0.320047 11.190291 17.644016 5.619834 18.149077 11.882714 14.549784 9.783579 10.084320 6.365392 9.445828 -1.216794 -8.913202 -13.498871 -17.592867 -20.702536 -23.692443 -24.212768 -20.616904 -16.528679 -8.218178 -9.474515 -14.331678 -16.004097 -20.270769 -24.699608 -22.844147 -20.417915 -25.033700 -34.977128 -39.373529 -36.674305 
-28.073140 -19.931372 3.894788 17.176864 11.880187 -7.032218 11.983904 14.539594 -2.189361 15.746181 14.100315 11.497219 16.940434 8.789461 15.791926 9.178721 11.444587 8.879452 4.615528 -3.858610 -12.170166 -16.927878 -21.088226 -22.997097 -23.758068 -26.593275 -22.329018 -19.195889 -14.132235 -11.333284 -15.312151 -12.562338 -19.969913 -27.548180 -26.554338 -22.656572 -23.346988 -30.260425 -37.105584 -37.130920 
-26.973685 -18.937451 6.751987 17.182075 9.268363 -1.549952 15.073952 12.584514 1.977054 15.331288 5.754248 16.129974 15.169555 12.938388 13.053379 12.176181 7.996459 8.210554 -3.822241 -10.073512 -16.262212 -21.808920 -26.291247 -26.543868 -25.348815 -27.879547 -26.530373 -23.586855 -15.236279 -14.393121 -16.799059 -16.343311 -25.694249 -32.881819 -31.438610 -24.636282 -23.347787 -31.963773 -40.636454 -39.068314 
-20.789151 -13.610289 8.955088 16.760049 6.355047 2.482162 15.930889 8.263208 7.362740 13.241491 2.538226 16.277204 6.679829 13.782979 8.571768 13.674232 8.061361 4.390530 -6.253524 -13.522227 -20.983818 -24.431307 -29.124993 -29.870442 -30.672686 -33.746811 -34.142226 -30.857111 -17.991727 -14.344507 -16.202076 -19.014255 -29.643610 -34.691482 -30.468364 -25.593740 -24.785780 -33.338333 -39.451890 -36.977372 
-27.973249 -11.180240 10.135235 15.382890 2.020296 7.046625 15.805016 4.597943 11.898709 11.043199 8.999850 14.537219 6.010442 10.958445 10.677819 10.310975 5.282967 -3.261581 -11.434858 -18.120203 -24.257893 -26.482432 -27.385634 -28.223874 -29.020883 -29.791002 -30.498798 -30.950079 -20.377906 -17.413967 -20.541342 -22.278871 -30.672523 -34.131457 -33.959461 -25.931085 -26.148955 -33.765978 -36.094033 -36.305961 
-21.055811 -11.336816 10.584690 14.114575 -0.912227 9.463056 14.485988 0.499481 13.716259 8.808063 11.884225 11.877808 9.370518 9.656982 11.946517 4.202204 2.007095 -10.280727 -17.207656 -23.160461 -27.958700 -30.099101 -32.789490 -33.768366 -34.500300 -37.351955 -35.941600 -29.231831 -19.581692 -19.340369 -23.745367 -28.101320 -38.649134 -42.742928 -38.626551 -28.127109 -30.224163 -38.337807 -45.072127 -46.484844 
-23.604397 -7.134706 10.749575 13.084148 -2.369870 10.678819 13.276549 1.168665 14.379852 4.309182 12.351931 8.304903 10.125186 8.050633 12.584054 0.233507 -4.621281 -14.565156 -19.855070 -24.298553 -27.128618 -28.837627 -30.313939 -31.282404 -32.269665 -33.860876 -34.562263 -31.579059 -21.859419 -21.065731 -22.058412 -30.136268 -35.485623 -37.274202 -35.132662 -26.516042 -28.689601 -38.264821 -39.784256 -40.297722 
-25.516032 -7.743436 10.446259 12.116792 -4.311784 10.459028 12.016635 0.925898 14.546123 2.960967 11.973443 4.763887 9.416722 5.628398 11.717718 -3.238487 -10.897464 -20.100907 -26.313624 -31.360117 -36.874704 -39.495854 -37.572303 -39.455760 -41.987187 -41.626768 -37.502149 -33.330402 -24.009048 -23.407268 -21.385410 -33.844895 -43.183800 -42.620183 -37.918654 -29.701962 -32.376715 -42.359967 -48.824702 -48.819212 
-31.197456 -7.951653 9.863930 10.998880 -5.144744 10.485161 11.343225 1.700916 14.665063 2.564821 9.588713 2.458823 8.466525 4.873326 9.972464 -8.664601 -15.349766 -22.488780 -25.884818 -27.627639 -28.893686 -29.856856 -30.690618 -31.563761 -32.266088 -32.726914 -32.899278 -31.448755 -23.935419 -22.288948 -21.908343 -32.294882 -36.522068 -36.939918 -36.156218 -31.392881 -33.687100 -37.237516 -38.810869 -39.082195 
-21.529381 -8.099553 8.559591 10.055630 -4.542321 9.732741 10.204626 3.482438 14.685420 2.461119 6.327150 -0.188745 7.121467 2.611909 5.023949 -14.359216 -22.307996 -26.966432 -34.307325 -35.332512 -38.246662 -39.532102 -41.671420 -41.967848 -43.114362 -42.603834 -43.815634 -38.039948 -28.764187 -28.911300 -28.370336 -41.195330 -46.824493 -46.014910 -41.852748 -32.424587 -34.960416 -44.486442 -51.749408 -49.731694 
-18.000395 -10.478447 6.608153 9.484845 -5.924810 6.238800 8.404169 -0.218885 11.940907 -0.020498 -2.369130 -3.266386 3.555038 -1.181506 -4.191626 -19.826445 -25.506053 -28.885753 -29.899952 -31.741629 -33.039948 -33.722971 -34.372243 -35.806719 -36.695428 -37.158824 -37.496687 -36.220784 -32.326542 -34.592061 -33.342181 -40.080094 -41.648306 -41.582129 -37.538223 -34.410882 -36.031507 -42.354425 -43.690118 -43.902852 
-19.800491 -14.062001 3.108884 7.103241 -2.645383 3.768051 7.723265 0.598598 7.048651 -1.502619 -9.269861 -9.078108 -0.839711 -2.964042 -13.108503 -21.896173 -35.127084 -35.475983 -40.339255 -42.530981 -45.837929 -46.162919 -47.682015 -47.517509 -51.693596 -53.680614 -49.161070 -42.858050 -35.054877 -39.213374 -38.728882 -47.920316 -51.675024 -52.515834 -45.734462 -37.692165 -42.373876 -48.707675 -55.175549 -57.019036 
-13.296348 -10.189082 -4.654375 -3.578831 -7.708367 -9.165562 -4.996184 -10.589464 -8.111475 -14.828978 -23.749420 -19.659607 -15.798823 -13.495290 -19.083644 -28.113786 -38.167457 -41.323889 -46.614053 -49.527714 -49.449902 -48.509002 -47.682255 -49.113908 -54.921807 -55.621679 -54.141548 -49.172204 -44.937694 -45.921996 -47.422421 -51.586914 -53.843732 -55.824758 -57.000472 -53.308708 -53.345225 -56.418233 -56.310173 -59.757913 
-32.271014 -26.436892 -17.080313 -12.302316 -13.166545 -17.381552 -21.390220 -27.705085 -25.205716 -26.735292 -32.836573 -38.152185 -30.083263 -32.940005 -36.467793 -40.779007 -47.805923 -53.203000 -55.674800 -57.718405 -59.247042 -60.854830 -60.251690 -62.654247 -61.781899 -63.371531 -62.634629 -63.118474 -60.265561 -62.237936 -59.405106 -62.210624 -63.684986 -61.900203 -64.509420 -65.462792 -62.790486 -65.108029 -64.392398 -65.509977 
-28.239682 -35.259227 -33.354408 -31.062950 -28.036467 -27.809546 -27.027087 -29.491589 -33.128044 -34.230728 -45.764211 -50.828307 -46.198275 -47.063010 -52.072717 -57.115383 -59.530596 -62.678016 -62.704759 -63.792605 -63.140866 -64.443911 -66.821242 -67.493545 -68.349918 -67.709383 -68.567773 -65.488112 -68.155914 -69.634430 -68.668415 -70.025091 -69.249513 -67.529313 -68.426039 -69.282264 -68.236719 -70.143415 -69.682945 -69.726385 
-30.635080 -46.366246 -51.603781 -43.190206 -38.942701 -32.457921 -33.459667 -41.748897 -48.087667 -51.621389 -53.656934 -51.123281 -52.835877 -56.580757 -63.446034 -64.510408 -68.033601 -71.521611 -71.509542 -72.745168 -67.014875 -70.384908 -73.793789 -70.237650 -72.675160 -70.636338 -71.075266 -68.404984 -70.844074 -72.084568 -70.993884 -73.864086 -73.038361 -71.151784 -73.414142 -73.912002 -72.557658 -72.237144 -75.989509 -74.490776 
-32.471078 -38.687832 -45.300306 -47.202299 -46.074975 -37.702326 -39.828276 -55.104153 -52.694899 -53.733821 -62.513168 -61.181563 -58.288611 -59.887756 -64.528654 -64.369877 -66.906015 -68.254618 -72.705564 -72.133589 -70.628060 -70.855043 -75.113336 -72.296268 -71.657222 -72.203299 -74.575370 -72.204543 -73.249750 -75.372952 -75.904415 -76.418846 -76.592484 -72.318152 -73.403815 -77.494905 -74.428218 -77.359259 -78.683035 -80.465580 
-44.750529 -44.120861 -48.804157 -51.918898 -54.848227 -45.710822 -47.310002 -61.144998 -58.421624 -64.009055 -64.174660 -68.089280 -69.994984 -68.973919 -69.393010 -67.667307 -72.312442 -71.039796 -76.043091 -72.987663 -81.172017 -76.451217 -71.965174 -76.203940 -75.387711 -72.845179 -74.319222 -73.903654 -77.613774 -75.576611 -74.943343 -76.891358 -75.746696 -74.518936 -77.263450 -78.556243 -76.712636 -75.737298 -78.376332 -80.501638 
-50.108064 -53.615126 -60.108782 -58.099947 -60.706725 -56.210075 -55.246305 -64.486237 -63.581682 -68.607578 -70.942644 -69.594481 -76.431682 -73.715190 -76.326697 -70.748825 -78.551805 -77.292657 -74.942791 -72.693235 -76.029012 -75.662132 -78.547543 -81.613992 -76.955866 -76.858687 -77.270436 -77.837389 -79.480484 -78.004129 -76.964905 -78.519287 -79.880269 -81.027788 -78.823614 -78.272511 -81.592785 -80.618485 -79.092639 -82.056708 
-68.220446 -76.326143 -69.305863 -69.522394 -67.635577 -63.851780 -72.210358 -71.656355 -74.460000 -70.944901 -72.252324 -73.355770 -76.926271 -78.694511 -81.321570 -75.935552 -77.379499 -77.731592 -76.160427 -75.619315 -77.049751 -75.967132 -75.522394 -78.182710 -77.778253 -78.509658 -83.992808 -79.980666 -77.942135 -79.332728 -82.318965 -84.788248 -82.699907 -78.913626 -80.091990 -80.168172 -81.053492 -79.113558 -81.629424 -81.189575 
-48.556082 -53.433239 -62.845275 -65.820271 -66.722307 -66.528604 -74.365130 -77.810532 -75.818048 -71.944371 -71.871309 -70.311559 -72.764058 -73.755942 -75.548005 -73.835220 -79.299908 -81.591774 -83.489548 -85.783182 -77.408350 -80.944757 -78.308699 -77.572075 -79.575265 -79.028187 -80.933322 -83.492566 -78.867417 -79.165817 -82.313532 -85.866630 -79.635139 -81.089122 -80.398248 -81.864808 -83.877498 -82.703407 -82.186361 -83.131564 
-34.423479 -45.335321 -43.195461 -43.953974 -44.785165 -44.627343 -46.497091 -47.580609 -48.370860 -50.504276 -52.900378 -55.615090 -61.542484 -64.873335 -64.936949 -65.675260 -65.294341 -64.712668 -66.238242 -67.132835 -67.990273 -68.444598 -68.437074 -70.076051 -70.617688 -69.581817 -67.801529 -67.007849 -67.695830 -70.103870 -71.600392 -73.901229 -71.761087 -72.353455 -74.913542 -76.967922 -73.888160 -77.139537 -76.686026 -78.544852 
-16.835714 -19.979065 -24.342628 -24.852592 -17.810858 -15.998920 -19.879163 -26.932688 -28.230631 -23.387730 -25.577997 -31.343273 -32.527107 -32.238735 -35.740040 -33.233098 -33.881953 -34.746076 -35.227083 -36.126142 -37.405880 -37.577687 -44.981299 -45.805541 -44.918851 -44.885916 -43.698341 -43.036132 -48.602471 -48.364744 -49.103165 -49.840054 -50.694457 -51.881825 -50.036569 -50.731031 -53.590234 -54.760874 -60.727585 -64.871665 
-15.815233 -21.112229 -27.524418 -18.389746 -13.617430 -14.805825 -24.594790 -27.614164 -24.460420 -25.906210 -28.311415 -31.000768 -34.905540 -30.163326 -31.243400 -30.707663 -32.089998 -35.835681 -34.123500 -38.216986 -34.791162 -38.272119 -44.650592 -45.076455 -46.115079 -45.116027 -42.206126 -43.378984 -49.014035 -50.462043 -50.654603 -50.464323 -49.712537 -50.702144 -51.243724 -50.954955 -51.293653 -53.754285 -56.496919 -59.431914 
-11.212315 -14.686109 -15.669441 -16.238249 -14.724851 -15.789636 -16.859758 -16.506498 -19.868967 -24.891463 -27.393699 -24.682789 -20.859507 -20.275496 -23.999081 -23.150461 -25.440773 -26.795008 -22.769747 -25.697562 -34.519839 -31.794663 -31.193924 -35.446416 -41.258232 -37.311015 -37.790322 -38.773882 -37.081390 -38.541979 -42.446831 -45.322773 -47.351552 -45.514769 -51.170964 -53.580995 -52.594297 -51.256814 -53.560488 -56.229716 
-8.938679 -12.811291 -18.475631 -17.845043 -10.632659 -14.757236 -16.820988 -12.540354 -11.692360 -15.254452 -18.132663 -21.432904 -18.496597 -16.608198 -17.552304 -16.585639 -23.452642 -25.946131 -17.954637 -21.450473 -24.087587 -24.574395 -26.089651 -29.932042 -35.038769 -32.017081 -25.874303 -24.943063 -28.640914 -32.101219 -31.506001 -31.604522 -32.754114 -32.901198 -38.112715 -41.830288 -41.209857 -43.160909 -43.189689 -44.074820 
-18.476651 -21.527503 -31.446113 -25.415254 -21.711217 -19.941697 -15.974800 -17.998275 -20.800028 -22.733676 -26.394088 -27.148964 -27.137121 -20.134931 -16.278570 -24.340119 -27.192554 -26.913812 -23.737595 -22.877039 -20.954825 -24.333882 -27.355360 -29.879186 -34.935020 -28.693592 -27.039721 -31.344044 -37.572756 -36.891236 -34.905039 -34.347089 -37.420816 -41.349784 -40.702262 -42.078783 -42.957572 -43.369602 -42.004783 -44.266361 
-26.706948 -28.745009 -28.029650 -27.692617 -29.598367 -26.598464 -26.127497 -29.352327 -25.069705 -22.236430 -23.142354 -23.592660 -24.200322 -23.528616 -18.312597 -27.941034 -28.282875 -28.156001 -27.664273 -26.134346 -25.591562 -25.162185 -28.897899 -35.772554 -38.239208 -36.413110 -28.635254 -31.574840 -38.008677 -38.339759 -42.986660 -38.631818 -43.130751 -43.217645 -42.963797 -47.858584 -47.355423 -47.720352 -47.105703 -48.669073 
-51.581907 -52.060373 -51.794536 -51.514522 -49.909953 -49.407631 -50.333417 -53.326504 -51.680708 -45.551491 -42.033935 -40.728505 -41.208450 -43.237578 -45.957443 -46.984904 -46.758521 -48.499618 -47.135269 -43.200899 -43.482987 -48.176685 -51.354736 -53.842387 -64.633966 -60.443837 -48.687761 -49.046704 -59.481639 -62.775484 -63.384496 -58.487267 -63.790745 -66.579305 -62.753803 -66.887745 -70.808892 -68.816543 -69.941594 -67.403134 
-98.369186 -98.399435 -98.449849 -98.535156 -98.651278 -98.815156 -99.017187 -99.279465 -99.633777 -100.065310 -100.604969 -101.298760 -102.151984 -103.250213 -104.677452 -106.534681 -109.106962 -112.564804 -115.565075 -113.762653 -109.874245 -106.816134 -104.661145 -103.142420 -102.150340 -101.646760 -101.627262 -102.140566 -103.298240 -105.316900 -108.607748 -113.611421 -116.832526 -114.031539 -112.331572 -113.555097 -119.554007 -123.565273 -114.364849 -111.473736 
NaN NaN NaN NaN NaN NaN NaN NaN NaN NaN NaN NaN NaN NaN NaN NaN NaN NaN NaN NaN NaN NaN NaN NaN NaN NaN NaN NaN NaN NaN NaN NaN NaN NaN NaN NaN NaN NaN NaN NaN 
NaN NaN NaN NaN NaN NaN NaN NaN NaN NaN NaN NaN NaN NaN NaN NaN NaN NaN NaN NaN NaN NaN NaN NaN NaN NaN NaN NaN NaN NaN NaN NaN NaN NaN NaN NaN NaN NaN NaN NaN 
NaN NaN NaN NaN NaN NaN NaN NaN NaN NaN NaN NaN NaN NaN NaN NaN NaN NaN NaN NaN NaN NaN NaN NaN NaN NaN NaN NaN NaN NaN NaN NaN NaN NaN NaN NaN NaN NaN NaN NaN 
NaN NaN NaN NaN NaN NaN NaN NaN NaN NaN NaN NaN NaN NaN NaN NaN NaN NaN NaN NaN NaN NaN NaN NaN NaN NaN NaN NaN NaN NaN NaN NaN NaN NaN NaN NaN NaN NaN NaN NaN 
NaN NaN NaN NaN NaN NaN NaN NaN NaN NaN NaN NaN NaN NaN NaN NaN NaN NaN NaN NaN NaN NaN NaN NaN NaN NaN NaN NaN NaN NaN NaN NaN NaN NaN NaN NaN NaN NaN NaN NaN 
NaN NaN NaN NaN NaN NaN NaN NaN NaN NaN NaN NaN NaN NaN NaN NaN NaN NaN NaN NaN NaN NaN NaN NaN NaN NaN NaN NaN NaN NaN NaN NaN NaN NaN NaN NaN NaN NaN NaN NaN 
NaN NaN NaN NaN NaN NaN NaN NaN NaN NaN NaN NaN NaN NaN NaN NaN NaN NaN NaN NaN NaN NaN NaN NaN NaN NaN NaN NaN NaN NaN NaN NaN NaN NaN NaN NaN NaN NaN NaN NaN 
NaN NaN NaN NaN NaN NaN NaN NaN NaN NaN NaN NaN NaN NaN NaN NaN NaN NaN NaN NaN NaN NaN NaN NaN NaN NaN NaN NaN NaN NaN NaN NaN NaN NaN NaN NaN NaN NaN NaN NaN 
NaN NaN NaN NaN NaN NaN NaN NaN NaN NaN NaN NaN NaN NaN NaN NaN NaN NaN NaN NaN NaN NaN NaN NaN NaN NaN NaN NaN NaN NaN NaN NaN NaN NaN NaN NaN NaN NaN NaN NaN 
NaN NaN NaN NaN NaN NaN NaN NaN NaN NaN NaN NaN NaN NaN NaN NaN NaN NaN NaN NaN NaN NaN NaN NaN NaN NaN NaN NaN NaN NaN NaN NaN NaN NaN NaN NaN NaN NaN NaN NaN 
NaN NaN NaN NaN NaN NaN NaN NaN NaN NaN NaN NaN NaN NaN NaN NaN NaN NaN NaN NaN NaN NaN NaN NaN NaN NaN NaN NaN NaN NaN NaN NaN NaN NaN NaN NaN NaN NaN NaN NaN 
NaN NaN NaN NaN NaN NaN NaN NaN NaN NaN NaN NaN NaN NaN NaN NaN NaN NaN NaN NaN NaN NaN NaN NaN NaN NaN NaN NaN NaN NaN NaN NaN NaN NaN NaN NaN NaN NaN NaN NaN 
NaN NaN NaN NaN NaN NaN NaN NaN NaN NaN NaN NaN NaN NaN NaN NaN NaN NaN NaN NaN NaN NaN NaN NaN NaN NaN NaN NaN NaN NaN NaN NaN NaN NaN NaN NaN NaN NaN NaN NaN 
NaN NaN NaN NaN NaN NaN NaN NaN NaN NaN NaN NaN NaN NaN NaN NaN NaN NaN NaN NaN NaN NaN NaN NaN NaN NaN NaN NaN NaN NaN NaN NaN NaN NaN NaN NaN NaN NaN NaN NaN 
NaN NaN NaN NaN NaN NaN NaN NaN NaN NaN NaN NaN NaN NaN NaN NaN NaN NaN NaN NaN NaN NaN NaN NaN NaN NaN NaN NaN NaN NaN NaN NaN NaN NaN NaN NaN NaN NaN NaN NaN 
NaN NaN NaN NaN NaN NaN NaN NaN NaN NaN NaN NaN NaN NaN NaN NaN NaN NaN NaN NaN NaN NaN NaN NaN NaN NaN NaN NaN NaN NaN NaN NaN NaN NaN NaN NaN NaN NaN NaN NaN 
