8.682706 10.075351 13.925658 18.636083 16.787175 5.484206 12.622763 20.251071 16.495862 13.651877 15.302583 6.870384 9.984722 6.648019 0.722470 2.949163 3.028745 -0.997620 -3.482957 -10.149845 -15.197683 -19.633427 -21.643443 -18.223833 -18.844618 -22.020012 -24.855789 -27.082734 -24.978380 -23.863817 -31.630395 -31.042723 -35.076497 -32.063697 -23.288988 -18.953270 -20.319595 -26.842439 -25.623356 -36.396078 
-12.057077 -8.648628 -1.988807 20.386835 20.608958 3.143261 10.505710 24.017256 12.871391 4.098292 17.041314 2.091647 7.750424 6.833368 7.581412 9.521288 0.342475 -2.388448 -5.066859 -12.243153 -15.499280 -20.160392 -22.573910 -20.227470 -19.375686 -19.328223 -18.346223 -22.308134 -19.585298 -22.419817 -33.862838 -30.387992 -31.507298 -32.989569 -23.444259 -16.438193 -17.813216 -25.053867 -23.738481 -36.039639 
-25.210533 -26.971603 -4.034119 19.788239 20.649412 0.298704 8.349457 24.009214 13.602250 0.829523 16.591273 2.320750 7.725150 7.644125 10.338160 11.503765 -10.486904 -8.467307 -9.346329 -15.167265 -18.162076 -21.613172 -22.519657 -22.084385 -21.317374 -20.948230 -18.061645 -22.865365 -19.445547 -20.750127 -33.316202 -31.008304 -35.596907 -33.769282 -25.239759 -17.325156 -19.767209 -26.090338 -23.316073 -37.524288 
-12.543899 -13.787146 -6.058231 19.771425 20.844067 1.827655 8.763729 24.524235 14.642096 -0.637937 15.911595 2.715893 7.741365 9.293038 8.363619 11.314850 -9.818808 -8.344346 -10.369675 -15.193721 -17.930236 -20.191339 -21.117946 -20.898117 -19.994326 -20.960956 -17.345693 -22.222273 -18.988859 -19.162310 -34.150186 -35.895386 -36.253383 -34.903439 -25.101906 -17.668445 -20.150788 -25.097661 -21.889143 -35.870152 
-13.986760 -16.790935 -4.547429 20.070657 20.518869 0.846629 11.331920 25.024987 14.002288 3.819786 16.623085 1.251568 10.261144 7.605316 6.389579 8.201702 -9.489884 -9.236613 -8.524655 -13.567728 -16.058304 -18.218718 -20.041937 -18.508274 -18.772270 -19.050075 -16.881763 -21.759218 -17.954248 -19.680333 -27.483150 -28.747619 -29.572780 -29.609400 -24.198528 -17.830103 -21.047080 -23.625904 -20.814927 -30.883427 
-17.736259 -15.853441 -0.289364 20.443064 19.529826 -2.372745 14.414380 24.441016 10.015945 8.549004 16.541799 -0.347361 13.083192 6.017334 7.300431 4.094197 -9.212505 -13.806801 -9.560973 -18.188622 -20.886992 -24.283549 -24.844727 -19.042531 -19.671737 -19.781407 -18.235996 -20.807497 -21.992336 -20.850293 -36.772084 -38.846415 -39.389518 -37.032920 -24.775604 -17.623984 -21.472567 -26.910588 -23.562405 -38.209029 
-14.024588 -14.363747 5.113007 20.754250 17.605650 -1.789997 17.426839 22.317873 4.431829 14.414769 15.707215 5.621607 14.631957 6.867440 10.721935 -0.446548 -7.518795 -12.310686 -10.354857 -12.969465 -19.596415 -20.761475 -19.462864 -15.419448 -15.066343 -18.631222 -18.842061 -20.601704 -19.706996 -17.674914 -33.812847 -35.289740 -35.027778 -33.152630 -20.423908 -14.605480 -19.865356 -28.425811 -25.584845 -36.546295 
-23.106337 -14.178471 9.629385 20.181343 12.849634 5.484254 19.531200 16.386518 7.739820 19.132031 10.251069 10.917981 9.982383 14.289370 10.811316 -0.377161 -8.076647 -9.853025 -11.294673 -13.035890 -19.078444 -19.494507 -18.999528 -15.641415 -15.897499 -17.884842 -16.841373 -20.629513 -21.012017 -16.787884 -36.450487 -33.551358 -34.298559 -34.328670 -22.523274 -17.131723 -21.188409 -28.131891 -24.684316 -37.853865 
-16.848297 -7.740751 12.802908 18.232499 6.443869 10.930138 18.018359 7.801557 16.159960 16.603828 7.195732 11.127612 10.369901 15.990959 5.378166 0.278647 -8.153816 -11.330666 -11.301413 -11.648913 -17.318409 -18.521381 -18.432856 -15.998693 -15.126163 -18.085090 -19.427579 -21.205504 -21.599891 -20.511035 -35.385915 -35.964014 -34.777037 -32.561721 -21.832411 -16.811964 -21.810002 -27.706978 -23.462595 -36.373477 
-16.844575 -2.474172 14.105578 15.178846 3.845878 16.512967 15.294078 10.870883 20.562457 11.149794 13.231284 9.351581 15.719978 10.262965 4.240857 -4.278737 -9.402845 -11.314040 -11.096387 -13.263226 -18.846896 -21.802929 -19.057134 -16.761436 -16.071144 -17.380098 -20.808885 -23.278483 -23.994243 -21.116016 -34.475042 -35.068064 -33.461871 -31.753494 -20.460615 -15.752520 -22.805128 -26.947992 -22.711759 -35.726243 
-17.936914 3.224721 13.950196 8.751629 10.999511 20.309340 12.043982 18.915431 20.079557 13.380086 12.026481 12.637230 11.714736 8.627929 0.980564 -4.360323 -11.573568 -15.269653 -14.418806 -15.468339 -20.042132 -20.532620 -20.052718 -17.402191 -15.105434 -17.444215 -23.276090 -22.698017 -23.802366 -23.826732 -40.807903 -41.413943 -36.393306 -34.062760 -23.136258 -17.341621 -22.902662 -27.804899 -25.133620 -39.954158 
-12.223906 6.517578 14.908729 10.222880 18.118148 21.114678 13.926445 19.312306 13.270190 15.039974 10.961307 11.732891 13.179845 6.877280 0.075252 -6.253122 -12.166547 -16.854967 -14.893488 -15.280993 -21.057368 -21.757806 -19.358113 -18.018637 -15.537263 -16.349952 -21.404803 -23.546545 -23.456877 -25.403834 -37.415542 -37.952489 -35.279289 -33.802641 -24.549664 -18.341650 -24.793628 -27.200998 -24.890730 -38.219208 
-7.624045 8.476304 13.038459 8.861175 20.562469 15.682652 15.264157 12.695883 17.119789 11.258937 11.406418 12.274074 11.871231 5.390024 0.103736 -6.761836 -13.380091 -17.798949 -17.295372 -19.969177 -23.138045 -25.249107 -23.105360 -19.154994 -18.995336 -18.853193 -24.350911 -27.369824 -26.319388 -26.477699 -40.406254 -42.932431 -37.162100 -36.392347 -26.087628 -22.575138 -27.489239 -30.769277 -29.075235 -44.026825 
-7.477835 9.114149 10.687566 11.469381 19.896311 11.789326 12.866924 9.593716 17.558865 9.659054 6.297876 7.496813 5.290396 3.085200 -3.309317 -7.427702 -14.396904 -18.895648 -21.232226 -20.843589 -26.729608 -27.388130 -25.554429 -23.499148 -20.956401 -25.960625 -30.422390 -31.252811 -30.267229 -29.885788 -36.901752 -38.161490 -38.378742 -36.389190 -26.135741 -21.570587 -27.522173 -34.549023 -32.384822 -40.451917 
-4.361566 10.288002 10.218003 14.152414 19.289409 13.606476 12.213403 14.357452 16.611784 10.843230 9.631550 9.097283 9.792105 3.293886 -0.832558 -5.913163 -12.558657 -15.343844 -15.709368 -17.580986 -22.421854 -23.692245 -21.723759 -17.294235 -14.879654 -15.630636 -26.439844 -27.390710 -26.372638 -30.403496 -46.235692 -42.344216 -37.261197 -36.995196 -25.424327 -21.898018 -30.182818 -32.677652 -28.904499 -44.925923 
-1.682742 11.650315 9.823847 15.873652 17.055094 12.836259 10.579047 15.627614 12.722487 9.523648 10.550057 9.629249 5.996392 -1.453316 -3.406643 -7.823550 -13.925113 -15.125149 -15.418511 -17.083830 -22.861173 -23.991798 -22.732953 -18.345813 -14.939195 -15.525581 -28.223044 -25.563885 -26.077407 -28.239268 -42.110776 -40.318303 -35.744391 -35.848880 -26.831128 -22.219010 -29.001695 -32.029181 -28.247630 -41.694257 
-1.084706 12.354147 9.023490 15.757695 14.691154 13.950849 11.167222 12.883866 9.681448 6.244557 6.768452 6.252903 -4.035898 -5.202404 -6.343338 -11.025282 -18.080828 -21.392568 -21.786997 -20.493582 -22.132048 -24.454331 -23.679687 -20.360282 -16.579061 -16.254698 -26.704232 -28.691594 -29.983394 -30.546275 -34.913528 -34.855362 -34.032021 -33.809618 -25.428109 -20.921529 -28.684663 -32.398147 -28.588704 -37.888567 
-0.140849 12.432567 9.591632 15.530205 14.091671 13.940170 7.136391 6.264873 5.015997 2.444963 4.633307 2.495761 -6.931533 -4.578413 -7.516093 -15.542299 -20.039149 -21.210752 -21.947220 -19.234887 -24.638922 -25.722849 -23.989443 -19.867456 -15.693262 -14.547378 -28.720430 -32.613966 -33.833427 -31.741016 -43.183850 -38.459877 -35.219499 -41.955154 -37.928491 -39.328064 -42.726671 -40.492574 -37.491436 -47.225499 
0.646514 12.452764 10.616465 16.081932 13.131746 11.628627 1.188015 -5.695087 -6.424215 -1.403299 -2.525293 -7.044481 -8.265571 -6.846665 -11.100950 -16.192858 -21.332201 -24.557705 -25.261172 -23.678237 -28.515464 -28.030633 -25.599193 -20.926244 -17.362494 -18.020538 -32.432232 -39.885034 -39.874486 -37.850844 -46.460903 -42.745823 -38.198585 -41.973176 -41.033835 -44.719291 -46.889939 -47.690690 -46.029318 -52.725573 
0.931488 11.298914 9.400982 16.011123 13.490721 12.468614 4.013172 -3.297854 -12.614465 -6.060152 -5.638075 -9.452018 -11.848644 -8.358227 -9.266451 -16.257297 -23.849969 -25.794128 -25.379387 -24.942666 -30.180087 -32.657753 -31.234364 -26.435468 -22.637954 -22.698330 -34.879929 -39.592613 -42.078950 -38.595585 -44.650819 -43.865609 -39.082123 -41.420948 -39.282237 -41.692873 -45.479546 -46.592558 -45.861717 -49.363867 
-1.136927 10.948086 9.600014 15.534129 12.591661 9.969918 4.456147 -1.920510 -8.233208 -16.865494 -19.385364 -14.829323 -12.271658 -7.502774 -8.575347 -13.275738 -20.866832 -21.923418 -22.117851 -23.343299 -24.972425 -27.760434 -25.205286 -19.893584 -17.448752 -19.239847 -37.301532 -38.313690 -35.336578 -37.455204 -42.954845 -40.111463 -38.060336 -42.935340 -38.860720 -36.879782 -44.952601 -44.307455 -43.523021 -48.446387 
-1.162762 10.574617 8.831930 14.659941 11.811917 8.788065 1.360235 -3.814686 -7.922951 -19.074103 -20.664185 -16.639862 -13.183540 -6.280455 -5.597598 -12.645137 -20.462920 -20.502977 -19.570363 -19.153818 -24.711451 -25.325986 -23.015313 -19.331270 -17.164303 -19.832572 -36.551068 -37.955553 -36.661272 -36.901134 -43.483725 -41.289077 -38.347461 -44.018760 -40.281807 -38.633031 -46.611359 -45.034438 -44.942014 -48.099739 
-1.294529 10.432385 9.258341 13.962396 10.298853 8.727184 1.222211 -3.945731 -11.189467 -19.952895 -27.389467 -22.055540 -14.158928 -5.197714 -7.086601 -11.392711 -20.658984 -22.061817 -20.203004 -18.035394 -22.419238 -23.864339 -22.375083 -18.860088 -15.544938 -18.284323 -33.733994 -32.365071 -34.042471 -36.183124 -42.946996 -40.785283 -37.352950 -41.162039 -39.621324 -40.390281 -45.382760 -46.491504 -45.824772 -46.645645 
-0.144102 11.045480 10.386641 15.261042 11.859720 7.829352 2.325802 -1.677769 -10.093836 -17.434786 -21.123404 -20.685832 -15.794037 -6.682083 -8.070246 -13.359823 -20.219632 -22.066593 -20.687404 -17.960651 -21.846466 -23.815520 -22.960867 -21.286578 -18.212644 -19.363072 -38.933354 -35.520024 -36.343619 -38.086043 -46.509639 -45.553091 -39.161936 -41.791053 -35.292371 -39.068618 -48.051278 -49.038434 -46.772909 -53.977483 
-0.376834 11.054490 9.708691 13.521537 10.441680 5.750291 -0.292876 -2.900090 -12.879672 -18.638015 -22.525062 -25.678164 -16.280453 -9.329630 -7.684430 -11.382849 -22.182653 -24.320583 -26.419801 -23.096671 -26.886040 -28.571224 -27.292142 -24.258941 -21.557680 -26.050502 -40.112040 -37.202200 -37.523561 -39.383862 -44.913556 -42.558743 -40.920327 -42.160831 -38.111069 -41.090805 -46.463753 -46.117574 -45.492718 -49.180088 
-1.421755 10.315623 10.075477 12.461307 11.180545 3.724680 -0.871229 -2.078355 -13.436691 -25.333802 -25.983824 -27.178176 -24.264626 -9.484259 -7.768278 -12.796621 -21.124590 -22.691614 -18.707672 -18.655749 -23.881354 -27.365303 -24.770356 -21.074484 -18.825949 -20.559082 -34.516571 -37.481784 -34.787436 -36.364681 -45.007671 -45.450466 -39.957420 -44.882567 -39.509308 -41.352637 -48.662967 -47.984735 -46.428438 -52.492482 
-3.269755 3.965568 -0.067819 5.035831 6.055620 -0.199635 -9.000338 -9.767170 -19.047608 -24.100474 -28.622286 -25.286441 -26.351548 -15.672980 -16.347426 -23.751639 -25.371572 -24.198674 -24.324684 -24.112144 -31.725533 -35.730865 -32.338419 -25.632843 -21.063311 -25.730899 -39.410179 -40.999924 -37.811590 -38.019264 -47.822429 -45.726127 -44.257715 -47.814650 -39.375439 -40.657989 -48.729881 -47.852212 -47.096551 -52.841991 
0.072711 7.158842 7.482861 4.056117 0.950481 -2.727206 -8.306074 -12.587339 -20.439859 -28.297404 -28.554158 -23.554592 -21.777215 -16.498210 -12.609530 -13.707289 -19.015464 -19.927955 -21.400260 -26.178344 -31.148931 -33.249038 -31.651316 -24.460536 -20.232951 -29.954422 -39.935482 -38.261940 -35.544719 -37.503904 -46.490913 -45.275272 -41.578126 -48.717289 -42.846026 -42.772719 -50.978389 -47.550864 -48.265181 -54.254500 
-1.382059 -0.673235 -4.138570 -7.709887 -5.839178 -9.326044 -17.988035 -17.144645 -19.614512 -24.185573 -26.332201 -30.836653 -33.302639 -25.486811 -20.688835 -19.797547 -24.441280 -26.197973 -31.713772 -36.823963 -39.893191 -41.680450 -42.302494 -37.002248 -33.553151 -37.709976 -45.174729 -39.000011 -37.850523 -41.332428 -49.580680 -47.067009 -46.350862 -53.850961 -46.423899 -51.513168 -56.336509 -52.485651 -51.139336 -59.147237 
-46.247417 -41.075326 -41.507487 -45.212853 -47.503457 -51.907205 -54.578836 -56.206803 -54.177965 -55.906303 -55.029068 -56.483565 -56.958754 -56.532593 -57.067950 -55.446282 -56.765447 -58.173090 -58.475448 -59.086858 -59.781941 -60.457049 -61.462411 -62.488761 -63.221474 -64.407170 -65.387328 -66.463904 -66.923033 -67.381056 -67.527236 -67.555890 -67.496662 -67.516903 -67.549764 -68.034572 -68.377610 -68.638589 -68.752538 -68.618268 
-54.734081 -48.504823 -49.871687 -62.743427 -57.310479 -66.255703 -68.921335 -73.287510 -61.340525 -63.222539 -64.822133 -64.709095 -66.575874 -67.078634 -68.992688 -68.449259 -67.944841 -65.021715 -66.131409 -74.284489 -72.722774 -72.752785 -78.580115 -81.192170 -77.291278 -80.252988 -83.447175 -79.132451 -76.633289 -81.824464 -80.155029 -83.076034 -82.796920 -82.807836 -80.279401 -84.873421 -83.375956 -84.002086 -84.454370 -87.642627 
-52.919020 -50.643833 -52.397902 -61.084696 -59.613667 -60.251477 -66.959087 -68.406901 -73.014242 -69.297265 -67.356991 -71.858379 -69.063357 -69.740038 -75.634378 -75.795615 -76.169531 -73.654972 -75.839683 -81.316270 -79.656878 -79.148349 -80.725660 -81.886933 -82.195489 -86.838737 -84.355464 -81.488815 -84.503583 -83.432048 -81.140433 -85.556262 -86.382791 -86.296850 -86.043288 -84.371452 -87.122878 -90.002785 -88.064890 -90.523815 
-60.319912 -58.536548 -58.736425 -62.386737 -58.450384 -64.495890 -66.496877 -66.804006 -71.684542 -69.305550 -76.773258 -76.627777 -73.925788 -76.841665 -75.279049 -73.570925 -76.736460 -74.440215 -72.988145 -80.568260 -80.379225 -82.696700 -83.864658 -78.454080 -80.319130 -84.017820 -81.945101 -81.342082 -83.759845 -84.093196 -82.886198 -86.677336 -87.290111 -88.852461 -87.122202 -88.195756 -89.737235 -87.956547 -86.367710 -88.637430 
-75.789062 -64.095057 -63.975908 -65.726337 -64.391621 -70.211084 -76.085152 -70.101531 -65.389246 -70.002100 -73.328865 -74.733752 -72.878156 -76.169044 -79.603773 -82.996591 -83.234200 -84.527271 -78.180444 -79.978741 -79.404576 -78.998955 -79.766764 -79.405066 -79.555068 -80.191782 -81.532101 -83.288724 -85.107428 -86.853577 -88.362818 -89.243113 -87.370703 -88.631980 -92.359461 -89.718235 -87.909217 -89.132994 -89.196329 -92.204915 
-76.093597 -72.051250 -74.443059 -78.297694 -76.293298 -73.625692 -78.919309 -79.176205 -76.140484 -83.894321 -79.861096 -84.693535 -82.819119 -84.512863 -80.621069 -80.415447 -77.941859 -77.758084 -76.912626 -77.039003 -78.220646 -79.764959 -82.303236 -84.773512 -85.517671 -84.351180 -82.832553 -82.841476 -84.495544 -87.391382 -88.385186 -87.487139 -89.962593 -94.819313 -90.083392 -86.639236 -88.498640 -93.140772 -93.748213 -97.266254 
-96.251356 -96.347322 -96.507914 -96.781320 -97.157387 -97.694863 -98.368811 -99.261275 -100.490142 -101.992625 -103.760875 -105.430879 -105.887478 -104.590999 -102.559141 -100.721354 -99.303336 -98.401830 -98.033134 -98.254699 -99.202196 -101.168517 -104.762534 -111.944678 -114.686553 -107.508487 -104.614147 -104.325493 -106.088055 -109.070906 -109.761382 -109.018659 -111.663402 -119.084526 -111.445442 -107.902031 -110.006805 -116.643891 -116.905701 -119.401630 
NaN NaN NaN NaN NaN NaN NaN NaN NaN NaN NaN NaN NaN NaN NaN NaN NaN NaN NaN NaN NaN NaN NaN NaN NaN NaN NaN NaN NaN NaN NaN NaN NaN NaN NaN NaN NaN NaN NaN NaN 
NaN NaN NaN NaN NaN NaN NaN NaN NaN NaN NaN NaN NaN NaN NaN NaN NaN NaN NaN NaN NaN NaN NaN NaN NaN NaN NaN NaN NaN NaN NaN NaN NaN NaN NaN NaN NaN NaN NaN NaN 
-86.333299 -86.409124 -86.536020 -86.752182 -87.049611 -87.475520 -88.011293 -88.725676 -89.726741 -91.006324 -92.704607 -95.025914 -97.826928 -99.640371 -97.956556 -94.798396 -92.078276 -90.079051 -88.678144 -87.814112 -87.471983 -87.708304 -88.639490 -90.556992 -94.127867 -100.821291 -101.851300 -95.332202 -92.209477 -91.354562 -92.437290 -95.992472 -103.800750 -104.970529 -100.370531 -101.172051 -104.426672 -103.508041 -103.752435 -107.790011 
-80.106461 -73.822337 -76.550717 -75.063042 -79.637279 -76.449723 -76.157833 -78.772330 -79.709793 -79.353474 -81.722461 -84.337077 -86.330327 -89.298863 -90.216756 -86.750850 -83.502777 -81.289199 -79.676149 -78.910993 -78.441579 -78.734122 -79.728804 -81.688813 -85.343198 -91.740230 -92.363844 -86.418871 -83.248993 -82.346163 -83.306882 -86.630167 -93.246856 -94.452293 -90.772345 -91.512985 -94.233123 -93.776726 -95.066207 -100.004518 
-68.296174 -68.119468 -68.383398 -68.429334 -68.808132 -69.120114 -69.532063 -70.173504 -70.973675 -71.952243 -73.239186 -74.973841 -77.261409 -80.534989 -85.893467 -95.731574 -91.015691 -84.952958 -82.282961 -81.448611 -81.840833 -83.834366 -88.320253 -97.119184 -92.383335 -87.161993 -86.013004 -88.071862 -94.936469 -95.817297 -89.623511 -89.474136 -96.086406 -97.157942 -91.135203 -94.445429 -99.230871 -92.796973 -97.757701 -98.940528 
-88.411201 -88.477206 -88.587374 -88.774173 -89.029479 -89.391526 -89.841176 -90.430860 -91.238765 -92.242352 -93.532780 -95.262908 -97.535631 -100.788879 -105.929468 -113.139673 -109.925946 -104.791183 -102.364739 -101.539329 -102.027151 -104.046418 -108.499472 -116.811623 -112.261384 -107.200921 -106.119415 -108.197180 -115.303006 -116.164023 -109.775110 -109.604548 -115.883767 -116.827690 -111.246606 -114.468711 -118.908394 -112.892292 -117.706869 -118.883036 
NaN NaN NaN NaN NaN NaN NaN NaN NaN NaN NaN NaN NaN NaN NaN NaN NaN NaN NaN NaN NaN NaN NaN NaN NaN NaN NaN NaN NaN NaN NaN NaN NaN NaN NaN NaN NaN NaN NaN NaN 
