NaN NaN NaN NaN NaN NaN NaN NaN NaN NaN NaN NaN NaN NaN NaN NaN NaN NaN NaN NaN NaN NaN NaN NaN NaN NaN NaN NaN NaN NaN NaN NaN NaN NaN NaN NaN NaN NaN NaN NaN 
NaN NaN NaN NaN NaN NaN NaN NaN NaN NaN NaN NaN NaN NaN NaN NaN NaN NaN NaN NaN NaN NaN NaN NaN NaN NaN NaN NaN NaN NaN NaN NaN NaN NaN NaN NaN NaN NaN NaN NaN 
NaN NaN NaN NaN NaN NaN NaN NaN NaN NaN NaN NaN NaN NaN NaN NaN NaN NaN NaN NaN NaN NaN NaN NaN NaN NaN NaN NaN NaN NaN NaN NaN NaN NaN NaN NaN NaN NaN NaN NaN 
NaN NaN NaN NaN NaN NaN NaN NaN NaN NaN NaN NaN NaN NaN NaN NaN NaN NaN NaN NaN NaN NaN NaN NaN NaN NaN NaN NaN NaN NaN NaN NaN NaN NaN NaN NaN NaN NaN NaN NaN 
NaN NaN NaN NaN NaN NaN NaN NaN NaN NaN NaN NaN NaN NaN NaN NaN NaN NaN NaN NaN NaN NaN NaN NaN NaN NaN NaN NaN NaN NaN NaN NaN NaN NaN NaN NaN NaN NaN NaN NaN 
NaN NaN NaN NaN NaN NaN NaN NaN NaN NaN NaN NaN NaN NaN NaN NaN NaN NaN NaN NaN NaN NaN NaN NaN NaN NaN NaN NaN NaN NaN NaN NaN NaN NaN NaN NaN NaN NaN NaN NaN 
NaN NaN NaN NaN NaN NaN NaN NaN NaN NaN NaN NaN NaN NaN NaN NaN NaN NaN NaN NaN NaN NaN NaN NaN NaN NaN NaN NaN NaN NaN NaN NaN NaN NaN NaN NaN NaN NaN NaN NaN 
NaN NaN NaN NaN NaN NaN NaN NaN NaN NaN NaN NaN NaN NaN NaN NaN NaN NaN NaN NaN NaN NaN NaN NaN NaN NaN NaN NaN NaN NaN NaN NaN NaN NaN NaN NaN NaN NaN NaN NaN 
NaN NaN NaN NaN NaN NaN NaN NaN NaN NaN NaN NaN NaN NaN NaN NaN NaN NaN NaN NaN NaN NaN NaN NaN NaN NaN NaN NaN NaN NaN NaN NaN NaN NaN NaN NaN NaN NaN NaN NaN 
NaN NaN NaN NaN NaN NaN NaN NaN NaN NaN NaN NaN NaN NaN NaN NaN NaN NaN NaN NaN NaN NaN NaN NaN NaN NaN NaN NaN NaN NaN NaN NaN NaN NaN NaN NaN NaN NaN NaN NaN 
NaN NaN NaN NaN NaN NaN NaN NaN NaN NaN NaN NaN NaN NaN NaN NaN NaN NaN NaN NaN NaN NaN NaN NaN NaN NaN NaN NaN NaN NaN NaN NaN NaN NaN NaN NaN NaN NaN NaN NaN 
NaN NaN NaN NaN NaN NaN NaN NaN NaN NaN NaN NaN NaN NaN NaN NaN NaN NaN NaN NaN NaN NaN NaN NaN NaN NaN NaN NaN NaN NaN NaN NaN NaN NaN NaN NaN NaN NaN NaN NaN 
NaN NaN NaN NaN NaN NaN NaN NaN NaN NaN NaN NaN NaN NaN NaN NaN NaN NaN NaN NaN NaN NaN NaN NaN NaN NaN NaN NaN NaN NaN NaN NaN NaN NaN NaN NaN NaN NaN NaN NaN 
NaN NaN NaN NaN NaN NaN NaN NaN NaN NaN NaN NaN NaN NaN NaN NaN NaN NaN NaN NaN NaN NaN NaN NaN NaN NaN NaN NaN NaN NaN NaN NaN NaN NaN NaN NaN NaN NaN NaN NaN 
NaN NaN NaN NaN NaN NaN NaN NaN NaN NaN NaN NaN NaN NaN NaN NaN NaN NaN NaN NaN NaN NaN NaN NaN NaN NaN NaN NaN NaN NaN NaN NaN NaN NaN NaN NaN NaN NaN NaN NaN 
NaN NaN NaN NaN NaN NaN NaN NaN NaN NaN NaN NaN NaN NaN NaN NaN NaN NaN NaN NaN NaN NaN NaN NaN NaN NaN NaN NaN NaN NaN NaN NaN NaN NaN NaN NaN NaN NaN NaN NaN 
-53.745240 -50.630838 -49.482288 -50.464514 -54.074248 -59.487140 -58.060870 -56.912784 -61.501479 -67.802533 -65.511474 -72.198343 -69.195028 -70.581077 -73.327627 -71.002230 -78.519749 -77.119055 -77.430608 -73.374232 -76.925877 -76.081588 -81.215808 -83.613314 -81.876632 -81.006421 -83.636310 -86.341530 -85.177213 -85.961307 -84.963763 -85.604935 -86.032222 -85.568018 -86.952104 -87.340368 -86.678207 -87.016196 -87.217219 -87.358337 
-23.368902 -29.735176 -35.008505 -29.004329 -30.795376 -33.394758 -39.183330 -38.309776 -39.549804 -44.498542 -48.709774 -41.202023 -35.417430 -40.870867 -42.129600 -44.214450 -45.490059 -49.859420 -44.593616 -40.933456 -44.017708 -50.116594 -47.816465 -54.561289 -58.177456 -61.160266 -63.124444 -62.626673 -65.425138 -61.516991 -61.621916 -65.753413 -69.054830 -69.260521 -69.751779 -67.673711 -70.757251 -71.813591 -69.788338 -72.364586 
-20.077489 -24.813282 -19.561133 -17.802098 -17.230486 -28.191766 -27.028432 -22.843051 -29.714375 -26.697246 -23.828523 -27.637310 -23.117637 -26.107296 -27.030015 -27.735150 -25.591943 -30.905538 -18.545339 -22.559532 -30.921348 -37.730304 -34.973462 -37.619040 -40.839895 -48.651415 -44.832443 -50.328246 -51.380216 -48.529569 -39.341311 -47.171308 -51.494449 -50.999500 -52.169179 -56.595886 -60.431384 -59.436854 -55.436200 -54.776646 
-19.487139 -16.267213 -17.734877 -9.676129 -9.301486 -16.952466 -19.291844 -18.633280 -20.360256 -10.518187 -13.848765 -14.235363 -14.212722 -11.247903 -13.192207 -16.733476 -17.041283 -14.140931 -6.398672 -8.774844 -14.532222 -27.923065 -30.044587 -26.868888 -26.794823 -28.396324 -34.076747 -33.809056 -37.918862 -39.481518 -30.099298 -31.623120 -32.872418 -31.185515 -36.454656 -41.192442 -50.437085 -54.241392 -44.206296 -41.148343 
-20.160507 -13.753515 -14.877892 -12.326032 -11.538567 -11.056230 -13.194291 -15.086574 -18.510165 -7.256904 -6.584370 -8.986831 -9.443848 -10.069153 -16.535100 -14.957622 -14.109183 -15.154843 -4.904403 -6.742537 -11.337730 -18.531574 -26.855535 -20.684753 -22.093476 -23.773346 -26.664981 -26.283033 -29.909169 -25.898393 -22.234666 -27.106522 -31.300124 -25.944049 -30.253576 -34.841632 -45.048747 -47.467653 -39.869283 -34.468312 
-13.748524 -21.145746 -14.025798 -8.928843 -12.741670 -10.806986 -11.165294 -11.410049 -21.844144 -11.555896 -11.307172 -10.482660 -8.980573 -10.980891 -18.887830 -13.982247 -6.418540 -10.447753 -5.926981 -6.431941 -9.728606 -13.726623 -20.095645 -15.465072 -18.125758 -20.975236 -26.834220 -27.819565 -28.769050 -24.443900 -20.276212 -25.067986 -27.143688 -20.417684 -27.746537 -36.458746 -43.578400 -41.597716 -39.337565 -34.956012 
-17.120693 -19.517490 -12.337178 -2.647616 -5.448632 -13.043335 -14.812388 -20.701515 -24.359561 -15.005364 -17.613869 -10.000406 -5.646651 -3.582050 -6.865633 -5.763152 -6.746610 -5.507068 -4.658420 -2.140657 -8.330467 -11.112599 -14.689571 -16.685194 -19.577972 -24.265635 -29.284026 -29.526289 -28.131855 -27.515890 -23.357297 -25.122073 -25.354705 -23.404460 -27.786259 -37.147157 -42.409380 -41.757012 -36.402887 -35.064295 
-24.332200 -19.735102 -20.344831 -8.027972 -9.401510 -13.286200 -17.001840 -20.624971 -17.921271 -13.197696 -18.591655 -9.662446 -13.809491 -11.213333 -13.403593 -10.116155 -6.134802 -8.073552 -11.067671 -4.650248 -9.518290 -13.970535 -16.970010 -20.925299 -21.948165 -27.507692 -31.622869 -35.399451 -32.056753 -30.616413 -28.821058 -27.591453 -24.244613 -24.420164 -34.216005 -41.121745 -43.863110 -42.750826 -42.087521 -39.353917 
-22.492309 -24.627042 -12.677332 -0.024876 6.457509 5.497125 -5.696119 -10.675909 -15.990040 -18.507322 -12.154445 -15.171359 -14.516767 -15.820513 -10.203104 -10.692810 -17.047312 -22.566960 -11.867421 -6.922865 -9.892626 -18.109509 -17.709382 -18.566218 -17.336791 -23.241108 -29.762807 -33.398637 -32.937089 -30.300835 -26.757835 -32.344378 -31.082024 -28.789793 -32.615271 -41.252102 -43.688026 -46.279905 -41.142991 -37.767053 
-19.233610 -12.179467 -12.721750 -0.132292 5.967663 13.347585 9.282056 -0.976222 -8.951243 -3.667786 -1.055481 -4.074062 -11.656929 -7.675248 -6.688936 -14.929405 -9.888405 -12.550748 -13.109293 -11.928555 -7.321895 -10.387187 -17.584317 -16.506833 -17.226112 -25.353068 -31.780328 -31.195419 -35.583316 -33.350895 -24.555261 -29.891727 -33.886463 -29.497690 -33.450540 -40.569490 -45.911515 -50.240600 -40.321753 -36.107839 
-13.158204 -11.299338 -14.209240 -9.144574 4.659838 20.494571 18.081744 -4.232851 -11.349426 3.672491 15.965686 5.032347 -9.733578 5.993752 7.310917 -9.484458 -0.878739 -2.950229 -3.961322 8.380414 -0.811395 -0.743087 -10.199178 -14.898125 -20.159474 -23.131358 -26.087433 -28.874267 -29.842644 -28.111294 -25.678862 -30.761834 -32.315981 -33.622751 -32.764519 -34.596455 -35.860694 -36.196881 -32.249084 -30.711664 
-12.620084 -18.372113 -18.168255 -14.295176 1.690703 21.369079 18.857981 -6.219270 -13.188105 4.712007 19.919597 4.922213 -9.382821 9.268575 9.116135 -17.289098 3.439315 2.553600 0.616148 14.038436 -1.179583 4.592653 -10.360363 -9.187662 -20.478592 -21.451700 -24.119024 -27.626642 -28.737808 -25.817083 -19.965964 -29.016531 -29.252435 -31.341782 -32.258090 -35.232468 -36.686002 -36.687128 -31.988135 -30.467443 
-13.524047 -17.918928 -20.393100 -17.153583 0.484717 20.890664 18.552743 -6.695817 -14.169117 6.051460 20.946363 6.399562 -12.648748 7.295359 9.658801 -16.406564 4.769745 5.094007 -1.222319 16.107332 -1.161873 4.368863 -7.678483 -6.545148 -20.700744 -21.189518 -26.170642 -28.734596 -29.255517 -26.069525 -20.983435 -26.924071 -28.822615 -30.656195 -33.123067 -38.797622 -41.227455 -39.990307 -30.740806 -27.251986 
-12.888794 -17.450316 -17.225640 -17.426761 -0.903254 20.693250 18.170344 -7.822305 -21.396448 7.902668 20.076131 5.270504 -14.124533 5.494739 8.066953 -16.513119 4.313444 5.014141 -2.778011 16.201365 0.760043 2.125957 -7.809317 -7.831667 -16.783101 -15.629370 -24.119510 -25.705168 -26.169850 -23.427001 -18.531775 -25.118804 -27.270012 -29.796169 -31.699421 -33.379026 -34.926195 -34.631998 -28.460296 -26.370873 
-15.241286 -15.334436 -16.234233 -17.361642 0.743294 21.139096 18.734995 -5.589053 -14.378474 4.714873 17.260178 1.367954 -20.609569 2.021340 3.004475 -18.719734 1.418070 1.197962 -6.975222 10.721051 -5.003910 3.219077 -7.736740 -3.988871 -15.810065 -13.494389 -23.122609 -25.558229 -25.826196 -22.059667 -17.096848 -25.351087 -29.011144 -33.757389 -36.768329 -42.203671 -46.884684 -46.504476 -34.760223 -30.584395 
-14.865006 -16.967814 -14.108465 -16.382023 -2.237536 20.553138 18.844904 -5.559612 -16.360684 0.264209 16.622834 3.113868 -20.579703 -1.465163 2.534647 -21.329672 -1.205601 0.601494 -10.294195 8.849197 -5.793951 2.316781 -8.188831 -4.416236 -18.374476 -16.503176 -25.466602 -27.068610 -28.014987 -23.770559 -20.166121 -26.965872 -30.130062 -34.084266 -36.795000 -40.437146 -44.726878 -43.499763 -33.897175 -29.694469 
-28.271932 -25.851297 -23.583854 -20.535269 0.522854 20.363376 17.364960 -9.313224 -16.589266 4.856939 16.513312 0.101214 -18.327627 2.539061 2.174718 -20.203609 1.726941 -0.738839 -4.251265 9.428891 -4.808257 5.106591 -8.594740 -5.125171 -18.885502 -18.522044 -23.504880 -27.424232 -27.536494 -24.429073 -19.247196 -27.375334 -30.129278 -32.929693 -32.535408 -35.731260 -37.133315 -37.338893 -33.465520 -30.541093 
-25.302539 -22.519787 -25.659474 -23.830245 4.245457 20.614449 15.528990 -12.645878 -16.717168 9.415722 15.476032 -9.263750 -17.525918 5.258338 -1.117903 -17.292959 3.940114 -5.832484 1.518273 6.584793 -1.410400 7.520845 -8.595751 -6.394723 -17.765224 -21.306938 -24.758922 -28.540482 -30.132592 -26.688885 -19.926310 -31.563462 -34.080900 -31.635679 -36.093114 -41.473619 -44.014343 -43.402490 -34.100268 -31.142065 
-26.353583 -28.018470 -32.419246 -18.767854 8.828701 20.716795 12.713186 -16.340637 -9.685319 15.454992 15.762779 -9.829123 -5.730268 7.688910 -6.928685 -5.948667 5.287430 -9.623804 6.024310 2.557022 7.121780 4.950736 -2.770575 -10.529419 -16.170855 -24.519463 -27.502638 -28.946022 -30.124868 -25.431916 -23.196033 -31.131129 -33.245917 -32.374468 -37.137356 -42.560451 -46.898209 -46.654600 -37.451446 -32.583831 
-18.532447 -21.928709 -17.759173 -12.475818 12.376085 19.750267 7.154689 -17.039701 -0.119251 19.248518 12.344555 -14.941361 3.422513 6.828509 -12.397509 1.281898 1.455501 -4.246342 5.782262 -0.576078 11.393136 0.358902 2.270347 -13.241323 -18.435199 -22.208742 -26.025650 -27.431136 -27.824097 -25.767407 -22.787281 -29.211601 -30.777679 -30.252713 -32.077936 -33.221321 -33.687075 -34.024537 -33.836442 -32.680923 
-29.301792 -20.737303 -21.767530 -1.596656 16.735282 18.306306 1.636842 -10.686365 12.136836 20.628207 7.207097 -1.548623 10.218269 2.349128 -6.161793 2.897036 -5.847619 2.067087 0.112289 8.735263 9.806398 7.954407 1.992200 -8.061443 -16.967661 -22.382655 -25.863945 -27.348597 -27.631522 -24.296502 -22.398842 -29.909253 -31.552377 -32.464802 -36.791153 -45.524732 -49.501452 -48.711270 -39.651795 -36.508809 
-19.037514 -15.194711 -13.859915 7.816565 20.300123 15.291503 -4.848463 5.420664 18.493004 14.126076 2.380287 11.427601 8.916209 -2.462100 0.888574 -5.068049 0.569435 -0.727051 4.607835 7.982576 11.219905 7.853440 3.811470 -8.166324 -17.380774 -22.468134 -25.079534 -25.598060 -27.287184 -23.070371 -19.955888 -28.799614 -29.250305 -28.944885 -36.564627 -41.090487 -43.260991 -42.809817 -37.022561 -36.107255 
-20.761552 -26.107429 -9.855984 13.950652 20.257087 9.943061 -2.491167 15.935705 17.705755 0.581893 11.217964 12.268176 -2.119302 1.502687 -5.667724 1.303252 -0.637976 1.476616 2.116849 10.202519 10.968222 9.495131 4.117887 -7.122842 -16.011013 -21.013270 -23.505080 -24.586334 -25.487089 -21.572093 -17.957102 -25.685113 -26.812673 -26.185137 -33.642208 -36.041881 -36.805733 -36.932350 -36.235999 -36.335961 
-16.053791 -23.725579 -2.960127 17.176448 17.823871 1.348238 6.988856 19.700875 12.715991 5.805596 15.839668 7.058966 0.896358 -0.310745 -1.440683 0.475782 -1.415469 -0.064403 3.842667 7.018852 12.481161 9.140439 4.454799 -7.479494 -16.297199 -20.549561 -22.489206 -24.471897 -24.798928 -18.650745 -16.132408 -25.956051 -26.127692 -24.879607 -34.112696 -44.312906 -53.220831 -49.385540 -39.230247 -37.809452 
-17.110328 -13.301705 4.900064 18.084458 13.258092 -4.480793 13.036356 16.043044 5.144321 15.896183 9.830543 0.685305 2.496289 -4.863758 -0.962789 -4.693556 -2.284952 -3.112502 -0.548395 6.540607 9.875152 7.653328 3.577789 -5.992274 -14.292843 -19.264345 -22.110212 -24.183677 -24.369965 -18.562929 -16.377158 -26.743869 -26.183377 -26.682094 -31.440676 -34.514691 -35.675955 -35.948376 -33.715350 -33.655403 
-30.934673 -21.000935 7.256249 16.128656 7.795836 0.486453 14.295194 8.816507 6.575508 17.940843 5.905122 2.886193 -3.605472 -5.760582 -10.756898 -5.076085 -9.729883 -7.705109 -3.207796 0.605162 5.327198 5.140107 0.344104 -8.218891 -17.234898 -22.589111 -25.155275 -26.461186 -26.965065 -22.298097 -19.966880 -28.679569 -27.936535 -25.938805 -31.963276 -35.900652 -37.826249 -38.193124 -36.277690 -36.248007 
-21.273593 -11.747567 7.824634 13.486602 2.781601 4.404578 13.679844 5.301887 13.260938 17.112055 1.878479 -0.165736 -8.361262 -5.475459 -10.451412 -7.615988 -7.405193 -8.410796 -5.829482 -0.959336 3.891846 4.249015 -0.011057 -8.232241 -19.051245 -25.659451 -30.069321 -31.276037 -31.755428 -28.140028 -26.417809 -35.387004 -35.145433 -33.351065 -38.721179 -41.374589 -43.648833 -43.862256 -40.306755 -40.430699 
-16.634350 -11.615419 5.810927 9.186779 -3.293421 6.566536 8.326000 2.292556 15.107031 9.570445 3.512229 -2.627773 -7.713483 -12.193953 -10.938630 -11.186603 -10.556537 -11.220974 -9.946631 -4.952610 -0.163417 3.188349 -0.032875 -6.676433 -17.315028 -23.812885 -27.349883 -28.886438 -29.472265 -24.310744 -22.816219 -33.110662 -32.635649 -30.274060 -36.317317 -42.650927 -49.573601 -49.181110 -43.954445 -43.970684 
-12.252258 -3.296833 2.724529 3.489483 1.464086 4.853592 3.797883 7.828365 11.741454 5.192476 0.974431 -8.724837 -10.793276 -12.608997 -14.736019 -13.720755 -14.351462 -14.231140 -13.015602 -9.465820 -5.730840 1.151587 -1.186723 -5.920550 -15.180245 -22.678932 -26.632959 -28.587993 -29.430022 -23.472036 -24.188494 -33.176958 -33.220226 -31.427226 -33.948772 -40.325068 -48.941145 -49.154120 -41.949801 -43.728047 
-9.569513 -0.365424 0.408432 -4.126055 1.717629 2.099267 2.088178 5.029531 5.832425 5.359549 -6.635705 -15.872813 -16.177048 -17.014292 -20.927677 -18.559617 -18.444184 -19.329239 -19.255454 -17.066585 -14.327550 -5.782266 -3.772579 -8.031421 -14.437412 -22.228828 -28.051603 -30.905875 -32.273745 -28.331638 -29.656604 -37.367993 -37.228159 -37.557625 -39.456936 -44.557197 -59.075308 -58.796201 -51.158879 -50.883735 
-12.195073 -3.170357 -2.803076 -5.408914 0.298163 0.249216 0.970171 5.684285 5.534514 4.492319 -5.901294 -13.604213 -20.404481 -22.583782 -21.838971 -20.243467 -19.560914 -21.832279 -21.738180 -18.845898 -16.146340 -8.582955 -3.583787 -7.504989 -11.893294 -18.060753 -25.378994 -29.284195 -32.357783 -29.536778 -30.614751 -37.497646 -39.608705 -43.273677 -45.500680 -46.551710 -58.299049 -57.580043 -49.580634 -51.919560 
-9.192657 -3.320268 -4.726059 -1.050193 -0.962684 -2.521417 -5.977798 -3.079973 -5.731521 -10.855250 -17.066240 -21.392189 -27.147293 -30.757999 -30.786161 -31.528174 -32.111531 -33.163505 -33.706660 -29.456159 -26.687279 -19.907972 -17.316480 -23.120165 -29.337074 -34.343135 -37.857571 -41.916200 -43.636911 -42.659949 -43.419427 -45.570307 -46.357969 -46.229615 -47.097751 -47.565134 -48.215020 -48.729139 -48.509187 -48.854751 
-13.725647 -8.431085 -1.064150 0.686642 -7.214898 -5.523917 -4.261618 -8.408662 -1.339593 -9.207210 -22.035581 -28.640356 -28.240102 -31.193414 -29.093817 -31.161815 -33.432883 -34.863323 -33.336700 -30.296722 -24.524128 -19.947996 -19.717967 -27.566170 -33.806554 -38.663798 -42.433044 -45.546234 -47.387701 -42.663579 -46.172538 -55.669792 -54.016256 -52.581663 -55.344473 -56.944550 -63.055808 -61.844856 -60.066180 -61.444468 
-17.706626 -12.883232 -0.988745 1.438884 -6.462536 -8.721386 -12.649013 -13.882233 -13.962014 -20.504632 -20.597848 -21.971860 -32.720265 -38.313035 -36.440614 -37.727898 -38.748311 -43.129281 -39.511397 -36.880043 -36.984259 -25.485027 -24.844641 -33.947684 -38.243226 -42.885357 -46.589560 -44.806052 -49.403801 -49.434520 -56.775124 -61.181966 -60.292058 -60.255893 -62.838270 -62.555102 -63.888063 -62.746537 -64.177885 -65.478253 
-11.535955 -18.074190 -14.120918 -7.784715 -15.701121 -27.442636 -29.748076 -25.230726 -28.315726 -33.070027 -26.548487 -31.591354 -39.804582 -40.443008 -40.767817 -44.012268 -44.871528 -45.986009 -45.872540 -47.077532 -44.735888 -37.407073 -36.221183 -47.308921 -51.115889 -53.330487 -51.553213 -53.470801 -55.170374 -56.083749 -56.502514 -57.699399 -57.735410 -58.972885 -58.897368 -59.271344 -59.935317 -59.803112 -60.003524 -60.238465 
-12.388011 -20.457753 -13.734739 -15.600056 -22.894390 -28.706841 -31.400782 -28.766521 -29.977459 -40.134330 -38.618603 -47.912299 -50.521102 -52.882907 -58.327574 -56.256512 -53.437222 -59.048938 -59.465825 -58.665188 -50.909985 -45.232552 -49.052568 -57.031265 -59.668733 -59.076697 -54.456824 -56.813195 -64.425735 -64.355029 -66.179193 -66.978387 -69.140469 -70.739933 -67.384712 -67.457800 -66.867789 -67.550541 -67.027612 -68.870621 
-22.716260 -23.898847 -17.680906 -18.793067 -28.161989 -31.389309 -27.688173 -27.600323 -28.250213 -45.089884 -52.018662 -51.406590 -60.285593 -60.149750 -61.426593 -61.325253 -56.685299 -62.076245 -59.094935 -59.137783 -53.047525 -48.865359 -49.277866 -58.597717 -62.121054 -61.580395 -62.677766 -61.311211 -65.452732 -65.318182 -65.563748 -65.334580 -66.769402 -68.271206 -67.070152 -64.976629 -67.371788 -68.145820 -69.449039 -70.137723 
-18.767126 -39.967118 -18.590193 -18.794281 -23.151271 -24.657631 -27.890502 -32.493388 -33.149831 -33.828838 -35.705710 -37.333926 -39.026954 -40.595907 -41.828337 -42.279119 -41.743683 -40.889727 -41.849125 -44.995901 -52.606924 -49.766187 -43.354790 -41.500521 -42.722295 -47.392830 -47.346735 -51.096707 -49.850696 -43.874113 -47.323908 -49.808334 -43.520908 -44.440951 -45.034409 -50.058918 -56.990582 -58.533589 -58.884001 -57.133673 
-3.681591 -4.631664 -9.056655 -18.795029 -14.421630 -10.499735 -10.708929 -9.643045 -11.156676 -14.479935 -16.647989 -19.220008 -23.055275 -21.733773 -21.571387 -21.869193 -21.205666 -21.988056 -23.229265 -27.141210 -33.552163 -28.368945 -20.007296 -23.908553 -24.112675 -23.291768 -28.964495 -25.242835 -24.948635 -23.040948 -17.776942 -15.482345 -18.269197 -24.428722 -19.779956 -27.954281 -26.662242 -26.246730 -25.129381 -25.327815 
-8.862670 -8.790265 -13.386560 -16.213461 -18.804179 -19.358873 -26.171268 -17.797748 -15.566984 -16.711732 -20.985342 -25.392468 -23.230916 -25.741482 -26.422272 -24.725811 -24.461310 -28.518782 -26.463931 -28.462726 -25.015294 -19.013097 -16.760079 -21.096730 -25.305967 -26.616029 -20.106669 -15.414452 -18.273565 -22.327269 -16.922917 -11.980623 -20.296035 -19.459129 -13.449426 -18.580875 -17.075703 -17.198059 -15.628675 -20.852865 
-19.158564 -16.132861 -13.008270 -21.361040 -26.056454 -24.801600 -23.308976 -26.549941 -18.432965 -21.546792 -23.790493 -23.915426 -21.961259 -22.808789 -23.662378 -30.652954 -25.920554 -26.573599 -26.060619 -24.241832 -20.873907 -13.677503 -18.374680 -20.685853 -22.590014 -25.190783 -20.453775 -17.646716 -21.285511 -26.672335 -17.745271 -16.808256 -22.675826 -20.518004 -16.571066 -19.064805 -23.806906 -22.866553 -22.195931 -23.237397 
-13.525182 -14.139228 -15.421380 -16.423640 -17.506819 -21.970502 -28.880466 -29.003083 -29.500483 -26.236299 -23.883538 -27.265670 -31.788192 -27.598511 -29.245478 -32.574273 -32.027126 -27.942392 -31.832471 -27.659047 -25.809863 -19.500800 -23.400132 -32.660454 -30.044654 -32.049120 -23.412090 -20.224871 -25.568633 -34.126459 -26.324909 -25.888179 -33.424103 -32.384407 -22.850143 -28.167484 -30.656259 -32.584282 -32.375047 -35.559744 
-25.607103 -27.890785 -33.192873 -32.936229 -28.735757 -29.516656 -32.844207 -33.889639 -35.806695 -35.545874 -35.174473 -37.475255 -39.658649 -41.934119 -48.651210 -46.505299 -44.722906 -40.189789 -47.279899 -43.657438 -43.827981 -32.721858 -35.710363 -43.895435 -48.089934 -45.352443 -43.584244 -33.043155 -39.447547 -45.496516 -43.469822 -41.721694 -52.469119 -46.877409 -43.559332 -46.169753 -50.663945 -52.157305 -52.400443 -54.124499 
-79.634725 -78.371235 -77.052628 -75.191523 -74.492271 -76.561481 -81.983317 -82.895851 -75.471455 -73.617380 -76.974915 -85.069911 -77.609374 -76.143703 -81.412140 -83.107458 -81.123519 -82.265804 -86.116824 -85.164621 -85.191792 -89.547781 -90.383007 -96.472987 -95.486075 -93.288705 -91.421846 -90.077800 -90.875686 -90.223194 -92.708878 -96.348779 -98.211227 -100.368459 -95.630693 -93.926607 -94.773000 -97.390803 -105.470549 -102.450992 
-95.845370 -95.849082 -95.855263 -95.865709 -95.879893 -95.899844 -95.924311 -95.955838 -95.997968 -96.048495 -96.110345 -96.187478 -96.278396 -96.388938 -96.521524 -96.676430 -96.862484 -97.079679 -97.335343 -97.633805 -97.985830 -98.404286 -98.894182 -99.482878 -100.192310 -101.046751 -102.084560 -103.352091 -104.945742 -107.019460 -109.887577 -114.270730 -122.395191 -123.363423 -115.472629 -111.582533 -109.416458 -108.275316 -108.305648 -110.453284 
-78.394074 -76.256013 -79.885818 -82.069548 -76.791515 -79.074272 -81.991988 -76.842459 -81.562960 -78.168517 -79.817196 -79.292290 -79.836290 -78.936948 -80.820500 -79.132893 -80.304623 -80.696669 -80.369440 -80.703812 -81.249794 -81.700109 -82.170771 -82.765119 -83.437457 -84.180797 -85.278326 -86.755852 -88.092143 -90.334869 -93.067228 -97.699456 -106.219641 -107.332566 -98.745011 -94.844186 -92.711837 -91.459592 -91.663710 -94.122860 
-81.979250 -80.802189 -82.553146 -83.407541 -81.115380 -82.223446 -83.295019 -81.186676 -83.291440 -81.889939 -82.634294 -82.444457 -82.753327 -82.433321 -83.276547 -82.651482 -83.304761 -83.561795 -83.576543 -83.898323 -84.322385 -84.770044 -85.235549 -85.839524 -86.526971 -87.335383 -88.393889 -89.762509 -91.238850 -93.387365 -96.208175 -100.720284 -109.282482 -110.371851 -101.853626 -97.935340 -95.778702 -94.589331 -94.711780 -97.071672 
NaN NaN NaN NaN NaN NaN NaN NaN NaN NaN NaN NaN NaN NaN NaN NaN NaN NaN NaN NaN NaN NaN NaN NaN NaN NaN NaN NaN NaN NaN NaN NaN NaN NaN NaN NaN NaN NaN NaN NaN 
NaN NaN NaN NaN NaN NaN NaN NaN NaN NaN NaN NaN NaN NaN NaN NaN NaN NaN NaN NaN NaN NaN NaN NaN NaN NaN NaN NaN NaN NaN NaN NaN NaN NaN NaN NaN NaN NaN NaN NaN 
NaN NaN NaN NaN NaN NaN NaN NaN NaN NaN NaN NaN NaN NaN NaN NaN NaN NaN NaN NaN NaN NaN NaN NaN NaN NaN NaN NaN NaN NaN NaN NaN NaN NaN NaN NaN NaN NaN NaN NaN 
NaN NaN NaN NaN NaN NaN NaN NaN NaN NaN NaN NaN NaN NaN NaN NaN NaN NaN NaN NaN NaN NaN NaN NaN NaN NaN NaN NaN NaN NaN NaN NaN NaN NaN NaN NaN NaN NaN NaN NaN 
NaN NaN NaN NaN NaN NaN NaN NaN NaN NaN NaN NaN NaN NaN NaN NaN NaN NaN NaN NaN NaN NaN NaN NaN NaN NaN NaN NaN NaN NaN NaN NaN NaN NaN NaN NaN NaN NaN NaN NaN 
NaN NaN NaN NaN NaN NaN NaN NaN NaN NaN NaN NaN NaN NaN NaN NaN NaN NaN NaN NaN NaN NaN NaN NaN NaN NaN NaN NaN NaN NaN NaN NaN NaN NaN NaN NaN NaN NaN NaN NaN 
NaN NaN NaN NaN NaN NaN NaN NaN NaN NaN NaN NaN NaN NaN NaN NaN NaN NaN NaN NaN NaN NaN NaN NaN NaN NaN NaN NaN NaN NaN NaN NaN NaN NaN NaN NaN NaN NaN NaN NaN 
NaN NaN NaN NaN NaN NaN NaN NaN NaN NaN NaN NaN NaN NaN NaN NaN NaN NaN NaN NaN NaN NaN NaN NaN NaN NaN NaN NaN NaN NaN NaN NaN NaN NaN NaN NaN NaN NaN NaN NaN 
NaN NaN NaN NaN NaN NaN NaN NaN NaN NaN NaN NaN NaN NaN NaN NaN NaN NaN NaN NaN NaN NaN NaN NaN NaN NaN NaN NaN NaN NaN NaN NaN NaN NaN NaN NaN NaN NaN NaN NaN 
NaN NaN NaN NaN NaN NaN NaN NaN NaN NaN NaN NaN NaN NaN NaN NaN NaN NaN NaN NaN NaN NaN NaN NaN NaN NaN NaN NaN NaN NaN NaN NaN NaN NaN NaN NaN NaN NaN NaN NaN 
NaN NaN NaN NaN NaN NaN NaN NaN NaN NaN NaN NaN NaN NaN NaN NaN NaN NaN NaN NaN NaN NaN NaN NaN NaN NaN NaN NaN NaN NaN NaN NaN NaN NaN NaN NaN NaN NaN NaN NaN 
NaN NaN NaN NaN NaN NaN NaN NaN NaN NaN NaN NaN NaN NaN NaN NaN NaN NaN NaN NaN NaN NaN NaN NaN NaN NaN NaN NaN NaN NaN NaN NaN NaN NaN NaN NaN NaN NaN NaN NaN 
