NaN NaN NaN NaN NaN NaN NaN NaN NaN NaN NaN NaN NaN NaN NaN NaN NaN NaN NaN NaN NaN NaN NaN NaN NaN NaN NaN NaN NaN NaN NaN NaN NaN NaN NaN NaN NaN NaN NaN NaN 
NaN NaN NaN NaN NaN NaN NaN NaN NaN NaN NaN NaN NaN NaN NaN NaN NaN NaN NaN NaN NaN NaN NaN NaN NaN NaN NaN NaN NaN NaN NaN NaN NaN NaN NaN NaN NaN NaN NaN NaN 
NaN NaN NaN NaN NaN NaN NaN NaN NaN NaN NaN NaN NaN NaN NaN NaN NaN NaN NaN NaN NaN NaN NaN NaN NaN NaN NaN NaN NaN NaN NaN NaN NaN NaN NaN NaN NaN NaN NaN NaN 
-45.352049 -45.597764 -46.015954 -46.745717 -47.784484 -49.320957 -51.305317 -53.922302 -57.026556 -59.170358 -60.139101 -61.772172 -66.228702 -72.953676 -67.245159 -64.193426 -65.192105 -69.422153 -73.480932 -73.157904 -73.773676 -76.545001 -79.057936 -85.376432 -86.036183 -85.281571 -82.929114 -82.353402 -88.250221 -90.352876 -88.680314 -88.831390 -89.834315 -94.933988 -91.488668 -95.398134 -97.740663 -95.793219 -90.639664 -93.199130 
-28.309021 -30.800602 -28.483809 -27.193861 -23.313431 -25.753458 -34.376061 -42.137745 -36.821454 -36.349447 -39.170917 -39.527421 -35.763398 -36.039979 -42.510438 -45.518775 -43.691753 -44.908996 -41.700991 -40.547413 -39.246079 -42.792563 -49.405394 -48.327005 -50.785692 -51.083321 -53.627054 -55.980660 -60.403575 -61.563771 -56.807911 -66.604511 -64.479555 -66.001854 -65.565310 -69.534097 -70.941563 -68.582219 -69.833288 -68.710233 
-27.115853 -31.202542 -21.145001 -18.022744 -23.423680 -30.699155 -31.967305 -39.560627 -37.187793 -27.007080 -30.699780 -25.865258 -26.821174 -22.223704 -24.057598 -32.026932 -31.174064 -26.832375 -25.850883 -23.059900 -24.541874 -31.727109 -36.495558 -38.389713 -36.664000 -38.107036 -36.619437 -41.888152 -42.157370 -44.188127 -38.665959 -46.456038 -48.244800 -47.988681 -45.581514 -53.774733 -58.357388 -60.845330 -55.014551 -56.188678 
-23.571041 -23.957648 -23.760804 -19.107127 -21.587465 -33.008322 -30.733285 -32.994151 -25.033333 -18.406562 -17.635440 -20.315111 -22.607400 -21.484573 -21.950000 -21.346607 -19.443045 -17.134182 -20.375698 -13.719435 -16.197423 -24.192718 -28.270175 -26.252739 -30.527166 -34.749164 -31.845823 -34.198883 -36.368093 -37.596702 -30.174024 -36.565595 -41.020995 -40.373124 -40.689268 -46.716487 -55.368280 -54.655777 -49.508830 -48.475926 
-17.114638 -19.060360 -25.219522 -25.183299 -22.893824 -19.470046 -19.918678 -23.624394 -23.744045 -16.568824 -18.831769 -15.801866 -17.032468 -9.858245 -13.499420 -17.482327 -16.447571 -14.220526 -9.790475 -10.419646 -12.558944 -14.655869 -19.862573 -23.371386 -26.309179 -26.851626 -28.393763 -33.378663 -34.998499 -37.875884 -31.654689 -30.940411 -30.899197 -29.321726 -35.414188 -39.308436 -47.307453 -48.090068 -46.624486 -42.509636 
-13.654142 -22.451430 -20.570887 -21.083515 -14.591774 -14.244557 -20.695858 -25.884046 -20.957679 -10.743979 -6.972131 -9.310626 -13.665483 -6.257567 -13.027211 -16.255444 -17.683461 -12.975883 -10.724015 -4.556263 -5.199750 -8.788028 -14.390829 -15.753139 -14.307226 -22.979530 -24.829893 -26.408805 -29.110540 -27.365509 -22.076161 -20.959526 -24.174915 -24.160479 -27.644375 -32.089559 -40.904901 -39.307524 -37.136610 -38.015773 
-12.646245 -13.760986 -15.329801 -19.514466 -14.308092 -19.113828 -17.994990 -25.688860 -15.751438 -9.329995 -13.786089 -17.042858 -11.771719 -11.779163 -10.692271 -10.247248 -13.984335 -11.342266 -7.672266 -6.323182 -5.956146 -7.150332 -11.614718 -11.433006 -13.184064 -18.025676 -24.127653 -25.488930 -28.821464 -26.217175 -22.333284 -24.035995 -22.346552 -20.572823 -22.321398 -32.597909 -41.796155 -38.454505 -35.073870 -35.360698 
-19.707233 -14.513772 -13.357208 -19.186538 -16.822698 -17.077440 -20.787552 -17.545676 -12.105091 -9.800096 -13.380805 -15.546068 -6.927893 -5.414360 -6.492181 -10.057788 -18.104018 -7.535963 -2.874121 -4.598306 -7.653777 -11.608578 -13.600254 -16.269579 -16.462118 -18.504416 -21.642834 -25.084568 -29.773129 -25.200821 -20.410739 -18.164378 -21.660011 -20.259953 -24.759540 -32.613943 -38.579099 -38.570240 -37.647420 -33.451213 
-11.837580 -8.859735 -7.470892 -2.375585 -1.328125 -6.289307 -12.386993 -10.534365 -11.261081 -9.573767 -9.963718 -8.673079 -10.139139 -3.560450 -6.570564 -16.437252 -17.739674 -12.281149 -3.014089 -3.510554 -8.015343 -18.161618 -17.704734 -17.644239 -17.515790 -22.085565 -22.440488 -28.920414 -31.676774 -24.958503 -21.802574 -19.579488 -24.912157 -23.613593 -24.361394 -33.177878 -36.575643 -37.889489 -32.450167 -30.598220 
-9.907542 -5.772518 -7.384292 -5.982725 6.658925 11.335334 2.328925 -8.829071 -11.477771 -13.696789 -11.123065 -10.805261 -8.068026 -6.969002 -3.557056 -11.799156 -18.298455 -11.174755 -4.696984 -2.751767 -7.072868 -15.881390 -19.626342 -16.573051 -22.126278 -21.722590 -23.980380 -28.538529 -30.797013 -23.765500 -19.625041 -22.172538 -22.964990 -22.440379 -27.504462 -31.226492 -39.398201 -38.803005 -32.915620 -32.394345 
-11.654269 -11.009864 -14.491070 -5.527819 0.857955 17.688662 17.746997 6.318567 -3.575224 -3.705565 5.211888 -2.447030 -11.859435 -3.874873 -2.568881 -13.522759 -15.617230 -11.355352 -10.187825 -4.983213 -11.112026 -14.685714 -15.922820 -17.417649 -17.642310 -19.949895 -22.918993 -25.417938 -30.160136 -28.361492 -24.036337 -26.018555 -29.231272 -29.085476 -30.608627 -32.240314 -36.823213 -37.106408 -35.865306 -34.514429 
-7.903592 -8.240058 -16.829084 -22.545579 -1.950183 21.414532 22.779644 8.993109 -0.724932 -2.633011 11.005330 2.458307 -13.524535 -4.086557 1.623785 -12.735696 -13.196685 -4.057883 -12.771890 -0.086442 -9.602834 -1.925650 -5.388767 -10.580773 -11.610244 -7.520929 -16.018386 -17.089765 -23.686475 -22.250245 -17.162067 -18.487536 -26.802540 -31.275246 -34.827904 -37.614684 -42.780529 -41.171933 -31.057309 -27.908297 
-23.043618 -29.014939 -26.037412 -27.115562 -7.576061 20.168391 23.362512 5.988827 -14.447500 -16.227583 10.099329 7.987186 -21.696260 -16.219100 -2.148254 -14.742815 -15.832395 -0.745432 -12.715933 0.118580 0.856905 -5.074116 -2.991194 -8.851587 -5.255157 -5.080638 -13.186593 -17.012130 -23.021202 -18.813597 -14.650455 -18.371353 -24.399636 -28.563569 -34.464994 -38.316584 -41.733450 -40.503419 -28.380918 -24.479111 
-27.301901 -24.969309 -26.186517 -27.129393 -13.092566 17.398621 23.501058 7.339367 -18.001924 -16.311075 10.733748 12.600023 -18.552221 -21.917493 -1.147614 -9.118739 -24.198037 -0.012750 -7.683529 -2.329213 6.179236 -15.782265 -6.753840 -15.190212 -2.727951 -14.691036 -15.059214 -19.983668 -23.983213 -21.131703 -11.816006 -22.600514 -26.109137 -32.753095 -34.890725 -40.384049 -49.903986 -44.873404 -28.479187 -25.124253 
-21.897742 -16.172681 -20.043355 -19.978691 -23.352646 16.207062 23.146775 8.054137 -23.190967 -17.216835 10.493068 14.562136 -17.081621 -20.421510 0.322050 -5.680077 -27.546771 0.124469 -5.500781 -2.930367 8.446436 -17.286988 -6.296006 -16.379291 -3.032039 -20.028703 -19.061561 -22.777592 -25.544505 -23.745976 -12.779606 -25.541147 -28.048733 -31.123534 -35.546271 -36.361462 -38.419474 -38.113541 -30.409567 -26.582531 
-22.621673 -21.258820 -30.841075 -28.449597 -16.080862 16.767706 22.383349 6.186840 -24.086787 -17.467746 13.879106 15.606455 -17.708190 -15.305380 4.495306 -4.457547 -19.388297 3.114068 -5.772973 1.951659 9.749192 -15.808102 -4.533624 -14.282841 -3.819447 -21.980319 -22.450497 -23.669249 -27.145463 -24.419824 -14.598284 -26.296661 -28.702352 -34.562171 -35.210351 -39.879232 -44.308814 -43.595677 -30.762140 -26.823351 
-19.824578 -25.550001 -23.361794 -25.069001 -11.725464 18.196102 20.842395 2.204500 -17.640554 -10.586810 17.434979 14.195798 -16.663950 -7.865209 6.810179 -7.329931 -11.392882 4.437463 -10.485673 8.196984 9.386534 -10.861429 -7.234507 -11.454765 -7.826480 -21.931257 -25.857833 -25.639641 -28.382736 -23.721568 -18.995425 -26.140712 -29.822285 -33.032683 -34.725062 -42.312415 -44.462929 -43.451545 -29.981537 -26.218510 
-22.211067 -17.999188 -18.326699 -18.254124 -9.204281 18.647094 19.754816 -1.179126 -18.367806 -6.712322 18.058788 11.097734 -14.339594 -4.069356 6.275994 -11.010161 -6.296712 3.778336 -12.286383 10.217388 6.662361 -4.531245 -4.683685 -11.351893 -15.171206 -21.555915 -26.548194 -26.661035 -27.787158 -26.460937 -25.795011 -27.449582 -30.726599 -30.152071 -33.657803 -35.447473 -35.712276 -35.772949 -31.717464 -29.281176 
-16.201167 -17.396831 -15.257680 -17.553662 -2.390797 19.409295 18.172237 -5.147241 -16.753265 2.889979 18.881444 8.754861 -21.778987 1.200468 5.566295 -15.396968 0.838405 2.988715 -4.384333 13.014956 4.146578 3.491841 -3.561628 -8.752779 -17.743605 -19.713806 -27.400671 -28.497936 -28.620933 -25.737479 -22.789040 -28.580151 -30.573610 -31.250370 -36.340611 -38.820455 -42.366402 -42.440802 -35.801055 -32.442715 
-20.355548 -19.739097 -20.000235 -16.869225 6.282163 20.730538 14.564409 -11.174972 -12.270027 13.595537 16.367763 -0.792800 -8.750949 8.054634 -0.041573 -7.184893 6.359003 -3.223324 6.710614 10.476255 4.902363 6.362056 -4.714208 -8.606211 -16.816163 -21.955842 -25.934248 -27.923863 -28.467809 -25.037807 -21.091919 -30.954522 -33.140933 -33.266382 -35.780537 -39.756839 -41.642938 -41.379607 -34.819844 -31.841083 
-19.189205 -24.584995 -27.944177 -10.893398 12.358736 20.729234 10.132527 -15.136662 1.650252 20.108604 15.135099 -7.712852 3.986568 9.166266 -8.090491 2.214215 4.825164 -2.632564 9.159225 4.094436 12.954404 3.646444 2.502416 -11.363112 -16.623290 -21.846222 -24.408010 -26.890404 -27.009281 -23.662679 -20.291467 -28.441612 -29.581363 -31.177693 -33.967749 -36.295674 -37.555374 -37.638811 -33.040294 -30.594947 
-13.895636 -13.490129 -14.706448 -1.401294 17.466473 18.087633 0.017399 -9.361224 14.944497 21.970875 7.340843 0.857982 11.383419 3.109833 -2.717498 4.156926 -2.303615 4.462780 3.968661 13.365272 12.739533 8.221262 1.992627 -8.565356 -15.958575 -21.283399 -24.228025 -25.604070 -26.335659 -22.421683 -19.946300 -28.399815 -28.836499 -29.689465 -34.152276 -35.975488 -37.121252 -37.363774 -35.030191 -33.768842 
-15.981595 -19.359829 -11.917651 9.513937 20.923848 15.309835 -5.803162 8.884526 20.405749 14.748212 3.041086 12.494744 9.078092 -1.502359 2.310715 -2.357286 2.590450 1.010449 7.198821 10.799671 12.747344 8.679390 3.669021 -9.893198 -16.240088 -22.474781 -24.948717 -26.709464 -26.053431 -22.363010 -19.097393 -27.237411 -27.380755 -25.770963 -33.551658 -37.012341 -38.522412 -38.649893 -36.814375 -36.419823 
-23.370969 -20.632829 -3.815031 16.105359 19.623538 8.190962 5.409101 18.920115 16.891459 5.683389 15.162380 10.532874 0.436360 1.879001 -2.266786 2.124198 0.129324 2.616078 5.669776 11.463877 12.696021 8.989242 3.972703 -7.592637 -16.685751 -21.701592 -23.735606 -25.251734 -26.493778 -22.026350 -18.449882 -28.433273 -30.365307 -29.599007 -35.133572 -45.271809 -52.082192 -53.024812 -41.173124 -40.456915 
-24.812151 -22.471148 3.233172 18.488018 15.467443 -1.661826 12.620711 18.948300 7.332656 14.276691 13.563214 2.906155 3.488581 -4.572588 0.650475 -3.962097 0.023820 -0.990607 3.324847 9.653386 10.623308 8.558282 4.883178 -7.910488 -16.340433 -20.615420 -23.504554 -26.022455 -26.412417 -19.660323 -18.036525 -27.735002 -27.720364 -28.034531 -33.882802 -41.952678 -48.328948 -48.104239 -38.336439 -36.536081 
-24.239822 -16.166010 8.387417 17.250962 9.660315 1.913277 14.994600 9.482950 10.140956 19.103750 8.813812 4.634013 -0.857083 -2.899861 -4.948181 -2.665300 -4.302874 -3.337421 1.192355 5.838777 9.768158 7.307510 1.816945 -10.319034 -16.940392 -21.378450 -24.812628 -25.351380 -25.458940 -19.404817 -18.219530 -29.006474 -28.178525 -28.677836 -33.615781 -42.822253 -48.834889 -48.558491 -39.240419 -39.942149 
-27.442417 -11.255849 10.037647 14.293566 -0.010552 7.770708 13.999804 4.242607 16.077156 15.608927 3.231521 2.157744 -6.573391 -4.951482 -8.192166 -9.152062 -6.286242 -6.356463 -3.688944 1.817065 6.884986 5.972494 1.835885 -9.934045 -18.773344 -23.992356 -26.618953 -27.951683 -27.302171 -19.833310 -20.060906 -29.773148 -28.231647 -27.542940 -32.648143 -41.716234 -51.565092 -54.545168 -42.188505 -43.573570 
-33.051011 -9.017337 10.041870 13.203640 0.376485 9.130031 11.066850 4.071917 16.640331 6.708118 4.981377 0.964326 -4.806945 -9.416114 -7.896263 -10.563415 -9.825829 -7.838104 -6.478801 -2.679687 2.920275 5.832811 1.290938 -8.737582 -17.789658 -23.491201 -25.905480 -27.505103 -27.356434 -20.863791 -21.614409 -30.854263 -28.978797 -28.238025 -32.963174 -39.467419 -41.933905 -42.165321 -39.666012 -40.030674 
-24.328050 -8.817124 7.561715 7.524622 -3.382985 9.008191 6.860975 6.742776 16.150594 2.814575 4.175118 -5.837891 -6.099739 -12.747012 -11.781418 -11.145759 -13.297117 -12.248466 -9.888724 -5.138006 0.005992 3.392094 0.328780 -7.635603 -17.834080 -23.776206 -27.485832 -28.647239 -28.937853 -22.133941 -23.387973 -31.243928 -29.924850 -29.942184 -32.361668 -41.354678 -56.465316 -56.844150 -43.798139 -43.490024 
-27.887395 -9.036636 5.776573 5.905469 -4.813282 8.738406 5.970490 8.149999 15.419137 -0.488899 -1.839663 -13.714668 -9.794265 -15.167193 -16.420772 -13.256558 -14.966888 -14.654277 -13.234880 -8.346188 -4.068863 -1.020035 -4.394985 -11.544942 -19.979146 -27.111998 -29.259487 -30.334171 -32.464942 -26.164915 -27.746907 -36.379529 -34.390049 -35.138623 -37.550002 -40.474510 -43.501806 -43.875986 -42.193521 -41.960992 
-22.479046 -10.589836 4.032505 3.104630 -7.259740 8.046633 5.774181 9.770011 15.067121 -3.744133 -10.016498 -17.080998 -14.464080 -21.003345 -19.871863 -16.255635 -18.207541 -19.103036 -17.426275 -12.141644 -6.483679 -2.211935 -3.556479 -13.190493 -23.707098 -30.908332 -34.372873 -36.128451 -36.090985 -30.520092 -32.474233 -39.612608 -40.940033 -39.753754 -40.902957 -44.991066 -47.058522 -47.350551 -47.187138 -47.611387 
-18.257492 -12.261504 0.695447 0.324704 -5.245008 6.350679 1.324352 8.152449 9.295158 -11.322012 -12.954141 -24.030756 -19.785245 -24.707593 -24.466933 -22.092329 -25.427371 -25.285827 -25.413799 -20.265114 -15.438193 -7.551026 -7.575694 -16.155066 -25.086878 -32.206342 -34.434750 -36.390351 -38.347531 -34.059751 -36.483805 -43.306489 -43.942251 -44.270049 -47.836224 -48.653101 -49.165325 -49.368783 -49.576350 -49.816484 
-17.971641 -19.586394 -5.293735 0.619519 -1.246667 -1.528272 -2.985964 2.401045 -1.052112 -16.035392 -16.044321 -24.758871 -34.879771 -30.231382 -32.772377 -29.632932 -32.524573 -32.932347 -33.334542 -30.974231 -23.474287 -13.981196 -15.415428 -25.050839 -31.723587 -40.820644 -42.082891 -44.400395 -47.038105 -45.052130 -47.188124 -50.301733 -49.999054 -50.776180 -51.984453 -52.686633 -53.221765 -52.929280 -53.203236 -53.758756 
-13.853252 -17.375398 -9.726438 -2.763877 -3.936090 -8.750053 -14.764220 -10.397198 -13.852124 -28.586543 -33.065882 -36.962627 -41.100385 -42.938479 -43.660239 -46.292850 -49.215839 -48.569355 -48.454184 -49.065599 -41.144620 -29.446631 -26.733220 -39.429157 -48.743965 -50.573207 -52.628385 -53.041321 -52.515023 -52.847678 -55.324150 -57.551791 -58.315084 -57.978872 -60.310344 -60.955967 -61.447048 -61.623125 -60.969579 -61.280371 
-17.455322 -23.276892 -10.654220 -9.874251 -20.933512 -17.345833 -20.810679 -16.841633 -14.610873 -38.945859 -45.942177 -47.923453 -51.570244 -48.045821 -46.985771 -52.795806 -53.529706 -52.225029 -54.723584 -51.003403 -41.408730 -40.694036 -32.697884 -42.385789 -54.143776 -54.744315 -56.526952 -58.750354 -62.538418 -61.398194 -64.639317 -65.086981 -64.145366 -65.190266 -64.158838 -65.213297 -67.520519 -65.522841 -65.542790 -65.752480 
-15.807264 -22.824769 -14.450373 -13.843251 -20.279512 -21.453834 -24.172212 -19.228247 -19.693509 -39.457905 -47.581021 -50.956663 -54.289581 -55.901683 -57.708151 -55.354267 -55.678164 -58.031569 -60.829886 -59.708912 -53.501624 -44.841474 -39.135372 -52.460680 -61.116532 -64.382820 -63.902594 -63.670907 -66.614518 -64.904230 -65.726322 -64.520868 -63.539033 -65.295762 -67.074835 -69.175012 -69.642298 -68.313913 -67.201290 -68.563435 
-24.493189 -25.657360 -23.886037 -20.757710 -25.922041 -29.214647 -32.536777 -33.830497 -32.860235 -49.583541 -51.554982 -52.929204 -54.609787 -56.129054 -57.514145 -57.399035 -59.101906 -58.552801 -60.255664 -62.032723 -58.739862 -54.341514 -57.533736 -62.704641 -65.179023 -65.067626 -65.021271 -65.758188 -67.239328 -67.668411 -64.865873 -67.040190 -66.505235 -68.992069 -68.348938 -68.014197 -68.817995 -69.122782 -69.674834 -69.752203 
-4.765859 -4.132154 -7.402927 -11.451422 -14.017100 -10.310941 -8.041510 -4.930006 -4.812330 -7.610932 -10.730076 -13.844217 -15.232458 -13.583267 -13.000691 -12.403126 -12.927994 -14.615135 -15.919766 -17.579337 -21.056854 -17.810428 -11.853719 -15.509520 -16.320491 -17.380480 -19.083301 -15.720039 -17.516057 -17.721362 -16.709789 -20.874917 -22.243722 -19.723550 -17.996257 -19.611275 -22.065779 -17.321936 -19.038702 -21.733443 
-3.563509 -2.480887 -10.643925 -12.778949 -11.349275 -13.241925 -14.213229 -4.893018 -5.391723 -11.726540 -15.618870 -20.072035 -22.367931 -17.050637 -17.975818 -16.534317 -16.951711 -19.460737 -20.266465 -21.491267 -25.217025 -19.795493 -11.563441 -19.817477 -20.063269 -21.074146 -20.950605 -16.552995 -20.741670 -20.031240 -13.580627 -14.703585 -17.966505 -13.112463 -9.689026 -10.833125 -17.392630 -12.287969 -14.040140 -15.510976 
-15.002572 -13.377332 -20.859288 -17.358911 -19.580274 -18.188987 -22.518658 -17.513333 -15.650573 -21.050753 -27.940807 -24.509349 -29.591223 -25.019757 -25.526312 -33.685908 -31.783223 -23.356169 -22.377944 -27.163089 -28.681956 -21.860077 -15.547598 -24.175995 -24.126785 -26.040340 -18.956304 -18.022322 -26.128272 -24.578936 -15.456449 -13.812694 -19.678904 -21.992730 -13.969105 -17.373948 -23.576399 -23.362695 -24.622576 -24.658362 
-12.091737 -11.981555 -16.108815 -20.644225 -19.966521 -23.057338 -31.428272 -21.478195 -16.457365 -20.118625 -23.308692 -24.756475 -31.856545 -27.452667 -30.667382 -33.220630 -34.076656 -25.515787 -32.262485 -34.408882 -31.144227 -22.526121 -18.635368 -24.686225 -26.251912 -31.208607 -21.576924 -22.219884 -27.160678 -29.111723 -22.207547 -21.937514 -28.528723 -25.641556 -22.636759 -27.740522 -33.164453 -34.115000 -30.476101 -31.614063 
-31.161060 -34.739655 -34.883215 -37.676522 -37.256412 -33.489251 -33.700846 -32.536841 -36.822166 -31.269669 -29.741658 -32.253538 -39.355480 -44.941917 -39.734422 -47.387913 -48.138433 -43.904692 -44.913761 -41.551974 -40.576725 -42.928851 -34.255104 -33.872840 -42.287962 -45.643115 -40.126956 -40.437612 -46.467695 -50.701705 -44.605801 -41.257716 -48.023368 -47.931419 -40.818180 -41.678290 -49.441979 -51.235983 -51.136752 -58.518357 
-63.336383 -67.928045 -72.937727 -67.096721 -68.225746 -72.630877 -69.749192 -76.161638 -72.247690 -77.271936 -76.706851 -73.765776 -76.537083 -77.069581 -78.566582 -78.761023 -77.855582 -78.554375 -78.931446 -77.928628 -76.478508 -76.338747 -78.213224 -81.523387 -82.965206 -83.752364 -82.161204 -82.555842 -85.800592 -92.685722 -91.962456 -90.576632 -88.377280 -87.877931 -88.368365 -89.465849 -90.525733 -89.892002 -88.855785 -91.571126 
-71.703989 -72.565974 -71.666345 -71.492498 -73.039627 -72.797504 -72.741657 -74.827683 -74.366649 -76.537817 -77.671479 -79.705272 -82.709454 -84.990289 -87.305436 -84.574180 -82.247576 -80.994229 -79.866237 -79.698377 -80.448696 -82.036426 -84.103707 -85.114189 -84.033322 -82.544470 -82.072651 -83.147896 -86.325241 -93.120995 -103.479388 -101.149023 -98.778564 -92.760673 -90.723304 -94.956861 -99.984865 -95.104946 -97.898870 -92.652017 
NaN NaN NaN NaN NaN NaN NaN NaN NaN NaN NaN NaN NaN NaN NaN NaN NaN NaN NaN NaN NaN NaN NaN NaN NaN NaN NaN NaN NaN NaN NaN NaN NaN NaN NaN NaN NaN NaN NaN NaN 
NaN NaN NaN NaN NaN NaN NaN NaN NaN NaN NaN NaN NaN NaN NaN NaN NaN NaN NaN NaN NaN NaN NaN NaN NaN NaN NaN NaN NaN NaN NaN NaN NaN NaN NaN NaN NaN NaN NaN NaN 
NaN NaN NaN NaN NaN NaN NaN NaN NaN NaN NaN NaN NaN NaN NaN NaN NaN NaN NaN NaN NaN NaN NaN NaN NaN NaN NaN NaN NaN NaN NaN NaN NaN NaN NaN NaN NaN NaN NaN NaN 
NaN NaN NaN NaN NaN NaN NaN NaN NaN NaN NaN NaN NaN NaN NaN NaN NaN NaN NaN NaN NaN NaN NaN NaN NaN NaN NaN NaN NaN NaN NaN NaN NaN NaN NaN NaN NaN NaN NaN NaN 
NaN NaN NaN NaN NaN NaN NaN NaN NaN NaN NaN NaN NaN NaN NaN NaN NaN NaN NaN NaN NaN NaN NaN NaN NaN NaN NaN NaN NaN NaN NaN NaN NaN NaN NaN NaN NaN NaN NaN NaN 
NaN NaN NaN NaN NaN NaN NaN NaN NaN NaN NaN NaN NaN NaN NaN NaN NaN NaN NaN NaN NaN NaN NaN NaN NaN NaN NaN NaN NaN NaN NaN NaN NaN NaN NaN NaN NaN NaN NaN NaN 
