NaN NaN NaN NaN NaN NaN NaN NaN NaN NaN NaN NaN NaN NaN NaN NaN NaN NaN NaN NaN NaN NaN NaN NaN NaN NaN NaN NaN NaN NaN NaN NaN NaN NaN NaN NaN NaN NaN NaN NaN 
NaN NaN NaN NaN NaN NaN NaN NaN NaN NaN NaN NaN NaN NaN NaN NaN NaN NaN NaN NaN NaN NaN NaN NaN NaN NaN NaN NaN NaN NaN NaN NaN NaN NaN NaN NaN NaN NaN NaN NaN 
NaN NaN NaN NaN NaN NaN NaN NaN NaN NaN NaN NaN NaN NaN NaN NaN NaN NaN NaN NaN NaN NaN NaN NaN NaN NaN NaN NaN NaN NaN NaN NaN NaN NaN NaN NaN NaN NaN NaN NaN 
NaN NaN NaN NaN NaN NaN NaN NaN NaN NaN NaN NaN NaN NaN NaN NaN NaN NaN NaN NaN NaN NaN NaN NaN NaN NaN NaN NaN NaN NaN NaN NaN NaN NaN NaN NaN NaN NaN NaN NaN 
NaN NaN NaN NaN NaN NaN NaN NaN NaN NaN NaN NaN NaN NaN NaN NaN NaN NaN NaN NaN NaN NaN NaN NaN NaN NaN NaN NaN NaN NaN NaN NaN NaN NaN NaN NaN NaN NaN NaN NaN 
NaN NaN NaN NaN NaN NaN NaN NaN NaN NaN NaN NaN NaN NaN NaN NaN NaN NaN NaN NaN NaN NaN NaN NaN NaN NaN NaN NaN NaN NaN NaN NaN NaN NaN NaN NaN NaN NaN NaN NaN 
NaN NaN NaN NaN NaN NaN NaN NaN NaN NaN NaN NaN NaN NaN NaN NaN NaN NaN NaN NaN NaN NaN NaN NaN NaN NaN NaN NaN NaN NaN NaN NaN NaN NaN NaN NaN NaN NaN NaN NaN 
NaN NaN NaN NaN NaN NaN NaN NaN NaN NaN NaN NaN NaN NaN NaN NaN NaN NaN NaN NaN NaN NaN NaN NaN NaN NaN NaN NaN NaN NaN NaN NaN NaN NaN NaN NaN NaN NaN NaN NaN 
NaN NaN NaN NaN NaN NaN NaN NaN NaN NaN NaN NaN NaN NaN NaN NaN NaN NaN NaN NaN NaN NaN NaN NaN NaN NaN NaN NaN NaN NaN NaN NaN NaN NaN NaN NaN NaN NaN NaN NaN 
NaN NaN NaN NaN NaN NaN NaN NaN NaN NaN NaN NaN NaN NaN NaN NaN NaN NaN NaN NaN NaN NaN NaN NaN NaN NaN NaN NaN NaN NaN NaN NaN NaN NaN NaN NaN NaN NaN NaN NaN 
NaN NaN NaN NaN NaN NaN NaN NaN NaN NaN NaN NaN NaN NaN NaN NaN NaN NaN NaN NaN NaN NaN NaN NaN NaN NaN NaN NaN NaN NaN NaN NaN NaN NaN NaN NaN NaN NaN NaN NaN 
NaN NaN NaN NaN NaN NaN NaN NaN NaN NaN NaN NaN NaN NaN NaN NaN NaN NaN NaN NaN NaN NaN NaN NaN NaN NaN NaN NaN NaN NaN NaN NaN NaN NaN NaN NaN NaN NaN NaN NaN 
NaN NaN NaN NaN NaN NaN NaN NaN NaN NaN NaN NaN NaN NaN NaN NaN NaN NaN NaN NaN NaN NaN NaN NaN NaN NaN NaN NaN NaN NaN NaN NaN NaN NaN NaN NaN NaN NaN NaN NaN 
NaN NaN NaN NaN NaN NaN NaN NaN NaN NaN NaN NaN NaN NaN NaN NaN NaN NaN NaN NaN NaN NaN NaN NaN NaN NaN NaN NaN NaN NaN NaN NaN NaN NaN NaN NaN NaN NaN NaN NaN 
NaN NaN NaN NaN NaN NaN NaN NaN NaN NaN NaN NaN NaN NaN NaN NaN NaN NaN NaN NaN NaN NaN NaN NaN NaN NaN NaN NaN NaN NaN NaN NaN NaN NaN NaN NaN NaN NaN NaN NaN 
NaN NaN NaN NaN NaN NaN NaN NaN NaN NaN NaN NaN NaN NaN NaN NaN NaN NaN NaN NaN NaN NaN NaN NaN NaN NaN NaN NaN NaN NaN NaN NaN NaN NaN NaN NaN NaN NaN NaN NaN 
NaN NaN NaN NaN NaN NaN NaN NaN NaN NaN NaN NaN NaN NaN NaN NaN NaN NaN NaN NaN NaN NaN NaN NaN NaN NaN NaN NaN NaN NaN NaN NaN NaN NaN NaN NaN NaN NaN NaN NaN 
NaN NaN NaN NaN NaN NaN NaN NaN NaN NaN NaN NaN NaN NaN NaN NaN NaN NaN NaN NaN NaN NaN NaN NaN NaN NaN NaN NaN NaN NaN NaN NaN NaN NaN NaN NaN NaN NaN NaN NaN 
NaN NaN NaN NaN NaN NaN NaN NaN NaN NaN NaN NaN NaN NaN NaN NaN NaN NaN NaN NaN NaN NaN NaN NaN NaN NaN NaN NaN NaN NaN NaN NaN NaN NaN NaN NaN NaN NaN NaN NaN 
NaN NaN NaN NaN NaN NaN NaN NaN NaN NaN NaN NaN NaN NaN NaN NaN NaN NaN NaN NaN NaN NaN NaN NaN NaN NaN NaN NaN NaN NaN NaN NaN NaN NaN NaN NaN NaN NaN NaN NaN 
-108.453090 -108.334900 -108.147086 -107.853426 -107.493544 -107.051706 -106.588594 -106.089016 -105.548649 -105.038707 -104.558831 -104.115564 -103.746516 -103.457415 -103.269920 -103.210269 -103.302704 -103.579427 -104.081719 -104.849243 -105.933714 -107.351234 -108.911721 -110.025070 -109.799249 -108.378936 -106.767890 -105.583515 -105.055339 -105.360975 -106.765867 -109.754396 -114.744620 -115.956471 -111.623697 -109.365999 -109.698754 -113.097607 -119.543533 -120.607836 
-26.176658 -25.305615 -25.159119 -25.627944 -26.916644 -29.590600 -32.764998 -31.084561 -29.679189 -36.463590 -31.434682 -29.547902 -29.507910 -34.312064 -29.743313 -26.144759 -25.439948 -29.001844 -26.164243 -30.200017 -36.579017 -40.070318 -43.203790 -45.105223 -50.240381 -55.289640 -56.880739 -55.026670 -53.489147 -56.321409 -59.469595 -53.247958 -58.387242 -61.991722 -62.653121 -64.438526 -64.983668 -64.886560 -66.701608 -68.327129 
-18.570464 -20.055282 -18.658491 -21.326985 -14.644871 -16.715868 -24.205665 -21.081894 -13.928416 -17.228737 -25.924650 -24.466817 -20.771136 -22.081229 -21.423742 -21.001655 -18.348308 -16.448627 -13.977311 -17.804752 -22.917847 -26.386527 -27.289600 -32.678710 -39.034860 -39.223894 -38.526307 -39.215772 -34.649541 -36.487397 -41.237192 -42.701501 -44.143523 -45.308079 -44.876879 -46.410040 -48.750258 -48.686370 -49.183168 -51.936462 
-18.522013 -16.818695 -22.005208 -19.163843 -17.402310 -18.663274 -14.468255 -13.528898 -12.077293 -15.939378 -17.586337 -10.983616 -16.257150 -19.803892 -17.706250 -15.753063 -11.209429 -9.585419 -6.166975 -16.134433 -17.309046 -20.508971 -21.973417 -26.475947 -30.721529 -31.003209 -36.629595 -32.142121 -27.601180 -29.008127 -34.010031 -30.228630 -33.876043 -39.492200 -40.260740 -38.595697 -38.779567 -40.423764 -40.977661 -46.456657 
-19.756811 -18.727430 -19.080280 -19.313554 -22.269022 -26.250383 -21.623176 -13.327205 -8.506401 -14.768800 -13.227090 -7.885555 -10.482559 -17.460086 -19.563167 -11.783409 -6.029663 -5.899118 -3.108374 -8.654646 -11.361045 -10.688456 -18.110339 -23.051609 -25.944557 -30.133010 -33.896988 -29.790059 -26.926544 -26.622276 -30.353500 -25.690412 -33.719060 -34.840152 -34.209014 -29.772897 -33.119328 -37.552410 -37.769664 -40.805343 
-21.069465 -25.033193 -17.394059 -14.747342 -22.690398 -25.073950 -21.634725 -18.915838 -16.839063 -14.897053 -11.129515 -8.759162 -5.976697 -8.907606 -16.967941 -17.891574 -7.026187 -6.811130 -4.433464 -7.423016 -8.391781 -9.213477 -17.500084 -25.098165 -30.546334 -31.172379 -30.081244 -24.190923 -22.130347 -24.041922 -31.018178 -25.748740 -27.396666 -36.350358 -38.797985 -33.718024 -33.396419 -37.330769 -38.200223 -39.120885 
-17.911941 -9.449392 0.186776 1.399067 -7.489400 -12.928167 -16.196272 -20.607143 -16.721041 -12.150821 -12.593393 -8.950606 -8.820538 -13.343308 -15.732061 -8.482958 -7.469221 -9.415915 -5.855698 -8.859160 -9.651720 -11.742653 -17.103018 -21.544464 -26.981800 -27.095588 -30.070432 -26.611263 -19.557609 -26.178928 -28.946049 -22.644891 -23.643027 -37.758550 -40.204574 -38.672994 -34.974459 -36.021184 -36.378319 -37.473611 
-11.411535 -6.291382 10.129539 15.643672 8.373809 -6.950527 -2.932023 0.757369 -2.337198 -3.641869 -4.426106 -1.658409 -2.401995 -6.712861 -8.571322 -7.232633 -2.236400 -3.627808 -3.448447 -6.077382 -3.397000 -9.163998 -19.744158 -23.675347 -26.186588 -27.476606 -29.252899 -25.528660 -21.091647 -27.351473 -27.685889 -21.145313 -24.631955 -34.794787 -36.696341 -33.127859 -31.829811 -31.917366 -33.606067 -31.771828 
-14.276920 -10.456301 9.738629 18.988162 11.157707 -3.427287 12.046457 11.013526 -1.370261 9.751670 1.368067 4.459283 2.694760 -2.206343 -4.043345 -3.562551 -2.200189 1.265645 -2.287592 -5.006770 -5.377332 -18.133171 -23.368347 -28.995520 -28.792671 -33.092802 -29.584638 -27.436352 -21.422676 -26.055769 -30.535474 -23.655990 -24.651503 -38.792778 -37.379137 -30.358100 -29.002305 -32.121344 -33.122192 -32.491048 
-19.868833 -22.323502 4.886457 17.763400 11.858484 -4.940086 15.771266 18.063664 0.084520 14.683556 10.254953 0.917614 7.715728 2.340386 6.812769 3.149448 5.631084 4.973203 -3.012893 -5.605989 -5.461882 -17.395690 -24.586639 -27.811903 -29.981921 -32.569509 -34.117823 -29.789592 -25.065519 -29.281874 -32.538337 -22.678434 -24.484694 -36.885695 -37.839269 -31.476919 -30.816805 -31.079057 -35.150684 -32.723376 
-14.084569 -19.798512 -2.533371 15.774840 13.097508 -6.521560 13.327942 21.155390 5.409961 12.360304 14.978524 -1.553311 9.544544 0.798534 5.390738 3.235687 11.003413 4.489646 1.106441 -0.182576 -5.023769 -16.911849 -23.407274 -29.981558 -33.683418 -34.414920 -37.367953 -33.643005 -27.324729 -29.927329 -32.583692 -21.419876 -25.605642 -43.263860 -43.741183 -34.955532 -31.611400 -32.371826 -38.827249 -38.086916 
-13.829006 -15.999913 -5.615623 15.233330 14.843573 -5.148947 8.956494 22.908232 11.516227 3.962125 16.540227 1.100879 8.020693 5.931087 1.157735 4.950631 9.685566 6.613330 -4.672984 -2.933012 -2.986052 -19.320301 -27.555436 -32.310709 -33.687179 -35.507069 -35.289171 -33.104768 -23.382133 -24.536928 -29.155947 -24.360412 -29.239246 -45.300814 -44.732411 -35.863724 -29.688638 -31.691383 -37.861959 -38.809757 
-13.455721 -12.781646 -10.674297 14.132264 14.826533 -3.014151 8.805111 24.134140 13.866886 1.360597 16.769859 2.672939 7.638532 7.812939 1.849415 8.160928 7.051828 9.137411 -7.639933 -6.265397 -3.987055 -20.689940 -28.282595 -33.449345 -33.958218 -39.258683 -36.411872 -34.038818 -24.369944 -26.365584 -32.604053 -27.859000 -33.762724 -44.838452 -43.761612 -39.714772 -33.975247 -33.503727 -40.141085 -40.645641 
-16.699000 -17.814245 -8.568738 13.556076 14.580851 -4.551211 8.517018 24.725559 15.106486 0.688311 16.790457 3.019012 7.035056 8.028731 3.967762 10.263167 7.696356 10.359961 -3.182775 -5.210530 -7.016230 -20.587517 -23.891422 -26.834580 -28.329608 -29.287354 -30.114181 -29.694197 -26.585559 -26.535794 -29.623568 -25.137157 -29.005649 -34.316142 -34.541126 -33.647670 -32.491768 -32.290111 -35.313761 -35.588457 
-31.837635 -25.205030 -8.069283 13.707707 13.800103 -7.890227 11.369460 25.136243 13.821492 2.712058 16.406433 1.169177 9.314621 7.192913 7.818571 9.596612 10.894840 10.137333 -2.468487 -8.429095 -8.188920 -20.340258 -26.666590 -30.565707 -32.997356 -34.907429 -34.275212 -34.465380 -27.695457 -27.321031 -29.984428 -27.891765 -33.399402 -40.319062 -40.629205 -39.991360 -38.188666 -37.766136 -39.521700 -40.395633 
-19.104122 -21.312866 -4.687419 14.504461 12.908779 -7.528321 14.939511 24.735131 9.414225 7.484340 14.829963 -0.871718 11.171766 3.523413 10.536316 6.917176 14.853410 7.711926 -2.896124 -4.444938 -6.912197 -22.124919 -29.742259 -30.951316 -33.050737 -35.748213 -35.781499 -33.940372 -24.852812 -24.769333 -28.221623 -25.738983 -32.336671 -45.181971 -44.917033 -40.098206 -35.586315 -34.799028 -42.027867 -38.981695 
-27.363109 -19.476683 -0.606555 14.891210 11.590944 -6.014885 17.382555 23.219675 4.471416 11.065241 11.453845 -0.255753 11.466344 2.169876 10.952460 6.409017 16.258525 2.449115 -4.689437 -0.145149 -8.680045 -20.416961 -23.477798 -26.411158 -27.840937 -29.229617 -29.628444 -29.557505 -24.297103 -22.681281 -27.537681 -26.540449 -29.935274 -34.062404 -34.496801 -33.924803 -32.829545 -33.930965 -35.668547 -35.374389 
-23.136612 -16.890903 3.132748 14.848722 8.867944 0.575823 19.330452 18.775977 0.364231 14.576418 7.588533 5.655547 7.485963 5.788617 9.542796 10.904985 13.548441 3.665459 -3.480452 -1.149044 -10.636027 -19.420922 -26.777943 -29.839954 -32.980828 -34.920655 -35.396790 -33.128091 -25.002375 -22.744849 -27.897717 -29.877029 -34.669326 -42.103200 -42.356973 -39.231476 -36.638300 -37.130531 -40.024272 -40.646093 
-21.124635 -12.435855 6.663303 14.458545 3.611015 7.981715 21.114083 13.794301 7.460944 15.163392 4.045814 8.589042 1.564029 7.924170 4.584437 11.054733 7.340780 4.804601 -6.240201 -2.809451 -8.444237 -21.735998 -26.789724 -30.515599 -33.837058 -34.380259 -35.055978 -34.156441 -26.220643 -24.029345 -29.506146 -28.939671 -33.622661 -40.483307 -40.999386 -38.840418 -35.783385 -35.796275 -39.740518 -39.755273 
-21.185581 -9.278772 10.151919 13.687336 0.490110 14.492865 21.345633 11.813909 15.309773 8.510060 5.540232 6.155177 2.144151 4.051804 6.132370 6.382054 10.528462 1.781328 -6.264803 -2.123862 -10.700917 -21.680618 -29.934672 -31.515789 -33.117466 -33.736943 -34.831771 -34.192890 -26.192057 -22.835226 -27.877499 -29.018616 -34.119640 -38.420028 -38.843194 -36.901933 -33.931310 -34.703910 -37.346543 -37.372692 
-32.299023 -3.302183 12.869108 13.105434 1.977697 16.585052 16.429461 12.658427 20.168902 8.136992 8.724772 1.441301 2.365112 1.272958 3.895896 6.310568 7.194622 1.525458 -5.967866 -2.402259 -10.447182 -23.404287 -30.392250 -31.567475 -32.609953 -33.939624 -34.652022 -33.421869 -26.236625 -24.113834 -27.707346 -29.291659 -34.738076 -38.489117 -38.906157 -38.639753 -33.835860 -35.298819 -38.788405 -37.867271 
-22.326639 1.862295 14.684084 11.970379 6.821121 14.149169 7.678140 20.479110 19.378885 8.281302 3.998115 3.732779 0.013205 2.384484 0.807202 3.799376 8.117116 0.038826 -3.759360 -2.932815 -11.642554 -23.155786 -31.294950 -33.707868 -35.697119 -37.133287 -37.239687 -35.660627 -27.376286 -24.464676 -30.639419 -31.312061 -36.967062 -45.556821 -44.194565 -42.332839 -37.331268 -38.667248 -41.203045 -41.798482 
-15.847189 5.711626 14.385528 9.032121 11.906062 13.832409 14.203037 23.268712 13.224998 9.558970 4.674742 3.394869 -1.626276 -2.513703 -2.302584 1.957539 4.331436 -2.683204 -4.248289 -3.345062 -10.163455 -21.861251 -30.658401 -34.825515 -39.163517 -39.402746 -40.630503 -37.975748 -28.120567 -26.361390 -31.658720 -34.630324 -39.372874 -44.999209 -44.287498 -40.378405 -38.335305 -39.170038 -43.487307 -42.938060 
-12.334566 7.540188 12.916652 6.375585 14.924840 12.197409 18.630654 19.007907 13.194220 4.521456 4.490818 -4.149886 -8.872600 -3.828786 -2.524441 2.274552 5.959588 2.609863 -1.793229 -0.590038 -10.988362 -22.285646 -29.020410 -31.882537 -33.443157 -34.060441 -34.568559 -33.764038 -26.547397 -25.452935 -29.713343 -29.228141 -33.881982 -38.427409 -38.795229 -37.349784 -35.933540 -37.233509 -38.906455 -38.996881 
-8.975416 8.468193 11.368047 8.107091 15.131894 11.024780 17.891564 14.674719 15.805258 4.107870 -1.189810 -4.303733 -4.589883 -3.906194 -2.649968 0.451114 4.935007 1.545378 -3.437891 -0.021537 -11.634741 -22.791330 -29.439747 -33.648089 -36.522094 -37.008367 -38.017593 -36.271032 -27.760649 -27.818451 -31.951371 -30.612708 -35.250184 -42.171809 -41.925933 -39.314427 -32.809657 -33.730261 -41.842856 -40.806132 
-5.810116 8.784906 8.880625 9.723272 11.963030 11.011774 13.672274 17.542774 13.536451 -2.435596 -1.327155 -3.127873 -8.209478 -7.462121 -6.337196 -6.640756 2.056841 1.097778 -7.196881 -8.874608 -14.332081 -24.442347 -28.005890 -28.878047 -30.048553 -31.050422 -31.545659 -30.691020 -25.227994 -26.486128 -30.359478 -31.614408 -34.830362 -36.111946 -36.358588 -35.834577 -35.074969 -36.204269 -37.623606 -37.918536 
-3.981498 8.644691 7.430536 9.913888 8.986161 7.721005 10.767509 18.610156 8.539985 -1.213272 -1.576788 -9.549932 -11.074686 -8.957953 -7.789676 -4.232964 0.742113 0.971191 -3.770058 -5.687885 -13.007845 -26.141190 -32.312238 -35.596985 -36.706727 -37.604272 -37.267571 -33.192865 -27.162754 -29.393120 -36.269820 -38.844905 -41.968857 -42.764785 -42.908842 -36.551991 -37.392776 -39.092484 -41.219628 -42.506246 
-5.584271 6.870059 6.012631 8.517010 6.359883 4.240559 12.018704 16.311043 4.230165 -3.450118 -8.319471 -10.086293 -12.353582 -11.390231 -11.012393 -9.728893 -1.753214 0.177051 -8.335931 -4.509222 -14.535271 -29.184863 -37.083003 -39.707979 -42.363163 -43.074316 -42.690339 -39.483687 -32.613057 -35.151301 -39.730820 -41.673781 -45.168552 -47.426350 -47.690496 -39.370046 -35.576592 -36.370967 -42.071938 -40.192110 
-9.110243 2.618346 0.206258 2.462564 -1.039591 2.571105 10.671143 11.087951 1.643941 -10.722343 -17.105722 -21.054364 -19.719898 -19.772179 -19.705511 -17.565332 -5.528019 -4.587267 -12.255123 -9.242482 -17.715996 -32.969414 -41.285137 -44.026850 -44.688142 -47.934016 -47.450966 -41.763912 -40.408452 -44.743208 -42.621869 -42.326938 -49.486685 -52.431048 -54.409591 -45.991178 -38.228944 -39.461030 -40.867056 -43.489355 
-9.842389 1.262374 0.034035 2.070331 5.100646 5.628296 6.070050 5.741189 -1.616811 -13.169585 -13.688982 -17.601598 -15.438931 -20.870668 -25.772482 -21.079398 -14.015115 -9.333822 -19.065436 -15.833077 -15.916065 -29.509523 -38.075130 -40.860870 -41.616884 -43.282396 -43.155186 -39.348966 -42.573502 -43.980603 -41.529450 -43.345344 -46.334904 -47.352035 -47.734032 -43.291869 -37.141782 -34.254417 -40.530925 -44.140585 
-10.874393 -2.137813 -5.193843 -5.868213 -4.758187 -7.085481 2.086541 5.107976 -7.665767 -22.268496 -21.512015 -28.199182 -31.617626 -29.257441 -28.024719 -26.312460 -21.824119 -17.684350 -11.353769 -15.154960 -17.051364 -32.196589 -37.947032 -43.175684 -46.687397 -50.826471 -49.911624 -46.262608 -45.324254 -45.514371 -46.290090 -49.713354 -53.295251 -55.249004 -54.607037 -53.779373 -45.508024 -41.685189 -47.194195 -48.702230 
-20.044308 -6.660511 -0.841202 -7.444721 -3.366399 -3.672215 -3.408837 -7.317284 -16.676785 -23.147850 -25.906778 -30.422459 -31.204156 -30.485836 -32.383504 -33.382129 -28.668525 -22.954169 -12.567670 -13.815073 -18.574839 -27.402086 -38.009923 -46.016812 -45.384073 -45.208862 -45.161061 -43.745330 -46.051955 -47.118029 -47.058424 -47.185778 -50.864768 -51.517788 -51.199397 -51.504667 -47.126706 -46.164591 -47.467800 -48.522159 
-12.840120 -4.122343 -6.111797 -9.089707 -8.765451 -12.108426 -8.454253 -13.649736 -20.193058 -26.123256 -29.661302 -34.603666 -41.192693 -36.340642 -34.544761 -35.257525 -37.270258 -29.966853 -18.284985 -19.210904 -18.917937 -22.956903 -33.834790 -41.987569 -45.668632 -44.921284 -45.080999 -41.436466 -43.164501 -46.744368 -46.401661 -49.819087 -52.479028 -54.930005 -58.123980 -57.530220 -53.099413 -50.100852 -47.363004 -48.082364 
-20.993031 -8.658394 -11.217722 -21.498831 -12.535106 -6.042251 -4.229481 -11.041664 -27.590074 -39.967877 -38.745661 -45.912060 -45.808241 -38.791721 -34.349173 -42.407943 -42.489139 -36.823182 -26.592027 -20.873216 -22.729182 -23.599817 -33.184169 -41.093983 -44.075660 -41.867437 -44.019823 -48.931503 -51.023680 -49.976097 -51.177768 -52.528398 -53.596144 -56.486972 -56.437439 -56.879649 -54.851967 -51.094720 -47.907488 -48.397761 
-20.691618 -17.585125 -21.223949 -26.585583 -25.133261 -21.827547 -18.511930 -26.717189 -39.907877 -41.956605 -41.126464 -44.208310 -48.944828 -44.176748 -43.854802 -46.499400 -45.847562 -47.801115 -39.996722 -34.171552 -34.632104 -32.166961 -35.015042 -47.969802 -50.374137 -52.540111 -51.502610 -51.857023 -54.847400 -53.525182 -61.709002 -59.099957 -58.495023 -58.970927 -61.337571 -62.207715 -59.897895 -57.889634 -56.045701 -58.319883 
-31.573519 -31.988871 -29.059879 -29.421008 -28.453223 -28.183358 -31.538902 -40.676499 -46.310608 -50.686604 -56.568664 -58.148006 -62.270354 -60.524473 -63.199304 -62.941918 -65.990346 -64.497714 -59.796036 -55.261688 -59.625403 -66.304221 -68.567275 -68.174357 -71.371441 -71.139277 -70.845307 -72.175703 -76.776572 -77.058845 -72.841712 -72.010653 -75.111384 -75.125483 -75.425548 -73.617730 -76.899589 -79.962964 -78.069401 -78.757860 
-48.833702 -50.309898 -50.252763 -50.745762 -50.428043 -47.560106 -50.789062 -59.243898 -59.379547 -59.178756 -65.605017 -68.195940 -67.990120 -70.154128 -71.050750 -71.656643 -69.282987 -72.684317 -76.127754 -74.055791 -74.414057 -75.508422 -78.224473 -78.071171 -73.263526 -77.677527 -77.848275 -78.619904 -79.817366 -78.953503 -81.524891 -77.424173 -77.694070 -79.724681 -79.701282 -79.504055 -79.066645 -79.219605 -78.608631 -79.329396 
-60.993462 -57.658318 -57.508671 -58.647608 -58.390114 -62.035713 -62.789924 -66.841053 -69.946992 -69.573407 -73.265011 -70.569187 -70.787762 -78.607418 -75.388402 -75.630711 -75.754196 -78.293750 -81.239226 -81.562754 -81.727605 -77.027404 -77.855797 -85.294229 -78.121355 -77.224485 -81.301806 -79.192169 -81.110125 -87.584013 -80.792802 -81.940341 -80.520501 -81.169661 -82.858051 -84.025667 -83.276709 -80.796427 -81.445611 -80.269149 
-57.705349 -57.261438 -55.655397 -63.256216 -66.627634 -68.972501 -67.358092 -66.167768 -71.548326 -76.652998 -74.026860 -74.282368 -74.522644 -77.349995 -83.333989 -76.406276 -77.976957 -77.784100 -78.494952 -75.679442 -78.631622 -80.408393 -81.172229 -84.047931 -83.160643 -81.077624 -84.264869 -83.619004 -84.585039 -85.064955 -82.289027 -85.447001 -82.291174 -80.638865 -80.882806 -82.740604 -83.196503 -82.395781 -85.051314 -84.564522 
-34.706418 -34.728215 -34.882728 -34.521862 -34.933771 -35.794118 -37.418331 -40.242173 -47.223384 -54.335056 -51.209062 -53.902136 -49.850748 -42.481100 -40.514851 -42.510105 -46.036809 -46.709563 -46.738176 -41.355600 -38.907430 -41.742351 -46.701838 -48.724316 -50.198725 -46.512132 -50.620943 -55.435888 -48.688816 -48.274060 -44.464264 -49.587632 -46.225585 -49.672139 -51.847406 -47.581663 -51.136354 -54.073280 -57.626804 -62.253834 
-16.022760 -18.014740 -23.863883 -21.120851 -16.613862 -13.262684 -18.969086 -30.712773 -28.184086 -35.703488 -31.416156 -28.352005 -31.173382 -25.216778 -21.873492 -27.005818 -31.095666 -33.633387 -30.230932 -23.751610 -19.585012 -27.073637 -28.853798 -32.710365 -26.598958 -26.794403 -30.828174 -32.405719 -28.888616 -25.723985 -22.059499 -21.821936 -21.659498 -25.911385 -22.724402 -25.777660 -28.995138 -27.426691 -29.718753 -28.392381 
-11.605431 -13.166887 -23.566962 -30.523390 -18.898073 -13.260656 -18.588981 -27.975140 -24.649154 -27.971094 -29.817614 -24.722408 -30.166665 -27.617400 -25.050744 -32.053547 -34.088622 -28.634004 -29.337432 -29.393094 -26.171884 -30.127934 -31.378300 -24.652049 -18.587170 -25.676420 -22.146374 -25.453462 -21.210878 -17.853854 -16.202752 -18.464110 -17.842283 -19.304986 -17.176714 -21.422133 -21.902601 -21.911245 -19.560113 -19.754479 
-15.549871 -20.275256 -26.730501 -25.972214 -24.005767 -21.279981 -29.424943 -27.537356 -29.965144 -34.300270 -29.917541 -28.678717 -33.327479 -31.794782 -31.755140 -36.481906 -36.860217 -36.180592 -32.860348 -22.436650 -23.777492 -35.217133 -34.904868 -22.987800 -19.181220 -26.759747 -29.225035 -29.318185 -20.551158 -22.325986 -22.178957 -20.870202 -19.973530 -21.542870 -23.120723 -22.710684 -24.216103 -24.683236 -26.250579 -29.553466 
-15.248937 -16.257294 -22.333328 -21.279654 -18.392530 -23.304333 -24.549395 -26.713055 -35.644756 -38.497173 -31.212077 -26.988921 -26.144035 -30.407623 -36.263865 -38.286066 -38.196070 -36.230475 -36.523081 -25.232607 -23.104876 -29.427960 -29.676281 -32.310738 -26.188087 -31.901225 -36.701074 -32.243426 -25.426489 -21.603473 -25.037455 -27.492020 -25.863692 -26.484070 -29.063127 -30.917466 -29.881103 -29.098344 -29.380106 -29.361818 
-20.172686 -21.308115 -29.036242 -27.158552 -26.917043 -21.728220 -23.714530 -25.316057 -33.473967 -42.031101 -35.955688 -34.838232 -35.125477 -36.363490 -35.765126 -36.740678 -38.922595 -33.962241 -36.863273 -22.468476 -22.756104 -36.204203 -33.724513 -32.126999 -20.444616 -27.773470 -37.595283 -37.634290 -30.044924 -24.488170 -30.751000 -33.958357 -33.276252 -32.815998 -32.620806 -35.727716 -37.608198 -37.566391 -38.584089 -38.818689 
-33.690141 -29.837077 -35.199548 -28.480556 -22.297613 -30.161427 -27.011477 -23.189274 -33.066290 -35.696936 -34.490352 -33.518978 -39.983509 -33.516577 -34.570360 -36.363021 -36.504669 -39.073286 -34.807491 -20.929203 -26.154890 -37.605448 -32.407599 -31.393782 -22.890227 -31.612296 -42.128880 -36.507739 -38.610688 -31.433333 -34.887763 -36.085620 -39.207256 -41.102407 -38.953811 -39.243804 -41.818688 -44.043231 -42.057736 -45.102301 
-36.596789 -38.701483 -42.195972 -37.644267 -33.882140 -33.326191 -32.490803 -32.372893 -37.037283 -47.448128 -47.974334 -46.746820 -52.168885 -46.429021 -48.565839 -44.414288 -47.727060 -45.395183 -38.854556 -33.480853 -39.763244 -49.499125 -42.020639 -38.057547 -33.278994 -44.304293 -53.530116 -53.239599 -52.519951 -46.597486 -46.534968 -46.888392 -45.680402 -51.282617 -53.735196 -53.218204 -52.915986 -54.592437 -55.870287 -58.304208 
NaN NaN NaN NaN NaN NaN NaN NaN NaN NaN NaN NaN NaN NaN NaN NaN NaN NaN NaN NaN NaN NaN NaN NaN NaN NaN NaN NaN NaN NaN NaN NaN NaN NaN NaN NaN NaN NaN NaN NaN 
NaN NaN NaN NaN NaN NaN NaN NaN NaN NaN NaN NaN NaN NaN NaN NaN NaN NaN NaN NaN NaN NaN NaN NaN NaN NaN NaN NaN NaN NaN NaN NaN NaN NaN NaN NaN NaN NaN NaN NaN 
NaN NaN NaN NaN NaN NaN NaN NaN NaN NaN NaN NaN NaN NaN NaN NaN NaN NaN NaN NaN NaN NaN NaN NaN NaN NaN NaN NaN NaN NaN NaN NaN NaN NaN NaN NaN NaN NaN NaN NaN 
NaN NaN NaN NaN NaN NaN NaN NaN NaN NaN NaN NaN NaN NaN NaN NaN NaN NaN NaN NaN NaN NaN NaN NaN NaN NaN NaN NaN NaN NaN NaN NaN NaN NaN NaN NaN NaN NaN NaN NaN 
NaN NaN NaN NaN NaN NaN NaN NaN NaN NaN NaN NaN NaN NaN NaN NaN NaN NaN NaN NaN NaN NaN NaN NaN NaN NaN NaN NaN NaN NaN NaN NaN NaN NaN NaN NaN NaN NaN NaN NaN 
NaN NaN NaN NaN NaN NaN NaN NaN NaN NaN NaN NaN NaN NaN NaN NaN NaN NaN NaN NaN NaN NaN NaN NaN NaN NaN NaN NaN NaN NaN NaN NaN NaN NaN NaN NaN NaN NaN NaN NaN 
NaN NaN NaN NaN NaN NaN NaN NaN NaN NaN NaN NaN NaN NaN NaN NaN NaN NaN NaN NaN NaN NaN NaN NaN NaN NaN NaN NaN NaN NaN NaN NaN NaN NaN NaN NaN NaN NaN NaN NaN 
NaN NaN NaN NaN NaN NaN NaN NaN NaN NaN NaN NaN NaN NaN NaN NaN NaN NaN NaN NaN NaN NaN NaN NaN NaN NaN NaN NaN NaN NaN NaN NaN NaN NaN NaN NaN NaN NaN NaN NaN 
NaN NaN NaN NaN NaN NaN NaN NaN NaN NaN NaN NaN NaN NaN NaN NaN NaN NaN NaN NaN NaN NaN NaN NaN NaN NaN NaN NaN NaN NaN NaN NaN NaN NaN NaN NaN NaN NaN NaN NaN 
NaN NaN NaN NaN NaN NaN NaN NaN NaN NaN NaN NaN NaN NaN NaN NaN NaN NaN NaN NaN NaN NaN NaN NaN NaN NaN NaN NaN NaN NaN NaN NaN NaN NaN NaN NaN NaN NaN NaN NaN 
NaN NaN NaN NaN NaN NaN NaN NaN NaN NaN NaN NaN NaN NaN NaN NaN NaN NaN NaN NaN NaN NaN NaN NaN NaN NaN NaN NaN NaN NaN NaN NaN NaN NaN NaN NaN NaN NaN NaN NaN 
NaN NaN NaN NaN NaN NaN NaN NaN NaN NaN NaN NaN NaN NaN NaN NaN NaN NaN NaN NaN NaN NaN NaN NaN NaN NaN NaN NaN NaN NaN NaN NaN NaN NaN NaN NaN NaN NaN NaN NaN 
NaN NaN NaN NaN NaN NaN NaN NaN NaN NaN NaN NaN NaN NaN NaN NaN NaN NaN NaN NaN NaN NaN NaN NaN NaN NaN NaN NaN NaN NaN NaN NaN NaN NaN NaN NaN NaN NaN NaN NaN 
NaN NaN NaN NaN NaN NaN NaN NaN NaN NaN NaN NaN NaN NaN NaN NaN NaN NaN NaN NaN NaN NaN NaN NaN NaN NaN NaN NaN NaN NaN NaN NaN NaN NaN NaN NaN NaN NaN NaN NaN 
NaN NaN NaN NaN NaN NaN NaN NaN NaN NaN NaN NaN NaN NaN NaN NaN NaN NaN NaN NaN NaN NaN NaN NaN NaN NaN NaN NaN NaN NaN NaN NaN NaN NaN NaN NaN NaN NaN NaN NaN 
NaN NaN NaN NaN NaN NaN NaN NaN NaN NaN NaN NaN NaN NaN NaN NaN NaN NaN NaN NaN NaN NaN NaN NaN NaN NaN NaN NaN NaN NaN NaN NaN NaN NaN NaN NaN NaN NaN NaN NaN 
NaN NaN NaN NaN NaN NaN NaN NaN NaN NaN NaN NaN NaN NaN NaN NaN NaN NaN NaN NaN NaN NaN NaN NaN NaN NaN NaN NaN NaN NaN NaN NaN NaN NaN NaN NaN NaN NaN NaN NaN 
NaN NaN NaN NaN NaN NaN NaN NaN NaN NaN NaN NaN NaN NaN NaN NaN NaN NaN NaN NaN NaN NaN NaN NaN NaN NaN NaN NaN NaN NaN NaN NaN NaN NaN NaN NaN NaN NaN NaN NaN 
NaN NaN NaN NaN NaN NaN NaN NaN NaN NaN NaN NaN NaN NaN NaN NaN NaN NaN NaN NaN NaN NaN NaN NaN NaN NaN NaN NaN NaN NaN NaN NaN NaN NaN NaN NaN NaN NaN NaN NaN 
NaN NaN NaN NaN NaN NaN NaN NaN NaN NaN NaN NaN NaN NaN NaN NaN NaN NaN NaN NaN NaN NaN NaN NaN NaN NaN NaN NaN NaN NaN NaN NaN NaN NaN NaN NaN NaN NaN NaN NaN 
NaN NaN NaN NaN NaN NaN NaN NaN NaN NaN NaN NaN NaN NaN NaN NaN NaN NaN NaN NaN NaN NaN NaN NaN NaN NaN NaN NaN NaN NaN NaN NaN NaN NaN NaN NaN NaN NaN NaN NaN 
NaN NaN NaN NaN NaN NaN NaN NaN NaN NaN NaN NaN NaN NaN NaN NaN NaN NaN NaN NaN NaN NaN NaN NaN NaN NaN NaN NaN NaN NaN NaN NaN NaN NaN NaN NaN NaN NaN NaN NaN 
NaN NaN NaN NaN NaN NaN NaN NaN NaN NaN NaN NaN NaN NaN NaN NaN NaN NaN NaN NaN NaN NaN NaN NaN NaN NaN NaN NaN NaN NaN NaN NaN NaN NaN NaN NaN NaN NaN NaN NaN 
NaN NaN NaN NaN NaN NaN NaN NaN NaN NaN NaN NaN NaN NaN NaN NaN NaN NaN NaN NaN NaN NaN NaN NaN NaN NaN NaN NaN NaN NaN NaN NaN NaN NaN NaN NaN NaN NaN NaN NaN 
