NaN NaN NaN NaN NaN NaN NaN NaN NaN NaN NaN NaN NaN NaN NaN NaN NaN NaN NaN NaN NaN NaN NaN NaN NaN NaN NaN NaN NaN NaN NaN NaN NaN NaN NaN NaN NaN NaN NaN NaN 
NaN NaN NaN NaN NaN NaN NaN NaN NaN NaN NaN NaN NaN NaN NaN NaN NaN NaN NaN NaN NaN NaN NaN NaN NaN NaN NaN NaN NaN NaN NaN NaN NaN NaN NaN NaN NaN NaN NaN NaN 
NaN NaN NaN NaN NaN NaN NaN NaN NaN NaN NaN NaN NaN NaN NaN NaN NaN NaN NaN NaN NaN NaN NaN NaN NaN NaN NaN NaN NaN NaN NaN NaN NaN NaN NaN NaN NaN NaN NaN NaN 
NaN NaN NaN NaN NaN NaN NaN NaN NaN NaN NaN NaN NaN NaN NaN NaN NaN NaN NaN NaN NaN NaN NaN NaN NaN NaN NaN NaN NaN NaN NaN NaN NaN NaN NaN NaN NaN NaN NaN NaN 
NaN NaN NaN NaN NaN NaN NaN NaN NaN NaN NaN NaN NaN NaN NaN NaN NaN NaN NaN NaN NaN NaN NaN NaN NaN NaN NaN NaN NaN NaN NaN NaN NaN NaN NaN NaN NaN NaN NaN NaN 
NaN NaN NaN NaN NaN NaN NaN NaN NaN NaN NaN NaN NaN NaN NaN NaN NaN NaN NaN NaN NaN NaN NaN NaN NaN NaN NaN NaN NaN NaN NaN NaN NaN NaN NaN NaN NaN NaN NaN NaN 
NaN NaN NaN NaN NaN NaN NaN NaN NaN NaN NaN NaN NaN NaN NaN NaN NaN NaN NaN NaN NaN NaN NaN NaN NaN NaN NaN NaN NaN NaN NaN NaN NaN NaN NaN NaN NaN NaN NaN NaN 
NaN NaN NaN NaN NaN NaN NaN NaN NaN NaN NaN NaN NaN NaN NaN NaN NaN NaN NaN NaN NaN NaN NaN NaN NaN NaN NaN NaN NaN NaN NaN NaN NaN NaN NaN NaN NaN NaN NaN NaN 
NaN NaN NaN NaN NaN NaN NaN NaN NaN NaN NaN NaN NaN NaN NaN NaN NaN NaN NaN NaN NaN NaN NaN NaN NaN NaN NaN NaN NaN NaN NaN NaN NaN NaN NaN NaN NaN NaN NaN NaN 
NaN NaN NaN NaN NaN NaN NaN NaN NaN NaN NaN NaN NaN NaN NaN NaN NaN NaN NaN NaN NaN NaN NaN NaN NaN NaN NaN NaN NaN NaN NaN NaN NaN NaN NaN NaN NaN NaN NaN NaN 
NaN NaN NaN NaN NaN NaN NaN NaN NaN NaN NaN NaN NaN NaN NaN NaN NaN NaN NaN NaN NaN NaN NaN NaN NaN NaN NaN NaN NaN NaN NaN NaN NaN NaN NaN NaN NaN NaN NaN NaN 
NaN NaN NaN NaN NaN NaN NaN NaN NaN NaN NaN NaN NaN NaN NaN NaN NaN NaN NaN NaN NaN NaN NaN NaN NaN NaN NaN NaN NaN NaN NaN NaN NaN NaN NaN NaN NaN NaN NaN NaN 
NaN NaN NaN NaN NaN NaN NaN NaN NaN NaN NaN NaN NaN NaN NaN NaN NaN NaN NaN NaN NaN NaN NaN NaN NaN NaN NaN NaN NaN NaN NaN NaN NaN NaN NaN NaN NaN NaN NaN NaN 
NaN NaN NaN NaN NaN NaN NaN NaN NaN NaN NaN NaN NaN NaN NaN NaN NaN NaN NaN NaN NaN NaN NaN NaN NaN NaN NaN NaN NaN NaN NaN NaN NaN NaN NaN NaN NaN NaN NaN NaN 
NaN NaN NaN NaN NaN NaN NaN NaN NaN NaN NaN NaN NaN NaN NaN NaN NaN NaN NaN NaN NaN NaN NaN NaN NaN NaN NaN NaN NaN NaN NaN NaN NaN NaN NaN NaN NaN NaN NaN NaN 
NaN NaN NaN NaN NaN NaN NaN NaN NaN NaN NaN NaN NaN NaN NaN NaN NaN NaN NaN NaN NaN NaN NaN NaN NaN NaN NaN NaN NaN NaN NaN NaN NaN NaN NaN NaN NaN NaN NaN NaN 
NaN NaN NaN NaN NaN NaN NaN NaN NaN NaN NaN NaN NaN NaN NaN NaN NaN NaN NaN NaN NaN NaN NaN NaN NaN NaN NaN NaN NaN NaN NaN NaN NaN NaN NaN NaN NaN NaN NaN NaN 
NaN NaN NaN NaN NaN NaN NaN NaN NaN NaN NaN NaN NaN NaN NaN NaN NaN NaN NaN NaN NaN NaN NaN NaN NaN NaN NaN NaN NaN NaN NaN NaN NaN NaN NaN NaN NaN NaN NaN NaN 
NaN NaN NaN NaN NaN NaN NaN NaN NaN NaN NaN NaN NaN NaN NaN NaN NaN NaN NaN NaN NaN NaN NaN NaN NaN NaN NaN NaN NaN NaN NaN NaN NaN NaN NaN NaN NaN NaN NaN NaN 
NaN NaN NaN NaN NaN NaN NaN NaN NaN NaN NaN NaN NaN NaN NaN NaN NaN NaN NaN NaN NaN NaN NaN NaN NaN NaN NaN NaN NaN NaN NaN NaN NaN NaN NaN NaN NaN NaN NaN NaN 
NaN NaN NaN NaN NaN NaN NaN NaN NaN NaN NaN NaN NaN NaN NaN NaN NaN NaN NaN NaN NaN NaN NaN NaN NaN NaN NaN NaN NaN NaN NaN NaN NaN NaN NaN NaN NaN NaN NaN NaN 
NaN NaN NaN NaN NaN NaN NaN NaN NaN NaN NaN NaN NaN NaN NaN NaN NaN NaN NaN NaN NaN NaN NaN NaN NaN NaN NaN NaN NaN NaN NaN NaN NaN NaN NaN NaN NaN NaN NaN NaN 
NaN NaN NaN NaN NaN NaN NaN NaN NaN NaN NaN NaN NaN NaN NaN NaN NaN NaN NaN NaN NaN NaN NaN NaN NaN NaN NaN NaN NaN NaN NaN NaN NaN NaN NaN NaN NaN NaN NaN NaN 
NaN NaN NaN NaN NaN NaN NaN NaN NaN NaN NaN NaN NaN NaN NaN NaN NaN NaN NaN NaN NaN NaN NaN NaN NaN NaN NaN NaN NaN NaN NaN NaN NaN NaN NaN NaN NaN NaN NaN NaN 
NaN NaN NaN NaN NaN NaN NaN NaN NaN NaN NaN NaN NaN NaN NaN NaN NaN NaN NaN NaN NaN NaN NaN NaN NaN NaN NaN NaN NaN NaN NaN NaN NaN NaN NaN NaN NaN NaN NaN NaN 
NaN NaN NaN NaN NaN NaN NaN NaN NaN NaN NaN NaN NaN NaN NaN NaN NaN NaN NaN NaN NaN NaN NaN NaN NaN NaN NaN NaN NaN NaN NaN NaN NaN NaN NaN NaN NaN NaN NaN NaN 
NaN NaN NaN NaN NaN NaN NaN NaN NaN NaN NaN NaN NaN NaN NaN NaN NaN NaN NaN NaN NaN NaN NaN NaN NaN NaN NaN NaN NaN NaN NaN NaN NaN NaN NaN NaN NaN NaN NaN NaN 
NaN NaN NaN NaN NaN NaN NaN NaN NaN NaN NaN NaN NaN NaN NaN NaN NaN NaN NaN NaN NaN NaN NaN NaN NaN NaN NaN NaN NaN NaN NaN NaN NaN NaN NaN NaN NaN NaN NaN NaN 
NaN NaN NaN NaN NaN NaN NaN NaN NaN NaN NaN NaN NaN NaN NaN NaN NaN NaN NaN NaN NaN NaN NaN NaN NaN NaN NaN NaN NaN NaN NaN NaN NaN NaN NaN NaN NaN NaN NaN NaN 
NaN NaN NaN NaN NaN NaN NaN NaN NaN NaN NaN NaN NaN NaN NaN NaN NaN NaN NaN NaN NaN NaN NaN NaN NaN NaN NaN NaN NaN NaN NaN NaN NaN NaN NaN NaN NaN NaN NaN NaN 
NaN NaN NaN NaN NaN NaN NaN NaN NaN NaN NaN NaN NaN NaN NaN NaN NaN NaN NaN NaN NaN NaN NaN NaN NaN NaN NaN NaN NaN NaN NaN NaN NaN NaN NaN NaN NaN NaN NaN NaN 
NaN NaN NaN NaN NaN NaN NaN NaN NaN NaN NaN NaN NaN NaN NaN NaN NaN NaN NaN NaN NaN NaN NaN NaN NaN NaN NaN NaN NaN NaN NaN NaN NaN NaN NaN NaN NaN NaN NaN NaN 
NaN NaN NaN NaN NaN NaN NaN NaN NaN NaN NaN NaN NaN NaN NaN NaN NaN NaN NaN NaN NaN NaN NaN NaN NaN NaN NaN NaN NaN NaN NaN NaN NaN NaN NaN NaN NaN NaN NaN NaN 
NaN NaN NaN NaN NaN NaN NaN NaN NaN NaN NaN NaN NaN NaN NaN NaN NaN NaN NaN NaN NaN NaN NaN NaN NaN NaN NaN NaN NaN NaN NaN NaN NaN NaN NaN NaN NaN NaN NaN NaN 
NaN NaN NaN NaN NaN NaN NaN NaN NaN NaN NaN NaN NaN NaN NaN NaN NaN NaN NaN NaN NaN NaN NaN NaN NaN NaN NaN NaN NaN NaN NaN NaN NaN NaN NaN NaN NaN NaN NaN NaN 
NaN NaN NaN NaN NaN NaN NaN NaN NaN NaN NaN NaN NaN NaN NaN NaN NaN NaN NaN NaN NaN NaN NaN NaN NaN NaN NaN NaN NaN NaN NaN NaN NaN NaN NaN NaN NaN NaN NaN NaN 
NaN NaN NaN NaN NaN NaN NaN NaN NaN NaN NaN NaN NaN NaN NaN NaN NaN NaN NaN NaN NaN NaN NaN NaN NaN NaN NaN NaN NaN NaN NaN NaN NaN NaN NaN NaN NaN NaN NaN NaN 
NaN NaN NaN NaN NaN NaN NaN NaN NaN NaN NaN NaN NaN NaN NaN NaN NaN NaN NaN NaN NaN NaN NaN NaN NaN NaN NaN NaN NaN NaN NaN NaN NaN NaN NaN NaN NaN NaN NaN NaN 
NaN NaN NaN NaN NaN NaN NaN NaN NaN NaN NaN NaN NaN NaN NaN NaN NaN NaN NaN NaN NaN NaN NaN NaN NaN NaN NaN NaN NaN NaN NaN NaN NaN NaN NaN NaN NaN NaN NaN NaN 
NaN NaN NaN NaN NaN NaN NaN NaN NaN NaN NaN NaN NaN NaN NaN NaN NaN NaN NaN NaN NaN NaN NaN NaN NaN NaN NaN NaN NaN NaN NaN NaN NaN NaN NaN NaN NaN NaN NaN NaN 
-72.602912 -73.133419 -74.042301 -75.648219 -78.025837 -81.814770 -87.499260 -94.709938 -93.492359 -93.503721 -97.185378 -91.266635 -86.321124 -85.018209 -85.140780 -83.161304 -80.779139 -81.054811 -84.163539 -85.947925 -86.776593 -89.526451 -91.230841 -89.043132 -85.127199 -88.097462 -90.722491 -90.702861 -94.197373 -99.971915 -98.439883 -104.356872 -103.734420 -98.726359 -97.676888 -98.307377 -100.689152 -99.682822 -99.930018 -99.999808 
-33.838816 -30.670788 -29.022627 -28.639399 -29.135547 -31.042142 -34.803141 -33.211721 -30.883852 -33.551741 -36.007157 -31.374701 -26.836569 -23.092783 -24.471670 -22.727163 -21.350406 -26.539576 -32.167215 -38.862099 -44.700514 -50.386532 -53.900000 -48.699556 -42.817481 -43.195177 -45.001140 -45.183203 -47.562654 -47.194209 -46.503588 -48.591055 -49.068561 -55.888918 -53.419252 -54.466335 -54.894364 -50.774735 -51.689357 -54.488357 
-15.208745 -8.179227 -3.204562 -5.315145 -10.510856 -10.258024 -9.252448 -11.232128 -8.467718 -8.526181 -4.500172 -4.872651 -5.730874 -1.473232 -5.809889 -4.637142 -4.400815 -10.993417 -20.804128 -26.630281 -35.469837 -31.347740 -29.656169 -31.445825 -27.394209 -28.311046 -25.198993 -24.806535 -27.301225 -27.946317 -30.958195 -32.286200 -31.107577 -40.339061 -40.760615 -34.603888 -33.671419 -35.742927 -34.920384 -38.832418 
-6.149982 5.368439 8.160432 3.896490 5.842345 2.091275 2.958330 3.045776 6.160901 4.146327 6.343837 9.804856 10.674427 10.248971 8.682507 11.478333 7.458009 -0.437575 -6.875692 -12.480709 -16.336436 -18.713438 -21.270708 -19.355647 -13.842188 -15.907207 -23.425916 -25.547624 -26.060207 -26.348573 -31.033860 -31.729075 -30.076153 -37.827004 -39.595497 -33.299507 -31.002992 -34.952726 -36.883133 -41.805931 
-9.935689 6.988912 10.756514 4.464038 10.073412 4.718309 5.730510 4.352043 11.138547 6.311884 8.905803 14.339778 14.846323 12.949422 12.312291 12.114304 10.694002 3.479370 -4.854041 -10.376148 -14.145696 -15.272146 -17.165769 -16.550499 -10.398752 -7.735949 -13.967108 -13.791192 -11.970589 -15.407654 -21.137676 -25.966270 -28.924439 -37.441718 -34.483671 -30.881925 -27.004577 -29.257729 -34.892203 -41.328365 
-13.915293 6.520749 12.598060 4.975188 10.526961 8.416150 4.483027 6.833595 11.501435 9.969478 13.857220 14.991310 16.661120 12.451461 13.433622 14.433226 11.871775 3.705557 -4.080306 -9.667697 -12.809090 -13.771070 -15.156819 -13.525008 -8.613251 -7.510436 -13.187192 -13.754652 -12.105774 -14.333921 -19.666658 -23.906036 -29.650991 -37.328915 -36.007868 -28.170430 -27.833845 -30.614378 -36.847900 -36.664529 
-14.933231 4.964128 13.359745 6.289043 8.967849 10.936859 1.806897 8.900493 6.650848 11.651119 14.005859 16.371801 18.671491 14.474346 14.140934 13.697600 12.394790 4.188636 -3.216278 -7.984465 -10.671570 -12.522955 -13.461054 -12.509105 -6.748667 -5.719669 -12.552867 -11.693363 -8.515615 -10.693440 -18.122875 -23.916266 -31.152679 -41.584043 -39.416564 -29.667542 -28.481253 -31.026431 -41.329418 -43.385840 
-25.133654 2.132276 13.293970 8.603190 4.106543 11.511460 2.879381 10.671448 6.210650 11.630496 11.867922 18.582326 17.085093 16.982010 16.624377 14.573230 12.529729 5.746108 -3.378548 -8.049955 -10.852552 -12.446325 -13.011126 -12.882840 -8.176743 -7.018206 -12.264080 -14.281062 -11.484433 -11.928748 -19.379834 -26.220965 -28.604511 -36.032847 -33.611426 -26.025458 -28.728186 -30.964307 -35.203098 -37.566772 
-24.366280 -0.234184 12.963893 10.299942 -2.908355 9.746544 5.214786 9.017402 11.227812 9.740219 14.487587 17.495118 18.638285 14.250168 13.897429 15.983879 13.488742 4.344783 -2.844937 -8.130236 -12.018101 -15.358846 -16.541839 -14.429916 -7.123776 -5.261480 -10.917337 -13.028341 -10.862366 -9.901232 -17.763463 -25.362020 -31.261139 -40.435909 -33.625596 -28.137685 -31.605159 -31.300010 -34.585868 -39.976624 
-27.598596 -4.331103 11.696218 12.012101 -4.494034 7.689245 8.641068 4.806992 14.025221 5.467595 18.141307 15.633558 21.631144 11.441548 13.237673 15.037042 10.946463 5.144067 -3.117573 -7.892262 -11.073490 -14.307204 -16.242681 -15.578293 -9.685971 -6.608424 -10.932590 -12.899979 -11.537640 -13.852147 -21.176737 -25.971117 -30.314355 -40.570813 -36.815034 -25.343829 -28.703134 -29.175429 -36.423530 -43.746315 
-17.931926 -11.960042 9.334424 12.816713 -1.630020 6.757294 11.698412 0.695174 13.444460 8.278651 17.274076 16.654364 19.684404 17.110377 15.199304 12.553890 13.556125 4.069878 -3.420271 -7.947046 -9.423963 -11.723019 -12.724537 -12.906964 -8.003863 -5.229655 -9.655226 -11.161265 -11.044939 -11.975549 -18.339329 -25.177909 -31.388237 -38.051474 -35.553896 -25.685392 -26.486789 -27.562000 -33.065543 -39.361234 
-29.045218 -14.960392 7.250880 12.862072 0.102401 4.283651 13.444946 2.416904 9.555682 10.636695 11.261357 19.182312 14.951137 19.297628 14.484112 14.864563 14.159372 3.907400 -2.138189 -8.381458 -9.981487 -12.199167 -14.526238 -14.185538 -9.270412 -5.764715 -10.524971 -15.273529 -13.299058 -12.130489 -19.150636 -27.674782 -34.308674 -41.065354 -34.632243 -25.477083 -26.745745 -28.222860 -30.876322 -37.052691 
-30.141164 -18.906116 4.287214 12.605926 2.386036 1.075650 13.963333 6.141756 2.746765 12.103905 4.818993 19.473023 11.975114 19.100180 12.646845 18.000546 9.767464 6.148780 -1.576010 -8.973176 -10.651308 -13.604049 -16.233390 -16.332331 -11.426581 -7.719005 -13.166989 -17.788344 -14.152351 -11.317211 -16.724963 -25.218876 -31.217964 -37.150944 -32.675779 -24.108636 -25.998714 -27.386943 -30.947346 -35.829811 
-30.797130 -27.421203 1.901315 12.158615 3.575083 -2.892606 13.258172 8.369109 0.005336 13.549818 2.284946 19.932223 14.109950 16.417542 12.212446 19.332074 9.646366 5.873532 -2.497032 -7.311567 -9.893923 -12.802026 -15.166865 -15.880481 -15.111687 -9.225868 -14.721123 -15.537474 -12.836079 -12.128107 -18.876002 -25.585971 -31.539469 -33.767317 -28.570858 -23.435587 -24.666139 -28.748122 -33.246421 -35.282544 
-22.244503 -26.533193 1.608176 12.184018 4.098257 -5.862847 12.642972 8.563019 1.009056 14.709245 2.199991 19.503103 15.297500 14.622496 11.821305 18.430161 10.259677 6.062223 -2.521164 -7.189286 -10.075111 -12.623064 -15.345984 -14.400234 -12.501608 -8.129064 -14.667153 -19.111266 -16.804520 -15.803014 -19.492224 -25.766563 -33.137109 -35.729002 -30.206410 -23.902527 -25.388089 -29.534408 -32.217885 -38.479130 
-21.763336 -26.172132 2.840465 12.666818 4.084960 -3.396266 13.265107 8.710014 -0.091632 14.773188 2.826628 19.905434 14.726078 14.807235 11.775012 18.805470 10.334027 6.940130 -2.470176 -7.838720 -11.017948 -11.990356 -16.650452 -16.408039 -12.525275 -8.323268 -13.530817 -15.985572 -13.533695 -12.884953 -16.007860 -20.746320 -29.712112 -37.426373 -33.681151 -23.804052 -24.486908 -28.259234 -32.408032 -37.338168 
-31.676050 -22.189376 4.182422 12.769497 3.071351 -1.032604 14.077802 7.600921 3.603810 14.451463 3.655654 20.318383 13.428359 16.623907 11.145941 19.369274 9.120431 6.175103 -3.462879 -8.634323 -10.802113 -13.257382 -16.590216 -15.698677 -12.918389 -8.354938 -12.752689 -16.568507 -18.041065 -15.837706 -20.760665 -22.849776 -26.180434 -28.776476 -28.553380 -23.194020 -23.295042 -27.563783 -30.331243 -30.630169 
-22.448267 -14.929930 5.717233 12.532864 0.836227 2.441043 14.600915 5.840178 7.810176 12.402114 6.748333 19.431739 10.608982 19.140488 13.152879 18.634798 10.795530 7.029205 -2.517652 -7.429378 -11.525173 -12.940058 -14.543656 -15.369310 -11.117429 -7.649090 -12.303918 -15.469160 -18.420123 -16.234841 -21.821306 -23.883815 -28.696955 -31.418391 -31.535165 -28.601708 -25.382323 -26.490653 -32.235173 -33.516450 
-18.985550 -13.799957 7.773608 11.832695 -2.313682 6.824105 13.796774 2.425557 11.412090 6.547082 13.006494 16.513686 16.534905 18.381504 15.368257 14.782640 14.345654 5.012319 -3.303862 -6.559107 -9.644250 -10.973329 -13.958022 -14.924552 -13.043040 -8.806162 -11.760710 -15.259705 -15.370486 -15.231796 -18.173451 -24.783084 -33.185486 -37.808586 -32.040192 -22.884021 -20.722096 -24.115718 -32.374208 -35.075085 
-22.739996 -6.741854 10.084936 11.881534 -4.090737 9.011978 10.987030 1.868523 14.827103 7.488889 16.492730 13.689919 20.776406 14.879645 11.984836 11.069303 11.817586 5.048382 -2.856130 -9.090332 -12.794717 -14.052109 -14.972714 -15.411760 -11.635040 -9.130476 -14.514576 -21.315680 -19.644936 -18.891103 -20.160793 -26.907853 -33.215161 -37.254029 -28.171269 -20.728771 -18.970449 -21.368467 -28.388507 -34.646356 
-16.422795 -2.412969 12.502453 11.411334 -1.565196 9.742703 5.534219 8.582802 14.576817 9.148930 15.128238 15.188958 20.591232 13.451440 9.679284 13.025450 11.914209 8.657580 -0.690747 -6.412470 -10.898197 -13.971759 -15.144800 -15.212454 -11.468239 -9.626264 -15.338206 -17.434442 -16.735089 -15.058374 -18.381852 -25.003047 -28.391270 -31.705906 -28.025980 -20.502370 -20.493190 -23.451554 -30.330446 -32.037701 
-20.558245 2.319675 14.071628 10.556833 3.357253 9.962167 1.321516 11.519330 10.232877 11.477904 9.755327 17.010343 15.413554 14.922251 11.760112 11.592864 12.423657 7.622487 -0.096739 -6.804662 -12.490827 -14.237900 -14.364325 -12.479372 -8.481521 -8.404277 -15.141199 -19.770853 -19.054792 -17.349378 -20.901326 -31.435628 -34.770245 -38.040203 -31.112985 -21.566270 -23.337743 -25.532933 -35.531987 -39.090830 
-18.172526 5.641573 14.330854 7.650453 9.007125 10.289619 3.027813 9.820407 8.523722 12.433572 11.047979 14.451413 16.920923 13.435626 10.635071 9.158550 11.363054 9.862348 1.144760 -5.602560 -10.891235 -11.742191 -12.736029 -13.076452 -7.549772 -6.189442 -13.919092 -20.236697 -18.268801 -15.540336 -19.337744 -30.556388 -33.703140 -34.806306 -26.282493 -17.409669 -19.066238 -23.985003 -30.521940 -33.312352 
-12.513161 7.718037 13.696811 6.342715 12.005455 9.632513 5.687144 5.478627 10.921763 9.245018 13.214746 13.996837 16.571536 9.366892 6.874475 6.832414 10.047987 10.043368 3.602651 -4.539715 -8.335266 -9.781401 -10.953635 -11.451743 -6.599373 -10.015943 -17.525072 -19.332416 -18.524261 -14.663055 -17.373759 -27.711623 -31.811175 -35.267310 -27.021453 -16.463712 -20.551349 -26.098571 -31.063420 -33.807728 
-9.553365 8.688693 12.235031 6.548216 12.898771 7.034291 7.653988 5.884409 13.543102 8.563216 7.952603 14.013880 10.985095 9.529585 5.492731 3.070188 4.751908 8.014666 3.567453 -3.147908 -6.863853 -9.222653 -12.171763 -11.723912 -9.060287 -15.667648 -21.770449 -22.007398 -20.603632 -18.032256 -19.550221 -27.357627 -33.306277 -39.335174 -30.314183 -22.612713 -23.502757 -24.525588 -33.561173 -37.175316 
-7.186859 9.061572 10.653365 7.054804 12.175029 6.015713 7.595899 8.396039 11.639447 8.389173 8.762658 11.307567 10.371538 6.636404 4.000191 1.337847 1.439606 2.285165 3.142837 -2.882585 -9.910506 -14.626563 -14.444346 -12.125533 -13.058813 -23.585155 -27.329857 -27.743361 -24.543169 -18.587608 -22.209206 -32.185111 -31.806518 -35.531027 -27.727506 -23.198515 -28.165614 -28.632051 -28.101432 -33.452117 
-4.483817 9.880475 9.106483 8.944502 10.240117 4.652156 4.575928 9.055720 7.572647 8.181400 12.112842 9.552185 7.574919 1.480232 1.219098 -0.005044 -2.048692 -2.171449 0.709102 0.528836 -5.309795 -8.425918 -9.032416 -7.969315 -9.190138 -18.587169 -22.288115 -24.595822 -24.421393 -18.670754 -19.712977 -29.063616 -31.648084 -36.783990 -35.461146 -29.176486 -27.910737 -28.181541 -33.930817 -38.263637 
-3.318968 10.072013 7.544060 9.752723 7.714368 2.513947 3.326449 7.604598 8.434649 8.346054 10.403364 6.223050 0.675362 1.408067 -0.199891 -3.453768 -5.074931 -4.699608 0.112082 3.506295 -2.658066 -7.272845 -7.411145 -4.273985 -6.754239 -17.378715 -21.424770 -22.175645 -18.154951 -11.805587 -16.174545 -25.944490 -30.434249 -39.221428 -33.941298 -27.256992 -24.829429 -28.272231 -31.219854 -32.815161 
-1.795681 9.791947 6.232775 9.089442 6.538899 3.692629 4.031702 7.455038 12.872733 10.457296 9.056991 5.415742 -1.535806 -3.435661 -4.920669 -8.359836 -9.584508 -9.166040 -6.593914 -0.515588 -3.162774 -8.584103 -8.776034 -6.817007 -8.746875 -19.949241 -23.540098 -23.199562 -17.596318 -10.288447 -14.530736 -25.842222 -29.194753 -42.286758 -38.963657 -27.692968 -25.611084 -28.151884 -29.624684 -33.499046 
-0.898792 9.162459 6.271153 8.468390 4.440200 5.249479 4.644746 7.916798 13.817766 8.092842 5.047595 -0.450855 -5.706631 -8.968470 -9.359666 -12.670237 -13.003570 -10.575050 -8.336629 -3.237963 -1.896997 -6.691815 -9.529655 -7.702829 -10.809787 -21.056190 -25.510686 -25.440326 -20.082284 -14.546419 -18.333177 -28.892046 -33.139454 -43.338608 -41.297666 -29.243859 -26.572147 -28.568392 -31.127052 -38.248548 
-0.953120 9.411977 6.615532 8.574145 5.193169 5.273905 5.790174 9.528466 13.613466 5.870503 2.282068 -1.277543 -9.117661 -9.216986 -9.807165 -12.941292 -13.429904 -12.546456 -9.602204 -4.363285 -0.544790 -5.680135 -9.527258 -7.620600 -10.131100 -19.459274 -26.499564 -29.095685 -22.800024 -15.461320 -18.632926 -30.470569 -34.761868 -45.129347 -41.781184 -29.771289 -29.472985 -30.883804 -34.315999 -38.846437 
-0.686378 9.362014 6.563924 8.389051 4.691065 5.284116 6.293438 8.473118 12.990486 3.459223 0.532809 -4.200274 -9.863841 -10.855563 -13.077823 -16.775913 -15.635686 -15.851955 -14.743694 -7.984023 -2.286375 -4.339331 -7.071766 -7.812846 -11.546628 -22.884701 -30.149981 -33.194340 -32.897717 -23.881016 -25.651454 -35.722625 -39.811458 -48.523036 -46.121807 -35.146982 -30.797918 -32.440058 -34.997177 -38.375636 
-0.695741 9.437760 7.081940 7.849498 3.717453 5.957457 8.882928 8.404002 11.304465 -1.519001 -3.413765 -9.885251 -11.926979 -12.191349 -14.376355 -17.631152 -18.404882 -16.878342 -16.573827 -13.340644 -6.610909 -6.204994 -10.335926 -11.634545 -15.209330 -20.758822 -23.674267 -24.044911 -22.688636 -20.176882 -22.080440 -29.001379 -30.433903 -38.672409 -43.239631 -34.211507 -24.723009 -27.563705 -34.618830 -35.047739 
-0.940480 9.681367 7.265740 8.449960 5.222949 7.195817 12.153281 12.807850 10.104357 -2.956806 -7.478750 -10.534508 -13.999970 -14.689543 -15.953825 -20.016885 -21.410466 -20.464497 -18.912137 -17.100766 -9.757579 -5.828012 -10.184707 -11.251419 -11.524207 -18.590905 -24.117330 -25.104835 -22.508838 -17.740100 -22.367245 -30.535317 -33.045486 -42.195162 -41.877962 -31.574658 -27.269105 -28.877235 -33.312988 -36.594903 
-1.685986 9.482943 7.086263 8.733790 5.600372 7.415561 13.134243 12.278993 4.888353 -6.670895 -11.342425 -12.626561 -16.894543 -15.779484 -16.822730 -19.052244 -18.389446 -18.955539 -19.034990 -17.250027 -12.438197 -7.457979 -13.629228 -13.399872 -11.718874 -21.454095 -30.550221 -30.085327 -26.939116 -19.700941 -24.617170 -33.660016 -34.086759 -41.115790 -39.337837 -30.891921 -32.849798 -32.847365 -35.305030 -33.538981 
-1.043637 9.739786 7.791447 9.717352 7.210821 8.836344 11.923828 13.375607 -2.176451 -6.918579 -11.869700 -13.680792 -18.459722 -17.156740 -21.265697 -23.382597 -25.066911 -22.375947 -21.629502 -19.659802 -14.169923 -7.285507 -11.823400 -14.353965 -12.316267 -17.634249 -26.271429 -33.592235 -32.843032 -25.108129 -28.254586 -34.031257 -33.865128 -41.956011 -39.882006 -33.598845 -35.399658 -33.820149 -34.229538 -37.789286 
-1.620250 9.820678 8.063559 10.053536 8.273779 9.899119 12.689450 14.120126 -4.862996 -8.434203 -12.294465 -14.649338 -19.329586 -18.918018 -19.697338 -22.267719 -21.438446 -20.195373 -20.254250 -18.606600 -11.858339 -4.097575 -7.773572 -9.361385 -10.670225 -20.935922 -27.312495 -30.521768 -27.337553 -23.394982 -28.884377 -29.288604 -30.782339 -46.106251 -44.894728 -35.511394 -33.802702 -33.385945 -37.990055 -38.321738 
-3.093492 9.778533 8.559228 10.252616 9.004670 10.381463 10.713156 12.838307 -5.772111 -15.606864 -15.378415 -18.935787 -19.008856 -20.602182 -23.087448 -24.701934 -22.250344 -21.236716 -19.960324 -18.398383 -14.714654 -7.758997 -11.495603 -13.131164 -12.565014 -20.993967 -28.142697 -32.878284 -30.849057 -23.427717 -29.611485 -33.360068 -33.990313 -44.611731 -42.050370 -36.004620 -39.431806 -41.106168 -35.550974 -36.440930 
-5.131524 9.532133 8.880362 10.643581 10.512459 11.363162 9.014314 8.735288 -4.291915 -13.514959 -14.864264 -19.569809 -18.132909 -18.224359 -19.968474 -22.082804 -23.423891 -22.638289 -22.893802 -22.641060 -22.059062 -15.585352 -18.689036 -21.545635 -19.270751 -24.396273 -29.284545 -32.742897 -27.815094 -19.783259 -22.718392 -34.370822 -38.594437 -45.844551 -43.400974 -33.225928 -39.259855 -38.768637 -36.813372 -32.998385 
-4.196810 9.361071 8.676941 10.178925 10.589624 10.595847 7.569156 5.307313 -4.948240 -14.923091 -16.670100 -19.217376 -20.599614 -22.522952 -23.718769 -25.793864 -25.635684 -25.199369 -24.623800 -23.304314 -19.370109 -8.838583 -7.978595 -11.819167 -13.280804 -22.486647 -33.579564 -34.294217 -27.944781 -24.214594 -30.118779 -38.248308 -39.666325 -43.885180 -43.455418 -34.072531 -35.798414 -38.257175 -38.732842 -38.810629 
4.038154 7.320187 6.653949 6.208389 2.542246 1.467495 2.957342 -5.732422 -8.824730 -10.292354 -11.476987 -13.360679 -15.392991 -16.983348 -18.790308 -20.635139 -22.526159 -24.461635 -25.703736 -26.052788 -26.594421 -18.194106 -18.274879 -24.014322 -21.864679 -26.376995 -32.347599 -38.638352 -39.595924 -33.766704 -30.941757 -32.960070 -35.942234 -44.373779 -44.815859 -35.602878 -34.571086 -39.642535 -39.273442 -41.654491 
-17.772390 -17.827544 -17.716709 -18.712332 -18.616568 -19.627848 -20.966070 -22.806334 -24.486923 -27.379843 -31.333359 -38.438135 -48.469532 -39.940643 -35.874899 -34.682203 -34.869796 -36.060941 -38.109669 -41.234482 -45.641608 -46.692195 -43.077121 -42.732245 -42.828806 -42.294432 -42.760603 -44.456751 -44.493447 -47.269579 -48.551794 -44.402737 -46.800416 -48.913023 -48.172119 -46.942797 -49.112786 -51.112481 -49.558385 -49.765174 
-47.203806 -40.633137 -46.362561 -50.262472 -44.290879 -49.503105 -46.588559 -52.817266 -60.798923 -69.560384 -67.483321 -67.494778 -69.084652 -72.494981 -77.477418 -77.102655 -77.498906 -74.991917 -73.440561 -73.603761 -67.853686 -61.928026 -59.491350 -65.564440 -65.209328 -71.317776 -74.022948 -76.165544 -77.471456 -76.523757 -79.734821 -82.002144 -81.463206 -82.449289 -81.176472 -81.921484 -81.276034 -80.212750 -80.368600 -80.452176 
-56.834026 -54.387969 -57.405782 -64.098358 -71.074057 -65.441727 -57.860380 -60.055524 -72.063648 -75.901090 -69.897148 -68.908500 -69.307657 -74.850845 -80.319993 -80.725064 -84.050993 -78.432477 -74.386230 -81.610962 -80.094942 -72.784133 -75.042365 -75.957605 -79.556944 -84.858762 -81.827621 -83.389793 -83.665804 -84.811225 -90.442036 -89.981547 -87.349448 -87.085232 -84.221404 -86.356873 -87.206314 -92.012980 -86.138506 -89.231516 
-88.145860 -88.198987 -88.287593 -88.437658 -88.642338 -88.931822 -89.289954 -89.757121 -90.392345 -91.173019 -92.161649 -93.456720 -95.096192 -97.301579 -100.401440 -105.040050 -111.935964 -110.462532 -105.176777 -102.475338 -101.374176 -101.529926 -103.006024 -106.430210 -113.665002 -114.822212 -108.218264 -105.919139 -106.608569 -111.052815 -118.426526 -111.516791 -108.696618 -111.413289 -119.068455 -112.632534 -111.199381 -118.064595 -115.077134 -114.002853 
NaN NaN NaN NaN NaN NaN NaN NaN NaN NaN NaN NaN NaN NaN NaN NaN NaN NaN NaN NaN NaN NaN NaN NaN NaN NaN NaN NaN NaN NaN NaN NaN NaN NaN NaN NaN NaN NaN NaN NaN 
NaN NaN NaN NaN NaN NaN NaN NaN NaN NaN NaN NaN NaN NaN NaN NaN NaN NaN NaN NaN NaN NaN NaN NaN NaN NaN NaN NaN NaN NaN NaN NaN NaN NaN NaN NaN NaN NaN NaN NaN 
NaN NaN NaN NaN NaN NaN NaN NaN NaN NaN NaN NaN NaN NaN NaN NaN NaN NaN NaN NaN NaN NaN NaN NaN NaN NaN NaN NaN NaN NaN NaN NaN NaN NaN NaN NaN NaN NaN NaN NaN 
NaN NaN NaN NaN NaN NaN NaN NaN NaN NaN NaN NaN NaN NaN NaN NaN NaN NaN NaN NaN NaN NaN NaN NaN NaN NaN NaN NaN NaN NaN NaN NaN NaN NaN NaN NaN NaN NaN NaN NaN 
NaN NaN NaN NaN NaN NaN NaN NaN NaN NaN NaN NaN NaN NaN NaN NaN NaN NaN NaN NaN NaN NaN NaN NaN NaN NaN NaN NaN NaN NaN NaN NaN NaN NaN NaN NaN NaN NaN NaN NaN 
NaN NaN NaN NaN NaN NaN NaN NaN NaN NaN NaN NaN NaN NaN NaN NaN NaN NaN NaN NaN NaN NaN NaN NaN NaN NaN NaN NaN NaN NaN NaN NaN NaN NaN NaN NaN NaN NaN NaN NaN 
NaN NaN NaN NaN NaN NaN NaN NaN NaN NaN NaN NaN NaN NaN NaN NaN NaN NaN NaN NaN NaN NaN NaN NaN NaN NaN NaN NaN NaN NaN NaN NaN NaN NaN NaN NaN NaN NaN NaN NaN 
NaN NaN NaN NaN NaN NaN NaN NaN NaN NaN NaN NaN NaN NaN NaN NaN NaN NaN NaN NaN NaN NaN NaN NaN NaN NaN NaN NaN NaN NaN NaN NaN NaN NaN NaN NaN NaN NaN NaN NaN 
NaN NaN NaN NaN NaN NaN NaN NaN NaN NaN NaN NaN NaN NaN NaN NaN NaN NaN NaN NaN NaN NaN NaN NaN NaN NaN NaN NaN NaN NaN NaN NaN NaN NaN NaN NaN NaN NaN NaN NaN 
NaN NaN NaN NaN NaN NaN NaN NaN NaN NaN NaN NaN NaN NaN NaN NaN NaN NaN NaN NaN NaN NaN NaN NaN NaN NaN NaN NaN NaN NaN NaN NaN NaN NaN NaN NaN NaN NaN NaN NaN 
NaN NaN NaN NaN NaN NaN NaN NaN NaN NaN NaN NaN NaN NaN NaN NaN NaN NaN NaN NaN NaN NaN NaN NaN NaN NaN NaN NaN NaN NaN NaN NaN NaN NaN NaN NaN NaN NaN NaN NaN 
NaN NaN NaN NaN NaN NaN NaN NaN NaN NaN NaN NaN NaN NaN NaN NaN NaN NaN NaN NaN NaN NaN NaN NaN NaN NaN NaN NaN NaN NaN NaN NaN NaN NaN NaN NaN NaN NaN NaN NaN 
NaN NaN NaN NaN NaN NaN NaN NaN NaN NaN NaN NaN NaN NaN NaN NaN NaN NaN NaN NaN NaN NaN NaN NaN NaN NaN NaN NaN NaN NaN NaN NaN NaN NaN NaN NaN NaN NaN NaN NaN 
NaN NaN NaN NaN NaN NaN NaN NaN NaN NaN NaN NaN NaN NaN NaN NaN NaN NaN NaN NaN NaN NaN NaN NaN NaN NaN NaN NaN NaN NaN NaN NaN NaN NaN NaN NaN NaN NaN NaN NaN 
NaN NaN NaN NaN NaN NaN NaN NaN NaN NaN NaN NaN NaN NaN NaN NaN NaN NaN NaN NaN NaN NaN NaN NaN NaN NaN NaN NaN NaN NaN NaN NaN NaN NaN NaN NaN NaN NaN NaN NaN 
NaN NaN NaN NaN NaN NaN NaN NaN NaN NaN NaN NaN NaN NaN NaN NaN NaN NaN NaN NaN NaN NaN NaN NaN NaN NaN NaN NaN NaN NaN NaN NaN NaN NaN NaN NaN NaN NaN NaN NaN 
NaN NaN NaN NaN NaN NaN NaN NaN NaN NaN NaN NaN NaN NaN NaN NaN NaN NaN NaN NaN NaN NaN NaN NaN NaN NaN NaN NaN NaN NaN NaN NaN NaN NaN NaN NaN NaN NaN NaN NaN 
NaN NaN NaN NaN NaN NaN NaN NaN NaN NaN NaN NaN NaN NaN NaN NaN NaN NaN NaN NaN NaN NaN NaN NaN NaN NaN NaN NaN NaN NaN NaN NaN NaN NaN NaN NaN NaN NaN NaN NaN 
NaN NaN NaN NaN NaN NaN NaN NaN NaN NaN NaN NaN NaN NaN NaN NaN NaN NaN NaN NaN NaN NaN NaN NaN NaN NaN NaN NaN NaN NaN NaN NaN NaN NaN NaN NaN NaN NaN NaN NaN 
NaN NaN NaN NaN NaN NaN NaN NaN NaN NaN NaN NaN NaN NaN NaN NaN NaN NaN NaN NaN NaN NaN NaN NaN NaN NaN NaN NaN NaN NaN NaN NaN NaN NaN NaN NaN NaN NaN NaN NaN 
NaN NaN NaN NaN NaN NaN NaN NaN NaN NaN NaN NaN NaN NaN NaN NaN NaN NaN NaN NaN NaN NaN NaN NaN NaN NaN NaN NaN NaN NaN NaN NaN NaN NaN NaN NaN NaN NaN NaN NaN 
NaN NaN NaN NaN NaN NaN NaN NaN NaN NaN NaN NaN NaN NaN NaN NaN NaN NaN NaN NaN NaN NaN NaN NaN NaN NaN NaN NaN NaN NaN NaN NaN NaN NaN NaN NaN NaN NaN NaN NaN 
NaN NaN NaN NaN NaN NaN NaN NaN NaN NaN NaN NaN NaN NaN NaN NaN NaN NaN NaN NaN NaN NaN NaN NaN NaN NaN NaN NaN NaN NaN NaN NaN NaN NaN NaN NaN NaN NaN NaN NaN 
NaN NaN NaN NaN NaN NaN NaN NaN NaN NaN NaN NaN NaN NaN NaN NaN NaN NaN NaN NaN NaN NaN NaN NaN NaN NaN NaN NaN NaN NaN NaN NaN NaN NaN NaN NaN NaN NaN NaN NaN 
