NaN NaN NaN NaN NaN NaN NaN NaN NaN NaN NaN NaN NaN NaN NaN NaN NaN NaN NaN NaN NaN NaN NaN NaN NaN NaN NaN NaN NaN NaN NaN NaN NaN NaN NaN NaN NaN NaN NaN NaN 
NaN NaN NaN NaN NaN NaN NaN NaN NaN NaN NaN NaN NaN NaN NaN NaN NaN NaN NaN NaN NaN NaN NaN NaN NaN NaN NaN NaN NaN NaN NaN NaN NaN NaN NaN NaN NaN NaN NaN NaN 
NaN NaN NaN NaN NaN NaN NaN NaN NaN NaN NaN NaN NaN NaN NaN NaN NaN NaN NaN NaN NaN NaN NaN NaN NaN NaN NaN NaN NaN NaN NaN NaN NaN NaN NaN NaN NaN NaN NaN NaN 
NaN NaN NaN NaN NaN NaN NaN NaN NaN NaN NaN NaN NaN NaN NaN NaN NaN NaN NaN NaN NaN NaN NaN NaN NaN NaN NaN NaN NaN NaN NaN NaN NaN NaN NaN NaN NaN NaN NaN NaN 
NaN NaN NaN NaN NaN NaN NaN NaN NaN NaN NaN NaN NaN NaN NaN NaN NaN NaN NaN NaN NaN NaN NaN NaN NaN NaN NaN NaN NaN NaN NaN NaN NaN NaN NaN NaN NaN NaN NaN NaN 
NaN NaN NaN NaN NaN NaN NaN NaN NaN NaN NaN NaN NaN NaN NaN NaN NaN NaN NaN NaN NaN NaN NaN NaN NaN NaN NaN NaN NaN NaN NaN NaN NaN NaN NaN NaN NaN NaN NaN NaN 
NaN NaN NaN NaN NaN NaN NaN NaN NaN NaN NaN NaN NaN NaN NaN NaN NaN NaN NaN NaN NaN NaN NaN NaN NaN NaN NaN NaN NaN NaN NaN NaN NaN NaN NaN NaN NaN NaN NaN NaN 
NaN NaN NaN NaN NaN NaN NaN NaN NaN NaN NaN NaN NaN NaN NaN NaN NaN NaN NaN NaN NaN NaN NaN NaN NaN NaN NaN NaN NaN NaN NaN NaN NaN NaN NaN NaN NaN NaN NaN NaN 
NaN NaN NaN NaN NaN NaN NaN NaN NaN NaN NaN NaN NaN NaN NaN NaN NaN NaN NaN NaN NaN NaN NaN NaN NaN NaN NaN NaN NaN NaN NaN NaN NaN NaN NaN NaN NaN NaN NaN NaN 
NaN NaN NaN NaN NaN NaN NaN NaN NaN NaN NaN NaN NaN NaN NaN NaN NaN NaN NaN NaN NaN NaN NaN NaN NaN NaN NaN NaN NaN NaN NaN NaN NaN NaN NaN NaN NaN NaN NaN NaN 
NaN NaN NaN NaN NaN NaN NaN NaN NaN NaN NaN NaN NaN NaN NaN NaN NaN NaN NaN NaN NaN NaN NaN NaN NaN NaN NaN NaN NaN NaN NaN NaN NaN NaN NaN NaN NaN NaN NaN NaN 
NaN NaN NaN NaN NaN NaN NaN NaN NaN NaN NaN NaN NaN NaN NaN NaN NaN NaN NaN NaN NaN NaN NaN NaN NaN NaN NaN NaN NaN NaN NaN NaN NaN NaN NaN NaN NaN NaN NaN NaN 
NaN NaN NaN NaN NaN NaN NaN NaN NaN NaN NaN NaN NaN NaN NaN NaN NaN NaN NaN NaN NaN NaN NaN NaN NaN NaN NaN NaN NaN NaN NaN NaN NaN NaN NaN NaN NaN NaN NaN NaN 
NaN NaN NaN NaN NaN NaN NaN NaN NaN NaN NaN NaN NaN NaN NaN NaN NaN NaN NaN NaN NaN NaN NaN NaN NaN NaN NaN NaN NaN NaN NaN NaN NaN NaN NaN NaN NaN NaN NaN NaN 
NaN NaN NaN NaN NaN NaN NaN NaN NaN NaN NaN NaN NaN NaN NaN NaN NaN NaN NaN NaN NaN NaN NaN NaN NaN NaN NaN NaN NaN NaN NaN NaN NaN NaN NaN NaN NaN NaN NaN NaN 
NaN NaN NaN NaN NaN NaN NaN NaN NaN NaN NaN NaN NaN NaN NaN NaN NaN NaN NaN NaN NaN NaN NaN NaN NaN NaN NaN NaN NaN NaN NaN NaN NaN NaN NaN NaN NaN NaN NaN NaN 
NaN NaN NaN NaN NaN NaN NaN NaN NaN NaN NaN NaN NaN NaN NaN NaN NaN NaN NaN NaN NaN NaN NaN NaN NaN NaN NaN NaN NaN NaN NaN NaN NaN NaN NaN NaN NaN NaN NaN NaN 
NaN NaN NaN NaN NaN NaN NaN NaN NaN NaN NaN NaN NaN NaN NaN NaN NaN NaN NaN NaN NaN NaN NaN NaN NaN NaN NaN NaN NaN NaN NaN NaN NaN NaN NaN NaN NaN NaN NaN NaN 
NaN NaN NaN NaN NaN NaN NaN NaN NaN NaN NaN NaN NaN NaN NaN NaN NaN NaN NaN NaN NaN NaN NaN NaN NaN NaN NaN NaN NaN NaN NaN NaN NaN NaN NaN NaN NaN NaN NaN NaN 
NaN NaN NaN NaN NaN NaN NaN NaN NaN NaN NaN NaN NaN NaN NaN NaN NaN NaN NaN NaN NaN NaN NaN NaN NaN NaN NaN NaN NaN NaN NaN NaN NaN NaN NaN NaN NaN NaN NaN NaN 
NaN NaN NaN NaN NaN NaN NaN NaN NaN NaN NaN NaN NaN NaN NaN NaN NaN NaN NaN NaN NaN NaN NaN NaN NaN NaN NaN NaN NaN NaN NaN NaN NaN NaN NaN NaN NaN NaN NaN NaN 
NaN NaN NaN NaN NaN NaN NaN NaN NaN NaN NaN NaN NaN NaN NaN NaN NaN NaN NaN NaN NaN NaN NaN NaN NaN NaN NaN NaN NaN NaN NaN NaN NaN NaN NaN NaN NaN NaN NaN NaN 
NaN NaN NaN NaN NaN NaN NaN NaN NaN NaN NaN NaN NaN NaN NaN NaN NaN NaN NaN NaN NaN NaN NaN NaN NaN NaN NaN NaN NaN NaN NaN NaN NaN NaN NaN NaN NaN NaN NaN NaN 
NaN NaN NaN NaN NaN NaN NaN NaN NaN NaN NaN NaN NaN NaN NaN NaN NaN NaN NaN NaN NaN NaN NaN NaN NaN NaN NaN NaN NaN NaN NaN NaN NaN NaN NaN NaN NaN NaN NaN NaN 
NaN NaN NaN NaN NaN NaN NaN NaN NaN NaN NaN NaN NaN NaN NaN NaN NaN NaN NaN NaN NaN NaN NaN NaN NaN NaN NaN NaN NaN NaN NaN NaN NaN NaN NaN NaN NaN NaN NaN NaN 
NaN NaN NaN NaN NaN NaN NaN NaN NaN NaN NaN NaN NaN NaN NaN NaN NaN NaN NaN NaN NaN NaN NaN NaN NaN NaN NaN NaN NaN NaN NaN NaN NaN NaN NaN NaN NaN NaN NaN NaN 
NaN NaN NaN NaN NaN NaN NaN NaN NaN NaN NaN NaN NaN NaN NaN NaN NaN NaN NaN NaN NaN NaN NaN NaN NaN NaN NaN NaN NaN NaN NaN NaN NaN NaN NaN NaN NaN NaN NaN NaN 
NaN NaN NaN NaN NaN NaN NaN NaN NaN NaN NaN NaN NaN NaN NaN NaN NaN NaN NaN NaN NaN NaN NaN NaN NaN NaN NaN NaN NaN NaN NaN NaN NaN NaN NaN NaN NaN NaN NaN NaN 
NaN NaN NaN NaN NaN NaN NaN NaN NaN NaN NaN NaN NaN NaN NaN NaN NaN NaN NaN NaN NaN NaN NaN NaN NaN NaN NaN NaN NaN NaN NaN NaN NaN NaN NaN NaN NaN NaN NaN NaN 
NaN NaN NaN NaN NaN NaN NaN NaN NaN NaN NaN NaN NaN NaN NaN NaN NaN NaN NaN NaN NaN NaN NaN NaN NaN NaN NaN NaN NaN NaN NaN NaN NaN NaN NaN NaN NaN NaN NaN NaN 
NaN NaN NaN NaN NaN NaN NaN NaN NaN NaN NaN NaN NaN NaN NaN NaN NaN NaN NaN NaN NaN NaN NaN NaN NaN NaN NaN NaN NaN NaN NaN NaN NaN NaN NaN NaN NaN NaN NaN NaN 
NaN NaN NaN NaN NaN NaN NaN NaN NaN NaN NaN NaN NaN NaN NaN NaN NaN NaN NaN NaN NaN NaN NaN NaN NaN NaN NaN NaN NaN NaN NaN NaN NaN NaN NaN NaN NaN NaN NaN NaN 
NaN NaN NaN NaN NaN NaN NaN NaN NaN NaN NaN NaN NaN NaN NaN NaN NaN NaN NaN NaN NaN NaN NaN NaN NaN NaN NaN NaN NaN NaN NaN NaN NaN NaN NaN NaN NaN NaN NaN NaN 
NaN NaN NaN NaN NaN NaN NaN NaN NaN NaN NaN NaN NaN NaN NaN NaN NaN NaN NaN NaN NaN NaN NaN NaN NaN NaN NaN NaN NaN NaN NaN NaN NaN NaN NaN NaN NaN NaN NaN NaN 
-89.654318 -89.703959 -89.786747 -89.926957 -90.118170 -90.388585 -90.723055 -91.159210 -91.751975 -92.479872 -93.400302 -94.602462 -96.114872 -98.120789 -100.833780 -104.399296 -107.837427 -106.922671 -103.680087 -101.291709 -99.930493 -99.464381 -99.867565 -101.246458 -103.790445 -106.998093 -107.450996 -104.983294 -103.362546 -103.542674 -105.893432 -110.525835 -111.472378 -108.533006 -108.865813 -114.627089 -121.427010 -115.697618 -119.230770 -119.580852 
-33.616838 -35.031658 -38.131320 -41.743002 -44.537545 -42.733793 -40.845233 -40.955270 -41.772348 -42.306358 -44.264824 -50.007102 -56.574532 -51.646325 -45.879208 -44.389487 -46.022382 -44.442935 -46.197690 -53.131531 -52.870732 -58.416322 -57.668880 -53.847222 -56.127908 -50.501687 -46.398430 -52.991901 -54.641799 -58.379446 -58.467294 -52.971611 -51.198257 -58.711674 -62.532117 -50.545596 -50.630022 -56.203331 -61.317837 -62.404316 
-11.651612 -16.614365 -13.357554 -11.630894 -15.099343 -23.082460 -23.117528 -23.935383 -27.184427 -26.485015 -21.028977 -28.562497 -23.151132 -22.599163 -19.655694 -18.137901 -16.334347 -21.682180 -21.531652 -28.846418 -36.377961 -33.273314 -33.184010 -40.749794 -39.913102 -35.421022 -25.111718 -28.376459 -30.104786 -31.541910 -32.978262 -35.628641 -34.924442 -40.901131 -40.435921 -34.033514 -35.838096 -39.433689 -38.888695 -40.364279 
-9.491703 1.064183 5.370655 1.283962 -1.529034 -5.507683 -4.403002 -7.005210 -1.093396 -1.614006 -8.250499 -7.138010 -3.006833 -4.424095 -10.026771 -10.775862 -13.368281 -8.255686 -9.942019 -19.033755 -21.851782 -25.662939 -27.087589 -29.150559 -28.213896 -25.000214 -16.477264 -15.372313 -18.306044 -21.271428 -28.676617 -24.228442 -23.330098 -32.230506 -34.313064 -27.575748 -24.956315 -33.609990 -31.642843 -32.005935 
-0.781380 11.200431 12.392536 5.158670 6.865493 3.222744 6.558261 6.112287 7.337207 6.550313 5.781164 4.983959 8.925749 8.253752 6.280030 7.745479 7.837379 5.370549 -0.636329 -7.607394 -14.263198 -19.543936 -19.730466 -20.254409 -20.190111 -13.121040 -6.208874 -7.196052 -13.023070 -19.059574 -28.631451 -25.908466 -24.637450 -35.052343 -31.445976 -25.026258 -26.935120 -35.563385 -33.898574 -33.675840 
-5.451098 11.070631 13.735880 3.891922 8.503948 3.373376 7.782159 5.442387 10.370733 9.683936 6.343922 6.063051 11.604661 10.910264 9.349099 9.675770 9.607122 7.205715 -0.245734 -3.920560 -9.465371 -13.895960 -15.669323 -19.576755 -21.639690 -16.218212 -7.219722 -7.907913 -13.049533 -17.610404 -25.697090 -28.733154 -26.358609 -38.312721 -34.308777 -29.613179 -30.129954 -31.416265 -39.288300 -38.471115 
-7.022382 10.304872 15.441018 5.142167 9.125505 5.565805 8.751235 6.702451 11.920558 7.342540 8.519087 5.328647 10.128778 10.551855 8.620504 10.107925 10.260361 7.796286 1.739933 -3.938838 -8.996926 -14.697539 -15.975756 -20.783462 -21.817216 -15.771109 -7.162996 -6.076363 -9.914952 -14.507528 -23.995364 -25.097383 -24.133199 -33.866745 -31.976185 -26.283176 -28.457461 -31.375750 -35.289299 -36.039681 
-8.945279 10.100248 16.426628 7.994197 9.179254 7.642356 7.071622 7.927970 11.375926 10.764839 9.026586 5.794525 8.554297 12.044016 10.285852 9.463335 9.329351 7.445529 -0.293241 -4.959740 -9.605676 -14.839448 -15.902203 -17.849318 -19.943033 -15.124376 -5.748370 -4.824840 -7.825876 -11.538619 -21.671574 -21.876302 -20.993976 -34.763282 -31.334681 -24.430057 -23.088434 -26.602132 -33.615727 -37.232072 
-8.212828 7.581250 16.203120 9.617135 8.789776 9.476567 3.667028 9.414683 9.904286 14.010613 6.017163 4.955557 9.309073 9.949895 11.088126 11.442199 8.771811 5.511338 -0.420499 -3.671111 -10.090212 -15.119031 -16.969606 -21.278039 -21.642088 -14.588305 -5.546230 -5.782337 -9.044615 -12.139537 -22.965054 -23.763359 -24.573738 -36.894235 -31.237904 -23.262356 -26.914322 -32.832381 -35.034821 -36.426331 
-13.882349 4.634206 16.270428 10.764675 6.764498 11.033067 2.494921 10.975485 7.176533 15.589818 3.598942 5.140291 10.166611 9.662689 10.775603 11.901136 9.879129 5.884462 -0.939059 -6.923849 -13.478709 -19.837739 -16.920216 -18.688268 -20.872388 -17.704554 -7.331872 -6.472205 -10.503623 -14.271496 -26.521744 -24.193354 -24.239606 -37.700079 -32.635038 -20.908765 -25.682389 -33.794704 -35.591546 -32.657660 
-14.575667 7.711309 18.222878 13.170895 5.297750 12.146858 2.627082 11.010821 6.036597 14.206499 5.875198 3.473757 8.920352 11.128639 11.330499 10.024489 8.147888 5.415764 -4.333828 -9.231816 -12.333993 -16.687388 -16.440032 -21.741995 -24.773908 -21.278359 -11.229868 -7.566166 -8.446522 -12.033424 -24.543079 -27.407300 -29.983926 -37.460479 -30.879406 -21.154256 -24.406100 -32.091900 -32.827760 -31.726234 
-19.435150 6.301816 18.657359 14.807944 3.122418 11.881591 3.886327 10.516673 8.387632 10.729419 8.101917 4.001363 5.983330 11.855260 11.084979 9.307552 6.450198 3.571227 -5.774267 -10.530397 -13.446525 -16.972878 -20.462356 -25.730125 -24.128650 -19.178279 -11.644530 -10.637335 -10.193870 -17.750445 -27.442579 -28.866560 -29.954647 -34.699838 -29.436477 -25.693425 -23.612193 -30.897032 -35.129308 -33.998750 
-17.734279 5.021184 18.712813 16.303114 0.626106 10.827920 5.688439 8.811749 11.613188 5.389337 8.711993 2.321860 3.063034 10.364292 9.196423 9.852646 5.372679 -0.720821 -6.950992 -11.432900 -15.397532 -20.090687 -19.509443 -25.570789 -28.870139 -24.102992 -15.054977 -13.475844 -12.490235 -16.158572 -25.208010 -27.803462 -26.833210 -34.427778 -29.363348 -20.424308 -23.092732 -27.394131 -34.031096 -36.504814 
-24.869396 3.401482 18.327931 16.958838 -0.726435 10.221214 6.336465 4.970589 12.148184 0.524299 7.777430 0.509589 4.838020 7.262628 7.428265 9.344243 4.734117 -1.588078 -17.686638 -13.004350 -18.112947 -19.176822 -19.125578 -23.453778 -27.215843 -25.381514 -15.094481 -10.368732 -12.712707 -21.320895 -28.032853 -27.034696 -26.789077 -35.286934 -30.500864 -20.913939 -24.400038 -28.390438 -34.605973 -35.671081 
-13.966447 1.371317 17.318970 17.067341 -0.880890 9.350216 7.708170 2.946247 12.965105 1.034169 6.404800 -2.273588 4.089232 3.339802 6.786842 7.824203 2.662095 -0.627265 -8.540132 -14.795339 -15.289922 -17.879043 -21.012667 -25.898043 -29.554092 -22.664715 -13.111302 -12.286844 -17.303574 -23.917079 -27.998737 -24.562213 -23.509186 -33.334383 -29.611309 -25.140769 -24.859384 -30.325154 -34.732527 -34.731840 
-18.492972 2.192458 17.692296 17.055741 -1.197011 8.622451 6.137063 2.912551 11.833151 -0.820988 3.890724 -2.851902 3.039996 5.025780 5.605202 6.383584 2.425690 0.879309 -4.372894 -15.953173 -16.973979 -18.842440 -21.436473 -23.552822 -26.820656 -23.032686 -13.713525 -10.430613 -13.339266 -19.207667 -24.527541 -23.358219 -22.733074 -31.887730 -29.389589 -23.968373 -24.634764 -30.018803 -31.348818 -32.696699 
-18.440829 4.371399 18.472686 16.483142 0.204619 9.544080 3.875020 6.978612 10.284323 1.850434 4.891753 -0.969408 1.527848 8.451062 4.641696 7.604659 5.635048 -1.059879 -8.222526 -10.489665 -15.110787 -22.955350 -22.736541 -23.489442 -25.202357 -19.926442 -14.133653 -10.415693 -12.662105 -14.455892 -21.434952 -21.663691 -20.224662 -34.155387 -29.513816 -22.657413 -25.780812 -30.286738 -28.454070 -30.497523 
-13.278130 6.385756 19.280234 15.881874 2.375978 10.806615 1.972633 9.071902 8.266079 7.452323 7.825398 2.969032 2.445222 10.767470 8.061304 7.179237 5.349982 3.178526 -3.748899 -8.606639 -13.629108 -19.889945 -20.666403 -21.354851 -25.533076 -23.068049 -12.740416 -10.121836 -11.715695 -14.069928 -24.789810 -24.171874 -23.641116 -35.332066 -31.493034 -22.375025 -25.127029 -27.632892 -29.093427 -32.637877 
-13.180345 8.631046 19.727980 14.854365 6.883391 11.864243 3.001423 10.518468 6.312928 12.913784 6.691242 3.636959 7.226376 9.485847 9.110582 6.400798 8.146644 7.966371 0.676628 -6.688004 -13.051140 -16.281599 -16.497001 -19.474890 -23.781846 -21.080771 -11.131099 -11.525927 -11.082833 -12.324548 -20.387915 -23.771315 -25.086729 -37.514273 -26.262097 -18.046194 -22.447495 -28.438936 -31.878141 -33.076692 
-7.844157 11.606600 19.460973 12.356970 10.199030 10.640801 4.303410 8.848398 8.361699 13.333717 5.230381 3.735379 9.071813 7.765397 5.780351 5.398938 9.477370 9.577969 0.908336 -5.521851 -9.532322 -15.989584 -17.924952 -21.982167 -22.600093 -19.509541 -10.192050 -7.887119 -10.033915 -12.685010 -21.630950 -25.715559 -22.158204 -35.663208 -31.564407 -23.757323 -24.602071 -29.077718 -31.945711 -31.853305 
-3.439802 13.661415 17.810809 9.506652 12.091434 7.509718 7.356949 5.667870 11.304465 9.279413 4.736436 4.472230 7.733106 9.561444 4.209799 0.860954 5.358270 9.071658 3.830027 -3.847955 -9.194048 -13.045229 -13.887440 -17.861374 -19.936956 -14.300551 -7.712127 -8.208637 -10.541997 -15.262831 -24.522828 -28.924317 -28.339577 -38.935273 -32.193303 -22.139206 -26.524692 -31.856634 -32.189515 -31.198703 
-0.693484 15.292292 15.891469 8.692897 11.986637 5.816323 7.795635 6.984089 7.850094 5.112024 3.846762 1.782507 7.559064 6.704556 1.902346 1.937052 3.886830 9.211624 6.260905 -1.100021 -7.789594 -10.057102 -11.611038 -16.224881 -15.373686 -8.893865 -6.153743 -9.760027 -10.839568 -13.547236 -22.184425 -26.764050 -24.407069 -36.053269 -31.667842 -21.583522 -23.241668 -31.239520 -33.059259 -32.665933 
5.032783 17.805819 16.576781 11.743291 8.941647 4.498307 5.470805 6.736013 6.922319 6.748923 6.613187 2.223417 4.582478 3.003079 1.190348 -5.002136 -2.605338 -0.073750 2.017138 -1.709171 -11.579618 -11.980453 -10.633878 -14.797566 -16.943410 -8.912942 -7.342664 -14.614452 -15.573630 -21.345736 -24.434422 -24.372336 -24.969870 -33.713203 -30.617983 -20.574736 -22.744262 -25.934109 -26.893252 -26.782733 
7.770010 18.794284 14.720207 11.964704 6.606219 1.742781 1.782083 0.336866 0.428869 6.110136 3.094361 1.358160 3.549819 0.553194 -4.024575 -9.597621 -9.420854 -4.271565 -2.656461 0.602569 -4.681005 -10.443784 -11.421417 -16.571786 -17.093857 -13.409879 -17.325125 -20.004383 -22.911982 -27.514076 -28.896825 -30.209570 -29.634956 -37.014182 -32.162567 -24.009934 -26.832668 -27.056140 -27.792922 -27.124797 
10.489706 17.968918 13.682533 11.327566 -1.245201 1.603884 1.172870 -1.406401 3.603706 3.887645 0.493823 1.432566 2.209160 -2.603445 -9.812699 -17.986330 -18.134188 -8.479419 -5.357358 -3.965050 -4.539288 -10.683743 -11.384652 -13.677820 -13.656950 -17.487429 -19.689160 -19.554973 -20.115319 -27.640878 -33.675550 -31.644667 -29.991054 -39.097410 -34.759052 -26.263458 -29.033688 -31.999504 -30.938787 -30.897896 
12.880961 18.621929 13.249301 8.482568 0.191007 -1.525173 -0.768267 -2.298256 1.552459 5.217485 0.299111 -3.153348 -2.774424 -8.100006 -12.579352 -18.302645 -18.963321 -15.120455 -15.969631 -14.576370 -15.065473 -14.842022 -12.793296 -11.939608 -8.807461 -16.678208 -19.555692 -17.276870 -16.718150 -23.843633 -34.467987 -32.218327 -27.123542 -39.218849 -37.380520 -29.167342 -27.321229 -31.583532 -31.992556 -32.855302 
13.782258 19.320855 14.541060 7.472732 1.454556 0.631271 -0.406867 -1.056502 -1.041042 2.840049 -2.861045 -13.123514 -6.978806 -6.697678 -13.684359 -16.530216 -16.717071 -15.823718 -16.714750 -13.288860 -7.229062 -9.890888 -9.979025 -12.638725 -15.708203 -19.649514 -22.165448 -25.283503 -21.086009 -24.062428 -35.333785 -33.785378 -30.512777 -40.438469 -40.467231 -28.063426 -27.913170 -29.626839 -30.175114 -30.692692 
13.557642 18.247030 13.540573 7.475967 0.378989 -1.225912 -4.459273 -4.568802 2.387968 4.467580 1.648345 -6.987333 -7.285010 -8.802856 -14.189738 -25.574652 -25.388829 -20.113200 -16.507003 -13.350518 -8.759249 -7.540251 -5.641653 -10.798456 -12.212610 -16.861996 -23.468000 -23.029394 -21.989625 -27.507294 -37.264499 -39.537212 -39.644425 -46.090599 -43.214549 -32.453806 -32.398905 -32.478250 -36.018987 -35.576341 
13.558484 17.333773 12.674725 6.201037 -1.498838 -2.129363 -5.406088 -3.402597 3.639231 2.186153 -6.160777 -18.202725 -16.145887 -18.539791 -23.125913 -24.402541 -26.356022 -28.532520 -27.261763 -22.251935 -15.004987 -4.810363 -0.596999 -7.604952 -9.589531 -16.366913 -19.872466 -16.320528 -23.160773 -29.884062 -34.609348 -35.282126 -36.239155 -44.733429 -41.412720 -25.412705 -29.911904 -33.328446 -29.933403 -31.845906 
13.374810 15.541388 8.977813 4.667468 -3.585006 -2.249923 -3.482891 -1.979445 4.443641 1.344718 -7.208733 -14.305826 -15.403720 -18.102842 -22.671512 -26.197557 -29.575962 -30.023998 -25.758265 -21.009751 -17.212118 -6.490084 -2.447109 -10.350136 -12.680792 -18.116329 -18.763883 -17.603258 -22.080306 -32.239025 -34.218257 -36.781026 -37.882512 -46.764652 -42.931182 -27.663678 -30.020601 -32.646022 -31.098208 -33.312400 
12.819830 15.672300 10.598050 4.715256 -3.409197 -0.182035 0.387302 2.336523 6.560303 1.871595 -9.592812 -12.182786 -12.804408 -15.692900 -21.228532 -26.439946 -26.188998 -24.975242 -23.723701 -18.405367 -14.562974 -10.831136 -8.777267 -13.294280 -15.409290 -16.905465 -17.750481 -15.954466 -18.934942 -30.226794 -32.890972 -35.637528 -36.886714 -48.181251 -43.188899 -29.558684 -31.309340 -35.378859 -32.998414 -32.556398 
12.334318 15.888838 11.885068 4.705767 -2.875417 -0.896697 -0.807450 1.168093 5.300531 0.294547 -10.661169 -18.538807 -18.833243 -21.759045 -25.525983 -26.865345 -26.543349 -23.279432 -20.626959 -18.328063 -21.260444 -23.126800 -9.726223 -9.993296 -10.507023 -17.981932 -23.635620 -22.787774 -25.027574 -29.503788 -38.086503 -38.429529 -38.839419 -46.445333 -43.081592 -34.514944 -35.683130 -35.814471 -32.687967 -31.648200 
11.662559 15.256386 11.091355 5.693895 -2.532601 -2.237815 -0.648840 2.776560 2.146980 -3.028085 -17.913274 -19.030783 -20.935654 -23.996275 -29.103136 -32.199620 -38.913663 -34.445302 -33.475541 -24.507879 -19.917856 -11.994984 -6.379392 -13.107601 -18.208700 -15.514132 -17.323136 -21.998423 -21.267577 -26.729249 -31.435247 -41.983945 -35.590121 -41.798592 -41.106470 -33.184391 -31.740683 -36.188381 -32.157201 -32.291745 
11.779314 15.029770 9.126887 4.036158 -5.291207 -8.114996 -7.087128 -0.811713 -0.158756 -7.998565 -16.315318 -16.358071 -22.314593 -32.371350 -33.550723 -33.208643 -34.366267 -31.879515 -32.942864 -30.631822 -27.383138 -16.593974 -11.428346 -11.541811 -13.529546 -13.210588 -19.552985 -23.386844 -25.254853 -24.208926 -34.268333 -39.268967 -35.813694 -42.251347 -41.871179 -33.188051 -33.900486 -37.865871 -37.159114 -37.115419 
12.106715 14.378637 7.151490 -2.085945 -6.698214 -11.093571 -11.236256 -2.632459 -1.491012 -10.783544 -18.334860 -24.770910 -28.636313 -28.764506 -30.640729 -34.797814 -39.130193 -36.852620 -34.636067 -32.369139 -29.886108 -21.081199 -15.984269 -13.696795 -15.821523 -15.958717 -20.801785 -22.984341 -24.424536 -25.637637 -39.283942 -39.783741 -38.561716 -44.300465 -43.374020 -33.349685 -35.187442 -37.903311 -38.732387 -38.898648 
7.445719 8.021763 5.216848 1.728387 -1.116561 -2.734163 -3.703921 -6.533229 -8.661065 -13.668617 -17.520536 -18.866842 -27.118574 -25.852553 -27.194118 -30.008713 -37.565689 -38.576864 -34.773445 -32.916199 -25.822258 -20.645672 -13.116603 -14.279992 -17.443644 -23.450906 -21.981116 -21.759383 -27.006066 -33.346555 -37.547267 -35.647378 -36.850691 -42.620556 -42.414919 -33.970795 -35.909327 -37.853849 -46.761111 -40.763266 
-24.579045 -24.000231 -27.133825 -24.500144 -23.873175 -23.454172 -23.606376 -24.038552 -25.742937 -28.097181 -32.177039 -39.985163 -44.089149 -38.442365 -37.412363 -39.793956 -43.133944 -42.237582 -42.571184 -46.231132 -40.715365 -35.999205 -35.289581 -37.628051 -41.323885 -43.410701 -46.092940 -46.441408 -46.120412 -52.579752 -55.157365 -51.053074 -56.140289 -57.910531 -55.620932 -56.423121 -54.491564 -57.499211 -58.045759 -55.769096 
-38.888402 -35.197053 -43.262051 -61.603613 -66.495158 -58.849311 -53.108789 -52.157068 -50.384868 -59.629026 -67.597452 -68.485625 -67.972334 -70.786036 -75.812828 -76.713791 -79.861354 -76.209512 -75.153589 -75.081397 -72.477091 -68.841294 -59.789969 -60.353978 -62.835183 -59.489284 -68.407931 -71.889747 -70.497968 -69.728967 -75.319275 -80.138965 -80.001450 -81.517324 -82.086940 -79.225084 -80.473206 -78.934773 -79.860830 -81.454921 
-48.783353 -48.428647 -51.841064 -60.200876 -63.557467 -62.345627 -58.181868 -59.533699 -56.386079 -63.392986 -66.064390 -69.314561 -71.893641 -72.683805 -75.285673 -75.938449 -76.669318 -78.150819 -77.234164 -79.757122 -75.569845 -79.489082 -70.121632 -67.047635 -68.445070 -65.876977 -70.056504 -74.565352 -74.242929 -74.627623 -78.196477 -80.980903 -81.417948 -81.533874 -83.285147 -84.718120 -80.914004 -83.015766 -83.260300 -84.097925 
-51.531941 -49.679554 -53.210964 -64.788986 -70.952498 -72.811773 -71.916007 -71.266200 -76.932395 -74.730389 -71.126679 -73.334805 -79.908386 -76.073658 -75.221476 -75.524551 -76.495541 -83.119707 -83.461595 -83.510545 -80.449044 -86.485147 -82.191415 -82.999251 -81.077404 -77.854050 -79.204115 -83.890224 -87.529542 -89.202505 -86.495660 -88.447892 -92.127578 -91.113426 -88.893599 -91.200430 -90.720982 -90.142537 -91.700990 -92.913629 
-73.067102 -74.214906 -76.228301 -79.809494 -84.323844 -85.673280 -84.527574 -85.376226 -89.586420 -91.503149 -89.315149 -91.162316 -94.923042 -92.652525 -94.448128 -96.656314 -95.058992 -98.508147 -96.860753 -99.701568 -98.513589 -100.866908 -100.405759 -101.311485 -102.513035 -102.624918 -103.249895 -104.013171 -104.639699 -105.203637 -105.760262 -106.317006 -106.842518 -107.258482 -107.791184 -108.442863 -108.573813 -109.271989 -109.546288 -110.503064 
NaN NaN NaN NaN NaN NaN NaN NaN NaN NaN NaN NaN NaN NaN NaN NaN NaN NaN NaN NaN NaN NaN NaN NaN NaN NaN NaN NaN NaN NaN NaN NaN NaN NaN NaN NaN NaN NaN NaN NaN 
NaN NaN NaN NaN NaN NaN NaN NaN NaN NaN NaN NaN NaN NaN NaN NaN NaN NaN NaN NaN NaN NaN NaN NaN NaN NaN NaN NaN NaN NaN NaN NaN NaN NaN NaN NaN NaN NaN NaN NaN 
NaN NaN NaN NaN NaN NaN NaN NaN NaN NaN NaN NaN NaN NaN NaN NaN NaN NaN NaN NaN NaN NaN NaN NaN NaN NaN NaN NaN NaN NaN NaN NaN NaN NaN NaN NaN NaN NaN NaN NaN 
NaN NaN NaN NaN NaN NaN NaN NaN NaN NaN NaN NaN NaN NaN NaN NaN NaN NaN NaN NaN NaN NaN NaN NaN NaN NaN NaN NaN NaN NaN NaN NaN NaN NaN NaN NaN NaN NaN NaN NaN 
NaN NaN NaN NaN NaN NaN NaN NaN NaN NaN NaN NaN NaN NaN NaN NaN NaN NaN NaN NaN NaN NaN NaN NaN NaN NaN NaN NaN NaN NaN NaN NaN NaN NaN NaN NaN NaN NaN NaN NaN 
NaN NaN NaN NaN NaN NaN NaN NaN NaN NaN NaN NaN NaN NaN NaN NaN NaN NaN NaN NaN NaN NaN NaN NaN NaN NaN NaN NaN NaN NaN NaN NaN NaN NaN NaN NaN NaN NaN NaN NaN 
NaN NaN NaN NaN NaN NaN NaN NaN NaN NaN NaN NaN NaN NaN NaN NaN NaN NaN NaN NaN NaN NaN NaN NaN NaN NaN NaN NaN NaN NaN NaN NaN NaN NaN NaN NaN NaN NaN NaN NaN 
-69.344381 -69.300001 -69.230553 -69.125422 -69.002750 -68.865204 -68.739996 -68.633059 -68.560954 -68.546790 -68.593158 -68.695567 -68.822432 -68.926434 -68.942634 -68.824701 -68.578934 -68.287022 -68.060891 -67.994429 -68.105723 -68.288486 -68.325955 -68.094457 -67.765719 -67.667035 -67.907053 -68.150719 -67.961574 -67.623560 -67.724202 -67.949105 -67.552105 -67.164549 -67.206113 -66.737483 -66.317800 -66.307327 -66.412497 -68.807286 
-72.494627 -72.433754 -72.339021 -72.196863 -72.032815 -71.851431 -71.688982 -71.553194 -71.465824 -71.456160 -71.528137 -71.677504 -71.863097 -72.021576 -72.061658 -71.917341 -71.601167 -71.228999 -70.950634 -70.885584 -71.057430 -71.328790 -71.402486 -71.104901 -70.677447 -70.556792 -70.886003 -71.226884 -70.980444 -70.540512 -70.694284 -71.029558 -70.539968 -70.094087 -70.238843 -69.695521 -69.232538 -69.288563 -69.228706 -71.373307 
NaN NaN NaN NaN NaN NaN NaN NaN NaN NaN NaN NaN NaN NaN NaN NaN NaN NaN NaN NaN NaN NaN NaN NaN NaN NaN NaN NaN NaN NaN NaN NaN NaN NaN NaN NaN NaN NaN NaN NaN 
NaN NaN NaN NaN NaN NaN NaN NaN NaN NaN NaN NaN NaN NaN NaN NaN NaN NaN NaN NaN NaN NaN NaN NaN NaN NaN NaN NaN NaN NaN NaN NaN NaN NaN NaN NaN NaN NaN NaN NaN 
