NaN NaN NaN NaN NaN NaN NaN NaN NaN NaN NaN NaN NaN NaN NaN NaN NaN NaN NaN NaN NaN NaN NaN NaN NaN NaN NaN NaN NaN NaN NaN NaN NaN NaN NaN NaN NaN NaN NaN NaN 
NaN NaN NaN NaN NaN NaN NaN NaN NaN NaN NaN NaN NaN NaN NaN NaN NaN NaN NaN NaN NaN NaN NaN NaN NaN NaN NaN NaN NaN NaN NaN NaN NaN NaN NaN NaN NaN NaN NaN NaN 
NaN NaN NaN NaN NaN NaN NaN NaN NaN NaN NaN NaN NaN NaN NaN NaN NaN NaN NaN NaN NaN NaN NaN NaN NaN NaN NaN NaN NaN NaN NaN NaN NaN NaN NaN NaN NaN NaN NaN NaN 
NaN NaN NaN NaN NaN NaN NaN NaN NaN NaN NaN NaN NaN NaN NaN NaN NaN NaN NaN NaN NaN NaN NaN NaN NaN NaN NaN NaN NaN NaN NaN NaN NaN NaN NaN NaN NaN NaN NaN NaN 
NaN NaN NaN NaN NaN NaN NaN NaN NaN NaN NaN NaN NaN NaN NaN NaN NaN NaN NaN NaN NaN NaN NaN NaN NaN NaN NaN NaN NaN NaN NaN NaN NaN NaN NaN NaN NaN NaN NaN NaN 
NaN NaN NaN NaN NaN NaN NaN NaN NaN NaN NaN NaN NaN NaN NaN NaN NaN NaN NaN NaN NaN NaN NaN NaN NaN NaN NaN NaN NaN NaN NaN NaN NaN NaN NaN NaN NaN NaN NaN NaN 
NaN NaN NaN NaN NaN NaN NaN NaN NaN NaN NaN NaN NaN NaN NaN NaN NaN NaN NaN NaN NaN NaN NaN NaN NaN NaN NaN NaN NaN NaN NaN NaN NaN NaN NaN NaN NaN NaN NaN NaN 
NaN NaN NaN NaN NaN NaN NaN NaN NaN NaN NaN NaN NaN NaN NaN NaN NaN NaN NaN NaN NaN NaN NaN NaN NaN NaN NaN NaN NaN NaN NaN NaN NaN NaN NaN NaN NaN NaN NaN NaN 
NaN NaN NaN NaN NaN NaN NaN NaN NaN NaN NaN NaN NaN NaN NaN NaN NaN NaN NaN NaN NaN NaN NaN NaN NaN NaN NaN NaN NaN NaN NaN NaN NaN NaN NaN NaN NaN NaN NaN NaN 
NaN NaN NaN NaN NaN NaN NaN NaN NaN NaN NaN NaN NaN NaN NaN NaN NaN NaN NaN NaN NaN NaN NaN NaN NaN NaN NaN NaN NaN NaN NaN NaN NaN NaN NaN NaN NaN NaN NaN NaN 
NaN NaN NaN NaN NaN NaN NaN NaN NaN NaN NaN NaN NaN NaN NaN NaN NaN NaN NaN NaN NaN NaN NaN NaN NaN NaN NaN NaN NaN NaN NaN NaN NaN NaN NaN NaN NaN NaN NaN NaN 
NaN NaN NaN NaN NaN NaN NaN NaN NaN NaN NaN NaN NaN NaN NaN NaN NaN NaN NaN NaN NaN NaN NaN NaN NaN NaN NaN NaN NaN NaN NaN NaN NaN NaN NaN NaN NaN NaN NaN NaN 
NaN NaN NaN NaN NaN NaN NaN NaN NaN NaN NaN NaN NaN NaN NaN NaN NaN NaN NaN NaN NaN NaN NaN NaN NaN NaN NaN NaN NaN NaN NaN NaN NaN NaN NaN NaN NaN NaN NaN NaN 
NaN NaN NaN NaN NaN NaN NaN NaN NaN NaN NaN NaN NaN NaN NaN NaN NaN NaN NaN NaN NaN NaN NaN NaN NaN NaN NaN NaN NaN NaN NaN NaN NaN NaN NaN NaN NaN NaN NaN NaN 
NaN NaN NaN NaN NaN NaN NaN NaN NaN NaN NaN NaN NaN NaN NaN NaN NaN NaN NaN NaN NaN NaN NaN NaN NaN NaN NaN NaN NaN NaN NaN NaN NaN NaN NaN NaN NaN NaN NaN NaN 
NaN NaN NaN NaN NaN NaN NaN NaN NaN NaN NaN NaN NaN NaN NaN NaN NaN NaN NaN NaN NaN NaN NaN NaN NaN NaN NaN NaN NaN NaN NaN NaN NaN NaN NaN NaN NaN NaN NaN NaN 
NaN NaN NaN NaN NaN NaN NaN NaN NaN NaN NaN NaN NaN NaN NaN NaN NaN NaN NaN NaN NaN NaN NaN NaN NaN NaN NaN NaN NaN NaN NaN NaN NaN NaN NaN NaN NaN NaN NaN NaN 
NaN NaN NaN NaN NaN NaN NaN NaN NaN NaN NaN NaN NaN NaN NaN NaN NaN NaN NaN NaN NaN NaN NaN NaN NaN NaN NaN NaN NaN NaN NaN NaN NaN NaN NaN NaN NaN NaN NaN NaN 
NaN NaN NaN NaN NaN NaN NaN NaN NaN NaN NaN NaN NaN NaN NaN NaN NaN NaN NaN NaN NaN NaN NaN NaN NaN NaN NaN NaN NaN NaN NaN NaN NaN NaN NaN NaN NaN NaN NaN NaN 
NaN NaN NaN NaN NaN NaN NaN NaN NaN NaN NaN NaN NaN NaN NaN NaN NaN NaN NaN NaN NaN NaN NaN NaN NaN NaN NaN NaN NaN NaN NaN NaN NaN NaN NaN NaN NaN NaN NaN NaN 
NaN NaN NaN NaN NaN NaN NaN NaN NaN NaN NaN NaN NaN NaN NaN NaN NaN NaN NaN NaN NaN NaN NaN NaN NaN NaN NaN NaN NaN NaN NaN NaN NaN NaN NaN NaN NaN NaN NaN NaN 
NaN NaN NaN NaN NaN NaN NaN NaN NaN NaN NaN NaN NaN NaN NaN NaN NaN NaN NaN NaN NaN NaN NaN NaN NaN NaN NaN NaN NaN NaN NaN NaN NaN NaN NaN NaN NaN NaN NaN NaN 
NaN NaN NaN NaN NaN NaN NaN NaN NaN NaN NaN NaN NaN NaN NaN NaN NaN NaN NaN NaN NaN NaN NaN NaN NaN NaN NaN NaN NaN NaN NaN NaN NaN NaN NaN NaN NaN NaN NaN NaN 
NaN NaN NaN NaN NaN NaN NaN NaN NaN NaN NaN NaN NaN NaN NaN NaN NaN NaN NaN NaN NaN NaN NaN NaN NaN NaN NaN NaN NaN NaN NaN NaN NaN NaN NaN NaN NaN NaN NaN NaN 
NaN NaN NaN NaN NaN NaN NaN NaN NaN NaN NaN NaN NaN NaN NaN NaN NaN NaN NaN NaN NaN NaN NaN NaN NaN NaN NaN NaN NaN NaN NaN NaN NaN NaN NaN NaN NaN NaN NaN NaN 
NaN NaN NaN NaN NaN NaN NaN NaN NaN NaN NaN NaN NaN NaN NaN NaN NaN NaN NaN NaN NaN NaN NaN NaN NaN NaN NaN NaN NaN NaN NaN NaN NaN NaN NaN NaN NaN NaN NaN NaN 
NaN NaN NaN NaN NaN NaN NaN NaN NaN NaN NaN NaN NaN NaN NaN NaN NaN NaN NaN NaN NaN NaN NaN NaN NaN NaN NaN NaN NaN NaN NaN NaN NaN NaN NaN NaN NaN NaN NaN NaN 
NaN NaN NaN NaN NaN NaN NaN NaN NaN NaN NaN NaN NaN NaN NaN NaN NaN NaN NaN NaN NaN NaN NaN NaN NaN NaN NaN NaN NaN NaN NaN NaN NaN NaN NaN NaN NaN NaN NaN NaN 
NaN NaN NaN NaN NaN NaN NaN NaN NaN NaN NaN NaN NaN NaN NaN NaN NaN NaN NaN NaN NaN NaN NaN NaN NaN NaN NaN NaN NaN NaN NaN NaN NaN NaN NaN NaN NaN NaN NaN NaN 
NaN NaN NaN NaN NaN NaN NaN NaN NaN NaN NaN NaN NaN NaN NaN NaN NaN NaN NaN NaN NaN NaN NaN NaN NaN NaN NaN NaN NaN NaN NaN NaN NaN NaN NaN NaN NaN NaN NaN NaN 
NaN NaN NaN NaN NaN NaN NaN NaN NaN NaN NaN NaN NaN NaN NaN NaN NaN NaN NaN NaN NaN NaN NaN NaN NaN NaN NaN NaN NaN NaN NaN NaN NaN NaN NaN NaN NaN NaN NaN NaN 
NaN NaN NaN NaN NaN NaN NaN NaN NaN NaN NaN NaN NaN NaN NaN NaN NaN NaN NaN NaN NaN NaN NaN NaN NaN NaN NaN NaN NaN NaN NaN NaN NaN NaN NaN NaN NaN NaN NaN NaN 
-23.817616 -23.223401 -22.056739 -17.121338 -14.381351 -14.171453 -16.177715 -15.124952 -16.302807 -17.357647 -6.468366 -2.591299 -3.137459 -5.822263 -0.850736 2.111998 0.334546 -7.015020 -3.166930 -9.182996 -12.807351 -20.062436 -24.659067 -26.024238 -22.783587 -22.152032 -22.615394 -17.537834 -17.698428 -17.936820 -21.155040 -29.670586 -32.365191 -32.148654 -33.692858 -36.041217 -31.458366 -34.284772 -42.514104 -44.045973 
-12.376543 -6.118018 -2.852008 -4.505362 1.471082 -0.338839 -6.614460 -10.932348 -3.621578 -2.221155 0.946622 2.587237 3.066284 -1.772308 4.618270 8.304758 6.224937 3.320372 8.520971 2.229809 -4.404858 -8.499456 -15.448127 -17.327353 -13.852082 -17.448583 -16.011766 -9.244699 -7.983399 -11.334120 -15.565919 -18.555991 -18.289711 -23.846732 -24.185687 -26.035632 -22.721220 -26.452505 -33.499824 -35.484757 
-14.497850 -8.088208 -7.740140 8.019234 15.437392 9.758988 1.639709 -0.088633 7.127323 4.717158 2.970535 8.567295 10.637991 8.327627 14.430319 19.782474 13.117746 14.785052 12.279968 7.920866 3.565847 -0.640024 -4.679778 -10.522140 -9.705504 -10.781997 -11.525050 -7.940181 -4.648377 -8.021281 -14.946156 -15.622191 -18.360525 -22.777964 -21.989949 -19.216713 -21.540929 -22.858408 -27.458787 -29.137090 
-13.502168 -13.899174 -29.307448 8.239134 18.149993 8.276711 -10.214588 -0.344902 8.184514 -7.787365 -1.061527 10.008441 -1.222385 6.007560 9.191455 11.908932 15.037321 4.457237 7.005117 3.157965 1.834912 -1.606081 -8.753328 -11.566961 -11.980604 -13.696958 -15.240504 -12.248827 -7.449006 -6.475393 -12.139457 -13.694470 -17.061933 -22.172672 -23.987467 -22.300135 -21.705616 -26.540914 -28.428766 -28.898933 
-15.236677 -13.965859 -21.742706 8.287025 19.575699 10.930271 -10.475582 -2.506263 9.733869 -3.512492 -7.240599 11.113756 2.008890 0.250982 7.196203 2.822880 15.091549 0.790744 8.088476 0.053919 1.049223 -4.728361 -8.584270 -8.386867 -9.597544 -13.336908 -14.465170 -13.968143 -9.864002 -5.967810 -8.148705 -10.868366 -15.227468 -21.264441 -24.775911 -21.065379 -23.481542 -28.109752 -31.865933 -30.606935 
-22.357408 -18.999644 -21.020862 7.008994 19.978378 12.573052 -13.307989 -7.567926 9.219313 -1.981680 -8.363868 11.641289 4.918382 -1.639285 8.627439 1.394295 15.896379 5.175209 10.458892 2.555341 5.475579 -7.318772 -7.626893 -8.452639 -14.910356 -17.542233 -17.145224 -16.232771 -10.093015 -7.227553 -9.440537 -12.198019 -16.243289 -22.494922 -24.773625 -23.325368 -24.665914 -27.174550 -30.197297 -30.192112 
-18.869385 -19.850035 -23.786087 5.159046 20.017808 14.691742 -9.479920 -12.138685 9.938583 2.599700 -13.010640 11.937471 8.484173 -2.498247 11.427461 1.563010 13.275966 7.483267 7.162830 1.272376 1.116760 -6.732024 -8.938066 -10.539933 -18.328373 -18.484394 -19.397989 -18.625786 -10.774794 -7.660917 -9.504735 -10.172633 -16.989042 -26.086592 -26.283258 -24.284036 -22.211257 -27.607797 -29.511958 -30.006148 
-24.512425 -20.791863 -28.536574 3.192971 19.591911 15.196617 -10.340780 -12.152166 10.138450 4.204595 -14.354604 11.104311 11.562033 -5.080094 13.905545 5.179832 12.041810 10.696236 5.209419 3.855010 1.912870 -4.408852 -6.794530 -10.210081 -11.949100 -16.447591 -15.838838 -14.549271 -10.450739 -10.106064 -9.566879 -8.655332 -15.925590 -23.155305 -28.001681 -23.878851 -23.071770 -29.464310 -31.847184 -30.260957 
-14.639513 -25.574507 -26.197279 1.786573 19.119065 15.673521 -9.195722 -17.067366 8.801173 5.166183 -14.433664 10.131219 12.238416 -5.795172 14.017631 7.859795 8.249267 10.651550 5.039569 6.526705 0.344265 -4.790900 -7.655853 -13.039194 -14.084010 -16.473951 -15.363580 -12.450135 -9.760848 -9.133884 -11.995049 -13.226292 -17.837477 -23.567448 -28.346979 -25.366369 -27.002140 -31.416054 -34.714971 -30.906171 
-20.430581 -21.819343 -35.466516 -0.098785 18.611315 15.808404 -7.091332 -18.840098 8.571035 6.068918 -12.252658 9.800193 13.455656 -6.858186 15.717734 11.152787 6.013776 9.730580 1.727435 5.500900 -4.450989 -5.484320 -6.836119 -10.985603 -11.559182 -13.445493 -15.073593 -13.624037 -8.329954 -8.636575 -11.197650 -12.343187 -16.931788 -24.260069 -29.653908 -27.572956 -26.814773 -32.454813 -31.166109 -29.261084 
-27.390180 -25.147769 -22.304838 -0.477398 18.333334 15.830966 -7.811418 -19.941571 8.640153 6.577523 -12.891920 7.283067 13.024751 -5.760829 15.070834 10.515657 2.920860 6.625150 -3.658420 -0.879409 -5.845246 -6.497799 -7.557570 -10.678554 -11.518399 -15.633712 -17.779198 -16.626020 -14.631545 -14.232188 -13.123255 -16.152443 -21.367587 -24.745012 -24.045037 -24.187562 -26.942902 -30.850208 -30.752168 -28.166685 
-17.191478 -19.951284 -26.691659 -0.802242 18.196672 16.086830 -6.900942 -25.538191 7.912670 7.291575 -13.342408 7.118410 13.343196 -7.358903 12.839381 11.177522 0.612835 5.150961 -3.884191 1.919093 -6.227660 -8.302932 -9.656468 -13.760174 -11.485398 -14.149578 -13.254890 -11.427195 -9.506850 -13.484053 -12.272932 -13.763488 -18.860549 -25.052737 -22.622740 -23.863002 -24.604558 -31.197063 -29.699844 -29.456431 
-20.896421 -27.762305 -31.293893 -1.747876 17.975207 16.464364 -6.519762 -20.990198 7.213061 7.753658 -13.463757 5.332192 13.118115 -5.961174 13.126504 12.769530 -2.589385 3.228068 -3.390567 3.321417 -7.499174 -8.889613 -10.882322 -10.916886 -10.823898 -13.883867 -17.415592 -14.106837 -11.830986 -14.413165 -15.968832 -14.665895 -18.578310 -24.678431 -26.992629 -28.390423 -30.965075 -33.608337 -36.668383 -31.352184 
-25.574935 -29.659918 -28.652867 -2.346513 17.655950 17.071310 -4.895155 -27.246381 6.933581 8.842515 -16.614322 2.948839 13.230123 -3.302977 12.920732 14.860060 -5.713112 3.106040 -5.782512 3.410500 -7.937974 -4.421481 -11.158878 -11.203547 -10.927805 -15.793287 -14.861900 -14.494546 -11.507409 -12.833219 -16.263623 -14.560099 -18.484771 -24.871776 -26.907600 -25.131480 -29.357834 -32.785054 -34.944908 -31.162482 
-34.442504 -27.083923 -23.633334 -2.833183 17.482878 17.471501 -3.622157 -16.642121 8.012298 10.621477 -9.927911 3.462659 13.815250 -2.243897 13.952351 16.581509 -7.078889 -0.880643 -8.314030 3.285944 -3.258863 0.828387 -7.680580 -10.875469 -10.726732 -16.586132 -14.587165 -11.822420 -7.795531 -9.536250 -11.301801 -14.596260 -20.694196 -24.540905 -25.944569 -22.636679 -24.659023 -32.840848 -32.696971 -29.839869 
-18.972865 -23.401625 -24.096152 0.312176 18.183766 16.857703 -3.573843 -20.749843 9.042882 10.215997 -10.024307 5.851545 14.567623 -0.705804 14.895837 17.068919 -2.204881 -1.493540 -5.589843 3.758488 -3.944661 0.112540 -4.021917 -7.194281 -7.023715 -12.842860 -10.923283 -9.256456 -5.976126 -7.618770 -9.451294 -10.529696 -15.086025 -20.580574 -24.840037 -27.868105 -34.283625 -36.171745 -35.281349 -29.275323 
-15.208178 -15.934884 -15.575973 2.696999 19.737560 16.419199 -6.403513 -12.951942 10.721697 7.652156 -11.269308 11.699139 15.692902 -2.811261 16.380623 11.206754 2.524183 4.780932 -1.779843 1.346256 -0.431205 -2.443564 -4.772188 -9.728965 -10.464522 -12.158011 -11.109609 -8.049075 -5.531154 -8.561683 -11.872762 -14.018587 -20.475247 -24.835767 -25.901167 -26.237152 -33.651326 -36.908325 -38.095298 -34.720793 
-15.834411 -20.477195 -16.941107 6.154504 20.520217 14.977718 -8.315442 -5.908534 11.408921 2.596256 -11.162434 14.733962 13.046183 2.268780 17.056789 4.922059 7.345690 3.419724 3.882358 1.409101 4.572641 -0.850906 -4.681813 -5.781697 -9.922681 -11.026414 -9.181244 -9.193039 -10.077243 -14.478363 -14.111209 -17.629907 -20.890018 -23.854253 -25.622514 -26.359293 -31.929327 -35.777737 -38.241662 -33.434904 
-17.530623 -21.868037 -20.191449 9.685911 21.009264 12.516848 -12.503786 0.733295 11.782300 -4.071872 -1.355908 15.912916 4.779469 10.748963 16.037256 1.055279 10.244361 -1.345393 4.881172 -1.487652 2.643047 3.868457 0.096769 -4.208828 -8.361461 -10.278063 -8.804054 -5.772658 -4.949669 -8.226278 -10.279715 -11.928942 -17.205467 -23.149089 -24.377865 -22.328399 -27.449162 -31.290148 -31.320943 -29.515516 
-21.630770 -28.448049 -15.814369 13.297760 21.136184 9.157376 -16.914334 6.555777 11.261031 -7.075115 9.229196 15.588851 0.009600 15.451128 11.852233 5.142876 7.463727 -0.407057 1.090773 -0.678747 -1.360169 5.223107 1.152874 -3.076535 -5.972712 -8.417245 -7.528948 -4.092349 -3.530295 -9.541871 -11.810988 -13.889611 -17.815504 -22.027528 -26.025858 -26.679182 -29.286214 -34.695809 -35.435638 -34.519548 
-35.417824 -25.115478 -10.046455 16.617794 20.946053 5.861041 -5.260653 11.939855 8.420033 -4.477542 15.732544 11.558449 7.961418 16.220839 2.981248 7.459928 -1.235408 -0.744213 -3.509259 -2.076226 -3.074204 0.049608 2.327768 -2.152900 -5.262221 -8.311465 -5.625967 -3.348514 -4.791529 -12.778398 -17.715943 -21.437369 -19.156647 -19.182362 -22.007503 -26.551462 -33.131349 -37.362924 -39.833038 -35.203627 
-19.141826 -17.188332 -3.175148 18.567144 19.317193 0.715645 3.037360 13.827653 3.451068 7.358444 17.048903 5.002490 15.145752 11.587465 2.778711 2.036786 -3.790144 -7.685725 -3.546057 -7.176582 -8.595839 -3.785196 -1.979159 -1.529947 -4.648538 -10.109933 -7.021231 -4.911560 -8.941778 -18.403085 -18.516416 -20.971195 -19.552259 -23.261064 -27.212271 -29.674283 -29.921060 -37.161046 -39.401654 -37.113109 
-27.791262 -23.732900 4.578647 18.862510 14.740233 -3.984452 10.252976 12.774152 -4.602151 13.963584 12.710691 8.917836 15.437729 4.449432 5.461027 -3.978692 -2.756771 -8.497010 -9.265574 -8.462161 -12.689526 -9.802358 -3.878100 -1.576788 -4.106898 -8.605224 -7.959249 -9.235248 -16.044374 -19.516663 -22.764840 -20.194775 -20.206827 -22.819057 -26.729049 -32.657599 -33.485111 -39.241468 -42.150111 -36.245968 
-20.131765 -18.444742 8.287669 18.438785 10.145217 -1.792731 14.025528 11.066838 1.281706 13.865826 4.888938 12.495890 11.954944 3.660894 3.102116 -1.924860 -7.443716 -9.597520 -13.115697 -14.525523 -19.569697 -19.356403 -11.063921 -5.524394 -5.833106 -12.277064 -11.494894 -8.482925 -17.519314 -21.091096 -22.751339 -20.192006 -19.263783 -21.821853 -27.074388 -30.136869 -33.691053 -43.150694 -39.733154 -36.276939 
-25.618612 -12.211203 10.506752 17.843659 6.902491 3.700791 15.559988 6.773923 8.336385 11.447561 -0.819512 9.613056 -0.487664 3.752639 -5.145742 -3.245984 -11.064585 -15.261612 -15.777544 -18.660932 -21.221758 -21.385298 -16.833189 -9.703162 -6.497606 -8.157770 -11.565516 -8.902225 -14.267245 -16.850202 -17.805419 -19.768073 -22.946659 -24.526929 -27.215829 -30.460092 -36.890984 -42.065021 -43.983035 -39.416576 
-13.606319 -10.295113 11.742610 16.318752 2.410394 8.264186 15.449044 3.220855 12.506380 10.014023 1.939419 5.526642 -2.214174 0.252834 -7.706599 -8.458259 -12.245725 -17.493512 -19.596209 -21.179366 -24.456265 -27.944821 -20.627286 -13.120380 -8.855271 -7.142753 -8.956342 -7.836808 -14.932614 -19.521614 -23.263097 -25.141178 -24.712508 -26.054263 -28.854597 -32.777990 -40.057192 -46.398886 -43.892092 -39.132334 
-15.971880 -5.914971 12.794157 15.018502 -0.956822 10.779369 13.778388 1.518464 13.889682 3.733323 1.610936 -0.425359 -2.139258 -4.967480 -8.636270 -14.305628 -14.544465 -20.218012 -24.858440 -27.154377 -27.143481 -26.840945 -21.760485 -17.336839 -10.785960 -10.517078 -13.120544 -10.988822 -17.015234 -23.707558 -23.897898 -23.494081 -18.052623 -19.923924 -27.946041 -37.370112 -40.430816 -45.464163 -44.075116 -41.144637 
-24.979488 -2.476030 13.638817 13.534442 -0.684788 12.733343 10.866084 5.955974 13.693740 -0.908189 0.009514 -8.463376 -5.395544 -13.347906 -16.073960 -21.564701 -23.976475 -29.770319 -32.248988 -35.546589 -32.728533 -33.963122 -29.334090 -23.500653 -14.502025 -11.191954 -10.384136 -12.780667 -22.099388 -23.737287 -24.461418 -23.303158 -19.968029 -26.427619 -34.309141 -37.255084 -41.492687 -48.834152 -44.526460 -36.918535 
-21.096355 -0.467006 13.979782 12.341192 -0.542468 12.661805 7.573104 7.666431 11.659319 -6.456573 -4.355309 -10.836610 -8.496399 -18.676494 -19.562387 -21.298094 -27.673358 -30.889066 -32.762848 -33.461675 -34.633845 -30.761385 -26.589529 -21.431715 -13.800509 -6.882682 -11.457981 -14.768916 -18.602441 -23.042333 -25.057223 -24.943071 -22.696824 -27.146869 -34.433973 -38.207288 -41.290967 -46.944757 -44.457458 -38.182311 
-22.443513 0.286354 13.894397 10.997999 1.438825 13.178758 5.912240 10.079976 9.461659 -9.066490 -9.279398 -13.289634 -11.470368 -18.616357 -23.516184 -25.979212 -29.695719 -35.297543 -36.164147 -35.940491 -36.852736 -33.803468 -30.655293 -25.270667 -20.272769 -11.744049 -9.240205 -15.335078 -21.616982 -22.084352 -28.859434 -32.310213 -27.685785 -29.011828 -39.264695 -39.310358 -43.099898 -51.372566 -43.671582 -39.010515 
-25.159428 1.308809 13.428459 9.115033 4.298063 12.909128 5.274332 11.006968 6.482912 -8.167279 -16.573796 -15.225551 -17.049902 -19.594956 -23.018543 -27.270234 -31.018275 -38.111622 -42.224078 -40.486795 -41.047400 -37.228093 -31.800131 -26.324259 -19.513942 -13.202622 -10.390165 -10.187115 -17.531721 -24.640477 -26.035492 -29.279949 -27.347159 -32.324817 -35.180402 -42.781215 -43.469928 -48.782555 -44.525421 -41.910343 
-24.608840 0.190506 12.796686 9.651985 1.496303 11.258765 5.163583 8.146484 4.158116 -19.512811 -19.771171 -19.565740 -17.081804 -21.703022 -27.693296 -32.403731 -29.230786 -34.783340 -36.189037 -35.731222 -36.854446 -36.150612 -32.029469 -28.366005 -22.418079 -17.062838 -14.739674 -11.632398 -21.910982 -29.123171 -28.168333 -30.404987 -28.481221 -33.993978 -37.998384 -39.673559 -42.038163 -44.400369 -43.275978 -41.004739 
-15.210841 0.585005 12.787211 8.987229 1.733183 10.749736 2.314123 6.510834 4.368850 -21.074940 -23.117292 -19.003057 -22.232320 -21.307331 -32.065424 -32.769981 -31.623412 -39.814724 -44.958632 -40.567129 -38.425685 -38.934403 -35.449950 -29.871106 -21.767083 -15.879435 -13.807894 -12.911736 -22.539117 -28.432117 -30.256535 -30.445445 -30.417781 -35.103655 -38.195766 -39.305470 -43.785590 -49.771360 -49.022856 -47.123729 
-25.848667 0.781726 12.287395 7.661580 2.709281 9.349311 -2.218601 5.458411 0.432914 -17.765898 -24.226746 -25.797447 -29.769176 -31.500540 -29.368929 -34.651475 -34.057106 -37.197136 -38.129196 -38.514184 -41.441879 -38.834251 -37.910502 -29.860921 -26.164711 -16.966876 -15.249312 -18.544983 -23.941601 -28.733522 -31.251386 -30.397491 -29.747774 -37.815384 -40.945553 -46.076677 -46.145304 -47.863385 -48.433612 -44.825358 
-23.128090 -1.599192 11.252985 7.138478 -1.042955 7.713282 -1.058901 2.578153 -2.029414 -22.427219 -28.054898 -33.373898 -27.817333 -27.114587 -31.158538 -33.410291 -36.355419 -41.186877 -41.959727 -44.520149 -44.530807 -40.690913 -38.676020 -36.651960 -27.567484 -17.726401 -14.624875 -14.175640 -19.451247 -28.748767 -29.750174 -31.394634 -28.576299 -32.190785 -41.254995 -46.562851 -44.994693 -48.865118 -45.509554 -42.589442 
-18.200972 -3.280375 10.414695 8.084607 -3.344223 6.023625 1.834526 -0.485695 -3.541163 -22.436414 -27.803773 -29.991128 -28.197062 -30.967327 -28.430820 -40.616198 -41.123115 -45.284477 -46.765575 -43.096121 -42.123972 -43.433934 -37.696786 -31.854904 -27.391756 -14.860793 -14.292602 -16.081085 -24.154276 -30.800197 -32.378892 -32.450122 -30.393426 -37.365264 -45.655049 -46.645420 -49.064508 -50.549326 -45.384413 -43.355199 
-20.742060 -3.830436 9.461551 6.911704 -8.977965 2.325184 -3.409686 -7.116359 -5.027908 -29.374696 -30.980647 -26.184507 -25.358850 -32.697431 -29.858796 -32.372900 -38.565169 -40.187940 -39.867858 -41.187613 -41.839542 -37.247115 -33.983555 -31.729565 -28.738307 -15.840579 -12.984515 -16.268228 -26.695810 -28.760144 -40.194822 -35.288445 -35.543733 -37.456017 -42.479007 -46.614963 -45.659527 -47.841430 -43.849074 -43.199703 
-14.018543 -4.622674 8.117335 6.166288 -6.382299 0.358114 -5.763834 -11.320962 -11.121756 -25.287777 -32.785572 -33.390855 -25.102693 -26.976406 -30.608058 -35.527923 -43.395581 -41.215349 -45.378266 -43.998448 -46.074656 -43.479868 -39.326992 -34.590868 -29.363671 -23.031230 -19.518926 -20.719123 -30.966555 -34.459257 -34.990162 -33.750048 -34.568179 -39.398378 -46.644227 -48.304405 -48.598352 -51.290471 -50.326103 -49.751286 
-21.187706 -6.996384 2.044106 2.598699 -3.060602 -4.259038 -13.017505 -20.596552 -21.064352 -25.827871 -29.908623 -28.623559 -28.420749 -30.203906 -39.351564 -44.987256 -41.242542 -43.455888 -47.379102 -45.154410 -45.191776 -43.089077 -42.128620 -41.241621 -31.169748 -24.630058 -22.784496 -22.817933 -29.478269 -38.940525 -41.598573 -43.717542 -40.545928 -44.812920 -49.093023 -52.658323 -50.682887 -50.039934 -50.985060 -50.409744 
-27.949551 -24.130086 -21.662744 -21.093066 -21.639983 -23.635125 -27.406225 -34.163255 -38.926822 -38.806318 -45.276827 -43.741692 -39.708388 -42.482225 -44.784532 -46.180472 -46.797707 -46.626000 -47.650746 -48.808018 -49.372316 -50.993457 -49.126524 -51.948160 -47.257053 -43.191546 -43.246040 -41.387073 -47.834288 -52.196714 -54.204716 -56.498335 -54.689560 -55.762135 -57.287450 -58.076298 -57.805762 -57.565468 -58.543633 -58.817083 
-85.480737 -80.453659 -78.004945 -77.008095 -77.477581 -79.912935 -85.423705 -96.232219 -87.309837 -84.855744 -87.893849 -96.463372 -90.540050 -89.167781 -95.138920 -93.252691 -91.408339 -99.179446 -102.980966 -100.231509 -95.796394 -98.954540 -101.742166 -94.816423 -92.542725 -91.781783 -93.599055 -98.597250 -99.881227 -97.006142 -103.455614 -100.866726 -107.423938 -105.943756 -102.037931 -102.030660 -109.239851 -106.202252 -106.822622 -108.601416 
NaN NaN NaN NaN NaN NaN NaN NaN NaN NaN NaN NaN NaN NaN NaN NaN NaN NaN NaN NaN NaN NaN NaN NaN NaN NaN NaN NaN NaN NaN NaN NaN NaN NaN NaN NaN NaN NaN NaN NaN 
NaN NaN NaN NaN NaN NaN NaN NaN NaN NaN NaN NaN NaN NaN NaN NaN NaN NaN NaN NaN NaN NaN NaN NaN NaN NaN NaN NaN NaN NaN NaN NaN NaN NaN NaN NaN NaN NaN NaN NaN 
NaN NaN NaN NaN NaN NaN NaN NaN NaN NaN NaN NaN NaN NaN NaN NaN NaN NaN NaN NaN NaN NaN NaN NaN NaN NaN NaN NaN NaN NaN NaN NaN NaN NaN NaN NaN NaN NaN NaN NaN 
NaN NaN NaN NaN NaN NaN NaN NaN NaN NaN NaN NaN NaN NaN NaN NaN NaN NaN NaN NaN NaN NaN NaN NaN NaN NaN NaN NaN NaN NaN NaN NaN NaN NaN NaN NaN NaN NaN NaN NaN 
NaN NaN NaN NaN NaN NaN NaN NaN NaN NaN NaN NaN NaN NaN NaN NaN NaN NaN NaN NaN NaN NaN NaN NaN NaN NaN NaN NaN NaN NaN NaN NaN NaN NaN NaN NaN NaN NaN NaN NaN 
NaN NaN NaN NaN NaN NaN NaN NaN NaN NaN NaN NaN NaN NaN NaN NaN NaN NaN NaN NaN NaN NaN NaN NaN NaN NaN NaN NaN NaN NaN NaN NaN NaN NaN NaN NaN NaN NaN NaN NaN 
NaN NaN NaN NaN NaN NaN NaN NaN NaN NaN NaN NaN NaN NaN NaN NaN NaN NaN NaN NaN NaN NaN NaN NaN NaN NaN NaN NaN NaN NaN NaN NaN NaN NaN NaN NaN NaN NaN NaN NaN 
NaN NaN NaN NaN NaN NaN NaN NaN NaN NaN NaN NaN NaN NaN NaN NaN NaN NaN NaN NaN NaN NaN NaN NaN NaN NaN NaN NaN NaN NaN NaN NaN NaN NaN NaN NaN NaN NaN NaN NaN 
NaN NaN NaN NaN NaN NaN NaN NaN NaN NaN NaN NaN NaN NaN NaN NaN NaN NaN NaN NaN NaN NaN NaN NaN NaN NaN NaN NaN NaN NaN NaN NaN NaN NaN NaN NaN NaN NaN NaN NaN 
NaN NaN NaN NaN NaN NaN NaN NaN NaN NaN NaN NaN NaN NaN NaN NaN NaN NaN NaN NaN NaN NaN NaN NaN NaN NaN NaN NaN NaN NaN NaN NaN NaN NaN NaN NaN NaN NaN NaN NaN 
