NaN NaN NaN NaN NaN NaN NaN NaN NaN NaN NaN NaN NaN NaN NaN NaN NaN NaN NaN NaN NaN NaN NaN NaN NaN NaN NaN NaN NaN NaN NaN NaN NaN NaN NaN NaN NaN NaN NaN NaN 
NaN NaN NaN NaN NaN NaN NaN NaN NaN NaN NaN NaN NaN NaN NaN NaN NaN NaN NaN NaN NaN NaN NaN NaN NaN NaN NaN NaN NaN NaN NaN NaN NaN NaN NaN NaN NaN NaN NaN NaN 
-88.489175 -89.591718 -91.604061 -95.515505 -100.398665 -97.981074 -93.952730 -92.181256 -92.721565 -96.222442 -100.944228 -95.939055 -92.405015 -92.841342 -97.234879 -95.949154 -90.919946 -90.598745 -96.011859 -101.459169 -97.739913 -100.690484 -97.402954 -98.297837 -98.659212 -96.688719 -103.840505 -106.641758 -104.174667 -109.350369 -107.921409 -104.430447 -101.061597 -107.393907 -107.508704 -102.016029 -104.365926 -107.177342 -106.550986 -111.279653 
-69.522141 -72.500566 -74.403418 -75.170545 -79.663078 -77.886005 -76.028167 -75.934004 -73.047433 -78.190262 -87.385410 -80.361783 -72.989470 -75.959907 -79.574220 -77.261639 -73.048747 -71.547565 -77.469919 -80.169599 -80.408726 -82.419118 -79.886346 -81.317478 -81.146851 -77.992980 -82.846569 -86.040847 -85.552807 -91.292505 -88.479204 -85.510643 -81.575477 -86.795526 -89.760653 -84.432463 -84.532752 -88.977700 -88.594169 -91.165186 
-77.512239 -83.222753 -86.034912 -78.980305 -78.356183 -80.283650 -84.372670 -88.455820 -78.212714 -79.033626 -85.899610 -85.815766 -78.432135 -82.226232 -82.344008 -80.903307 -81.962317 -79.350868 -85.715243 -81.153601 -86.343040 -82.831954 -84.697298 -84.438330 -85.178367 -85.490388 -87.995272 -87.892046 -90.278935 -91.658659 -91.770193 -92.230317 -90.580948 -92.191465 -93.030005 -91.935084 -90.845710 -91.908815 -92.020691 -93.979435 
-114.431666 -114.431231 -114.430526 -114.429388 -114.427941 -114.426097 -114.424106 -114.421937 -114.419662 -114.417734 -114.416340 -114.415746 -114.416210 -114.417888 -114.420703 -114.424253 -114.427985 -114.430875 -114.431938 -114.430469 -114.426475 -114.421077 -114.416610 -114.415537 -114.419240 -114.426251 -114.431941 -114.431162 -114.423287 -114.415246 -114.416927 -114.428336 -114.433781 -114.421740 -114.412520 -114.429757 -114.429937 -114.432058 -114.990929 -117.422082 
NaN NaN NaN NaN NaN NaN NaN NaN NaN NaN NaN NaN NaN NaN NaN NaN NaN NaN NaN NaN NaN NaN NaN NaN NaN NaN NaN NaN NaN NaN NaN NaN NaN NaN NaN NaN NaN NaN NaN NaN 
NaN NaN NaN NaN NaN NaN NaN NaN NaN NaN NaN NaN NaN NaN NaN NaN NaN NaN NaN NaN NaN NaN NaN NaN NaN NaN NaN NaN NaN NaN NaN NaN NaN NaN NaN NaN NaN NaN NaN NaN 
NaN NaN NaN NaN NaN NaN NaN NaN NaN NaN NaN NaN NaN NaN NaN NaN NaN NaN NaN NaN NaN NaN NaN NaN NaN NaN NaN NaN NaN NaN NaN NaN NaN NaN NaN NaN NaN NaN NaN NaN 
NaN NaN NaN NaN NaN NaN NaN NaN NaN NaN NaN NaN NaN NaN NaN NaN NaN NaN NaN NaN NaN NaN NaN NaN NaN NaN NaN NaN NaN NaN NaN NaN NaN NaN NaN NaN NaN NaN NaN NaN 
NaN NaN NaN NaN NaN NaN NaN NaN NaN NaN NaN NaN NaN NaN NaN NaN NaN NaN NaN NaN NaN NaN NaN NaN NaN NaN NaN NaN NaN NaN NaN NaN NaN NaN NaN NaN NaN NaN NaN NaN 
NaN NaN NaN NaN NaN NaN NaN NaN NaN NaN NaN NaN NaN NaN NaN NaN NaN NaN NaN NaN NaN NaN NaN NaN NaN NaN NaN NaN NaN NaN NaN NaN NaN NaN NaN NaN NaN NaN NaN NaN 
NaN NaN NaN NaN NaN NaN NaN NaN NaN NaN NaN NaN NaN NaN NaN NaN NaN NaN NaN NaN NaN NaN NaN NaN NaN NaN NaN NaN NaN NaN NaN NaN NaN NaN NaN NaN NaN NaN NaN NaN 
NaN NaN NaN NaN NaN NaN NaN NaN NaN NaN NaN NaN NaN NaN NaN NaN NaN NaN NaN NaN NaN NaN NaN NaN NaN NaN NaN NaN NaN NaN NaN NaN NaN NaN NaN NaN NaN NaN NaN NaN 
NaN NaN NaN NaN NaN NaN NaN NaN NaN NaN NaN NaN NaN NaN NaN NaN NaN NaN NaN NaN NaN NaN NaN NaN NaN NaN NaN NaN NaN NaN NaN NaN NaN NaN NaN NaN NaN NaN NaN NaN 
NaN NaN NaN NaN NaN NaN NaN NaN NaN NaN NaN NaN NaN NaN NaN NaN NaN NaN NaN NaN NaN NaN NaN NaN NaN NaN NaN NaN NaN NaN NaN NaN NaN NaN NaN NaN NaN NaN NaN NaN 
NaN NaN NaN NaN NaN NaN NaN NaN NaN NaN NaN NaN NaN NaN NaN NaN NaN NaN NaN NaN NaN NaN NaN NaN NaN NaN NaN NaN NaN NaN NaN NaN NaN NaN NaN NaN NaN NaN NaN NaN 
NaN NaN NaN NaN NaN NaN NaN NaN NaN NaN NaN NaN NaN NaN NaN NaN NaN NaN NaN NaN NaN NaN NaN NaN NaN NaN NaN NaN NaN NaN NaN NaN NaN NaN NaN NaN NaN NaN NaN NaN 
NaN NaN NaN NaN NaN NaN NaN NaN NaN NaN NaN NaN NaN NaN NaN NaN NaN NaN NaN NaN NaN NaN NaN NaN NaN NaN NaN NaN NaN NaN NaN NaN NaN NaN NaN NaN NaN NaN NaN NaN 
NaN NaN NaN NaN NaN NaN NaN NaN NaN NaN NaN NaN NaN NaN NaN NaN NaN NaN NaN NaN NaN NaN NaN NaN NaN NaN NaN NaN NaN NaN NaN NaN NaN NaN NaN NaN NaN NaN NaN NaN 
NaN NaN NaN NaN NaN NaN NaN NaN NaN NaN NaN NaN NaN NaN NaN NaN NaN NaN NaN NaN NaN NaN NaN NaN NaN NaN NaN NaN NaN NaN NaN NaN NaN NaN NaN NaN NaN NaN NaN NaN 
NaN NaN NaN NaN NaN NaN NaN NaN NaN NaN NaN NaN NaN NaN NaN NaN NaN NaN NaN NaN NaN NaN NaN NaN NaN NaN NaN NaN NaN NaN NaN NaN NaN NaN NaN NaN NaN NaN NaN NaN 
NaN NaN NaN NaN NaN NaN NaN NaN NaN NaN NaN NaN NaN NaN NaN NaN NaN NaN NaN NaN NaN NaN NaN NaN NaN NaN NaN NaN NaN NaN NaN NaN NaN NaN NaN NaN NaN NaN NaN NaN 
NaN NaN NaN NaN NaN NaN NaN NaN NaN NaN NaN NaN NaN NaN NaN NaN NaN NaN NaN NaN NaN NaN NaN NaN NaN NaN NaN NaN NaN NaN NaN NaN NaN NaN NaN NaN NaN NaN NaN NaN 
NaN NaN NaN NaN NaN NaN NaN NaN NaN NaN NaN NaN NaN NaN NaN NaN NaN NaN NaN NaN NaN NaN NaN NaN NaN NaN NaN NaN NaN NaN NaN NaN NaN NaN NaN NaN NaN NaN NaN NaN 
NaN NaN NaN NaN NaN NaN NaN NaN NaN NaN NaN NaN NaN NaN NaN NaN NaN NaN NaN NaN NaN NaN NaN NaN NaN NaN NaN NaN NaN NaN NaN NaN NaN NaN NaN NaN NaN NaN NaN NaN 
NaN NaN NaN NaN NaN NaN NaN NaN NaN NaN NaN NaN NaN NaN NaN NaN NaN NaN NaN NaN NaN NaN NaN NaN NaN NaN NaN NaN NaN NaN NaN NaN NaN NaN NaN NaN NaN NaN NaN NaN 
NaN NaN NaN NaN NaN NaN NaN NaN NaN NaN NaN NaN NaN NaN NaN NaN NaN NaN NaN NaN NaN NaN NaN NaN NaN NaN NaN NaN NaN NaN NaN NaN NaN NaN NaN NaN NaN NaN NaN NaN 
NaN NaN NaN NaN NaN NaN NaN NaN NaN NaN NaN NaN NaN NaN NaN NaN NaN NaN NaN NaN NaN NaN NaN NaN NaN NaN NaN NaN NaN NaN NaN NaN NaN NaN NaN NaN NaN NaN NaN NaN 
NaN NaN NaN NaN NaN NaN NaN NaN NaN NaN NaN NaN NaN NaN NaN NaN NaN NaN NaN NaN NaN NaN NaN NaN NaN NaN NaN NaN NaN NaN NaN NaN NaN NaN NaN NaN NaN NaN NaN NaN 
NaN NaN NaN NaN NaN NaN NaN NaN NaN NaN NaN NaN NaN NaN NaN NaN NaN NaN NaN NaN NaN NaN NaN NaN NaN NaN NaN NaN NaN NaN NaN NaN NaN NaN NaN NaN NaN NaN NaN NaN 
NaN NaN NaN NaN NaN NaN NaN NaN NaN NaN NaN NaN NaN NaN NaN NaN NaN NaN NaN NaN NaN NaN NaN NaN NaN NaN NaN NaN NaN NaN NaN NaN NaN NaN NaN NaN NaN NaN NaN NaN 
NaN NaN NaN NaN NaN NaN NaN NaN NaN NaN NaN NaN NaN NaN NaN NaN NaN NaN NaN NaN NaN NaN NaN NaN NaN NaN NaN NaN NaN NaN NaN NaN NaN NaN NaN NaN NaN NaN NaN NaN 
NaN NaN NaN NaN NaN NaN NaN NaN NaN NaN NaN NaN NaN NaN NaN NaN NaN NaN NaN NaN NaN NaN NaN NaN NaN NaN NaN NaN NaN NaN NaN NaN NaN NaN NaN NaN NaN NaN NaN NaN 
NaN NaN NaN NaN NaN NaN NaN NaN NaN NaN NaN NaN NaN NaN NaN NaN NaN NaN NaN NaN NaN NaN NaN NaN NaN NaN NaN NaN NaN NaN NaN NaN NaN NaN NaN NaN NaN NaN NaN NaN 
NaN NaN NaN NaN NaN NaN NaN NaN NaN NaN NaN NaN NaN NaN NaN NaN NaN NaN NaN NaN NaN NaN NaN NaN NaN NaN NaN NaN NaN NaN NaN NaN NaN NaN NaN NaN NaN NaN NaN NaN 
NaN NaN NaN NaN NaN NaN NaN NaN NaN NaN NaN NaN NaN NaN NaN NaN NaN NaN NaN NaN NaN NaN NaN NaN NaN NaN NaN NaN NaN NaN NaN NaN NaN NaN NaN NaN NaN NaN NaN NaN 
NaN NaN NaN NaN NaN NaN NaN NaN NaN NaN NaN NaN NaN NaN NaN NaN NaN NaN NaN NaN NaN NaN NaN NaN NaN NaN NaN NaN NaN NaN NaN NaN NaN NaN NaN NaN NaN NaN NaN NaN 
NaN NaN NaN NaN NaN NaN NaN NaN NaN NaN NaN NaN NaN NaN NaN NaN NaN NaN NaN NaN NaN NaN NaN NaN NaN NaN NaN NaN NaN NaN NaN NaN NaN NaN NaN NaN NaN NaN NaN NaN 
NaN NaN NaN NaN NaN NaN NaN NaN NaN NaN NaN NaN NaN NaN NaN NaN NaN NaN NaN NaN NaN NaN NaN NaN NaN NaN NaN NaN NaN NaN NaN NaN NaN NaN NaN NaN NaN NaN NaN NaN 
NaN NaN NaN NaN NaN NaN NaN NaN NaN NaN NaN NaN NaN NaN NaN NaN NaN NaN NaN NaN NaN NaN NaN NaN NaN NaN NaN NaN NaN NaN NaN NaN NaN NaN NaN NaN NaN NaN NaN NaN 
NaN NaN NaN NaN NaN NaN NaN NaN NaN NaN NaN NaN NaN NaN NaN NaN NaN NaN NaN NaN NaN NaN NaN NaN NaN NaN NaN NaN NaN NaN NaN NaN NaN NaN NaN NaN NaN NaN NaN NaN 
-91.822320 -91.823351 -91.825077 -91.828020 -91.832060 -91.837834 -91.845040 -91.854508 -91.867445 -91.883323 -91.903186 -91.928448 -91.958692 -91.995865 -92.040632 -92.092781 -92.154762 -92.225884 -92.307787 -92.401199 -92.509119 -92.635491 -92.782081 -92.956939 -93.164756 -93.408119 -93.689820 -94.011602 -94.384570 -94.825020 -95.355678 -95.990160 -96.737623 -97.626591 -98.724996 -100.119025 -101.879403 -104.235904 -108.228262 -116.831904 
-85.240509 -85.241542 -85.243273 -85.246223 -85.250272 -85.256058 -85.263276 -85.272758 -85.285710 -85.301601 -85.321474 -85.346741 -85.376984 -85.414149 -85.458901 -85.511031 -85.572993 -85.644102 -85.726004 -85.819432 -85.927385 -86.053800 -86.200431 -86.375308 -86.583117 -86.826451 -87.108137 -87.429954 -87.803015 -88.243573 -88.774282 -89.408751 -90.156267 -91.045501 -92.144268 -93.538481 -95.299401 -97.658985 -101.661497 -110.308929 
-150.425994 -150.435052 -150.449977 -150.474724 -150.507459 -150.551735 -150.603386 -150.665800 -150.742092 -150.823319 -150.908388 -150.993990 -151.068501 -151.123985 -151.147976 -151.127534 -151.051509 -150.915586 -150.721563 -150.484149 -150.223428 -149.967237 -149.750717 -149.596076 -149.520075 -149.518349 -149.548623 -149.523640 -149.327934 -148.882552 -148.223109 -147.500585 -146.873988 -146.396045 -145.906445 -144.999513 -143.390858 -141.375477 -139.526145 -138.255254 
NaN NaN NaN NaN NaN NaN NaN NaN NaN NaN NaN NaN NaN NaN NaN NaN NaN NaN NaN NaN NaN NaN NaN NaN NaN NaN NaN NaN NaN NaN NaN NaN NaN NaN NaN NaN NaN NaN NaN NaN 
NaN NaN NaN NaN NaN NaN NaN NaN NaN NaN NaN NaN NaN NaN NaN NaN NaN NaN NaN NaN NaN NaN NaN NaN NaN NaN NaN NaN NaN NaN NaN NaN NaN NaN NaN NaN NaN NaN NaN NaN 
-74.310204 -74.253936 -74.227981 -74.333419 -74.656267 -75.287039 -76.050700 -76.621088 -76.467939 -75.751810 -75.279118 -75.676424 -76.974537 -77.596819 -75.754659 -73.694706 -73.185533 -74.745913 -78.386242 -81.905464 -83.085485 -84.880043 -87.246847 -92.761954 -93.569495 -89.537393 -89.726323 -89.916168 -90.868294 -91.798303 -102.335588 -102.226685 -96.709326 -86.110693 -88.701630 -101.251405 -98.747942 -99.742568 -103.190813 -104.091982 
-35.042916 -34.988771 -37.030607 -42.171125 -37.591888 -31.351473 -28.881842 -28.588064 -31.013458 -34.961006 -37.098856 -35.689517 -33.710895 -33.651860 -29.426134 -25.236523 -25.443987 -30.566166 -32.257307 -34.455492 -39.410511 -41.282730 -43.526241 -46.282927 -44.966475 -40.586461 -46.410147 -48.129384 -44.644677 -48.648449 -52.209201 -51.963893 -46.451445 -33.729716 -38.785870 -46.576311 -47.358051 -44.599139 -44.125110 -44.342917 
-12.678781 -6.538260 -8.564711 -12.733275 -7.798414 -8.527564 -12.510215 -14.274086 -12.856409 -14.970556 -14.933621 -13.618357 -7.211872 -10.979643 -13.093261 -7.349173 -8.510248 -16.505617 -15.183639 -21.665869 -25.416529 -26.082435 -31.698914 -34.288189 -31.639200 -21.674475 -30.952596 -29.856372 -27.116891 -29.603782 -40.257337 -39.594040 -20.064027 -14.364584 -16.089307 -27.135041 -24.283860 -27.848793 -24.993879 -22.108458 
-4.516387 7.239770 11.131195 10.153471 9.005018 5.865982 6.013731 4.696598 5.130898 6.935753 9.783301 11.788761 12.940764 10.619497 11.497596 11.990446 7.989032 1.268521 -2.984790 -6.562964 -9.167020 -10.271727 -12.970105 -19.391751 -17.493705 -5.937855 -6.331303 -7.026040 -4.479352 -8.500516 -30.621710 -34.539698 -19.616460 -14.948844 -19.934521 -27.877643 -21.068769 -27.997574 -29.373419 -23.061062 
-4.163417 11.383345 13.760847 7.805251 11.946985 5.902253 7.509303 4.035726 5.968203 6.916822 10.883128 13.796033 15.461983 9.706983 11.556495 12.103610 9.736194 2.479969 -2.740473 -5.012308 -8.463496 -10.073508 -14.012758 -20.893471 -17.408955 -3.860887 -5.402278 -5.880844 -2.435528 -6.439505 -27.601278 -34.869418 -20.069873 -11.547034 -16.535552 -28.351872 -23.162398 -33.149217 -34.770999 -28.011335 
-3.919302 12.608930 15.995107 8.058848 13.478822 7.170404 7.577894 4.507692 9.004513 7.544425 10.319458 13.730844 15.270904 13.467258 13.718772 15.308291 12.960239 5.294841 -0.341692 -5.386307 -7.626595 -8.254962 -11.612944 -18.634281 -15.639105 -1.463345 -2.183260 -3.816490 -0.434844 -4.057951 -26.270733 -31.610277 -17.614404 -11.393104 -19.158976 -30.035888 -20.815972 -31.125048 -31.979097 -28.091045 
-6.552634 12.758040 17.910306 8.003862 13.202544 8.958430 6.692823 5.263983 9.652236 7.356072 13.193751 12.345366 13.615615 12.140911 13.922615 15.594358 12.188026 6.029668 -0.397868 -4.432871 -6.219518 -7.557846 -10.314602 -18.168049 -13.806513 -1.884764 -2.447687 -3.780032 -0.836568 -3.943904 -24.459464 -31.108311 -15.379690 -8.615612 -16.400111 -28.354033 -22.402645 -29.753563 -29.233909 -27.740571 
-8.056759 12.621003 19.010831 9.666137 11.822811 10.463286 6.626432 7.369578 8.893864 8.978450 14.617668 12.536744 15.425836 8.627470 11.670439 13.649645 12.140977 6.098099 0.800637 -3.896225 -6.714810 -7.424405 -10.601239 -17.406432 -15.807639 -1.989877 -3.723731 -4.982812 -1.377213 -3.458777 -23.326112 -30.458956 -16.559111 -9.869244 -16.455415 -27.621463 -22.345387 -29.541428 -32.981937 -29.035065 
-8.630315 12.101835 19.881992 12.073843 10.453135 12.089931 4.831726 10.321211 7.325251 11.713998 13.577396 13.079619 16.399250 9.581925 12.288079 14.294671 15.007226 11.600687 4.701835 -0.133264 -3.518872 -4.277392 -7.823391 -14.355862 -13.027506 -2.755047 -6.308084 -7.653439 -4.792375 -6.729900 -23.231554 -29.222096 -18.211413 -13.318357 -19.346563 -26.849309 -23.689802 -29.519183 -29.528124 -27.920993 
-14.322591 10.721244 20.438450 13.798991 8.472915 13.845043 4.413573 11.239982 3.689638 12.280004 8.521814 13.079364 14.835122 12.655990 12.697159 12.634539 14.841327 11.644081 4.283350 -1.095543 -3.968661 -4.780639 -8.251623 -15.798632 -13.295838 -1.187998 -3.654374 -5.123130 -2.311413 -4.483985 -24.119638 -32.165844 -14.365771 -8.722331 -16.364044 -27.427559 -23.865311 -28.922176 -29.318031 -25.405570 
-17.526060 9.321284 20.648151 15.680652 6.601281 14.927406 5.241337 10.513497 5.580610 10.431864 6.535314 11.257040 10.125252 13.417285 13.249811 11.823611 12.980751 11.644100 3.023409 -1.575348 -4.763037 -5.056069 -7.989310 -16.332679 -14.458896 -1.902699 -4.716762 -5.842503 -2.396047 -3.978230 -23.723206 -30.274133 -14.864468 -8.460106 -16.010771 -29.003294 -25.059117 -31.118829 -30.906209 -26.503809 
-21.835687 7.550869 20.404727 17.004504 5.117081 15.407813 7.874336 8.317010 8.356384 8.476141 10.102946 11.161669 10.479865 12.026625 11.288850 12.910926 14.182691 9.456724 3.281647 -1.891179 -4.714022 -5.259751 -8.429486 -15.399675 -15.373825 -3.148156 -3.268849 -5.482023 -2.568932 -4.333279 -23.549235 -33.959298 -17.144603 -11.161974 -17.409038 -28.260948 -23.470643 -31.157791 -29.736271 -24.710054 
-24.219111 5.453034 19.683810 17.854064 3.295678 15.654451 10.600210 5.693845 10.479045 5.171703 12.766732 11.499581 14.515932 8.328905 9.981026 14.065893 14.575197 9.840437 3.598716 -1.318577 -4.846198 -4.882444 -8.114486 -17.297099 -15.942517 -2.172423 -2.915080 -4.916757 -2.310640 -4.233101 -22.527524 -32.622789 -16.102717 -9.579954 -16.211232 -27.852694 -23.950683 -31.206354 -28.031266 -24.780439 
-24.797514 2.675575 18.754900 18.408367 2.910485 15.411261 12.641475 3.337657 11.396895 3.617522 14.079068 9.226772 15.657453 6.396460 7.476424 12.790350 13.392206 11.187660 3.815414 -1.033557 -5.936480 -6.096870 -9.291735 -17.145769 -17.619525 -4.554188 -4.150637 -6.104261 -4.015935 -4.326162 -22.705379 -35.697099 -16.229690 -8.937893 -16.994769 -28.108347 -24.902869 -32.300012 -29.721849 -26.854148 
-16.965428 2.468432 18.785281 19.053912 2.546579 15.189255 13.643460 1.861983 12.068595 3.048860 14.474526 8.156317 16.323257 6.852020 8.380478 10.786118 11.162999 12.617944 5.686234 0.357759 -4.396716 -5.647457 -10.122842 -16.784668 -17.824790 -5.330323 -4.508914 -7.091362 -5.468439 -5.674199 -21.332987 -31.719992 -16.271846 -10.119364 -17.532261 -30.410018 -26.459063 -31.819137 -29.569924 -28.286572 
-16.805838 1.358882 18.552520 19.431705 2.817323 14.983378 14.729321 1.861992 12.423845 2.730003 15.087810 8.795354 16.733087 8.028416 9.900170 9.174963 11.525269 14.649210 6.429132 1.362960 -3.031559 -4.714967 -8.346940 -15.607228 -15.180151 -3.878708 -4.224949 -7.148996 -4.710928 -5.585982 -21.362647 -30.842582 -14.380877 -8.264978 -17.070434 -27.313003 -22.568580 -30.421242 -28.806344 -26.126684 
-14.046452 0.592960 17.741758 19.414378 2.096070 14.135588 15.189991 1.514876 12.357019 2.157170 14.909436 8.733139 16.128523 8.773210 10.852341 6.164121 8.812358 14.596853 4.413517 -0.738397 -4.510357 -6.321822 -9.497348 -18.868761 -16.810749 -4.286712 -6.589654 -8.836945 -6.295446 -7.315144 -22.960948 -30.526921 -15.919819 -8.260258 -15.538939 -28.532619 -23.760607 -31.016501 -29.472021 -26.115166 
-23.595216 -0.613548 17.734880 19.082346 1.743035 13.948861 14.975432 0.505322 12.350099 1.578569 14.962821 8.626279 15.723353 8.302409 10.245039 4.822450 7.710636 15.051504 6.187325 -0.350368 -4.372461 -6.260055 -9.715176 -17.467450 -15.359664 -3.262382 -6.904042 -9.262641 -6.239810 -8.090309 -24.056287 -31.975694 -17.277303 -11.480315 -19.033576 -29.960288 -26.241205 -32.249586 -30.327738 -28.088569 
-13.757734 0.716277 17.905083 18.912803 1.347181 14.501792 14.644106 1.068313 11.901022 1.983777 14.955240 7.743725 15.126592 7.256050 9.223417 2.919730 6.025066 13.800049 10.387973 2.355618 -3.199936 -4.948229 -8.363316 -16.176693 -14.031195 -2.129351 -6.936854 -7.823279 -4.949084 -6.660899 -22.050545 -33.561017 -16.017025 -8.640110 -17.610004 -30.399797 -25.814424 -30.245726 -27.937194 -24.216065 
-22.069155 2.202467 18.435335 18.533653 2.319145 15.580359 14.115119 3.173346 11.616497 3.085031 14.834331 7.242315 14.490324 7.224236 7.646826 3.640994 6.545996 11.384918 13.065699 5.327478 -0.952717 -3.318996 -7.407625 -14.948599 -12.128146 -2.516074 -7.354023 -7.989404 -6.539467 -6.731330 -22.737308 -32.005617 -15.634514 -9.257955 -16.763647 -30.429972 -26.061442 -30.970632 -31.096195 -26.576599 
-25.961845 3.948112 19.156612 18.092870 2.267229 16.235365 12.503883 4.924034 10.512559 3.988271 13.176343 7.213214 12.622321 6.253665 4.079765 4.531994 5.442210 8.814515 12.040689 6.890370 0.317729 -2.410169 -6.357370 -14.996297 -10.418475 -4.660816 -7.400819 -9.477927 -7.243359 -7.257390 -22.594858 -32.770241 -17.150912 -11.115973 -18.066616 -30.816489 -26.504572 -29.344834 -27.495380 -24.744218 
-21.209497 6.936144 20.037544 17.207658 6.678668 16.985655 10.330831 8.747445 8.751439 8.583935 10.012976 11.458436 10.490313 7.644723 4.862647 5.809517 3.796490 9.424930 11.155459 9.046032 2.287645 -0.723202 -4.287849 -12.731502 -11.058058 -3.350237 -7.601544 -8.613536 -8.139553 -8.935364 -23.520597 -33.383212 -17.100330 -11.543118 -18.274997 -30.119366 -24.752972 -28.991668 -26.284200 -26.511153 
-14.598959 10.145617 20.575500 15.263613 10.912903 15.670898 7.195064 11.326359 5.057568 11.405324 7.854685 11.984722 10.258202 8.026668 7.277075 2.790714 2.702608 7.621660 10.283463 9.342498 3.062061 -0.687860 -4.773513 -12.844401 -9.961062 -4.806855 -8.470124 -10.296264 -10.192496 -10.154734 -24.806949 -33.361509 -17.211120 -10.289831 -17.289863 -31.656998 -27.201998 -30.335484 -30.288770 -27.738162 
-7.722752 12.898239 20.144549 13.002623 13.616332 11.349551 6.171633 9.580598 9.011516 10.723665 11.688113 10.534205 9.967816 6.818751 3.916276 -0.252242 -0.785203 2.745319 6.172982 8.085231 2.484363 -1.262763 -4.994397 -12.246865 -9.289777 -5.376858 -8.034605 -7.718367 -7.335048 -7.878343 -22.675600 -32.204232 -15.792875 -10.090928 -16.531714 -30.253365 -24.060327 -28.095294 -29.563496 -25.909547 
-3.600622 14.326131 18.368022 11.984400 15.668735 8.702357 7.730154 5.265064 10.233595 8.700447 10.466990 9.042211 4.359644 2.555858 -0.741297 -3.724541 -3.458850 -1.298561 0.789644 3.389221 1.916760 -2.637566 -5.094562 -11.195405 -8.755773 -5.574680 -8.622727 -8.893710 -8.201095 -9.701438 -24.534485 -31.751322 -19.019444 -14.242389 -15.895154 -30.437786 -28.986948 -26.895785 -25.108005 -28.412887 
-1.254356 14.177168 14.004463 14.233326 16.626736 8.239745 5.264218 7.509826 6.460392 9.025847 10.072631 5.093275 -1.965045 -0.145186 -3.454198 -8.515853 -9.091659 -5.637838 -3.295956 0.484761 4.256940 2.669025 -2.500349 -10.948122 -9.320329 -6.913397 -9.513587 -10.071558 -7.761642 -9.805119 -27.086451 -32.855532 -17.155125 -11.631879 -14.427676 -28.585405 -23.390966 -26.695010 -23.892976 -24.823098 
1.276281 13.202733 9.281711 16.243384 14.573378 8.275948 5.644363 6.679973 8.715973 10.420067 10.351067 3.704429 -2.633672 -1.978307 -7.804867 -11.712733 -12.872594 -9.350204 -6.900449 -1.322296 3.118072 4.789853 -2.629890 -11.367536 -8.464116 -6.258570 -9.561899 -10.782485 -9.767190 -11.306404 -26.326819 -31.883496 -21.177192 -16.382808 -17.395191 -30.512079 -26.133222 -25.969852 -26.339386 -28.870895 
1.819974 12.008848 9.470220 15.446651 11.162373 6.232618 4.135635 5.618026 8.753720 9.815794 7.427416 1.434337 -4.929068 -4.109487 -10.415294 -13.162874 -13.120681 -9.212933 -6.752355 -2.150793 3.143691 4.657481 -1.223505 -10.824521 -7.392335 -6.535617 -10.329597 -10.805021 -8.774210 -10.263651 -28.822784 -37.651325 -25.428735 -15.686988 -19.649834 -29.184172 -26.185129 -24.652382 -25.594118 -27.675278 
3.397351 10.285303 10.151621 12.531877 6.026671 2.689400 3.022318 6.304133 6.090669 1.096219 -1.530099 -6.145990 -16.608847 -13.995261 -15.847818 -17.749768 -18.100466 -16.592294 -14.060813 -11.739381 -6.396228 -0.267660 -1.989697 -11.538744 -11.330008 -12.499188 -16.246872 -14.191492 -14.492092 -19.059971 -36.411848 -38.528249 -23.355519 -19.248513 -22.882609 -31.000124 -28.504824 -27.636153 -28.714024 -35.834386 
3.323694 7.541602 9.342157 10.422751 8.231509 4.984489 6.319223 11.216359 13.709752 8.514322 -0.686339 -9.321317 -13.081768 -11.681117 -13.008443 -15.537049 -16.267804 -13.427623 -10.457919 -7.846478 -2.224592 6.586353 4.772570 -7.230775 -6.541757 -7.728484 -11.869387 -10.315753 -9.414142 -12.582129 -31.555717 -36.712716 -20.575753 -22.010112 -21.435946 -29.746512 -27.299842 -27.042162 -26.675473 -32.073786 
3.148221 7.161651 8.805186 8.267508 5.482701 3.442402 3.543393 5.757297 2.378376 -4.101427 -11.235073 -19.968149 -25.819411 -23.460838 -26.298775 -29.621179 -28.321845 -27.128706 -27.277331 -27.067280 -25.670359 -11.977210 -12.909955 -20.998015 -19.242941 -21.298725 -22.917533 -23.410145 -22.325662 -26.539991 -40.905013 -39.671014 -31.026089 -23.375357 -21.796809 -32.444168 -28.207016 -27.994367 -25.603771 -29.893794 
2.156871 7.935576 10.306613 9.990421 8.005182 7.069346 9.039867 11.167151 7.720738 -2.641367 -10.274979 -16.786046 -19.333832 -17.626342 -18.400159 -20.391604 -19.646945 -16.772677 -15.029860 -13.214453 -12.135032 -4.888167 0.409979 -8.225755 -12.252309 -11.176302 -12.593812 -13.447710 -13.461344 -17.318315 -35.461489 -40.641963 -21.322811 -19.037198 -26.345142 -26.145769 -25.326277 -30.321931 -32.424594 -28.579081 
-0.992807 4.042730 5.269352 0.409310 -0.623637 -4.833069 -0.203237 9.000673 1.718323 -14.204378 -19.483313 -28.231664 -32.988247 -31.376075 -29.900890 -32.733988 -32.243399 -27.041741 -26.695363 -24.280721 -22.122529 -12.760472 -5.616679 -17.581119 -21.644444 -23.503547 -25.509698 -26.442557 -24.414591 -27.148768 -44.572235 -48.273209 -30.216615 -25.727689 -25.608080 -34.355911 -35.132557 -32.556432 -33.540278 -35.010689 
-1.108182 3.073013 3.205920 0.761421 -0.782703 -1.344202 0.464783 2.697804 -6.463391 -11.770498 -17.460064 -22.606879 -27.691348 -29.622224 -29.408789 -30.968459 -30.231490 -26.555911 -26.313169 -28.277436 -24.473906 -16.705328 -13.055677 -22.984094 -30.115928 -26.777663 -29.506318 -30.466950 -34.093029 -37.117000 -52.652781 -52.943072 -36.552505 -30.364279 -29.099030 -39.365168 -37.714349 -37.059852 -35.989562 -33.152172 
-3.088553 -0.265290 1.320372 0.015915 -0.384030 -0.359090 2.784560 6.212892 0.986621 -11.315597 -17.691655 -25.134664 -28.654759 -30.646978 -28.960519 -32.024616 -30.507489 -26.799818 -26.420591 -28.381084 -24.419440 -15.838381 -13.153426 -23.011209 -29.275257 -25.924064 -29.016847 -30.937412 -33.487516 -34.717477 -53.144084 -52.372872 -39.665618 -35.733592 -34.545239 -41.596390 -37.050930 -37.077675 -34.476556 -32.605680 
-3.520351 -2.581463 -3.066464 -3.418900 -9.799069 -9.896735 -7.477053 -5.798051 -9.237313 -18.467104 -26.223480 -32.160008 -30.221517 -32.288244 -31.044644 -35.585939 -40.806512 -35.865925 -38.214943 -29.899699 -23.666458 -20.280285 -20.351002 -27.525598 -24.328791 -20.994232 -26.397013 -31.542912 -33.094229 -41.644321 -50.852563 -52.099639 -42.637599 -30.946205 -28.650190 -35.648371 -32.165931 -29.256189 -26.831292 -26.071661 
-6.487347 -6.029793 -8.959520 -11.159469 -10.884607 -14.651478 -9.410358 -5.115761 -13.138142 -22.932466 -32.172889 -35.561935 -36.421362 -38.376134 -34.735290 -41.656633 -43.239257 -39.402422 -38.285617 -35.250767 -29.403262 -23.189582 -23.106649 -28.511335 -24.913640 -23.230452 -26.852842 -32.362337 -32.026062 -44.865741 -54.167300 -56.604708 -44.163513 -33.462546 -27.759810 -35.210120 -31.902060 -32.478331 -29.353832 -27.811136 
-16.023664 -9.748718 -14.490952 -12.974172 -14.336917 -21.617331 -18.209748 -17.283295 -23.576435 -25.894172 -30.313623 -36.757246 -40.120780 -41.383243 -42.463081 -44.928469 -41.071652 -36.542960 -37.903262 -36.014463 -35.519600 -27.185840 -23.885184 -24.156476 -28.587004 -28.489566 -29.664644 -31.738469 -32.593833 -45.164525 -53.978826 -56.644989 -42.763619 -32.108850 -28.668270 -34.452164 -32.519181 -31.982264 -29.916313 -28.459743 
-7.262981 -7.056690 -8.745286 -11.160468 -9.770231 -9.649711 -10.610179 -11.255158 -11.771910 -14.392476 -17.959221 -21.835028 -25.959171 -30.333984 -32.560462 -33.306151 -35.070544 -36.276756 -36.206990 -36.977649 -35.182188 -32.697460 -32.673020 -28.240283 -31.033912 -25.650802 -30.609813 -32.792219 -33.724109 -39.277827 -46.771163 -53.930637 -40.576346 -35.259499 -33.191316 -37.050710 -34.303292 -33.038069 -36.390502 -30.892008 
-31.977811 -30.582868 -29.839499 -28.772822 -28.329823 -28.308940 -28.385056 -29.501234 -31.441320 -33.456964 -35.858049 -38.395367 -41.470501 -45.770972 -49.227690 -49.126026 -52.009130 -60.834191 -56.238616 -56.459889 -53.546624 -49.695140 -50.262409 -49.983220 -47.416149 -47.704461 -50.942866 -52.884331 -53.105694 -57.436348 -62.658216 -69.497644 -64.781392 -58.818527 -56.780905 -64.418176 -59.352467 -59.135277 -60.738105 -54.650048 
-63.024032 -65.266896 -68.446835 -69.100952 -70.026121 -81.961143 -72.355517 -65.662639 -70.349774 -77.355488 -77.127693 -82.499343 -81.036945 -78.166052 -81.220107 -76.540362 -84.133791 -79.085690 -80.579515 -79.801738 -77.618391 -68.677851 -72.048393 -79.752599 -79.332132 -78.034400 -79.621770 -79.767587 -81.254082 -84.836405 -85.554189 -84.585074 -83.304678 -83.754021 -83.594071 -82.385242 -81.878757 -83.741381 -82.993109 -83.804428 
-74.172807 -71.153546 -77.002404 -82.741201 -75.358736 -77.476601 -79.557574 -79.576028 -77.716758 -79.052504 -82.155610 -80.519911 -77.322668 -77.146500 -75.425290 -75.269972 -77.233059 -78.035070 -80.984412 -82.388379 -84.161223 -79.090158 -77.158528 -78.121749 -80.666680 -85.132157 -85.636725 -81.404405 -80.738454 -84.611060 -89.206532 -86.007770 -85.976199 -90.142212 -89.904911 -93.436686 -94.548725 -92.651990 -92.820022 -95.168363 
-73.218333 -73.187829 -76.674026 -81.448057 -84.439893 -83.843508 -79.121843 -76.844841 -74.784979 -75.572706 -79.571579 -84.733430 -80.795840 -76.294895 -74.384943 -76.124293 -84.394071 -82.547991 -77.607945 -79.019336 -87.202776 -80.559802 -79.051300 -84.354551 -82.374780 -83.823017 -91.250745 -87.215627 -86.324852 -88.780184 -91.233486 -90.073438 -91.634249 -93.007405 -87.701173 -93.991678 -93.107468 -88.581905 -93.477193 -94.385491 
-101.837258 -101.840595 -101.846150 -101.855530 -101.868251 -101.886117 -101.907988 -101.936116 -101.973627 -102.018525 -102.073401 -102.141775 -102.222378 -102.320525 -102.438608 -102.577259 -102.744947 -102.942434 -103.177315 -103.454574 -103.785310 -104.182762 -104.652836 -105.223453 -105.918732 -106.767363 -107.814675 -109.117303 -110.786879 -113.004585 -116.155381 -121.231743 -131.413518 -127.198112 -120.201272 -117.064190 -115.535845 -115.068944 -115.557676 -116.972224 
NaN NaN NaN NaN NaN NaN NaN NaN NaN NaN NaN NaN NaN NaN NaN NaN NaN NaN NaN NaN NaN NaN NaN NaN NaN NaN NaN NaN NaN NaN NaN NaN NaN NaN NaN NaN NaN NaN NaN NaN 
NaN NaN NaN NaN NaN NaN NaN NaN NaN NaN NaN NaN NaN NaN NaN NaN NaN NaN NaN NaN NaN NaN NaN NaN NaN NaN NaN NaN NaN NaN NaN NaN NaN NaN NaN NaN NaN NaN NaN NaN 
-89.123103 -89.124152 -89.125905 -89.128891 -89.132984 -89.138819 -89.146082 -89.155600 -89.168566 -89.184435 -89.204239 -89.229379 -89.259446 -89.296394 -89.340928 -89.392899 -89.454829 -89.526105 -89.608404 -89.702404 -89.810943 -89.937682 -90.084079 -90.258043 -90.464534 -90.706931 -90.989010 -91.312829 -91.688213 -92.128802 -92.655881 -93.286420 -94.036309 -94.933672 -96.031420 -97.410164 -99.178389 -101.541060 -105.098042 -111.530247 
-86.442828 -86.443872 -86.445618 -86.448593 -86.452672 -86.458490 -86.465738 -86.475243 -86.488202 -86.504073 -86.523894 -86.549065 -86.579178 -86.616182 -86.660773 -86.712785 -86.774722 -86.845954 -86.928153 -87.022017 -87.130427 -87.257113 -87.403595 -87.577790 -87.784568 -88.027118 -88.309041 -88.632419 -89.007431 -89.448196 -89.976029 -90.607071 -91.356316 -92.252664 -93.351181 -94.731598 -96.498354 -98.866649 -102.477591 -109.054898 
NaN NaN NaN NaN NaN NaN NaN NaN NaN NaN NaN NaN NaN NaN NaN NaN NaN NaN NaN NaN NaN NaN NaN NaN NaN NaN NaN NaN NaN NaN NaN NaN NaN NaN NaN NaN NaN NaN NaN NaN 
NaN NaN NaN NaN NaN NaN NaN NaN NaN NaN NaN NaN NaN NaN NaN NaN NaN NaN NaN NaN NaN NaN NaN NaN NaN NaN NaN NaN NaN NaN NaN NaN NaN NaN NaN NaN NaN NaN NaN NaN 
NaN NaN NaN NaN NaN NaN NaN NaN NaN NaN NaN NaN NaN NaN NaN NaN NaN NaN NaN NaN NaN NaN NaN NaN NaN NaN NaN NaN NaN NaN NaN NaN NaN NaN NaN NaN NaN NaN NaN NaN 
NaN NaN NaN NaN NaN NaN NaN NaN NaN NaN NaN NaN NaN NaN NaN NaN NaN NaN NaN NaN NaN NaN NaN NaN NaN NaN NaN NaN NaN NaN NaN NaN NaN NaN NaN NaN NaN NaN NaN NaN 
NaN NaN NaN NaN NaN NaN NaN NaN NaN NaN NaN NaN NaN NaN NaN NaN NaN NaN NaN NaN NaN NaN NaN NaN NaN NaN NaN NaN NaN NaN NaN NaN NaN NaN NaN NaN NaN NaN NaN NaN 
-106.248747 -106.249683 -106.251245 -106.253895 -106.257508 -106.262622 -106.268941 -106.277149 -106.288230 -106.301666 -106.318300 -106.339282 -106.364279 -106.394979 -106.432102 -106.475748 -106.528371 -106.589889 -106.662248 -106.746502 -106.845561 -106.962963 -107.100094 -107.264556 -107.461866 -107.697138 -107.976812 -108.305724 -108.695019 -109.157631 -109.713917 -110.382732 -111.184582 -112.146977 -113.308248 -114.727738 -116.490219 -118.712864 -121.769422 -127.173215 
-80.745050 -80.845469 -81.013924 -81.302008 -81.700923 -82.277213 -83.011206 -84.006392 -85.433136 -87.305905 -89.810423 -92.698113 -93.397629 -90.600415 -87.379264 -84.915669 -83.110678 -81.917674 -81.279650 -81.220137 -81.845270 -83.408039 -86.408698 -91.914956 -93.564080 -87.493831 -83.954904 -82.613685 -83.129338 -86.095018 -93.975469 -93.165322 -86.487828 -85.135515 -87.971770 -96.603923 -92.576261 -89.247818 -92.479456 -98.393040 
-87.779131 -87.883186 -88.057941 -88.357428 -88.773478 -89.377709 -90.153485 -91.218817 -92.782529 -94.934359 -98.147687 -103.084480 -104.710910 -99.306088 -95.008043 -92.191828 -90.239149 -88.977248 -88.306062 -88.235497 -88.871512 -90.486860 -93.686080 -100.583162 -103.161816 -94.843204 -90.999681 -89.584702 -90.076120 -93.057538 -101.438863 -100.477198 -93.386056 -91.962388 -94.626860 -101.897377 -98.827714 -95.808901 -98.678020 -104.362927 
NaN NaN NaN NaN NaN NaN NaN NaN NaN NaN NaN NaN NaN NaN NaN NaN NaN NaN NaN NaN NaN NaN NaN NaN NaN NaN NaN NaN NaN NaN NaN NaN NaN NaN NaN NaN NaN NaN NaN NaN 
NaN NaN NaN NaN NaN NaN NaN NaN NaN NaN NaN NaN NaN NaN NaN NaN NaN NaN NaN NaN NaN NaN NaN NaN NaN NaN NaN NaN NaN NaN NaN NaN NaN NaN NaN NaN NaN NaN NaN NaN 
NaN NaN NaN NaN NaN NaN NaN NaN NaN NaN NaN NaN NaN NaN NaN NaN NaN NaN NaN NaN NaN NaN NaN NaN NaN NaN NaN NaN NaN NaN NaN NaN NaN NaN NaN NaN NaN NaN NaN NaN 
NaN NaN NaN NaN NaN NaN NaN NaN NaN NaN NaN NaN NaN NaN NaN NaN NaN NaN NaN NaN NaN NaN NaN NaN NaN NaN NaN NaN NaN NaN NaN NaN NaN NaN NaN NaN NaN NaN NaN NaN 
NaN NaN NaN NaN NaN NaN NaN NaN NaN NaN NaN NaN NaN NaN NaN NaN NaN NaN NaN NaN NaN NaN NaN NaN NaN NaN NaN NaN NaN NaN NaN NaN NaN NaN NaN NaN NaN NaN NaN NaN 
NaN NaN NaN NaN NaN NaN NaN NaN NaN NaN NaN NaN NaN NaN NaN NaN NaN NaN NaN NaN NaN NaN NaN NaN NaN NaN NaN NaN NaN NaN NaN NaN NaN NaN NaN NaN NaN NaN NaN NaN 
NaN NaN NaN NaN NaN NaN NaN NaN NaN NaN NaN NaN NaN NaN NaN NaN NaN NaN NaN NaN NaN NaN NaN NaN NaN NaN NaN NaN NaN NaN NaN NaN NaN NaN NaN NaN NaN NaN NaN NaN 
NaN NaN NaN NaN NaN NaN NaN NaN NaN NaN NaN NaN NaN NaN NaN NaN NaN NaN NaN NaN NaN NaN NaN NaN NaN NaN NaN NaN NaN NaN NaN NaN NaN NaN NaN NaN NaN NaN NaN NaN 
-105.795645 -105.795932 -105.796418 -105.797261 -105.798444 -105.800184 -105.802425 -105.805469 -105.809781 -105.815267 -105.822359 -105.831643 -105.843025 -105.857265 -105.874596 -105.894842 -105.918781 -105.945901 -105.976544 -106.010756 -106.049561 -106.094573 -106.146899 -106.209999 -106.285845 -106.374915 -106.476766 -106.590117 -106.717755 -106.866101 -107.044711 -107.257109 -107.499042 -107.770253 -108.090266 -108.484339 -108.937050 -109.462820 -110.474013 -112.986819 
-87.867230 -87.867513 -87.867993 -87.868826 -87.869997 -87.871722 -87.873947 -87.876975 -87.881273 -87.886750 -87.893840 -87.903132 -87.914532 -87.928801 -87.946165 -87.966443 -87.990404 -88.017523 -88.048139 -88.082300 -88.121047 -88.166022 -88.218364 -88.281544 -88.357504 -88.446648 -88.548456 -88.661650 -88.789158 -88.937594 -89.116505 -89.329045 -89.570643 -89.841559 -90.162201 -90.556618 -91.007892 -91.544648 -92.633232 -95.473933 
-101.076480 -101.076743 -101.077189 -101.077968 -101.079071 -101.080709 -101.082842 -101.085770 -101.089964 -101.095357 -101.102389 -101.111665 -101.123098 -101.137458 -101.154963 -101.175410 -101.199536 -101.226768 -101.257397 -101.291446 -101.329970 -101.374682 -101.426847 -101.490046 -101.566260 -101.655762 -101.757767 -101.870766 -101.997775 -102.145885 -102.325113 -102.538325 -102.779898 -103.049830 -103.370310 -103.766103 -104.216381 -104.755091 -105.899869 -109.074287 
