-59.327808 -60.176685 -61.589726 -63.877387 -66.639017 -69.177291 -70.838322 -73.018488 -77.930320 -83.004877 -81.439685 -84.253999 -91.443440 -84.942448 -87.730476 -90.724022 -88.307847 -95.047524 -91.359555 -91.218046 -87.594151 -93.539313 -98.839057 -93.427202 -96.635551 -98.455920 -93.931384 -95.175497 -99.901289 -99.672681 -99.147813 -95.591087 -97.503401 -99.595923 -96.850690 -98.608998 -96.271881 -99.543854 -97.629996 -99.520817 
-30.458068 -32.999788 -25.534088 -24.857581 -29.455701 -42.788073 -40.273725 -46.655075 -48.024036 -49.617390 -48.635659 -50.946289 -51.675477 -52.580533 -53.811631 -55.239678 -55.920306 -56.014444 -57.763943 -59.267948 -59.598574 -60.309946 -60.781728 -60.940478 -60.868571 -62.181144 -62.309347 -63.110848 -63.393627 -64.494389 -64.211243 -65.137909 -65.462988 -66.107733 -65.468982 -66.258751 -67.114122 -66.455509 -66.971172 -67.488918 
-14.922785 -4.811795 1.078835 -0.530818 -9.290872 -13.074372 -17.123521 -22.357969 -27.477837 -30.604788 -34.803655 -42.831471 -44.833267 -51.036100 -54.070319 -53.785529 -56.015688 -51.157756 -47.765538 -46.985709 -49.536188 -54.423010 -57.832936 -56.738162 -50.514038 -51.128486 -58.523840 -59.847613 -63.921267 -59.468615 -57.882572 -63.917840 -65.488492 -62.051685 -59.522540 -61.724297 -63.820069 -63.781573 -63.785608 -65.595611 
-18.612863 -2.027603 8.527968 4.788008 -7.796392 -4.278013 -12.264265 -18.499203 -19.158369 -27.286076 -29.241378 -41.556390 -37.768586 -40.721496 -44.324104 -48.922853 -51.363073 -47.421249 -43.930475 -41.516811 -41.532627 -49.262494 -55.815962 -52.821379 -47.765227 -44.811792 -53.820619 -56.162744 -56.898465 -53.316929 -50.635189 -53.644141 -59.264306 -59.280193 -57.658802 -58.616282 -58.807627 -59.793966 -59.477073 -61.855947 
-19.215843 -1.617826 9.003983 3.006368 -3.675115 -0.441365 -13.040679 -13.073078 -18.000423 -20.604764 -27.842167 -35.068243 -37.771884 -40.056955 -43.322721 -48.953554 -49.630521 -46.108598 -40.014462 -38.974651 -36.814689 -48.163594 -51.178264 -50.079629 -47.905753 -48.264278 -52.070356 -56.131343 -54.998612 -50.460314 -52.201869 -55.409697 -55.697612 -55.791515 -58.314390 -59.093239 -56.038067 -57.383100 -58.371557 -60.891572 
-17.507454 0.639102 9.495040 2.484469 -2.591237 -0.204058 -14.539579 -13.129980 -21.171195 -20.528807 -30.040444 -32.049139 -34.619782 -35.666453 -36.651043 -37.636956 -38.565739 -39.529483 -39.216040 -37.422454 -35.657660 -42.224950 -42.834789 -43.700992 -42.807715 -42.491234 -44.648794 -45.830439 -46.419723 -46.432016 -46.758868 -47.928530 -48.528352 -49.065586 -49.286054 -49.665459 -49.729546 -50.037479 -50.350867 -50.662510 
-17.580859 1.768490 9.400820 0.326623 -1.748491 -1.940673 -14.557172 -14.125830 -22.329157 -23.994311 -30.988916 -35.088482 -35.236837 -37.368789 -38.699299 -39.862368 -40.759477 -41.531765 -41.813553 -42.183257 -39.986610 -43.657445 -44.424451 -45.722200 -43.437735 -43.300890 -45.700999 -47.302461 -47.864962 -46.438562 -47.857118 -50.064283 -50.109350 -50.886730 -51.346475 -51.533795 -51.732419 -51.935190 -52.059513 -52.290913 
-13.093642 2.313403 8.779371 -0.795052 -0.777410 -4.507794 -18.736034 -17.297807 -21.899161 -21.918161 -31.151285 -34.810502 -34.405556 -36.266327 -37.101691 -33.762034 -31.377303 -34.828706 -40.348396 -38.075314 -33.558498 -31.438053 -35.242282 -34.092731 -24.081879 -24.523334 -25.303880 -30.008471 -19.830730 -26.346632 -23.824810 -27.661092 -31.407855 -32.096858 -33.337662 -30.836739 -35.324908 -38.066499 -39.903856 -38.789526 
-15.152876 1.553727 6.821712 -3.737083 -5.644087 -7.250560 -20.476585 -19.525366 -21.980200 -25.980558 -33.727606 -32.614699 -34.718839 -35.937691 -31.019066 -28.567393 -26.096732 -29.282507 -29.105903 -33.223842 -26.703752 -23.389074 -29.650774 -24.085055 -17.257575 -12.152150 -12.466876 -9.754334 -4.256739 -5.042097 -6.797446 -6.889166 -10.636522 -17.745162 -12.859268 -13.673279 -10.335582 -9.075342 -11.018486 -17.116109 
-12.069365 0.980665 6.387451 -2.422241 -7.857277 -12.776380 -19.069503 -27.152410 -27.139616 -29.102770 -30.903879 -31.082589 -35.336398 -31.065135 -32.336251 -30.372443 -33.633007 -33.375535 -31.606422 -29.534550 -24.657227 -25.526162 -23.578631 -15.965196 -8.757427 -11.085581 -12.389359 -9.520477 -3.443527 0.310584 -3.775175 -1.079275 -3.681506 -8.621285 -7.620560 -8.237631 -7.133093 -7.701329 -9.100239 -13.281000 
-17.644034 -2.587400 3.795111 -5.587326 -13.554368 -17.526062 -23.028099 -27.048818 -28.429942 -29.616762 -28.601467 -29.929751 -32.658660 -32.435345 -30.518065 -23.680876 -27.745509 -26.948429 -23.790563 -21.788848 -19.028962 -20.341453 -22.156814 -17.263859 -10.348251 -8.830115 -13.218256 -9.706190 -3.972858 -1.373109 -1.083590 -1.608869 -4.460313 -4.731372 -6.281855 -2.572354 -4.384896 -5.913175 -5.928028 -12.660236 
-21.687276 -4.778031 5.399713 -0.544544 -14.807193 -9.694461 -12.442107 -21.752175 -24.660410 -29.020315 -29.240977 -29.743662 -27.543742 -25.132010 -23.814149 -24.584076 -28.021483 -23.270136 -23.548322 -22.112729 -16.516331 -16.325769 -20.216880 -17.901404 -7.160854 -1.319869 -7.435113 -8.424473 -5.057059 -1.688351 -3.479252 -4.114730 -4.420221 -5.010112 -4.996991 -2.671991 -5.507403 -5.138929 -5.679300 -11.486193 
-25.497958 -1.461729 10.456340 6.946374 -4.361103 4.034713 -0.129182 -8.223801 -10.600380 -18.595461 -16.217640 -21.495892 -22.216382 -17.743144 -22.460423 -24.563237 -24.216009 -18.352250 -17.375555 -18.677452 -12.644577 -16.045713 -12.432990 -13.274724 -10.278337 -5.831786 -8.019228 -6.153054 0.429357 -1.444811 -2.914308 -5.868465 -7.778409 -5.199993 -6.802692 -5.066487 -6.796246 -6.574016 -7.070044 -10.927393 
-21.078397 0.588963 14.126732 12.171111 4.873393 16.485506 11.813810 2.570634 1.202017 -10.793811 -11.083670 -18.622969 -16.302786 -17.002647 -18.920335 -20.000309 -22.135647 -20.844000 -14.426199 -9.918713 -4.289582 -6.097464 -13.925717 -8.062147 -7.273429 -4.859127 -6.538863 -8.395126 -3.697601 -4.825149 -7.204372 -11.580228 -14.338261 -11.355652 -9.179094 -10.997747 -13.139558 -14.254919 -17.756215 -19.047518 
-13.879631 0.892073 16.053752 15.439226 5.431039 22.118040 21.253019 7.445029 9.580085 -0.826261 0.764865 -6.658447 -5.404729 -12.414686 -11.493791 -10.691952 -13.857189 -11.823514 -7.299397 -2.585328 2.410898 -0.172904 -7.886881 -3.672955 -1.093973 -5.628618 -10.581020 -12.168192 -12.284681 -8.757714 -12.190380 -16.491283 -21.660203 -18.324909 -18.301407 -18.367879 -19.713313 -15.694958 -19.702001 -26.011114 
-18.152079 -0.296777 16.038353 17.576610 4.912975 21.788318 24.300403 8.429495 17.268093 11.215833 5.125792 0.885431 -0.560659 -5.633393 -4.272218 -6.211598 -6.266679 -4.565232 -1.134689 4.398602 8.521663 1.920828 -2.799516 0.084845 -2.694212 -8.451650 -13.727126 -16.208071 -9.826905 -10.633053 -18.582812 -25.401152 -32.705998 -29.176212 -28.771124 -23.188921 -26.213838 -24.252246 -26.872620 -34.463335 
-17.706218 -6.052147 13.879630 17.806670 4.463661 16.533545 22.726492 9.797077 19.254082 20.329345 5.644226 5.204483 -1.557620 -0.158099 -2.107518 -4.609644 -2.226973 0.094123 4.278165 8.450102 8.364595 0.574219 -2.708298 0.807720 -4.933358 -11.431470 -15.727546 -19.767388 -11.766972 -9.579737 -15.705717 -22.972000 -30.710860 -24.397964 -22.612392 -22.290133 -26.091982 -23.458830 -23.811422 -40.565143 
-15.694908 -12.489885 10.946370 16.706117 4.269182 9.874062 19.412359 6.519100 18.797375 25.486376 8.721142 9.607811 -0.866974 5.750116 -0.915568 2.476726 0.552197 4.463577 10.018985 11.369073 3.239106 -2.771367 -4.982096 -0.321735 -4.503554 -12.687354 -17.195603 -20.897742 -14.702745 -9.933000 -13.920280 -22.523946 -27.097139 -23.848672 -21.375843 -18.962088 -27.124771 -25.240931 -24.459280 -29.755302 
-17.951847 -18.797202 7.778840 15.697457 4.778706 2.722529 17.106768 9.162517 15.403232 25.897205 9.875644 13.505848 5.483704 9.333426 2.515311 7.542185 3.478382 7.960063 12.994937 6.986374 -0.049835 -4.483194 -5.369788 -1.359813 -4.264094 -12.201982 -17.285552 -22.415053 -13.427395 -8.446873 -12.007890 -21.474599 -33.769219 -23.492525 -19.087568 -18.415613 -27.211280 -25.896032 -25.423544 -39.690128 
-24.573003 -27.387089 5.443469 15.252170 6.397857 0.184989 15.979125 11.118918 10.811386 24.840189 11.121714 13.575666 9.871294 9.930971 6.591504 10.179224 7.939571 11.169161 10.883726 1.907207 -1.481219 -5.200663 -8.596494 -1.593551 -5.377734 -12.006630 -16.181900 -20.893959 -12.790749 -8.052543 -11.396179 -22.430156 -30.988996 -20.092589 -15.589295 -13.265184 -25.878753 -28.898061 -29.564981 -44.719509 
-15.498362 -20.233346 3.395104 15.048924 7.910776 -4.997634 13.479076 11.893172 5.537735 23.580380 13.201986 11.194692 11.688541 8.580533 10.193922 11.992816 11.519409 13.549833 2.905491 -0.993469 -3.468388 -7.145720 -10.139377 -5.092096 -5.594389 -9.263376 -14.257439 -18.593509 -10.869846 -6.058617 -10.987372 -22.086762 -33.830703 -20.405408 -15.743160 -12.902761 -27.082080 -29.450377 -30.835671 -44.086585 
-13.763379 -18.200643 2.514815 15.095928 8.931655 -6.221841 12.560619 12.758467 0.329880 22.678123 15.369812 8.160709 12.178651 7.177360 12.773544 12.763686 13.376701 11.137905 2.339768 -1.021463 -4.959938 -9.637891 -11.914349 -9.363274 -7.160345 -6.792466 -11.105233 -16.896483 -8.339202 -4.509323 -9.395982 -22.204361 -32.401531 -20.505947 -13.685009 -11.246363 -24.838127 -26.319391 -26.771002 -39.985177 
-24.188824 -18.016756 1.077988 14.937742 9.608613 -10.217730 10.817541 13.204734 -3.902647 21.600183 16.904900 4.994159 11.674903 5.602510 14.395327 12.089914 15.986751 8.796282 2.887441 -0.961565 -6.547896 -10.866874 -12.508304 -12.639061 -11.653778 -8.182250 -8.771926 -15.963311 -7.427585 -4.807215 -9.491613 -22.335827 -31.319885 -21.125777 -15.191985 -11.723692 -25.613821 -26.914349 -25.783073 -36.117722 
-22.221794 -17.735301 0.337240 14.960731 9.860634 -10.720442 10.147187 12.908881 -6.671085 20.668256 17.208133 3.863349 10.762998 5.384221 15.207022 11.453203 16.830318 6.141979 2.124193 -1.903319 -6.835100 -11.033954 -13.385891 -14.882065 -16.587155 -11.732732 -7.399211 -15.116139 -7.809745 -5.070128 -9.928992 -22.013677 -29.356207 -21.273796 -15.179090 -12.516663 -26.038142 -27.566530 -27.212882 -31.914808 
-14.325830 -12.204438 1.475422 15.095431 9.078684 -7.901059 10.739338 11.763269 -3.620384 20.945142 15.479521 5.616321 10.067495 7.874203 15.234580 13.943106 16.162125 6.541350 0.048496 -3.130231 -7.200035 -12.554704 -14.972288 -16.330984 -17.308858 -12.347007 -7.193390 -13.183888 -6.250180 -3.672182 -8.435567 -21.855580 -32.112440 -20.621196 -13.365704 -10.647788 -24.963922 -26.051789 -25.410642 -42.430018 
-14.283263 -16.203747 2.727472 15.198711 8.206412 -7.218776 11.735690 10.454914 1.349208 21.544540 12.329357 8.088760 8.795396 11.065583 14.281785 15.889849 13.628638 6.914078 -1.247903 -4.237409 -7.230393 -13.701484 -16.726717 -16.081235 -17.535266 -14.480056 -8.126586 -12.057580 -7.050799 -4.148738 -8.338593 -21.232324 -30.147423 -20.311295 -12.992171 -9.156320 -23.428791 -25.629254 -24.896090 -35.434164 
-20.310471 -24.513310 4.903924 15.242749 7.202061 -4.057425 12.867547 9.159031 6.903970 21.876408 9.864499 11.339022 7.494020 13.929589 12.424467 17.310100 11.101812 7.171501 -0.696837 -4.957670 -8.189107 -13.554222 -15.925901 -14.523121 -20.870940 -17.472143 -6.762097 -10.724477 -6.532660 -2.071962 -7.011993 -20.798899 -34.359548 -21.024839 -13.812359 -10.124054 -24.977174 -26.770825 -26.823154 -42.507179 
-11.342311 -13.054217 7.176032 15.140686 6.214017 0.413005 13.600026 7.003360 11.557840 21.170539 5.948672 14.057197 6.158374 16.237186 11.218621 17.325619 9.375327 6.843067 1.151731 -5.123423 -9.309869 -13.308881 -15.822926 -15.190599 -20.954499 -17.014069 -7.159097 -10.864778 -6.234284 -3.128950 -7.344311 -20.468151 -32.755286 -22.533731 -14.519201 -10.270462 -24.784957 -26.420375 -26.936602 -39.204811 
-14.508212 -13.360211 8.927119 14.896266 3.277510 3.759338 13.539437 3.360188 15.531640 18.709330 8.654259 15.682198 7.305599 15.782753 12.923262 14.663955 12.889169 5.993990 1.329292 -4.518483 -9.338334 -13.395285 -16.270178 -15.856650 -19.129674 -17.060000 -7.906302 -11.805616 -7.281648 -3.255597 -8.299874 -22.040961 -34.637655 -22.525795 -13.797042 -10.362012 -25.390565 -26.571421 -26.325763 -38.436659 
-20.064419 -8.565502 10.842590 14.340924 0.860240 8.257489 12.275635 1.122099 17.803584 14.344002 15.207807 14.824162 9.960373 11.230069 15.473829 13.099252 15.716394 4.659708 -1.053086 -5.205254 -10.126236 -14.554893 -17.157773 -14.835459 -20.734728 -16.696173 -7.744831 -11.818541 -7.215928 -2.851553 -7.383903 -21.394139 -35.593972 -22.227412 -13.247954 -10.058349 -25.619659 -27.524689 -27.125516 -39.265167 
-25.549724 -4.153777 12.567773 12.821086 -2.894201 10.673659 8.626795 5.890233 16.486879 9.167476 19.459862 10.283510 9.234277 10.727478 15.363032 17.670457 13.086019 2.112369 -1.371999 -5.481232 -9.867917 -14.659217 -16.455168 -15.380234 -21.101074 -16.691424 -8.732982 -13.284601 -7.757249 -2.829268 -6.819628 -20.696638 -35.120720 -26.548461 -17.424525 -13.150852 -25.553173 -28.346560 -29.744204 -38.031797 
-23.278021 0.191656 13.653144 10.972058 2.623942 12.631511 5.978285 10.741984 11.566927 15.278893 18.792381 9.605133 6.465462 14.298878 14.845029 17.332738 11.646457 2.528309 -2.051529 -6.581939 -11.635289 -16.472053 -19.117109 -17.605099 -23.243271 -18.087666 -10.745455 -16.440862 -10.835318 -5.267377 -10.558695 -24.930407 -42.440466 -27.484966 -18.422673 -14.530238 -29.244575 -33.347903 -34.623683 -50.509062 
-15.865399 3.612153 14.068670 9.230326 8.080400 13.320295 5.091905 12.268678 7.554333 19.361057 13.379308 11.002471 8.628488 11.016438 13.680449 14.253655 10.745482 -0.498149 -3.055852 -7.504250 -12.690342 -17.931543 -20.424099 -17.338941 -20.976398 -17.673413 -12.972347 -18.357688 -12.988523 -6.410502 -9.960780 -24.656910 -33.272990 -26.860194 -19.304856 -17.995910 -28.984329 -30.946110 -28.129864 -34.092201 
-10.824120 5.635774 13.122783 4.073991 12.118217 12.630572 6.704887 9.646347 13.873160 16.661712 13.818837 9.321731 6.857402 9.646642 12.024294 14.364166 6.551562 -3.871761 -6.458466 -10.427379 -16.108532 -21.866047 -21.644026 -19.497854 -25.841961 -20.333969 -15.440415 -22.501151 -17.539292 -10.645013 -14.827541 -28.041497 -40.605170 -34.482319 -26.512256 -26.007476 -33.734450 -30.020209 -28.779600 -43.715115 
-8.470330 7.959774 13.653805 5.726866 13.921277 10.539923 6.541667 6.767913 15.683483 11.972370 9.959568 4.679201 4.710448 9.876706 12.074333 8.546091 1.905118 -5.665658 -9.200820 -12.291986 -16.725649 -19.451436 -19.588394 -17.566355 -23.663244 -21.121418 -22.018288 -27.803177 -18.613820 -13.812318 -20.144322 -31.477723 -41.963310 -36.244563 -28.608249 -29.345058 -35.017563 -31.990199 -32.427804 -46.955715 
-9.408619 8.361873 13.297320 6.773721 14.913053 8.278879 7.374743 8.540335 14.533927 3.954662 4.823979 1.158459 0.982824 5.525513 8.069399 3.509726 -3.328451 -7.987362 -10.719316 -15.607738 -19.370129 -21.774741 -21.474379 -17.002570 -20.515420 -23.892119 -26.511800 -29.006750 -21.689586 -15.747263 -21.316172 -32.394685 -39.821859 -32.995820 -25.440799 -23.849104 -30.820994 -32.026738 -36.937668 -42.353188 
-8.514581 9.530513 13.481274 8.843406 14.805946 6.895674 6.313843 2.233753 3.775698 -3.834296 -4.609515 -6.753600 -4.881189 -2.593008 -0.106510 -8.181933 -14.254352 -16.411081 -16.122412 -18.853094 -23.592719 -27.218509 -24.020308 -17.772213 -18.177072 -22.995427 -34.802161 -37.859708 -24.995176 -19.274900 -22.626570 -35.159378 -40.529612 -34.659850 -22.596821 -20.879013 -35.537218 -37.721456 -38.999567 -49.419621 
-6.955822 9.918902 13.282343 8.390907 15.540429 7.873392 4.745532 -3.103563 -8.097089 -13.560179 -12.848747 -11.494360 -10.375191 -6.841708 -3.692700 -9.418981 -17.928479 -20.783983 -17.482267 -19.923916 -26.257782 -28.160715 -25.654360 -18.877999 -18.084808 -21.475665 -37.252496 -42.984655 -31.529426 -24.550215 -27.192110 -39.081135 -46.728009 -37.561227 -26.980695 -24.484388 -30.791523 -39.441380 -42.592769 -50.374899 
-6.225215 10.020317 12.177375 9.764724 15.635837 6.297228 3.183446 -4.689765 -9.382215 -19.522504 -19.342961 -18.587022 -15.924543 -9.550201 -8.437820 -11.428633 -22.930273 -23.146977 -19.398000 -23.083250 -28.424554 -31.617657 -26.911771 -20.089009 -19.675464 -25.847023 -41.267865 -45.447264 -33.470122 -28.019355 -29.855430 -38.794571 -43.341404 -34.845706 -28.470347 -26.991452 -35.290803 -36.848596 -42.388767 -46.676873 
-7.204881 9.498314 10.956557 9.121137 13.917822 2.693371 -1.390095 -8.086630 -13.332208 -28.673748 -30.057428 -26.256711 -20.897895 -16.759905 -12.387774 -17.175228 -27.687061 -25.744544 -23.763807 -27.353588 -32.046185 -35.216850 -30.058401 -22.261865 -19.187355 -26.627189 -44.636269 -45.255140 -40.459116 -36.028637 -39.512119 -42.580063 -43.765976 -37.197424 -29.350878 -29.361006 -39.162389 -37.742610 -42.872219 -49.457554 
-8.024711 8.073844 8.913463 8.265669 11.288794 -0.260905 -6.096371 -10.663987 -14.958890 -33.869614 -30.269281 -25.643579 -24.159940 -22.635470 -21.447831 -23.567664 -32.919213 -31.657804 -26.131929 -32.684161 -38.389598 -39.800970 -37.401231 -27.653526 -23.936093 -33.166354 -44.520266 -46.946159 -45.429524 -38.775620 -39.033743 -41.837697 -46.345012 -38.011301 -31.705706 -36.296734 -41.719957 -42.831868 -42.719126 -49.045114 
-7.765473 5.609621 6.021084 5.285980 6.981333 -5.793750 -17.044279 -18.879491 -19.973012 -32.677209 -29.395301 -27.215463 -32.773818 -31.761718 -29.848849 -31.885190 -38.100476 -40.907850 -36.050762 -42.076968 -45.084556 -48.392139 -43.977895 -31.337491 -31.608368 -39.287903 -47.148949 -50.813763 -49.741289 -45.307017 -44.443942 -45.303941 -47.543119 -41.250252 -38.281542 -39.432687 -46.395599 -47.600630 -49.730441 -58.294366 
-11.383213 0.274317 -1.600272 -5.442555 -7.114317 -11.267487 -20.058671 -30.150313 -29.483968 -29.895744 -27.416029 -24.853491 -28.122876 -34.785591 -36.234461 -36.677075 -42.471908 -44.947357 -44.569509 -48.410766 -47.158695 -46.102450 -47.835508 -43.426359 -42.842858 -48.113486 -54.938418 -56.119985 -53.010960 -50.706832 -49.354561 -52.730426 -55.250892 -50.024206 -48.967402 -50.233182 -53.144604 -53.520899 -54.714985 -59.519573 
-16.375257 -11.333783 -14.621407 -16.858764 -19.166736 -23.917531 -25.486967 -31.674454 -40.135160 -48.662378 -44.638030 -40.534438 -38.396979 -45.944754 -47.978706 -51.125379 -52.891388 -53.679432 -61.965891 -58.613044 -58.897288 -59.382868 -60.928716 -61.270192 -59.080248 -63.804138 -67.113961 -68.363574 -64.808257 -60.385029 -65.304821 -67.169154 -66.333633 -64.968376 -64.037058 -64.433116 -66.372434 -67.495421 -69.469403 -70.283118 
-27.088809 -23.848141 -23.365509 -25.246814 -28.778004 -38.609751 -38.281286 -38.521738 -44.770103 -46.446073 -46.362726 -45.596304 -49.384902 -50.696958 -51.923002 -52.269122 -57.431827 -61.516718 -64.082947 -65.042936 -67.733380 -69.208612 -66.443798 -68.295395 -67.196713 -69.792416 -72.113166 -71.010672 -73.495803 -71.709864 -71.578638 -71.061878 -74.513300 -74.831925 -70.845471 -71.588244 -71.938426 -73.252749 -73.621895 -74.283154 
-34.718568 -33.892308 -32.872543 -36.651051 -43.309215 -39.135487 -39.722048 -43.743959 -47.832048 -43.961061 -49.329481 -58.812151 -58.153957 -57.894579 -59.842607 -65.447079 -67.304770 -67.710571 -68.135782 -66.736223 -73.936645 -74.651409 -72.710375 -72.661674 -74.566954 -75.610681 -72.269073 -71.599901 -75.933064 -75.642927 -74.944238 -75.379863 -75.893503 -75.685350 -75.068253 -73.645635 -75.632349 -74.190394 -72.806297 -76.389256 
-47.462389 -42.633684 -41.826950 -48.303675 -55.414168 -46.174662 -43.615838 -47.421884 -52.668132 -52.399285 -52.696605 -59.396278 -62.450030 -67.215624 -68.147417 -70.451040 -68.322690 -69.939073 -75.426028 -71.692051 -72.065462 -77.450328 -78.290809 -75.048170 -73.082421 -75.765137 -76.083447 -74.863786 -74.320199 -76.309339 -77.253535 -79.204239 -78.890952 -80.666564 -79.292898 -78.700861 -78.788069 -77.584117 -77.464792 -78.727042 
-43.022853 -46.078592 -50.317915 -53.175270 -54.799514 -59.514100 -56.420494 -55.284323 -61.900550 -61.023989 -67.390994 -71.093328 -69.892036 -71.062382 -70.662894 -72.031591 -74.773953 -76.994148 -75.553282 -72.786515 -77.687294 -80.681090 -77.720466 -79.167401 -75.922813 -78.388036 -77.460952 -75.768723 -78.634129 -80.720045 -78.016241 -77.995406 -77.877417 -77.699691 -80.198006 -81.368771 -79.877794 -76.797255 -76.763435 -82.100705 
-53.906711 -50.292708 -46.272016 -47.863415 -54.358454 -60.314758 -55.529767 -58.989781 -66.932858 -61.096135 -65.885103 -71.098502 -70.866479 -75.623903 -73.395929 -70.357939 -73.813168 -74.229159 -77.072036 -76.268024 -72.666506 -78.452334 -78.052068 -78.191504 -75.742188 -77.125645 -75.972140 -76.988762 -76.528023 -76.507983 -79.566571 -79.997286 -75.551437 -77.208860 -75.671575 -78.476899 -76.791484 -78.427867 -78.017769 -79.912935 
-42.679777 -50.470766 -52.797419 -53.302390 -51.994314 -52.819434 -56.592602 -58.165201 -61.050729 -61.892106 -65.956539 -64.977556 -73.098369 -72.823599 -72.412994 -71.165791 -74.165738 -77.120883 -80.445407 -76.774448 -76.169777 -75.865785 -77.528019 -73.947697 -76.513194 -77.740545 -80.474542 -76.169068 -76.755343 -73.500193 -77.975908 -80.198985 -74.326882 -75.603787 -75.704506 -76.548342 -78.847857 -78.477276 -77.964415 -80.852292 
-25.800151 -27.201699 -29.146215 -31.575988 -34.425580 -34.409020 -33.488642 -33.331219 -34.801282 -38.135229 -45.630210 -53.720996 -47.580513 -46.758374 -48.357278 -47.431058 -46.750374 -47.426202 -45.176125 -44.250445 -45.846818 -48.456803 -55.031660 -56.748785 -53.539641 -51.211487 -52.825311 -58.520045 -60.675616 -60.658519 -64.803671 -70.055065 -66.518251 -67.390259 -62.872813 -62.185053 -68.823531 -68.844081 -69.958104 -69.705866 
-10.221093 -10.101126 -11.167431 -15.012006 -23.963065 -21.600947 -15.835243 -14.300318 -15.916376 -22.328620 -31.522460 -30.401677 -27.684066 -25.882722 -32.800318 -29.501717 -33.133834 -29.596796 -28.393630 -26.767430 -27.638074 -31.876777 -37.765042 -42.324880 -33.172551 -32.400220 -34.227155 -38.958367 -42.269529 -41.906998 -45.527050 -50.721557 -46.198174 -48.445591 -45.961411 -45.387496 -47.801182 -51.849169 -53.103037 -51.487761 
-24.421812 -22.004967 -21.977436 -24.266513 -28.209144 -28.519695 -26.097375 -24.567808 -25.174083 -29.937728 -35.893000 -33.475525 -31.418755 -31.511679 -35.048286 -35.213946 -36.986150 -35.289150 -33.520692 -32.556070 -33.350227 -36.599397 -41.735789 -46.937345 -41.865944 -42.016104 -43.986714 -47.454682 -52.043488 -53.758303 -53.053261 -56.184532 -52.679648 -52.706443 -52.309073 -56.237579 -55.469680 -57.653844 -59.886280 -60.025137 
-64.786754 -70.414481 -67.361557 -70.785084 -72.601612 -74.240797 -68.987972 -64.373747 -64.276154 -67.513161 -73.320009 -71.282043 -75.374017 -78.551662 -71.457300 -75.167030 -76.924797 -69.138371 -61.632141 -67.503268 -69.358337 -78.070429 -79.947867 -76.528351 -77.382231 -74.017590 -76.854084 -81.964144 -84.601247 -79.345732 -80.650963 -81.054427 -85.388181 -78.982843 -81.915460 -84.771997 -84.082336 -82.826006 -80.990971 -85.119558 
-84.393918 -85.210971 -86.677623 -89.540660 -94.866339 -104.313801 -96.429934 -91.171908 -89.144563 -89.363967 -91.807247 -96.681253 -96.674516 -93.107908 -93.458302 -99.168075 -94.847609 -88.286541 -86.697287 -89.162936 -97.365206 -99.026995 -98.232314 -106.501360 -105.721710 -103.213916 -98.576952 -101.686965 -109.210357 -105.705906 -105.208970 -106.097677 -106.996759 -99.652181 -106.513821 -109.322625 -102.797090 -103.999371 -111.596479 -110.940135 
