NaN NaN NaN NaN NaN NaN NaN NaN NaN NaN NaN NaN NaN NaN NaN NaN NaN NaN NaN NaN NaN NaN NaN NaN NaN NaN NaN NaN NaN NaN NaN NaN NaN NaN NaN NaN NaN NaN NaN NaN 
NaN NaN NaN NaN NaN NaN NaN NaN NaN NaN NaN NaN NaN NaN NaN NaN NaN NaN NaN NaN NaN NaN NaN NaN NaN NaN NaN NaN NaN NaN NaN NaN NaN NaN NaN NaN NaN NaN NaN NaN 
NaN NaN NaN NaN NaN NaN NaN NaN NaN NaN NaN NaN NaN NaN NaN NaN NaN NaN NaN NaN NaN NaN NaN NaN NaN NaN NaN NaN NaN NaN NaN NaN NaN NaN NaN NaN NaN NaN NaN NaN 
NaN NaN NaN NaN NaN NaN NaN NaN NaN NaN NaN NaN NaN NaN NaN NaN NaN NaN NaN NaN NaN NaN NaN NaN NaN NaN NaN NaN NaN NaN NaN NaN NaN NaN NaN NaN NaN NaN NaN NaN 
NaN NaN NaN NaN NaN NaN NaN NaN NaN NaN NaN NaN NaN NaN NaN NaN NaN NaN NaN NaN NaN NaN NaN NaN NaN NaN NaN NaN NaN NaN NaN NaN NaN NaN NaN NaN NaN NaN NaN NaN 
NaN NaN NaN NaN NaN NaN NaN NaN NaN NaN NaN NaN NaN NaN NaN NaN NaN NaN NaN NaN NaN NaN NaN NaN NaN NaN NaN NaN NaN NaN NaN NaN NaN NaN NaN NaN NaN NaN NaN NaN 
NaN NaN NaN NaN NaN NaN NaN NaN NaN NaN NaN NaN NaN NaN NaN NaN NaN NaN NaN NaN NaN NaN NaN NaN NaN NaN NaN NaN NaN NaN NaN NaN NaN NaN NaN NaN NaN NaN NaN NaN 
NaN NaN NaN NaN NaN NaN NaN NaN NaN NaN NaN NaN NaN NaN NaN NaN NaN NaN NaN NaN NaN NaN NaN NaN NaN NaN NaN NaN NaN NaN NaN NaN NaN NaN NaN NaN NaN NaN NaN NaN 
NaN NaN NaN NaN NaN NaN NaN NaN NaN NaN NaN NaN NaN NaN NaN NaN NaN NaN NaN NaN NaN NaN NaN NaN NaN NaN NaN NaN NaN NaN NaN NaN NaN NaN NaN NaN NaN NaN NaN NaN 
NaN NaN NaN NaN NaN NaN NaN NaN NaN NaN NaN NaN NaN NaN NaN NaN NaN NaN NaN NaN NaN NaN NaN NaN NaN NaN NaN NaN NaN NaN NaN NaN NaN NaN NaN NaN NaN NaN NaN NaN 
NaN NaN NaN NaN NaN NaN NaN NaN NaN NaN NaN NaN NaN NaN NaN NaN NaN NaN NaN NaN NaN NaN NaN NaN NaN NaN NaN NaN NaN NaN NaN NaN NaN NaN NaN NaN NaN NaN NaN NaN 
NaN NaN NaN NaN NaN NaN NaN NaN NaN NaN NaN NaN NaN NaN NaN NaN NaN NaN NaN NaN NaN NaN NaN NaN NaN NaN NaN NaN NaN NaN NaN NaN NaN NaN NaN NaN NaN NaN NaN NaN 
-42.649491 -43.960793 -46.130330 -49.387319 -52.378495 -54.054843 -55.802424 -58.527394 -60.036938 -60.620012 -62.470481 -65.135756 -69.397271 -72.224368 -76.043218 -80.952502 -81.808040 -90.377543 -89.799422 -85.286463 -81.660332 -85.274885 -84.426667 -86.299328 -89.544765 -91.624784 -88.057186 -85.959554 -89.798126 -93.520884 -97.138756 -93.574941 -89.576280 -99.060224 -93.463060 -94.506620 -94.727295 -97.427118 -99.302952 -91.852666 
-23.556948 -25.036130 -31.596886 -42.674931 -40.912579 -44.913165 -47.388556 -50.097757 -51.544802 -51.678087 -51.529596 -54.439290 -60.725919 -61.649398 -66.651412 -65.446049 -64.668651 -66.765418 -73.979268 -73.577624 -67.802123 -65.777177 -69.747608 -71.895826 -71.793698 -70.313506 -70.062042 -68.016041 -73.087248 -71.764339 -68.596348 -74.389566 -70.754712 -75.129283 -71.479614 -72.361964 -75.849960 -76.668999 -76.145752 -73.367866 
-16.536500 -27.347091 -26.075750 -30.580818 -30.436760 -28.684421 -27.451516 -27.202306 -28.781474 -31.860462 -36.155506 -39.398033 -41.484040 -46.591745 -48.452620 -46.420908 -45.379685 -42.446338 -41.274303 -40.322123 -41.254927 -43.320048 -42.638918 -39.284729 -35.504806 -35.280025 -32.137111 -32.032719 -35.953710 -46.853120 -47.840409 -46.498948 -44.197667 -45.703946 -41.593629 -42.008520 -50.081681 -51.276528 -49.333933 -51.518881 
-9.766845 -9.575887 -12.675092 -17.550455 -22.054881 -16.777295 -10.991090 -7.492079 -13.118583 -16.931120 -23.017578 -24.251304 -28.408865 -32.929120 -30.564419 -30.264785 -29.539000 -26.703657 -26.341655 -23.678753 -27.228212 -29.569996 -29.284887 -24.358008 -18.861615 -20.026996 -15.411269 -15.208845 -17.590809 -26.652553 -28.695933 -26.007976 -24.538273 -24.351295 -23.142835 -23.718330 -29.384134 -29.786939 -29.353671 -33.472803 
-13.583982 -18.513664 -18.504955 -16.874358 -11.307434 -13.881786 -17.614424 -11.199096 -11.476422 -20.044406 -21.423493 -19.962277 -24.739029 -25.255321 -26.455719 -26.861341 -27.816157 -27.691608 -26.586349 -26.074300 -26.451514 -26.865164 -26.869891 -26.994241 -24.271876 -17.899503 -14.065014 -13.290972 -9.382437 -14.400238 -16.904819 -18.545928 -17.642488 -16.469369 -16.398021 -19.072651 -20.564913 -20.785059 -20.955295 -20.317245 
-10.007169 -9.731829 -18.379753 -19.819374 -16.518238 -19.340889 -14.989837 -12.844027 -23.392945 -23.041797 -24.307799 -24.903920 -24.027457 -24.251742 -26.579613 -28.573843 -25.598725 -25.749519 -31.678202 -27.151092 -25.701318 -24.711964 -23.155993 -27.908612 -23.052242 -16.667491 -15.412188 -11.400630 -12.580244 -12.290025 -18.545889 -18.698392 -18.542752 -14.814075 -13.318012 -18.232674 -20.377139 -19.902579 -19.476270 -17.988647 
-18.146163 -10.957698 -15.843292 -16.141741 -15.051146 -16.839868 -20.290277 -13.125742 -14.397135 -23.565961 -23.557427 -23.863761 -27.706894 -26.678070 -25.388086 -22.331883 -26.477010 -23.225527 -29.423398 -23.850830 -25.436776 -28.546840 -24.822734 -24.753259 -17.438779 -14.875119 -13.543618 -11.098117 -13.609808 -18.225206 -21.724222 -20.901064 -24.124585 -18.467691 -14.297754 -17.420119 -25.632929 -27.668449 -24.934235 -25.569256 
-15.188150 -14.397700 -20.797117 -25.890835 -15.942828 -13.764472 -13.832818 -14.248760 -17.056171 -19.703481 -22.907722 -24.720860 -25.805754 -22.439654 -22.536977 -27.982748 -25.685904 -31.496895 -30.153628 -26.660822 -34.768938 -31.014191 -25.272867 -24.362514 -19.725813 -18.652877 -16.860955 -12.569314 -22.162211 -25.372984 -26.076415 -21.827641 -27.850875 -27.138060 -21.288823 -23.598472 -27.972939 -29.137727 -27.150553 -29.159183 
-16.956561 -22.243191 -17.825880 -7.699920 5.268820 13.581790 10.694866 -3.600200 -10.554990 -3.234964 -3.179522 -10.034602 -17.518374 -13.458227 -16.985199 -30.014616 -28.597101 -28.703064 -29.149658 -24.255344 -30.590294 -28.963931 -29.848441 -25.383346 -16.515879 -13.250752 -17.738968 -15.286801 -22.981599 -28.744002 -29.922691 -29.005419 -33.129436 -38.852633 -35.712056 -31.584679 -38.829956 -39.688693 -33.528080 -30.563253 
-11.598329 -17.267759 -14.524822 -12.002309 4.689931 21.398914 19.329628 -1.688520 -15.806122 2.276343 12.100960 0.010274 -21.797921 -4.285780 -3.170344 -22.602053 -10.455581 -10.806015 -24.180682 -9.726703 -19.836090 -10.326825 -16.573375 -11.358877 -9.622971 -9.715463 -11.951920 -12.473971 -18.783877 -25.482194 -26.372620 -22.397798 -29.006023 -37.906740 -34.525596 -32.635003 -41.780704 -43.521394 -29.610069 -25.317279 
-19.972521 -21.684513 -21.677619 -22.834883 -3.183720 21.172164 21.659157 0.121236 -12.912956 -8.053810 14.519883 7.374451 -20.878838 -6.534882 0.947262 -18.632265 -9.927126 -3.027142 -21.287464 -4.012526 -10.865368 -4.270789 -6.055061 -4.304378 -8.027612 -10.295869 -7.548427 -5.663368 -16.297452 -22.208135 -20.288236 -17.342005 -19.056609 -31.210357 -30.933091 -29.714747 -38.340426 -36.860104 -24.790524 -19.919088 
-16.183822 -20.505940 -19.306892 -17.695167 -8.055772 19.406408 21.777832 2.058489 -18.191461 -7.794437 17.209283 12.694693 -21.954688 -9.537235 2.642055 -13.512130 -16.179309 -2.056623 -18.838536 -6.186189 -7.668307 -6.787492 -2.043952 -6.410731 -5.691360 -12.550455 -10.359992 -2.903042 -17.619706 -21.901885 -20.095178 -16.948185 -19.940301 -32.617682 -30.469641 -27.562978 -38.884009 -35.111688 -23.029379 -20.278426 
-19.678873 -21.883519 -30.123124 -24.946223 -15.673989 17.875453 20.763472 1.220216 -16.522655 -12.808467 19.166905 14.976197 -17.999693 -10.233046 3.497740 -11.455866 -15.978788 -1.601855 -18.813840 -6.626356 -7.486299 -10.264851 -4.878251 -6.109274 -4.851674 -11.736578 -13.021525 -3.947233 -18.005166 -22.270745 -21.860210 -19.742780 -22.212093 -31.884691 -30.201827 -29.140962 -37.842531 -34.537633 -23.078256 -20.093375 
-15.235293 -16.684014 -16.883576 -17.880689 -11.394249 18.034861 19.977501 0.426674 -14.746779 -7.373048 21.032943 15.617526 -19.170590 -8.088899 4.276198 -13.156403 -13.946778 -1.551330 -20.955703 -5.779676 -7.978704 -10.428568 -7.019240 -4.445799 -4.594087 -9.963247 -12.010070 -4.828369 -16.341042 -22.464754 -22.239068 -20.889957 -21.723431 -32.747524 -34.021900 -32.918812 -41.872858 -36.401631 -24.355129 -22.547634 
-26.964961 -27.472922 -23.307178 -21.820008 -7.956939 17.960133 18.720786 -1.948848 -13.776703 -0.485207 22.237454 15.086836 -16.184156 -4.647789 5.033018 -12.252785 -8.759295 -1.669180 -18.733042 -3.837887 -10.558507 -7.660696 -8.306508 0.479626 -3.682811 -8.286728 -10.326516 -6.696114 -12.508345 -19.466980 -20.892782 -18.866346 -19.561338 -29.092705 -31.053573 -29.161117 -36.261429 -33.973546 -22.938387 -21.323471 
-22.278058 -21.389864 -24.880919 -23.482934 -1.096714 19.054059 16.678813 -7.466673 -15.008025 7.664313 22.665223 9.671053 -18.813504 2.306011 3.565248 -21.306589 -2.918195 -4.232457 -16.609171 -2.115873 -16.846547 -6.387019 -10.336666 4.383628 -5.489504 -7.676546 -8.518035 -8.325286 -9.943997 -19.980199 -20.515779 -17.607017 -20.454673 -32.113482 -32.220816 -30.579172 -41.035705 -38.606725 -27.328196 -25.219226 
-20.287097 -15.434999 -17.629098 -16.167825 4.390565 19.609265 14.086038 -10.772112 -12.133107 14.341915 20.314153 3.283194 -7.272143 7.121943 0.012601 -13.406178 0.772039 -8.710381 -6.703120 -3.889095 -12.721230 -7.089889 -3.601683 1.835263 -1.545410 -7.035467 -6.302767 -2.425837 -9.124737 -18.822405 -18.566327 -15.720545 -19.527757 -30.438273 -30.160121 -28.747527 -40.800895 -37.307431 -24.354852 -22.887082 
-17.816297 -21.877317 -20.872573 -9.031132 12.069245 19.052463 8.413838 -17.910401 3.372834 19.609584 14.179699 -5.192720 5.981383 8.238750 -7.433913 -1.859906 -1.236924 -9.867937 -3.485227 -9.127479 -6.869998 -8.156432 -1.853570 1.926124 0.787756 -5.023968 -4.096576 -1.128835 -9.055140 -18.277705 -18.125074 -14.806976 -18.852928 -29.263310 -28.599749 -27.440943 -36.849285 -35.059352 -24.065530 -22.591325 
-19.106077 -25.591094 -21.108731 2.387103 17.261384 14.894025 -2.641143 -3.964733 14.921180 17.283340 2.482058 6.802948 11.352754 -1.019370 -3.701607 -2.796186 -6.613864 -5.235788 -8.603576 -4.623274 -7.259075 -5.078691 -0.991475 3.414804 1.806899 -3.116275 -2.080360 0.330431 -8.247592 -17.954011 -16.574476 -13.078530 -17.442022 -27.866493 -28.330482 -27.796117 -42.413231 -37.562018 -23.365562 -22.075177 
-30.868109 -19.255940 -13.563747 11.107773 19.858314 11.845892 -4.139470 11.585174 16.984037 3.039359 7.581221 14.419321 5.455161 -0.210583 -3.535773 -5.117872 -2.311508 -7.707861 -5.952102 -5.286443 -5.979576 -4.377772 0.132563 5.036276 1.668150 -1.634779 0.628406 0.916723 -8.810041 -17.495688 -14.379538 -10.548447 -16.541228 -26.465346 -29.846482 -31.087628 -45.641206 -40.353129 -25.395294 -22.471528 
-26.873712 -21.098062 -6.370625 15.513959 17.497805 3.147067 4.976875 18.468590 13.581635 4.391780 16.908990 10.961054 -0.050556 0.861766 -7.350017 -1.714531 -7.395716 -6.905312 -7.812167 -6.374086 -6.427981 -5.115039 -0.850004 5.376066 3.300081 0.505009 3.057403 0.749413 -9.433110 -16.076178 -12.565810 -9.071205 -15.071980 -24.665146 -28.865373 -29.686496 -39.493810 -37.861393 -24.161057 -22.748267 
-15.680981 -15.582617 -1.798816 16.604142 14.620373 -4.926286 10.531243 18.316488 3.633212 11.016098 12.477314 0.998718 -0.380607 -8.304418 -6.200014 -11.108389 -8.042123 -14.817224 -11.711307 -10.959882 -12.069029 -9.934440 -5.702009 1.456552 0.717897 -2.061117 0.799443 -2.572581 -12.947480 -18.738580 -15.224952 -12.133106 -18.030809 -27.617450 -30.669181 -31.337163 -47.826276 -42.869191 -25.179093 -23.724144 
-17.902523 -11.788161 3.144520 14.821515 11.779316 2.084360 11.578124 11.891589 -0.746232 9.484391 3.597847 -15.175821 -7.630519 -17.506847 -12.305158 -19.192828 -14.415396 -20.759390 -21.116582 -18.298687 -21.390706 -20.709124 -14.470838 -7.077796 -6.642237 -7.754034 -5.965414 -9.744497 -18.646540 -24.391762 -19.975099 -15.277952 -21.523765 -32.491889 -37.239448 -37.447656 -41.079938 -41.019163 -32.397747 -30.392302 
-20.570898 -12.252314 0.671401 5.155755 0.020864 -0.910943 -1.813657 -4.927293 -3.583682 -3.653126 -7.924776 -15.440342 -19.949918 -27.270927 -28.387353 -27.756959 -31.150951 -32.627602 -36.680308 -30.350551 -35.238446 -32.355413 -26.897472 -16.783640 -15.538805 -16.900555 -17.726865 -23.282225 -34.878168 -38.305304 -36.409925 -32.065668 -39.688679 -46.950311 -48.534789 -51.490773 -54.786265 -55.513099 -46.571411 -44.311852 
-17.191999 -17.619291 -10.518524 -3.089315 -3.003595 -12.413496 -13.191099 -5.613256 -18.959861 -23.360732 -22.921002 -21.948984 -26.287519 -36.752169 -34.703898 -37.899113 -39.152075 -43.091103 -46.787110 -44.839022 -46.191173 -40.224427 -34.184900 -32.639469 -33.636217 -33.841837 -35.010932 -41.292093 -44.712062 -50.809368 -51.062316 -43.831828 -48.725480 -54.330855 -59.029092 -60.586998 -64.014751 -62.390084 -58.712373 -58.494483 
-18.452188 -23.248204 -17.493259 -6.429004 -10.160976 -15.908512 -13.193752 -12.790259 -23.016093 -26.758764 -31.942208 -40.460807 -42.264717 -39.167416 -45.605108 -48.030265 -45.762206 -51.732857 -53.637102 -49.473663 -52.946514 -46.054492 -39.063400 -40.405245 -46.033297 -42.259768 -43.249170 -45.987676 -54.694885 -58.957691 -56.547598 -51.693610 -55.389569 -61.083160 -62.946162 -65.556500 -66.945617 -65.403480 -64.516609 -66.518783 
-26.188475 -31.306144 -30.123002 -14.608437 -14.594532 -24.407029 -21.309339 -18.599922 -27.738239 -33.984196 -39.293140 -43.711964 -46.211494 -50.812018 -52.335269 -52.379490 -48.684120 -54.907944 -57.137130 -58.355038 -54.772977 -53.351642 -48.827644 -48.227027 -51.003426 -45.614839 -46.985018 -50.810915 -60.015405 -61.594925 -59.843152 -60.732797 -61.992069 -63.427811 -62.856996 -65.174741 -68.111942 -67.319845 -65.880722 -67.494191 
-24.068299 -30.100199 -27.781377 -13.918670 -14.111508 -25.929366 -25.412157 -25.963757 -40.080453 -45.951518 -47.502341 -51.809351 -49.639703 -51.024237 -56.530989 -58.006133 -61.721738 -58.973830 -58.009032 -59.315268 -59.561358 -56.925570 -57.434460 -58.645512 -57.875859 -52.355066 -53.917223 -61.383940 -65.482255 -63.745092 -64.541985 -64.286051 -65.698875 -66.859989 -66.883948 -68.572707 -69.404841 -69.364685 -71.531359 -70.556360 
-16.447637 -22.625622 -22.736457 -14.653721 -16.597490 -26.428473 -39.063123 -44.108286 -54.246549 -52.248631 -51.676788 -53.538312 -57.717120 -53.145699 -57.959291 -61.222658 -61.734561 -60.384300 -60.810259 -61.618801 -61.228405 -60.120770 -60.386708 -59.317883 -61.606143 -63.704300 -62.914082 -65.697577 -68.389322 -67.578713 -68.497827 -66.906727 -67.040962 -65.750893 -66.630259 -67.480677 -72.032934 -70.671147 -70.021923 -69.795272 
-20.123112 -27.365712 -36.476169 -29.661800 -24.900322 -29.800490 -41.928650 -46.441429 -50.984890 -52.627869 -53.006030 -55.816527 -57.359418 -57.473641 -58.265155 -60.476244 -60.454142 -60.430533 -62.268967 -60.705951 -60.878436 -60.294939 -59.641836 -60.623191 -62.143890 -65.187182 -65.692642 -66.428889 -67.494416 -66.705459 -66.070892 -65.578902 -66.161382 -66.920104 -66.179552 -68.403304 -69.597998 -67.313665 -65.788643 -69.705876 
-23.496835 -25.958244 -28.559391 -29.191873 -27.298733 -37.234375 -47.042858 -45.322955 -48.640968 -48.948840 -49.337255 -51.509858 -51.006256 -52.052667 -51.276222 -53.165608 -52.901945 -53.700478 -53.055386 -53.538706 -54.609177 -54.819140 -55.307119 -56.648450 -56.706194 -56.996226 -58.035789 -58.139297 -58.721421 -59.234249 -59.667379 -60.058761 -60.523191 -60.341314 -60.686463 -62.160426 -62.908907 -63.177638 -63.132517 -63.244668 
-11.675281 -9.863958 -11.634798 -15.781539 -14.309626 -11.907516 -9.608780 -7.251100 -6.993191 -8.641360 -9.922510 -13.357853 -16.607819 -18.078101 -16.889667 -14.928387 -14.256896 -14.398181 -15.592508 -16.964142 -16.606505 -16.189571 -14.498392 -12.592391 -11.608641 -14.401454 -17.867045 -21.207914 -25.705732 -29.015429 -30.130786 -29.569404 -25.922739 -24.915446 -24.883346 -29.212231 -34.515759 -34.365887 -32.633813 -31.946405 
-7.234173 -4.015126 -6.473201 -14.452030 -14.156732 -14.437680 -11.680985 -10.508257 -8.950919 -14.606601 -13.443188 -17.871807 -19.366371 -19.732557 -16.986978 -17.250735 -18.389127 -19.496877 -18.516109 -19.691508 -17.665294 -19.676668 -19.227580 -15.574856 -13.218547 -14.265473 -15.943901 -20.920203 -25.574140 -26.008597 -26.057772 -26.327723 -23.601948 -23.500502 -25.152383 -24.680215 -28.268905 -25.460398 -25.074366 -27.059285 
-7.812284 -6.957362 -10.094249 -18.321505 -20.576917 -18.552054 -16.364302 -12.908732 -13.431901 -16.387115 -22.199077 -22.973482 -25.235579 -26.377970 -24.970279 -31.143553 -23.430024 -25.341375 -26.272260 -24.703842 -24.193979 -24.703353 -24.406160 -17.648478 -16.672629 -20.462334 -19.156713 -22.824780 -28.019034 -27.216089 -25.928224 -23.252412 -23.155342 -23.311930 -25.177935 -27.537238 -30.190051 -29.263311 -26.097187 -27.510973 
-10.680627 -18.232135 -29.111735 -22.049963 -21.071184 -18.951215 -15.307175 -11.021547 -7.520649 -14.075065 -20.803702 -21.563522 -31.510621 -28.269290 -32.757030 -30.617365 -29.336890 -25.828771 -27.913807 -31.282332 -28.985374 -26.040371 -23.486443 -15.126770 -11.809152 -20.864173 -23.845368 -26.977003 -33.048526 -31.843678 -29.615726 -27.847673 -30.180637 -29.621283 -27.813464 -30.319459 -33.892028 -33.423876 -32.640991 -33.022957 
-14.922638 -16.562987 -22.432304 -23.621965 -21.813609 -22.031009 -23.617637 -21.767803 -14.874392 -17.609172 -25.330453 -33.388257 -35.277358 -34.471353 -34.574398 -28.882836 -31.344365 -34.290458 -33.977995 -38.721857 -42.564043 -38.078151 -25.948664 -20.090815 -14.817505 -23.394714 -27.565345 -31.603022 -35.717058 -33.433438 -27.478360 -26.818843 -31.036778 -30.950156 -30.683317 -30.199248 -36.207509 -37.765752 -37.614427 -35.286236 
-36.782870 -36.680030 -37.649856 -39.271633 -41.447647 -45.037784 -49.900880 -56.994950 -58.770660 -56.729729 -58.161108 -59.602645 -61.373326 -58.831721 -53.072078 -49.788878 -49.908884 -52.419740 -59.999810 -61.959553 -56.251436 -56.323894 -49.244818 -46.856177 -53.698387 -51.501090 -47.307452 -50.273076 -58.321968 -53.763868 -48.341369 -52.781265 -57.153739 -51.158344 -56.218802 -50.965215 -57.634799 -64.400373 -64.098899 -60.376078 
-60.761513 -62.551579 -67.757352 -69.806340 -66.051787 -68.717077 -73.178930 -67.921986 -66.775076 -69.950662 -67.165475 -70.986176 -72.584748 -77.154686 -77.945058 -78.683875 -80.090854 -81.146158 -81.792825 -87.216164 -80.045183 -80.315886 -82.472960 -78.896260 -80.963929 -81.771391 -81.128489 -80.481288 -82.060168 -84.718229 -84.149011 -87.623911 -89.541212 -86.325371 -87.379950 -85.065376 -90.076404 -87.360648 -86.379449 -91.999497 
-77.263540 -77.771427 -78.713706 -79.232241 -78.441891 -77.597204 -78.037563 -79.203211 -80.505437 -80.748121 -79.865289 -81.358438 -84.486325 -84.744888 -84.830207 -90.420406 -94.830486 -93.156763 -93.958302 -98.138811 -91.631484 -90.586339 -91.019213 -90.830392 -92.684632 -95.550819 -96.240504 -95.971480 -93.837481 -94.406500 -95.102609 -95.843914 -96.278809 -95.554524 -95.186435 -96.085030 -96.498057 -95.979946 -96.283097 -98.823662 
NaN NaN NaN NaN NaN NaN NaN NaN NaN NaN NaN NaN NaN NaN NaN NaN NaN NaN NaN NaN NaN NaN NaN NaN NaN NaN NaN NaN NaN NaN NaN NaN NaN NaN NaN NaN NaN NaN NaN NaN 
NaN NaN NaN NaN NaN NaN NaN NaN NaN NaN NaN NaN NaN NaN NaN NaN NaN NaN NaN NaN NaN NaN NaN NaN NaN NaN NaN NaN NaN NaN NaN NaN NaN NaN NaN NaN NaN NaN NaN NaN 
NaN NaN NaN NaN NaN NaN NaN NaN NaN NaN NaN NaN NaN NaN NaN NaN NaN NaN NaN NaN NaN NaN NaN NaN NaN NaN NaN NaN NaN NaN NaN NaN NaN NaN NaN NaN NaN NaN NaN NaN 
NaN NaN NaN NaN NaN NaN NaN NaN NaN NaN NaN NaN NaN NaN NaN NaN NaN NaN NaN NaN NaN NaN NaN NaN NaN NaN NaN NaN NaN NaN NaN NaN NaN NaN NaN NaN NaN NaN NaN NaN 
NaN NaN NaN NaN NaN NaN NaN NaN NaN NaN NaN NaN NaN NaN NaN NaN NaN NaN NaN NaN NaN NaN NaN NaN NaN NaN NaN NaN NaN NaN NaN NaN NaN NaN NaN NaN NaN NaN NaN NaN 
NaN NaN NaN NaN NaN NaN NaN NaN NaN NaN NaN NaN NaN NaN NaN NaN NaN NaN NaN NaN NaN NaN NaN NaN NaN NaN NaN NaN NaN NaN NaN NaN NaN NaN NaN NaN NaN NaN NaN NaN 
NaN NaN NaN NaN NaN NaN NaN NaN NaN NaN NaN NaN NaN NaN NaN NaN NaN NaN NaN NaN NaN NaN NaN NaN NaN NaN NaN NaN NaN NaN NaN NaN NaN NaN NaN NaN NaN NaN NaN NaN 
NaN NaN NaN NaN NaN NaN NaN NaN NaN NaN NaN NaN NaN NaN NaN NaN NaN NaN NaN NaN NaN NaN NaN NaN NaN NaN NaN NaN NaN NaN NaN NaN NaN NaN NaN NaN NaN NaN NaN NaN 
NaN NaN NaN NaN NaN NaN NaN NaN NaN NaN NaN NaN NaN NaN NaN NaN NaN NaN NaN NaN NaN NaN NaN NaN NaN NaN NaN NaN NaN NaN NaN NaN NaN NaN NaN NaN NaN NaN NaN NaN 
NaN NaN NaN NaN NaN NaN NaN NaN NaN NaN NaN NaN NaN NaN NaN NaN NaN NaN NaN NaN NaN NaN NaN NaN NaN NaN NaN NaN NaN NaN NaN NaN NaN NaN NaN NaN NaN NaN NaN NaN 
NaN NaN NaN NaN NaN NaN NaN NaN NaN NaN NaN NaN NaN NaN NaN NaN NaN NaN NaN NaN NaN NaN NaN NaN NaN NaN NaN NaN NaN NaN NaN NaN NaN NaN NaN NaN NaN NaN NaN NaN 
NaN NaN NaN NaN NaN NaN NaN NaN NaN NaN NaN NaN NaN NaN NaN NaN NaN NaN NaN NaN NaN NaN NaN NaN NaN NaN NaN NaN NaN NaN NaN NaN NaN NaN NaN NaN NaN NaN NaN NaN 
NaN NaN NaN NaN NaN NaN NaN NaN NaN NaN NaN NaN NaN NaN NaN NaN NaN NaN NaN NaN NaN NaN NaN NaN NaN NaN NaN NaN NaN NaN NaN NaN NaN NaN NaN NaN NaN NaN NaN NaN 
NaN NaN NaN NaN NaN NaN NaN NaN NaN NaN NaN NaN NaN NaN NaN NaN NaN NaN NaN NaN NaN NaN NaN NaN NaN NaN NaN NaN NaN NaN NaN NaN NaN NaN NaN NaN NaN NaN NaN NaN 
NaN NaN NaN NaN NaN NaN NaN NaN NaN NaN NaN NaN NaN NaN NaN NaN NaN NaN NaN NaN NaN NaN NaN NaN NaN NaN NaN NaN NaN NaN NaN NaN NaN NaN NaN NaN NaN NaN NaN NaN 
NaN NaN NaN NaN NaN NaN NaN NaN NaN NaN NaN NaN NaN NaN NaN NaN NaN NaN NaN NaN NaN NaN NaN NaN NaN NaN NaN NaN NaN NaN NaN NaN NaN NaN NaN NaN NaN NaN NaN NaN 
NaN NaN NaN NaN NaN NaN NaN NaN NaN NaN NaN NaN NaN NaN NaN NaN NaN NaN NaN NaN NaN NaN NaN NaN NaN NaN NaN NaN NaN NaN NaN NaN NaN NaN NaN NaN NaN NaN NaN NaN 
NaN NaN NaN NaN NaN NaN NaN NaN NaN NaN NaN NaN NaN NaN NaN NaN NaN NaN NaN NaN NaN NaN NaN NaN NaN NaN NaN NaN NaN NaN NaN NaN NaN NaN NaN NaN NaN NaN NaN NaN 
NaN NaN NaN NaN NaN NaN NaN NaN NaN NaN NaN NaN NaN NaN NaN NaN NaN NaN NaN NaN NaN NaN NaN NaN NaN NaN NaN NaN NaN NaN NaN NaN NaN NaN NaN NaN NaN NaN NaN NaN 
NaN NaN NaN NaN NaN NaN NaN NaN NaN NaN NaN NaN NaN NaN NaN NaN NaN NaN NaN NaN NaN NaN NaN NaN NaN NaN NaN NaN NaN NaN NaN NaN NaN NaN NaN NaN NaN NaN NaN NaN 
