NaN NaN NaN NaN NaN NaN NaN NaN NaN NaN NaN NaN NaN NaN NaN NaN NaN NaN NaN NaN NaN NaN NaN NaN NaN NaN NaN NaN NaN NaN NaN NaN NaN NaN NaN NaN NaN NaN NaN NaN 
NaN NaN NaN NaN NaN NaN NaN NaN NaN NaN NaN NaN NaN NaN NaN NaN NaN NaN NaN NaN NaN NaN NaN NaN NaN NaN NaN NaN NaN NaN NaN NaN NaN NaN NaN NaN NaN NaN NaN NaN 
NaN NaN NaN NaN NaN NaN NaN NaN NaN NaN NaN NaN NaN NaN NaN NaN NaN NaN NaN NaN NaN NaN NaN NaN NaN NaN NaN NaN NaN NaN NaN NaN NaN NaN NaN NaN NaN NaN NaN NaN 
NaN NaN NaN NaN NaN NaN NaN NaN NaN NaN NaN NaN NaN NaN NaN NaN NaN NaN NaN NaN NaN NaN NaN NaN NaN NaN NaN NaN NaN NaN NaN NaN NaN NaN NaN NaN NaN NaN NaN NaN 
NaN NaN NaN NaN NaN NaN NaN NaN NaN NaN NaN NaN NaN NaN NaN NaN NaN NaN NaN NaN NaN NaN NaN NaN NaN NaN NaN NaN NaN NaN NaN NaN NaN NaN NaN NaN NaN NaN NaN NaN 
NaN NaN NaN NaN NaN NaN NaN NaN NaN NaN NaN NaN NaN NaN NaN NaN NaN NaN NaN NaN NaN NaN NaN NaN NaN NaN NaN NaN NaN NaN NaN NaN NaN NaN NaN NaN NaN NaN NaN NaN 
NaN NaN NaN NaN NaN NaN NaN NaN NaN NaN NaN NaN NaN NaN NaN NaN NaN NaN NaN NaN NaN NaN NaN NaN NaN NaN NaN NaN NaN NaN NaN NaN NaN NaN NaN NaN NaN NaN NaN NaN 
NaN NaN NaN NaN NaN NaN NaN NaN NaN NaN NaN NaN NaN NaN NaN NaN NaN NaN NaN NaN NaN NaN NaN NaN NaN NaN NaN NaN NaN NaN NaN NaN NaN NaN NaN NaN NaN NaN NaN NaN 
NaN NaN NaN NaN NaN NaN NaN NaN NaN NaN NaN NaN NaN NaN NaN NaN NaN NaN NaN NaN NaN NaN NaN NaN NaN NaN NaN NaN NaN NaN NaN NaN NaN NaN NaN NaN NaN NaN NaN NaN 
NaN NaN NaN NaN NaN NaN NaN NaN NaN NaN NaN NaN NaN NaN NaN NaN NaN NaN NaN NaN NaN NaN NaN NaN NaN NaN NaN NaN NaN NaN NaN NaN NaN NaN NaN NaN NaN NaN NaN NaN 
-55.740322 -57.770415 -59.814416 -61.662668 -64.168195 -66.138838 -68.897564 -78.501975 -78.511223 -78.868036 -79.439468 -79.858913 -80.003894 -79.900267 -86.331091 -86.322586 -86.187319 -84.903647 -91.475239 -88.396015 -89.381201 -86.979705 -90.519184 -91.648949 -87.339449 -85.539824 -90.394789 -93.376800 -93.488231 -96.260980 -92.755383 -91.939539 -90.193314 -87.696693 -90.593655 -92.556421 -89.154093 -88.164392 -86.403714 -91.291152 
-46.083516 -54.534194 -50.704326 -57.582145 -63.083091 -58.355421 -59.720919 -67.148421 -62.658292 -69.225115 -71.673413 -76.147725 -74.326802 -73.018729 -77.373751 -80.063280 -77.443074 -73.671955 -74.558491 -81.068664 -81.492908 -78.054280 -77.531963 -82.358802 -80.131496 -78.803856 -80.547474 -80.293282 -80.923524 -78.651818 -79.351878 -79.363127 -77.119385 -77.300232 -77.487388 -78.218701 -78.754164 -76.359707 -77.793877 -82.390412 
-44.559979 -44.014036 -52.648121 -53.388606 -56.459615 -68.346019 -65.602082 -58.121171 -63.947357 -73.225189 -64.824596 -66.887543 -70.986493 -72.710900 -75.225664 -71.309398 -70.634763 -74.050844 -72.301459 -72.811729 -79.194567 -78.803133 -74.906881 -82.282386 -81.084942 -81.693338 -80.082819 -79.367489 -77.341565 -76.960215 -77.975148 -83.145973 -78.185832 -77.101575 -77.153045 -78.855095 -82.143381 -82.641088 -81.265452 -83.225028 
-39.430552 -48.231813 -51.456064 -49.474172 -60.239853 -58.812866 -63.410669 -62.961452 -65.600634 -67.051717 -69.336233 -69.717706 -67.301979 -69.217954 -73.029681 -74.638692 -72.433750 -73.379842 -73.844841 -71.449226 -75.710407 -75.755664 -76.119194 -76.076339 -76.670995 -78.402143 -78.256363 -77.596975 -75.972624 -75.995975 -74.777781 -80.351416 -79.130446 -78.165285 -76.989208 -77.862848 -75.899013 -75.666934 -78.553452 -79.510883 
-16.702679 -19.220111 -23.707215 -24.123130 -19.729545 -19.467718 -20.112667 -19.053417 -23.726427 -28.629552 -23.266664 -22.375041 -29.000295 -31.563197 -22.721776 -21.316206 -23.851565 -21.666765 -23.615851 -23.155591 -29.352097 -28.571601 -25.007209 -22.392229 -17.502846 -17.428390 -20.466037 -24.338981 -26.660419 -26.361154 -21.233276 -25.857522 -29.732012 -32.200599 -34.340085 -34.632690 -34.291435 -37.767472 -37.872403 -37.235402 
-8.448118 -13.154150 -16.826916 -14.982432 -13.155201 -14.774206 -21.014981 -10.753356 -8.565957 -13.612872 -11.551893 -11.953825 -16.616463 -15.338928 -13.184776 -11.968793 -14.729518 -15.811687 -19.022119 -17.247962 -20.160545 -18.477661 -18.675427 -14.085142 -10.295729 -4.723047 -6.548174 -6.577132 -13.237213 -14.101850 -12.048226 -14.934365 -17.809728 -16.342656 -16.271717 -19.723886 -20.955011 -19.760801 -19.972713 -21.566385 
-6.990840 -9.575809 -19.260924 -23.873614 -18.273898 -16.788569 -6.658655 -8.015484 -14.678826 -17.318800 -15.800228 -15.118562 -15.997233 -15.973794 -15.174569 -15.969014 -16.012778 -17.192981 -18.390582 -17.408094 -21.404511 -17.147252 -17.399374 -16.102962 -12.448143 -9.440836 -4.990270 -6.737753 -11.637017 -13.027039 -14.946034 -13.375614 -15.485143 -13.236686 -12.875706 -13.950126 -15.442386 -12.800710 -13.770978 -18.730526 
-16.561444 -9.702761 -11.008756 -18.104319 -19.590582 -12.631329 -7.252251 -12.489049 -14.030067 -25.465437 -20.065321 -19.885325 -18.336109 -17.016689 -18.120378 -20.085135 -21.119529 -17.602639 -16.357362 -18.026342 -19.258197 -15.002836 -13.482058 -12.580612 -13.356100 -11.825555 -3.523766 -5.617504 -9.604463 -9.073795 -13.315580 -14.233630 -15.099959 -13.637113 -13.018242 -15.841892 -15.858313 -14.124667 -14.820172 -19.595996 
-15.517214 -12.414179 -14.505408 -11.012856 -14.153890 -11.887788 -5.675667 -7.175199 -12.155023 -18.144565 -15.017969 -23.075177 -18.224655 -18.298817 -15.593968 -17.399671 -17.729326 -22.492987 -16.631236 -21.833185 -22.770626 -16.991191 -15.674493 -14.469409 -13.424725 -14.045474 -6.095117 -8.725309 -11.936525 -12.385017 -9.916682 -13.829289 -17.818724 -18.471696 -17.735291 -18.062186 -16.662711 -17.091973 -15.985882 -18.347818 
-8.410304 -9.833296 -7.393967 1.669305 2.533859 -2.108147 -6.347681 -2.901612 -9.162475 -11.832494 -19.463331 -20.536963 -19.539605 -19.452479 -20.031094 -22.435487 -23.422226 -22.146687 -18.058356 -19.924797 -18.109333 -20.157137 -16.640141 -14.717053 -11.915338 -9.672576 -9.310571 -10.865066 -14.493937 -15.134127 -14.678779 -12.631948 -15.286080 -14.996056 -16.925003 -18.836886 -17.008926 -18.853333 -18.192533 -20.690106 
-6.297607 -7.325175 1.832870 17.330583 20.018409 11.815177 7.484900 11.512996 9.499597 -4.490793 -5.122309 -10.049688 -12.757488 -11.457589 -15.395012 -13.113766 -19.433927 -18.178805 -16.388619 -16.171240 -13.955796 -12.687041 -11.057912 -12.741922 -10.300574 -9.610860 -13.177367 -16.641615 -18.730166 -13.326545 -16.245553 -18.423129 -25.268323 -21.464066 -19.585217 -18.265546 -20.051565 -20.449035 -20.517215 -25.675892 
-11.461394 -14.210001 -5.273119 19.093344 21.906494 5.911025 6.083603 23.092477 18.812179 -9.615916 -1.845970 -5.218888 -8.560154 -5.000293 -17.080165 -6.984906 -14.655419 -8.659294 -11.583204 -8.790899 -5.901407 -1.999540 -1.209011 -5.555650 -1.482416 -1.694829 -8.984206 -19.724309 -17.464440 -13.208148 -15.305302 -18.409438 -24.221859 -16.520967 -12.654736 -10.279662 -16.575658 -17.382885 -18.463758 -31.620566 
-21.235022 -23.595773 -11.810027 15.801475 20.499043 5.065779 2.142980 25.205357 23.895741 -5.357397 -1.347787 -1.632387 -16.704460 -5.019666 -16.772717 -4.104768 -11.717774 -5.516703 -9.248987 -2.781732 -2.445073 1.634956 5.014244 -1.709272 0.222697 -2.046601 -7.333802 -14.897131 -11.167452 -7.441653 -10.476699 -14.263415 -23.180504 -12.959903 -8.412539 -8.197452 -17.030010 -15.482599 -16.346153 -32.957648 
-17.356658 -16.598868 -12.574354 12.176846 18.760152 5.504940 -0.526812 23.722139 26.503892 0.392092 -2.430997 1.381542 -17.827327 -4.951738 -12.709053 -7.246545 -9.675328 -5.916853 -8.916939 -1.306236 -1.815872 2.832368 3.845031 -1.827102 -0.332749 -1.338772 -8.113852 -16.426872 -11.499352 -6.704552 -10.609827 -15.350684 -23.321871 -15.913616 -11.735488 -12.577566 -20.970729 -16.858439 -15.892787 -32.110196 
-9.174559 -12.110511 -13.460467 9.825369 17.436532 4.722267 -6.788248 22.564145 27.642410 3.754764 -1.244118 2.791778 -15.359291 -3.382232 -9.349663 -7.667573 -8.301018 -5.435808 -6.902702 -1.326206 -1.991298 3.665263 -0.740927 -3.509157 -2.858646 -3.095076 -10.468276 -19.089758 -14.295920 -8.276577 -11.836803 -17.212389 -24.460175 -17.973020 -13.318777 -13.605304 -22.777019 -20.405880 -20.304665 -35.692651 
-17.077273 -26.653754 -18.834738 9.164655 16.556621 3.769596 -5.457579 22.403562 27.435687 3.338644 -3.040181 3.055375 -12.340535 -2.255246 -7.880407 -7.579939 -7.016859 -6.019614 -5.735669 -0.894987 -1.629080 6.073834 -1.571806 -3.557408 -2.959399 -1.025159 -8.825700 -18.640905 -14.223588 -8.538156 -10.396019 -15.419812 -24.298525 -18.562886 -14.459835 -13.199943 -25.018841 -22.066956 -20.382384 -32.807126 
-25.091381 -23.420878 -21.919385 9.120566 16.879970 4.336707 -4.371247 22.672005 26.043837 0.718034 -3.506894 2.135888 -15.929591 -2.822045 -8.490991 -8.065102 -8.585859 -6.319464 -7.020415 -2.342630 -2.671510 5.250486 -4.213684 -5.597528 -3.774806 -1.244130 -8.770843 -19.060566 -17.576752 -10.079729 -11.882718 -16.196399 -24.679064 -19.856529 -16.673243 -15.972979 -24.693233 -24.054931 -22.448240 -31.870878 
-22.863388 -23.504269 -12.265311 12.065075 17.342269 4.341698 -3.251464 22.033795 22.903239 -3.970965 -4.111335 0.443016 -16.413808 -7.425774 -13.015073 -10.361880 -13.279208 -8.414738 -9.502884 -3.459741 -2.082656 1.584702 -5.005648 -6.248219 -3.767429 -1.800826 -8.652883 -17.897055 -18.264963 -11.857915 -14.039643 -14.592087 -21.706985 -22.211396 -17.032064 -15.972456 -24.405221 -25.197048 -27.885129 -36.017962 
-13.707329 -11.116334 -1.055961 13.069489 12.825931 1.685939 3.793143 17.268863 15.417916 -4.939462 -8.630127 -7.825766 -21.194909 -12.193822 -17.920369 -13.816128 -19.041907 -13.719999 -14.435357 -9.513202 -4.836352 -6.627700 -10.997352 -13.189663 -9.293997 -6.559078 -13.441422 -21.952412 -21.843978 -17.860532 -17.047098 -15.058244 -20.414187 -21.848272 -22.103546 -20.387486 -23.967028 -22.826117 -24.286865 -35.587518 
-14.081982 -14.380262 -2.583809 7.944422 3.566053 -9.053713 -7.532026 -2.425847 -5.341816 -14.039247 -20.254701 -28.239823 -27.421906 -24.928522 -29.090782 -26.921293 -33.137798 -35.225439 -28.865755 -25.330042 -21.274912 -23.377643 -29.071481 -30.718886 -25.991999 -22.999690 -28.611093 -34.842025 -36.439141 -35.331974 -32.105490 -28.387271 -32.088931 -33.081706 -33.641002 -33.663363 -34.490114 -34.968348 -37.547360 -48.594859 
-22.139016 -25.243898 -12.000680 -4.358673 -4.668439 -16.656283 -23.697303 -19.682865 -22.811323 -32.088411 -32.961689 -41.393757 -37.914784 -42.629694 -47.349266 -49.277144 -48.534970 -48.454469 -45.765604 -48.912021 -44.459550 -45.325563 -51.337376 -53.683139 -51.364167 -48.416149 -53.307341 -55.701285 -55.415421 -57.781305 -57.139416 -55.049610 -58.891103 -59.410936 -60.714640 -61.036300 -60.658662 -60.532397 -63.153654 -64.185830 
-32.201254 -32.355791 -29.322121 -26.426569 -26.980700 -27.681261 -28.129753 -27.973899 -26.111910 -31.786410 -36.224771 -42.005423 -56.425138 -53.942026 -47.754748 -50.792844 -54.801635 -55.770510 -53.544068 -52.862314 -51.853811 -52.052434 -55.177082 -56.502059 -56.541685 -54.427659 -56.192677 -58.115625 -60.188126 -60.415618 -61.462470 -61.176106 -61.807090 -62.910298 -66.345917 -66.718091 -68.463236 -68.759674 -67.017466 -68.576220 
-29.790282 -36.190118 -39.965833 -34.293965 -35.072565 -33.356817 -27.221154 -23.908506 -29.351101 -37.364150 -41.038360 -47.014733 -47.240606 -48.585554 -45.094938 -52.843658 -53.859296 -55.983648 -56.326103 -57.641167 -57.567905 -55.877510 -60.828975 -60.443941 -62.611557 -55.366824 -57.451731 -64.241088 -67.206780 -65.057646 -68.495032 -66.156759 -66.344874 -67.736645 -68.668597 -69.272566 -70.647422 -71.365863 -68.242142 -70.387899 
-23.237073 -35.707872 -29.847128 -29.066476 -30.957893 -26.903900 -30.965814 -25.364944 -28.861472 -33.888453 -35.490239 -39.976308 -39.678163 -42.536210 -42.141743 -49.910776 -47.806219 -42.854992 -41.800603 -42.981804 -48.559328 -53.799017 -49.720778 -48.554385 -44.179041 -38.613857 -37.255789 -43.247315 -36.122685 -35.200079 -38.623513 -37.916859 -43.665482 -44.560113 -49.584188 -48.864927 -48.945074 -49.394035 -51.285833 -51.634511 
-11.708852 -12.808626 -15.916988 -19.352319 -19.821936 -13.162773 -9.342340 -8.576894 -11.392244 -21.177821 -23.080155 -21.320176 -20.054747 -23.941284 -25.891663 -20.707629 -20.979603 -18.387055 -19.440307 -29.289097 -24.946239 -29.810648 -25.170141 -27.623098 -22.657922 -18.587019 -18.479318 -18.896892 -15.880711 -15.869335 -16.685424 -15.611946 -17.616065 -15.874712 -16.991253 -16.939713 -16.175691 -15.609282 -18.073952 -22.581273 
-12.291503 -14.862922 -24.722264 -26.405861 -31.079434 -24.299886 -16.903506 -17.635246 -18.248665 -20.621570 -26.756336 -28.546989 -30.075120 -30.065911 -28.471649 -24.467235 -22.412098 -25.093601 -23.784358 -30.346999 -28.103434 -29.434682 -28.610537 -29.185360 -19.098592 -15.954737 -14.489743 -15.303229 -14.017920 -11.941164 -5.139288 -4.845906 -7.133851 -8.377610 -5.242098 -5.661622 -8.889577 -8.870060 -8.016153 -10.163885 
-29.931532 -27.303120 -25.382633 -30.563747 -36.527732 -37.820081 -38.385574 -30.118318 -33.298329 -31.097197 -28.592244 -31.796961 -31.470679 -35.341120 -34.754549 -27.372135 -29.608091 -25.560999 -32.058627 -34.460641 -29.078185 -20.716827 -27.333191 -24.421266 -16.387106 -11.314811 -10.114023 -8.389425 -9.378731 -6.679813 -0.062148 -6.847308 -4.272775 -6.706641 -4.138974 -3.570543 -5.146600 -7.139247 -7.813950 -9.561470 
-24.544324 -24.081078 -27.713892 -35.834884 -33.363280 -31.680431 -34.875629 -29.728623 -30.164862 -39.089468 -27.157066 -30.576995 -34.001242 -31.615203 -29.514978 -26.644380 -28.743875 -27.773143 -23.724391 -26.639025 -24.042837 -20.555470 -19.490615 -20.021462 -14.829914 -9.709520 -6.418557 -10.041798 -4.450092 -3.746944 -1.526491 -1.151429 -6.306023 -3.533810 -3.110567 -2.607252 -3.173592 -4.860882 -7.701489 -10.128040 
-22.255300 -29.874645 -43.286901 -30.857217 -28.740261 -29.588648 -30.912556 -27.115847 -25.591787 -33.366561 -26.955373 -36.828437 -30.922837 -25.316517 -27.593940 -25.736975 -24.453550 -24.822103 -26.296163 -24.693298 -23.716121 -21.267786 -15.689844 -17.965122 -12.111186 -10.527796 -8.915734 -9.829118 -5.008163 0.185170 0.990303 -1.581895 -5.828750 -3.069060 -2.829176 -1.497813 -3.922886 -0.639680 -4.120477 -6.150968 
-27.020920 -24.071684 -28.732266 -30.020311 -26.810424 -25.026552 -25.231652 -28.532336 -29.429282 -31.288479 -31.798705 -28.090657 -31.053472 -25.497781 -20.062476 -23.774425 -23.988945 -21.628919 -19.122519 -19.799192 -17.283540 -19.205222 -16.087789 -16.416970 -7.880959 -5.077150 -6.695733 -8.547855 -8.766279 -2.306947 1.486822 0.151898 -3.036122 -6.247971 -1.279694 -2.603049 -5.153950 -3.976283 -7.374844 -7.819961 
-19.906902 -20.963555 -27.851715 -33.782538 -28.529202 -25.240251 -27.445971 -26.448543 -24.183425 -26.185776 -29.154973 -25.871045 -30.275298 -25.826371 -23.221811 -24.942761 -27.543581 -18.117030 -19.897029 -24.162977 -19.551211 -16.411665 -15.682065 -8.892182 -3.030525 -2.537490 -1.547263 -7.289181 -0.570950 -0.124336 1.617958 -1.036402 -2.161658 -3.607804 -1.654679 -5.139675 -5.070379 -5.786503 -4.526656 -6.228273 
-17.145129 -24.038519 -32.462590 -29.320869 -27.809610 -29.167978 -32.620810 -25.305630 -24.662191 -29.284420 -25.231011 -21.849730 -24.161864 -22.732492 -22.861353 -24.117469 -24.243959 -24.951310 -20.696410 -20.187129 -16.530572 -16.520133 -16.770711 -8.935066 -5.606125 -0.369873 -2.942045 -8.041641 0.995873 -1.100657 -0.087310 -0.419377 -2.383718 -3.826406 -5.458140 -4.145756 -4.024339 -5.549455 -8.008398 -10.083045 
-15.727926 -17.021670 -21.977960 -29.481495 -25.756630 -24.064763 -22.300499 -23.160013 -30.879185 -26.245990 -28.952918 -23.497620 -19.391039 -20.500490 -23.249734 -25.802411 -25.275273 -23.460534 -26.050318 -20.576388 -14.556260 -9.946919 -11.356198 -13.810196 -8.296791 -1.691313 -6.110951 -9.701521 -2.703984 2.467722 -2.468895 -3.119720 -5.271011 -4.473508 -6.093778 -8.636412 -6.191288 -5.771442 -7.137723 -7.718493 
-16.744027 -7.889203 1.649831 2.284440 -3.159525 -6.679899 -7.017149 -8.426988 -16.744184 -16.622353 -23.820421 -20.752111 -25.149409 -22.885903 -20.243513 -19.106713 -22.335485 -19.763243 -24.620249 -18.496611 -16.796347 -15.026725 -14.840512 -13.560294 -1.036437 0.410968 -4.874138 -12.322067 -4.452368 -1.974970 -5.600620 -8.203965 -11.240353 -9.601129 -7.903830 -9.195940 -12.416804 -14.043150 -14.510561 -15.896220 
-12.846684 2.854538 14.035775 13.460984 9.327583 12.868117 11.806395 6.772977 4.078501 -4.389858 -6.958819 -10.923608 -13.934257 -13.385693 -17.736357 -18.259569 -16.974382 -18.575974 -15.270470 -13.102695 -9.277431 -6.950667 -8.696612 -10.294590 -6.721755 -5.530443 -8.513021 -13.961277 -12.475061 -8.149936 -8.181071 -8.680086 -13.713200 -16.255606 -15.269102 -14.574881 -17.388453 -18.909294 -18.309446 -24.335291 
-13.951278 7.697228 16.720071 10.683176 14.092120 18.415751 11.324613 17.243738 11.269979 3.794473 -3.364538 -5.158058 -10.706057 -9.083996 -9.069602 -11.015518 -13.702679 -12.081378 -8.274888 -5.395453 -1.032467 0.485065 -5.376341 -6.264736 -3.200015 -3.844192 -10.313913 -13.832846 -9.705073 -6.809022 -11.687509 -14.716439 -21.790324 -24.884177 -21.648488 -18.449116 -24.441231 -22.881310 -22.388891 -35.328753 
-11.351991 9.457325 16.539542 9.706418 16.301373 15.010928 11.860631 19.938491 12.507319 11.143218 3.358027 -1.209244 -5.987870 -7.208719 -8.125519 -9.702879 -11.028025 -10.243285 -6.998680 -2.656640 2.792240 4.267751 -3.341314 -4.174689 -0.553778 -2.627067 -8.792352 -13.848874 -10.426060 -6.218516 -10.019089 -17.574836 -31.325977 -24.565674 -20.011733 -18.727769 -26.349833 -22.604264 -24.778584 -41.135661 
-7.905493 10.848139 16.083415 9.615097 17.759386 13.352179 12.939103 12.629851 15.739659 13.400327 5.770972 -1.425603 -2.930603 -4.992720 -7.132264 -8.978381 -10.396817 -9.216074 -5.592881 -1.242515 4.252694 3.591622 -3.048607 -2.777215 0.361769 -1.125113 -7.385277 -12.629267 -9.963001 -5.270246 -7.393674 -14.371927 -29.034917 -22.965933 -18.558115 -17.962393 -27.228196 -27.972595 -27.279556 -38.440438 
-5.803097 11.621939 15.688915 9.960508 18.703921 12.141236 11.921843 8.580813 18.612482 12.249214 7.189639 0.085310 -3.618591 -5.658020 -7.069669 -8.933768 -9.892776 -8.976276 -6.098828 -1.414547 3.905816 2.227472 -4.649277 -3.973379 -0.409082 -1.592698 -8.849924 -14.367162 -10.706054 -5.453515 -6.636526 -14.155103 -30.244678 -22.390574 -16.759473 -16.790262 -27.580592 -27.200766 -24.197956 -37.051305 
-6.542340 11.855883 14.832100 11.474018 18.734991 9.908731 11.049902 9.465474 18.102185 12.278153 8.350242 1.797207 -1.456696 -4.118478 -6.105825 -7.611747 -10.126312 -9.063935 -4.702552 0.210741 5.706983 2.041512 -5.142502 -3.861232 -0.583832 -1.922654 -8.824822 -13.387335 -10.156501 -5.269628 -5.975029 -13.298453 -30.027748 -25.508221 -19.161538 -16.405359 -25.344273 -25.598805 -22.127881 -32.254171 
-5.036291 11.827411 13.579310 12.607968 18.108946 9.892663 9.827029 11.306017 14.562301 13.029935 7.206595 0.315404 -2.254600 -4.515129 -5.366474 -6.745351 -8.915320 -7.324021 -4.123393 0.818681 5.802879 0.965823 -4.671682 -4.932013 -1.833708 -2.360413 -9.210616 -14.063530 -10.117547 -4.641979 -5.572579 -12.669830 -32.841453 -27.133864 -20.214753 -19.476284 -28.264533 -24.810330 -24.615858 -39.926852 
-5.280378 11.640549 12.421053 13.110532 16.934598 8.962701 8.507214 11.697975 12.289745 14.543634 5.539497 -1.324377 -2.654725 -3.108735 -5.029921 -7.168560 -8.275828 -7.365133 -4.029592 1.422007 5.364503 1.140304 -5.671790 -5.353214 -2.384139 -3.042512 -9.743135 -15.583810 -11.897958 -6.000634 -6.116312 -13.297457 -33.046533 -28.477110 -19.524832 -18.394834 -25.663413 -23.531872 -23.636799 -40.768666 
-3.523722 11.417951 10.994382 13.468722 15.583623 8.259758 6.828287 11.261405 11.633736 14.566381 4.250464 -1.802558 -2.321438 -3.089008 -6.204760 -7.305299 -9.005863 -8.437072 -5.055204 1.081670 5.391134 -0.746221 -7.391120 -6.922886 -3.230029 -2.372599 -9.498924 -14.919238 -11.904318 -6.021533 -5.841620 -13.099520 -33.377506 -27.479479 -18.623196 -16.619571 -27.714867 -24.453677 -22.992952 -38.545974 
-3.155548 10.945821 8.900196 13.493442 14.074368 7.485514 6.050657 10.085412 11.634651 12.997759 3.059100 -1.828286 -3.354925 -5.547798 -8.805520 -8.902163 -10.811096 -9.562729 -5.910286 0.197129 3.280053 -4.673089 -9.697442 -8.857106 -4.961777 -4.016222 -11.706959 -17.572469 -15.371105 -8.950397 -8.930649 -15.829920 -34.336372 -31.514053 -23.182879 -21.687228 -27.105812 -24.074999 -28.201602 -39.538992 
-3.671317 10.785563 7.562739 13.568822 12.351668 6.497549 5.629536 8.327400 11.946209 10.286965 1.939401 -2.776700 -4.187297 -7.201475 -9.943373 -10.986710 -12.782241 -11.191213 -7.026826 -0.137132 1.127622 -6.302640 -11.455294 -10.390066 -6.580176 -5.609026 -14.143275 -19.639806 -16.027830 -9.328328 -8.963053 -16.146726 -35.494507 -35.352711 -24.033798 -20.978755 -32.139141 -25.983136 -27.425369 -42.275964 
-2.149417 10.297501 7.377537 12.901054 10.449450 4.055039 3.855326 6.440970 10.074551 4.047782 -2.742739 -5.550149 -6.816561 -12.528661 -15.255899 -15.270763 -16.383766 -14.343736 -9.197526 -2.511110 -4.109281 -12.011213 -15.527969 -13.815509 -10.596892 -10.717620 -19.378689 -25.454134 -20.921693 -14.119357 -12.882975 -20.357407 -40.437659 -42.871337 -31.568224 -27.501299 -37.515958 -35.943290 -34.146897 -46.260257 
-3.303244 9.309296 7.885210 13.289598 9.325540 3.331386 1.777619 2.367909 3.086861 -4.115986 -9.638398 -9.773063 -8.225212 -15.920665 -22.486669 -22.912828 -23.725262 -20.841668 -12.423867 -8.710409 -14.783006 -20.226020 -22.553855 -18.253894 -17.976896 -22.410902 -27.560237 -33.219355 -29.375237 -23.272123 -22.224108 -29.464426 -40.191573 -40.523726 -34.132764 -31.633398 -40.302022 -39.086680 -39.287107 -43.046395 
-2.203002 8.797420 7.708427 14.209482 9.884684 1.940479 0.270418 0.219508 -6.386971 -11.371122 -16.060982 -11.736054 -8.382672 -14.334225 -25.500185 -29.573062 -35.122086 -33.491682 -21.695052 -18.726026 -29.380303 -31.695846 -28.003402 -19.584708 -18.980854 -29.989616 -42.375786 -44.173525 -43.982242 -39.991364 -34.386020 -38.064663 -45.538188 -45.119677 -38.039753 -35.119788 -43.953486 -42.770374 -44.048237 -47.830874 
-2.697112 8.059566 7.697664 13.784733 8.491627 1.854402 -0.509439 -1.553607 -4.803398 -12.130413 -14.983919 -12.608516 -10.270838 -15.133537 -26.725651 -30.888306 -36.412608 -36.103380 -25.649535 -21.312573 -31.100105 -32.086347 -28.456716 -20.796708 -18.914398 -29.402203 -42.797286 -46.129577 -45.960094 -39.542392 -33.481942 -37.819378 -47.264840 -46.913042 -39.554896 -38.978078 -46.427674 -47.207454 -49.480397 -50.373699 
-1.787693 7.844719 7.727988 12.874741 6.808751 1.824627 -1.086576 -2.965959 -5.254740 -14.521382 -15.198688 -12.833143 -10.974008 -15.821111 -26.509860 -37.013329 -38.286975 -37.168379 -25.685520 -22.332495 -28.629674 -34.050785 -30.618227 -21.387813 -19.307836 -30.093241 -44.530603 -49.669586 -49.324266 -42.271837 -35.240503 -39.078821 -50.597248 -49.447825 -40.300996 -38.543535 -46.290053 -45.869505 -46.763671 -53.903142 
-2.466183 7.347297 7.241594 11.665690 4.906441 1.161759 -1.657269 -4.730095 -6.035482 -15.952090 -17.730255 -14.187796 -12.024862 -16.935854 -30.044451 -37.717661 -40.516152 -39.304301 -27.038164 -24.502873 -32.874745 -37.501046 -31.330280 -21.678207 -20.950331 -32.420528 -46.027955 -50.029386 -50.364143 -47.128625 -40.715072 -43.931186 -52.405211 -49.398471 -41.406688 -39.570108 -47.491092 -48.394005 -49.023659 -53.900953 
-2.310638 7.193650 6.574273 10.877831 4.365887 -0.239065 -3.132438 -5.931194 -8.099923 -16.674968 -17.836077 -13.735656 -13.208585 -19.788834 -31.255257 -38.487556 -40.290003 -42.415170 -30.158455 -25.984810 -35.689497 -38.789801 -33.732887 -24.720905 -23.400584 -34.891998 -48.151071 -50.334605 -51.081441 -48.169492 -42.695019 -47.539483 -52.517597 -51.350198 -46.191381 -43.428260 -48.561952 -51.406601 -50.362239 -54.458665 
-2.091150 7.103128 6.555549 10.409456 3.529462 -0.609904 -3.849346 -6.998116 -8.453955 -17.847260 -19.567234 -16.642440 -14.934217 -19.517751 -32.239694 -38.067246 -43.931761 -45.688630 -34.159061 -25.834883 -33.409250 -37.001907 -34.901745 -25.996162 -24.277375 -34.252302 -51.645504 -54.461596 -53.269267 -48.698365 -42.512561 -45.904243 -54.507754 -50.797491 -45.580336 -45.141416 -51.257961 -52.192203 -53.202396 -57.629065 
-2.253788 6.474018 6.443211 9.591219 1.402904 -1.435970 -4.475903 -8.679172 -9.687388 -18.040104 -21.883535 -18.324737 -13.372396 -20.733105 -31.673804 -36.076648 -45.476870 -44.272477 -32.555632 -26.332532 -34.161408 -40.337322 -39.050559 -28.675727 -25.533482 -35.400835 -50.653125 -53.653224 -54.457354 -48.812033 -42.888892 -46.501729 -52.131098 -50.829924 -46.514896 -43.244773 -50.165032 -50.111204 -46.537971 -55.881904 
-2.512522 6.175110 5.278018 8.168234 0.767120 -3.182897 -5.319912 -9.800677 -12.117820 -18.668096 -22.467955 -18.968711 -15.071706 -23.941638 -34.900189 -40.516009 -47.434973 -46.972429 -34.067509 -29.311083 -36.384658 -42.463156 -41.115254 -33.084174 -30.239971 -40.082143 -53.029895 -57.954059 -58.514742 -47.636690 -44.208407 -48.277545 -55.828909 -51.483120 -50.402842 -47.567126 -52.452165 -49.542721 -48.266906 -56.525558 
-3.202813 6.037136 4.174611 6.434842 -0.042228 -4.774608 -8.362661 -10.425586 -14.137530 -25.244435 -27.332818 -20.023691 -17.441644 -25.677073 -39.104231 -45.414930 -46.492968 -43.986678 -33.074230 -28.048510 -37.592970 -42.408113 -40.782455 -34.508468 -32.612614 -40.806640 -49.605451 -54.479557 -56.183371 -49.155464 -46.896277 -49.608963 -57.647935 -52.349533 -51.762277 -48.806978 -52.930813 -50.055579 -51.083337 -58.282013 
-3.124199 6.217229 3.226343 4.879639 -0.709888 -6.232109 -11.190448 -15.129732 -19.445040 -27.477687 -28.615539 -24.948302 -23.735851 -30.128569 -41.956906 -47.075487 -46.701896 -45.732320 -38.167745 -35.234594 -43.146110 -43.913094 -43.699742 -37.689659 -33.935347 -43.695554 -52.552785 -54.576732 -55.737027 -49.950056 -47.592526 -52.863208 -55.048988 -55.656430 -51.802187 -47.197189 -51.386929 -51.031560 -52.414499 -57.641532 
-2.567903 5.715460 1.376167 1.242996 -2.293788 -7.934544 -20.847742 -18.875317 -22.440407 -33.873770 -31.469393 -30.426038 -29.877905 -37.194619 -46.109736 -50.099195 -50.209194 -48.169593 -41.962594 -35.493542 -44.682298 -49.433797 -46.766652 -36.547428 -32.921105 -43.919540 -55.877475 -55.990709 -56.416931 -48.294143 -46.047000 -51.252121 -55.225897 -57.100177 -49.797931 -51.306354 -52.507841 -50.485325 -52.190868 -60.128481 
-4.055934 0.308303 -0.701885 -7.938681 -17.652492 -14.992392 -15.456431 -19.912742 -27.015085 -27.927525 -28.896483 -28.409749 -30.150333 -36.542405 -40.699791 -45.683302 -48.874250 -51.915669 -47.430588 -39.179552 -45.236270 -47.857498 -43.761717 -36.506766 -31.449332 -45.026576 -53.515435 -56.725836 -54.546060 -51.327341 -50.377270 -53.158734 -57.976505 -58.281249 -53.756180 -54.757820 -56.197389 -56.263815 -58.500605 -62.507799 
-27.073231 -26.830336 -28.291376 -30.436879 -33.342322 -38.099159 -43.999451 -42.903057 -39.108814 -38.867663 -40.868033 -47.174999 -56.382736 -48.954373 -48.024915 -51.782167 -53.496909 -53.058264 -53.513015 -52.329882 -55.880577 -57.486806 -55.879661 -61.698726 -58.564342 -55.793524 -57.959242 -58.739020 -60.313730 -59.752059 -59.401676 -61.725052 -62.475859 -62.482346 -63.066539 -63.728542 -63.333259 -63.524829 -63.509363 -63.778814 
-72.454230 -68.133598 -67.057472 -68.777586 -74.208096 -81.161044 -78.355166 -80.210143 -84.407377 -82.774977 -88.087210 -85.315597 -85.635526 -84.169406 -87.839510 -91.472797 -94.788992 -92.831188 -89.597391 -91.515206 -94.312814 -97.760550 -90.062880 -93.240300 -98.342694 -96.198730 -93.999954 -98.384985 -97.291175 -98.638076 -100.496389 -99.791998 -101.710588 -99.954882 -101.286180 -101.965897 -102.403725 -103.237735 -104.493586 -102.593011 
NaN NaN NaN NaN NaN NaN NaN NaN NaN NaN NaN NaN NaN NaN NaN NaN NaN NaN NaN NaN NaN NaN NaN NaN NaN NaN NaN NaN NaN NaN NaN NaN NaN NaN NaN NaN NaN NaN NaN NaN 
NaN NaN NaN NaN NaN NaN NaN NaN NaN NaN NaN NaN NaN NaN NaN NaN NaN NaN NaN NaN NaN NaN NaN NaN NaN NaN NaN NaN NaN NaN NaN NaN NaN NaN NaN NaN NaN NaN NaN NaN 
NaN NaN NaN NaN NaN NaN NaN NaN NaN NaN NaN NaN NaN NaN NaN NaN NaN NaN NaN NaN NaN NaN NaN NaN NaN NaN NaN NaN NaN NaN NaN NaN NaN NaN NaN NaN NaN NaN NaN NaN 
NaN NaN NaN NaN NaN NaN NaN NaN NaN NaN NaN NaN NaN NaN NaN NaN NaN NaN NaN NaN NaN NaN NaN NaN NaN NaN NaN NaN NaN NaN NaN NaN NaN NaN NaN NaN NaN NaN NaN NaN 
NaN NaN NaN NaN NaN NaN NaN NaN NaN NaN NaN NaN NaN NaN NaN NaN NaN NaN NaN NaN NaN NaN NaN NaN NaN NaN NaN NaN NaN NaN NaN NaN NaN NaN NaN NaN NaN NaN NaN NaN 
