NaN NaN NaN NaN NaN NaN NaN NaN NaN NaN NaN NaN NaN NaN NaN NaN NaN NaN NaN NaN NaN NaN NaN NaN NaN NaN NaN NaN NaN NaN NaN NaN NaN NaN NaN NaN NaN NaN NaN NaN 
-66.500310 -64.852823 -64.762896 -67.014908 -71.540920 -74.872558 -76.250680 -82.953295 -92.618930 -90.668882 -82.959192 -85.729576 -85.566875 -84.548234 -85.939177 -89.237049 -84.132069 -85.589540 -89.215273 -95.229432 -92.193141 -97.802310 -92.094731 -93.421822 -91.998552 -99.605768 -102.656032 -97.502640 -95.725007 -99.979308 -103.601828 -99.628955 -97.891272 -101.449424 -100.076190 -100.760090 -99.841997 -99.830939 -101.199185 -97.997650 
-55.117578 -47.224825 -47.397854 -57.579970 -62.810200 -63.768316 -63.821884 -75.174377 -74.415523 -71.282643 -70.912274 -79.183416 -78.528675 -75.021024 -70.604405 -73.540543 -75.655685 -74.470975 -75.265756 -76.767181 -77.311559 -77.697269 -81.712937 -83.683169 -79.258222 -84.681453 -84.936630 -84.728643 -80.288847 -87.391276 -89.035505 -84.104525 -83.713342 -88.350054 -86.725762 -86.926229 -86.398405 -85.942724 -89.118302 -87.778759 
-54.258571 -46.638848 -49.903036 -55.197959 -59.731821 -66.300254 -64.022115 -67.281760 -70.591352 -71.510978 -76.538085 -75.269120 -72.504025 -78.342060 -74.676878 -74.958899 -77.687417 -78.830586 -75.901837 -74.883187 -78.200312 -77.220079 -83.060758 -84.083479 -79.866434 -85.404753 -87.477184 -84.098306 -79.986951 -82.327929 -82.911010 -83.216648 -85.415182 -87.448259 -85.085090 -84.468381 -81.569143 -82.511948 -84.913722 -84.792204 
-59.124196 -56.353760 -58.236747 -64.124228 -71.021919 -68.349702 -69.935101 -77.127686 -73.070200 -72.568874 -76.200480 -78.096101 -81.433491 -80.591678 -78.394560 -78.810053 -86.595385 -83.305313 -82.437347 -83.595235 -84.410303 -82.344835 -87.108495 -86.427015 -89.156211 -87.990317 -92.457356 -88.358319 -88.175908 -89.166747 -91.252021 -90.988324 -93.690203 -93.801982 -93.828546 -91.892076 -89.032976 -90.605575 -90.767182 -91.487917 
-94.659690 -94.680248 -94.714469 -94.772256 -94.850669 -94.960848 -95.095890 -95.269889 -95.502567 -95.782219 -96.126082 -96.558433 -97.074906 -97.714875 -98.504831 -99.464817 -100.682738 -102.215823 -104.219067 -106.941988 -111.029907 -118.773469 -124.185375 -114.783544 -110.540365 -108.464310 -107.614381 -107.778322 -109.040305 -111.885445 -118.141208 -125.857759 -116.493404 -112.401920 -111.514992 -113.334388 -119.771291 -123.578180 -115.639642 -114.979841 
NaN NaN NaN NaN NaN NaN NaN NaN NaN NaN NaN NaN NaN NaN NaN NaN NaN NaN NaN NaN NaN NaN NaN NaN NaN NaN NaN NaN NaN NaN NaN NaN NaN NaN NaN NaN NaN NaN NaN NaN 
NaN NaN NaN NaN NaN NaN NaN NaN NaN NaN NaN NaN NaN NaN NaN NaN NaN NaN NaN NaN NaN NaN NaN NaN NaN NaN NaN NaN NaN NaN NaN NaN NaN NaN NaN NaN NaN NaN NaN NaN 
NaN NaN NaN NaN NaN NaN NaN NaN NaN NaN NaN NaN NaN NaN NaN NaN NaN NaN NaN NaN NaN NaN NaN NaN NaN NaN NaN NaN NaN NaN NaN NaN NaN NaN NaN NaN NaN NaN NaN NaN 
NaN NaN NaN NaN NaN NaN NaN NaN NaN NaN NaN NaN NaN NaN NaN NaN NaN NaN NaN NaN NaN NaN NaN NaN NaN NaN NaN NaN NaN NaN NaN NaN NaN NaN NaN NaN NaN NaN NaN NaN 
NaN NaN NaN NaN NaN NaN NaN NaN NaN NaN NaN NaN NaN NaN NaN NaN NaN NaN NaN NaN NaN NaN NaN NaN NaN NaN NaN NaN NaN NaN NaN NaN NaN NaN NaN NaN NaN NaN NaN NaN 
-97.965764 -97.975206 -97.990916 -98.017428 -98.053362 -98.103783 -98.165451 -98.244682 -98.350225 -98.476421 -98.630545 -98.822555 -99.049100 -99.325426 -99.659158 -100.053293 -100.534161 -101.107487 -101.800695 -102.637344 -103.664907 -104.949578 -106.555063 -108.667553 -111.598562 -116.109914 -125.050209 -125.665827 -117.298492 -113.512220 -111.511437 -110.597220 -110.571138 -111.485424 -113.676413 -118.168252 -127.429616 -122.373424 -116.391505 -114.582135 
-22.145281 -22.738313 -23.746833 -25.185229 -27.737020 -31.284247 -36.474351 -41.436278 -40.512258 -39.590466 -41.823644 -48.177273 -50.951558 -47.783860 -50.197446 -58.525891 -55.612830 -55.187508 -60.078249 -62.760667 -64.895484 -64.395602 -65.045450 -67.699754 -67.292887 -71.053706 -75.760150 -70.413434 -65.522550 -63.082466 -62.622345 -65.248287 -67.731124 -69.717959 -69.833556 -70.687814 -70.092238 -70.711150 -69.598925 -70.933079 
-8.342922 -5.073171 2.497210 3.132350 -2.266162 -10.894808 -5.579590 -8.717927 -16.915602 -22.790962 -27.909769 -31.878306 -30.103604 -29.894153 -32.095458 -33.316657 -35.143204 -36.038751 -37.501860 -38.382384 -39.101480 -39.892414 -40.412556 -41.033785 -41.675426 -41.956056 -40.946773 -40.515000 -40.026597 -39.051470 -40.674526 -43.954632 -44.582710 -45.680735 -45.805076 -46.382047 -46.713577 -44.837190 -46.589029 -47.308503 
-10.353537 4.114899 10.963289 7.707802 6.179296 9.225294 6.800776 0.867649 -4.203052 -12.814643 -16.911810 -23.399123 -22.367403 -19.536706 -23.647180 -32.553957 -39.986917 -38.153873 -40.700027 -42.984514 -42.232665 -45.545393 -45.763633 -47.714794 -48.346293 -47.005253 -39.465513 -37.913325 -39.318582 -35.304556 -38.408622 -41.592137 -42.598873 -47.650554 -47.017095 -42.186451 -41.613473 -45.668776 -49.560360 -50.045150 
-5.413266 10.926024 12.299860 7.314357 11.996434 9.802721 12.044049 6.009497 -2.444546 -6.777777 -9.490101 -8.203551 -4.437455 -7.586838 -19.587004 -26.905813 -32.234422 -31.302019 -33.035067 -34.617265 -36.977794 -38.626656 -40.503285 -41.338375 -42.253207 -42.126980 -36.337551 -35.249311 -31.550482 -29.466770 -33.108990 -28.596166 -34.043208 -37.524980 -36.955621 -37.177090 -35.950437 -37.206775 -40.987121 -43.265734 
-3.824028 11.754495 14.360181 7.455534 13.912891 11.156868 14.412872 4.895325 2.878538 -5.667847 -9.780993 -9.384316 -4.340545 -9.899464 -19.102031 -26.210407 -34.750373 -40.297080 -36.312358 -37.391311 -36.964092 -38.041326 -39.412233 -40.690195 -42.758036 -42.688779 -31.180083 -29.367566 -28.724591 -29.021049 -34.608953 -33.213252 -35.840358 -38.715851 -36.822868 -35.281032 -37.513035 -36.484738 -39.563543 -41.932282 
-5.980511 11.807991 16.250542 8.864435 16.344978 12.856289 14.921733 8.476798 3.048817 -5.201941 -8.364005 -7.240876 -1.802714 -2.127341 -15.637492 -25.404604 -33.815308 -35.131647 -35.548090 -35.029384 -33.701411 -33.850939 -35.121378 -37.164383 -38.542450 -37.546400 -26.577787 -24.038922 -24.057419 -21.382432 -25.978524 -29.316617 -33.769491 -40.230956 -36.674853 -31.183780 -33.910952 -35.441750 -37.883583 -39.329830 
-6.263079 10.591051 16.900977 9.663267 16.726001 14.385518 13.267701 13.324977 5.058141 2.625379 -4.747486 -5.986896 -1.538841 -0.682239 -12.992091 -20.639596 -27.401796 -27.085792 -26.578562 -27.335496 -29.439248 -32.315345 -33.718735 -35.929188 -35.538063 -34.347164 -26.787313 -22.189009 -23.055464 -22.338432 -27.488106 -28.477991 -30.433287 -36.736579 -36.692410 -28.931924 -30.855772 -33.961501 -35.740612 -38.321779 
-7.408587 9.684312 17.692302 10.753079 16.666078 17.017676 11.024215 17.123443 7.071225 7.566651 -4.691763 -4.256679 2.768308 0.372525 -3.257158 -12.462300 -21.302747 -20.881005 -20.720778 -21.810165 -23.951638 -26.114281 -27.960930 -28.685316 -29.171558 -28.999977 -25.505943 -20.584658 -17.909530 -19.744424 -27.737293 -27.580770 -29.766009 -32.528240 -30.725121 -27.214931 -28.721431 -30.438235 -33.501730 -33.759262 
-10.590226 8.542072 18.342931 12.508750 16.202088 19.612357 12.944043 20.972519 10.935581 10.173690 -3.028858 -4.000242 4.507013 1.644241 2.026204 -10.241290 -15.757990 -18.119750 -20.681296 -21.390130 -25.630762 -27.690573 -30.327789 -29.854901 -30.286422 -27.060898 -21.475587 -18.657642 -17.708558 -16.404174 -23.179143 -25.096907 -28.542784 -31.358130 -33.129455 -25.533692 -27.191786 -28.818610 -35.234610 -37.411979 
-6.802889 7.353077 19.076619 14.403139 13.082971 20.350403 12.319901 21.728201 17.828789 11.490894 4.942235 -0.677084 3.432730 4.188597 5.764068 1.420412 -8.645281 -12.293504 -14.534002 -16.812678 -19.476867 -21.774470 -23.518183 -25.107481 -23.984269 -21.215969 -13.787602 -10.303477 -11.351875 -11.758534 -21.676514 -24.337526 -28.203160 -31.390034 -28.918427 -23.045424 -26.964760 -30.002022 -33.067787 -34.043126 
-21.673169 7.427281 19.735529 15.654091 9.951103 19.463578 10.433704 20.859109 22.547863 15.328718 14.097843 3.561736 0.452013 6.006153 6.966447 6.549136 3.203226 -3.326828 -8.092182 -10.355558 -14.116355 -17.508018 -18.439486 -20.730830 -23.581047 -18.009598 -7.832961 -4.951762 -7.128470 -7.671735 -13.713780 -25.720861 -29.012368 -37.399420 -31.916395 -23.048668 -25.716370 -29.737450 -36.222468 -35.301028 
-16.775657 7.289359 19.993583 16.412451 7.301598 18.276932 10.499667 19.255402 20.185393 16.848795 18.945604 6.736292 3.644707 7.383058 5.623808 5.387507 11.326724 6.469424 -0.463196 -4.636569 -9.205659 -13.446351 -14.478890 -17.245530 -17.886189 -14.521212 -7.340951 -3.466725 -5.997894 -4.473720 -11.961489 -19.719842 -24.150680 -33.109516 -30.281373 -24.262943 -26.761345 -31.140065 -32.580585 -32.128599 
-20.821948 5.825615 19.946212 17.594776 5.200571 17.316407 11.689495 16.817144 19.353098 15.925366 20.873669 9.197925 9.106313 7.784058 3.786738 3.630215 9.874979 8.854380 6.829855 -2.670957 -6.232159 -10.729310 -9.666843 -13.312811 -13.270328 -9.655271 -1.747138 0.136486 -4.798348 -2.784911 -7.358461 -14.981682 -20.170262 -36.562667 -31.228252 -21.217520 -24.532700 -26.745132 -30.520451 -29.581692 
-29.673183 4.350437 19.476019 18.194558 2.768757 16.546751 12.776650 13.624377 19.608601 12.401920 21.268700 9.270301 11.208963 6.145477 2.483858 2.741576 6.869443 8.050162 9.336955 1.600636 -3.844884 -8.983219 -9.953817 -14.061144 -14.828842 -8.807825 -0.399401 -0.728091 -5.616482 -3.479259 -7.593728 -14.157445 -17.488529 -32.098098 -28.397746 -17.441632 -23.930667 -27.914050 -24.055295 -26.935719 
-9.772499 2.768495 18.696283 18.571728 2.758884 15.912663 13.860726 10.448136 20.369090 10.964254 21.501666 9.401541 11.048341 3.499502 3.791750 0.720984 3.426624 6.203097 9.604622 5.458599 -0.774233 -5.593272 -6.977800 -11.626390 -10.889768 -6.719240 -0.302350 -2.058278 -8.616191 -5.714763 -9.681564 -13.984095 -16.740019 -32.680570 -29.702889 -21.919235 -21.410705 -25.506348 -20.993866 -25.148378 
-9.220262 1.402560 18.471486 18.618549 2.048738 15.976189 14.469130 9.072059 20.338467 10.234631 21.610310 9.292004 10.559272 2.132504 3.322709 -2.739173 1.439051 4.530072 7.655466 8.513667 0.993744 -5.173987 -8.057157 -11.298871 -10.610527 -4.964605 0.404635 -2.300420 -8.003976 -5.590314 -7.803796 -12.849191 -15.804065 -32.467001 -27.955949 -16.642507 -19.118852 -23.921529 -24.448410 -28.817645 
-17.853607 2.636119 18.704922 18.531980 2.099044 16.165608 13.846915 10.913320 20.135907 11.070334 22.080907 9.323309 10.483655 3.106900 2.513790 -2.848288 -0.615587 2.328613 5.553483 9.343288 3.565678 -2.767510 -3.330938 -6.418770 -7.447687 -2.412521 2.557975 -1.693114 -8.392805 -6.023551 -8.526194 -12.597574 -14.499091 -34.613613 -27.364166 -15.256573 -20.803985 -25.271097 -28.457686 -30.053812 
-18.542251 4.133042 19.172950 18.179229 3.739850 16.726223 12.973699 12.432520 19.711854 13.224797 22.507135 8.859325 10.308909 4.267214 1.663776 -1.678384 0.435257 1.918678 4.856264 10.011445 7.737267 1.703189 -0.887712 -5.668871 -8.765877 -3.782432 1.011656 -5.035761 -7.988094 -6.652000 -9.268896 -13.053135 -14.396976 -28.526459 -26.329215 -19.063633 -21.746279 -25.857544 -27.553432 -24.427837 
-14.855345 4.976091 19.498058 17.397747 3.648318 17.000338 11.214554 13.619009 17.714652 16.083386 22.079745 8.869221 8.926108 4.502985 -0.622690 -2.107557 -1.429469 -0.308595 2.625451 7.221749 8.772769 1.076560 -0.879663 -6.211350 -6.258741 -1.215590 0.869399 -5.299144 -8.218839 -6.557784 -9.923755 -15.520219 -17.495452 -30.767473 -30.326773 -22.802081 -25.159692 -29.009784 -23.850203 -22.863807 
-17.281445 6.764460 20.064979 16.939121 6.781577 17.560153 10.240944 15.298576 15.314631 19.265457 20.507467 10.433640 7.493549 5.330635 -0.946473 -3.326046 -4.543218 -1.429123 -0.353712 5.042642 6.565573 1.481876 -0.898298 -5.130536 -5.055426 0.161236 1.852436 -5.367950 -7.817535 -6.581413 -10.765729 -14.106142 -15.197453 -34.007946 -28.587977 -19.918987 -24.146349 -29.106907 -22.586382 -23.102118 
-9.358434 8.919952 20.691250 16.185193 9.258165 17.138235 9.149427 16.540739 12.570288 22.599978 17.163320 11.344013 4.976271 4.276911 -2.018948 -7.374593 -6.864084 -1.156315 -1.009516 5.041116 7.582531 5.308274 0.964182 -4.128050 -5.140440 1.848808 1.920371 -5.878537 -6.184428 -6.846295 -11.952581 -16.132831 -17.570054 -31.368564 -31.194963 -21.264737 -24.097133 -27.683438 -22.807633 -23.349936 
-7.521994 10.975038 20.758275 14.740363 10.962388 15.497199 7.959487 15.928579 12.212619 24.896781 14.642720 11.080923 4.526837 1.092253 -2.164488 -9.877907 -6.313561 -2.865155 -2.524015 2.586257 6.249420 3.486337 -1.075124 -4.579002 -5.874834 -2.559968 -0.796389 -8.224865 -9.247602 -9.170577 -14.216328 -16.572169 -20.655038 -35.512535 -33.587140 -20.213339 -24.131920 -29.348005 -26.770298 -25.295460 
-8.412529 11.744744 20.129366 13.095789 12.907809 14.172921 9.351154 13.600101 17.074248 24.406053 13.566265 10.373409 4.799594 -0.781521 -3.928083 -6.115720 -7.063342 -6.949026 -4.540988 1.174464 4.599604 2.785500 -2.799173 -7.289954 -6.713632 -1.327862 -1.735425 -6.955317 -10.832361 -9.649331 -16.622244 -19.628395 -21.578063 -32.482626 -31.232984 -20.778783 -22.692145 -27.355150 -25.976842 -24.065851 
-6.405093 13.469000 18.693683 8.633752 13.565620 10.792243 11.584387 11.108274 20.063426 20.690107 15.394543 7.726938 3.462494 1.609901 -3.649905 -7.577518 -7.017399 -6.606633 -6.724255 -3.736119 0.856786 2.715459 -1.930384 -8.946833 -7.108218 -2.872143 -3.171870 -10.332218 -12.523669 -13.502200 -21.637834 -22.487348 -21.938390 -35.245348 -31.570000 -17.523480 -24.069896 -31.433764 -26.181249 -24.069545 
-2.778650 11.418795 16.773519 7.064358 10.575946 7.244884 5.020165 6.502686 13.150476 14.841165 11.920208 3.439897 0.406871 -5.724721 -9.362168 -12.455617 -13.832978 -9.071184 -9.371493 -6.303755 -2.141085 1.176928 -5.908361 -11.435739 -7.857955 -5.237399 -6.705949 -13.201325 -17.775175 -17.083473 -19.391143 -24.538425 -24.645409 -33.691044 -31.249179 -21.473935 -23.086722 -29.874138 -28.475283 -28.380177 
3.340430 16.177260 15.890890 12.313020 13.460980 9.680579 8.362934 11.219148 13.027214 17.238228 8.492071 2.674912 1.326399 -2.217957 -6.320512 -11.163186 -12.957438 -10.118906 -8.846366 -8.617051 -4.640866 3.145383 2.024862 -5.733368 -11.033135 -10.714133 -9.745485 -12.819585 -13.951332 -17.341365 -18.810794 -22.369445 -25.023066 -39.379794 -30.373792 -17.680498 -21.346282 -28.349549 -26.988716 -24.453752 
6.426797 19.006477 16.528544 13.663418 10.711179 8.610306 7.719829 8.249513 12.690840 16.268111 8.515498 1.233564 0.342874 -2.344217 -7.042045 -13.191882 -14.563895 -12.242088 -12.497104 -13.143567 -7.226798 -4.761206 -6.622616 -11.065803 -14.696931 -10.951418 -11.882545 -15.033340 -18.915129 -22.958117 -23.784583 -26.311745 -28.298285 -33.664336 -30.576288 -22.826941 -26.581542 -27.859663 -25.688565 -22.884896 
8.875990 19.057106 14.168952 12.938504 8.572766 8.151711 6.754906 4.940985 10.394321 11.526599 6.063129 -2.035305 -4.266099 -6.785936 -8.708986 -16.348678 -18.097984 -15.922286 -16.290771 -15.400053 -15.694949 -10.881867 -10.493666 -13.970856 -12.760722 -9.542121 -15.382969 -20.101642 -18.888578 -23.992021 -29.566035 -28.571303 -29.894992 -41.326712 -35.122773 -24.333376 -30.123589 -32.916496 -30.053992 -27.728834 
10.990834 18.196038 14.250529 12.361982 4.512850 6.359484 5.098879 6.441382 10.650654 12.301694 4.807237 -5.973401 -5.161951 -10.681479 -17.822711 -22.087422 -27.100607 -20.831677 -17.184052 -17.082693 -16.330860 -7.024243 -6.352072 -11.293153 -12.557023 -12.529833 -17.752577 -19.165891 -16.718591 -22.680092 -30.374281 -28.553821 -25.094652 -41.536437 -38.547017 -30.316558 -31.075586 -33.612902 -30.344563 -27.332285 
12.260071 18.562703 14.122889 10.036163 5.091926 4.408682 4.694569 5.306737 9.608135 8.370251 0.874724 -5.814413 -8.561501 -16.464022 -18.069736 -20.021813 -23.074544 -19.616013 -18.057112 -21.196796 -18.384568 -8.896494 -8.261068 -10.873698 -11.749489 -14.784883 -24.079686 -17.723123 -13.949620 -18.429246 -27.192368 -30.156271 -29.024265 -43.492127 -43.865248 -31.335609 -30.196368 -32.415867 -34.313220 -29.369951 
12.534092 18.334071 15.289154 8.455375 3.946667 1.706936 2.277416 4.048669 8.548454 8.035395 -1.827697 -12.699888 -16.602297 -17.060188 -20.665839 -21.233652 -22.120651 -21.581797 -24.344996 -22.540354 -13.206005 -1.893211 -1.175203 -12.459881 -16.271762 -17.915071 -22.925426 -21.470807 -21.540539 -21.606828 -27.287369 -35.138709 -30.962473 -38.837255 -39.380048 -33.031628 -32.612433 -33.021950 -32.669350 -27.663822 
11.771779 16.326223 13.135440 9.485675 4.141590 1.683364 2.011439 4.744312 4.930705 3.893231 -10.995847 -12.720299 -18.279886 -26.451908 -28.663011 -30.528871 -28.781247 -25.512451 -28.193953 -23.258857 -17.753361 -8.304652 -6.656122 -7.906683 -7.126829 -12.391688 -21.208042 -18.351557 -21.090753 -29.566605 -34.057792 -35.119305 -39.451144 -44.839644 -44.289846 -31.907865 -33.734581 -38.196865 -36.373445 -34.043640 
11.773010 14.372722 10.188414 5.306941 0.244321 0.708471 -0.929339 2.273340 3.300550 0.222234 -8.727750 -17.748740 -21.949640 -23.096461 -29.323922 -34.936215 -35.742693 -32.527556 -30.998827 -25.875788 -26.705337 -15.309142 -10.516754 -12.092466 -13.469988 -20.189451 -25.881372 -26.126659 -28.795216 -33.536986 -40.334610 -38.594521 -39.344837 -47.681608 -45.567969 -33.154535 -34.235276 -35.977074 -33.045019 -35.994716 
11.335165 13.750618 8.680582 1.156208 -3.255559 -1.094837 4.186619 6.312225 0.608683 -5.953027 -12.697740 -20.671925 -23.313572 -26.345900 -32.269730 -35.907161 -37.450140 -35.386589 -37.149075 -30.583649 -30.389222 -21.784618 -15.683032 -12.974058 -17.055962 -24.726966 -29.798365 -30.743203 -31.894163 -35.999846 -40.953582 -39.647414 -39.404532 -47.094221 -44.182322 -34.761431 -36.799020 -39.594186 -36.321530 -36.578835 
9.238638 12.101535 7.925222 1.401288 0.382669 1.309241 0.973468 -1.484497 -7.208900 -12.159569 -23.612062 -30.549252 -31.054469 -30.793251 -31.199676 -34.375002 -35.749457 -37.047741 -37.351180 -34.770623 -32.684537 -28.216060 -17.450659 -14.390659 -21.171519 -32.927956 -36.123229 -34.546080 -35.140985 -35.534092 -39.441255 -40.281205 -44.974759 -46.889611 -46.927679 -42.053135 -44.501414 -45.104216 -40.702320 -37.009701 
4.843770 4.379747 1.122099 -2.606353 -8.964578 -9.527241 -9.445424 -16.020367 -21.261345 -23.226574 -31.469776 -36.219151 -35.042788 -36.615673 -36.932470 -38.590007 -39.738397 -41.035012 -41.509608 -41.495638 -40.165741 -30.612876 -27.449973 -30.294966 -35.381970 -42.376987 -43.503830 -44.209799 -43.984519 -43.857835 -46.198848 -46.894893 -47.214215 -48.381721 -48.771743 -48.802559 -48.919629 -49.203769 -47.868174 -48.186520 
4.018285 4.019845 -3.162406 -4.583150 -10.624334 -9.750051 -19.161573 -27.302777 -27.686906 -28.192993 -35.592406 -39.465346 -44.411744 -44.107025 -46.755613 -46.145533 -48.004653 -48.692495 -49.153490 -48.438458 -45.499715 -35.466898 -34.684358 -38.203596 -45.910821 -50.609106 -52.774828 -54.510697 -52.564046 -51.651170 -53.524000 -57.369554 -55.398267 -55.141348 -54.829342 -55.688398 -55.228138 -57.327215 -56.788231 -57.975802 
4.171478 6.994273 0.644698 -9.306488 -12.207517 -15.225390 -17.498124 -18.937910 -24.068814 -32.625197 -41.870387 -45.936232 -47.947282 -48.362427 -50.150707 -51.953099 -52.953553 -52.868301 -53.548585 -53.595086 -52.832061 -49.959717 -52.900032 -48.843783 -51.595778 -56.733680 -57.835397 -58.139883 -54.416049 -53.132861 -56.513464 -56.163227 -58.905022 -57.365922 -58.998751 -58.998764 -59.197240 -58.853383 -57.581599 -58.582794 
-5.090642 -0.627863 -5.958190 -16.046478 -28.418028 -29.887212 -31.642096 -34.441926 -38.494589 -40.291801 -41.526866 -44.688849 -46.187599 -47.378282 -47.193649 -48.426548 -49.553126 -50.610078 -51.422795 -49.877684 -50.940913 -52.322599 -51.807458 -53.816642 -54.220366 -52.875103 -54.305169 -54.383140 -56.999158 -57.320291 -56.140851 -55.074004 -56.687400 -58.345617 -58.693053 -58.190451 -58.397655 -55.133598 -58.743415 -58.857993 
-11.899550 -9.603365 -13.240216 -20.185114 -29.448704 -38.084702 -40.496172 -42.505498 -43.034216 -45.297411 -46.721372 -48.766809 -48.256412 -50.143497 -50.790743 -52.512601 -52.131909 -52.956983 -52.671880 -53.103695 -54.147433 -53.724457 -54.065709 -55.617391 -56.892806 -55.846735 -57.319561 -58.232407 -56.117213 -57.271157 -58.592907 -58.004697 -57.121641 -58.142592 -59.267034 -58.672439 -60.468242 -60.066991 -58.729060 -59.914479 
-15.643564 -7.648867 -10.820373 -23.448002 -33.731571 -45.016374 -49.506141 -46.115222 -44.190505 -49.116764 -56.356797 -57.704994 -59.665658 -61.581834 -58.133656 -61.976580 -61.305635 -61.064059 -55.673501 -57.781352 -53.961529 -57.406802 -55.926570 -57.782340 -59.628080 -57.377961 -61.256926 -60.879798 -58.402578 -56.908001 -58.931487 -62.586082 -62.977799 -58.821312 -58.541616 -59.456856 -60.456777 -60.263077 -59.075477 -60.306011 
-10.317305 -5.288376 -12.638035 -17.713838 -18.942404 -22.138050 -27.443292 -23.965116 -23.677402 -28.429078 -34.153383 -35.288421 -37.673430 -46.028217 -38.024435 -36.008520 -41.280495 -45.627173 -38.859660 -39.578331 -40.949977 -31.719446 -32.114496 -32.776619 -27.088824 -32.980563 -40.679296 -44.453684 -47.655114 -42.920117 -46.727299 -42.389773 -41.941537 -48.001481 -51.875425 -52.937202 -55.562160 -54.271976 -53.251700 -56.482111 
-4.211994 -6.117247 -12.226391 -13.329137 -14.277187 -12.088655 -12.250952 -17.154292 -13.160010 -17.645552 -23.074253 -29.431744 -24.206234 -29.778597 -30.766059 -27.337124 -29.928983 -26.761361 -26.903740 -29.325636 -27.888650 -18.918397 -15.289789 -17.902741 -15.597875 -21.832487 -24.689542 -27.250932 -32.467410 -31.800844 -34.820632 -33.139990 -30.185636 -36.595686 -37.146457 -37.173245 -40.860138 -38.868674 -36.863065 -41.111999 
-5.250099 -8.077597 -12.426117 -18.013928 -20.690178 -12.417404 -8.844967 -16.184305 -12.699942 -15.987621 -24.693128 -31.661250 -30.206517 -28.626980 -31.257931 -29.250983 -30.664480 -29.337401 -27.517362 -27.874477 -23.856345 -18.590381 -15.105396 -18.295635 -17.972743 -17.911243 -20.100009 -24.708196 -27.952036 -26.279892 -31.810576 -33.553419 -30.728097 -32.780890 -34.166480 -30.779186 -33.456860 -33.513507 -32.479231 -35.510074 
-17.615582 -21.540344 -27.476270 -32.785553 -28.767554 -23.311711 -20.976277 -22.115692 -30.955267 -37.239683 -34.962132 -39.795463 -40.707537 -40.712870 -39.532786 -39.420553 -44.764895 -49.869591 -43.664524 -45.397339 -36.389804 -29.877022 -31.351882 -27.262370 -24.940330 -26.931742 -30.844505 -33.117402 -32.572208 -31.751011 -40.702623 -43.864783 -44.211086 -44.039193 -42.080226 -43.963114 -42.561858 -43.911222 -41.320721 -47.261193 
-49.774204 -52.974211 -60.387500 -68.666219 -68.485871 -61.551593 -56.762930 -54.760518 -57.731340 -64.794175 -73.707216 -72.229234 -80.769996 -78.168927 -74.544116 -79.666749 -82.134759 -80.582395 -77.384563 -77.919004 -73.490145 -68.030310 -65.909321 -70.096459 -66.493295 -64.029996 -69.733193 -73.051888 -78.775893 -76.307490 -80.249615 -79.227416 -79.978819 -80.714680 -82.301443 -82.687157 -86.178490 -83.351646 -82.708275 -83.472522 
-79.577888 -76.432915 -76.927005 -81.552462 -82.870171 -78.547999 -78.873699 -83.235887 -82.585122 -80.671321 -85.422815 -84.880036 -86.258469 -90.203825 -92.642709 -97.505634 -103.195515 -98.162449 -94.837102 -91.391323 -89.606565 -87.697569 -86.356196 -85.505667 -84.842330 -84.905543 -86.097087 -88.660071 -93.846199 -97.525376 -94.064146 -91.985779 -93.362071 -96.817945 -97.121009 -96.990592 -102.568189 -105.290390 -104.039167 -100.624213 
NaN NaN NaN NaN NaN NaN NaN NaN NaN NaN NaN NaN NaN NaN NaN NaN NaN NaN NaN NaN NaN NaN NaN NaN NaN NaN NaN NaN NaN NaN NaN NaN NaN NaN NaN NaN NaN NaN NaN NaN 
NaN NaN NaN NaN NaN NaN NaN NaN NaN NaN NaN NaN NaN NaN NaN NaN NaN NaN NaN NaN NaN NaN NaN NaN NaN NaN NaN NaN NaN NaN NaN NaN NaN NaN NaN NaN NaN NaN NaN NaN 
NaN NaN NaN NaN NaN NaN NaN NaN NaN NaN NaN NaN NaN NaN NaN NaN NaN NaN NaN NaN NaN NaN NaN NaN NaN NaN NaN NaN NaN NaN NaN NaN NaN NaN NaN NaN NaN NaN NaN NaN 
