NaN NaN NaN NaN NaN NaN NaN NaN NaN NaN NaN NaN NaN NaN NaN NaN NaN NaN NaN NaN NaN NaN NaN NaN NaN NaN NaN NaN NaN NaN NaN NaN NaN NaN NaN NaN NaN NaN NaN NaN 
NaN NaN NaN NaN NaN NaN NaN NaN NaN NaN NaN NaN NaN NaN NaN NaN NaN NaN NaN NaN NaN NaN NaN NaN NaN NaN NaN NaN NaN NaN NaN NaN NaN NaN NaN NaN NaN NaN NaN NaN 
NaN NaN NaN NaN NaN NaN NaN NaN NaN NaN NaN NaN NaN NaN NaN NaN NaN NaN NaN NaN NaN NaN NaN NaN NaN NaN NaN NaN NaN NaN NaN NaN NaN NaN NaN NaN NaN NaN NaN NaN 
NaN NaN NaN NaN NaN NaN NaN NaN NaN NaN NaN NaN NaN NaN NaN NaN NaN NaN NaN NaN NaN NaN NaN NaN NaN NaN NaN NaN NaN NaN NaN NaN NaN NaN NaN NaN NaN NaN NaN NaN 
NaN NaN NaN NaN NaN NaN NaN NaN NaN NaN NaN NaN NaN NaN NaN NaN NaN NaN NaN NaN NaN NaN NaN NaN NaN NaN NaN NaN NaN NaN NaN NaN NaN NaN NaN NaN NaN NaN NaN NaN 
NaN NaN NaN NaN NaN NaN NaN NaN NaN NaN NaN NaN NaN NaN NaN NaN NaN NaN NaN NaN NaN NaN NaN NaN NaN NaN NaN NaN NaN NaN NaN NaN NaN NaN NaN NaN NaN NaN NaN NaN 
NaN NaN NaN NaN NaN NaN NaN NaN NaN NaN NaN NaN NaN NaN NaN NaN NaN NaN NaN NaN NaN NaN NaN NaN NaN NaN NaN NaN NaN NaN NaN NaN NaN NaN NaN NaN NaN NaN NaN NaN 
NaN NaN NaN NaN NaN NaN NaN NaN NaN NaN NaN NaN NaN NaN NaN NaN NaN NaN NaN NaN NaN NaN NaN NaN NaN NaN NaN NaN NaN NaN NaN NaN NaN NaN NaN NaN NaN NaN NaN NaN 
NaN NaN NaN NaN NaN NaN NaN NaN NaN NaN NaN NaN NaN NaN NaN NaN NaN NaN NaN NaN NaN NaN NaN NaN NaN NaN NaN NaN NaN NaN NaN NaN NaN NaN NaN NaN NaN NaN NaN NaN 
NaN NaN NaN NaN NaN NaN NaN NaN NaN NaN NaN NaN NaN NaN NaN NaN NaN NaN NaN NaN NaN NaN NaN NaN NaN NaN NaN NaN NaN NaN NaN NaN NaN NaN NaN NaN NaN NaN NaN NaN 
NaN NaN NaN NaN NaN NaN NaN NaN NaN NaN NaN NaN NaN NaN NaN NaN NaN NaN NaN NaN NaN NaN NaN NaN NaN NaN NaN NaN NaN NaN NaN NaN NaN NaN NaN NaN NaN NaN NaN NaN 
NaN NaN NaN NaN NaN NaN NaN NaN NaN NaN NaN NaN NaN NaN NaN NaN NaN NaN NaN NaN NaN NaN NaN NaN NaN NaN NaN NaN NaN NaN NaN NaN NaN NaN NaN NaN NaN NaN NaN NaN 
NaN NaN NaN NaN NaN NaN NaN NaN NaN NaN NaN NaN NaN NaN NaN NaN NaN NaN NaN NaN NaN NaN NaN NaN NaN NaN NaN NaN NaN NaN NaN NaN NaN NaN NaN NaN NaN NaN NaN NaN 
NaN NaN NaN NaN NaN NaN NaN NaN NaN NaN NaN NaN NaN NaN NaN NaN NaN NaN NaN NaN NaN NaN NaN NaN NaN NaN NaN NaN NaN NaN NaN NaN NaN NaN NaN NaN NaN NaN NaN NaN 
NaN NaN NaN NaN NaN NaN NaN NaN NaN NaN NaN NaN NaN NaN NaN NaN NaN NaN NaN NaN NaN NaN NaN NaN NaN NaN NaN NaN NaN NaN NaN NaN NaN NaN NaN NaN NaN NaN NaN NaN 
NaN NaN NaN NaN NaN NaN NaN NaN NaN NaN NaN NaN NaN NaN NaN NaN NaN NaN NaN NaN NaN NaN NaN NaN NaN NaN NaN NaN NaN NaN NaN NaN NaN NaN NaN NaN NaN NaN NaN NaN 
NaN NaN NaN NaN NaN NaN NaN NaN NaN NaN NaN NaN NaN NaN NaN NaN NaN NaN NaN NaN NaN NaN NaN NaN NaN NaN NaN NaN NaN NaN NaN NaN NaN NaN NaN NaN NaN NaN NaN NaN 
-22.942976 -26.413942 -24.323773 -17.823231 -16.918473 -22.231571 -34.143961 -31.586712 -26.909450 -32.749894 -36.372033 -40.054641 -38.573891 -39.627108 -42.918933 -45.218429 -44.126646 -46.267133 -50.196924 -52.014200 -52.577077 -50.823163 -53.688723 -53.235374 -51.306931 -53.330527 -51.737748 -54.651561 -51.864683 -55.005086 -51.000948 -54.888545 -57.765288 -54.298022 -52.521137 -49.735383 -54.040127 -56.603936 -61.458878 -60.442657 
-9.869060 -1.395381 4.469870 4.677165 -1.839410 1.297463 -2.764476 -5.772308 -3.768950 -13.559228 -16.688088 -18.594730 -17.025659 -21.310385 -22.666440 -30.111066 -33.758791 -35.390417 -39.561156 -42.434976 -45.909391 -44.868600 -45.729748 -44.925214 -43.587943 -41.468089 -40.642405 -43.960759 -37.182302 -33.786497 -37.420925 -40.562686 -47.620295 -44.751813 -35.164037 -34.774337 -38.126880 -36.736844 -41.473388 -49.258881 
-11.270640 4.795137 10.594485 4.326954 10.006853 8.402376 8.141033 7.051162 4.037982 -4.404890 -5.158787 -9.673309 -9.429320 -7.112994 -11.157635 -18.338494 -25.731533 -34.198878 -35.664374 -35.281588 -37.617723 -37.938716 -38.847336 -36.493815 -36.410024 -40.749993 -40.035338 -39.950365 -34.537163 -27.765604 -34.261424 -37.516386 -44.311246 -40.693808 -28.428034 -30.372419 -34.290876 -32.431315 -38.688686 -46.071101 
-9.347218 7.116771 9.484213 6.279367 11.761716 6.342277 9.784023 2.957244 2.148723 -5.843156 -8.877762 -13.118600 -8.414798 -7.152978 -11.141586 -18.439443 -23.952236 -30.998907 -34.531258 -36.702208 -35.838447 -36.305783 -37.656517 -37.960022 -37.620743 -35.645569 -34.860723 -36.598483 -33.357720 -29.217587 -31.494486 -37.218592 -41.605275 -34.950795 -29.538730 -29.540634 -33.318908 -34.984089 -35.635716 -43.859532 
-9.224932 7.823223 9.475053 8.024897 12.468501 6.987341 9.557978 0.628280 -0.322253 -5.731745 -13.065138 -15.005376 -9.604597 -5.461486 -10.242587 -20.396826 -25.681540 -30.840353 -35.021116 -40.504848 -45.199995 -45.140649 -47.155566 -44.001363 -44.223932 -35.911778 -36.265064 -39.836090 -37.105607 -31.808641 -36.488232 -41.035371 -40.996668 -37.716836 -30.344647 -25.850525 -28.386632 -33.464457 -35.132314 -44.376407 
-8.766682 7.680569 8.746505 8.524173 12.923289 7.742995 9.691780 1.811109 -1.119571 -5.571334 -11.441282 -13.866857 -10.012047 -3.809502 -10.461129 -17.863955 -24.549051 -30.840018 -33.179016 -36.605326 -42.506184 -40.203733 -41.525985 -43.306464 -43.703238 -40.364037 -39.740157 -39.876772 -32.642138 -29.107434 -28.417132 -37.493954 -41.622185 -32.731076 -29.295952 -27.972609 -28.072031 -33.256638 -39.247709 -47.727885 
-8.783264 7.097806 8.108620 8.627988 13.180001 8.298220 10.776110 1.426219 -1.327177 -5.492147 -11.138507 -11.965802 -10.492502 -3.749202 -11.096839 -18.779130 -25.384388 -32.511049 -31.879180 -34.218788 -35.883302 -34.711127 -37.365883 -38.001600 -39.052384 -33.703879 -34.296044 -37.324735 -32.744681 -31.377225 -33.881177 -41.426640 -40.252088 -31.953309 -27.033465 -29.886552 -31.274249 -35.160158 -44.054987 -45.404074 
-9.731917 6.753208 8.142601 7.517664 13.269441 8.180594 12.559891 2.167231 0.207196 -4.463273 -10.232406 -10.497603 -7.768245 -3.015233 -11.741348 -19.678545 -25.000639 -31.206314 -32.009050 -31.581451 -34.402067 -38.750419 -38.563836 -34.917021 -35.271398 -34.373452 -32.652999 -33.474732 -31.649005 -29.467919 -32.423452 -39.736576 -40.401303 -31.814974 -27.604626 -28.986350 -32.396113 -30.073290 -38.791132 -43.265705 
-8.708096 7.374258 8.729908 6.952544 13.272665 8.210539 14.463403 5.901693 4.262417 -1.769782 -5.339626 -6.792609 -4.496638 -2.562111 -8.678808 -17.318355 -23.272146 -29.242567 -30.234075 -31.765451 -35.403096 -40.221641 -38.618582 -35.029789 -35.836529 -34.270511 -36.259364 -36.891197 -32.683652 -29.590377 -31.802392 -37.765078 -38.860370 -33.863197 -28.227542 -26.963618 -30.558172 -32.089331 -40.390503 -45.834226 
-7.643811 6.947790 9.973990 9.198581 13.397722 10.285716 15.612554 10.842280 8.580589 2.451912 -2.430246 -3.645194 -3.720549 -1.210369 -7.342313 -19.544387 -23.406192 -30.169006 -30.652430 -34.467634 -40.570231 -43.437396 -38.705873 -37.904381 -40.256712 -36.569557 -36.459786 -39.837697 -37.330390 -31.011984 -35.176321 -39.946583 -42.488934 -34.204745 -31.765525 -31.695795 -31.240327 -34.862858 -34.299802 -49.537857 
-8.644754 0.400689 7.479529 10.624740 14.408919 7.571377 14.230616 16.841767 8.671371 -1.699899 3.141321 -2.062674 0.953979 0.648616 -3.272440 -10.427480 -15.624201 -19.352759 -23.559215 -28.302025 -33.934314 -37.678657 -34.749051 -31.824882 -29.622750 -29.104259 -31.938710 -37.904511 -36.698033 -30.323451 -29.915158 -37.499227 -41.980552 -35.241354 -29.194663 -29.029291 -26.220958 -28.176455 -34.993695 -44.723022 
-7.714649 7.521605 11.853179 6.983056 14.945788 9.834769 16.020789 16.035133 13.602737 9.750853 8.581168 1.860433 3.099600 5.388550 -1.685439 -7.958039 -14.673712 -19.061442 -22.745980 -24.598647 -27.496437 -31.410750 -32.246664 -30.188017 -29.270222 -29.501504 -31.567010 -35.952539 -37.823460 -30.478071 -32.542178 -41.359287 -46.526646 -39.591377 -30.583548 -22.035735 -19.257974 -20.096270 -31.729999 -46.791140 
-8.933554 7.486896 13.561591 6.022068 14.823375 12.612164 13.937226 15.576790 14.607068 16.236452 12.346114 7.072229 8.579814 9.963867 3.016272 -4.012967 -7.888049 -12.048855 -14.968142 -18.830596 -22.154638 -25.498075 -27.834002 -28.285858 -27.397160 -24.414441 -26.751684 -34.678116 -30.540909 -26.177631 -27.868354 -36.830450 -45.275598 -36.411583 -28.030555 -26.176350 -24.983675 -24.902198 -33.606427 -46.287061 
-15.898692 6.234421 14.229059 7.049015 12.631283 14.099769 8.501561 14.982600 11.191295 21.683352 16.836296 17.238755 13.211486 12.571527 12.261145 4.995994 -3.324786 -8.125492 -9.570789 -12.689442 -16.974504 -20.696432 -23.594772 -22.962319 -21.322225 -16.018895 -17.166368 -23.571424 -22.801499 -19.126800 -20.642308 -29.536997 -33.457954 -28.217995 -21.198303 -22.294538 -25.426464 -27.121908 -33.646236 -35.862708 
-14.281713 4.522550 13.602853 6.926888 9.694751 13.930506 5.997326 13.833895 10.371326 21.099712 16.433104 21.615831 12.363543 12.608220 16.917987 12.588302 4.095567 -1.938478 -5.774876 -8.815221 -12.839087 -16.201187 -21.322495 -20.691251 -17.801682 -12.009673 -12.546269 -18.626918 -18.166502 -13.296623 -15.758833 -25.103431 -32.771123 -28.197016 -21.211744 -20.164082 -24.806877 -28.014542 -33.046251 -35.865079 
-27.078073 1.824348 12.621664 7.138157 7.281499 13.862323 4.610910 13.745956 8.495531 20.026463 14.570942 21.830823 12.271930 11.911211 17.674957 13.830083 8.943337 0.431109 -4.049348 -6.970675 -11.105077 -15.158250 -18.877331 -19.334687 -18.051071 -11.048330 -10.477648 -17.023079 -14.471777 -10.715948 -12.220977 -23.005668 -35.622145 -28.403773 -18.611238 -15.803084 -25.611659 -26.409378 -29.565806 -41.406893 
-21.399350 -0.550270 11.553270 7.689785 4.235540 13.878814 5.306362 12.138272 9.523904 18.720168 16.124498 20.179497 14.101805 13.747073 17.452113 14.930170 10.488834 1.708198 -2.808264 -6.530732 -10.244184 -13.361178 -16.800151 -17.698681 -17.506654 -12.098055 -8.776885 -15.665584 -12.613016 -8.784245 -11.011158 -21.479546 -30.296474 -24.661528 -17.084263 -15.358053 -24.809092 -27.675289 -28.600876 -32.988413 
-22.293201 -2.513615 11.022884 8.684023 0.931903 13.365194 6.955336 9.397186 11.646422 15.129407 18.724392 15.994619 16.086205 14.107654 15.152387 17.894958 8.936262 2.428956 -2.051542 -5.936263 -9.869100 -14.039790 -17.733920 -18.792938 -18.987882 -12.760265 -9.258980 -15.111688 -12.708177 -9.639416 -11.983172 -23.505076 -39.221732 -27.720736 -18.362704 -16.621134 -27.127223 -28.177358 -30.964527 -46.909141 
-17.881996 -3.458409 10.455581 9.721652 -3.154947 12.095459 8.777666 6.326522 13.460941 11.280144 20.559110 12.291004 16.966069 12.575426 13.755446 19.347458 8.452528 2.795600 -0.999870 -5.356191 -9.680945 -13.775958 -16.813720 -17.841337 -18.637474 -14.078159 -8.475077 -14.540129 -12.407684 -8.770082 -11.148783 -22.840751 -36.337574 -25.953888 -16.814109 -14.999490 -27.479169 -29.856776 -31.304143 -46.646256 
-20.094165 -5.038197 10.056896 10.604376 -5.656733 10.475516 9.640413 2.846621 14.281489 8.433855 21.090916 11.507248 16.055962 10.308507 13.205123 18.733346 11.359486 3.147059 -0.719961 -4.974096 -8.937261 -13.241411 -16.479639 -17.390285 -20.310414 -14.339868 -9.001475 -13.304546 -11.367234 -7.717344 -10.508737 -21.536258 -32.290421 -25.629789 -18.753737 -16.166412 -27.128892 -27.651577 -30.672333 -36.216363 
-23.262025 -8.016003 9.591370 11.444140 -4.448096 8.692350 10.693598 0.042257 14.874768 7.097197 20.049590 13.877337 14.081614 9.741850 13.753927 16.539531 14.975444 3.970064 -1.203084 -4.358506 -7.890853 -12.478697 -16.320225 -17.175162 -19.525291 -16.503849 -7.690566 -12.505122 -10.262066 -6.787725 -9.976846 -20.814111 -29.271396 -25.291738 -18.809302 -16.871649 -27.565028 -27.148228 -27.672442 -32.420017 
-28.105262 -11.388938 8.976839 12.217659 -3.239216 6.448025 11.298237 -1.835065 14.878355 9.223366 17.355583 16.069087 12.008069 11.170040 13.347957 12.856481 17.234126 5.437935 -0.372718 -3.774417 -8.007372 -12.051241 -16.345311 -17.159554 -20.144593 -15.256441 -7.750943 -11.592236 -10.179260 -7.074860 -9.503120 -21.058978 -34.538772 -26.061988 -18.486868 -16.302927 -30.917538 -30.894912 -29.506509 -41.739883 
-16.872765 -14.119779 8.246572 12.742914 -1.181163 5.125820 11.718195 -2.072654 14.585495 11.836658 14.590326 17.357050 9.607933 12.639479 11.939099 11.170773 18.391633 7.653944 1.580651 -2.141656 -6.994938 -11.445095 -14.976394 -15.200086 -20.366804 -14.840000 -8.366842 -12.644654 -9.932478 -6.299926 -8.741070 -20.823646 -33.166137 -25.700709 -18.212508 -15.522152 -29.355722 -30.013508 -29.474512 -37.256130 
-28.285991 -16.492034 7.693861 13.238056 0.246389 2.917352 11.775518 -0.895887 14.134027 14.015938 11.684832 17.576376 7.089033 13.325205 10.091090 10.101988 18.189855 10.348114 5.346490 -0.110510 -5.897818 -10.440094 -13.609826 -13.848680 -18.253525 -14.472018 -7.261356 -12.704656 -10.088236 -5.161499 -7.782449 -18.062089 -29.798943 -23.889971 -18.713541 -15.176954 -26.863658 -29.472848 -27.564628 -32.119557 
-17.626881 -16.512382 7.514253 13.824686 1.612783 1.205076 12.208462 1.372201 13.152149 15.944060 7.612760 17.093665 5.689578 13.692981 7.721824 10.126475 16.269401 11.769704 9.870662 1.946863 -4.303899 -8.848643 -11.461757 -12.417829 -14.667550 -12.469416 -6.529439 -12.620361 -9.458638 -5.120382 -7.704676 -18.157998 -32.809737 -24.573931 -16.833881 -14.755108 -28.919208 -28.870956 -27.157075 -36.769350 
-24.469708 -17.533989 7.224877 14.512020 3.089939 1.072677 12.882645 3.173460 12.345633 17.721836 4.898986 16.238513 4.845865 14.356589 5.021426 9.271512 11.422828 10.486325 13.231166 3.176483 -3.600390 -7.542097 -10.988843 -12.105660 -13.474125 -9.571928 -7.639613 -12.710256 -10.199291 -5.430881 -8.250538 -19.166640 -33.956303 -24.663013 -18.306869 -15.802582 -28.234928 -26.067139 -25.577088 -40.318873 
-28.990606 -20.733070 6.983523 15.317052 5.214871 -1.150654 12.947290 5.401267 11.698361 19.170682 4.767621 14.706535 4.642468 13.910378 4.578335 8.184865 6.363412 7.550779 15.485648 5.850868 -1.261259 -5.796408 -9.541978 -10.277474 -11.835091 -7.012069 -5.900039 -12.436396 -8.895834 -4.468249 -7.022458 -15.244236 -33.057507 -23.200436 -16.355483 -13.685208 -25.847537 -25.655311 -25.005590 -39.921462 
-17.256862 -21.491728 7.587278 15.834586 6.049217 0.060347 13.219305 5.179176 11.810323 19.816383 2.815950 12.414719 2.116992 12.400742 2.495027 6.472441 1.692755 3.023254 13.660840 7.870989 2.744996 -4.870988 -9.881516 -9.643056 -11.342987 -7.058170 -6.835762 -15.807132 -11.890854 -7.481108 -9.367720 -16.300028 -33.664158 -23.319422 -15.325509 -12.646117 -24.825055 -26.232215 -24.933038 -42.555455 
-28.319170 -23.006788 7.600587 16.122537 6.233484 -1.405058 13.260150 6.302451 11.771997 20.429138 2.365960 10.309591 1.846632 10.202906 0.079014 2.930042 -2.258878 -0.500424 8.306445 7.728891 6.081104 -2.407920 -8.491981 -8.123803 -8.481997 -4.918271 -6.444836 -14.895423 -11.428046 -7.091288 -8.683725 -14.207979 -29.171450 -23.113468 -17.371528 -16.017712 -26.748654 -26.647991 -23.539563 -33.259190 
-26.908387 -17.090546 7.641708 16.482249 6.620224 -1.636349 13.338384 6.288541 11.824743 20.736926 3.211895 9.043238 -0.990902 7.313576 -1.928162 0.025069 -7.276340 -4.711928 1.956287 5.625610 6.842980 1.298674 -5.953756 -6.489239 -6.790131 -4.158970 -7.415224 -16.122236 -12.688330 -7.696697 -8.597944 -13.958985 -31.205523 -23.243852 -17.255945 -16.112749 -26.797717 -25.194556 -23.759503 -41.246085 
-25.752968 -19.169890 8.709349 16.836246 6.450948 0.240488 13.777594 5.681761 13.141825 20.276837 1.949748 8.394186 -1.549566 5.737348 -4.928233 -1.898950 -8.950378 -7.274755 -1.351728 0.596031 2.661166 4.041167 -4.031312 -4.886383 -4.706580 -2.780638 -6.892695 -15.258943 -12.710288 -7.081772 -8.165770 -12.625844 -29.212116 -22.306388 -16.980560 -15.718817 -25.039705 -23.234810 -22.296185 -35.295318 
-22.403323 -15.554691 9.875330 16.692621 4.997239 3.580829 13.895330 2.927889 15.234699 18.723429 0.770227 7.211423 -3.282561 3.575940 -7.730598 -5.515673 -11.176575 -10.395123 -4.975899 -3.249414 0.231472 3.033208 -1.577349 -4.223754 -2.609563 -2.393234 -6.922201 -15.009392 -14.455084 -9.007957 -8.912085 -14.509243 -28.654320 -21.617654 -14.638566 -13.954544 -24.853364 -25.258195 -24.767860 -37.371520 
-15.403074 -6.386878 9.962741 15.997631 4.339032 7.442233 12.482985 0.624651 17.084034 15.681911 2.770871 5.196341 -1.497208 0.670940 -8.594033 -9.496752 -12.753933 -10.994409 -9.275877 -8.328353 -4.398473 2.154002 1.310205 -1.707888 -1.167683 -1.142236 -7.021823 -15.780122 -14.674447 -8.605192 -9.736272 -14.539400 -30.366049 -23.602807 -16.571857 -14.636985 -28.661350 -28.184884 -25.599711 -40.279088 
-6.652671 2.104077 8.314980 15.190865 11.625743 12.873075 9.373135 3.820615 16.992940 9.187364 2.719121 1.744318 0.701285 -5.027465 -6.816744 -13.951384 -13.946922 -15.252705 -10.945478 -12.387813 -8.553727 -2.669258 -0.800645 0.169039 -1.022055 -2.627631 -7.542055 -15.898801 -15.376469 -11.628997 -12.478268 -16.659597 -32.760853 -27.222740 -21.294498 -20.478032 -30.268366 -31.418562 -28.567450 -40.066480 
-16.365131 -0.730512 14.146063 15.114763 -1.030376 12.727627 11.810972 6.851836 19.154330 7.849487 8.525560 0.842951 5.098212 -3.624597 -6.811567 -13.745886 -16.511450 -14.129513 -11.829950 -10.552025 -8.050372 -2.833604 2.537926 1.828445 1.378375 0.447092 -6.214153 -14.766989 -14.575828 -8.532742 -8.735000 -12.618698 -29.017203 -22.073957 -15.544000 -13.514345 -24.325554 -24.208066 -22.125783 -37.177439 
-23.275754 -0.239765 14.996528 14.523034 -1.435101 13.827644 11.013317 10.303346 18.871821 4.705020 9.655479 0.026596 4.971770 -6.579196 -10.526416 -14.477717 -16.289766 -14.841473 -11.875921 -11.217375 -8.274752 -3.853035 2.297088 2.087296 0.973321 -0.241341 -7.074739 -14.887646 -15.092831 -8.993763 -8.500829 -13.387001 -29.614241 -21.953834 -16.646634 -15.007127 -25.668147 -25.236148 -20.841433 -35.099459 
-23.682203 1.186276 15.406081 13.782304 1.251054 15.133184 10.197485 12.696068 17.906947 4.695236 9.626403 0.438509 3.047098 -7.496699 -11.772539 -12.870002 -15.606492 -12.996209 -11.501207 -10.914707 -7.647608 -4.041278 1.425490 0.834621 -0.133339 0.025694 -7.291971 -16.432215 -14.838167 -9.764635 -10.069437 -13.825168 -30.425108 -20.636136 -14.288294 -13.833916 -23.883528 -22.437475 -23.781160 -38.709573 
-21.069721 1.297249 15.468402 12.957416 3.069288 15.473481 9.116164 13.858804 16.814448 6.107550 9.224258 1.551759 1.439961 -5.858911 -11.174891 -12.061411 -15.598335 -12.872972 -12.894319 -11.343361 -8.384715 -3.182993 0.345829 -0.354713 0.052950 -1.319876 -10.014602 -17.842944 -16.590312 -11.167889 -11.079155 -15.655255 -32.958267 -23.278495 -16.703777 -15.922881 -26.987164 -23.937266 -20.365112 -37.320279 
-21.046260 2.184848 15.464120 12.199973 4.086793 16.170074 8.687411 14.729890 14.896325 9.069441 9.764329 2.735388 0.338846 -4.433138 -10.355535 -11.503623 -14.921147 -12.462565 -12.700586 -10.102904 -6.562786 -0.759256 0.340606 0.127324 0.753033 -0.502443 -8.541742 -15.534333 -16.394631 -10.107859 -9.691380 -14.386179 -30.425010 -22.948808 -15.631771 -13.846943 -23.066377 -22.424404 -24.134449 -37.373376 
-22.778077 2.854426 15.432728 11.542193 5.539649 16.528358 7.986870 15.446714 13.788944 11.389489 9.858123 3.988564 -1.186343 -3.581944 -9.554385 -12.274560 -14.319775 -12.209817 -10.716533 -8.107374 -4.191755 1.899700 1.022177 -0.050636 0.316423 -0.668124 -8.767828 -16.693101 -16.225843 -10.416778 -9.612870 -13.826926 -30.693974 -22.286176 -15.646858 -12.636451 -21.977668 -20.266882 -21.917950 -36.963630 
-18.648250 3.867315 15.470897 10.827169 7.692490 16.866654 7.723277 15.846735 12.043471 14.163413 9.879126 5.082136 -1.619244 -2.645875 -7.278349 -11.175622 -12.020895 -11.489548 -8.360506 -5.823225 -2.450609 2.670280 -0.768750 -1.911140 0.117792 0.025639 -7.567649 -15.173318 -14.633243 -8.533465 -8.349215 -13.677990 -30.793935 -22.029674 -13.957979 -11.771134 -21.860220 -20.967319 -23.058440 -37.131781 
-14.422867 4.927114 15.521060 10.057104 9.533912 16.903596 7.050646 15.607012 10.161982 16.452718 9.528251 5.569977 -1.533999 -2.074852 -4.798944 -8.704893 -10.679209 -9.571932 -6.170337 -3.370416 0.982092 4.284407 -1.025810 -2.746175 -0.130551 0.239115 -7.157200 -13.934301 -13.981615 -7.496400 -6.617092 -11.660979 -30.350061 -22.221352 -13.900271 -11.390607 -21.293912 -20.462177 -20.594297 -37.672580 
-15.271877 6.065827 15.620680 9.376986 12.317232 16.825729 7.336659 14.693680 8.932905 18.619485 8.538845 5.018794 -0.857511 -3.129467 -3.697712 -7.106977 -8.823814 -6.841997 -4.266195 -1.359882 2.894104 3.949799 -1.461435 -2.213872 -0.018307 1.308257 -5.481424 -13.607249 -12.850615 -6.419009 -5.355028 -10.646692 -29.281357 -23.276511 -15.386053 -12.521841 -21.629760 -21.560759 -22.028655 -36.085685 
-14.052811 6.815586 15.500054 8.763012 13.227179 16.362979 7.625244 13.632045 9.616107 19.110344 7.901468 5.044295 0.229167 -2.695872 -3.187530 -5.423419 -7.195442 -5.773292 -3.526207 0.021229 5.400609 3.009554 -3.391876 -3.621361 -1.719526 0.396328 -6.013317 -13.398557 -12.365649 -5.714070 -4.529072 -9.527627 -29.697072 -21.395257 -13.801994 -12.240723 -20.702620 -18.750373 -19.412998 -37.565635 
-13.580772 7.714376 15.314097 7.783588 14.989949 15.322198 7.888566 11.585916 12.699031 17.919255 8.829021 4.474592 1.213707 -1.711652 -2.922268 -4.578182 -6.170995 -5.245378 -2.675066 1.071088 6.257774 1.026267 -5.499728 -5.348141 -2.438621 0.033507 -6.522556 -13.623573 -12.525090 -6.225885 -4.994943 -10.506407 -29.121604 -23.089665 -14.446800 -11.031099 -19.525498 -19.114969 -19.236082 -32.591387 
-12.406948 8.458275 15.459130 8.323342 15.875377 14.571531 8.314774 10.241382 14.673853 16.149591 9.947936 3.614622 1.104904 -1.232769 -3.456601 -5.069928 -7.533250 -5.669419 -1.957758 2.179574 5.420997 -0.390751 -5.918806 -4.987383 -3.499196 -1.078362 -7.397675 -14.873618 -13.505813 -7.559112 -6.508671 -11.613530 -30.377692 -23.860093 -14.223030 -11.829705 -21.418332 -21.380466 -19.656139 -34.522583 
-12.921080 8.644492 15.484964 8.275227 16.203496 14.525414 8.557548 10.069410 15.629841 15.203412 10.062559 3.375165 0.575598 -1.209893 -3.775303 -6.264624 -8.178888 -6.303141 -1.642164 3.314394 5.701738 -0.816921 -6.508352 -6.093630 -5.346943 -1.594392 -7.799198 -15.177034 -13.545421 -7.236717 -6.226425 -12.403900 -31.748374 -23.760371 -15.254183 -13.300417 -24.522437 -21.580439 -23.526355 -37.544202 
-8.767728 9.204787 15.196437 7.154779 16.743397 13.749167 9.144865 8.402264 16.284630 13.388150 10.273980 1.901762 -0.910527 -1.870583 -4.365214 -6.803412 -8.283147 -5.558870 -1.692796 3.600649 5.023611 -0.824990 -6.479339 -6.095773 -4.186527 -0.686332 -6.550821 -14.138555 -13.741944 -7.512055 -6.257794 -11.344230 -30.364987 -25.929583 -18.438751 -16.033380 -24.842445 -23.768783 -22.028028 -36.430163 
-7.958046 9.303983 15.004636 8.056315 17.055630 13.304299 9.204672 8.514178 16.483008 11.256486 9.159663 0.629304 -1.717513 -2.796447 -5.580049 -8.113536 -8.867479 -6.333268 -2.759938 2.707121 2.192749 -3.348884 -8.832377 -8.423298 -5.955340 -2.477290 -7.668677 -15.647392 -14.491744 -7.746441 -6.417496 -12.077785 -30.240811 -28.342995 -18.611528 -16.463256 -24.668580 -22.410328 -25.390543 -38.847396 
-9.306322 9.383287 15.015336 8.431165 17.161960 12.997289 9.525405 8.930369 16.401789 9.155954 6.356767 -0.866059 -2.848947 -4.193851 -7.394330 -9.478251 -9.761532 -7.477782 -3.293361 2.586066 0.761703 -5.844936 -11.455477 -11.557321 -8.767428 -5.111899 -9.745205 -18.418428 -17.104029 -10.209716 -7.489758 -12.304786 -33.302506 -32.407849 -19.387149 -15.552835 -22.697788 -20.891181 -27.221332 -40.533897 
-9.001485 9.868665 14.569653 7.153775 16.989555 11.612860 9.081936 7.581705 14.938056 6.708368 2.328495 -1.952850 -3.895475 -6.858346 -9.545411 -11.515816 -11.792009 -9.569890 -4.791958 1.147991 -3.482043 -10.848389 -15.322544 -13.842061 -12.382374 -7.488009 -13.123914 -20.970765 -18.776161 -12.269054 -10.547394 -15.486444 -32.352060 -33.674061 -26.584884 -23.363982 -32.734026 -32.661239 -30.777005 -37.786746 
-7.672260 9.979590 13.500603 11.238225 16.794610 8.440830 5.980813 5.087277 6.871264 -2.385262 -6.997424 -7.699662 -5.361086 -11.465014 -18.809949 -19.097005 -19.416581 -16.084244 -9.806462 -7.233517 -16.229218 -21.673126 -23.302048 -19.098115 -17.931127 -16.592922 -24.445743 -31.934142 -28.995618 -18.278486 -15.467665 -21.081496 -40.420553 -44.196992 -30.821385 -27.877745 -38.497237 -40.332828 -37.063788 -48.420592 
-7.619792 9.849779 12.826605 9.924280 17.388666 10.071752 5.355926 0.123733 -3.362565 -12.066920 -15.300777 -12.858091 -9.717402 -14.017534 -23.971074 -26.472705 -31.523362 -28.924413 -18.289319 -20.095353 -28.032902 -31.169507 -28.067734 -19.315214 -16.172570 -22.103298 -37.348292 -45.697266 -45.141567 -41.049441 -33.582002 -37.074053 -47.153244 -44.010499 -29.976715 -28.624612 -42.525121 -42.746076 -47.765773 -51.271841 
-4.817585 9.426990 8.841837 9.675520 14.104757 6.927989 1.547884 -2.134761 -8.262472 -15.597997 -19.135171 -16.302674 -10.116646 -14.802078 -27.932169 -32.641758 -38.285382 -33.347525 -23.869699 -22.349031 -35.318665 -37.556883 -33.960538 -28.189733 -24.086147 -29.043581 -46.515692 -51.371541 -50.279763 -46.680707 -40.637147 -41.774464 -46.110964 -43.966908 -35.227990 -35.367178 -42.399070 -41.162892 -45.023912 -55.565590 
-5.923968 9.395587 11.291571 9.125942 13.927487 7.107877 1.675451 -0.232956 -6.935145 -15.140473 -15.450507 -12.802269 -11.119234 -15.230642 -26.190001 -28.354032 -37.062642 -34.219031 -23.101479 -20.229397 -32.215978 -34.411090 -30.496730 -22.951701 -18.700716 -23.143839 -39.591321 -46.067851 -48.332602 -44.804642 -36.416219 -36.601766 -46.960327 -42.549599 -35.074822 -33.294016 -40.648160 -43.189425 -44.910884 -52.135184 
-7.457909 9.545283 12.905374 9.111808 16.971258 8.722942 4.936789 -1.490605 -5.168486 -14.121222 -15.203444 -12.247210 -8.708086 -13.120363 -22.745839 -24.625189 -30.588824 -29.806067 -23.568964 -17.716088 -31.902045 -32.343580 -28.703822 -21.319877 -18.118674 -23.649997 -35.024128 -38.509468 -39.540951 -39.165830 -33.618333 -34.046545 -41.017022 -37.302425 -32.616620 -31.261272 -36.660592 -39.939920 -39.302862 -42.500250 
-8.377769 9.509885 12.942065 8.870642 16.958389 9.320135 4.105341 -1.795450 -5.309163 -15.104350 -16.957354 -14.051996 -10.000220 -12.124846 -25.319230 -25.861393 -36.074680 -34.003263 -27.275075 -19.273384 -31.302663 -35.398346 -30.539142 -21.430414 -19.501441 -25.647007 -38.461584 -44.464089 -45.551872 -44.549551 -38.745382 -36.875885 -41.511331 -40.902832 -33.734536 -27.882662 -39.147299 -39.937670 -39.242483 -46.764097 
-7.937773 9.331696 12.884759 8.392653 16.421575 8.323469 2.533292 -4.445491 -6.294010 -16.074657 -20.259435 -15.011242 -10.963168 -14.615055 -28.493275 -29.326806 -38.768088 -35.234547 -30.350867 -20.938248 -33.929793 -36.081967 -31.520413 -22.437448 -20.333809 -24.389320 -38.146377 -48.480284 -52.698413 -48.138704 -37.666223 -36.244566 -43.427746 -42.532481 -40.563442 -35.955764 -42.552593 -44.030585 -45.293570 -52.812050 
-9.083877 8.861311 13.074851 6.771833 15.389914 7.424353 0.590676 -6.706929 -6.895452 -17.310967 -22.861250 -15.048436 -13.781672 -15.055564 -30.595239 -29.580271 -35.811823 -36.162871 -32.447458 -21.611374 -33.244076 -36.738225 -32.569905 -23.586228 -22.685130 -27.766985 -40.668355 -46.353625 -45.436658 -44.506373 -40.099377 -39.677683 -46.176519 -41.614251 -38.912232 -37.689870 -40.218344 -41.542640 -44.354865 -48.243557 
-9.652952 8.972220 12.986533 6.017110 14.228485 7.474548 -0.569195 -5.415781 -9.897797 -19.222829 -23.703819 -15.237808 -14.572542 -16.460585 -33.481446 -33.018181 -39.118004 -36.629592 -34.327942 -23.560297 -33.578928 -41.923485 -35.712448 -24.543829 -21.510817 -27.911509 -43.927630 -48.749582 -48.545752 -48.002186 -40.114381 -41.132395 -49.714804 -44.228685 -36.953693 -33.500294 -43.872043 -46.594634 -49.420797 -49.292093 
-8.772159 8.890582 12.114514 6.061924 13.241569 5.666512 -2.879653 -8.193324 -8.850623 -19.833855 -22.818009 -14.816156 -15.346481 -19.183595 -32.049739 -31.339742 -38.482909 -38.932957 -36.371318 -25.499443 -36.091689 -42.445441 -36.408590 -26.460861 -25.133361 -32.581985 -47.209223 -49.036464 -48.338739 -47.468427 -43.636983 -42.796629 -48.583995 -45.624848 -35.049451 -36.918049 -42.658311 -43.655678 -46.753165 -50.736982 
-10.432215 7.944956 11.711943 4.854343 11.371374 2.719199 -7.191587 -11.731059 -10.680371 -19.612376 -22.031999 -17.539373 -17.378169 -21.312415 -31.484782 -31.085181 -35.183385 -35.574653 -33.394841 -29.747048 -36.210253 -38.269588 -36.798912 -28.460866 -25.444709 -33.164341 -42.760115 -43.326246 -44.137210 -43.862671 -42.645260 -42.166448 -45.888182 -44.851110 -39.339052 -39.881145 -44.424029 -44.573964 -44.556118 -47.017167 
-9.992221 7.293598 11.271371 3.024447 8.677395 0.331733 -12.493560 -17.913781 -20.462904 -24.012486 -26.095146 -22.480128 -25.223594 -28.490224 -34.651119 -36.161870 -37.784178 -37.633675 -34.887583 -31.618924 -36.550082 -39.374910 -40.218524 -38.637036 -36.660264 -37.440477 -44.450019 -45.005657 -45.609401 -45.569002 -43.301779 -43.672588 -46.741978 -45.364452 -41.674071 -41.840129 -47.262424 -46.344156 -45.636159 -48.691202 
-8.086357 6.698449 9.972478 1.637228 4.229834 -1.792653 -15.926056 -18.106738 -22.101221 -24.813615 -24.404167 -29.195814 -26.393714 -28.101690 -35.517657 -41.230700 -43.299138 -43.125816 -41.863608 -38.675350 -45.058810 -46.147269 -44.455626 -44.518887 -41.399405 -40.167089 -49.813619 -50.696899 -50.389727 -48.626054 -48.403819 -50.645746 -51.113769 -49.499919 -44.462666 -41.205499 -50.088987 -48.998342 -48.071674 -53.913178 
-7.764326 -0.513411 0.747284 -4.730664 -5.858277 -5.461302 -9.971284 -14.220757 -19.562790 -20.650722 -20.743394 -22.331858 -26.606095 -29.377125 -31.346603 -36.475439 -41.746530 -45.460860 -43.508552 -39.757467 -41.343942 -41.743362 -40.249253 -43.409632 -48.254062 -52.234005 -52.866061 -49.629056 -47.247225 -51.237759 -53.791235 -54.992493 -55.217023 -54.829794 -54.251799 -53.120213 -56.025261 -54.636433 -56.981782 -59.069222 
-40.496636 -39.098343 -38.838504 -40.887617 -40.119627 -40.628468 -40.682755 -40.943654 -41.147537 -41.388554 -41.712714 -42.131178 -42.527105 -43.063987 -43.783700 -44.557044 -45.497168 -46.561361 -47.820766 -49.113055 -50.563867 -51.822783 -52.699536 -53.250380 -53.410455 -53.574845 -53.977821 -54.682805 -55.652010 -56.506571 -56.941640 -56.967978 -57.012237 -57.569204 -58.540607 -59.214289 -59.060363 -58.885617 -59.234053 -59.491335 
-78.173451 -78.420864 -78.838196 -79.557530 -80.570763 -82.067876 -84.049694 -86.904318 -91.344190 -96.300529 -95.631111 -92.482233 -91.192866 -91.816962 -94.636914 -100.096929 -100.922437 -96.770900 -96.050472 -99.305612 -104.731314 -100.576112 -99.153741 -103.901005 -104.832278 -101.342449 -105.782318 -105.315250 -104.039333 -108.299037 -104.968651 -109.064049 -106.429723 -109.572427 -108.131856 -109.281833 -110.344169 -109.866817 -110.745807 -112.274403 
NaN NaN NaN NaN NaN NaN NaN NaN NaN NaN NaN NaN NaN NaN NaN NaN NaN NaN NaN NaN NaN NaN NaN NaN NaN NaN NaN NaN NaN NaN NaN NaN NaN NaN NaN NaN NaN NaN NaN NaN 
NaN NaN NaN NaN NaN NaN NaN NaN NaN NaN NaN NaN NaN NaN NaN NaN NaN NaN NaN NaN NaN NaN NaN NaN NaN NaN NaN NaN NaN NaN NaN NaN NaN NaN NaN NaN NaN NaN NaN NaN 
NaN NaN NaN NaN NaN NaN NaN NaN NaN NaN NaN NaN NaN NaN NaN NaN NaN NaN NaN NaN NaN NaN NaN NaN NaN NaN NaN NaN NaN NaN NaN NaN NaN NaN NaN NaN NaN NaN NaN NaN 
NaN NaN NaN NaN NaN NaN NaN NaN NaN NaN NaN NaN NaN NaN NaN NaN NaN NaN NaN NaN NaN NaN NaN NaN NaN NaN NaN NaN NaN NaN NaN NaN NaN NaN NaN NaN NaN NaN NaN NaN 
NaN NaN NaN NaN NaN NaN NaN NaN NaN NaN NaN NaN NaN NaN NaN NaN NaN NaN NaN NaN NaN NaN NaN NaN NaN NaN NaN NaN NaN NaN NaN NaN NaN NaN NaN NaN NaN NaN NaN NaN 
NaN NaN NaN NaN NaN NaN NaN NaN NaN NaN NaN NaN NaN NaN NaN NaN NaN NaN NaN NaN NaN NaN NaN NaN NaN NaN NaN NaN NaN NaN NaN NaN NaN NaN NaN NaN NaN NaN NaN NaN 
NaN NaN NaN NaN NaN NaN NaN NaN NaN NaN NaN NaN NaN NaN NaN NaN NaN NaN NaN NaN NaN NaN NaN NaN NaN NaN NaN NaN NaN NaN NaN NaN NaN NaN NaN NaN NaN NaN NaN NaN 
NaN NaN NaN NaN NaN NaN NaN NaN NaN NaN NaN NaN NaN NaN NaN NaN NaN NaN NaN NaN NaN NaN NaN NaN NaN NaN NaN NaN NaN NaN NaN NaN NaN NaN NaN NaN NaN NaN NaN NaN 
NaN NaN NaN NaN NaN NaN NaN NaN NaN NaN NaN NaN NaN NaN NaN NaN NaN NaN NaN NaN NaN NaN NaN NaN NaN NaN NaN NaN NaN NaN NaN NaN NaN NaN NaN NaN NaN NaN NaN NaN 
NaN NaN NaN NaN NaN NaN NaN NaN NaN NaN NaN NaN NaN NaN NaN NaN NaN NaN NaN NaN NaN NaN NaN NaN NaN NaN NaN NaN NaN NaN NaN NaN NaN NaN NaN NaN NaN NaN NaN NaN 
NaN NaN NaN NaN NaN NaN NaN NaN NaN NaN NaN NaN NaN NaN NaN NaN NaN NaN NaN NaN NaN NaN NaN NaN NaN NaN NaN NaN NaN NaN NaN NaN NaN NaN NaN NaN NaN NaN NaN NaN 
