-53.328239 -52.731392 -55.115744 -60.511140 -64.770136 -71.813058 -72.639482 -67.475286 -69.808063 -76.650667 -75.923484 -72.720659 -70.275980 -72.831015 -74.537246 -80.211760 -84.033048 -80.894055 -78.069944 -81.886056 -81.439154 -83.900983 -87.367305 -81.974380 -80.442762 -80.916370 -81.002138 -85.558943 -82.147982 -82.776060 -88.968664 -86.365900 -82.781803 -84.220678 -86.642889 -93.717944 -83.839658 -86.464140 -86.095314 -87.038999 
-54.186839 -51.912711 -55.023778 -66.467827 -65.998471 -68.170455 -70.705624 -67.143771 -72.731644 -72.722644 -69.516718 -73.740531 -72.135346 -72.927147 -71.698882 -75.144288 -84.525027 -85.712217 -79.590879 -76.466854 -82.227265 -82.755304 -84.473168 -83.559845 -82.857072 -79.978437 -79.414106 -84.280876 -84.276394 -84.781569 -85.289930 -84.380038 -83.501423 -85.579807 -90.383143 -91.726827 -85.012837 -85.173723 -87.257780 -88.120879 
-75.668990 -76.364397 -77.577045 -79.798906 -83.363601 -90.249247 -97.543076 -90.366491 -86.909494 -86.853028 -89.322204 -95.323305 -102.494280 -97.819012 -94.664454 -93.870913 -96.560556 -104.985033 -97.962938 -96.146780 -103.240934 -103.412674 -101.799981 -103.970741 -105.195822 -105.581244 -102.968166 -107.270116 -104.022015 -109.749891 -105.069828 -107.013503 -107.720354 -108.186531 -107.398489 -109.273135 -107.448773 -106.382255 -109.052339 -109.078804 
NaN NaN NaN NaN NaN NaN NaN NaN NaN NaN NaN NaN NaN NaN NaN NaN NaN NaN NaN NaN NaN NaN NaN NaN NaN NaN NaN NaN NaN NaN NaN NaN NaN NaN NaN NaN NaN NaN NaN NaN 
NaN NaN NaN NaN NaN NaN NaN NaN NaN NaN NaN NaN NaN NaN NaN NaN NaN NaN NaN NaN NaN NaN NaN NaN NaN NaN NaN NaN NaN NaN NaN NaN NaN NaN NaN NaN NaN NaN NaN NaN 
NaN NaN NaN NaN NaN NaN NaN NaN NaN NaN NaN NaN NaN NaN NaN NaN NaN NaN NaN NaN NaN NaN NaN NaN NaN NaN NaN NaN NaN NaN NaN NaN NaN NaN NaN NaN NaN NaN NaN NaN 
NaN NaN NaN NaN NaN NaN NaN NaN NaN NaN NaN NaN NaN NaN NaN NaN NaN NaN NaN NaN NaN NaN NaN NaN NaN NaN NaN NaN NaN NaN NaN NaN NaN NaN NaN NaN NaN NaN NaN NaN 
NaN NaN NaN NaN NaN NaN NaN NaN NaN NaN NaN NaN NaN NaN NaN NaN NaN NaN NaN NaN NaN NaN NaN NaN NaN NaN NaN NaN NaN NaN NaN NaN NaN NaN NaN NaN NaN NaN NaN NaN 
NaN NaN NaN NaN NaN NaN NaN NaN NaN NaN NaN NaN NaN NaN NaN NaN NaN NaN NaN NaN NaN NaN NaN NaN NaN NaN NaN NaN NaN NaN NaN NaN NaN NaN NaN NaN NaN NaN NaN NaN 
NaN NaN NaN NaN NaN NaN NaN NaN NaN NaN NaN NaN NaN NaN NaN NaN NaN NaN NaN NaN NaN NaN NaN NaN NaN NaN NaN NaN NaN NaN NaN NaN NaN NaN NaN NaN NaN NaN NaN NaN 
NaN NaN NaN NaN NaN NaN NaN NaN NaN NaN NaN NaN NaN NaN NaN NaN NaN NaN NaN NaN NaN NaN NaN NaN NaN NaN NaN NaN NaN NaN NaN NaN NaN NaN NaN NaN NaN NaN NaN NaN 
NaN NaN NaN NaN NaN NaN NaN NaN NaN NaN NaN NaN NaN NaN NaN NaN NaN NaN NaN NaN NaN NaN NaN NaN NaN NaN NaN NaN NaN NaN NaN NaN NaN NaN NaN NaN NaN NaN NaN NaN 
NaN NaN NaN NaN NaN NaN NaN NaN NaN NaN NaN NaN NaN NaN NaN NaN NaN NaN NaN NaN NaN NaN NaN NaN NaN NaN NaN NaN NaN NaN NaN NaN NaN NaN NaN NaN NaN NaN NaN NaN 
NaN NaN NaN NaN NaN NaN NaN NaN NaN NaN NaN NaN NaN NaN NaN NaN NaN NaN NaN NaN NaN NaN NaN NaN NaN NaN NaN NaN NaN NaN NaN NaN NaN NaN NaN NaN NaN NaN NaN NaN 
NaN NaN NaN NaN NaN NaN NaN NaN NaN NaN NaN NaN NaN NaN NaN NaN NaN NaN NaN NaN NaN NaN NaN NaN NaN NaN NaN NaN NaN NaN NaN NaN NaN NaN NaN NaN NaN NaN NaN NaN 
NaN NaN NaN NaN NaN NaN NaN NaN NaN NaN NaN NaN NaN NaN NaN NaN NaN NaN NaN NaN NaN NaN NaN NaN NaN NaN NaN NaN NaN NaN NaN NaN NaN NaN NaN NaN NaN NaN NaN NaN 
NaN NaN NaN NaN NaN NaN NaN NaN NaN NaN NaN NaN NaN NaN NaN NaN NaN NaN NaN NaN NaN NaN NaN NaN NaN NaN NaN NaN NaN NaN NaN NaN NaN NaN NaN NaN NaN NaN NaN NaN 
NaN NaN NaN NaN NaN NaN NaN NaN NaN NaN NaN NaN NaN NaN NaN NaN NaN NaN NaN NaN NaN NaN NaN NaN NaN NaN NaN NaN NaN NaN NaN NaN NaN NaN NaN NaN NaN NaN NaN NaN 
NaN NaN NaN NaN NaN NaN NaN NaN NaN NaN NaN NaN NaN NaN NaN NaN NaN NaN NaN NaN NaN NaN NaN NaN NaN NaN NaN NaN NaN NaN NaN NaN NaN NaN NaN NaN NaN NaN NaN NaN 
NaN NaN NaN NaN NaN NaN NaN NaN NaN NaN NaN NaN NaN NaN NaN NaN NaN NaN NaN NaN NaN NaN NaN NaN NaN NaN NaN NaN NaN NaN NaN NaN NaN NaN NaN NaN NaN NaN NaN NaN 
NaN NaN NaN NaN NaN NaN NaN NaN NaN NaN NaN NaN NaN NaN NaN NaN NaN NaN NaN NaN NaN NaN NaN NaN NaN NaN NaN NaN NaN NaN NaN NaN NaN NaN NaN NaN NaN NaN NaN NaN 
NaN NaN NaN NaN NaN NaN NaN NaN NaN NaN NaN NaN NaN NaN NaN NaN NaN NaN NaN NaN NaN NaN NaN NaN NaN NaN NaN NaN NaN NaN NaN NaN NaN NaN NaN NaN NaN NaN NaN NaN 
NaN NaN NaN NaN NaN NaN NaN NaN NaN NaN NaN NaN NaN NaN NaN NaN NaN NaN NaN NaN NaN NaN NaN NaN NaN NaN NaN NaN NaN NaN NaN NaN NaN NaN NaN NaN NaN NaN NaN NaN 
NaN NaN NaN NaN NaN NaN NaN NaN NaN NaN NaN NaN NaN NaN NaN NaN NaN NaN NaN NaN NaN NaN NaN NaN NaN NaN NaN NaN NaN NaN NaN NaN NaN NaN NaN NaN NaN NaN NaN NaN 
NaN NaN NaN NaN NaN NaN NaN NaN NaN NaN NaN NaN NaN NaN NaN NaN NaN NaN NaN NaN NaN NaN NaN NaN NaN NaN NaN NaN NaN NaN NaN NaN NaN NaN NaN NaN NaN NaN NaN NaN 
NaN NaN NaN NaN NaN NaN NaN NaN NaN NaN NaN NaN NaN NaN NaN NaN NaN NaN NaN NaN NaN NaN NaN NaN NaN NaN NaN NaN NaN NaN NaN NaN NaN NaN NaN NaN NaN NaN NaN NaN 
-24.354212 -21.456769 -21.430833 -24.343944 -27.660651 -28.652836 -33.141692 -34.032643 -33.123195 -43.214971 -47.689823 -46.810414 -49.646944 -52.100646 -51.426118 -52.316560 -51.476215 -52.921758 -55.439906 -54.943693 -56.619280 -57.498927 -59.045131 -59.089077 -57.502130 -59.136733 -58.197531 -55.749813 -54.009297 -56.556085 -59.257352 -60.637738 -57.612032 -62.023722 -61.123438 -63.551691 -64.184990 -66.737344 -63.342679 -64.187029 
-8.460080 -2.750773 2.614265 1.923218 -3.824574 -5.237153 -6.009195 -13.486609 -18.327171 -18.727314 -21.674731 -26.654219 -25.206294 -30.357566 -36.028594 -41.765852 -43.887688 -43.291332 -44.706626 -45.106788 -46.673741 -48.317081 -49.825020 -47.471480 -47.561944 -45.595681 -38.536370 -39.894454 -37.378681 -41.103269 -42.797635 -40.717429 -42.309809 -47.027616 -47.325280 -45.401341 -46.440749 -48.889098 -50.741909 -54.800060 
-0.788470 11.346453 12.363776 6.773574 9.563441 4.626051 6.662179 3.688686 -5.234434 -11.031444 -11.986011 -14.432212 -10.616810 -12.412292 -24.098334 -36.056569 -39.266823 -40.308715 -39.386586 -44.178610 -42.746244 -41.892659 -42.688381 -50.350106 -52.460912 -43.833508 -32.519917 -31.488565 -29.329529 -28.147905 -34.307690 -34.665162 -36.470392 -41.406171 -42.130576 -41.692746 -40.791928 -39.445148 -41.932534 -42.275862 
2.462239 14.666800 12.270365 10.474055 9.548306 10.538494 8.234819 8.028424 -1.290402 -6.976177 -11.521513 -8.371341 -5.374114 -10.727777 -20.095389 -26.821144 -30.705419 -31.762892 -31.926451 -33.538606 -33.716756 -34.420286 -34.835305 -36.196871 -36.963161 -36.862647 -31.886321 -31.760825 -29.086628 -26.497277 -34.493678 -34.607675 -36.784326 -40.186657 -40.540730 -40.286708 -40.509955 -39.424208 -40.672130 -41.715078 
3.809004 16.098696 14.294763 12.146692 10.740886 12.338782 8.874218 6.812916 -0.698953 -5.400009 -11.183935 -7.088506 -5.951250 -13.610224 -25.756114 -31.159927 -39.765098 -43.055006 -37.226347 -36.534647 -38.621649 -43.422074 -42.985882 -40.317441 -39.566255 -36.880668 -29.052645 -27.344789 -26.989271 -23.963517 -30.264843 -35.387584 -40.188105 -44.297497 -42.206676 -39.369945 -42.431166 -45.447215 -46.416675 -48.923964 
4.011141 16.562224 14.655745 12.410693 11.208460 14.433722 11.198872 7.970773 1.086871 -2.677709 -6.968378 -5.149324 -2.624137 -10.676555 -25.987056 -31.175467 -39.135012 -36.774773 -31.578677 -30.831829 -32.570873 -36.160463 -38.435385 -44.991994 -40.576896 -34.316840 -28.256965 -26.828425 -24.886202 -24.096268 -31.743797 -35.225319 -36.873589 -43.199292 -43.583535 -38.456471 -39.775904 -37.022002 -37.811555 -43.528332 
3.097986 16.776490 15.701207 12.585437 11.975693 15.457416 13.117330 11.409327 4.344504 0.906468 -3.092088 -0.631450 -0.117209 -7.511060 -20.123648 -27.045731 -27.813199 -30.724714 -28.556059 -27.777055 -29.189820 -31.301828 -33.351478 -33.426539 -32.933677 -29.265473 -20.163102 -20.403637 -20.022204 -20.226994 -26.490755 -27.319395 -32.372048 -37.499066 -37.651738 -33.834381 -33.053041 -34.912990 -35.293851 -39.045149 
3.553560 15.638062 15.937696 10.514379 10.684664 15.764136 14.681175 15.838511 8.625743 3.661433 -2.863737 0.341643 0.367554 -6.298770 -19.184204 -28.997328 -35.440943 -29.756723 -27.448845 -31.176087 -31.658987 -32.384886 -36.599060 -40.004398 -38.869842 -34.007904 -21.493732 -23.089849 -23.964010 -23.075007 -28.070909 -32.248262 -37.292393 -42.854776 -43.864529 -38.219195 -39.572762 -39.244046 -40.232901 -40.329802 
-0.984110 12.837995 16.796103 10.818008 8.107391 12.932703 9.954533 17.073299 11.359047 7.359657 -0.560957 1.982832 0.859935 -4.258991 -13.605550 -20.592606 -25.906201 -25.799225 -27.083181 -28.391986 -32.639657 -31.706279 -31.348091 -34.291729 -33.693130 -31.399791 -21.156111 -17.866465 -20.354089 -21.919815 -28.425584 -31.033494 -33.641531 -46.290812 -43.763936 -34.181655 -33.373366 -38.219293 -40.096364 -44.367685 
3.272053 16.376260 15.947346 12.307635 12.036940 12.067101 12.495679 20.103001 17.917237 15.519810 8.292373 5.333577 7.160813 6.772944 -4.769228 -12.026923 -16.892593 -18.839512 -20.692078 -20.640680 -22.336244 -25.358972 -25.771116 -27.771750 -28.139982 -24.251737 -12.837463 -8.699714 -9.931392 -12.286001 -20.266462 -25.292024 -29.540241 -36.121069 -36.217948 -32.723192 -32.379195 -35.078886 -37.514118 -37.617346 
1.985868 16.785344 16.958810 11.384584 12.500421 10.124650 11.892745 18.209354 18.631419 21.445200 13.194999 8.999552 9.116176 12.256436 2.170386 -4.152266 -10.317957 -12.693107 -15.335584 -15.730208 -17.375562 -21.248088 -23.330461 -24.779903 -25.425493 -21.185153 -10.623659 -3.775412 -3.657078 -5.290015 -13.800162 -27.135051 -33.218138 -42.087120 -41.927966 -34.648435 -35.252997 -38.264266 -43.090123 -44.495430 
-0.348095 16.197850 17.394411 11.148959 13.063132 9.535937 11.660924 15.905363 16.856720 22.679286 14.904485 11.244612 9.662745 12.550776 8.641184 1.951443 -6.847167 -10.032408 -11.830021 -14.326475 -16.159766 -17.475580 -19.644248 -21.436913 -23.776893 -17.620687 -8.147786 0.186179 -0.514706 -0.721263 -9.461812 -18.683386 -22.623221 -40.802555 -39.638968 -34.334688 -30.511089 -31.282311 -42.339758 -44.397444 
-0.398654 16.383341 17.607849 10.628532 13.348987 8.853465 12.085093 14.163656 15.984712 21.205867 15.036015 12.319491 8.974153 13.201136 13.086351 7.567008 -3.956631 -7.763231 -8.803501 -10.765139 -14.101210 -17.787252 -19.461377 -21.118805 -21.577979 -16.461214 -7.739657 0.906821 0.338924 -0.376338 -8.910338 -17.140783 -20.625813 -39.104577 -41.122327 -34.099324 -34.945160 -37.399195 -42.818445 -41.500106 
-0.841459 16.332417 17.904522 10.101559 13.400637 8.592443 12.529005 12.858736 15.659142 19.002279 14.421866 12.252377 8.892685 12.357292 13.885991 10.897671 -1.721492 -4.720997 -7.510111 -9.254833 -11.215484 -15.554708 -18.360559 -19.719586 -23.024315 -17.555841 -7.179821 0.118733 -2.025465 -5.057677 -13.447568 -19.449967 -23.304545 -37.391708 -40.830347 -29.474192 -33.107911 -34.598970 -39.363471 -41.976348 
-1.176717 15.878378 18.075624 9.757814 13.364441 7.446743 12.419462 10.765026 16.118780 17.022824 13.762995 12.230652 9.253010 10.735670 13.652994 12.338080 0.264255 -3.407537 -7.618382 -9.526615 -11.011644 -14.079060 -17.284083 -19.626288 -21.959235 -17.298850 -8.009564 -1.281432 -4.339220 -6.161829 -14.632782 -20.247249 -24.028413 -33.147779 -33.241807 -31.334164 -32.054907 -32.898344 -34.286681 -35.102888 
-1.701829 15.707743 18.153155 9.646684 13.263119 7.773325 12.192836 10.458980 16.072732 15.129610 13.469078 11.312391 10.763146 9.447451 11.536455 13.050990 3.320681 -1.595397 -5.913699 -8.760112 -11.052319 -14.486311 -18.570738 -19.243538 -21.687225 -16.994795 -8.333702 -3.009985 -3.565987 -6.565345 -15.916558 -21.016405 -24.363090 -40.690097 -41.189424 -33.446058 -33.946442 -38.018790 -40.756962 -42.394924 
-0.502235 15.687017 18.197736 9.091978 13.262147 7.284731 11.780430 9.981141 15.749743 13.783143 12.541682 9.741905 10.905260 9.672788 10.528263 13.683706 6.536591 0.745823 -4.761789 -9.262498 -11.447525 -14.084113 -17.112591 -19.932329 -21.939669 -18.085456 -7.930215 -2.390190 -4.180866 -7.582878 -17.030597 -21.931695 -23.256614 -39.835086 -38.846773 -26.796603 -29.195651 -36.278748 -36.847179 -37.486475 
-2.971036 14.794014 18.236295 8.653895 13.610972 7.001376 11.635718 9.199798 16.015243 12.927891 12.137620 8.156268 10.509703 8.989698 8.174368 12.215140 8.796036 1.827223 -3.658334 -6.809627 -10.045965 -14.820416 -16.366701 -19.100887 -20.883921 -15.541958 -6.149063 -2.272226 -3.861833 -7.721212 -17.789977 -22.688751 -24.403688 -34.964945 -35.003717 -31.481506 -32.114859 -33.553266 -33.668807 -35.101253 
-3.461474 14.361290 18.298659 9.736877 13.954124 7.335751 11.355862 8.394703 15.818658 10.311053 11.867972 7.612892 9.624869 9.440861 5.624416 9.320587 11.384977 5.402916 -1.107924 -4.762573 -8.104372 -13.124135 -15.435040 -16.242611 -19.091420 -14.357508 -3.912139 -0.455984 -3.808667 -6.909467 -17.438976 -21.409722 -21.566178 -32.522351 -33.530385 -28.963289 -30.072344 -32.521867 -34.499065 -34.352200 
-3.545560 14.288406 18.417604 9.683249 14.185237 8.545356 11.239737 8.617324 15.441022 10.700847 12.141215 7.506541 8.751599 9.322019 3.242398 5.550187 11.700411 8.511493 2.375848 -2.862979 -6.964744 -11.745578 -12.631920 -15.304991 -18.671023 -12.697131 -4.475152 -3.710495 -5.948685 -8.131986 -18.489954 -23.507576 -24.012395 -40.595190 -33.050362 -24.580160 -29.982869 -34.954103 -36.542094 -38.910941 
-3.886303 13.477884 18.365940 7.918230 13.924053 8.967499 10.817524 8.747883 15.324379 10.386874 11.297066 5.500320 7.064145 8.903250 2.481977 1.751315 8.402655 8.162171 4.300795 -1.681195 -7.110592 -10.322582 -12.068123 -13.655226 -15.013900 -8.625257 -1.739482 -4.655887 -7.086424 -8.600609 -15.128435 -19.387477 -21.287038 -36.069314 -35.698017 -26.692148 -25.395421 -28.572880 -32.060385 -36.197880 
-7.907419 12.555559 18.137786 9.879458 13.909714 9.901205 9.912948 8.500246 15.237612 11.120369 10.804502 6.402904 5.966184 6.946788 2.102820 -1.102526 3.829821 8.247364 9.265212 3.419994 -3.722518 -8.084171 -10.146035 -12.052462 -11.817728 -6.321309 -0.235123 -5.761349 -5.976075 -6.982425 -14.659708 -22.098867 -24.151609 -37.948850 -32.095385 -19.761643 -23.698778 -32.091322 -32.670430 -29.817846 
-2.028594 14.824527 18.036385 8.590835 13.386411 6.508615 9.979449 7.508756 12.916239 11.381761 8.967263 4.557087 5.564690 3.000987 -4.085586 -5.695922 -3.923779 2.447920 6.825148 8.251258 0.812341 -8.107513 -10.350024 -12.650009 -11.478543 -5.382284 -3.909638 -9.921882 -10.118590 -9.466561 -17.620155 -21.793951 -25.697092 -42.659956 -35.691788 -23.455264 -27.753202 -31.037800 -33.087049 -31.757049 
-4.327926 14.154207 19.175858 9.181236 14.377727 10.811432 11.415396 10.398656 16.667587 12.075005 9.289755 3.411321 5.299718 2.075138 -3.233795 -5.351538 -5.421485 -2.848455 0.209011 6.023378 3.846441 -1.137582 -2.457818 -6.559048 -5.652196 -1.649746 -6.055771 -9.932188 -8.586689 -7.788255 -13.332990 -18.166663 -23.152566 -37.834701 -33.699720 -24.994425 -27.954299 -31.497640 -29.561794 -28.504497 
-5.546316 13.870403 19.683325 10.841097 14.614500 11.883058 10.507827 10.608740 17.884322 13.711692 8.531493 2.633394 1.789480 -1.434682 -4.107071 -10.316853 -9.570852 -7.499705 -7.868177 -2.805520 1.082984 3.120130 0.470465 -3.195477 -1.132012 1.203768 -7.172209 -9.074608 -6.640064 -6.547828 -11.653497 -15.920822 -20.317666 -36.994086 -30.666578 -19.337562 -24.588400 -31.441765 -27.987185 -25.445222 
-6.937850 12.689433 19.172439 10.850188 14.336905 11.903007 9.459617 11.604483 17.453024 13.427792 6.778458 0.255685 -1.581557 -5.454890 -7.208154 -12.063954 -15.606809 -9.908836 -10.230886 -6.882692 -1.645861 2.906613 3.302456 -1.378743 -0.454448 1.266531 -4.176117 -9.362911 -11.650366 -10.019320 -13.788324 -14.510296 -18.785930 -36.936429 -25.990184 -16.564595 -24.614513 -30.870118 -27.903634 -23.466548 
-5.292408 11.254133 19.187083 11.820700 13.045762 13.697990 9.143954 14.018173 13.128037 14.351865 1.301730 -2.719619 -2.281667 -6.769621 -9.467965 -13.534524 -16.499726 -12.389587 -11.173494 -8.653033 -7.235607 1.130212 4.463708 -0.363274 -0.799446 -0.383172 -7.741478 -14.013864 -13.916190 -10.888163 -14.687418 -18.526324 -22.292421 -36.947079 -31.752238 -20.137232 -27.354448 -32.251902 -32.312832 -30.610968 
-13.659198 9.842596 19.384798 12.305408 11.752257 14.353809 8.474310 15.432713 8.829385 13.401206 -2.122068 -4.491754 -4.956432 -11.640812 -13.536243 -17.300443 -19.784509 -17.691948 -15.539847 -13.964663 -11.522773 -2.449095 4.529548 0.143704 -2.690881 -0.767084 -6.942616 -12.001789 -10.922177 -6.445808 -9.939418 -16.941077 -22.543443 -35.213606 -29.377322 -22.799020 -24.630957 -27.169974 -27.829667 -25.416042 
-8.874200 11.501315 19.957468 12.872727 11.930924 14.281088 8.390824 15.537540 5.337103 11.398467 -3.229440 -4.557074 -9.091197 -12.483414 -15.384010 -18.723824 -19.340783 -18.360840 -18.241782 -16.042501 -12.678793 -6.313984 0.348161 -1.414433 -3.196632 -2.051405 -8.842586 -14.325088 -11.363539 -5.500220 -8.783190 -18.887418 -24.755489 -39.864327 -28.565081 -21.145955 -23.970561 -27.099428 -27.650187 -29.085977 
-10.043355 11.411392 20.084474 12.725458 12.262521 14.293721 8.817176 15.841532 5.218066 10.066937 -2.882270 -5.716175 -8.734558 -15.253503 -18.213580 -20.006567 -20.684247 -22.290476 -21.362304 -17.992199 -18.942281 -9.082440 -0.565347 -1.257064 -2.321995 -0.997628 -8.816163 -13.986271 -13.610417 -8.649708 -12.982581 -17.598592 -23.265089 -38.397533 -31.429522 -23.110860 -32.867388 -34.597306 -29.785503 -27.650459 
-10.029630 12.328890 20.054274 12.318662 13.550307 14.281077 9.920248 15.893762 5.678357 9.354397 -3.016725 -7.053634 -8.270074 -12.284473 -14.849768 -18.927145 -22.605833 -23.149162 -20.003431 -17.043038 -13.303531 -5.654443 2.190869 0.360671 -3.721653 -1.884238 -6.101681 -11.079424 -13.560979 -10.848126 -13.299602 -15.740058 -22.464596 -40.474610 -27.463592 -18.668166 -30.182427 -35.248152 -29.082632 -26.563028 
-6.288026 13.739843 19.478139 10.661338 15.141367 12.987876 12.192753 13.888265 9.275726 8.108006 -0.431500 -7.660021 -8.173231 -10.002503 -13.970791 -19.464789 -22.049808 -18.734780 -17.831718 -17.351681 -14.223864 -6.343261 1.390978 -0.196082 -2.002454 -0.721166 -8.389916 -14.462621 -12.392860 -8.187702 -11.549474 -18.283847 -23.841493 -37.841440 -31.378088 -23.883654 -29.356631 -34.105620 -29.255798 -23.850848 
-2.470477 14.495836 18.669444 9.816960 15.808558 11.123068 13.542761 11.959567 13.252806 5.608214 0.824904 -5.162590 -7.572009 -11.311187 -13.930141 -18.622485 -20.744950 -16.526127 -15.586076 -14.664994 -10.180272 0.487402 5.437819 -0.042742 -3.106519 -1.314996 -9.363591 -12.791633 -10.635132 -6.968870 -10.125239 -16.799622 -23.932555 -40.353232 -28.574089 -19.985028 -28.991895 -33.937037 -32.876257 -28.060468 
-2.036469 15.900134 18.506381 10.338780 16.331150 10.011757 13.959642 10.846558 15.958587 7.299441 1.024222 -2.967386 -5.481825 -9.225831 -11.949695 -15.412015 -19.878643 -15.752885 -12.793395 -10.378473 -6.584104 2.595093 5.007499 -0.077179 -2.332750 -0.297127 -7.645133 -11.132482 -9.012801 -3.278998 -7.856956 -15.821792 -22.390321 -42.457457 -33.901863 -23.732116 -28.409871 -28.920787 -27.404457 -28.252788 
0.660829 17.255999 19.169038 12.372205 16.079256 9.326119 13.457020 12.891129 16.507421 6.760717 1.085206 -2.535900 -5.639410 -8.395616 -10.274774 -14.578303 -17.659594 -14.036940 -12.240086 -7.907579 -2.516232 5.232970 4.605827 -1.242436 -0.680530 0.825116 -7.239833 -13.280349 -11.597931 -6.481451 -10.001566 -17.498926 -25.160793 -38.062453 -32.132029 -23.613281 -30.455620 -29.346406 -25.574425 -27.635527 
1.491919 18.288555 19.337672 13.234012 14.670917 9.482611 12.462498 15.301973 15.947784 11.342198 3.273038 -1.405607 -3.399200 -5.720895 -7.600440 -12.976222 -13.831132 -11.182688 -8.838321 -5.514238 0.310473 5.687812 2.433276 -2.286810 -0.953031 0.710147 -8.087609 -10.967131 -7.402930 -3.595928 -7.754589 -14.390652 -21.790598 -39.594296 -37.643911 -23.519169 -27.934401 -34.579007 -28.541472 -26.218979 
3.102550 18.666020 18.805723 13.727197 14.477237 9.881031 11.081013 16.341605 14.112733 13.498955 3.806590 -2.340976 -3.185684 -5.937518 -9.227518 -13.775186 -15.972529 -11.699838 -7.696658 -2.930115 3.988106 5.406702 -0.765815 -5.534942 -3.461710 0.331145 -5.474624 -10.348543 -7.418105 -3.983143 -8.252356 -17.965748 -23.415816 -42.896273 -36.360004 -23.150608 -30.916935 -36.006652 -30.763361 -27.601370 
3.584782 18.548512 17.704880 14.151198 13.631271 9.183181 9.658067 16.060783 13.015824 13.679470 4.228650 -1.593229 -3.363066 -5.752644 -9.118465 -11.983438 -16.293968 -11.092449 -8.984504 -2.064961 4.817044 3.564132 -2.124817 -5.062960 -3.383861 -3.293805 -11.955091 -16.345681 -12.468164 -6.021493 -9.174644 -15.884772 -21.486300 -38.049371 -35.195911 -25.447835 -26.774358 -27.205889 -27.783373 -32.146456 
4.086805 18.470183 16.513538 14.333180 12.754835 8.440781 8.425807 14.245103 12.624457 11.203913 1.904881 -4.466030 -5.867629 -7.902152 -10.756993 -15.105614 -17.643134 -13.392375 -8.544951 -1.595689 3.989204 0.647859 -3.704287 -5.200163 -1.987177 -3.787192 -13.056151 -17.042984 -11.544853 -5.242354 -9.128520 -19.184673 -22.908881 -43.216595 -42.503505 -31.382070 -36.737737 -41.043443 -33.484073 -34.824539 
5.899761 18.391881 15.325397 13.934646 11.690113 7.806465 8.768591 13.154119 12.690310 8.212633 1.203534 -6.242550 -6.363617 -8.605261 -10.645877 -16.376703 -18.445518 -14.210977 -9.429841 0.420509 4.475806 -2.082267 -5.478694 -7.182866 -3.495847 -2.590051 -12.106593 -17.553921 -12.413504 -7.395155 -11.549186 -22.016159 -29.343521 -41.552876 -39.864426 -33.753361 -37.696990 -42.187500 -31.880619 -33.299416 
5.704464 17.869149 13.600843 13.031322 10.704710 6.407622 8.788526 11.939113 9.992218 4.446424 -3.359687 -10.249509 -9.564273 -10.056243 -11.693933 -17.176689 -19.499950 -14.698572 -10.248815 -1.887465 -2.608083 -10.311341 -13.506011 -13.146557 -8.722800 -7.929935 -19.112108 -22.211755 -15.417433 -7.355940 -9.765504 -24.176820 -33.123928 -36.319168 -35.712546 -32.846758 -36.296637 -37.480151 -36.658175 -35.378422 
6.213120 17.640721 12.979929 12.459635 8.303561 5.708595 8.170487 5.938471 1.212139 -4.461059 -10.971995 -16.908686 -15.860638 -16.197896 -16.437796 -22.052761 -22.286259 -16.603438 -9.368659 -6.728174 -13.099244 -16.502013 -17.411063 -17.156011 -15.662531 -19.337735 -28.095804 -27.513658 -18.788890 -10.052745 -15.888908 -30.725176 -36.187587 -40.015685 -40.302489 -40.530729 -41.696231 -41.759694 -41.913870 -40.405468 
6.726929 18.536100 14.500859 13.567296 10.955911 5.176529 4.070922 1.357762 -8.438397 -13.936411 -19.108497 -25.243066 -28.733769 -26.948745 -28.690892 -30.232832 -30.571421 -32.663285 -25.749298 -18.777970 -26.842839 -27.258249 -28.973263 -23.382787 -27.750885 -38.493695 -44.572228 -46.077392 -36.498070 -26.910639 -30.341700 -39.900176 -42.417002 -43.582329 -44.387698 -45.118750 -45.539621 -46.046564 -46.223070 -46.062457 
6.342105 18.705849 14.901046 14.116248 10.455967 4.944887 1.178538 0.196216 -7.911553 -13.808376 -20.205430 -25.670705 -27.286863 -27.602254 -30.413084 -28.789312 -32.048681 -34.934717 -26.110654 -24.806336 -30.113212 -27.721549 -25.968135 -22.884576 -30.168469 -40.962254 -45.023709 -45.152474 -39.668512 -28.977108 -29.453318 -44.541651 -46.960786 -46.736239 -48.041225 -48.308281 -48.840213 -48.537977 -48.547436 -48.813148 
7.945385 19.045949 14.878044 13.947678 9.228325 4.401601 -1.018815 -1.330003 -11.366175 -17.661855 -24.323451 -33.836366 -29.528401 -30.750257 -32.686949 -32.775524 -33.823954 -38.943290 -29.652922 -27.161584 -31.565817 -29.330402 -26.308518 -21.857562 -28.455518 -40.875176 -48.690291 -48.363237 -44.972911 -36.606809 -39.707349 -43.867829 -47.386993 -50.042563 -51.213117 -52.190179 -50.438055 -50.343400 -51.031600 -51.575476 
8.057096 18.974282 14.534826 14.084272 8.626172 4.347076 -0.324164 -2.147507 -10.052091 -17.340050 -21.412524 -26.456060 -30.458849 -34.385887 -34.099795 -32.895746 -35.260136 -39.736821 -31.453940 -29.580859 -33.662414 -32.442606 -28.099131 -23.265836 -30.388670 -43.458210 -48.442369 -50.314338 -46.312097 -39.406098 -40.672288 -43.423151 -45.947981 -50.621234 -52.562074 -52.598054 -52.099691 -51.489588 -52.232732 -53.680512 
9.180253 18.745647 14.378238 14.157279 7.538142 3.729422 1.254089 -3.779819 -9.829382 -17.974423 -24.367014 -29.706425 -31.608727 -35.696220 -34.511794 -33.165870 -36.981668 -39.451814 -30.046398 -29.070099 -36.535842 -33.740509 -30.948241 -26.071517 -32.520970 -46.714707 -50.207505 -51.202845 -49.692512 -41.818714 -38.916436 -44.841915 -46.349138 -50.582630 -53.872262 -52.134875 -51.265245 -50.034199 -52.239496 -52.877645 
9.132728 18.526116 13.973965 13.613635 6.978179 1.942148 0.738883 -6.389751 -10.967601 -17.874038 -25.007571 -34.357128 -33.388961 -34.658876 -32.928507 -35.097162 -40.692785 -41.495732 -32.228870 -32.952581 -34.597792 -34.297137 -35.032255 -30.250107 -35.628627 -47.643393 -51.135018 -51.862022 -47.349426 -42.974948 -42.742737 -47.393518 -47.726482 -52.271854 -52.815501 -51.814499 -51.681786 -51.203909 -51.364273 -53.138003 
9.184028 18.307155 13.408194 12.950168 6.774348 2.038281 -2.462618 -6.340774 -14.064720 -16.671942 -22.973162 -30.972377 -33.520808 -35.880446 -36.231705 -39.023796 -43.967308 -39.257552 -29.388235 -27.902120 -32.946742 -34.577479 -34.967334 -32.057361 -35.670514 -45.979059 -52.622172 -51.602129 -46.344271 -41.415521 -41.925440 -46.046738 -47.618751 -48.746299 -51.898697 -51.939641 -52.519673 -51.687419 -49.093479 -50.961033 
8.442635 16.970592 12.274428 10.313503 6.121457 -2.361756 -4.166014 -13.285385 -22.599710 -26.352746 -25.456501 -29.417781 -33.438774 -35.934034 -40.763250 -42.885744 -41.925641 -45.077610 -31.474558 -33.896500 -37.704327 -37.926335 -38.064202 -29.706983 -33.736327 -43.367756 -53.917816 -51.947676 -45.596609 -41.744108 -45.831698 -50.758068 -51.653135 -50.175317 -52.248146 -54.810789 -54.325693 -53.135258 -52.656741 -52.302883 
9.598876 16.141031 13.009818 4.608785 2.758861 -0.836428 -6.805557 -12.131697 -25.533163 -26.014542 -34.559165 -36.521655 -36.959983 -33.647142 -39.377119 -39.603006 -36.527066 -38.986789 -34.889409 -30.926096 -35.065970 -36.597689 -38.789561 -28.039295 -29.392484 -39.994042 -52.436856 -52.079756 -47.166925 -40.884872 -42.136595 -49.284328 -50.166790 -50.105943 -51.070432 -54.090565 -55.767542 -53.991864 -54.841700 -56.258423 
9.928665 13.101236 7.544121 9.134439 -0.358470 -5.951347 -6.355142 -11.051778 -23.532803 -27.048366 -29.444793 -29.505518 -32.013413 -30.168965 -32.463738 -32.127729 -32.125225 -34.222823 -34.922447 -30.419922 -35.882771 -34.482885 -32.681056 -34.451344 -31.099192 -38.641337 -43.801282 -43.593493 -43.742363 -42.395330 -43.491915 -43.064167 -43.273601 -47.225566 -47.968534 -47.661210 -47.564910 -48.049697 -48.748099 -48.989456 
10.195242 17.682276 13.936933 7.900437 0.483565 -3.263669 -10.090372 -14.884816 -23.206420 -26.500377 -29.620646 -34.137081 -33.982311 -37.719118 -36.725828 -36.475973 -37.073944 -38.879896 -29.822475 -25.809544 -33.772472 -38.947277 -39.663087 -34.256906 -30.456844 -37.387044 -46.209613 -45.055379 -40.366632 -36.276105 -43.800050 -46.194816 -48.484611 -51.606265 -51.551364 -49.736502 -50.459121 -50.579055 -51.996053 -52.256989 
4.321251 16.182053 12.603958 3.564425 -3.106448 -5.502204 -9.022934 -11.531276 -25.336126 -30.044755 -31.611271 -34.914985 -38.139057 -42.267112 -41.128776 -38.677843 -37.867594 -36.364651 -32.623915 -31.954026 -41.055317 -41.486765 -44.866360 -39.377849 -35.295547 -41.386918 -50.007991 -53.291933 -45.746476 -44.045678 -47.505911 -52.414648 -51.902609 -54.201715 -55.752683 -55.810762 -53.149018 -53.405778 -53.694896 -55.529009 
6.293843 13.979646 11.601865 3.371212 -12.094077 -11.476576 -10.516596 -8.957176 -14.465238 -18.434553 -17.814163 -22.408076 -24.319845 -27.227340 -29.355881 -34.047473 -36.036620 -38.248945 -29.405507 -31.860939 -34.797199 -39.109703 -37.638001 -40.745882 -34.731635 -38.958869 -46.703047 -46.821439 -45.026507 -41.113148 -42.269571 -45.407630 -50.228032 -53.174642 -52.707142 -54.462577 -53.173103 -53.496695 -52.829699 -55.743777 
-2.055676 0.822811 0.297005 -3.467970 -8.993179 -11.978117 -12.837767 -13.277510 -16.539264 -18.847150 -20.864978 -23.297895 -25.784309 -28.669904 -31.439521 -35.720842 -40.125829 -43.716637 -37.478894 -35.755826 -37.661505 -40.111341 -41.177472 -45.480237 -49.636963 -49.814748 -52.150884 -51.536681 -50.706449 -48.827802 -50.880614 -54.827523 -54.706452 -57.189289 -58.594874 -59.507898 -57.625146 -59.212077 -58.883045 -59.734599 
-43.856339 -39.788026 -42.058017 -50.850638 -61.458032 -62.181681 -65.739741 -64.629420 -76.146279 -77.050881 -82.162452 -78.274925 -74.244987 -72.690913 -73.516527 -74.581810 -79.085591 -86.058407 -85.376028 -78.211219 -80.988796 -78.075721 -76.872540 -79.683599 -78.315591 -76.356768 -85.492976 -84.844464 -85.560559 -85.913776 -86.569061 -82.456431 -83.313256 -85.671855 -86.433484 -84.421344 -82.952938 -87.004187 -89.037328 -89.540521 
-69.909769 -70.463899 -71.408986 -73.064481 -75.486022 -79.264064 -84.745502 -91.819425 -91.647276 -90.975341 -95.525181 -104.213216 -96.415916 -96.649479 -103.935023 -96.518050 -93.750836 -96.814208 -97.773004 -100.551041 -101.042998 -95.080820 -96.420122 -95.536532 -100.192098 -99.213506 -103.329641 -104.092306 -107.290605 -112.307447 -106.135346 -103.417048 -101.092035 -105.885774 -109.909890 -106.995643 -109.099117 -106.943624 -106.056936 -108.962640 
NaN NaN NaN NaN NaN NaN NaN NaN NaN NaN NaN NaN NaN NaN NaN NaN NaN NaN NaN NaN NaN NaN NaN NaN NaN NaN NaN NaN NaN NaN NaN NaN NaN NaN NaN NaN NaN NaN NaN NaN 
NaN NaN NaN NaN NaN NaN NaN NaN NaN NaN NaN NaN NaN NaN NaN NaN NaN NaN NaN NaN NaN NaN NaN NaN NaN NaN NaN NaN NaN NaN NaN NaN NaN NaN NaN NaN NaN NaN NaN NaN 
NaN NaN NaN NaN NaN NaN NaN NaN NaN NaN NaN NaN NaN NaN NaN NaN NaN NaN NaN NaN NaN NaN NaN NaN NaN NaN NaN NaN NaN NaN NaN NaN NaN NaN NaN NaN NaN NaN NaN NaN 
NaN NaN NaN NaN NaN NaN NaN NaN NaN NaN NaN NaN NaN NaN NaN NaN NaN NaN NaN NaN NaN NaN NaN NaN NaN NaN NaN NaN NaN NaN NaN NaN NaN NaN NaN NaN NaN NaN NaN NaN 
NaN NaN NaN NaN NaN NaN NaN NaN NaN NaN NaN NaN NaN NaN NaN NaN NaN NaN NaN NaN NaN NaN NaN NaN NaN NaN NaN NaN NaN NaN NaN NaN NaN NaN NaN NaN NaN NaN NaN NaN 
NaN NaN NaN NaN NaN NaN NaN NaN NaN NaN NaN NaN NaN NaN NaN NaN NaN NaN NaN NaN NaN NaN NaN NaN NaN NaN NaN NaN NaN NaN NaN NaN NaN NaN NaN NaN NaN NaN NaN NaN 
NaN NaN NaN NaN NaN NaN NaN NaN NaN NaN NaN NaN NaN NaN NaN NaN NaN NaN NaN NaN NaN NaN NaN NaN NaN NaN NaN NaN NaN NaN NaN NaN NaN NaN NaN NaN NaN NaN NaN NaN 
NaN NaN NaN NaN NaN NaN NaN NaN NaN NaN NaN NaN NaN NaN NaN NaN NaN NaN NaN NaN NaN NaN NaN NaN NaN NaN NaN NaN NaN NaN NaN NaN NaN NaN NaN NaN NaN NaN NaN NaN 
NaN NaN NaN NaN NaN NaN NaN NaN NaN NaN NaN NaN NaN NaN NaN NaN NaN NaN NaN NaN NaN NaN NaN NaN NaN NaN NaN NaN NaN NaN NaN NaN NaN NaN NaN NaN NaN NaN NaN NaN 
NaN NaN NaN NaN NaN NaN NaN NaN NaN NaN NaN NaN NaN NaN NaN NaN NaN NaN NaN NaN NaN NaN NaN NaN NaN NaN NaN NaN NaN NaN NaN NaN NaN NaN NaN NaN NaN NaN NaN NaN 
NaN NaN NaN NaN NaN NaN NaN NaN NaN NaN NaN NaN NaN NaN NaN NaN NaN NaN NaN NaN NaN NaN NaN NaN NaN NaN NaN NaN NaN NaN NaN NaN NaN NaN NaN NaN NaN NaN NaN NaN 
NaN NaN NaN NaN NaN NaN NaN NaN NaN NaN NaN NaN NaN NaN NaN NaN NaN NaN NaN NaN NaN NaN NaN NaN NaN NaN NaN NaN NaN NaN NaN NaN NaN NaN NaN NaN NaN NaN NaN NaN 
NaN NaN NaN NaN NaN NaN NaN NaN NaN NaN NaN NaN NaN NaN NaN NaN NaN NaN NaN NaN NaN NaN NaN NaN NaN NaN NaN NaN NaN NaN NaN NaN NaN NaN NaN NaN NaN NaN NaN NaN 
NaN NaN NaN NaN NaN NaN NaN NaN NaN NaN NaN NaN NaN NaN NaN NaN NaN NaN NaN NaN NaN NaN NaN NaN NaN NaN NaN NaN NaN NaN NaN NaN NaN NaN NaN NaN NaN NaN NaN NaN 
NaN NaN NaN NaN NaN NaN NaN NaN NaN NaN NaN NaN NaN NaN NaN NaN NaN NaN NaN NaN NaN NaN NaN NaN NaN NaN NaN NaN NaN NaN NaN NaN NaN NaN NaN NaN NaN NaN NaN NaN 
