-7.867814 2.527814 7.980591 7.364772 5.091807 3.236040 -5.578283 -8.116657 -7.921474 -13.170888 -18.725583 -23.573136 -16.094990 -21.006841 -21.786565 -21.130967 -21.858267 -22.803365 -24.499310 -25.920377 -27.259024 -27.289006 -28.951029 -27.504117 -25.704873 -28.483618 -29.394161 -30.140735 -31.018019 -31.899660 -32.176849 -32.799466 -33.742453 -34.468585 -34.916599 -35.364949 -36.692252 -37.064358 -38.395149 -40.305118 
-17.283438 3.099350 13.472909 7.499743 3.747813 9.383807 -2.706313 -2.228846 -10.557916 -22.538563 -22.789107 -16.426025 -17.573779 -19.954562 -31.922345 -31.394239 -33.853528 -34.416201 -26.764298 -29.443372 -35.163502 -35.134107 -31.117759 -25.375252 -28.845056 -39.348226 -43.773888 -42.511649 -44.225280 -45.138445 -44.401087 -45.039792 -45.982841 -41.213856 -38.655700 -40.983821 -44.100132 -46.624321 -46.176460 -50.279703 
-17.957347 5.321992 14.493791 7.774669 7.815192 11.435274 -1.590232 0.451997 -11.327580 -18.558860 -20.379515 -13.761741 -15.044188 -20.490934 -29.475184 -30.878444 -38.972207 -31.559527 -25.941289 -27.417209 -33.938253 -34.286671 -28.948434 -20.949097 -25.635396 -39.120785 -47.013394 -49.498893 -46.243758 -44.273026 -48.117330 -51.474994 -45.736558 -37.180478 -35.180558 -36.719613 -42.153037 -48.716155 -50.957819 -55.192113 
-16.396685 6.061908 15.197133 8.150325 8.911120 12.401851 -1.874612 0.972682 -11.591704 -18.541281 -19.442810 -15.049250 -14.594184 -20.899580 -31.575634 -31.777881 -40.540238 -32.679200 -25.759001 -25.592693 -32.807197 -34.326435 -27.150804 -17.939694 -28.610592 -42.161047 -46.528463 -45.511116 -42.697662 -42.955845 -45.697684 -49.268400 -49.805182 -37.690608 -33.823477 -36.478720 -44.122656 -50.034039 -49.168830 -56.159753 
-16.918793 6.240853 15.770539 9.387760 8.749270 13.067140 0.117019 2.077933 -10.058515 -18.440072 -18.961260 -14.050368 -16.292129 -20.214172 -27.224519 -32.075210 -38.564043 -29.236306 -24.207587 -25.786716 -31.188225 -31.864725 -23.645727 -17.394497 -28.437583 -38.426819 -41.946583 -42.700360 -40.119844 -44.373649 -45.244524 -43.669787 -44.559461 -40.856659 -32.584191 -32.015368 -37.357779 -44.056968 -50.045590 -51.457171 
-16.807464 5.306966 16.060871 10.567397 7.008397 13.719974 1.536701 1.935907 -6.650532 -22.755139 -20.731260 -10.618209 -17.166747 -19.302579 -26.885273 -30.307634 -34.675032 -29.372576 -21.077274 -28.671721 -33.163796 -34.342934 -22.557563 -19.880406 -30.181362 -37.182136 -43.789311 -44.704334 -39.291353 -42.317187 -42.412402 -43.854324 -42.943672 -33.960843 -28.185137 -31.172901 -38.941362 -42.723003 -44.600929 -45.533674 
-20.983152 4.174909 16.209699 11.958366 5.463229 14.187620 4.216708 1.000458 -3.880592 -19.909432 -20.075698 -9.831990 -17.695809 -22.850080 -30.844282 -31.832947 -34.698312 -29.432601 -24.329886 -29.554545 -29.367994 -29.019090 -21.356696 -20.325763 -31.526663 -38.090072 -43.368977 -43.053274 -41.756161 -43.062605 -41.337519 -47.397555 -46.346881 -31.367541 -27.414980 -30.387021 -38.171562 -40.289969 -43.534134 -49.563377 
-23.231419 2.552645 16.277353 13.649367 3.011681 14.168509 7.076813 -0.992514 -0.774821 -17.849615 -17.169132 -8.541897 -10.706108 -27.998546 -32.522755 -33.218342 -31.548131 -27.282326 -25.938990 -26.695415 -29.903692 -29.018755 -19.926226 -20.545987 -32.501613 -40.353690 -42.764312 -39.972215 -37.965206 -42.213223 -41.741815 -43.285498 -40.366278 -31.928927 -29.785185 -33.160606 -38.115509 -40.452928 -42.289786 -49.589455 
-16.493683 1.037762 16.154714 15.819200 2.887497 13.365576 10.991559 -2.495572 -0.450218 -13.166804 -10.547599 -9.103295 -5.380321 -18.496838 -24.210313 -22.536340 -21.479712 -18.579674 -18.963962 -19.818995 -23.744557 -25.620482 -20.487226 -18.253661 -24.994954 -30.406570 -30.551964 -30.755176 -30.594288 -33.058743 -36.106753 -35.735149 -34.380929 -30.450983 -26.148882 -26.712500 -33.610758 -34.101006 -34.900609 -38.545168 
-13.883060 -3.706296 15.245774 17.773383 3.838882 10.892911 15.948680 1.742314 2.779651 -4.088096 -3.436699 -8.560770 -4.283091 -12.438270 -20.236565 -20.108180 -17.969182 -17.946596 -11.956998 -7.523733 -7.920787 -11.247046 -11.909490 -10.658685 -21.971327 -26.443544 -26.611543 -27.892067 -22.182181 -22.544854 -33.615243 -38.429004 -38.095715 -30.839088 -30.443030 -27.911092 -32.130531 -29.460076 -31.765789 -40.009884 
-14.554308 -5.702303 14.329202 18.619755 6.061654 13.212708 19.505248 7.971367 6.722209 3.902894 -4.760177 -2.124464 -5.533689 -7.695866 -17.064761 -21.593742 -19.720466 -16.184835 -13.369289 -10.230385 -2.920508 -0.305069 -2.640036 -2.978383 -9.345131 -16.485595 -19.418121 -21.472998 -12.201161 -11.674313 -20.297776 -28.656461 -32.310933 -27.507246 -24.926934 -25.574581 -32.401107 -27.666677 -25.970322 -36.081802 
-12.832455 -11.125395 12.415186 19.538742 8.660987 9.180147 20.916754 11.829932 2.474034 6.792266 -8.512823 0.319139 -9.578747 -7.006110 -16.819277 -17.752383 -19.380772 -18.380059 -16.741898 -13.348318 -10.880259 -3.146215 0.910701 0.099590 -1.369579 -4.573008 -12.500960 -19.864540 -10.965253 -7.294388 -14.770065 -25.593644 -31.535417 -20.964342 -18.332327 -19.966993 -31.380501 -29.314094 -27.228208 -39.925419 
-20.664862 -23.738460 10.138148 20.050994 11.532244 4.890774 21.437998 16.691943 -4.813144 6.840634 -5.816674 -0.320500 -5.942341 -10.356239 -14.993855 -18.120454 -21.246627 -17.792757 -20.185508 -18.251016 -14.240028 -9.422184 -1.503138 -0.185186 -1.049132 -0.338795 -6.041777 -16.710828 -9.691235 -5.029562 -11.695432 -21.783583 -27.793935 -18.832883 -15.800375 -18.457373 -27.278566 -24.535936 -24.882379 -41.179970 
-21.067114 -20.111158 8.458289 20.149416 13.065503 2.032871 21.046743 19.555012 -8.003943 5.491766 -3.148894 -2.815646 -2.760822 -15.948213 -13.647896 -21.670440 -23.020242 -16.343099 -21.017940 -20.261098 -14.270847 -10.756532 -1.503138 0.633914 -1.107232 -0.328044 -3.027140 -12.994898 -9.259183 -2.083817 -9.391302 -16.865281 -25.671651 -14.651810 -11.322794 -13.502488 -24.184321 -20.130488 -20.088083 -38.095642 
-20.528145 -14.883268 6.701699 20.137018 14.577167 -2.107078 19.729580 21.078755 -6.080416 3.584505 -0.588739 -5.896422 -1.479162 -17.893251 -14.109386 -27.554753 -25.032854 -16.102512 -21.624643 -21.469387 -15.001772 -11.933823 -3.391636 0.248089 -2.865075 -1.461305 -1.397213 -11.653320 -9.963051 -3.314036 -8.029198 -17.298246 -25.310982 -14.837941 -11.177638 -11.933613 -23.663441 -19.673585 -19.353457 -38.057479 
-18.306717 -16.398932 5.044861 19.956601 15.504356 -6.323256 17.910504 22.005960 -1.220417 1.665665 1.092934 -8.010568 -0.489416 -13.543269 -13.147949 -19.307447 -20.418154 -15.481953 -16.532077 -19.380353 -15.772053 -13.930521 -5.925585 2.175557 -5.486445 -3.754215 -1.356550 -11.379900 -8.397299 -4.562993 -8.761962 -15.245432 -25.559416 -15.027215 -10.914032 -11.454429 -22.454272 -18.961849 -18.174568 -32.518856 
-12.662370 -16.958972 2.448853 19.680004 16.525590 -5.158524 16.373578 22.724419 2.147371 -0.743708 1.950200 -10.915374 0.112425 -12.273210 -14.117604 -21.139275 -21.830382 -18.791167 -16.089360 -20.495177 -17.421250 -14.721640 -8.804595 3.890165 -5.293041 -4.941245 -2.259726 -11.291488 -9.531655 -2.591201 -8.675634 -15.737045 -25.156799 -14.576873 -9.803589 -11.108511 -21.603096 -19.162658 -18.843296 -32.237321 
-12.548348 -17.603657 0.224018 19.317741 17.220631 -5.780921 14.479970 23.236386 5.800289 -3.205417 3.016565 -12.756863 -0.140721 -9.981802 -15.296430 -21.660147 -21.906088 -21.371770 -15.828882 -20.776441 -18.830129 -14.933673 -11.509311 3.796546 -2.443527 -4.175224 -2.853478 -10.234432 -12.096871 -3.425052 -7.214704 -17.468397 -24.722779 -14.598491 -11.007051 -12.173132 -22.174157 -17.860537 -16.054774 -31.814962 
-24.237521 -24.456614 -1.525415 18.913884 17.909026 -4.786040 13.015645 23.662657 8.788306 -4.647673 4.002267 -12.493291 -1.136335 -7.768483 -15.982345 -19.738352 -20.769990 -21.875195 -16.596155 -20.672050 -20.403839 -15.046076 -11.171250 2.903335 -0.406442 -4.486104 -3.609046 -11.264712 -10.998904 -6.442522 -9.362772 -17.052984 -26.056407 -16.111584 -11.980068 -12.215775 -22.997896 -20.044553 -18.358196 -30.235915 
-15.758809 -13.199735 -3.619682 18.651858 18.136739 -2.803011 11.512653 23.656954 9.871914 -7.541040 4.151149 -11.781299 -2.490660 -7.107443 -19.115088 -20.365295 -23.730474 -25.979107 -18.849696 -23.726450 -21.873263 -16.008768 -13.193617 0.277196 0.351383 -3.872382 -4.035186 -12.643259 -11.359418 -8.691807 -12.147760 -16.466289 -26.799929 -16.182335 -11.779226 -13.165642 -23.177844 -20.383955 -19.849684 -34.526184 
-28.980660 -25.495519 -4.044391 18.359599 18.354047 -3.210771 10.413849 23.411104 10.572535 -7.914260 4.180684 -10.685520 -2.670539 -6.574157 -17.352227 -17.236114 -20.477237 -22.386319 -19.024401 -21.719554 -20.217691 -16.243993 -12.945315 -1.251986 0.411817 -4.395708 -4.425775 -14.241847 -11.362237 -8.172371 -12.552739 -15.487647 -26.492109 -17.110019 -12.671188 -14.311283 -22.693943 -20.642087 -20.454588 -32.793808 
-20.398636 -21.908555 -4.176487 18.256573 18.171810 -4.004906 9.594195 23.101781 10.391667 -8.208651 3.806761 -13.665606 -3.265287 -7.446727 -19.943064 -19.929018 -24.591235 -27.538329 -20.348172 -25.068852 -22.468901 -17.389957 -14.650631 -1.928732 0.284647 -4.458598 -4.105461 -14.955445 -11.554768 -8.439907 -13.720704 -16.693820 -27.452272 -16.379960 -11.681520 -12.634304 -22.669706 -21.208511 -19.746596 -35.635240 
-14.047891 -16.350646 -3.974553 18.240030 18.080850 -3.114119 9.664742 22.948773 10.178352 -8.450160 3.665079 -13.203038 -3.418679 -6.994124 -19.685391 -19.719616 -25.111253 -26.844471 -20.013081 -24.604113 -23.228653 -17.896291 -15.886044 -2.245603 -0.129127 -5.478451 -5.611940 -15.549401 -12.673402 -9.793368 -14.907696 -16.737874 -27.318597 -17.945000 -12.970553 -14.104454 -23.647046 -21.350259 -20.183668 -35.648080 
-16.588401 -16.508349 -4.564785 18.292511 17.919674 -2.797879 10.385163 22.799498 9.498444 -7.407831 3.254373 -12.128044 -2.993530 -7.215882 -19.336164 -19.946135 -23.388103 -24.943331 -19.370472 -24.008380 -24.214823 -18.056598 -16.882703 -1.556336 0.179756 -4.893092 -5.324836 -14.635712 -12.069692 -9.275572 -12.897913 -14.889252 -26.791947 -17.013431 -11.465830 -12.549785 -22.257138 -20.931344 -21.102022 -33.229858 
-16.745126 -18.898003 -1.995505 18.530634 17.400952 -4.298882 12.044468 22.658375 8.137130 -4.034993 2.932718 -14.375913 -1.037331 -8.471675 -18.804197 -22.612485 -23.865657 -25.724424 -19.282526 -23.794558 -22.553192 -17.944511 -16.376231 0.494507 0.998127 -2.640011 -4.263281 -12.518164 -12.211996 -7.789626 -10.282575 -14.881254 -26.725882 -14.993820 -10.311778 -10.968148 -22.027770 -20.562596 -20.238604 -36.401574 
-20.838370 -17.890124 2.091372 18.779989 15.803860 -5.927151 14.943651 21.869987 3.910803 0.420401 1.250062 -9.291888 0.627632 -11.454299 -16.738128 -23.209612 -23.373931 -21.830672 -18.311857 -22.522103 -20.300948 -18.687454 -14.161819 -0.050986 1.269154 -1.582100 -3.082153 -12.206309 -12.703978 -5.990774 -9.498318 -15.053993 -25.519998 -14.970655 -9.757358 -10.446353 -21.986456 -19.432946 -18.262490 -31.583584 
-18.047226 -17.486493 4.474267 18.924998 13.859701 -3.998968 17.245268 20.028088 -2.964766 3.615357 -2.291718 -5.446452 -0.196596 -16.517513 -16.932036 -21.949888 -22.413610 -16.962374 -19.961113 -21.939584 -18.090011 -16.654360 -11.832015 -1.503901 2.771262 -1.610940 -2.708039 -12.854127 -12.388530 -7.559975 -8.818287 -13.096644 -23.457562 -14.666922 -10.219670 -10.831048 -21.737319 -18.484151 -17.173648 -31.266987 
-22.131978 -21.863394 7.727129 18.682413 11.330712 1.245609 18.431563 16.821393 -2.428416 6.714372 -4.598308 -0.458494 -2.172821 -13.413697 -17.534282 -24.389449 -26.155714 -17.829071 -21.989473 -23.447175 -18.972840 -15.543148 -12.268084 1.980640 3.168595 0.097391 -1.945334 -11.799200 -12.053559 -5.801408 -8.078707 -12.721982 -25.128970 -15.671217 -10.677800 -11.014612 -22.671567 -20.260919 -19.799991 -38.360675 
-20.377867 -16.683613 10.394719 17.885672 7.271371 6.026587 18.121459 9.695121 3.639196 7.886485 -5.821853 2.077695 -7.124999 -7.800561 -17.206506 -18.778057 -20.359227 -22.042923 -18.682886 -20.593075 -18.972679 -16.390869 -10.917890 0.883166 3.456273 0.480039 -2.045549 -11.718440 -12.328662 -6.244652 -8.399423 -13.269493 -26.051338 -15.937799 -9.990668 -10.005412 -22.207182 -22.618526 -22.302717 -32.783121 
-20.138889 -7.522240 12.546535 16.922806 3.976188 10.859048 16.860060 4.105538 9.341786 6.224291 -2.259639 0.300994 -7.138095 -6.662139 -17.774404 -18.083500 -21.479957 -17.241509 -18.669729 -22.283792 -18.332116 -15.958252 -11.402815 2.149528 3.018643 0.253863 -2.244974 -11.565308 -11.778030 -6.135843 -7.699993 -13.661408 -26.629628 -16.215572 -10.713302 -11.103049 -22.295237 -22.866805 -22.350797 -34.511666 
-15.740303 -3.192151 14.341045 14.998034 0.533364 14.417621 13.299424 4.058726 13.694233 1.367357 1.705301 -5.777936 -1.706167 -10.405103 -19.001903 -24.665108 -25.609615 -19.766409 -21.465951 -23.576487 -19.606368 -16.541317 -11.911692 1.075192 3.200465 0.454841 -2.540322 -11.803701 -12.232476 -6.435760 -10.293850 -16.866275 -29.629823 -18.663717 -11.878832 -11.847741 -20.015521 -18.180421 -17.450215 -35.744869 
-18.892731 2.113783 15.271978 12.970097 5.684940 16.900411 10.866992 12.001457 14.403483 1.192740 0.846341 -2.611549 -2.941831 -14.955311 -21.551813 -21.984723 -24.905292 -20.137737 -21.349967 -23.249676 -19.461501 -16.066418 -10.914759 0.402908 2.446870 -0.541668 -3.949642 -14.500154 -14.522716 -9.196943 -10.932986 -15.846536 -28.907296 -15.952378 -11.358331 -11.985824 -22.454153 -18.832314 -17.816738 -36.659503 
-18.300089 4.798695 15.609493 10.773828 11.055870 17.848729 9.494781 16.900425 11.763113 3.634563 -3.550395 -0.176800 -7.351605 -13.019389 -18.758313 -22.015342 -24.682314 -20.668662 -21.286005 -22.425921 -19.245401 -16.241009 -11.196402 1.014725 2.004624 -0.329843 -4.566734 -13.692749 -13.595919 -8.546444 -10.024238 -14.994595 -28.429815 -16.025663 -9.435944 -11.146347 -22.928211 -17.473457 -16.710541 -32.539158 
-12.365296 7.418699 15.389759 8.671796 15.084959 17.113493 10.681918 17.371045 4.862525 3.665246 -2.407637 -3.519785 -6.395965 -13.991658 -19.904434 -20.507490 -23.129614 -19.870678 -20.997483 -22.366570 -19.531012 -16.260319 -10.593588 1.015765 1.226299 -0.489553 -4.120670 -12.841402 -13.133915 -7.372517 -8.544461 -13.672971 -28.477469 -17.080408 -11.225790 -10.962574 -22.050438 -18.235708 -18.437514 -32.478232 
-9.789769 8.957299 15.271175 7.447272 17.409096 15.622559 13.004823 14.453007 5.366671 2.448897 -0.953102 -5.846903 -6.547854 -15.157304 -19.221073 -21.870507 -23.378432 -20.733724 -21.685293 -21.595764 -19.947296 -16.089151 -10.744154 1.146471 1.177383 -0.747116 -4.534921 -13.268575 -14.098041 -8.437072 -10.103360 -15.409977 -30.438171 -18.869118 -11.577683 -10.488932 -20.992209 -17.719986 -16.149310 -31.236777 
-9.576359 10.098046 14.874497 9.102779 18.709719 13.560994 13.637503 10.331087 8.437790 -0.224498 -2.051428 -6.504396 -10.019409 -16.027393 -20.367721 -21.581259 -23.537842 -21.846035 -23.332912 -23.021651 -19.885145 -17.292133 -10.990735 0.174721 0.384129 -1.878757 -6.197014 -13.242885 -13.204760 -7.501800 -8.536027 -14.556946 -29.652683 -18.250127 -11.355326 -10.753180 -21.366727 -18.134953 -16.763767 -31.619685 
-6.604956 10.933477 14.269805 11.034158 19.030716 12.503705 12.722917 7.243264 9.628287 -0.250839 -3.967647 -6.886802 -12.247696 -16.100547 -21.421948 -21.679749 -24.344671 -22.585885 -22.871655 -21.951501 -19.282808 -15.678514 -9.643525 0.102840 0.554875 -1.285311 -4.933888 -13.152412 -13.986178 -8.686244 -9.557184 -15.512159 -31.261126 -19.126541 -13.420991 -11.617680 -21.435076 -20.612188 -18.186158 -32.904765 
-5.574163 11.386596 13.553689 12.368502 18.578106 11.205318 11.348592 7.785779 9.487179 -0.686275 -5.743894 -8.494071 -10.345787 -16.944655 -21.433468 -21.895584 -24.575587 -23.147549 -21.947449 -22.133276 -19.215812 -15.865022 -10.332536 -0.228911 -1.290898 -2.900884 -6.723889 -14.286482 -15.260024 -10.094451 -10.679921 -15.981622 -33.087500 -20.916103 -14.701369 -15.129121 -24.246785 -20.922426 -20.488752 -34.101706 
-4.760280 11.359884 12.168517 12.885556 17.377338 9.498530 8.813859 8.957351 7.954551 -2.560867 -8.414666 -10.291106 -9.482792 -18.372906 -20.888229 -24.678124 -26.108402 -23.703033 -23.988475 -22.974809 -21.075434 -17.245500 -11.948861 -2.662531 -2.863946 -4.259169 -8.433377 -15.377133 -16.450922 -10.514056 -12.015166 -18.110855 -36.312946 -25.118442 -14.947421 -14.196448 -23.231780 -21.077104 -19.899572 -34.403529 
-4.146792 11.100645 11.479600 12.500362 15.463090 7.619904 6.448067 9.015222 5.867064 -5.053215 -10.567314 -11.870325 -11.300385 -20.215178 -22.572441 -25.459771 -27.314732 -26.495882 -25.220402 -24.482981 -22.266969 -19.394103 -14.360210 -4.399627 -5.566415 -7.175966 -11.170518 -18.879331 -19.115189 -13.891313 -15.002258 -20.042796 -34.995995 -25.084046 -16.111900 -14.732186 -26.112582 -23.154172 -28.067191 -39.849317 
-4.058087 10.989764 10.625560 12.124588 13.587758 5.741021 2.817234 8.139633 2.790961 -8.434836 -10.237332 -12.231524 -14.225211 -21.746835 -23.351759 -26.245323 -28.279030 -28.231847 -26.882511 -27.647374 -25.402133 -22.512016 -14.906069 -6.324444 -7.047516 -9.529541 -14.677547 -22.692325 -22.555511 -16.427901 -17.115191 -20.853076 -39.085400 -31.759628 -24.886017 -23.582052 -30.464612 -24.548242 -26.833361 -42.031766 
-3.254096 11.072917 10.632392 11.418693 11.971840 3.489210 0.994498 6.247601 -3.602064 -12.021996 -10.036948 -13.961453 -18.371140 -23.089668 -25.689729 -27.246787 -30.093405 -31.502565 -31.328956 -30.396854 -29.966928 -28.729814 -20.892917 -11.676664 -13.098680 -12.111610 -17.956070 -27.885946 -31.706837 -24.543077 -23.221805 -27.024068 -42.607389 -36.480406 -26.161942 -26.580512 -32.384796 -24.049818 -25.466006 -42.117714 
-5.161753 10.877799 11.222230 9.882444 10.934709 2.339502 -0.728494 2.868912 -4.862955 -14.432275 -10.756096 -14.048509 -19.969699 -24.258794 -26.746418 -30.018719 -33.699299 -34.213576 -30.832291 -32.228714 -31.540384 -28.567328 -19.442259 -12.491089 -14.068452 -17.542272 -23.980276 -31.447958 -31.248458 -25.171110 -24.613089 -28.201102 -42.682065 -35.289485 -30.755850 -30.582140 -37.056565 -32.079318 -27.878354 -41.096358 
-4.443519 10.368733 10.823063 7.078438 8.564798 -0.600522 -3.441419 -1.964588 -6.289677 -15.911170 -15.240193 -18.374741 -22.062316 -28.638704 -31.719358 -37.758363 -38.577517 -37.802618 -37.675893 -39.197685 -37.074883 -30.691992 -24.038984 -15.590275 -17.396309 -17.732540 -24.532823 -34.178017 -35.161743 -31.441638 -34.461786 -35.515586 -44.163385 -35.948703 -31.936216 -32.960758 -36.291989 -33.630983 -31.778235 -42.607494 
-3.764469 9.834603 10.330986 3.918205 4.828451 -5.449698 -9.269441 -6.081085 -16.196212 -27.042632 -22.610067 -23.793691 -23.997873 -33.267276 -34.429987 -37.004278 -40.397480 -39.475171 -39.151684 -41.369032 -39.839980 -35.718800 -25.613974 -20.330278 -24.012682 -25.565269 -29.408507 -36.777996 -38.021084 -32.270562 -33.980403 -35.221763 -44.238582 -41.266582 -38.594291 -35.505613 -39.515372 -37.474913 -34.245111 -46.097559 
-2.993886 4.754016 5.799037 1.401188 -6.904803 -11.494496 -13.543753 -9.940969 -11.872751 -18.807704 -22.270171 -24.727638 -24.400042 -29.306554 -30.466760 -33.595562 -38.557060 -41.253170 -42.626641 -42.730149 -42.067212 -39.095971 -34.228585 -30.634257 -30.338018 -29.654498 -33.520575 -41.271640 -42.046367 -39.539584 -36.160084 -40.616540 -48.923955 -47.233343 -43.579626 -40.433748 -43.571875 -42.645030 -43.448310 -50.683302 
-20.181495 -20.231946 -21.187671 -23.506907 -25.877280 -29.558456 -33.166081 -33.816780 -32.074688 -31.721672 -33.834715 -39.609513 -49.365673 -42.855242 -41.194585 -44.769502 -49.022442 -49.001711 -49.828561 -49.154556 -52.140063 -51.402490 -51.453392 -57.797002 -51.859605 -53.008497 -55.109983 -52.198732 -55.850179 -54.452937 -55.257374 -57.730600 -56.822429 -57.802750 -58.475040 -59.797826 -57.634894 -58.893364 -58.165440 -58.720466 
-78.453138 -78.595313 -78.832987 -79.236529 -79.790359 -80.577715 -81.559181 -82.848275 -84.597589 -86.680426 -89.010827 -91.051527 -91.866278 -91.704982 -91.667925 -92.475581 -94.469177 -97.070891 -97.436090 -95.670855 -95.063719 -96.990189 -101.005658 -98.954238 -95.129309 -94.725517 -97.626737 -101.496616 -102.247234 -104.061445 -101.948472 -101.631904 -105.879965 -103.179733 -107.817872 -109.514700 -106.001224 -105.445858 -108.135217 -105.769698 
NaN NaN NaN NaN NaN NaN NaN NaN NaN NaN NaN NaN NaN NaN NaN NaN NaN NaN NaN NaN NaN NaN NaN NaN NaN NaN NaN NaN NaN NaN NaN NaN NaN NaN NaN NaN NaN NaN NaN NaN 
NaN NaN NaN NaN NaN NaN NaN NaN NaN NaN NaN NaN NaN NaN NaN NaN NaN NaN NaN NaN NaN NaN NaN NaN NaN NaN NaN NaN NaN NaN NaN NaN NaN NaN NaN NaN NaN NaN NaN NaN 
NaN NaN NaN NaN NaN NaN NaN NaN NaN NaN NaN NaN NaN NaN NaN NaN NaN NaN NaN NaN NaN NaN NaN NaN NaN NaN NaN NaN NaN NaN NaN NaN NaN NaN NaN NaN NaN NaN NaN NaN 
NaN NaN NaN NaN NaN NaN NaN NaN NaN NaN NaN NaN NaN NaN NaN NaN NaN NaN NaN NaN NaN NaN NaN NaN NaN NaN NaN NaN NaN NaN NaN NaN NaN NaN NaN NaN NaN NaN NaN NaN 
NaN NaN NaN NaN NaN NaN NaN NaN NaN NaN NaN NaN NaN NaN NaN NaN NaN NaN NaN NaN NaN NaN NaN NaN NaN NaN NaN NaN NaN NaN NaN NaN NaN NaN NaN NaN NaN NaN NaN NaN 
NaN NaN NaN NaN NaN NaN NaN NaN NaN NaN NaN NaN NaN NaN NaN NaN NaN NaN NaN NaN NaN NaN NaN NaN NaN NaN NaN NaN NaN NaN NaN NaN NaN NaN NaN NaN NaN NaN NaN NaN 
NaN NaN NaN NaN NaN NaN NaN NaN NaN NaN NaN NaN NaN NaN NaN NaN NaN NaN NaN NaN NaN NaN NaN NaN NaN NaN NaN NaN NaN NaN NaN NaN NaN NaN NaN NaN NaN NaN NaN NaN 
NaN NaN NaN NaN NaN NaN NaN NaN NaN NaN NaN NaN NaN NaN NaN NaN NaN NaN NaN NaN NaN NaN NaN NaN NaN NaN NaN NaN NaN NaN NaN NaN NaN NaN NaN NaN NaN NaN NaN NaN 
NaN NaN NaN NaN NaN NaN NaN NaN NaN NaN NaN NaN NaN NaN NaN NaN NaN NaN NaN NaN NaN NaN NaN NaN NaN NaN NaN NaN NaN NaN NaN NaN NaN NaN NaN NaN NaN NaN NaN NaN 
NaN NaN NaN NaN NaN NaN NaN NaN NaN NaN NaN NaN NaN NaN NaN NaN NaN NaN NaN NaN NaN NaN NaN NaN NaN NaN NaN NaN NaN NaN NaN NaN NaN NaN NaN NaN NaN NaN NaN NaN 
NaN NaN NaN NaN NaN NaN NaN NaN NaN NaN NaN NaN NaN NaN NaN NaN NaN NaN NaN NaN NaN NaN NaN NaN NaN NaN NaN NaN NaN NaN NaN NaN NaN NaN NaN NaN NaN NaN NaN NaN 
