NaN NaN NaN NaN NaN NaN NaN NaN NaN NaN NaN NaN NaN NaN NaN NaN NaN NaN NaN NaN NaN NaN NaN NaN NaN NaN NaN NaN NaN NaN NaN NaN NaN NaN NaN NaN NaN NaN NaN NaN 
NaN NaN NaN NaN NaN NaN NaN NaN NaN NaN NaN NaN NaN NaN NaN NaN NaN NaN NaN NaN NaN NaN NaN NaN NaN NaN NaN NaN NaN NaN NaN NaN NaN NaN NaN NaN NaN NaN NaN NaN 
NaN NaN NaN NaN NaN NaN NaN NaN NaN NaN NaN NaN NaN NaN NaN NaN NaN NaN NaN NaN NaN NaN NaN NaN NaN NaN NaN NaN NaN NaN NaN NaN NaN NaN NaN NaN NaN NaN NaN NaN 
NaN NaN NaN NaN NaN NaN NaN NaN NaN NaN NaN NaN NaN NaN NaN NaN NaN NaN NaN NaN NaN NaN NaN NaN NaN NaN NaN NaN NaN NaN NaN NaN NaN NaN NaN NaN NaN NaN NaN NaN 
NaN NaN NaN NaN NaN NaN NaN NaN NaN NaN NaN NaN NaN NaN NaN NaN NaN NaN NaN NaN NaN NaN NaN NaN NaN NaN NaN NaN NaN NaN NaN NaN NaN NaN NaN NaN NaN NaN NaN NaN 
NaN NaN NaN NaN NaN NaN NaN NaN NaN NaN NaN NaN NaN NaN NaN NaN NaN NaN NaN NaN NaN NaN NaN NaN NaN NaN NaN NaN NaN NaN NaN NaN NaN NaN NaN NaN NaN NaN NaN NaN 
NaN NaN NaN NaN NaN NaN NaN NaN NaN NaN NaN NaN NaN NaN NaN NaN NaN NaN NaN NaN NaN NaN NaN NaN NaN NaN NaN NaN NaN NaN NaN NaN NaN NaN NaN NaN NaN NaN NaN NaN 
NaN NaN NaN NaN NaN NaN NaN NaN NaN NaN NaN NaN NaN NaN NaN NaN NaN NaN NaN NaN NaN NaN NaN NaN NaN NaN NaN NaN NaN NaN NaN NaN NaN NaN NaN NaN NaN NaN NaN NaN 
NaN NaN NaN NaN NaN NaN NaN NaN NaN NaN NaN NaN NaN NaN NaN NaN NaN NaN NaN NaN NaN NaN NaN NaN NaN NaN NaN NaN NaN NaN NaN NaN NaN NaN NaN NaN NaN NaN NaN NaN 
NaN NaN NaN NaN NaN NaN NaN NaN NaN NaN NaN NaN NaN NaN NaN NaN NaN NaN NaN NaN NaN NaN NaN NaN NaN NaN NaN NaN NaN NaN NaN NaN NaN NaN NaN NaN NaN NaN NaN NaN 
NaN NaN NaN NaN NaN NaN NaN NaN NaN NaN NaN NaN NaN NaN NaN NaN NaN NaN NaN NaN NaN NaN NaN NaN NaN NaN NaN NaN NaN NaN NaN NaN NaN NaN NaN NaN NaN NaN NaN NaN 
NaN NaN NaN NaN NaN NaN NaN NaN NaN NaN NaN NaN NaN NaN NaN NaN NaN NaN NaN NaN NaN NaN NaN NaN NaN NaN NaN NaN NaN NaN NaN NaN NaN NaN NaN NaN NaN NaN NaN NaN 
-96.537155 -96.557433 -96.591181 -96.648142 -96.725389 -96.833834 -96.966606 -97.137449 -97.365500 -97.638978 -97.974330 -98.394522 -98.894278 -99.509942 -100.263935 -101.169998 -102.300319 -103.685118 -105.410815 -107.548873 -110.132658 -112.720007 -113.727971 -112.534278 -110.784527 -109.534356 -108.990068 -109.201073 -110.261737 -112.426281 -116.342847 -124.155892 -130.467918 -122.923566 -120.661506 -119.336386 -115.865434 -112.204015 -110.196525 -109.899040 
-39.732231 -30.415371 -25.705005 -28.081598 -36.602794 -31.285740 -33.619652 -41.593712 -39.362771 -44.806164 -42.137668 -48.485616 -46.289003 -48.346837 -47.962330 -51.352023 -50.673620 -51.975979 -51.725010 -51.638535 -52.927157 -53.749459 -56.594757 -55.970742 -55.980577 -55.768313 -56.993599 -58.008802 -58.577400 -59.532536 -59.519156 -59.753856 -60.881182 -61.266089 -61.857952 -62.157431 -62.527380 -62.803007 -63.250690 -63.193073 
-13.821674 -2.998209 2.525901 1.783311 -2.451636 -10.725609 -19.236872 -20.143507 -23.462836 -29.641941 -29.681994 -29.791140 -31.818107 -33.027062 -34.308000 -35.702038 -37.003101 -37.918280 -37.853658 -39.304078 -39.431519 -40.525708 -40.491509 -40.249058 -42.314714 -42.929026 -43.388990 -44.052763 -44.572775 -44.990304 -45.900339 -45.948252 -46.570182 -47.131498 -47.612485 -48.033016 -48.137901 -48.477886 -48.513930 -48.749672 
-5.687563 9.241160 12.919806 5.734190 6.828314 2.837529 -8.321301 -10.952402 -21.854592 -27.900863 -20.620777 -23.268425 -28.481394 -32.879567 -33.716919 -33.972232 -31.645183 -31.451387 -36.155973 -38.641829 -40.910386 -40.049399 -36.032660 -38.245543 -42.233796 -44.230713 -45.033727 -45.550114 -45.939948 -44.021317 -44.203575 -47.082326 -47.555831 -48.363724 -48.812288 -48.444931 -48.668493 -49.302204 -49.723122 -49.847134 
-7.259505 10.601966 14.991156 7.674811 13.094597 7.372829 -3.483560 -6.048142 -19.197179 -23.651034 -21.241195 -18.973051 -24.848092 -35.769974 -33.781002 -33.813798 -27.465648 -27.787911 -33.140612 -38.187081 -42.211062 -36.636634 -23.496247 -25.479299 -36.987996 -45.514486 -48.205583 -49.470860 -46.358103 -44.447542 -41.959709 -41.732602 -47.452911 -53.588739 -54.643216 -53.803091 -54.181162 -53.932874 -54.990413 -55.731723 
-8.052710 11.617384 16.219281 7.751639 15.496685 9.671108 0.501259 -4.148478 -18.965667 -19.341896 -18.511150 -19.084457 -21.252143 -26.121745 -26.967800 -26.249745 -23.723367 -26.809106 -29.049831 -30.443788 -31.006215 -28.399945 -21.851697 -22.468530 -34.634673 -35.602559 -35.839046 -36.150147 -36.464026 -37.131014 -37.205843 -34.988458 -36.626856 -39.311521 -39.582770 -40.053244 -40.320689 -40.578590 -40.786418 -40.884076 
-6.990339 12.664675 17.700251 9.389494 17.021279 11.910221 2.600855 -1.689474 -14.558898 -18.440419 -16.808735 -16.089921 -18.052682 -24.570124 -25.768788 -25.282922 -26.028562 -25.858385 -28.061868 -29.120264 -29.515937 -26.182545 -16.874620 -18.584286 -28.610707 -33.611928 -34.733899 -35.307487 -35.257521 -36.333193 -36.011575 -34.007414 -34.569597 -38.242187 -38.580004 -38.902663 -39.172568 -39.530635 -39.742529 -39.793159 
-9.067312 12.617033 18.969188 11.086831 16.465442 13.807096 1.372853 -0.760955 -17.321331 -21.625805 -16.519015 -15.896307 -17.261970 -31.533162 -32.939228 -31.799197 -27.987752 -25.914667 -30.445314 -30.190056 -27.600619 -23.856327 -15.301260 -17.384471 -31.417417 -35.753814 -39.667058 -39.559813 -40.864240 -41.355323 -35.989150 -34.863361 -39.591412 -47.930440 -49.604721 -49.685164 -50.309090 -48.481280 -46.367283 -51.149863 
-10.185530 12.320863 19.955121 12.300150 15.080480 14.884820 -0.844225 -0.016563 -14.105062 -13.058530 -16.286751 -18.149628 -20.342005 -30.443116 -32.988843 -28.047416 -22.516839 -24.395166 -27.802386 -30.085017 -30.733169 -23.607072 -14.554544 -17.059887 -34.632552 -34.935068 -36.533542 -39.265469 -41.932438 -41.346094 -37.391759 -35.816568 -35.825836 -45.375894 -46.864486 -44.683550 -47.208796 -44.320555 -46.647659 -47.681964 
-13.800535 11.560172 20.973495 14.342272 12.739932 15.513264 0.642070 -0.513740 -9.653972 -10.302790 -16.899087 -17.457679 -19.239196 -24.540838 -25.112042 -23.049092 -20.099642 -25.852887 -28.605110 -28.690547 -30.792519 -26.090457 -13.488129 -14.763933 -29.902442 -34.601327 -35.571666 -32.853087 -33.659513 -34.671984 -33.895454 -33.656126 -35.859828 -40.509793 -41.166264 -41.116106 -41.789878 -41.456103 -41.980654 -42.105055 
-17.250499 10.571175 21.877319 17.005877 7.051875 14.981336 4.242838 -0.321928 -5.696179 -11.132109 -17.126525 -22.680072 -29.347427 -26.305352 -23.266239 -21.280370 -18.663916 -24.360606 -25.837227 -24.011404 -26.885958 -27.502676 -19.285712 -16.246753 -26.529815 -31.447499 -31.021249 -33.394031 -35.128543 -33.278375 -32.660329 -36.624370 -39.350806 -43.301807 -45.607421 -44.729017 -46.594382 -46.446880 -47.020014 -45.869432 
-14.377466 9.100869 22.059575 19.062046 4.852715 14.037740 8.435624 -2.535793 -3.916906 -14.676075 -10.907678 -21.642205 -22.637781 -23.451728 -19.013149 -14.191982 -16.599361 -23.806188 -28.015843 -26.439396 -29.332517 -29.241158 -22.416635 -17.131522 -26.152135 -34.792962 -37.852673 -32.309916 -31.444663 -32.860987 -32.050639 -34.081757 -37.389619 -46.301662 -50.725922 -46.192654 -48.500845 -43.552182 -46.186555 -46.723050 
-17.487012 4.429021 20.718962 22.547256 10.702961 11.660420 15.999525 6.595521 -5.665120 -9.569919 -6.853217 -10.050724 -15.402502 -15.501972 -12.827971 -10.999616 -9.946213 -16.768335 -20.943059 -18.278842 -19.286908 -21.129033 -16.636882 -16.293836 -20.110894 -25.607345 -25.743580 -23.295620 -24.178197 -28.285716 -28.223347 -27.833336 -29.865547 -32.105909 -32.007922 -30.735735 -31.857581 -31.468270 -31.494579 -32.437264 
-12.150268 -7.207494 16.400424 23.194225 13.343149 17.276824 24.103594 15.109845 -2.961732 -1.957098 -6.681221 -3.490631 -11.805591 -14.079406 -16.421238 -16.308124 -12.397150 -18.516069 -16.961838 -8.183199 -8.885210 -5.685708 -7.532792 -9.848521 -3.740043 -8.757447 -19.256164 -20.567042 -17.542307 -20.011942 -23.032345 -19.929501 -25.133386 -30.569988 -30.694855 -22.345856 -27.593884 -23.596218 -25.392616 -28.265473 
-24.946685 -12.950210 12.084702 22.678276 15.509576 9.329485 23.183716 18.826402 -7.268083 1.238011 -5.887313 -4.411644 -8.482037 -13.811203 -13.409927 -14.096692 -14.941318 -14.193971 -14.083125 -12.086882 -12.482139 -1.617785 -1.594450 -3.187947 1.024765 -2.359787 -12.982934 -18.810048 -18.326469 -16.273114 -16.935114 -16.025177 -20.181947 -29.703767 -27.051134 -21.899680 -26.523194 -22.216666 -23.377325 -28.806056 
-10.524801 -12.380166 6.139673 22.067468 17.546972 0.127916 17.364442 19.935042 -3.693169 0.468530 -2.061508 -13.969146 -7.736311 -15.796369 -8.812170 -14.797598 -12.845169 -18.167186 -18.087710 -16.123124 -15.804693 -6.627209 -3.501502 0.271483 0.363523 2.247069 -8.872034 -14.934230 -15.452252 -11.037532 -10.057696 -13.791596 -18.075736 -30.602224 -29.676709 -21.535787 -24.316116 -23.859285 -24.216142 -29.825130 
-17.289472 -24.948017 4.261286 22.258390 19.904470 -0.974335 12.601255 19.682404 1.995743 -5.352004 0.120752 -14.438259 -13.369607 -15.394917 -9.322346 -13.425468 -13.701656 -17.702772 -16.095946 -15.291069 -15.046731 -10.278945 -4.625154 1.341773 0.140459 1.483494 -5.529246 -12.819928 -15.022582 -10.127227 -8.603560 -8.468100 -13.633668 -27.894051 -28.704775 -23.076043 -25.219273 -23.896726 -23.138367 -26.883223 
-13.954362 -18.304135 0.302719 22.187376 21.903365 0.754585 6.085998 18.842435 6.609614 -8.044240 1.003073 -12.584453 -15.871348 -17.603518 -15.300087 -13.944896 -17.295471 -17.820278 -17.883891 -18.071558 -16.876230 -11.281860 -4.222053 0.419227 -0.338841 -0.503232 -4.966920 -10.922919 -12.565512 -8.803459 -9.699849 -9.631940 -16.171572 -30.412653 -30.052372 -20.955736 -23.803779 -22.748806 -22.826603 -28.552097 
-22.940081 -20.452593 -5.114870 21.713396 23.182911 4.607537 3.298998 17.735289 8.555962 -12.028826 2.071471 -8.812378 -16.030676 -16.097336 -15.950135 -12.530355 -18.669510 -18.266216 -18.712511 -18.040744 -18.335027 -12.615263 -5.077021 0.544361 0.742669 1.340363 -6.347231 -11.202773 -12.803237 -9.466655 -10.167822 -8.745750 -16.351544 -27.529266 -25.451722 -19.660183 -25.133792 -23.949747 -26.795745 -31.247399 
-14.626413 -19.718022 -9.410137 21.104692 24.173967 6.947591 -4.278641 14.698245 9.649983 -16.320076 1.366979 -5.045876 -18.861604 -12.410675 -21.728672 -13.154080 -23.014931 -18.495856 -20.915582 -18.362226 -20.817596 -15.115932 -7.482942 1.815520 -0.135074 1.238422 -5.540288 -11.317210 -13.905867 -10.594701 -9.894229 -10.469443 -15.601060 -30.553942 -24.610004 -18.246143 -26.912001 -27.607036 -29.483402 -33.330136 
-22.944662 -30.674824 -14.606397 20.158748 24.431097 8.255447 -12.831527 11.523063 9.640490 -19.881991 0.184523 -2.780811 -26.330389 -12.024610 -25.385788 -13.466585 -22.282721 -18.865087 -23.614898 -17.732492 -20.107781 -17.656453 -11.253714 3.288147 -1.144315 -0.081772 -3.252146 -11.381803 -13.794751 -10.464298 -8.957914 -9.271048 -14.842954 -32.873401 -27.541712 -19.444959 -26.573657 -27.703519 -28.004473 -33.864164 
-31.251907 -30.279697 -21.293850 19.164190 24.293758 9.097780 -14.838749 9.539250 9.174750 -20.632289 -1.647762 -1.637634 -29.200645 -12.294744 -23.767376 -12.564225 -20.887864 -22.539043 -26.047137 -17.665301 -22.527492 -19.721127 -12.056925 3.093464 -0.589068 -1.734634 -5.240228 -14.252089 -16.243858 -12.841640 -11.032826 -8.663177 -17.206159 -33.065706 -29.849317 -26.274454 -29.513643 -26.058680 -23.885553 -31.356839 
-22.398717 -35.189938 -25.231276 18.701445 23.883619 8.366900 -13.407284 9.585945 8.389308 -23.472052 -1.466182 -2.363272 -26.866194 -13.105391 -25.429157 -12.849976 -22.208779 -23.712525 -27.858123 -19.897808 -23.533050 -21.253963 -12.426355 0.501498 -2.084232 -4.313419 -7.075155 -14.500170 -16.056317 -12.934687 -11.872666 -9.037510 -17.252780 -34.670888 -29.144669 -19.201000 -27.281084 -28.608878 -27.915268 -31.210665 
-26.391037 -24.752162 -13.986166 19.372532 23.550891 7.746880 -10.783815 11.013267 7.523016 -20.202724 -0.853283 -4.726270 -21.169960 -12.700729 -23.334483 -13.246193 -22.673680 -21.816156 -25.323789 -20.425506 -22.493959 -19.903210 -13.852866 -0.983535 1.703613 -0.904526 -5.842228 -13.782348 -15.639437 -12.035023 -10.754538 -9.376860 -15.714317 -32.709287 -29.791919 -21.806626 -28.957120 -29.978739 -27.429866 -31.057363 
-23.087624 -26.567295 -8.807817 19.999080 22.360698 4.324354 -3.079460 13.132263 5.216204 -14.190702 0.066313 -9.612602 -15.426823 -13.547804 -20.202464 -13.750769 -21.638698 -20.850236 -20.510302 -21.389284 -21.875923 -17.161754 -10.842478 -3.132592 3.733481 -0.702462 -7.787912 -14.668958 -16.657450 -13.099615 -11.778023 -9.812774 -15.681531 -32.418181 -29.261591 -22.725932 -30.074611 -30.144371 -26.846942 -32.228328 
-12.527518 -17.326779 -1.548373 20.742307 20.625527 0.097003 3.459179 14.787963 1.776721 -11.003411 -1.389532 -16.617138 -12.605113 -17.034541 -17.597361 -18.915818 -23.401172 -26.986336 -22.419167 -22.334746 -20.198365 -15.327585 -10.289764 0.831609 3.414789 -0.406716 -6.816714 -15.443073 -16.689003 -14.030576 -13.202935 -10.378869 -15.428306 -32.615171 -30.963224 -22.780045 -31.756868 -31.086225 -29.551976 -33.982284 
-23.413980 -18.281789 4.641000 21.092414 18.079653 -5.277388 9.565663 15.556119 -3.614632 -6.675924 -5.439205 -14.539754 -10.828878 -17.696076 -14.574671 -21.430103 -18.674292 -24.087307 -23.366461 -20.318914 -19.815342 -17.736549 -12.459479 0.796766 1.740041 -0.509216 -7.814346 -15.080546 -16.158880 -13.600847 -13.420575 -11.964821 -17.167069 -29.912663 -28.568566 -25.729341 -30.576788 -30.388588 -27.282302 -29.585117 
-23.347225 -15.284167 8.780647 20.718960 14.487024 -2.114182 14.755418 13.493169 -8.335075 -5.562535 -14.368982 -16.379514 -14.064676 -13.677790 -13.817473 -22.080088 -20.591106 -21.768891 -23.534522 -22.108725 -22.750827 -17.432487 -11.571418 -2.928098 -0.343018 -4.042621 -10.071228 -16.739796 -16.907348 -14.672227 -14.080760 -11.622903 -17.339838 -33.135201 -31.741856 -22.862740 -31.477390 -30.867042 -30.443215 -34.558068 
-20.624081 -11.554341 12.306633 18.991263 8.616957 9.038099 19.222822 10.472940 -11.614295 -7.238278 -15.107791 -13.437185 -18.561500 -12.062089 -17.123220 -20.518433 -20.603958 -22.100415 -24.206403 -21.694187 -21.788422 -17.435145 -12.036202 -2.519916 1.293202 -4.022045 -10.589765 -18.211409 -19.700442 -15.353502 -14.732303 -12.996873 -19.035384 -33.820579 -30.615419 -25.432660 -31.306244 -29.502409 -27.745977 -31.192521 
-20.663176 -3.377928 15.212125 17.112720 1.952912 16.734568 20.495793 6.398748 -12.061039 -15.433784 -13.927373 -17.313294 -14.298711 -17.886758 -17.907869 -23.149098 -22.191325 -23.014307 -23.518472 -22.747272 -23.117697 -20.887952 -15.937667 -3.172814 -0.250854 -4.592111 -11.128194 -18.002244 -19.500848 -16.332319 -16.623220 -17.961921 -23.021534 -36.469360 -31.993247 -23.839057 -33.382705 -35.907611 -33.430826 -37.350567 
-16.581877 3.018832 17.176088 16.195869 6.103217 20.043162 16.398933 -0.126623 -5.869355 -14.808331 -12.448733 -16.848863 -16.982881 -16.799178 -19.152619 -24.032106 -25.602602 -24.952446 -23.361888 -23.940411 -24.366979 -19.787967 -15.315169 -4.444567 -2.132522 -7.086404 -15.357685 -19.852687 -20.543831 -17.809455 -17.952143 -18.150299 -24.447881 -38.059669 -34.591806 -26.085915 -29.838033 -32.425208 -31.947091 -35.768171 
-17.877075 6.454162 17.546220 13.402421 14.255517 20.683505 8.179113 1.515250 -6.546252 -10.714777 -14.169204 -15.254474 -20.204642 -19.541396 -20.006126 -22.605035 -22.057287 -22.361921 -22.355656 -24.526762 -24.897175 -21.613172 -14.538533 -3.868305 -2.256595 -7.461787 -14.583495 -21.700989 -20.995877 -16.622601 -16.281733 -18.706561 -22.815938 -35.096453 -32.777700 -27.619578 -32.619099 -30.723406 -27.442773 -31.849266 
-11.626942 8.311900 16.091937 9.400967 19.389127 20.399038 5.519838 2.242840 -14.326061 -14.478077 -17.675616 -18.630352 -21.352963 -21.580446 -25.025154 -27.293530 -24.276526 -24.274706 -25.311104 -24.154979 -24.890231 -21.431058 -15.295031 -3.981288 -2.766399 -8.148278 -14.705904 -22.637581 -22.230977 -15.528200 -14.278517 -15.894788 -20.567886 -40.630508 -39.412679 -31.231419 -32.847326 -34.403352 -34.286266 -36.358446 
-7.547049 9.710623 14.466564 11.855045 22.177072 18.027096 6.094669 -0.040242 -7.727043 -13.504698 -17.817091 -29.924760 -21.772062 -22.998105 -23.900959 -23.867827 -25.704795 -26.449911 -27.211428 -26.836980 -27.879097 -21.927380 -16.264660 -3.602131 -3.892245 -6.571968 -13.380222 -18.026249 -18.903717 -16.101941 -15.943016 -17.298044 -21.005512 -38.120014 -38.079150 -30.501209 -36.526176 -35.190760 -32.065902 -36.061121 
-5.057353 10.266626 11.832859 13.786086 21.768145 12.905952 7.513952 0.105883 -3.356954 -14.689008 -19.590339 -21.017560 -19.199759 -20.540748 -22.141385 -27.207697 -27.366412 -26.410202 -27.308606 -26.112877 -25.373831 -21.041821 -14.489152 -4.076050 -6.581904 -10.858057 -19.182109 -24.660549 -24.333410 -18.667393 -19.051429 -20.749331 -22.846854 -36.181603 -35.358305 -30.588329 -35.517141 -37.279391 -34.469086 -33.418879 
-3.710307 10.648142 9.942326 15.623015 19.417441 9.593812 7.202130 1.002858 -4.615304 -22.678164 -20.654290 -21.912868 -20.123245 -22.070751 -24.121431 -30.638300 -26.550390 -25.760889 -27.249799 -26.241236 -25.769843 -21.380585 -12.850142 -1.767255 -4.109983 -10.796156 -19.849305 -23.712177 -21.021219 -13.790655 -13.474387 -19.392465 -23.708381 -37.998962 -37.318460 -27.050242 -35.513368 -34.886475 -30.166319 -35.913043 
-3.689805 10.784903 7.751479 16.303808 16.889919 8.357199 4.085797 -0.502193 -10.308443 -19.444225 -21.275079 -21.101877 -23.508974 -22.914078 -23.980994 -26.606631 -27.205923 -28.917978 -30.249807 -30.822389 -30.178989 -26.475573 -21.780169 -10.679571 -11.610799 -13.448888 -19.580254 -25.575693 -26.676837 -21.057435 -21.036248 -26.167174 -28.396693 -40.279275 -39.159781 -30.317961 -36.483646 -37.691866 -34.850402 -35.057857 
-2.813011 10.446621 7.015042 15.952576 15.037049 9.141084 2.192213 -1.288279 -11.803752 -19.972299 -22.603084 -24.440291 -26.157581 -23.635220 -25.779443 -27.971291 -28.413386 -28.058651 -29.313045 -29.749364 -29.503307 -25.147516 -17.978462 -9.444708 -13.283338 -14.685155 -22.444779 -25.521353 -23.852173 -18.534550 -19.006888 -27.776402 -34.066881 -42.348510 -39.846448 -32.077088 -38.610685 -39.029419 -38.728058 -36.323022 
-1.840951 9.399683 7.689143 15.148878 12.568679 9.399613 2.018232 -3.506952 -14.222626 -18.123874 -23.690150 -27.926497 -27.036945 -26.547924 -27.738175 -30.036380 -30.510164 -29.237613 -27.901208 -27.452415 -27.962882 -25.697480 -18.179701 -7.749791 -13.153689 -18.358131 -27.031757 -27.601316 -25.202527 -19.576860 -21.420105 -29.202707 -31.805184 -38.605605 -39.308361 -30.879756 -35.706437 -34.231531 -30.932754 -35.426524 
-0.791725 8.884025 8.133235 14.012617 10.166940 9.698274 0.099507 -5.867489 -14.689550 -21.028952 -26.373306 -29.541067 -28.059906 -31.890205 -31.213649 -31.270964 -32.286331 -31.999909 -32.865073 -31.743783 -32.653332 -29.603029 -19.933094 -10.025193 -10.528707 -14.556198 -21.746844 -27.782081 -25.950052 -21.210946 -25.343694 -33.995242 -38.556589 -43.069811 -42.852915 -34.523462 -37.809263 -35.170250 -33.394611 -36.494586 
-0.700732 8.596858 8.542085 12.551219 9.649445 10.251049 -0.833287 -6.650127 -12.961122 -26.660945 -25.890695 -27.003237 -30.647838 -31.153842 -34.035953 -33.823856 -35.763877 -35.362043 -36.369319 -36.640116 -36.836774 -32.056343 -22.192641 -9.856252 -12.748051 -15.482143 -22.766823 -27.801971 -25.875135 -19.733370 -23.690111 -33.461103 -36.641876 -47.454435 -46.344913 -38.675054 -38.586700 -38.057671 -40.801386 -39.997353 
0.603752 8.285051 7.790710 10.417915 8.909424 9.439337 -0.407034 -8.155060 -12.363004 -28.480579 -27.451355 -30.699995 -30.400350 -31.186958 -34.181376 -33.396015 -33.353620 -35.270836 -34.192805 -37.286430 -36.036442 -30.558315 -21.961286 -12.969647 -18.541330 -26.068628 -29.120953 -32.326260 -30.339974 -21.271982 -24.548189 -37.139887 -35.357185 -44.865493 -46.131569 -36.742293 -39.180145 -33.774953 -33.839608 -38.503167 
-0.121294 7.137596 6.399038 8.786439 9.696264 7.333488 -1.185880 -7.226395 -17.036392 -30.550148 -33.518699 -32.740620 -33.533455 -32.513632 -32.855610 -34.684922 -32.791184 -34.472823 -34.448980 -35.736743 -34.084006 -31.898445 -22.032363 -12.099985 -18.243987 -25.028576 -27.383413 -29.587518 -31.314181 -25.327121 -29.348065 -40.248678 -37.934834 -45.661712 -47.326839 -36.693348 -39.983393 -35.444698 -31.415552 -33.757328 
0.065169 7.000103 5.682060 8.665381 8.212204 7.182315 -2.926058 -8.956765 -15.114352 -34.839971 -31.282458 -31.977168 -32.967571 -33.984833 -33.669807 -36.782800 -34.618692 -34.792217 -35.361531 -35.805836 -36.367234 -35.145100 -27.027865 -18.323138 -19.750667 -24.538880 -28.738645 -30.620857 -31.063210 -24.443196 -31.848145 -36.561533 -36.016708 -47.245390 -47.579098 -39.659417 -43.383341 -36.505434 -31.256444 -32.146859 
-0.699475 6.847370 5.540831 8.962787 10.463283 9.335550 -0.289229 -8.944866 -16.163144 -30.673559 -28.389433 -31.991554 -33.593322 -35.738809 -38.172319 -43.941650 -44.264907 -40.362413 -38.831715 -39.950657 -39.576405 -36.492189 -21.779860 -16.088562 -27.432895 -27.727327 -33.475221 -38.012114 -36.688779 -31.104718 -31.366481 -34.209806 -36.473381 -45.844648 -45.217914 -39.563314 -45.089251 -43.396600 -40.146829 -40.507585 
-1.485313 7.611241 5.145313 9.060167 10.274255 10.472487 0.005414 -6.928799 -13.830599 -31.863936 -30.962554 -33.955056 -36.853080 -36.730828 -36.931556 -45.445911 -41.119104 -42.981126 -41.006098 -42.235028 -40.250522 -35.634568 -22.987342 -17.354177 -21.861089 -25.734374 -30.537263 -35.528212 -31.871931 -29.178292 -34.465783 -42.360960 -41.156756 -42.823677 -44.566572 -42.221660 -46.776795 -42.831065 -36.007756 -39.911026 
-2.109204 7.478203 4.842685 7.866556 8.651725 9.452086 -0.430506 -11.548160 -13.494301 -32.200259 -27.531645 -32.047968 -30.785398 -34.494601 -33.661046 -35.670496 -36.791736 -36.526672 -35.754084 -36.065831 -34.988422 -27.012197 -15.459504 -13.035464 -18.379359 -26.959848 -36.982447 -37.288056 -32.222527 -26.735240 -31.438352 -36.216382 -38.644068 -43.354489 -44.669402 -37.735597 -41.827801 -41.812296 -36.469652 -39.425219 
-3.568204 7.757083 4.460244 4.710998 6.733195 8.542611 0.976547 -6.349574 -14.919775 -27.902476 -26.004737 -29.398453 -30.150582 -31.214370 -36.498241 -37.608496 -34.833397 -35.225345 -34.266790 -34.114724 -33.276021 -24.417211 -12.197020 -13.243798 -16.681078 -22.805166 -33.544987 -34.498927 -36.382279 -30.596929 -33.512415 -37.568012 -39.655415 -45.027813 -46.300755 -37.284560 -41.162980 -40.605893 -38.026946 -37.853988 
-3.626902 7.557636 2.855887 2.579985 2.908761 5.306649 -1.708117 -7.995334 -19.170802 -29.395840 -27.818197 -30.995399 -32.026273 -35.497469 -37.606444 -39.365286 -37.095130 -38.119014 -40.260432 -40.735242 -37.540364 -29.079756 -16.499636 -17.996487 -20.618246 -27.229339 -36.725749 -39.481906 -36.251858 -31.105533 -34.929511 -38.522554 -39.711806 -46.384108 -48.046554 -45.466782 -45.594715 -44.363028 -40.540381 -41.060678 
-4.902415 6.104320 5.339988 2.732011 0.612887 -0.548702 -4.013888 -11.344152 -26.027952 -28.556906 -28.092796 -31.867625 -31.618305 -36.464295 -38.083746 -39.504429 -38.778404 -40.813539 -39.489652 -39.887737 -35.003112 -26.195375 -16.248265 -16.075154 -20.199116 -26.261651 -33.533523 -36.698760 -35.549233 -31.427225 -33.632864 -39.743418 -44.169289 -47.593801 -47.796023 -44.309036 -44.254224 -41.565832 -36.809647 -40.226987 
-10.571531 1.776218 -0.893734 -5.899709 -10.793577 -10.463700 -9.338104 -16.877416 -30.398930 -37.032769 -37.107698 -33.563438 -34.770225 -35.131874 -37.301320 -43.049250 -40.981237 -41.349089 -41.776711 -41.268187 -38.159155 -29.110694 -22.175943 -19.547761 -19.165141 -27.323826 -32.920102 -39.040146 -37.917864 -35.797625 -35.138967 -42.746527 -43.317973 -48.724685 -44.268960 -43.733649 -43.535885 -43.273115 -39.959524 -41.199779 
-7.831984 -2.094657 -6.275378 -8.292739 -11.675090 -21.391257 -24.572743 -31.065724 -33.849711 -35.766807 -33.044641 -37.754715 -42.256334 -40.332427 -42.306488 -44.343019 -44.738520 -42.235111 -47.862826 -46.671628 -42.958127 -33.986114 -26.162093 -25.223331 -27.446835 -33.544258 -37.487955 -40.236235 -40.755796 -39.479455 -39.942150 -41.559259 -44.710721 -49.975127 -47.394696 -47.442527 -46.761895 -45.915848 -44.304434 -44.944011 
-18.156137 -15.081588 -16.054451 -18.153157 -23.181513 -30.081926 -31.343934 -35.355653 -32.299034 -32.714033 -35.459248 -39.819074 -37.948886 -40.699781 -45.362350 -46.745459 -47.395117 -47.235771 -47.848778 -50.836519 -52.885678 -49.154115 -41.944721 -37.324280 -38.538089 -43.950518 -51.469068 -54.777770 -57.976404 -54.665388 -50.675428 -53.648839 -54.711623 -57.531246 -61.185508 -59.485145 -58.084619 -56.518459 -60.068163 -58.666535 
-56.158931 -56.814950 -57.357047 -57.222879 -56.631117 -56.410357 -56.919222 -57.684854 -57.815276 -57.701585 -58.199745 -58.837968 -59.279499 -60.065603 -60.655617 -61.510522 -62.725472 -63.478716 -64.736916 -65.736409 -66.533131 -67.441704 -67.890802 -68.713171 -69.529044 -70.822977 -72.265722 -73.830125 -74.657627 -74.479482 -74.023090 -73.920476 -74.396918 -75.485490 -77.101125 -78.557012 -78.904163 -78.374074 -78.003269 -77.713544 
NaN NaN NaN NaN NaN NaN NaN NaN NaN NaN NaN NaN NaN NaN NaN NaN NaN NaN NaN NaN NaN NaN NaN NaN NaN NaN NaN NaN NaN NaN NaN NaN NaN NaN NaN NaN NaN NaN NaN NaN 
NaN NaN NaN NaN NaN NaN NaN NaN NaN NaN NaN NaN NaN NaN NaN NaN NaN NaN NaN NaN NaN NaN NaN NaN NaN NaN NaN NaN NaN NaN NaN NaN NaN NaN NaN NaN NaN NaN NaN NaN 
NaN NaN NaN NaN NaN NaN NaN NaN NaN NaN NaN NaN NaN NaN NaN NaN NaN NaN NaN NaN NaN NaN NaN NaN NaN NaN NaN NaN NaN NaN NaN NaN NaN NaN NaN NaN NaN NaN NaN NaN 
NaN NaN NaN NaN NaN NaN NaN NaN NaN NaN NaN NaN NaN NaN NaN NaN NaN NaN NaN NaN NaN NaN NaN NaN NaN NaN NaN NaN NaN NaN NaN NaN NaN NaN NaN NaN NaN NaN NaN NaN 
NaN NaN NaN NaN NaN NaN NaN NaN NaN NaN NaN NaN NaN NaN NaN NaN NaN NaN NaN NaN NaN NaN NaN NaN NaN NaN NaN NaN NaN NaN NaN NaN NaN NaN NaN NaN NaN NaN NaN NaN 
NaN NaN NaN NaN NaN NaN NaN NaN NaN NaN NaN NaN NaN NaN NaN NaN NaN NaN NaN NaN NaN NaN NaN NaN NaN NaN NaN NaN NaN NaN NaN NaN NaN NaN NaN NaN NaN NaN NaN NaN 
NaN NaN NaN NaN NaN NaN NaN NaN NaN NaN NaN NaN NaN NaN NaN NaN NaN NaN NaN NaN NaN NaN NaN NaN NaN NaN NaN NaN NaN NaN NaN NaN NaN NaN NaN NaN NaN NaN NaN NaN 
NaN NaN NaN NaN NaN NaN NaN NaN NaN NaN NaN NaN NaN NaN NaN NaN NaN NaN NaN NaN NaN NaN NaN NaN NaN NaN NaN NaN NaN NaN NaN NaN NaN NaN NaN NaN NaN NaN NaN NaN 
