NaN NaN NaN NaN NaN NaN NaN NaN NaN NaN NaN NaN NaN NaN NaN NaN NaN NaN NaN NaN NaN NaN NaN NaN NaN NaN NaN NaN NaN NaN NaN NaN NaN NaN NaN NaN NaN NaN NaN NaN 
NaN NaN NaN NaN NaN NaN NaN NaN NaN NaN NaN NaN NaN NaN NaN NaN NaN NaN NaN NaN NaN NaN NaN NaN NaN NaN NaN NaN NaN NaN NaN NaN NaN NaN NaN NaN NaN NaN NaN NaN 
NaN NaN NaN NaN NaN NaN NaN NaN NaN NaN NaN NaN NaN NaN NaN NaN NaN NaN NaN NaN NaN NaN NaN NaN NaN NaN NaN NaN NaN NaN NaN NaN NaN NaN NaN NaN NaN NaN NaN NaN 
NaN NaN NaN NaN NaN NaN NaN NaN NaN NaN NaN NaN NaN NaN NaN NaN NaN NaN NaN NaN NaN NaN NaN NaN NaN NaN NaN NaN NaN NaN NaN NaN NaN NaN NaN NaN NaN NaN NaN NaN 
NaN NaN NaN NaN NaN NaN NaN NaN NaN NaN NaN NaN NaN NaN NaN NaN NaN NaN NaN NaN NaN NaN NaN NaN NaN NaN NaN NaN NaN NaN NaN NaN NaN NaN NaN NaN NaN NaN NaN NaN 
NaN NaN NaN NaN NaN NaN NaN NaN NaN NaN NaN NaN NaN NaN NaN NaN NaN NaN NaN NaN NaN NaN NaN NaN NaN NaN NaN NaN NaN NaN NaN NaN NaN NaN NaN NaN NaN NaN NaN NaN 
NaN NaN NaN NaN NaN NaN NaN NaN NaN NaN NaN NaN NaN NaN NaN NaN NaN NaN NaN NaN NaN NaN NaN NaN NaN NaN NaN NaN NaN NaN NaN NaN NaN NaN NaN NaN NaN NaN NaN NaN 
NaN NaN NaN NaN NaN NaN NaN NaN NaN NaN NaN NaN NaN NaN NaN NaN NaN NaN NaN NaN NaN NaN NaN NaN NaN NaN NaN NaN NaN NaN NaN NaN NaN NaN NaN NaN NaN NaN NaN NaN 
NaN NaN NaN NaN NaN NaN NaN NaN NaN NaN NaN NaN NaN NaN NaN NaN NaN NaN NaN NaN NaN NaN NaN NaN NaN NaN NaN NaN NaN NaN NaN NaN NaN NaN NaN NaN NaN NaN NaN NaN 
NaN NaN NaN NaN NaN NaN NaN NaN NaN NaN NaN NaN NaN NaN NaN NaN NaN NaN NaN NaN NaN NaN NaN NaN NaN NaN NaN NaN NaN NaN NaN NaN NaN NaN NaN NaN NaN NaN NaN NaN 
NaN NaN NaN NaN NaN NaN NaN NaN NaN NaN NaN NaN NaN NaN NaN NaN NaN NaN NaN NaN NaN NaN NaN NaN NaN NaN NaN NaN NaN NaN NaN NaN NaN NaN NaN NaN NaN NaN NaN NaN 
NaN NaN NaN NaN NaN NaN NaN NaN NaN NaN NaN NaN NaN NaN NaN NaN NaN NaN NaN NaN NaN NaN NaN NaN NaN NaN NaN NaN NaN NaN NaN NaN NaN NaN NaN NaN NaN NaN NaN NaN 
NaN NaN NaN NaN NaN NaN NaN NaN NaN NaN NaN NaN NaN NaN NaN NaN NaN NaN NaN NaN NaN NaN NaN NaN NaN NaN NaN NaN NaN NaN NaN NaN NaN NaN NaN NaN NaN NaN NaN NaN 
NaN NaN NaN NaN NaN NaN NaN NaN NaN NaN NaN NaN NaN NaN NaN NaN NaN NaN NaN NaN NaN NaN NaN NaN NaN NaN NaN NaN NaN NaN NaN NaN NaN NaN NaN NaN NaN NaN NaN NaN 
NaN NaN NaN NaN NaN NaN NaN NaN NaN NaN NaN NaN NaN NaN NaN NaN NaN NaN NaN NaN NaN NaN NaN NaN NaN NaN NaN NaN NaN NaN NaN NaN NaN NaN NaN NaN NaN NaN NaN NaN 
-30.242225 -35.434703 -39.656141 -33.715088 -32.386509 -36.188279 -42.027602 -41.387668 -43.171129 -53.607002 -53.923993 -54.393461 -53.167275 -55.431664 -56.038671 -58.298699 -57.255761 -59.214910 -63.896976 -60.315220 -60.463597 -65.219749 -63.656280 -63.646777 -65.635343 -64.741272 -65.150760 -66.827365 -67.414881 -67.687287 -67.238469 -67.398305 -67.441756 -68.050431 -70.105420 -71.079345 -70.698213 -69.908936 -70.994419 -71.094678 
-14.435011 -8.969111 -2.167655 -4.918998 -15.202329 -13.744033 -20.609259 -19.045077 -25.466022 -27.973686 -37.929976 -41.607551 -39.638276 -42.163055 -44.550140 -44.713147 -47.250650 -43.297589 -40.945314 -41.421529 -43.030303 -47.658493 -45.131145 -44.486850 -48.328896 -51.833042 -53.541056 -53.204585 -52.838614 -53.344290 -51.747656 -50.719879 -53.178825 -54.834198 -54.999842 -55.969437 -55.591452 -57.279214 -57.171653 -56.975644 
-0.925017 10.177661 12.795683 3.752933 2.360575 -2.950057 -4.730259 -14.192242 -16.959690 -20.177563 -28.597625 -28.890758 -32.178615 -34.869735 -36.404421 -36.975989 -37.288609 -34.092234 -31.703847 -35.240361 -35.643894 -36.506931 -35.128650 -37.095727 -42.688552 -44.158008 -45.221723 -45.594050 -45.542909 -45.250331 -46.123316 -46.770013 -47.955364 -48.147158 -47.538646 -48.624298 -49.539219 -49.654967 -49.412519 -50.112531 
0.804290 14.481174 14.567556 8.713982 10.441743 2.501994 1.728665 -7.224884 -10.946806 -16.135684 -24.989742 -31.775940 -31.552900 -39.015029 -38.647041 -36.186890 -31.434143 -28.080641 -27.050968 -31.839576 -32.219765 -29.728155 -26.510839 -31.210686 -43.232300 -50.368020 -55.014991 -53.308882 -47.366107 -43.506549 -43.998262 -52.013735 -52.707592 -54.961850 -54.600551 -56.592399 -54.119166 -54.306885 -57.282589 -56.647918 
-1.278718 14.714955 16.545074 8.597838 12.463632 2.890818 1.947705 -6.693176 -6.720491 -15.495932 -21.255590 -31.850186 -30.960977 -31.064588 -33.469855 -34.302099 -31.274761 -23.900055 -26.101544 -30.857887 -29.468473 -25.115417 -21.668207 -28.211432 -40.337400 -44.613393 -45.775942 -44.117507 -43.243713 -42.828009 -43.524944 -47.080653 -48.114575 -50.220800 -50.601026 -51.076976 -50.868110 -50.544137 -51.527144 -51.804732 
-2.698708 15.428419 18.262880 9.734247 12.828630 3.612688 2.518236 -5.173035 -5.302264 -13.443226 -17.922605 -34.562716 -31.974698 -31.196469 -32.064831 -28.248519 -24.288997 -22.049084 -26.599056 -26.403188 -24.710422 -23.433222 -19.692429 -25.414274 -43.849745 -47.066256 -54.173122 -46.149089 -44.585888 -39.490042 -38.913152 -46.464666 -48.179538 -53.336103 -53.569253 -53.304377 -49.511843 -51.319014 -53.538713 -53.884451 
-2.624294 15.728947 19.523066 9.515669 13.361558 6.934080 3.564937 -3.408440 -5.379359 -12.407042 -14.674359 -25.960407 -28.999140 -26.995106 -28.523834 -21.722894 -21.236328 -23.759631 -26.688629 -25.139677 -24.423430 -22.725160 -17.823873 -22.325604 -37.463826 -41.428563 -41.362113 -40.964359 -41.586907 -40.102098 -37.741134 -40.994546 -43.175563 -44.869766 -45.615447 -46.234109 -46.162821 -45.734990 -46.651827 -46.644717 
-2.996266 15.755301 20.468202 10.083033 14.057835 9.548595 3.637206 0.236960 -7.411646 -14.047973 -16.474684 -22.638876 -23.642794 -23.812655 -24.987297 -18.996929 -17.720355 -21.688304 -27.319027 -26.951147 -25.296656 -22.059525 -16.663778 -20.270663 -33.070424 -34.462122 -35.000049 -34.711354 -35.486838 -35.317569 -36.268569 -36.469015 -37.842974 -38.504804 -39.060805 -38.928597 -39.803777 -39.859766 -40.182765 -40.216732 
-4.600053 15.440745 20.812322 11.548162 14.108280 10.231139 4.047915 1.233597 -8.153708 -11.287892 -18.036313 -22.113366 -27.279071 -23.519600 -23.265886 -21.867708 -20.603699 -21.706311 -24.533209 -23.952044 -23.355223 -21.193127 -21.004687 -22.503771 -36.391003 -38.437733 -38.286907 -36.751912 -38.933139 -38.904868 -38.407647 -39.217655 -39.448071 -41.660377 -42.739214 -42.401407 -43.209731 -43.714739 -43.553750 -43.545301 
-4.148328 14.162297 20.564860 12.563647 13.702083 12.667109 4.677748 5.408809 -7.003215 -7.206755 -13.660833 -20.501040 -21.372969 -22.050097 -21.585602 -17.914583 -16.686816 -13.861337 -15.446069 -14.451650 -18.655645 -22.993181 -19.968774 -18.078401 -24.900081 -32.678617 -30.686215 -27.190063 -27.815238 -34.559134 -32.226119 -35.726643 -40.086324 -42.282137 -42.684041 -40.835233 -42.345384 -42.963828 -43.469160 -44.550543 
-10.054846 9.074299 19.940174 14.772453 14.169557 19.155428 9.977003 11.760646 2.377225 1.047390 -14.451171 -16.786067 -13.750406 -17.078006 -20.039913 -21.891481 -24.403467 -18.104583 -12.445166 -6.887853 -5.132726 -7.200778 0.209222 -5.674948 -5.247409 -7.861496 -14.093780 -14.384179 -9.575257 -16.898409 -21.710796 -25.951528 -33.484226 -39.822793 -33.931295 -26.515190 -37.051624 -36.473492 -36.094264 -34.324751 
-14.120095 10.301779 21.380008 16.701045 14.890863 21.066442 10.688355 15.284354 7.162920 3.690120 -5.100635 -12.155814 -12.668249 -13.295914 -18.176146 -20.858213 -19.268297 -18.775222 -19.747843 -17.864933 -14.354730 -7.196013 1.522453 3.758402 -0.335305 1.991887 -3.256445 -9.113516 -6.730234 -10.682941 -18.305660 -21.064954 -26.135764 -31.290194 -25.175482 -19.612692 -31.321903 -30.293590 -29.955251 -29.936237 
-17.356764 10.444084 22.327346 18.193578 12.287620 21.946243 12.932748 12.184682 8.685571 -0.620736 -3.866066 -14.848069 -16.241761 -14.379372 -21.622949 -24.582485 -25.407781 -21.960878 -23.575752 -22.160035 -21.431380 -13.625287 -4.051441 2.974278 0.396579 0.586027 2.008760 -4.651901 -5.422065 -10.246037 -19.598279 -23.318695 -24.858807 -33.149674 -24.083060 -17.453688 -28.765657 -30.417616 -23.378878 -21.391319 
-9.539834 8.635639 22.063546 19.583085 9.904524 21.523592 14.618150 8.868161 10.086434 -4.476533 -3.446472 -14.302531 -15.536013 -17.154707 -21.501118 -22.750703 -23.013009 -23.801282 -24.640316 -23.316363 -22.649836 -15.163541 -6.861221 0.419477 -0.607910 -2.276394 1.880364 -2.328773 -3.916206 -7.308285 -17.416568 -16.498188 -18.322748 -29.569201 -23.589884 -17.745300 -27.965325 -28.714377 -24.164804 -25.381577 
-16.855824 6.980419 21.763620 20.644536 4.294561 19.798950 16.981481 4.170942 9.972867 -4.725484 -3.767409 -12.613426 -12.984020 -17.357421 -18.396183 -22.527557 -21.248538 -20.626488 -20.728892 -20.865678 -20.343086 -16.020038 -9.575560 -2.310853 0.848857 -4.472604 0.220349 -2.956991 -6.055672 -7.891976 -18.178030 -19.162368 -19.853841 -26.157053 -24.389033 -19.498978 -29.739999 -27.829712 -23.729290 -25.044528 
-14.813385 2.220481 20.057304 20.917575 5.119154 18.585058 18.277297 0.858977 7.665503 -4.908916 -4.677685 -14.435625 -13.867554 -19.162001 -17.077632 -26.347937 -23.554168 -20.786739 -23.508971 -22.966890 -23.575894 -16.004779 -11.001364 -5.893991 2.167552 -2.256784 0.442296 -2.459913 -5.216363 -5.363379 -17.022297 -20.097483 -22.240530 -28.055341 -25.371831 -18.218336 -27.387859 -29.653549 -27.483203 -28.313112 
-15.712214 1.383133 19.086441 20.834708 3.387633 17.536662 19.094192 0.887381 5.553570 -5.259124 -6.799448 -14.165661 -13.902275 -19.718149 -17.813277 -26.994481 -26.057813 -20.591927 -26.446040 -23.194135 -23.474697 -17.091888 -11.923055 -8.043174 0.757919 -3.433137 -3.146358 -4.296992 -7.709064 -9.095294 -18.710081 -15.098226 -19.605714 -29.850295 -24.318171 -14.422279 -23.077115 -29.845994 -24.708180 -26.298943 
-10.618550 -0.928911 18.642198 20.862262 4.389393 16.765144 18.985365 0.315205 4.014268 -5.806916 -6.764289 -11.620978 -12.933832 -18.042372 -16.823462 -25.663362 -24.446149 -19.940736 -26.156101 -24.611725 -24.574106 -17.122503 -12.356310 -7.531949 0.554060 -1.093481 -0.035208 -3.854024 -11.077957 -10.278707 -19.483486 -12.514613 -16.211055 -27.440739 -25.136373 -16.451759 -24.837204 -27.500762 -22.077765 -26.443562 
-21.019757 0.470473 18.632296 20.709184 3.704435 16.261964 18.539315 0.842653 3.407348 -4.896519 -5.973928 -11.019073 -11.824461 -15.965987 -16.724041 -19.978697 -21.014522 -21.008697 -23.014991 -22.499196 -22.419668 -19.250473 -15.117690 -9.445824 -1.378234 -1.919556 -2.547354 -5.928454 -10.364566 -9.119184 -17.460715 -14.311267 -19.533789 -27.853879 -23.904462 -18.069564 -24.574272 -28.568325 -24.612812 -25.699754 
-14.456026 0.237096 18.797681 20.375786 3.893110 16.478679 17.795289 -1.207545 2.630168 -8.933228 -6.318555 -12.476379 -14.728917 -19.972011 -18.530036 -25.704877 -26.071801 -23.740250 -27.033029 -28.264268 -28.389782 -22.131676 -17.109954 -10.459944 -1.386186 -4.411157 -5.236189 -5.787944 -10.527905 -11.353181 -19.753164 -16.370281 -19.080410 -32.269588 -24.297060 -19.182462 -27.750236 -28.267472 -25.078714 -27.431206 
-13.755072 3.059017 19.316304 19.669154 2.624124 16.487480 16.166955 -0.687733 1.932643 -12.637183 -6.016253 -15.203780 -14.464506 -20.438927 -19.181973 -28.583348 -26.159032 -22.842663 -26.479512 -26.160045 -29.928396 -21.642372 -16.786006 -12.490436 0.188188 -3.475403 -5.647488 -7.928857 -14.809302 -13.703044 -19.670111 -22.022254 -20.039928 -30.315854 -24.893482 -19.916568 -26.261241 -29.763895 -23.610795 -26.213950 
-15.852952 4.378959 20.198636 19.026974 3.305029 16.741240 12.386434 -0.409370 4.464351 -9.845942 -4.101755 -16.002087 -14.732347 -20.609288 -22.105697 -26.658589 -24.134664 -25.212728 -27.836199 -29.930917 -31.862546 -28.043826 -20.032975 -15.256343 -3.166538 -2.666273 -5.150351 -9.683585 -12.104169 -9.299620 -17.524697 -19.722584 -18.667678 -28.865139 -25.198745 -19.705561 -28.187651 -31.194939 -27.188406 -28.219658 
-16.651091 7.861919 21.324181 18.695824 6.501948 17.410070 11.158998 4.307937 6.298234 -6.332585 -4.440210 -17.514286 -19.075756 -20.728242 -26.212749 -28.754719 -26.871401 -26.333890 -28.280202 -31.627187 -27.895300 -21.548391 -16.060937 -10.295247 0.419344 -2.901368 -5.476954 -8.251887 -11.533583 -13.337469 -19.837429 -21.762552 -21.079664 -29.957710 -24.573646 -17.413421 -26.222022 -29.627467 -25.084783 -27.654580 
-12.277738 9.394755 21.841660 18.200507 8.874989 17.494111 8.228808 8.674869 4.949373 -1.888857 -7.091932 -19.928240 -23.744545 -20.774889 -31.243217 -30.581222 -29.945669 -27.773990 -29.025119 -28.061270 -29.049624 -20.212695 -16.833591 -12.937412 -3.723402 -2.535243 -7.221713 -11.428263 -13.583077 -10.444473 -14.933228 -13.096497 -17.103950 -32.191932 -27.026608 -19.990243 -28.494300 -28.971262 -29.221560 -26.967241 
-7.775466 10.028446 21.026158 17.907542 13.137615 16.257358 6.239596 9.643547 2.695075 -2.075703 -7.153987 -14.906336 -19.244601 -21.734849 -25.656652 -29.381332 -33.062618 -27.628759 -28.455256 -29.395083 -30.299682 -22.704557 -17.998373 -16.196101 -6.382230 -5.476022 -7.607647 -10.315160 -10.194245 -9.009820 -16.530110 -19.183182 -20.010377 -31.085584 -25.844918 -19.750549 -27.615690 -29.935235 -25.087091 -25.973132 
-3.941707 9.172523 19.281194 18.156570 16.129507 7.493946 8.174981 11.005155 -2.124827 -1.609395 -8.026650 -16.175302 -17.825930 -24.359362 -22.839854 -27.864792 -29.898870 -28.458778 -30.229376 -29.099133 -25.329561 -21.857559 -16.436176 -12.581756 -5.450088 -5.995367 -12.063423 -14.789832 -11.158885 -10.892648 -16.637341 -21.532133 -24.150706 -30.284988 -27.875529 -21.829174 -27.186869 -28.854693 -22.577455 -25.125771 
-1.678822 15.974391 21.717658 13.772274 15.686540 12.521429 12.027167 11.190509 -2.620844 -5.487419 -7.818389 -14.004695 -20.100467 -21.083280 -22.926630 -27.825609 -28.473266 -26.145041 -26.617892 -28.367555 -25.906330 -22.085038 -15.714072 -9.119857 -1.449768 -5.049782 -7.447289 -7.788669 -6.507251 -5.659433 -16.023419 -23.127873 -24.132428 -31.579103 -26.353651 -19.505699 -28.867142 -28.469222 -28.998219 -26.479389 
-0.980896 16.087905 20.269127 10.767259 16.572349 11.400983 12.310019 9.890847 -1.227718 -6.041451 -8.328076 -16.316634 -18.218793 -19.197874 -22.546520 -24.238631 -25.616720 -24.080918 -26.070601 -26.149133 -28.666470 -22.405531 -17.254356 -10.267370 -1.176269 -5.214547 -5.832249 -8.091390 -8.291548 -8.831395 -17.455706 -19.693616 -20.721362 -33.356533 -31.661292 -25.926299 -31.408888 -32.894679 -30.130228 -30.225699 
1.012505 16.637739 18.642341 11.233712 16.775080 9.198284 14.138178 7.160052 0.346731 -8.468265 -10.367696 -17.308624 -21.070167 -21.391071 -23.074749 -25.473001 -28.318953 -24.287904 -25.258296 -26.536792 -28.591785 -22.559820 -17.406433 -12.704208 -3.958732 -7.331569 -7.184693 -7.763955 -7.365117 -9.157315 -18.472966 -22.272978 -23.904412 -34.864874 -32.076234 -25.825286 -31.112913 -31.609166 -28.432125 -28.038989 
2.902316 18.056761 18.664132 13.289641 14.744816 10.790929 14.028716 7.575478 2.605324 -6.219193 -13.932670 -19.287229 -22.507255 -20.554467 -23.802224 -29.498649 -29.706716 -29.586384 -27.092006 -26.582289 -28.314734 -23.194635 -17.290812 -12.748384 -6.709245 -8.982774 -8.221363 -10.205212 -11.992236 -13.122249 -18.551967 -21.995087 -26.928422 -38.108791 -32.640046 -23.450182 -32.482209 -29.662289 -25.426889 -28.107921 
5.942942 19.738652 19.056963 14.154098 12.608317 10.667172 7.248379 8.004938 0.107174 -6.712099 -13.941911 -20.860347 -20.724921 -22.041643 -25.120415 -30.063319 -30.679680 -29.824049 -28.285098 -28.958902 -32.624853 -25.661821 -21.091700 -16.223137 -7.803566 -8.475253 -8.306356 -11.581062 -14.186556 -16.054145 -21.029312 -25.474988 -29.649328 -35.642357 -32.575793 -23.789509 -29.623090 -33.771384 -30.742984 -28.938584 
6.423729 19.865205 18.058651 14.550131 12.393844 10.926572 8.058777 6.594623 -2.169811 -6.862945 -13.567720 -20.983022 -19.952573 -22.183991 -23.412490 -27.349484 -27.722117 -27.765434 -27.799254 -29.000928 -27.914778 -21.972955 -16.316478 -10.163016 -4.365383 -9.154880 -9.281051 -8.595180 -10.522552 -14.945611 -19.949249 -25.355377 -27.149498 -33.721673 -32.250350 -31.135057 -35.687752 -34.973840 -31.259494 -33.181526 
7.235879 19.625344 16.529260 14.506160 12.532586 10.879837 5.869462 4.367735 -5.752548 -14.841640 -15.484922 -20.413545 -20.889417 -21.613583 -23.991994 -32.818388 -28.593498 -27.847866 -29.452532 -31.646522 -32.215853 -24.491927 -21.199669 -15.426620 -5.748558 -6.261436 -6.398811 -8.855710 -11.125899 -14.280379 -18.141039 -19.641298 -23.477549 -36.318037 -34.406972 -26.885044 -32.694040 -31.786196 -27.728791 -33.603514 
6.933138 18.926359 14.992490 14.086632 12.478086 11.472000 5.831993 1.479333 -8.089422 -14.238407 -19.966427 -20.526608 -21.626181 -23.913732 -26.808741 -29.893437 -28.280297 -29.814208 -30.998918 -29.139773 -28.492612 -24.204192 -23.291590 -16.207486 -4.188372 -8.891967 -13.150640 -10.965382 -14.881984 -15.855929 -23.879269 -25.428224 -30.302945 -35.711657 -30.162683 -20.572181 -30.713661 -34.068262 -27.833495 -29.104652 
4.502530 18.134202 14.931251 13.435067 12.264362 11.399421 5.519225 -2.396906 -10.232814 -15.297987 -20.678034 -20.026710 -20.618500 -21.919795 -25.417092 -26.880226 -26.503278 -27.985631 -28.017951 -27.668578 -28.090274 -26.477675 -19.806840 -14.110214 -5.496702 -7.859741 -9.237047 -16.324664 -15.137895 -9.390603 -15.179690 -24.000178 -26.863826 -36.454004 -35.064885 -28.471779 -34.575317 -34.492173 -27.788295 -30.656589 
5.626164 17.842881 13.395670 13.118115 11.535826 11.039848 4.414571 -5.680502 -15.118347 -17.062237 -19.829446 -19.951641 -22.701953 -24.074308 -24.401290 -25.368603 -26.435845 -27.309692 -27.536432 -27.535000 -27.392925 -24.517459 -20.233472 -12.747945 -5.118707 -8.153713 -11.269876 -14.672109 -15.522181 -20.056718 -26.135471 -27.147629 -30.062021 -36.387801 -35.902765 -34.380034 -35.606565 -34.199934 -30.599755 -30.604887 
6.898036 18.225598 13.877509 12.701142 10.592867 10.774424 3.446476 -5.701101 -17.014044 -23.371766 -25.144939 -29.251228 -26.708683 -29.682436 -32.028738 -32.111406 -32.271424 -32.777950 -32.818658 -32.499567 -32.079394 -29.011617 -23.772613 -17.726502 -12.174927 -13.353305 -14.383720 -15.871526 -14.625574 -15.761840 -21.018781 -29.472031 -28.664755 -37.500966 -33.853626 -30.581108 -36.997477 -36.860032 -32.111497 -29.464602 
5.663900 17.965754 14.007333 11.962376 9.716439 9.883949 0.358468 -11.831383 -22.024749 -26.590707 -28.040482 -25.949643 -27.037759 -30.320476 -40.699383 -41.244871 -37.267427 -35.311219 -35.847624 -32.276283 -32.119513 -29.959677 -22.585371 -13.869713 -12.017664 -17.198898 -12.034727 -14.555117 -12.809782 -12.657667 -19.698870 -26.871930 -26.525779 -39.534036 -35.177550 -32.600090 -38.008183 -39.452428 -31.819720 -31.741128 
5.308725 17.638207 14.104878 10.520678 8.529973 8.860685 1.406924 -11.422017 -26.784152 -26.329261 -27.153788 -25.309907 -27.460431 -27.954905 -31.781213 -35.793037 -35.609771 -36.117577 -35.397802 -35.780859 -35.785377 -31.734132 -23.693549 -12.914813 -10.532657 -18.032591 -18.274834 -20.762347 -23.475827 -20.606024 -23.277035 -27.280889 -27.328138 -38.959295 -39.587105 -33.429128 -37.780453 -38.451964 -35.140239 -34.720359 
3.936318 17.124614 14.421688 8.711009 5.949254 7.717217 2.782026 -6.159513 -17.779722 -24.521148 -27.874358 -24.178545 -27.152323 -28.725425 -31.910704 -34.064310 -33.488889 -32.943842 -33.271941 -32.882822 -31.592168 -31.878347 -27.705981 -17.437397 -13.182664 -10.297105 -13.310184 -25.325352 -22.916512 -20.223564 -28.167100 -28.813947 -30.968623 -39.128312 -38.203237 -32.517576 -37.105217 -39.509095 -36.198214 -36.285553 
2.507976 16.637466 14.436897 6.328992 3.004775 5.441164 2.081135 -2.355784 -13.969765 -23.369584 -28.765431 -25.708960 -31.105431 -34.051640 -35.228230 -36.654944 -37.074869 -35.718122 -37.699747 -36.578211 -35.305669 -33.188694 -30.110717 -22.214797 -17.824472 -11.834108 -14.587449 -23.220395 -19.537890 -17.520923 -26.838480 -27.483231 -32.408941 -38.339865 -38.264935 -33.523111 -38.171835 -36.528412 -35.243262 -38.174351 
3.670482 15.942746 13.815274 1.577499 -4.755293 -5.190020 -12.163592 -8.107882 -20.117826 -25.408417 -28.503087 -28.682030 -30.066777 -32.381033 -36.074426 -38.578975 -37.817712 -37.389197 -37.762691 -37.673995 -36.957191 -29.654797 -22.830705 -16.368249 -15.204232 -16.601299 -21.550129 -27.413947 -23.399118 -24.237843 -33.798837 -29.877074 -31.254874 -36.378774 -38.351867 -33.317528 -42.600482 -41.293206 -39.738410 -39.414891 
1.018551 12.710275 10.037686 -4.258933 -13.827536 -8.230194 -13.248358 -14.639297 -23.282060 -25.224779 -26.683523 -31.765252 -35.108814 -32.239600 -34.657930 -36.224860 -36.965515 -37.783329 -38.824912 -37.631924 -37.789388 -33.717320 -25.576383 -18.147117 -17.370285 -21.084431 -24.948464 -30.424810 -28.395688 -27.451948 -36.423836 -33.527839 -32.505616 -38.518535 -38.093065 -36.666327 -43.009014 -41.297239 -37.570242 -41.191571 
-3.696268 6.576404 4.443133 -8.853787 -24.788105 -19.891529 -16.645508 -22.141449 -25.963174 -26.061239 -28.083851 -34.402280 -35.201776 -36.607794 -39.554590 -39.747336 -42.119962 -41.394882 -39.879814 -40.994802 -40.206082 -35.991834 -28.144196 -22.665991 -20.619675 -19.657548 -25.198163 -31.452102 -33.361995 -32.100124 -36.480758 -37.661170 -36.313133 -37.945961 -40.075348 -41.717747 -45.347217 -44.847990 -42.404233 -43.621870 
-13.407484 -7.492831 -6.594329 -10.758037 -16.460713 -20.552349 -23.051103 -28.541736 -29.390927 -30.636329 -31.300165 -36.460364 -31.558574 -32.198929 -35.942473 -40.444065 -48.643482 -47.132941 -46.616008 -49.073892 -45.621345 -47.004759 -37.277995 -30.706961 -32.785393 -27.654610 -31.616480 -41.479708 -37.290448 -35.179337 -43.841331 -42.542126 -44.012235 -47.611864 -50.235269 -50.007191 -51.970006 -52.312652 -56.345393 -53.980817 
-45.070118 -44.067616 -46.273802 -46.251635 -45.652984 -46.749544 -46.647701 -46.790043 -47.673386 -47.740934 -48.604953 -49.256475 -50.105971 -51.283033 -52.611395 -54.311061 -56.188488 -58.229017 -60.119633 -61.307875 -61.221674 -60.916264 -60.660264 -61.600040 -62.736809 -65.734877 -70.532068 -76.697910 -72.590416 -68.205848 -66.196218 -65.451752 -66.106260 -68.513009 -71.362240 -71.224786 -70.072548 -70.442732 -71.343473 -72.234853 
NaN NaN NaN NaN NaN NaN NaN NaN NaN NaN NaN NaN NaN NaN NaN NaN NaN NaN NaN NaN NaN NaN NaN NaN NaN NaN NaN NaN NaN NaN NaN NaN NaN NaN NaN NaN NaN NaN NaN NaN 
NaN NaN NaN NaN NaN NaN NaN NaN NaN NaN NaN NaN NaN NaN NaN NaN NaN NaN NaN NaN NaN NaN NaN NaN NaN NaN NaN NaN NaN NaN NaN NaN NaN NaN NaN NaN NaN NaN NaN NaN 
NaN NaN NaN NaN NaN NaN NaN NaN NaN NaN NaN NaN NaN NaN NaN NaN NaN NaN NaN NaN NaN NaN NaN NaN NaN NaN NaN NaN NaN NaN NaN NaN NaN NaN NaN NaN NaN NaN NaN NaN 
NaN NaN NaN NaN NaN NaN NaN NaN NaN NaN NaN NaN NaN NaN NaN NaN NaN NaN NaN NaN NaN NaN NaN NaN NaN NaN NaN NaN NaN NaN NaN NaN NaN NaN NaN NaN NaN NaN NaN NaN 
NaN NaN NaN NaN NaN NaN NaN NaN NaN NaN NaN NaN NaN NaN NaN NaN NaN NaN NaN NaN NaN NaN NaN NaN NaN NaN NaN NaN NaN NaN NaN NaN NaN NaN NaN NaN NaN NaN NaN NaN 
NaN NaN NaN NaN NaN NaN NaN NaN NaN NaN NaN NaN NaN NaN NaN NaN NaN NaN NaN NaN NaN NaN NaN NaN NaN NaN NaN NaN NaN NaN NaN NaN NaN NaN NaN NaN NaN NaN NaN NaN 
NaN NaN NaN NaN NaN NaN NaN NaN NaN NaN NaN NaN NaN NaN NaN NaN NaN NaN NaN NaN NaN NaN NaN NaN NaN NaN NaN NaN NaN NaN NaN NaN NaN NaN NaN NaN NaN NaN NaN NaN 
NaN NaN NaN NaN NaN NaN NaN NaN NaN NaN NaN NaN NaN NaN NaN NaN NaN NaN NaN NaN NaN NaN NaN NaN NaN NaN NaN NaN NaN NaN NaN NaN NaN NaN NaN NaN NaN NaN NaN NaN 
NaN NaN NaN NaN NaN NaN NaN NaN NaN NaN NaN NaN NaN NaN NaN NaN NaN NaN NaN NaN NaN NaN NaN NaN NaN NaN NaN NaN NaN NaN NaN NaN NaN NaN NaN NaN NaN NaN NaN NaN 
NaN NaN NaN NaN NaN NaN NaN NaN NaN NaN NaN NaN NaN NaN NaN NaN NaN NaN NaN NaN NaN NaN NaN NaN NaN NaN NaN NaN NaN NaN NaN NaN NaN NaN NaN NaN NaN NaN NaN NaN 
NaN NaN NaN NaN NaN NaN NaN NaN NaN NaN NaN NaN NaN NaN NaN NaN NaN NaN NaN NaN NaN NaN NaN NaN NaN NaN NaN NaN NaN NaN NaN NaN NaN NaN NaN NaN NaN NaN NaN NaN 
NaN NaN NaN NaN NaN NaN NaN NaN NaN NaN NaN NaN NaN NaN NaN NaN NaN NaN NaN NaN NaN NaN NaN NaN NaN NaN NaN NaN NaN NaN NaN NaN NaN NaN NaN NaN NaN NaN NaN NaN 
NaN NaN NaN NaN NaN NaN NaN NaN NaN NaN NaN NaN NaN NaN NaN NaN NaN NaN NaN NaN NaN NaN NaN NaN NaN NaN NaN NaN NaN NaN NaN NaN NaN NaN NaN NaN NaN NaN NaN NaN 
