NaN NaN NaN NaN NaN NaN NaN NaN NaN NaN NaN NaN NaN NaN NaN NaN NaN NaN NaN NaN NaN NaN NaN NaN NaN NaN NaN NaN NaN NaN NaN NaN NaN NaN NaN NaN NaN NaN NaN NaN 
NaN NaN NaN NaN NaN NaN NaN NaN NaN NaN NaN NaN NaN NaN NaN NaN NaN NaN NaN NaN NaN NaN NaN NaN NaN NaN NaN NaN NaN NaN NaN NaN NaN NaN NaN NaN NaN NaN NaN NaN 
NaN NaN NaN NaN NaN NaN NaN NaN NaN NaN NaN NaN NaN NaN NaN NaN NaN NaN NaN NaN NaN NaN NaN NaN NaN NaN NaN NaN NaN NaN NaN NaN NaN NaN NaN NaN NaN NaN NaN NaN 
NaN NaN NaN NaN NaN NaN NaN NaN NaN NaN NaN NaN NaN NaN NaN NaN NaN NaN NaN NaN NaN NaN NaN NaN NaN NaN NaN NaN NaN NaN NaN NaN NaN NaN NaN NaN NaN NaN NaN NaN 
NaN NaN NaN NaN NaN NaN NaN NaN NaN NaN NaN NaN NaN NaN NaN NaN NaN NaN NaN NaN NaN NaN NaN NaN NaN NaN NaN NaN NaN NaN NaN NaN NaN NaN NaN NaN NaN NaN NaN NaN 
NaN NaN NaN NaN NaN NaN NaN NaN NaN NaN NaN NaN NaN NaN NaN NaN NaN NaN NaN NaN NaN NaN NaN NaN NaN NaN NaN NaN NaN NaN NaN NaN NaN NaN NaN NaN NaN NaN NaN NaN 
NaN NaN NaN NaN NaN NaN NaN NaN NaN NaN NaN NaN NaN NaN NaN NaN NaN NaN NaN NaN NaN NaN NaN NaN NaN NaN NaN NaN NaN NaN NaN NaN NaN NaN NaN NaN NaN NaN NaN NaN 
NaN NaN NaN NaN NaN NaN NaN NaN NaN NaN NaN NaN NaN NaN NaN NaN NaN NaN NaN NaN NaN NaN NaN NaN NaN NaN NaN NaN NaN NaN NaN NaN NaN NaN NaN NaN NaN NaN NaN NaN 
NaN NaN NaN NaN NaN NaN NaN NaN NaN NaN NaN NaN NaN NaN NaN NaN NaN NaN NaN NaN NaN NaN NaN NaN NaN NaN NaN NaN NaN NaN NaN NaN NaN NaN NaN NaN NaN NaN NaN NaN 
-51.072649 -52.682411 -55.524891 -60.268698 -63.962612 -63.887722 -65.668256 -71.814831 -71.346697 -69.590692 -74.486093 -76.502393 -78.708787 -82.463361 -78.370668 -83.889766 -82.217628 -87.675059 -86.630049 -86.433750 -90.845189 -89.188349 -87.938209 -86.859503 -91.341427 -93.712700 -93.222475 -94.192897 -92.956915 -88.949652 -90.856454 -89.561372 -94.935875 -96.657836 -94.299548 -94.194144 -93.407212 -91.814039 -95.667760 -94.823493 
-32.214304 -40.143308 -46.339556 -48.203871 -53.673712 -54.201231 -58.561798 -62.305801 -63.299940 -60.727420 -60.835745 -66.345792 -68.796778 -72.305492 -69.050947 -68.440666 -71.378496 -77.531472 -75.833017 -74.600934 -73.633728 -76.053965 -76.917414 -75.732080 -78.714723 -83.540392 -81.972537 -82.552958 -79.274121 -76.691872 -79.439823 -76.730434 -77.560148 -77.971087 -77.233107 -78.341298 -77.749265 -77.272033 -79.570168 -79.978357 
-19.498425 -15.937411 -11.222520 -7.814444 -7.080411 -10.111699 -16.545404 -28.125381 -33.024363 -29.959986 -31.752389 -35.427571 -33.451874 -33.831872 -39.687991 -40.441940 -41.755192 -43.098378 -42.690177 -44.519255 -44.557058 -45.973345 -43.566293 -47.681543 -47.973023 -48.959281 -49.284405 -50.003358 -50.794274 -51.084285 -51.993427 -52.153629 -52.351405 -53.132879 -53.467832 -53.835684 -54.120755 -54.879396 -54.856096 -54.739602 
-11.283717 -11.580778 0.145064 14.100725 17.999216 11.650784 -1.180254 -4.971231 -5.030164 -18.148267 -27.939478 -21.618489 -20.662389 -18.475061 -19.663832 -24.087773 -27.620276 -26.301506 -26.046426 -28.711782 -29.217401 -30.687337 -29.370147 -37.504141 -44.471967 -43.551461 -44.390654 -47.924641 -47.597270 -47.337308 -50.801147 -52.297749 -51.159158 -51.470927 -51.126557 -51.418241 -52.380463 -51.406201 -50.915783 -50.132858 
-16.087047 -16.679065 -8.231300 17.394802 24.016950 11.351129 -10.054163 -3.177750 -0.285548 -20.703610 -24.392679 -20.758622 -30.582465 -16.163238 -17.306096 -20.191677 -23.240339 -20.173575 -25.383924 -32.714126 -33.598300 -34.508002 -34.670722 -36.356931 -36.809335 -38.989384 -36.758256 -46.025958 -48.675480 -46.941788 -47.121418 -51.380706 -52.290662 -51.221562 -51.395135 -49.392322 -50.962031 -48.496324 -48.483045 -46.987637 
-13.357651 -19.817516 -15.316562 17.243868 26.542467 16.594581 -7.976905 -5.965839 0.435691 -16.146744 -18.203741 -15.608200 -19.662617 -17.672159 -17.426853 -18.357266 -15.097519 -22.003526 -20.291504 -26.205808 -25.957462 -27.877799 -28.113790 -28.048476 -28.277603 -30.595603 -31.127010 -31.734063 -32.351924 -32.763694 -33.495108 -33.829559 -34.218229 -34.760215 -35.114934 -35.544232 -35.836125 -35.937195 -36.080884 -36.220749 
-19.014073 -21.593430 -13.888406 15.603571 27.847248 20.300810 -4.188363 -6.727583 0.642539 -8.284802 -14.428116 -12.861075 -15.019781 -15.635571 -12.466945 -17.579778 -12.939352 -17.373726 -20.658081 -21.954417 -22.572612 -24.542607 -24.974892 -24.372140 -26.341139 -27.227759 -27.385732 -28.042153 -28.818152 -29.365987 -29.828402 -30.391385 -30.867756 -31.289643 -31.603336 -31.911201 -32.255681 -32.345968 -32.399222 -32.630923 
-15.261252 -11.269412 -12.225145 13.163461 27.987283 23.227525 -0.403585 -13.559975 -1.433744 -6.906150 -19.493222 -14.890380 -16.542691 -22.497315 -13.397586 -19.499966 -14.003144 -15.255732 -26.986338 -26.810053 -26.516012 -29.421196 -29.461642 -31.029909 -32.892322 -33.149847 -30.993016 -34.670331 -36.076789 -36.961136 -37.275369 -37.618666 -37.863157 -38.819986 -38.822277 -39.098115 -39.354321 -39.374823 -38.671722 -38.629343 
-22.932629 -16.841869 -21.956287 8.814925 27.051419 25.270905 2.860162 -15.611140 -6.230722 -5.569989 -25.793503 -21.373509 -15.426497 -26.217146 -15.571203 -15.214555 -17.985467 -12.850465 -31.405142 -27.697938 -31.988274 -27.199918 -30.250471 -33.793050 -36.073955 -39.880479 -36.015455 -37.842610 -41.170798 -41.996777 -40.295939 -41.635822 -43.339062 -43.711180 -42.257717 -43.780894 -43.893903 -42.422356 -38.931215 -37.912866 
-21.401923 -15.787326 -17.429444 5.525852 26.223903 26.515475 5.638164 -23.023905 -7.494064 -5.285731 -23.272505 -26.298034 -13.416997 -22.852260 -16.012836 -11.546626 -23.621119 -14.566450 -27.183630 -22.778227 -28.717408 -24.425065 -33.339803 -33.263514 -35.318727 -38.120513 -35.225239 -40.853478 -43.119941 -43.133709 -42.140878 -44.772123 -43.034754 -44.806663 -44.037083 -44.766725 -45.424879 -44.020565 -40.049003 -37.843895 
-13.524330 -16.162068 -14.987251 3.213601 24.916204 27.454013 9.036825 -11.319584 -7.977442 -5.124032 -14.558792 -15.921327 -9.774778 -15.039873 -14.847129 -9.025284 -19.666697 -18.160748 -20.694208 -23.363293 -25.030278 -22.484826 -26.020197 -26.840425 -28.288900 -28.829993 -29.707409 -30.781658 -31.089074 -31.547473 -32.078612 -32.744039 -33.173651 -33.587749 -34.035392 -34.074534 -34.414459 -34.621543 -33.855862 -34.303471 
-15.206339 -13.569581 -13.646023 -0.251517 22.521406 28.065667 13.345708 -10.028081 -10.637274 -8.193220 -10.291170 -13.854536 -10.363624 -13.458344 -14.183754 -13.496288 -18.488178 -19.319491 -17.193477 -21.682524 -20.788170 -22.514635 -23.395879 -24.247433 -25.914735 -25.823311 -27.625763 -27.240300 -28.130982 -28.720854 -29.037095 -29.743169 -30.233359 -30.686902 -30.895390 -31.171905 -31.470386 -31.667473 -31.799189 -32.253916 
-9.067277 -11.436185 -14.384519 -5.362135 17.886756 28.293198 18.464534 -10.933444 -11.137187 -1.291326 -4.971251 -17.119187 -7.026145 -4.459039 -15.809688 -12.156446 -18.876896 -24.600141 -17.045377 -21.637557 -15.934135 -19.289185 -10.049733 -11.614623 -17.186502 -20.098302 -22.026193 -20.634579 -21.449942 -26.543683 -24.214874 -25.474974 -31.272728 -33.598305 -33.813680 -34.207113 -35.725632 -34.884506 -33.802209 -34.348371 
-12.323074 -16.736705 -18.573963 -9.935087 17.178286 28.181951 18.473094 -12.086992 -12.656239 1.642339 0.463293 -20.697509 -12.925728 -1.589939 -16.428758 -19.052986 -16.246142 -33.558702 -22.214567 -27.814822 -25.089422 -25.204122 -13.958610 -11.578890 -6.542227 -9.173654 -12.265528 -7.723417 -9.374333 -17.711927 -18.937714 -19.248940 -23.560881 -29.988229 -30.977481 -34.036300 -39.728607 -39.485468 -26.957395 -27.868608 
-22.119978 -21.456514 -24.553322 -20.887726 15.161805 27.730585 19.178151 -16.468394 -13.858637 1.142821 2.729436 -21.693856 -17.365395 -1.755920 -12.280265 -22.748892 -17.018947 -34.910167 -25.041653 -27.843422 -28.238322 -32.823519 -21.681060 -21.454450 -12.831365 -10.058582 -8.665374 -9.308236 -5.504593 -15.113078 -18.476287 -19.294808 -21.652701 -27.692878 -30.449136 -33.443309 -39.410481 -36.564794 -29.914785 -28.991221 
-24.882958 -19.940369 -20.953671 -16.041793 12.443503 26.676687 19.608561 -16.145693 -24.994211 -2.596257 3.542143 -17.863237 -20.908344 -1.249478 -11.772633 -24.590062 -19.698518 -30.712469 -27.442627 -28.513037 -35.345893 -36.229804 -24.852424 -23.556681 -14.621387 -10.673426 -4.018537 -4.858377 -5.753627 -10.748156 -17.419790 -18.516447 -18.373954 -25.289107 -32.981144 -37.077434 -40.527558 -35.518813 -28.485704 -29.248244 
-20.513322 -16.358655 -18.097196 -17.567664 9.983181 25.803932 19.768246 -11.994026 -18.194753 -1.472609 4.269356 -15.967538 -20.876144 -1.144080 -8.513825 -22.516503 -19.746704 -26.825641 -25.538589 -24.547452 -30.633722 -30.280770 -25.737866 -22.553237 -17.065713 -14.405988 -5.112452 -4.413303 -4.347038 -9.158889 -16.571572 -20.309667 -19.258371 -25.875558 -30.454028 -34.013101 -39.241876 -35.964813 -26.018210 -26.393682 
-14.651204 -14.726796 -14.328826 -13.940995 8.535794 25.268352 19.957272 -10.823389 -19.997147 -1.973929 5.283922 -16.285604 -24.980998 -2.065421 -8.003189 -30.143809 -22.702336 -30.518097 -28.900929 -26.308563 -35.854301 -36.005192 -28.572301 -23.660186 -19.261368 -13.369975 -1.280232 -3.384145 -5.572801 -8.177891 -18.428856 -19.393760 -16.032380 -24.441582 -28.999446 -33.952912 -38.207843 -34.621028 -24.828575 -26.327416 
-14.259751 -23.570279 -23.171446 -17.930600 8.132499 24.904345 19.641047 -9.461471 -15.683651 -2.121279 5.327298 -14.405133 -22.690485 -1.715233 -6.522213 -26.061246 -25.507097 -26.815983 -26.675302 -25.273879 -29.906544 -30.517502 -25.681022 -22.670853 -20.731001 -14.712901 -4.171402 -3.223743 -5.445763 -9.828465 -17.464796 -18.394816 -15.295322 -22.598242 -32.254333 -33.838938 -37.190553 -34.848399 -26.795211 -26.984477 
-16.652213 -18.992295 -16.063940 -14.962345 9.140252 25.159552 19.326750 -12.843190 -16.471238 -1.523987 4.319651 -18.197050 -24.715863 -2.562524 -9.398897 -29.068034 -23.153461 -30.635386 -27.790671 -26.188426 -33.898874 -34.509672 -25.809125 -22.549984 -19.409315 -16.617749 -6.821485 -5.382506 -4.940198 -8.327396 -17.159090 -18.200912 -16.307800 -20.985927 -29.329871 -33.787333 -39.798710 -34.993147 -28.598797 -27.091636 
-25.881382 -21.844329 -29.929190 -17.117785 11.792428 25.820265 18.634771 -12.588363 -15.552476 1.840897 3.863323 -21.368940 -19.241290 -1.843652 -11.693449 -26.681962 -22.311412 -30.528064 -26.152923 -29.612007 -32.206336 -32.915485 -26.660051 -24.782623 -20.232157 -18.662062 -13.450373 -7.039048 -4.443378 -8.643544 -15.519304 -17.181959 -16.300868 -20.445939 -29.109106 -34.008685 -36.994409 -36.583033 -27.879790 -29.097521 
-19.865465 -21.642216 -25.855669 -18.174068 14.366118 26.405210 17.419117 -12.288076 -12.618441 3.295356 2.155958 -24.801195 -13.675103 -1.988945 -16.235699 -23.528552 -21.727123 -34.771535 -24.809222 -31.551617 -34.452249 -33.695425 -28.013306 -28.007878 -23.929908 -16.208628 -14.478282 -7.134604 -4.730117 -12.527478 -16.400011 -15.488929 -16.044303 -21.332503 -29.324009 -32.414223 -37.960975 -36.094244 -27.904290 -29.183950 
-15.533973 -11.080785 -12.991500 -7.122086 18.184723 26.706357 14.999290 -13.243980 -12.039757 3.013293 -3.683955 -20.907956 -7.332015 -3.115520 -20.207436 -19.487888 -19.645553 -33.168053 -29.093912 -33.751968 -31.375701 -35.315934 -33.088271 -27.318997 -24.767993 -15.731638 -7.883416 -4.883277 -3.553397 -7.503448 -15.370149 -17.769708 -14.956836 -20.917209 -32.174924 -33.266902 -38.839411 -36.609875 -27.205099 -27.001320 
-9.022588 -9.832354 -9.424741 -1.625749 21.658991 26.597302 10.855470 -15.884712 -4.048345 2.722449 -14.772148 -19.372066 -2.204330 -6.135630 -20.014183 -11.058327 -20.544809 -32.559521 -32.023008 -29.784932 -30.626876 -33.749071 -32.229375 -23.859318 -22.661232 -18.011557 -6.251123 -5.781164 -4.496689 -10.559066 -15.904747 -17.683260 -15.579152 -22.551030 -33.198036 -38.677561 -41.102304 -37.208328 -29.919971 -28.041556 
-15.252027 -17.870357 -15.211840 6.640237 25.066447 26.013837 8.108413 -17.617944 4.695833 4.759886 -17.746317 -8.819783 -0.677419 -11.324263 -11.100459 -7.671319 -26.029578 -34.820439 -37.317247 -29.520435 -31.501745 -33.533834 -34.907249 -27.424494 -22.161075 -16.149181 -8.729857 -5.330066 -6.050051 -11.763111 -16.387140 -19.510016 -18.466709 -23.463260 -32.347161 -34.859710 -41.798509 -35.684075 -26.952444 -25.875332 
-22.499277 -13.926274 -11.798243 14.239428 27.347678 22.143945 1.369531 -0.793687 13.030462 5.355431 -14.411609 -2.721784 -5.884431 -9.979256 -3.499835 -11.736294 -18.047859 -20.582131 -21.651104 -22.893353 -23.256147 -24.383280 -24.836562 -24.106859 -20.844531 -18.025710 -9.695621 -5.528814 -5.879712 -11.264518 -17.163319 -18.314343 -18.567194 -22.931095 -28.166730 -29.777229 -31.240240 -31.120054 -26.695903 -25.950113 
-27.753965 -17.388704 -6.505105 19.965910 27.651574 16.702131 -6.013638 11.336592 14.923609 -2.417823 -5.876983 -4.615705 -13.914610 -2.882410 -5.574403 -11.907909 -16.838527 -24.225033 -23.805117 -24.863628 -26.032791 -27.147359 -27.662310 -26.879840 -24.632685 -18.957257 -9.171546 -5.268055 -7.224199 -10.975581 -19.362543 -20.038704 -18.950368 -24.823637 -31.600434 -32.787684 -35.080588 -35.159535 -30.202484 -27.950100 
-13.077011 -15.460252 0.422916 23.612882 26.397776 9.734163 1.643718 16.180718 10.052781 -10.654248 -3.991053 -12.520276 -8.130936 -6.026759 -10.634868 -7.228478 -23.752510 -31.797629 -29.245581 -29.137370 -30.215731 -39.936147 -36.047362 -32.567367 -29.332964 -22.707900 -9.800510 -5.849739 -6.278713 -17.144449 -25.607597 -23.295841 -22.434865 -27.012440 -32.058720 -34.152399 -42.495444 -41.319813 -36.226906 -33.379156 
-14.146170 -13.534123 6.794842 24.309838 22.877714 5.208868 9.236272 15.024009 0.930237 -6.243994 -9.427375 -16.202818 -6.273695 -11.244558 -4.585669 -10.994625 -21.602125 -31.906449 -31.583802 -29.075480 -32.646320 -38.716178 -34.516641 -31.857919 -25.399810 -23.761361 -10.372820 -9.709330 -12.717441 -16.576188 -21.444427 -23.167063 -23.833302 -31.326814 -36.492498 -37.231046 -41.340028 -42.316670 -32.497899 -29.431629 
-21.478407 -15.311947 12.002657 22.492815 14.617155 1.427149 12.925513 9.571022 -13.052046 -2.900816 -13.056575 -8.777232 -9.862515 -10.548040 -7.608205 -15.056222 -21.386502 -34.392209 -33.546659 -33.771906 -37.294063 -37.883455 -35.266253 -29.853704 -24.709256 -20.619722 -15.444076 -12.430049 -9.834550 -15.659460 -28.046216 -30.014704 -23.952226 -28.579722 -37.773586 -38.867501 -43.077526 -42.469972 -32.901153 -32.978157 
-21.892890 -11.481470 14.068073 21.209511 11.495197 4.092931 13.560549 4.545976 -3.172192 -0.595473 -16.340059 -9.436805 -16.612563 -9.993744 -14.196170 -13.023251 -28.994634 -37.472122 -37.774326 -41.525640 -39.539654 -40.413039 -42.303838 -35.064832 -29.612884 -26.097068 -16.590426 -14.205003 -13.207759 -24.210743 -30.841292 -27.259078 -22.421188 -28.160499 -38.907495 -39.090524 -45.306192 -46.860109 -37.006050 -36.793919 
-12.985625 -7.099367 14.898786 18.882176 4.201310 7.241066 12.856186 -1.304639 2.235415 -0.404333 -13.081974 -12.445143 -14.737645 -14.081912 -12.395268 -16.946932 -31.714482 -31.680194 -32.613464 -32.840286 -33.955974 -33.871329 -35.040009 -34.429790 -31.835137 -26.178752 -19.083206 -17.452977 -19.469246 -22.036955 -27.479305 -30.509145 -24.817590 -30.051752 -35.553806 -39.415961 -41.430245 -41.609849 -36.561266 -36.838405 
-25.844275 -2.623540 15.382524 16.934074 -0.147095 10.981681 12.235713 -4.004697 4.401731 -5.912310 -13.728489 -16.081741 -10.825499 -14.833513 -10.027148 -22.721142 -34.780324 -36.757689 -38.599265 -39.302728 -40.576165 -42.495536 -41.753613 -39.579616 -34.738559 -28.486501 -16.698429 -17.301224 -17.413386 -23.590140 -27.028149 -24.924616 -25.017441 -29.211952 -37.538406 -39.590248 -45.830784 -46.061648 -40.660635 -38.329943 
-26.108616 -0.636034 15.353105 15.379061 -0.474663 13.018506 11.600171 -2.435424 4.290679 -10.122803 -16.155037 -22.031689 -12.548672 -13.482472 -11.635064 -27.852672 -33.962523 -36.993189 -38.022625 -38.561858 -40.093620 -41.386265 -42.462960 -40.073464 -37.127612 -30.666283 -18.394679 -18.457849 -20.853231 -21.538192 -27.669674 -25.908444 -24.684409 -34.867431 -39.890588 -40.331028 -41.550677 -44.743471 -37.095637 -37.239684 
-13.179409 -0.143840 15.035605 13.517734 -1.090625 14.216157 10.908625 -1.683122 2.215052 -16.388240 -18.045324 -20.494435 -15.204998 -15.835239 -17.491451 -31.091147 -33.529462 -34.543981 -35.687029 -36.186422 -37.016170 -37.780949 -37.860525 -36.564281 -36.932896 -29.831631 -16.334959 -11.436973 -13.805410 -22.321186 -25.523859 -27.333756 -25.816698 -31.017262 -36.488840 -36.046930 -42.125849 -43.731210 -36.637495 -37.593391 
-23.343328 0.280513 14.395893 12.245057 1.578894 14.879187 9.758757 -3.927497 -2.026463 -21.461965 -26.389180 -22.575815 -16.924857 -21.694882 -27.572756 -38.489771 -40.556336 -42.416057 -43.560541 -43.724110 -46.374836 -47.178292 -43.975625 -41.832862 -35.382244 -32.198261 -17.387483 -17.554059 -19.693984 -25.199184 -29.790775 -32.416807 -29.435566 -35.396514 -41.668192 -39.415732 -43.945825 -46.662491 -38.756320 -38.048367 
-17.715703 1.032720 13.931490 10.634642 2.945978 15.138866 7.584153 -4.390192 -6.075941 -24.901075 -25.825309 -23.482093 -22.970368 -28.573413 -36.642966 -42.278544 -41.905422 -41.360824 -41.824675 -44.585688 -46.666270 -44.534662 -41.847862 -35.160943 -28.793246 -24.994018 -14.118717 -13.346498 -15.496090 -25.868559 -30.862750 -28.951352 -30.768241 -38.510855 -43.110217 -37.805049 -42.927611 -47.104200 -40.079007 -39.262905 
-18.375452 0.973551 13.161366 9.188544 3.868012 14.438351 5.818313 -2.999444 -6.910674 -24.956506 -26.957792 -23.980513 -29.154028 -29.709160 -37.817751 -38.109153 -38.733655 -41.362656 -41.525564 -43.170319 -43.261136 -41.493980 -40.002907 -34.589732 -29.126944 -27.459132 -17.381657 -16.119929 -16.494182 -26.332475 -32.474845 -29.812038 -27.366825 -38.228621 -42.419164 -37.512746 -42.961548 -46.521517 -40.884997 -42.497976 
-15.936206 0.280149 12.425545 8.494582 0.876615 11.880367 3.377327 -2.794504 -7.449455 -29.145635 -34.367306 -28.371657 -32.322254 -27.477622 -36.406714 -40.106948 -46.348718 -51.136910 -49.113889 -48.332971 -46.596081 -42.883733 -40.573678 -32.320615 -26.075261 -25.438016 -17.343753 -14.952977 -17.760400 -25.496520 -31.974434 -28.141401 -27.130314 -38.188342 -39.183434 -42.715514 -45.716200 -47.738191 -44.036623 -43.582943 
-27.481783 -1.347908 11.548221 8.207857 -0.496709 9.717583 1.548759 -6.125336 -7.788168 -26.226372 -29.017972 -33.630501 -36.279481 -33.304412 -39.210820 -38.766447 -41.929744 -48.259521 -43.105607 -45.101552 -45.445449 -45.595439 -43.337015 -34.318856 -28.103660 -24.796288 -21.955377 -17.938882 -24.284619 -29.192053 -31.052868 -31.499775 -32.963924 -39.581095 -44.296123 -44.824368 -43.869160 -45.154876 -42.089834 -44.977345 
-21.002380 -2.522330 10.332311 6.934334 -2.342776 6.409480 -2.947298 -5.068699 -8.399883 -30.944997 -33.086866 -32.622784 -32.045335 -32.710739 -35.213937 -40.328340 -45.568343 -46.355926 -43.633453 -44.017449 -42.501402 -41.157558 -42.002880 -41.962052 -32.704941 -23.966469 -21.507481 -18.327683 -26.465568 -32.337549 -34.827489 -36.575858 -36.896013 -40.202522 -42.992870 -43.344389 -47.415140 -48.949200 -44.111193 -47.323473 
-17.620793 -3.467992 8.866112 5.921265 -6.537961 2.457869 -3.401347 -4.379860 -7.727463 -27.752464 -30.214637 -28.737147 -29.764084 -29.317034 -33.544269 -39.433040 -42.860073 -42.490277 -44.266027 -45.125862 -45.101638 -41.380583 -37.055544 -33.400437 -34.062420 -28.029533 -20.786344 -19.863458 -24.633209 -34.841513 -34.456698 -37.487657 -39.274121 -40.365545 -42.935539 -43.804867 -48.115194 -48.718382 -46.667949 -45.722316 
-30.788988 -4.961515 6.116302 1.723727 -8.798496 -2.506503 -9.711224 -7.528377 -11.133133 -31.322103 -35.723549 -30.818955 -29.322397 -30.450695 -35.278484 -39.305215 -41.690815 -49.823460 -42.756103 -45.860728 -45.435503 -45.230677 -39.596396 -33.004410 -32.118962 -25.529434 -22.010685 -23.719041 -25.736317 -35.496599 -38.245842 -40.976559 -42.651691 -44.382809 -45.908257 -46.899899 -54.156614 -54.372161 -51.521047 -50.130710 
-23.432695 -8.887114 0.203684 -5.205922 -19.886517 -15.645346 -15.697943 -20.032625 -19.275977 -38.510262 -35.287957 -36.250574 -30.942349 -33.493752 -39.792916 -42.349042 -50.323516 -49.844907 -48.646872 -47.037195 -55.663236 -49.413801 -43.979608 -34.516921 -33.791175 -31.915409 -28.248992 -26.303702 -35.171078 -39.119366 -42.142802 -44.544276 -45.534902 -47.232129 -51.855099 -53.487939 -56.672133 -53.038849 -52.235066 -53.674371 
-17.458424 -14.806743 -7.390319 -11.133817 -14.937400 -21.195187 -22.524783 -22.591685 -25.745221 -37.488325 -35.141982 -36.300049 -32.605582 -36.451402 -35.720849 -41.104580 -49.205297 -51.680417 -52.758428 -52.282770 -54.579856 -50.877846 -49.017883 -43.427114 -39.622893 -34.095124 -33.623918 -30.654252 -39.508915 -46.870278 -48.826501 -51.044433 -50.955034 -53.084941 -54.611096 -54.922783 -56.757470 -58.696602 -59.034330 -56.189448 
-24.705380 -27.110011 -15.948762 -15.479164 -22.897382 -32.473855 -29.987286 -28.424110 -31.483131 -40.619382 -40.475365 -36.941247 -36.373784 -37.517912 -44.555084 -47.633412 -51.043738 -56.004996 -56.366530 -55.863204 -56.237025 -52.503028 -49.485400 -47.598330 -41.796866 -38.197585 -38.227018 -36.482804 -47.933552 -53.895452 -55.296337 -51.876287 -54.479177 -54.915213 -57.210533 -61.505001 -61.945735 -61.745239 -61.517237 -62.704995 
-35.069246 -35.091958 -32.464918 -28.488588 -34.192521 -34.617457 -30.457584 -35.483762 -41.610799 -47.269276 -55.169434 -47.141044 -41.303317 -43.757455 -46.713045 -53.082099 -59.018194 -58.277615 -56.235155 -58.154697 -62.815920 -59.212070 -55.349964 -55.626849 -50.000984 -47.374005 -45.820701 -48.365373 -56.065984 -61.153369 -63.951092 -64.544360 -64.518867 -64.549868 -63.870923 -66.725229 -69.408866 -66.013364 -67.023053 -67.942482 
-38.414730 -44.320024 -47.996711 -42.595431 -47.684300 -42.737853 -45.416202 -48.948538 -50.963217 -59.889361 -58.045966 -55.448455 -54.418701 -55.946410 -61.737058 -67.733938 -66.161047 -66.381094 -68.559425 -71.283411 -69.640617 -65.245177 -64.143639 -63.116158 -64.072433 -66.746214 -62.061110 -64.269778 -69.877470 -70.854754 -71.253018 -72.288555 -73.890666 -74.878088 -75.261575 -74.485365 -74.373706 -75.236670 -73.472652 -75.155234 
-37.749528 -43.048035 -45.381680 -43.518729 -45.846475 -49.485444 -57.524257 -61.303712 -63.668422 -67.149320 -66.453584 -65.321050 -66.242486 -68.578662 -69.950495 -73.095724 -72.232043 -79.829036 -73.290979 -75.885269 -83.365016 -77.166852 -77.290604 -77.179868 -79.534857 -76.407548 -78.728921 -80.923098 -80.966302 -83.806506 -76.092126 -79.595959 -84.076255 -82.270018 -81.780360 -79.995244 -81.587579 -80.904290 -79.065300 -84.552585 
-65.791264 -66.052484 -66.492189 -67.246736 -68.302488 -69.841316 -71.827532 -74.531089 -78.077446 -80.611075 -80.188779 -78.835760 -78.447820 -79.379123 -81.640117 -84.612594 -86.372529 -86.465769 -86.805481 -87.248840 -87.373432 -88.203443 -89.393265 -89.992446 -91.809720 -91.935698 -90.505146 -91.841288 -92.570020 -93.042511 -92.397918 -94.022315 -93.233339 -93.553598 -96.214450 -93.594525 -96.515771 -96.599342 -96.126254 -96.289024 
NaN NaN NaN NaN NaN NaN NaN NaN NaN NaN NaN NaN NaN NaN NaN NaN NaN NaN NaN NaN NaN NaN NaN NaN NaN NaN NaN NaN NaN NaN NaN NaN NaN NaN NaN NaN NaN NaN NaN NaN 
NaN NaN NaN NaN NaN NaN NaN NaN NaN NaN NaN NaN NaN NaN NaN NaN NaN NaN NaN NaN NaN NaN NaN NaN NaN NaN NaN NaN NaN NaN NaN NaN NaN NaN NaN NaN NaN NaN NaN NaN 
NaN NaN NaN NaN NaN NaN NaN NaN NaN NaN NaN NaN NaN NaN NaN NaN NaN NaN NaN NaN NaN NaN NaN NaN NaN NaN NaN NaN NaN NaN NaN NaN NaN NaN NaN NaN NaN NaN NaN NaN 
NaN NaN NaN NaN NaN NaN NaN NaN NaN NaN NaN NaN NaN NaN NaN NaN NaN NaN NaN NaN NaN NaN NaN NaN NaN NaN NaN NaN NaN NaN NaN NaN NaN NaN NaN NaN NaN NaN NaN NaN 
NaN NaN NaN NaN NaN NaN NaN NaN NaN NaN NaN NaN NaN NaN NaN NaN NaN NaN NaN NaN NaN NaN NaN NaN NaN NaN NaN NaN NaN NaN NaN NaN NaN NaN NaN NaN NaN NaN NaN NaN 
NaN NaN NaN NaN NaN NaN NaN NaN NaN NaN NaN NaN NaN NaN NaN NaN NaN NaN NaN NaN NaN NaN NaN NaN NaN NaN NaN NaN NaN NaN NaN NaN NaN NaN NaN NaN NaN NaN NaN NaN 
