NaN NaN NaN NaN NaN NaN NaN NaN NaN NaN NaN NaN NaN NaN NaN NaN NaN NaN NaN NaN NaN NaN NaN NaN NaN NaN NaN NaN NaN NaN NaN NaN NaN NaN NaN NaN NaN NaN NaN NaN 
NaN NaN NaN NaN NaN NaN NaN NaN NaN NaN NaN NaN NaN NaN NaN NaN NaN NaN NaN NaN NaN NaN NaN NaN NaN NaN NaN NaN NaN NaN NaN NaN NaN NaN NaN NaN NaN NaN NaN NaN 
NaN NaN NaN NaN NaN NaN NaN NaN NaN NaN NaN NaN NaN NaN NaN NaN NaN NaN NaN NaN NaN NaN NaN NaN NaN NaN NaN NaN NaN NaN NaN NaN NaN NaN NaN NaN NaN NaN NaN NaN 
NaN NaN NaN NaN NaN NaN NaN NaN NaN NaN NaN NaN NaN NaN NaN NaN NaN NaN NaN NaN NaN NaN NaN NaN NaN NaN NaN NaN NaN NaN NaN NaN NaN NaN NaN NaN NaN NaN NaN NaN 
-20.121986 -20.751312 -21.621872 -18.854827 -18.918407 -21.576176 -24.680137 -26.900608 -30.972580 -31.491072 -31.956945 -33.177636 -34.787851 -35.820194 -37.202342 -38.533652 -38.719542 -40.270927 -41.645170 -41.152375 -41.992326 -43.063693 -43.441402 -44.002279 -44.814972 -45.627357 -46.181922 -46.655426 -47.241129 -47.731335 -48.285638 -48.779550 -49.275722 -49.761768 -50.172772 -50.529573 -50.738631 -50.967636 -51.144471 -51.299328 
-11.573353 -3.324438 6.721924 9.173804 3.124965 -0.178189 1.015632 -7.875287 -14.925604 -16.848508 -29.091390 -34.043298 -36.359909 -33.305706 -38.447446 -41.372930 -40.661199 -40.020623 -35.232235 -38.392802 -44.873329 -48.554017 -48.799338 -52.007296 -56.370143 -53.653730 -54.053058 -59.756788 -58.559764 -54.452469 -50.605831 -53.911718 -57.748153 -58.874216 -52.402058 -57.627375 -61.032422 -63.032607 -62.892403 -62.999669 
-23.081502 -2.619194 13.742840 16.357307 2.801621 7.007487 9.451764 -2.237360 0.294352 -9.333921 -15.670050 -22.224235 -23.155473 -28.724853 -30.473151 -29.895035 -29.580698 -30.599892 -26.800164 -31.105164 -35.010625 -36.207078 -41.322626 -44.482613 -44.541802 -44.415233 -44.023903 -46.571382 -46.592051 -42.966611 -39.321473 -43.263516 -46.073473 -48.783724 -45.282938 -48.584509 -50.786669 -51.002777 -51.022033 -51.117530 
-23.309319 -3.660352 15.309236 17.889533 1.663047 8.202034 10.984907 -6.675217 2.381432 -6.116146 -14.812008 -19.446055 -20.333304 -23.326087 -23.067788 -25.743642 -25.639603 -25.670402 -21.092030 -26.317459 -29.588347 -31.802621 -35.322025 -36.029174 -36.688713 -37.015637 -38.159368 -38.628432 -38.948127 -37.439390 -36.588649 -39.264140 -39.849714 -41.314160 -40.603149 -42.116408 -42.771988 -42.953084 -42.866044 -42.791074 
-14.562278 -6.791362 15.265594 18.699266 3.686011 7.647453 12.605432 -4.421853 2.449431 -4.050027 -19.079407 -20.623888 -20.582312 -21.972221 -25.471066 -28.281280 -24.377654 -22.858374 -23.028109 -26.215145 -30.265019 -34.673968 -42.442079 -46.579148 -45.868121 -41.404384 -46.411026 -50.568527 -48.792108 -44.155062 -40.262208 -43.669361 -44.249030 -49.199422 -44.577700 -51.604739 -56.480601 -58.328545 -55.906040 -51.219784 
-26.769644 -3.242157 16.232126 19.301765 3.804950 9.658578 14.369274 -0.812037 3.328273 -2.696318 -14.967306 -16.702758 -17.116964 -18.494264 -19.114041 -22.125751 -21.657312 -21.577642 -22.832288 -24.563188 -27.747878 -28.541974 -31.351381 -32.437192 -33.103857 -33.361301 -34.096682 -34.585231 -35.157805 -34.942632 -34.510930 -35.587291 -36.524115 -37.338353 -35.994179 -37.868438 -38.564936 -38.877090 -38.991633 -38.619679 
-15.372988 -5.564308 15.911658 19.961012 5.866822 9.548185 15.068698 0.665232 3.735741 -2.105571 -16.107564 -20.686269 -18.499134 -19.838401 -19.690176 -23.202016 -19.915612 -22.473164 -25.648819 -27.688131 -31.476090 -32.806983 -36.733309 -37.326549 -38.352165 -37.747368 -38.775673 -39.859698 -39.565591 -38.372348 -35.296911 -37.080171 -36.934613 -41.242044 -39.220174 -42.868877 -44.204670 -44.211050 -43.786908 -42.089911 
-19.555693 -8.170440 15.410482 20.562660 7.436224 8.452499 15.865254 1.363011 0.632221 -0.481223 -16.969569 -19.181250 -18.372050 -16.864827 -21.661859 -22.398270 -15.173050 -22.179200 -24.756920 -26.484247 -28.311898 -29.104493 -31.505796 -32.027823 -33.062717 -32.758166 -34.398163 -35.094110 -35.335812 -35.614754 -35.682840 -35.461099 -35.762363 -37.556896 -36.168426 -38.424410 -38.984895 -39.183321 -39.367165 -39.282857 
-16.351130 -6.450892 15.115146 20.838329 9.605720 7.380796 18.107221 9.615309 3.100354 2.000521 -11.722173 -14.240077 -13.559415 -11.272289 -17.019338 -18.223420 -13.654282 -20.862063 -19.147696 -17.935514 -15.407298 -14.983156 -16.409302 -23.337646 -21.360479 -18.673582 -20.935662 -29.072864 -29.010303 -26.970542 -24.657052 -30.066684 -31.935430 -36.382024 -38.890801 -41.687239 -42.077071 -42.306584 -41.967966 -40.550320 
-20.199521 -5.641049 15.744728 20.167810 5.158313 13.120229 20.368898 7.928682 8.923891 4.381448 -9.689809 -9.366333 -11.369532 -9.719556 -11.785965 -16.430248 -16.348554 -21.695591 -22.682840 -21.562202 -18.121508 -14.253810 -13.884572 -8.095007 -5.772134 -7.070921 -8.474363 -18.785624 -19.425968 -20.775452 -13.354532 -16.838489 -19.620498 -22.474684 -33.324448 -51.333199 -54.999359 -52.950680 -52.400472 -49.197796 
-21.375144 -5.591291 15.058011 19.829533 6.066785 12.895907 19.829930 4.632042 7.107656 4.434500 -9.703414 -6.229172 -11.568353 -10.249245 -13.539884 -15.657498 -17.989544 -23.097770 -25.144952 -26.487670 -25.440783 -23.120666 -22.868937 -14.369531 -7.323790 -6.550100 -7.230101 -11.306798 -16.400066 -19.669399 -15.139727 -14.024828 -20.609651 -21.609743 -30.344260 -49.874433 -50.932220 -51.472369 -49.970646 -48.037865 
-15.551989 -11.435350 12.415181 19.816735 8.937611 11.337153 21.256541 10.289469 2.942827 4.491522 -16.745689 -8.159249 -14.203865 -9.515851 -17.952512 -14.163969 -20.517270 -22.066910 -21.051029 -24.799510 -24.452939 -22.185979 -22.877513 -19.651357 -11.123256 -8.021435 -9.396092 -10.780505 -16.956742 -20.757907 -20.193146 -15.403047 -18.473227 -19.808726 -27.659523 -46.797934 -54.919177 -55.072505 -52.999006 -46.193170 
-17.653833 -13.710945 12.492732 19.647440 8.336512 10.630793 21.872481 11.524923 -0.906472 3.424853 -12.852496 -5.577784 -15.469193 -9.489114 -16.525995 -13.344910 -17.309935 -18.606715 -17.422448 -20.711617 -19.931184 -19.987924 -18.729626 -18.273984 -13.738387 -7.685227 -5.962904 -7.144036 -13.579059 -17.659110 -17.602229 -14.809353 -16.990586 -18.823182 -24.533979 -34.551228 -35.129776 -35.291341 -35.458084 -35.109410 
-14.367162 -11.796487 12.961532 19.275402 7.402245 10.599336 21.602311 10.698052 -0.166798 2.684935 -12.347427 -5.904241 -14.806756 -10.400390 -15.726224 -14.218078 -17.180310 -18.991785 -18.615982 -21.532246 -20.724746 -20.173138 -20.040818 -20.199974 -14.128406 -8.161960 -7.378462 -8.609830 -13.648264 -16.989849 -17.028622 -14.240428 -18.925791 -21.323622 -26.211656 -34.971007 -35.792013 -36.159057 -36.304949 -36.372670 
-13.476356 -11.445392 12.800821 18.982711 6.876066 10.699096 21.334437 9.698699 -0.032113 2.437245 -12.008338 -6.118122 -16.732854 -10.471217 -16.842472 -14.760315 -17.778652 -20.452276 -20.294612 -23.323882 -22.349395 -22.940790 -22.980627 -23.647742 -16.067882 -9.066254 -6.938579 -8.218602 -13.251715 -17.278197 -17.747307 -14.442777 -16.816769 -20.562141 -28.216926 -40.105138 -41.408206 -42.000553 -41.910944 -40.374839 
-22.783144 -13.998489 12.602076 19.076816 7.120578 10.585777 21.731116 10.968063 -0.649211 3.529915 -10.597699 -5.279632 -14.702810 -9.021595 -15.089283 -12.543444 -16.162476 -17.879867 -17.803509 -20.636211 -19.618876 -19.597651 -19.741008 -19.859845 -16.256897 -9.333226 -6.836385 -6.204505 -11.988915 -15.416759 -15.302323 -13.163716 -16.407259 -20.409492 -25.607832 -33.527462 -34.537589 -34.880653 -35.084393 -34.896117 
-13.984974 -10.999899 12.466880 18.957443 6.592845 10.078273 22.025207 12.168454 1.223613 5.507346 -11.228181 -4.684732 -15.829152 -7.860465 -14.839618 -12.544381 -16.158543 -18.101959 -17.413547 -21.382037 -20.074268 -19.710791 -19.096674 -17.986444 -12.218766 -6.861871 -5.777815 -5.728952 -11.301839 -15.512944 -15.665522 -11.864025 -15.991854 -19.240429 -24.496497 -37.692780 -40.635462 -40.905937 -40.808975 -40.280667 
-20.151302 -12.383495 11.970178 18.996584 7.380756 8.706063 21.900120 13.129961 2.604562 8.163795 -9.466687 -2.400830 -13.180432 -5.968178 -13.667211 -9.921322 -15.527045 -17.130146 -15.448146 -20.139064 -18.695405 -18.653718 -17.859968 -17.302271 -11.097526 -6.231522 -5.183712 -4.609715 -9.948095 -16.046051 -16.163688 -12.381775 -13.207522 -17.390281 -23.076395 -39.211013 -54.971172 -57.059872 -51.259223 -43.468477 
-20.969777 -20.470930 11.302793 19.391454 9.050786 6.561633 21.864788 16.086458 1.012317 12.606698 -2.315470 1.520162 -9.018554 -3.581332 -11.383207 -7.163479 -14.551030 -14.820094 -12.810361 -17.145165 -15.897371 -14.620431 -12.660290 -9.572639 -5.532569 -4.993753 -4.383710 -4.131809 -8.950640 -13.624926 -13.037134 -9.651406 -10.702586 -14.812984 -19.411131 -35.065275 -46.041373 -46.429690 -44.143870 -37.199280 
-19.163566 -17.460653 11.552932 19.425036 8.938520 5.243774 20.328997 13.742564 7.526029 18.555502 4.341922 4.992648 -6.875969 -0.380719 -9.831453 -4.997855 -11.913741 -12.060911 -9.680689 -13.345571 -12.266604 -10.180038 -7.463655 -3.775630 -4.189126 -8.301969 -5.114188 -3.882152 -7.241130 -11.782006 -11.316328 -9.790527 -10.883168 -14.524802 -19.590707 -34.627525 -49.102755 -49.720132 -48.483588 -39.626653 
-14.668512 -15.564888 11.106135 18.947800 8.203126 3.892563 17.952531 10.376557 9.432029 22.404354 9.211395 9.553573 -1.010535 3.375586 -6.005127 -2.225910 -9.535474 -10.114035 -7.259518 -10.605736 -9.205782 -6.401832 -2.786020 -0.483190 -3.646600 -11.590754 -5.887625 -2.646305 -6.248951 -11.569944 -11.016247 -10.491500 -12.592640 -15.694655 -18.283132 -32.004871 -45.076986 -49.629861 -46.866246 -35.970470 
-18.190808 -18.975289 9.906028 18.374837 7.909712 2.577945 15.915208 7.279989 10.094931 22.265997 8.698461 14.337075 6.145895 6.599431 -2.399356 0.844995 -6.594612 -7.031862 -4.472814 -7.707469 -5.763483 -2.218752 1.038018 0.595415 -5.928283 -10.040333 -5.491575 -2.967410 -5.843982 -10.205632 -9.827377 -10.383385 -13.086352 -14.870175 -18.191424 -31.063864 -43.507051 -48.114428 -45.772857 -35.929391 
-20.535282 -19.782488 8.399671 18.484526 9.739431 -0.937547 14.614228 9.998548 6.067381 20.055154 7.434451 15.587006 14.280270 8.977173 7.236039 3.036605 -2.492204 -1.733110 -2.243006 -3.741922 -1.294102 3.641236 5.679474 1.991664 -5.167480 -6.680698 -3.252142 -0.768877 -4.462537 -8.913611 -9.863617 -9.898721 -13.264820 -15.326012 -18.740280 -30.711341 -41.017507 -44.424287 -42.797059 -33.748956 
-24.493608 -23.513995 6.123325 18.825870 12.716496 -6.293635 11.780153 12.409954 -0.905341 17.550322 11.417518 12.213171 17.746013 6.837816 13.780443 2.910075 2.750965 -0.867246 -3.185427 -1.780956 2.299503 6.058337 4.396559 -0.725214 -6.495493 -7.882789 -4.754733 -2.019669 -5.766456 -9.589670 -9.395023 -9.420010 -14.072308 -16.262145 -19.277520 -31.183802 -45.669665 -50.974740 -45.348148 -33.160100 
-18.387498 -21.473520 3.110484 18.862717 14.954965 -8.557734 8.564978 13.301428 -5.047938 13.871491 13.414944 6.261244 17.363826 6.436828 15.706764 5.820919 5.789338 -0.483260 1.071659 0.990496 4.931526 5.458011 1.968951 -2.639916 -7.522473 -8.961331 -7.001843 -4.481609 -6.769260 -10.024730 -8.407538 -8.101786 -13.104056 -16.596476 -19.788529 -32.042186 -43.574054 -46.733661 -43.573488 -35.979868 
-15.627923 -21.126188 0.027514 18.502004 16.053566 -8.400790 5.246481 13.222146 -4.015747 10.528565 14.462518 0.141884 15.705757 5.188435 15.222390 8.185941 5.887388 1.047730 5.233150 2.595797 4.716478 5.730916 -2.125169 -3.241142 -7.460845 -9.120335 -7.372242 -5.084337 -7.575822 -10.374314 -9.300425 -8.180049 -15.203834 -19.400190 -22.533370 -33.076922 -45.267563 -48.348707 -45.621889 -32.776164 
-19.560377 -16.655031 -0.512035 18.537773 16.897488 -5.960534 2.757931 12.974429 -2.510553 7.623469 14.747970 -1.773195 13.976116 6.130744 13.773202 10.101744 7.043462 2.377326 7.842554 2.914433 3.974004 6.821647 -3.679019 -4.447934 -7.162226 -8.704454 -6.951119 -5.466672 -7.762511 -10.539077 -8.397263 -9.193575 -15.343285 -20.035485 -21.102999 -30.076457 -35.182653 -35.995653 -35.748646 -31.296739 
-21.153158 -19.710805 -2.392686 18.750974 17.763535 -4.707961 0.961542 12.912551 -0.833788 4.435166 14.703330 -3.137857 12.509873 6.727923 12.194165 10.635734 6.333824 2.616593 7.852031 2.665799 4.026531 5.889785 -5.012731 -7.037044 -8.545151 -9.538430 -7.883480 -6.140235 -7.235614 -10.793294 -8.624662 -9.600702 -16.647173 -21.267750 -21.976598 -32.501133 -45.695451 -47.770362 -45.677041 -32.727766 
-28.409862 -25.843262 -2.982074 18.957353 18.756258 -2.581111 -0.188069 13.048180 0.844158 1.739376 14.551102 -1.868832 11.476773 8.288668 10.947568 12.150839 4.815517 3.556203 7.333859 2.415812 4.546425 2.636852 -5.820508 -8.651874 -10.294060 -10.828511 -9.132693 -6.096605 -7.146366 -11.446716 -9.342265 -9.790083 -17.550793 -20.582049 -21.307301 -29.214114 -34.145507 -34.473741 -34.583001 -29.439230 
-14.937993 -21.585579 -4.990605 18.828852 18.990897 -1.934857 0.725756 13.326243 1.657468 1.375233 14.688603 -0.758727 11.579493 9.336564 12.042749 13.139979 5.513850 4.800273 8.304616 3.570947 5.186225 0.938081 -5.765309 -8.689069 -10.417008 -11.020405 -9.305492 -6.164069 -7.256731 -11.673195 -9.423152 -9.750842 -18.128752 -21.508457 -22.397683 -30.300096 -41.295112 -42.907229 -39.981310 -33.429955 
-18.226294 -20.189257 -4.361183 18.626372 18.638292 -3.496621 -0.363836 13.168168 0.880735 2.529589 14.820397 -1.135819 12.244902 8.943898 12.610881 14.017126 8.016474 5.650570 10.021098 4.868230 5.636889 1.060256 -5.903346 -8.286032 -9.613894 -10.627476 -8.677693 -6.384406 -8.935466 -11.575526 -8.943645 -9.505760 -17.453927 -21.358190 -23.967493 -32.693292 -36.233754 -36.559531 -36.019421 -30.890639 
-17.130791 -19.949658 -3.397716 19.098451 18.762668 -3.228818 0.956011 13.350659 0.166059 2.792711 14.441408 -2.528080 12.027075 7.875217 12.338740 12.465333 8.840274 5.931833 10.114942 4.696268 5.260190 -1.351995 -7.329679 -9.827514 -11.111067 -11.692660 -10.331074 -7.825536 -8.111810 -10.805203 -8.175565 -9.326156 -17.610870 -21.838014 -22.564209 -31.415643 -41.564959 -42.250923 -40.610259 -31.017271 
-16.801426 -15.362000 -0.727182 19.725824 18.655133 -3.223682 2.660175 13.067397 -1.768503 5.710644 13.948550 -2.999608 12.013196 5.031158 10.994149 8.857094 11.252929 6.132669 10.642509 4.878129 3.163636 -0.702780 -8.056468 -9.425063 -11.146774 -12.481072 -11.143864 -6.664104 -5.891996 -8.910434 -7.195530 -9.887694 -18.960660 -22.669669 -21.638962 -31.680282 -42.995656 -43.907080 -40.927860 -30.320505 
-17.107834 -18.446823 3.173591 20.173221 17.664961 -5.682965 6.584032 12.146574 -4.454785 10.235111 13.066777 0.198801 12.323569 3.391680 11.571611 6.050126 14.309022 9.094537 11.105901 7.884492 2.053917 -1.571873 -8.075029 -8.120328 -12.507858 -14.113342 -12.858168 -6.498148 -4.613925 -9.388949 -7.289133 -11.256147 -22.657503 -23.853795 -22.740084 -31.373052 -41.197838 -41.601858 -39.451944 -33.264700 
-24.361123 -16.901775 6.478669 20.155781 15.093336 -6.892853 9.953144 11.124763 -7.510121 13.290579 9.705799 5.887418 10.919732 5.738421 11.527185 10.981950 13.825366 10.120442 7.946703 7.374720 1.646363 -4.924747 -9.545896 -11.816812 -15.908682 -15.943385 -12.384213 -4.704808 -2.996847 -8.234673 -8.819432 -14.072057 -23.537885 -24.559077 -22.687774 -32.226066 -46.586620 -47.355816 -42.088723 -33.084959 
-26.227276 -20.430924 9.282373 19.570409 11.423063 -3.649456 12.518412 9.648116 -0.821777 13.300719 2.596565 9.625824 6.591573 10.790096 9.690506 15.954231 11.461467 10.503996 9.355970 5.633240 0.904495 -4.949986 -11.920401 -13.932828 -16.049497 -15.484469 -11.265506 -5.209256 -4.777637 -10.981900 -11.284329 -15.172553 -22.994687 -24.670419 -25.060324 -34.531081 -47.774461 -50.052514 -44.884518 -35.031142 
-26.699744 -13.534493 11.845734 18.740003 7.473693 2.290216 13.471579 5.027093 6.265634 11.135243 1.592543 10.587724 5.081125 14.283709 11.800938 16.350732 12.947184 11.206077 12.965281 7.348310 1.263936 -4.371671 -10.153249 -13.434122 -15.839405 -14.488212 -10.606878 -7.427476 -10.415201 -14.363131 -11.971315 -15.323554 -24.905161 -25.909521 -25.730121 -36.356484 -47.257130 -49.309790 -48.716066 -39.624373 
-28.805917 -9.315654 12.762266 17.695090 4.649070 5.091847 12.649526 -0.067432 9.029195 6.254798 6.891251 10.050987 9.944617 13.990053 15.467257 14.675372 15.260388 12.456301 11.866481 6.329172 -1.015443 -6.361867 -12.374738 -15.093794 -17.273526 -16.519237 -11.715852 -8.901031 -11.666642 -14.708080 -12.777845 -20.203300 -29.059313 -28.924079 -27.891299 -35.187668 -36.689395 -37.147911 -37.389031 -36.289661 
-20.208058 -4.460564 13.620382 15.501813 0.345049 7.786055 9.541258 -0.690657 11.467752 2.118607 12.012566 8.180361 13.840456 11.544780 16.737436 15.928869 14.680589 12.199928 10.407385 3.617672 -2.862265 -5.996016 -11.924367 -14.802354 -16.585271 -16.370239 -11.737360 -8.479163 -11.759684 -15.199753 -14.855029 -20.527316 -28.740093 -30.190880 -31.805865 -42.139565 -47.441114 -49.960387 -47.585753 -39.110320 
-22.542093 -1.610222 13.166103 11.911303 -3.048010 8.385465 4.628243 3.462554 12.444690 4.025364 12.961150 5.898879 13.037708 12.578298 14.897255 17.416112 15.319071 14.071213 12.328676 1.569774 -3.807196 -8.151565 -12.400666 -14.652202 -17.618921 -19.533271 -14.623669 -12.183503 -14.863064 -14.787027 -12.782193 -19.920738 -29.391656 -27.821529 -25.996216 -33.035923 -35.108089 -35.508230 -35.804606 -35.398414 
-26.261497 -0.190922 13.389445 9.975068 -2.406090 9.789159 3.260477 7.900585 11.035912 7.618401 11.986862 8.690540 11.256196 15.199029 14.665334 17.157693 16.825073 15.198963 11.116972 0.477643 -4.723553 -6.287934 -10.232279 -14.601617 -17.586815 -19.107993 -19.116374 -19.303218 -19.305556 -17.626496 -14.247006 -22.468814 -28.914923 -28.384645 -27.594331 -35.269634 -37.252937 -38.103999 -38.234144 -37.778748 
-24.914013 1.565593 14.648310 11.164596 1.580074 11.118963 3.302268 10.691044 8.133155 11.275542 10.360136 10.094882 9.823228 15.832477 16.191516 16.672288 16.594221 14.067083 5.946969 -2.054861 -6.634216 -9.372388 -14.011706 -16.925209 -19.894179 -20.378124 -19.130111 -18.827362 -20.543479 -17.311405 -12.649105 -19.899598 -29.728629 -30.920944 -29.137986 -38.965722 -47.447068 -51.556961 -50.922980 -48.521558 
-24.999054 3.947063 15.719372 11.231322 3.988912 11.157812 1.942904 11.965707 6.393304 12.482535 7.148102 9.841371 10.621324 14.948356 16.733387 15.921765 15.033303 12.903976 4.764416 -4.853109 -9.504699 -11.680160 -15.118732 -18.748353 -21.883593 -21.143235 -21.190162 -20.280509 -23.354778 -20.185020 -15.970108 -21.831332 -30.160742 -29.665646 -28.468848 -37.855559 -44.637525 -45.730414 -45.312166 -45.052648 
-20.311938 5.448142 16.263055 10.893295 5.451232 11.564681 2.877701 12.646280 5.861689 12.770253 5.761044 9.984250 12.098903 13.976045 16.555818 15.915208 14.298019 10.400494 2.528369 -7.901215 -12.225746 -12.456198 -16.857445 -21.095588 -21.111062 -21.212870 -19.854739 -17.444291 -22.117208 -21.574746 -18.608987 -23.468829 -30.300304 -30.037282 -28.390931 -41.928444 -55.692768 -56.554921 -47.651428 -47.479796 
-18.520353 5.261274 16.204522 10.551071 5.675185 11.264639 2.794751 13.245491 5.905130 13.325110 6.152386 10.443745 12.842445 13.997814 16.886505 15.679084 12.194048 7.361826 -0.603463 -11.274363 -13.611180 -13.511934 -18.445501 -21.808282 -22.601909 -23.408586 -22.768453 -18.129034 -19.661222 -21.704706 -16.180967 -21.740976 -29.247639 -29.795513 -27.190163 -32.697385 -34.026390 -34.307891 -34.425206 -34.535967 
-19.402115 5.552962 16.187049 10.471183 5.047050 11.143014 2.877981 13.401034 6.186519 13.679739 5.883861 10.612129 12.716976 14.125650 17.151086 15.129024 9.277364 2.868943 -5.077524 -14.142594 -15.588687 -15.778613 -20.959418 -24.757276 -25.112154 -25.533177 -24.374324 -16.972504 -17.627323 -19.380117 -15.485709 -23.719733 -33.160607 -31.162627 -31.373529 -42.407673 -45.642126 -45.945759 -45.486120 -41.722483 
-17.515341 5.246432 16.117316 10.429831 4.924697 11.194805 3.033202 13.846694 6.680869 14.037880 5.999267 10.021603 11.718979 14.126468 17.786923 12.154229 5.189748 -2.311429 -7.910997 -15.878050 -17.546824 -18.027534 -23.171022 -25.231662 -26.891835 -26.562270 -27.719185 -19.906287 -19.648234 -19.889561 -16.115498 -24.519371 -32.752416 -32.960588 -31.581662 -35.042957 -35.833520 -36.192967 -36.347387 -36.382064 
-20.260707 4.514120 16.059080 10.714388 3.422735 10.988005 3.421259 14.144328 7.586083 13.714087 6.545704 9.537332 10.981083 14.005550 16.320078 7.262609 0.335607 -7.446196 -11.476020 -19.099192 -21.227182 -21.696285 -28.667722 -33.135653 -34.458113 -31.543289 -36.037647 -22.484052 -20.077643 -22.906422 -17.400588 -27.932969 -37.289247 -37.913083 -33.474165 -46.841390 -54.148635 -56.087490 -52.109920 -46.531062 
-19.100116 4.251921 16.321646 11.821575 1.910471 11.118930 3.255114 13.324524 8.871547 11.375186 7.648804 9.351550 8.922774 13.171883 11.789952 6.403711 -0.651623 -11.062278 -14.902156 -20.729347 -22.173151 -25.185625 -31.028185 -33.125423 -37.048330 -37.328054 -36.032960 -27.806223 -24.808766 -29.949755 -23.610999 -33.287590 -41.224641 -38.757619 -34.386972 -42.630187 -46.076212 -46.737558 -46.225277 -45.895020 
-19.963370 3.491271 16.666692 13.548441 1.974590 11.216120 4.323621 11.960162 10.791949 9.271369 9.875381 8.765128 8.611612 13.648749 10.718235 8.050340 -0.461016 -11.052516 -17.645056 -21.961733 -22.191355 -24.678043 -31.449415 -36.352478 -37.510716 -37.505328 -39.715318 -29.334474 -23.328715 -26.875907 -22.565439 -27.867464 -37.735145 -36.969775 -32.840888 -45.204516 -56.812328 -54.116182 -49.658715 -42.833204 
-25.254439 2.075656 16.403184 14.666348 -0.851041 10.556023 6.135389 8.691746 12.391906 5.579454 10.450399 8.003817 11.297525 10.914753 4.986424 4.087522 -5.033547 -12.828895 -18.646647 -23.326310 -23.149193 -24.094715 -32.267296 -37.057506 -39.421141 -37.694997 -42.240461 -32.246217 -24.786676 -29.374844 -23.726962 -32.904430 -40.123432 -41.357308 -34.271999 -45.225165 -55.467543 -53.814142 -51.988881 -47.949174 
-18.495729 0.376946 15.519801 15.296165 -2.990686 8.324437 6.786020 2.602255 12.144865 0.852365 7.750267 5.594970 12.091081 2.542204 2.827311 -4.595303 -10.409047 -14.859681 -20.022288 -26.588431 -25.863491 -27.350884 -35.034563 -39.502984 -39.936713 -39.292644 -39.963782 -33.149279 -26.110509 -30.739476 -25.452905 -32.293191 -43.276778 -41.890401 -35.326293 -47.905197 -56.503524 -54.209750 -52.056629 -49.240597 
-21.704615 -3.967106 13.623494 15.169469 -0.863191 6.364139 7.616216 -0.045624 11.972496 -0.960540 5.271627 2.710756 9.941199 0.214984 0.514729 -10.336049 -14.708623 -20.742552 -24.008238 -28.285738 -27.866669 -29.909100 -35.512281 -39.288768 -40.190365 -39.064003 -42.524172 -35.722578 -28.796217 -35.697243 -27.917729 -35.421013 -45.816219 -42.051863 -33.984561 -45.154823 -50.194515 -50.171345 -50.347911 -48.018679 
-18.364128 -10.398703 10.609924 14.252280 -0.940219 3.296379 7.115452 -2.673508 10.300332 1.817446 4.723750 1.081851 6.098329 -0.830775 -2.112231 -11.145547 -14.502995 -26.042222 -32.526332 -32.113441 -29.118064 -30.217038 -36.471258 -37.146783 -37.739312 -38.100218 -38.985266 -37.157957 -34.754945 -38.679895 -32.899530 -37.735508 -41.883511 -41.821434 -37.279730 -43.276264 -44.467802 -44.548840 -44.754390 -44.774882 
-23.358737 -16.135935 8.761072 14.204071 1.573016 0.689639 7.929330 -4.570640 6.639995 2.856208 0.612934 2.179651 -2.314572 -2.629151 -9.100494 -13.479662 -18.095790 -30.713472 -35.199793 -36.109531 -34.826957 -38.897578 -43.550920 -44.508028 -43.968923 -43.795977 -44.307928 -40.084147 -35.385296 -42.773056 -35.232537 -40.829064 -47.841306 -52.136622 -43.062201 -50.329443 -57.789893 -56.835365 -55.223969 -52.945887 
-22.740119 -6.105959 7.405141 12.027645 3.467694 -0.401024 5.038220 -2.805934 -1.656059 0.579366 -7.648493 -1.458467 -7.854181 -5.736776 -9.660096 -14.332206 -20.316921 -27.454954 -29.589785 -33.300934 -32.215850 -34.953924 -36.129026 -37.342601 -38.200595 -38.821638 -39.282947 -37.374206 -36.013290 -37.706531 -35.850191 -38.649693 -42.603425 -42.873488 -38.030082 -42.145239 -44.618072 -44.697441 -44.969680 -45.107231 
-17.185315 -10.030803 -6.591651 1.401155 -4.835193 -14.804038 -11.175961 -11.673469 -15.186614 -13.069923 -14.954579 -19.681395 -19.639833 -19.629225 -19.739026 -20.462647 -24.327521 -33.970235 -37.952475 -42.649519 -43.834554 -46.507190 -46.760980 -45.690936 -47.010099 -47.501670 -47.173293 -44.533925 -44.316641 -46.390900 -39.811792 -45.095908 -51.393834 -51.363340 -43.611138 -48.453814 -53.682011 -52.762537 -52.560108 -52.974400 
-21.816434 -8.833535 1.369843 3.391330 -2.195237 -11.429998 -8.413601 -12.446220 -17.335972 -15.058720 -19.634154 -16.355791 -15.284581 -19.128938 -16.603378 -20.002086 -28.418455 -34.735207 -34.731607 -42.737021 -43.281575 -50.323195 -50.448450 -51.151440 -53.822274 -52.164953 -52.968089 -44.180745 -42.562246 -48.984289 -42.448622 -49.069370 -56.956782 -56.325843 -46.914768 -53.247043 -58.603891 -58.948682 -58.820778 -58.531225 
-15.368455 -10.324040 -3.587053 -1.105291 -3.537218 -8.962122 -14.610343 -23.088096 -21.648189 -19.367530 -23.990309 -27.834996 -27.482526 -24.862827 -22.474987 -28.829670 -31.223552 -34.652345 -43.028303 -47.889253 -53.031121 -50.245756 -47.920867 -51.975215 -59.285322 -60.422231 -58.466850 -52.573437 -50.883433 -54.555742 -52.586968 -56.129409 -58.974127 -62.936590 -53.886746 -60.335830 -61.556192 -66.607064 -70.928238 -67.691786 
-43.751846 -44.655538 -44.028343 -42.766772 -43.706213 -44.563036 -44.767975 -44.969671 -45.319817 -45.316129 -45.806252 -46.295301 -46.580680 -47.586003 -48.454630 -49.539274 -50.818738 -52.126531 -53.834486 -55.509171 -57.080152 -58.058829 -58.537783 -58.685565 -58.793835 -59.151107 -59.922384 -60.905699 -61.842062 -62.394567 -62.744744 -63.117714 -63.887457 -64.651226 -64.899717 -64.986042 -65.328220 -65.509938 -65.382632 -65.494247 
-62.181362 -61.286449 -60.514477 -61.711780 -65.049594 -66.976665 -68.647960 -68.684656 -71.744315 -77.793205 -73.889704 -72.459237 -68.151561 -68.426756 -73.995950 -77.034590 -79.998727 -77.072509 -79.572380 -79.452278 -78.260877 -80.573934 -81.454541 -80.535219 -84.068144 -83.382028 -85.637284 -86.338326 -86.881617 -86.397188 -88.934200 -87.886339 -89.804391 -89.370470 -88.804187 -88.275923 -89.442955 -90.466832 -90.829707 -90.556726 
-62.128273 -62.528208 -63.657789 -62.152740 -65.055495 -65.886653 -69.912842 -71.937437 -75.642467 -78.326597 -81.423459 -76.161622 -73.717140 -77.356003 -80.385236 -80.107823 -82.080710 -78.486701 -81.059648 -83.229893 -82.532564 -81.406744 -83.965335 -83.694818 -84.000930 -85.020852 -85.327009 -85.683007 -87.820068 -86.839131 -89.247449 -88.847890 -90.957628 -91.625449 -92.486976 -94.910521 -94.261863 -94.380188 -94.712395 -94.536991 
-82.496416 -82.738037 -83.145715 -83.848890 -84.840310 -86.308548 -88.260833 -91.104319 -95.721735 -101.991677 -101.491792 -97.225041 -95.423461 -95.656472 -98.032584 -103.602575 -107.471305 -101.921489 -100.003925 -102.149545 -109.106999 -106.741986 -103.084133 -106.148888 -111.529966 -105.851969 -107.911215 -111.993169 -107.431429 -112.563654 -109.737065 -112.292893 -111.348676 -113.472296 -111.998057 -114.692138 -113.513615 -114.115687 -115.879410 -118.458884 
NaN NaN NaN NaN NaN NaN NaN NaN NaN NaN NaN NaN NaN NaN NaN NaN NaN NaN NaN NaN NaN NaN NaN NaN NaN NaN NaN NaN NaN NaN NaN NaN NaN NaN NaN NaN NaN NaN NaN NaN 
NaN NaN NaN NaN NaN NaN NaN NaN NaN NaN NaN NaN NaN NaN NaN NaN NaN NaN NaN NaN NaN NaN NaN NaN NaN NaN NaN NaN NaN NaN NaN NaN NaN NaN NaN NaN NaN NaN NaN NaN 
NaN NaN NaN NaN NaN NaN NaN NaN NaN NaN NaN NaN NaN NaN NaN NaN NaN NaN NaN NaN NaN NaN NaN NaN NaN NaN NaN NaN NaN NaN NaN NaN NaN NaN NaN NaN NaN NaN NaN NaN 
NaN NaN NaN NaN NaN NaN NaN NaN NaN NaN NaN NaN NaN NaN NaN NaN NaN NaN NaN NaN NaN NaN NaN NaN NaN NaN NaN NaN NaN NaN NaN NaN NaN NaN NaN NaN NaN NaN NaN NaN 
-173.939780 -173.918482 -173.883320 -173.824764 -173.746871 -173.640378 -173.514272 -173.358469 -173.160941 -172.938295 -172.684044 -172.390863 -172.073595 -171.722123 -171.340344 -170.938689 -170.506559 -170.057412 -169.589554 -169.109597 -168.616739 -168.112452 -167.609814 -167.101327 -166.591168 -166.084963 -165.583862 -165.093096 -164.611181 -164.141749 -163.686526 -163.251172 -162.838716 -162.450536 -162.091357 -161.767709 -161.484361 -161.247641 -161.065703 -160.948291 
-83.062941 -81.823055 -74.349748 -73.550411 -77.765791 -77.697403 -75.257035 -79.239189 -76.178743 -74.327447 -76.557792 -74.049378 -78.780697 -76.639497 -82.942464 -83.719371 -79.634752 -79.419574 -81.330803 -79.364277 -76.022377 -79.843607 -87.749007 -90.469759 -90.943082 -86.064645 -81.633709 -84.795182 -89.015146 -83.327465 -89.238539 -92.880096 -87.593974 -83.617536 -90.129564 -88.745830 -90.184619 -91.772039 -89.430221 -95.594540 
-70.699567 -70.061279 -68.685294 -69.850224 -75.314154 -75.804578 -73.088125 -75.478245 -72.641729 -71.397791 -73.831037 -70.377326 -73.572529 -72.683846 -76.360921 -75.478659 -74.405998 -78.485412 -79.612353 -81.902367 -77.072685 -78.657534 -81.037551 -84.562176 -88.512386 -83.468181 -79.407366 -83.863788 -85.563810 -81.932194 -84.266926 -86.773570 -86.317742 -81.538267 -85.490139 -85.284637 -89.517543 -88.756180 -83.999189 -89.195550 
-89.743621 -90.173871 -90.899748 -92.129693 -93.758924 -95.557748 -96.286156 -95.239201 -93.314462 -91.902339 -91.324726 -91.728914 -93.217764 -95.743741 -97.689934 -96.861929 -95.618594 -96.282274 -100.241977 -105.886326 -101.071371 -98.431256 -98.950950 -101.291507 -104.503759 -101.342736 -99.087367 -103.935066 -106.678109 -104.903441 -107.839205 -103.856311 -103.378328 -101.311765 -103.350771 -104.101093 -111.223288 -110.841527 -103.929594 -106.915468 
NaN NaN NaN NaN NaN NaN NaN NaN NaN NaN NaN NaN NaN NaN NaN NaN NaN NaN NaN NaN NaN NaN NaN NaN NaN NaN NaN NaN NaN NaN NaN NaN NaN NaN NaN NaN NaN NaN NaN NaN 
