NaN NaN NaN NaN NaN NaN NaN NaN NaN NaN NaN NaN NaN NaN NaN NaN NaN NaN NaN NaN NaN NaN NaN NaN NaN NaN NaN NaN NaN NaN NaN NaN NaN NaN NaN NaN NaN NaN NaN NaN 
NaN NaN NaN NaN NaN NaN NaN NaN NaN NaN NaN NaN NaN NaN NaN NaN NaN NaN NaN NaN NaN NaN NaN NaN NaN NaN NaN NaN NaN NaN NaN NaN NaN NaN NaN NaN NaN NaN NaN NaN 
NaN NaN NaN NaN NaN NaN NaN NaN NaN NaN NaN NaN NaN NaN NaN NaN NaN NaN NaN NaN NaN NaN NaN NaN NaN NaN NaN NaN NaN NaN NaN NaN NaN NaN NaN NaN NaN NaN NaN NaN 
NaN NaN NaN NaN NaN NaN NaN NaN NaN NaN NaN NaN NaN NaN NaN NaN NaN NaN NaN NaN NaN NaN NaN NaN NaN NaN NaN NaN NaN NaN NaN NaN NaN NaN NaN NaN NaN NaN NaN NaN 
NaN NaN NaN NaN NaN NaN NaN NaN NaN NaN NaN NaN NaN NaN NaN NaN NaN NaN NaN NaN NaN NaN NaN NaN NaN NaN NaN NaN NaN NaN NaN NaN NaN NaN NaN NaN NaN NaN NaN NaN 
NaN NaN NaN NaN NaN NaN NaN NaN NaN NaN NaN NaN NaN NaN NaN NaN NaN NaN NaN NaN NaN NaN NaN NaN NaN NaN NaN NaN NaN NaN NaN NaN NaN NaN NaN NaN NaN NaN NaN NaN 
NaN NaN NaN NaN NaN NaN NaN NaN NaN NaN NaN NaN NaN NaN NaN NaN NaN NaN NaN NaN NaN NaN NaN NaN NaN NaN NaN NaN NaN NaN NaN NaN NaN NaN NaN NaN NaN NaN NaN NaN 
NaN NaN NaN NaN NaN NaN NaN NaN NaN NaN NaN NaN NaN NaN NaN NaN NaN NaN NaN NaN NaN NaN NaN NaN NaN NaN NaN NaN NaN NaN NaN NaN NaN NaN NaN NaN NaN NaN NaN NaN 
-46.099271 -46.497988 -47.136196 -48.118791 -49.267241 -50.470264 -51.452300 -52.312024 -53.333446 -54.653549 -56.138217 -57.341440 -58.230519 -59.457987 -60.989319 -61.984018 -62.650260 -63.542127 -64.278278 -65.000273 -66.066421 -66.607235 -66.924053 -67.600123 -68.847332 -70.107673 -70.338344 -70.931473 -72.157210 -73.251090 -73.606704 -73.429069 -74.222146 -73.204632 -73.622425 -73.589812 -73.432773 -73.955392 -73.607572 -74.674593 
-15.832163 -16.343727 -17.895330 -21.282143 -24.851626 -26.272560 -30.783242 -35.486535 -39.260228 -45.772255 -44.148813 -46.865029 -44.089574 -44.390349 -45.005439 -51.993931 -46.306437 -51.154538 -52.906664 -54.559711 -52.224881 -52.372264 -55.324102 -54.976157 -53.903882 -55.250536 -58.690690 -58.741484 -57.060307 -58.480229 -56.190331 -57.953238 -60.926635 -61.582285 -63.027184 -62.968586 -60.087130 -65.820393 -64.130054 -65.103650 
-2.984264 5.168912 6.901312 3.847148 -4.331963 -9.641400 -11.408830 -15.505398 -27.770041 -30.920318 -32.289410 -33.453747 -28.906131 -31.926136 -31.223441 -38.868714 -37.779229 -42.033734 -45.728988 -43.882581 -45.569669 -46.039024 -45.040739 -46.821859 -44.797073 -44.557105 -50.633304 -50.708804 -51.194482 -50.851502 -47.709333 -48.228409 -52.063315 -54.429182 -54.055580 -53.930373 -54.085069 -53.751096 -54.957941 -56.213824 
3.432554 14.887394 13.762335 10.186315 7.231597 -2.254550 -4.630038 -9.253938 -16.148349 -22.772879 -24.392666 -25.968328 -21.804502 -16.997497 -19.873991 -31.721320 -34.937242 -34.726674 -37.212369 -36.662192 -36.200743 -38.302338 -38.341907 -38.268811 -36.702642 -36.495011 -43.067413 -43.663838 -43.433088 -42.581109 -42.913683 -45.675323 -46.395136 -46.689043 -47.159041 -47.517362 -47.530368 -47.584620 -47.940242 -48.069233 
3.279634 16.607486 15.658978 10.935227 12.176312 2.041350 -1.328654 -5.162853 -8.891411 -13.555224 -22.421190 -22.151468 -19.934247 -15.527216 -21.695055 -30.817671 -31.649075 -32.493680 -32.740997 -33.631047 -32.934039 -34.792051 -35.286469 -35.553417 -35.664750 -35.540821 -41.286659 -41.786958 -39.558068 -40.654701 -40.742165 -42.593233 -45.401237 -46.188755 -46.005962 -46.578793 -46.477048 -46.337766 -47.297250 -47.567292 
1.220395 17.013661 18.152765 11.877940 13.676936 3.243949 0.242571 -3.655939 -5.763032 -10.502288 -14.215788 -14.653099 -13.840929 -10.418874 -20.781032 -29.668384 -32.189671 -34.996848 -31.464932 -32.054508 -32.440576 -32.926698 -35.887125 -33.218717 -34.260805 -32.487349 -41.503011 -41.692423 -35.846663 -34.255910 -36.843301 -40.820536 -46.956741 -51.060034 -51.605591 -50.653679 -50.386708 -52.177188 -53.026745 -52.656423 
1.357335 17.683601 18.874148 11.910141 14.649682 2.872010 -0.915259 -4.082206 -4.245509 -10.887396 -13.064590 -12.019625 -8.292291 -11.597615 -19.297988 -25.729101 -31.387647 -30.347373 -30.659717 -29.751161 -31.233735 -32.808928 -33.293256 -33.752645 -36.911564 -29.891090 -36.546481 -39.728894 -35.028695 -32.134069 -36.743089 -39.606557 -42.745335 -48.421538 -48.331146 -47.637391 -49.858471 -51.985839 -52.562477 -51.741056 
1.143792 17.582655 19.699870 11.214873 14.899327 7.527321 2.468090 3.552520 1.980928 -0.034389 -4.545388 -4.146709 -2.050927 -6.900811 -13.356992 -21.512264 -26.038569 -27.930129 -29.115797 -29.000559 -28.139641 -28.157943 -32.009811 -32.860802 -31.046750 -27.538133 -22.292995 -24.344432 -24.899034 -25.641605 -32.122743 -32.905365 -38.923220 -44.228178 -44.078436 -41.574070 -42.804370 -43.496894 -44.030153 -45.698843 
0.777591 16.478880 19.600999 9.069599 15.630517 11.531008 13.181464 12.016033 18.344856 12.518219 10.574701 6.693239 10.821083 8.497054 4.068111 -7.407789 -15.633837 -16.747861 -18.579607 -19.831514 -20.821843 -24.414182 -28.059921 -28.920541 -30.170386 -20.315016 -9.611528 -11.031802 -11.946399 -21.440050 -29.886839 -30.354700 -34.277735 -44.335626 -41.352827 -36.384578 -40.012229 -38.917479 -40.246718 -41.635829 
-1.856603 16.104919 19.228617 9.963321 15.163267 8.758748 14.140296 11.806721 21.987237 18.304594 17.196840 11.113643 14.085274 14.642357 11.056498 -0.601994 -8.595861 -11.224162 -13.387508 -14.706275 -16.390647 -19.735802 -22.671762 -25.180782 -26.623494 -19.007324 -5.705711 -4.903947 -6.798329 -15.252720 -24.849111 -24.983595 -28.735742 -39.737578 -38.541256 -33.555917 -36.444961 -36.422634 -38.332085 -38.900614 
-2.548497 15.146983 18.939796 9.547700 14.326240 9.726609 13.405755 11.443099 20.358103 15.037299 18.053182 11.129139 13.010783 14.071851 12.095184 2.510906 -5.386867 -8.481743 -10.115297 -11.265364 -13.086600 -16.434608 -21.028115 -21.869237 -24.947425 -18.735929 -6.387253 -2.214139 -5.266449 -13.105958 -23.478283 -22.092188 -24.580893 -31.835601 -32.225157 -30.625980 -31.675232 -32.407294 -32.973205 -33.205912 
-8.123909 12.177164 17.958952 9.137563 13.800265 11.054847 11.501307 11.598835 19.299225 16.670413 17.732056 11.733930 12.802023 13.609426 12.647900 6.074560 -3.783346 -6.684540 -8.959756 -10.410849 -11.991026 -16.747391 -21.484979 -23.364600 -25.848245 -18.890575 -7.535967 -1.916067 -4.899684 -14.975701 -26.484724 -23.523088 -25.322090 -43.345295 -39.584733 -35.267303 -36.359499 -38.605227 -37.654415 -38.701201 
-12.564494 7.852455 16.295163 9.234317 12.517173 12.358473 8.379911 12.577367 17.319728 19.535819 14.678676 11.994233 13.243738 12.532112 12.091926 9.393796 -2.906316 -5.090312 -7.923049 -10.199626 -13.467651 -18.066957 -21.038000 -21.885072 -25.123292 -20.268272 -9.014351 -2.885235 -5.115569 -12.694614 -27.259838 -24.637285 -26.607033 -41.110972 -33.153607 -26.723665 -30.506221 -35.915904 -36.036764 -40.214276 
-14.241848 5.259593 16.268775 10.628206 10.574685 13.592883 6.167951 13.440326 14.890284 21.317338 10.369315 11.540473 12.905543 11.186024 11.367750 9.722142 -0.083771 -4.808365 -7.476482 -10.119583 -13.342055 -17.546022 -21.476373 -24.266660 -26.831239 -20.921816 -10.756289 -2.936419 -5.264810 -12.929276 -26.042780 -23.694452 -25.910842 -35.331197 -32.486321 -26.811051 -30.789911 -33.974544 -36.225487 -36.501365 
-11.976576 7.277468 17.705347 12.330086 8.238034 14.085229 5.236039 13.862398 11.124052 20.951502 11.297600 10.850623 11.404524 12.120149 12.092025 6.476188 1.957198 -2.683724 -6.998950 -9.037057 -12.278606 -15.813706 -19.239253 -23.567961 -26.845447 -24.531276 -14.283517 -4.923246 -5.786344 -14.595322 -28.453115 -27.018390 -28.666117 -41.771547 -36.732262 -29.071417 -32.977253 -36.484369 -42.263425 -43.374709 
-16.917288 5.963048 18.258775 13.910702 4.747137 14.059966 5.449300 13.084531 10.457361 17.706826 13.314820 9.124226 9.146864 13.622500 13.410152 8.210306 1.403699 -1.455291 -5.952958 -8.804311 -12.708328 -16.262135 -19.158726 -20.617914 -23.556465 -23.208881 -15.983633 -5.992135 -7.382316 -16.264556 -24.500570 -22.329920 -23.582812 -27.993093 -27.703887 -26.176748 -28.248105 -29.190660 -28.604838 -29.503135 
-18.418284 5.588200 18.704704 15.974933 2.567360 13.269824 7.273210 11.465523 13.987890 11.830237 14.973244 8.182289 9.149663 12.352135 11.847892 11.646745 -1.477481 -4.597749 -6.893925 -9.876666 -13.715824 -16.767608 -21.640700 -26.705898 -30.233288 -25.731253 -16.998945 -9.977619 -10.213844 -17.594754 -33.612905 -29.313067 -31.174937 -39.694670 -36.121874 -30.664584 -31.888927 -36.416215 -37.326264 -39.931298 
-15.486269 3.431227 18.241577 17.130427 0.120303 11.503322 9.665655 8.442982 16.778508 6.740379 15.112820 5.865486 11.610203 9.997327 10.494276 11.326703 0.134578 -4.695003 -8.586168 -10.027920 -13.969892 -16.330526 -19.848353 -24.330498 -29.014506 -25.515865 -16.627460 -5.421879 -5.110907 -13.374875 -28.767798 -25.831700 -26.706680 -33.874649 -33.048064 -27.563098 -29.167807 -30.857743 -35.154075 -35.925208 
-9.880350 -0.727255 15.991457 17.501285 0.819674 10.021026 11.457749 5.310773 17.847781 7.281845 14.164514 5.649776 11.547047 6.317548 10.684452 7.290279 1.928308 -1.432047 -8.642717 -11.196489 -15.019677 -18.984585 -22.994249 -25.036950 -29.131853 -26.991784 -15.123523 -6.006213 -7.178015 -15.593920 -29.726789 -28.290272 -29.265473 -36.878889 -34.818861 -26.893596 -32.088950 -33.831766 -35.019933 -38.747927 
-15.082053 -3.792877 14.664379 17.499909 0.934892 8.988363 12.595645 0.975576 17.301761 9.507568 9.889462 7.272997 11.434199 7.738642 11.518487 2.762528 0.559695 -2.685573 -8.771050 -11.186848 -15.060651 -20.450039 -22.445940 -26.566939 -29.453480 -28.025005 -17.137422 -7.293681 -7.991680 -17.092181 -31.500535 -28.324549 -27.933634 -35.549648 -32.618504 -25.144758 -28.326230 -31.761172 -32.444606 -34.291171 
-12.454782 -10.018435 13.133167 17.651457 4.149088 8.632554 13.997239 0.321224 17.253913 12.369415 6.050610 8.236674 10.460645 9.835619 11.888478 5.614123 2.206815 -3.556423 -6.986894 -9.574139 -13.887349 -19.859265 -21.735880 -24.585327 -33.447722 -28.537619 -18.483711 -6.386991 -8.297403 -16.334161 -30.704239 -25.828848 -25.649375 -39.097614 -32.832172 -26.515859 -28.828735 -31.474956 -33.101448 -33.493874 
-24.832404 -11.257605 12.635393 18.160068 4.958997 7.992154 15.504774 1.839553 17.216098 15.621042 3.720350 8.546286 7.323925 10.423949 10.244639 8.926665 2.875978 -5.408768 -7.789561 -9.056332 -13.729259 -19.349099 -22.026346 -23.902393 -29.788332 -28.269798 -17.819382 -8.520890 -8.547266 -14.479982 -28.826732 -26.874943 -27.593815 -41.757288 -33.709329 -27.177007 -29.641261 -32.338792 -36.649504 -37.298669 
-21.088945 -8.914029 13.443657 18.619662 5.321887 8.811956 16.624401 3.440030 17.891449 17.013242 3.861437 7.967947 4.415717 9.562594 8.601238 8.934712 3.276606 -4.333029 -6.571704 -9.052674 -14.513738 -19.260768 -21.340269 -25.743383 -29.167917 -24.007849 -12.987213 -9.178862 -11.816152 -14.109431 -27.443454 -29.766222 -29.587268 -35.713889 -31.985854 -26.270297 -28.347054 -30.076033 -31.985188 -35.414174 
-17.141009 -6.160486 14.475478 18.472086 5.442872 10.936658 16.890272 5.171581 19.988895 15.088654 6.019052 6.396539 4.088128 6.178847 7.969199 4.088999 3.051762 -3.953054 -8.330620 -10.286919 -16.800519 -21.397793 -23.042818 -22.572405 -29.650847 -26.857771 -15.746997 -13.692345 -15.698200 -16.158005 -28.291229 -28.649417 -31.995525 -37.031515 -33.542960 -23.501509 -27.925134 -33.393631 -34.375494 -37.743278 
-15.407716 -0.353093 15.238169 14.988623 4.575396 11.821572 13.075250 8.858365 16.780470 9.657373 3.962608 0.117296 1.760115 -0.346968 2.366421 -2.590519 -8.136722 -7.856731 -11.848129 -14.167110 -17.467279 -19.525178 -24.607559 -24.431989 -32.541208 -32.010740 -21.977431 -21.987051 -21.325063 -21.990980 -34.886156 -34.714622 -38.711072 -40.768162 -38.291060 -28.762785 -33.209807 -38.725023 -39.661897 -41.080632 
-11.912314 -0.820349 14.987654 15.414024 0.395537 9.233133 6.575634 1.707535 2.423748 -8.718801 -17.272901 -18.555249 -15.626955 -16.129475 -9.216301 -14.987543 -17.191207 -14.571452 -21.267062 -22.573083 -23.456717 -24.826485 -28.574116 -31.488129 -34.621787 -32.170071 -32.953178 -37.409392 -27.813842 -26.789095 -35.479166 -36.842121 -40.469064 -50.524873 -50.574232 -45.966807 -46.277681 -46.672517 -49.522389 -47.506360 
-11.410663 2.283230 16.001239 15.180106 1.312175 11.528944 6.980096 -3.749054 0.244003 -12.651225 -27.287119 -20.381044 -13.639839 -13.232251 -13.979452 -12.487398 -17.437905 -22.475867 -26.294757 -24.260673 -23.115495 -24.391608 -27.770159 -28.233240 -32.413010 -29.007153 -33.342370 -35.519565 -30.105458 -31.141139 -31.761182 -34.159662 -39.035244 -44.292426 -42.129265 -40.558353 -41.366648 -39.847725 -41.760266 -44.239924 
-5.546158 7.421748 14.913536 13.921950 6.599692 12.720371 3.849297 -2.663056 -2.162698 -14.799066 -20.411830 -24.657768 -20.195342 -14.499640 -12.940573 -13.091795 -20.442146 -20.798177 -20.564279 -25.027473 -25.952347 -24.402751 -29.290392 -32.736839 -28.639811 -28.810892 -35.041218 -38.479597 -29.791737 -32.934611 -31.997330 -35.575689 -39.386812 -48.416708 -42.267173 -40.373882 -40.950647 -42.126814 -42.070991 -43.121009 
-5.822320 8.191728 15.542402 14.723053 10.380090 12.892619 2.119065 3.845999 -2.160429 -7.890447 -13.288152 -26.499555 -24.888488 -21.666006 -21.736407 -16.072408 -15.733231 -23.289392 -23.284774 -25.452611 -25.713965 -23.610859 -27.220887 -25.360536 -31.057453 -36.235876 -39.918299 -36.055972 -30.880567 -31.811931 -33.200754 -34.846596 -37.487887 -43.404764 -42.004027 -40.066887 -42.662936 -42.829668 -42.910730 -43.977660 
-4.929527 10.967046 19.735389 13.317543 12.382756 14.381539 4.646717 6.344712 -2.727748 -2.011113 -14.180780 -24.037236 -28.058119 -21.790262 -21.351530 -15.719447 -14.298552 -22.840646 -22.879902 -26.063848 -25.009306 -24.561775 -25.398800 -22.400026 -25.766331 -35.023367 -42.076097 -42.039393 -35.997288 -35.640798 -34.919616 -35.355768 -40.711167 -44.766343 -44.153380 -40.461276 -43.488451 -44.063199 -47.068943 -47.696671 
-3.269138 14.115523 19.159077 12.253419 15.391703 12.065890 6.872585 6.457488 -0.304184 -4.678204 -11.497472 -21.777364 -23.367479 -22.357223 -22.106981 -19.710182 -16.343447 -15.824745 -20.355983 -21.241612 -21.441140 -21.295811 -20.404429 -18.585149 -27.713375 -37.546633 -36.465326 -39.013307 -32.659406 -30.277164 -31.746127 -36.647332 -42.905517 -43.747623 -43.512387 -41.967327 -43.794735 -44.270054 -45.571601 -45.826678 
0.189924 15.540396 17.448992 9.892013 15.406240 7.670375 8.448379 1.910805 -1.663521 -13.001760 -13.319552 -21.796607 -20.786800 -19.399566 -21.656295 -17.135469 -14.335015 -16.810212 -19.854616 -20.776219 -21.712425 -20.117586 -20.063208 -18.479296 -28.873734 -39.652834 -37.855741 -33.243387 -30.291041 -32.838277 -33.794469 -33.897296 -40.404643 -43.726145 -44.133086 -42.897968 -44.490696 -41.694950 -43.601402 -45.559994 
0.310235 17.305893 18.323031 12.030139 15.155108 7.645620 10.827394 5.699461 3.294727 -2.965258 -9.537637 -15.469843 -15.800669 -15.536141 -18.006129 -17.071742 -13.355428 -11.863629 -12.862764 -10.147984 -8.146104 -13.862933 -16.983324 -15.522594 -16.127457 -25.231252 -29.056900 -27.501452 -24.887992 -26.942020 -32.346891 -32.240249 -34.099610 -41.872077 -45.596046 -37.354735 -42.775791 -44.786447 -45.197791 -42.350755 
4.070554 18.812453 18.710938 14.602414 13.558549 10.209120 10.730870 12.399859 4.117681 0.735267 -4.955615 -11.694293 -13.469907 -15.290519 -16.855786 -20.008899 -21.945665 -17.632157 -11.072296 -3.768819 -1.415142 -3.084902 -3.201852 -6.000172 -4.531979 -9.490746 -17.504640 -18.258719 -16.123177 -18.331053 -23.280076 -27.217610 -30.459993 -37.517545 -37.395577 -32.018004 -35.712487 -36.119989 -35.649580 -36.185517 
6.186325 19.701164 18.008214 15.149782 11.729813 8.808977 9.874272 14.105822 4.931630 -2.981005 -6.567641 -14.802227 -13.077406 -14.863911 -17.131759 -21.990844 -23.872661 -21.043185 -18.876147 -15.622695 -8.873403 -0.675354 0.183860 -4.172119 -2.126209 -3.198150 -12.751561 -16.976349 -14.144306 -15.047069 -19.658633 -23.363576 -29.351613 -40.805121 -38.984006 -31.121179 -35.174102 -33.395415 -34.898019 -36.511108 
8.624410 19.819275 16.648374 15.184958 11.628242 8.784784 8.959148 11.809292 0.499587 -4.132289 -10.086754 -15.037469 -16.201756 -18.503086 -19.209600 -23.241496 -27.558119 -24.383888 -24.846274 -23.523410 -20.291183 -12.265277 -4.257026 -4.191054 -4.823759 -3.277810 -11.294204 -14.920214 -12.935203 -14.017332 -20.271757 -24.149852 -31.459495 -42.671161 -37.544507 -33.804429 -36.797483 -34.389730 -29.489521 -30.307473 
9.427659 19.655956 16.309787 15.197062 10.055937 8.407448 10.493045 9.190329 0.687361 -4.864623 -11.231490 -17.832927 -19.185969 -20.035925 -20.616719 -26.658155 -29.075420 -29.432262 -29.800590 -28.393773 -25.095608 -18.766491 -10.044814 -6.045223 -10.063006 -6.328445 -7.498215 -11.829518 -13.592738 -14.556908 -20.527733 -25.566631 -27.665809 -39.952638 -36.218291 -28.171193 -33.287228 -31.002634 -25.612871 -29.510134 
10.800510 19.845933 16.342740 15.012451 8.343756 6.263620 10.019490 4.411814 0.261199 -4.945410 -14.599980 -19.943426 -19.523554 -21.515215 -23.276776 -29.974024 -38.627750 -34.942847 -32.002994 -28.815936 -28.095481 -21.668729 -12.387928 -7.285265 -10.920886 -10.525575 -10.247593 -14.236220 -17.495245 -14.842442 -20.191066 -28.521847 -29.344597 -43.165509 -37.803220 -31.872147 -38.768662 -35.237362 -28.812608 -30.234448 
11.665571 20.186600 16.459532 13.532424 4.013450 3.075118 9.407440 4.011874 -3.473835 -5.492297 -14.489046 -18.235739 -20.021865 -21.211693 -25.591430 -32.599310 -37.956825 -34.706463 -37.318382 -31.018727 -30.680143 -25.695286 -15.750728 -7.865803 -11.026979 -13.431466 -13.774042 -16.195931 -14.184030 -13.959408 -21.830134 -29.666327 -33.591284 -44.325527 -38.899739 -31.305835 -38.270553 -35.282730 -30.753322 -31.437830 
12.223898 19.949806 15.334297 12.085195 2.915699 3.485452 8.230606 3.112465 -2.747233 -8.758609 -14.539655 -17.619718 -20.506255 -24.627064 -26.702311 -32.382903 -35.594561 -40.775086 -38.854704 -34.580703 -33.629874 -27.561041 -21.628374 -13.452346 -10.913667 -13.835966 -14.781543 -19.693886 -15.103071 -16.548313 -25.739199 -28.806407 -29.850399 -43.943218 -40.391375 -30.684411 -37.932292 -37.712008 -33.151234 -34.648112 
12.065827 18.628932 14.186697 11.928256 3.612021 4.494902 7.686344 2.844849 -3.684713 -9.604546 -16.296784 -20.626662 -22.692644 -25.515344 -28.992116 -33.277480 -38.670325 -41.294315 -40.210024 -37.533945 -36.064565 -29.626063 -20.988253 -13.325711 -9.036543 -12.749223 -14.248848 -19.914469 -23.571530 -18.218479 -23.478562 -27.946712 -26.889176 -43.750954 -41.145327 -32.220858 -38.853159 -37.358777 -34.466861 -36.080885 
11.574308 17.474685 13.518190 11.916069 4.420520 5.349447 7.374427 3.469599 -3.936784 -10.648674 -18.353030 -25.046103 -29.107736 -31.910330 -32.393549 -34.775801 -40.600233 -41.486752 -40.342023 -41.493369 -38.218374 -29.421132 -19.516452 -7.488237 -5.318054 -12.925495 -17.647429 -17.861318 -25.967499 -20.242379 -26.512667 -29.140370 -27.895369 -42.296586 -43.825402 -36.075123 -38.950994 -38.479879 -33.986998 -36.414150 
11.938713 17.754750 13.945132 11.771156 5.390646 5.007297 5.332900 1.132762 -7.201587 -13.439170 -16.659516 -22.748989 -26.338188 -27.324957 -31.426671 -35.412358 -42.145829 -39.994901 -39.716894 -42.292108 -41.508794 -32.008542 -28.530431 -17.716821 -10.859665 -14.502291 -20.009570 -20.871542 -27.305783 -24.819258 -34.280749 -30.926727 -30.555949 -41.062711 -39.118368 -31.473896 -37.347116 -39.114443 -32.859171 -36.810438 
11.923328 18.414409 14.854719 11.488613 5.943639 5.612186 4.863723 1.454434 -5.189998 -10.796106 -15.978488 -24.156390 -25.513008 -26.490255 -29.582514 -30.770909 -30.947772 -31.814718 -32.742690 -32.501538 -32.729723 -34.245553 -27.177887 -18.483583 -15.525245 -22.514675 -18.280601 -16.510978 -20.417448 -28.965610 -34.809999 -35.558561 -29.663079 -36.087112 -34.535692 -28.186362 -39.604337 -33.455103 -28.488905 -31.115528 
12.062386 18.488722 14.838889 11.173741 5.276118 3.972417 2.400631 -0.568666 -10.104632 -12.853924 -17.306239 -22.251971 -26.532631 -27.424006 -30.918002 -37.079582 -39.581480 -41.540616 -38.983824 -41.995280 -35.582892 -29.153955 -26.447755 -21.059392 -23.254942 -19.031060 -15.793742 -15.414033 -15.028547 -23.179835 -33.429614 -36.533213 -32.269180 -40.564655 -39.104547 -32.553020 -39.633674 -40.093898 -38.980520 -36.862617 
12.012140 18.253381 14.358971 10.637482 3.547521 2.656025 0.668000 -0.863442 -7.822861 -13.192363 -18.746451 -23.293477 -25.536772 -26.022737 -29.618372 -29.499723 -30.683504 -31.718999 -32.581567 -32.479840 -33.353097 -30.663248 -29.932013 -17.293677 -12.521806 -19.668700 -16.018626 -14.467046 -15.720386 -15.461861 -21.721085 -30.305105 -31.463016 -39.071896 -39.844346 -37.386378 -38.521231 -36.886436 -32.108992 -31.501138 
11.733435 18.111064 13.498962 9.583638 2.390524 0.280273 0.492150 -2.580001 -9.294624 -14.652835 -21.997559 -26.173156 -26.439098 -28.264896 -28.530155 -32.106889 -33.193801 -34.597040 -34.479032 -33.930604 -35.732075 -34.225905 -33.751276 -20.908996 -17.171921 -21.934058 -21.399838 -20.819023 -20.648873 -20.575276 -25.939338 -34.462613 -32.722879 -40.125137 -41.051369 -36.013197 -38.707099 -41.498578 -37.187784 -35.224483 
11.819954 18.289260 12.657239 8.500047 -1.675157 -3.974493 -0.259576 -4.777131 -12.279196 -16.932180 -24.503262 -29.859954 -33.252395 -33.487395 -37.333722 -39.081791 -41.732702 -41.669185 -43.103426 -40.310605 -39.091261 -33.553638 -29.244989 -25.620681 -16.710312 -19.316155 -22.028974 -22.303555 -25.475516 -27.109418 -31.860152 -34.433272 -34.650462 -41.640640 -44.285963 -37.761482 -41.968404 -40.668269 -33.671951 -38.057102 
10.902182 17.972234 11.794353 6.182750 -0.953358 -5.517049 -4.174374 -3.814700 -14.298726 -21.467702 -30.247346 -32.734839 -33.268001 -37.746957 -40.989731 -43.956830 -43.806204 -41.982633 -39.830939 -42.248277 -41.141351 -33.473639 -27.369843 -27.296908 -17.956865 -19.757218 -19.624270 -25.063191 -26.164103 -26.092801 -35.999109 -35.942320 -34.519028 -40.676278 -42.394880 -37.618293 -43.609057 -39.439029 -34.743852 -37.447129 
10.627175 17.990695 10.972480 4.624185 -2.310088 -2.923144 -4.522934 -8.172999 -14.635329 -20.328831 -25.939349 -32.736730 -32.708299 -34.365017 -38.168820 -42.878241 -44.380710 -42.801346 -40.863869 -43.185603 -42.058638 -32.880805 -27.095158 -21.906409 -16.284508 -21.608079 -20.800006 -25.245257 -24.451141 -24.171084 -32.135153 -34.109899 -33.421887 -41.923670 -43.688843 -37.119972 -40.790499 -41.410890 -35.150692 -36.447949 
9.514690 17.137352 10.374645 4.170172 1.373871 -1.520582 -2.677231 -10.228478 -14.516563 -21.003307 -25.513177 -33.045547 -34.460132 -35.339817 -38.663493 -44.138305 -42.991846 -41.876988 -38.694045 -41.210092 -40.991878 -34.574769 -27.568685 -21.019132 -16.631858 -20.483239 -21.788726 -24.593931 -23.975848 -24.934187 -31.203400 -31.464885 -31.632625 -38.826957 -43.174978 -37.732590 -37.678050 -41.367676 -35.408495 -35.646212 
7.574990 16.601291 10.416569 -1.251250 -5.325551 -5.449696 -7.749557 -7.784871 -11.886534 -19.450104 -25.641818 -32.735119 -34.472006 -39.487227 -41.046736 -42.835320 -44.543580 -43.934975 -39.748440 -39.056284 -39.346003 -38.843258 -27.468421 -18.099231 -14.353797 -16.478576 -23.610177 -23.258251 -21.588692 -23.277242 -34.336271 -30.090033 -30.425557 -36.111375 -42.000408 -37.661021 -36.994239 -39.788251 -37.417950 -37.765547 
7.651582 14.962588 8.681440 -3.454742 -4.814239 -5.566977 -7.663000 -15.955109 -23.798123 -23.553193 -26.538721 -29.981003 -33.345441 -34.320261 -35.070415 -36.434532 -36.653170 -37.467608 -38.379376 -38.404675 -38.820987 -37.089592 -33.502986 -21.971665 -19.966609 -21.346023 -19.891957 -22.335176 -26.101241 -22.896331 -33.483445 -37.278576 -38.642712 -39.472358 -44.265421 -41.330573 -41.158949 -41.131276 -38.827508 -39.605354 
5.127016 12.014216 4.148079 -13.037802 -13.490354 -18.391751 -18.183674 -18.117105 -29.876327 -32.945337 -31.866052 -32.626758 -30.788070 -31.650796 -35.325133 -37.720839 -37.594742 -39.125423 -39.618131 -39.227231 -40.094829 -36.084057 -30.157268 -23.723894 -19.678307 -19.608933 -25.141604 -29.636436 -27.123277 -25.677132 -38.365724 -40.966327 -41.363693 -43.134391 -43.600935 -41.124302 -43.174525 -46.289169 -45.208129 -44.924642 
2.263075 8.694876 0.167989 -15.762240 -23.643589 -23.866599 -22.055725 -18.315035 -26.327153 -30.750683 -29.424280 -32.682237 -37.682829 -35.069117 -37.689306 -40.199877 -39.722093 -41.914373 -43.151764 -42.303981 -42.709852 -38.089242 -26.593416 -25.293421 -22.770077 -23.294853 -26.043215 -33.201366 -31.018520 -34.164724 -39.643737 -38.078419 -35.858013 -41.296958 -44.942862 -42.317867 -43.119839 -44.524126 -46.790028 -49.049323 
1.252967 3.579131 -2.001053 -14.894728 -15.678558 -17.539468 -16.149535 -20.726094 -26.451631 -27.551491 -33.338877 -37.077881 -39.062477 -38.344805 -40.604097 -43.471433 -47.218669 -47.086583 -46.733101 -43.939855 -44.915230 -42.227199 -35.688353 -31.634463 -25.284943 -25.392948 -33.874629 -36.242803 -35.537562 -34.167911 -42.784267 -45.920629 -47.758374 -51.782720 -51.696209 -49.084689 -50.298842 -52.583127 -52.550455 -54.057042 
-16.593737 -17.631830 -20.078863 -23.891396 -28.494296 -30.120894 -29.884114 -31.901151 -39.142660 -42.187716 -40.405468 -48.056315 -47.356499 -46.322817 -53.504428 -49.405652 -52.022856 -54.009446 -54.416561 -55.929775 -53.981066 -56.689850 -50.189480 -50.601951 -43.217341 -44.364817 -50.833199 -56.988791 -54.992461 -55.718156 -59.580176 -62.704014 -62.683382 -65.096882 -63.884172 -63.725085 -66.884174 -65.872045 -65.393789 -65.584298 
-66.978078 -65.148751 -66.309894 -71.235984 -73.278887 -72.704451 -79.757505 -84.079059 -83.173474 -78.974755 -80.985938 -83.625668 -88.281287 -86.727087 -84.702022 -87.459469 -90.439272 -88.725063 -88.886037 -92.878681 -91.605765 -91.447693 -95.059352 -92.886768 -93.440656 -91.756512 -93.478740 -95.523162 -97.409964 -97.400930 -98.100928 -98.325173 -99.232936 -100.051364 -99.427227 -100.345833 -100.589705 -100.336232 -100.745962 -101.636533 
NaN NaN NaN NaN NaN NaN NaN NaN NaN NaN NaN NaN NaN NaN NaN NaN NaN NaN NaN NaN NaN NaN NaN NaN NaN NaN NaN NaN NaN NaN NaN NaN NaN NaN NaN NaN NaN NaN NaN NaN 
NaN NaN NaN NaN NaN NaN NaN NaN NaN NaN NaN NaN NaN NaN NaN NaN NaN NaN NaN NaN NaN NaN NaN NaN NaN NaN NaN NaN NaN NaN NaN NaN NaN NaN NaN NaN NaN NaN NaN NaN 
NaN NaN NaN NaN NaN NaN NaN NaN NaN NaN NaN NaN NaN NaN NaN NaN NaN NaN NaN NaN NaN NaN NaN NaN NaN NaN NaN NaN NaN NaN NaN NaN NaN NaN NaN NaN NaN NaN NaN NaN 
NaN NaN NaN NaN NaN NaN NaN NaN NaN NaN NaN NaN NaN NaN NaN NaN NaN NaN NaN NaN NaN NaN NaN NaN NaN NaN NaN NaN NaN NaN NaN NaN NaN NaN NaN NaN NaN NaN NaN NaN 
NaN NaN NaN NaN NaN NaN NaN NaN NaN NaN NaN NaN NaN NaN NaN NaN NaN NaN NaN NaN NaN NaN NaN NaN NaN NaN NaN NaN NaN NaN NaN NaN NaN NaN NaN NaN NaN NaN NaN NaN 
NaN NaN NaN NaN NaN NaN NaN NaN NaN NaN NaN NaN NaN NaN NaN NaN NaN NaN NaN NaN NaN NaN NaN NaN NaN NaN NaN NaN NaN NaN NaN NaN NaN NaN NaN NaN NaN NaN NaN NaN 
-80.687653 -80.687487 -80.687226 -80.686832 -80.686377 -80.685897 -80.685533 -80.685395 -80.685729 -80.686797 -80.688909 -80.692497 -80.697693 -80.704933 -80.714268 -80.725357 -80.738162 -80.751761 -80.765609 -80.779197 -80.792887 -80.808028 -80.826602 -80.851699 -80.885101 -80.926015 -80.970945 -81.015385 -81.059288 -81.109336 -81.175987 -81.260762 -81.350047 -81.432348 -81.525973 -81.657289 -81.788449 -81.925632 -82.610141 -85.252308 
-77.873185 -77.873039 -77.872811 -77.872469 -77.872082 -77.871689 -77.871424 -77.871397 -77.871856 -77.873043 -77.875263 -77.878938 -77.884188 -77.891441 -77.900748 -77.911776 -77.924507 -77.938059 -77.951933 -77.965667 -77.979655 -77.995236 -78.014319 -78.039886 -78.073602 -78.114627 -78.159590 -78.204273 -78.248917 -78.300185 -78.368031 -78.453337 -78.542687 -78.625999 -78.722345 -78.855466 -78.985560 -79.132470 -79.880250 -82.814426 
NaN NaN NaN NaN NaN NaN NaN NaN NaN NaN NaN NaN NaN NaN NaN NaN NaN NaN NaN NaN NaN NaN NaN NaN NaN NaN NaN NaN NaN NaN NaN NaN NaN NaN NaN NaN NaN NaN NaN NaN 
NaN NaN NaN NaN NaN NaN NaN NaN NaN NaN NaN NaN NaN NaN NaN NaN NaN NaN NaN NaN NaN NaN NaN NaN NaN NaN NaN NaN NaN NaN NaN NaN NaN NaN NaN NaN NaN NaN NaN NaN 
NaN NaN NaN NaN NaN NaN NaN NaN NaN NaN NaN NaN NaN NaN NaN NaN NaN NaN NaN NaN NaN NaN NaN NaN NaN NaN NaN NaN NaN NaN NaN NaN NaN NaN NaN NaN NaN NaN NaN NaN 
NaN NaN NaN NaN NaN NaN NaN NaN NaN NaN NaN NaN NaN NaN NaN NaN NaN NaN NaN NaN NaN NaN NaN NaN NaN NaN NaN NaN NaN NaN NaN NaN NaN NaN NaN NaN NaN NaN NaN NaN 
