NaN NaN NaN NaN NaN NaN NaN NaN NaN NaN NaN NaN NaN NaN NaN NaN NaN NaN NaN NaN NaN NaN NaN NaN NaN NaN NaN NaN NaN NaN NaN NaN NaN NaN NaN NaN NaN NaN NaN NaN 
NaN NaN NaN NaN NaN NaN NaN NaN NaN NaN NaN NaN NaN NaN NaN NaN NaN NaN NaN NaN NaN NaN NaN NaN NaN NaN NaN NaN NaN NaN NaN NaN NaN NaN NaN NaN NaN NaN NaN NaN 
NaN NaN NaN NaN NaN NaN NaN NaN NaN NaN NaN NaN NaN NaN NaN NaN NaN NaN NaN NaN NaN NaN NaN NaN NaN NaN NaN NaN NaN NaN NaN NaN NaN NaN NaN NaN NaN NaN NaN NaN 
NaN NaN NaN NaN NaN NaN NaN NaN NaN NaN NaN NaN NaN NaN NaN NaN NaN NaN NaN NaN NaN NaN NaN NaN NaN NaN NaN NaN NaN NaN NaN NaN NaN NaN NaN NaN NaN NaN NaN NaN 
NaN NaN NaN NaN NaN NaN NaN NaN NaN NaN NaN NaN NaN NaN NaN NaN NaN NaN NaN NaN NaN NaN NaN NaN NaN NaN NaN NaN NaN NaN NaN NaN NaN NaN NaN NaN NaN NaN NaN NaN 
NaN NaN NaN NaN NaN NaN NaN NaN NaN NaN NaN NaN NaN NaN NaN NaN NaN NaN NaN NaN NaN NaN NaN NaN NaN NaN NaN NaN NaN NaN NaN NaN NaN NaN NaN NaN NaN NaN NaN NaN 
-97.955227 -97.970395 -97.995633 -98.038220 -98.095942 -98.176919 -98.275955 -98.403198 -98.572692 -98.775355 -99.022892 -99.331366 -99.695541 -100.139876 -100.676925 -101.311289 -102.084751 -103.004055 -104.105680 -105.408015 -106.931344 -108.629646 -110.248184 -111.344141 -111.510380 -110.971945 -110.335236 -110.034096 -110.314991 -111.429711 -113.836586 -118.741388 -126.663736 -120.118967 -114.809173 -112.811821 -112.981129 -115.343749 -119.454094 -118.061840 
-27.932433 -23.745483 -22.059182 -21.963385 -23.868997 -28.618676 -37.469582 -43.471215 -43.229470 -50.573149 -46.111441 -49.899948 -55.676785 -53.428894 -56.779183 -56.722986 -58.097489 -57.528495 -55.243228 -57.133456 -59.006928 -59.658553 -60.284626 -59.471040 -61.659967 -62.076221 -63.321274 -64.209324 -63.971754 -62.115788 -64.717661 -64.800099 -65.913241 -65.753859 -67.069076 -66.192118 -67.359022 -66.993880 -67.234388 -68.352878 
-6.833838 -1.005235 4.165192 3.676405 -4.624360 -13.528782 -15.873302 -21.110366 -32.442614 -26.311143 -32.468223 -35.006601 -36.876763 -38.137566 -39.323710 -42.388488 -38.179430 -37.552834 -41.910409 -43.879018 -45.247403 -46.971764 -46.119820 -45.355175 -47.825102 -47.723451 -50.761154 -52.004252 -51.863052 -50.120829 -50.452365 -52.276192 -55.095665 -55.372221 -55.400189 -55.486559 -55.622245 -55.481915 -56.172210 -56.501676 
2.369483 13.972702 16.400762 10.089955 7.375068 3.559460 -2.868728 -4.229370 -10.070195 -17.905185 -24.812969 -29.909200 -33.252906 -30.436687 -27.743888 -29.845896 -31.332728 -30.618958 -33.724073 -35.781279 -37.616702 -40.288051 -33.402729 -30.507217 -31.945916 -42.658512 -45.083972 -45.691556 -45.094903 -44.956710 -42.614777 -44.393001 -48.041809 -48.768748 -49.240786 -49.229947 -49.233271 -49.592845 -50.205163 -50.456534 
-0.145656 15.704227 17.436589 9.232734 12.691505 4.672663 3.992848 -2.691913 -5.115951 -13.677316 -20.920430 -26.712535 -31.804796 -32.862230 -27.010098 -23.361553 -25.430888 -30.427994 -29.872385 -32.040484 -31.582396 -28.891934 -25.261771 -22.223303 -32.637749 -47.213277 -48.315815 -48.442997 -45.866887 -43.707203 -40.889020 -40.545053 -47.551502 -53.403329 -52.400965 -52.818925 -51.003265 -49.589578 -52.093007 -53.207796 
-1.253463 15.891963 19.359687 9.521633 13.449982 6.032743 4.088913 -2.702710 -3.576990 -13.685601 -17.723037 -23.578802 -28.079739 -27.446403 -25.827148 -20.687050 -20.804889 -28.521091 -27.701926 -27.637464 -27.569201 -26.676887 -21.844520 -17.745603 -24.901502 -39.357799 -43.352522 -43.031006 -43.228588 -39.403284 -39.106409 -39.461708 -43.969015 -46.842207 -46.972293 -46.422981 -46.898324 -46.855684 -47.108257 -47.832994 
-2.202805 16.483251 20.995882 9.973858 13.616440 8.390250 4.008285 -0.534132 -5.909872 -13.188065 -14.720833 -21.110413 -23.754511 -23.724717 -21.659008 -19.546384 -22.679223 -24.788767 -25.224421 -25.035276 -26.472503 -27.558520 -22.290439 -17.643186 -27.850250 -32.272067 -33.285071 -34.283750 -34.625894 -35.082559 -33.042897 -34.610149 -36.742195 -37.123267 -37.395180 -37.819950 -38.105386 -38.282113 -38.140541 -38.758844 
-4.273699 15.678757 21.712330 12.389077 13.320109 11.052127 1.332086 0.758392 -8.761924 -10.400085 -15.415385 -19.751371 -24.381909 -23.059030 -19.409415 -17.652911 -19.028641 -23.029838 -25.230125 -26.026912 -26.283513 -24.348782 -21.026938 -14.489080 -24.763559 -32.064392 -34.633675 -35.023341 -35.193990 -36.009155 -34.594969 -36.213668 -36.920257 -38.212284 -38.741263 -37.667270 -39.188097 -38.999844 -38.770179 -39.768506 
-4.587586 13.793971 21.522283 13.700325 12.934705 12.792672 0.185571 0.849905 -9.488635 -7.395522 -13.773015 -18.843464 -24.911766 -22.636070 -15.379612 -13.222245 -23.932277 -23.162630 -22.415988 -25.891183 -27.864766 -23.931343 -19.351697 -13.490725 -24.133265 -32.928501 -35.167006 -34.637469 -33.061233 -33.471777 -33.348833 -36.692308 -37.710505 -39.944669 -40.291632 -38.555904 -40.170455 -41.009572 -41.003157 -40.913445 
-19.599231 10.963382 21.708709 15.966012 11.436758 14.580844 1.599706 1.768271 -6.835425 -5.344670 -16.379647 -20.389096 -23.222347 -21.589923 -16.283406 -12.656217 -23.394023 -26.225226 -24.263458 -24.451510 -24.670647 -23.328568 -19.790215 -13.451723 -23.725078 -34.162082 -39.137319 -40.705564 -36.208402 -35.085967 -30.062091 -34.610491 -39.494692 -40.044147 -45.909918 -44.626991 -47.422459 -43.328971 -45.680456 -42.995557 
-5.619148 12.203304 22.942910 18.071017 7.611004 15.764611 5.341449 1.318555 -3.314036 -9.034236 -14.257615 -21.482881 -21.247628 -16.623539 -13.344872 -15.371216 -20.566699 -26.883811 -23.599572 -21.865781 -23.058223 -24.706783 -21.101839 -17.031326 -23.761810 -32.908077 -37.287520 -33.338824 -32.920110 -31.020900 -30.385119 -35.167312 -37.712415 -38.967485 -38.961083 -38.494136 -40.280017 -37.976706 -41.331191 -40.528664 
-7.301281 9.959545 22.685421 19.502225 5.006718 18.323831 14.262866 8.639804 8.061006 -2.954893 -3.074550 -9.784036 -11.570446 -9.924741 -10.513919 -9.878388 0.085809 -7.067489 -14.674512 -17.409920 -21.303115 -21.945795 -21.552204 -15.918296 -20.540360 -25.533296 -31.813378 -24.581705 -26.006460 -30.393329 -30.056842 -29.418821 -34.784737 -37.705937 -37.179022 -33.122926 -35.393751 -35.333279 -33.262307 -34.963100 
-13.158475 8.770441 22.662036 20.821777 8.014927 22.075082 18.556993 13.987580 16.346978 3.390999 3.028072 -6.617976 -5.451419 -4.734172 -7.558461 -7.197543 5.022866 1.793713 -2.331850 -7.033100 -11.955283 -12.279924 -12.163170 -12.171581 -12.742579 -21.044530 -23.173539 -17.728243 -15.367570 -22.721530 -29.794253 -28.180054 -34.315294 -36.845421 -31.471504 -23.796431 -27.789290 -26.033207 -26.578700 -28.846426 
-12.257602 5.677514 21.764366 21.704394 6.940127 21.717153 20.884803 9.961180 18.537154 5.134840 3.717497 -5.368113 -1.771472 -5.977564 -3.605851 -3.609380 4.757206 4.439324 -1.298204 -3.856506 -7.112367 -7.918295 -7.080492 -5.412233 -10.002994 -17.829816 -20.009373 -13.808208 -10.561580 -23.804165 -26.158399 -28.327773 -34.740573 -36.555813 -32.182701 -23.809277 -25.107403 -24.744193 -24.496435 -26.696262 
-12.395855 0.884670 19.709975 21.866810 5.811070 20.013021 22.989343 7.644921 18.402792 9.155585 0.596203 -3.263957 -1.842961 -6.071684 -2.581470 -2.508082 3.286572 7.019398 -1.924345 -5.071338 -7.349692 -9.669589 -8.410079 -6.156904 -6.611779 -14.091996 -19.715978 -13.749576 -10.983070 -20.047951 -21.699727 -25.731838 -28.464096 -30.183203 -27.813955 -19.563953 -23.581067 -24.316421 -20.702718 -23.274945 
-16.645472 -2.650107 18.135711 21.674578 6.343714 19.350381 24.080668 8.330005 18.006145 12.277720 -3.137731 -3.231981 -3.525478 -4.572649 -1.520665 -4.494494 -0.042941 2.232771 -3.821763 -5.734871 -10.840585 -11.221415 -9.364656 -9.693755 -8.790265 -12.649165 -22.031414 -19.197084 -12.713666 -19.310476 -24.240675 -22.087761 -28.722106 -33.877124 -27.114909 -13.751349 -19.482848 -21.951341 -16.684568 -18.909474 
-6.375218 -3.343070 16.889909 21.348279 7.412444 18.815549 25.184857 10.168981 17.156883 14.376110 -4.555358 -2.113130 -2.943098 -1.620581 -1.006048 -1.659044 4.963261 -0.872898 -3.399979 -5.839223 -10.787735 -12.475441 -11.724280 -11.987856 -9.598793 -14.830400 -19.597765 -17.399278 -15.071920 -18.385064 -25.521347 -27.729103 -31.005283 -32.077307 -27.600441 -17.856140 -20.965368 -19.975498 -21.269165 -22.301107 
-6.174044 -7.153809 15.345134 20.825449 8.169156 17.459524 25.602970 12.186223 15.394357 15.507579 -6.188726 -2.044323 -6.697225 -0.555550 -2.479897 -0.144755 8.406158 -2.254859 -6.637288 -9.235139 -12.855005 -16.083571 -16.275740 -17.865570 -10.700740 -17.450703 -25.017836 -20.657540 -17.188633 -22.619577 -31.241178 -31.646602 -34.979722 -37.761150 -30.449579 -17.945902 -23.692109 -25.457274 -26.518900 -26.636097 
-18.898527 -6.329855 15.039379 20.991217 8.348648 16.650243 25.309293 11.590103 13.803204 14.817217 -5.824280 -3.237370 -7.609853 -0.847726 -4.703564 -1.133834 7.179728 -2.914632 -7.455454 -9.940951 -15.118232 -15.873425 -16.881269 -22.319896 -14.857191 -20.559587 -28.544079 -24.185107 -19.679921 -27.152383 -30.920874 -27.368102 -31.846788 -35.032546 -29.017995 -20.087240 -22.675206 -23.666128 -25.537358 -29.115749 
-23.137644 -8.201162 15.655424 21.904502 9.468646 15.444711 25.050860 13.258849 11.915866 13.785275 -9.604649 -3.770921 -10.666675 -1.662530 -5.351635 -1.288253 4.828637 -3.441130 -8.490504 -11.318635 -17.741048 -20.079535 -20.300858 -21.770993 -23.104746 -24.927189 -30.000256 -23.235299 -22.653329 -27.006563 -29.182647 -29.561113 -36.002256 -40.848546 -29.974151 -19.201078 -23.477206 -25.324975 -24.232072 -26.890263 
-15.699633 -6.838541 16.174679 22.526925 10.311882 15.199950 24.384816 11.376000 11.568392 13.269101 -6.150106 -1.521196 -8.889543 -2.446155 -5.216051 -3.550543 1.159956 -6.169054 -9.181947 -14.775499 -18.825790 -20.234962 -20.216002 -20.062294 -21.550343 -26.819682 -30.652317 -28.837177 -26.177078 -24.533338 -28.559132 -32.556378 -35.376437 -37.639548 -29.642054 -19.746000 -24.484653 -24.612179 -21.679543 -24.606916 
-16.148820 -7.778824 17.025583 22.618128 10.125932 14.914779 23.894912 11.942011 11.673870 12.035239 -5.022194 -1.488014 -6.318419 -1.865079 -1.411530 -0.292874 0.675435 -6.627285 -10.250676 -15.191287 -18.618216 -19.034671 -19.472276 -20.353991 -19.935361 -25.818335 -28.698180 -31.092338 -23.914572 -22.668486 -29.272866 -33.608502 -34.651169 -35.167960 -30.360023 -17.983084 -24.715350 -27.148250 -21.669799 -22.576586 
-8.499695 1.599639 18.495143 20.756998 11.246140 14.465140 22.869171 11.358301 12.712602 10.092769 -2.012742 -4.032804 -3.328237 -2.524009 1.144731 -1.210174 -0.410220 -9.884730 -14.428612 -16.493799 -20.049935 -21.920688 -19.270746 -17.080198 -17.000671 -22.917591 -27.715082 -28.972513 -22.956268 -25.086181 -26.570478 -28.313497 -35.347709 -37.578156 -29.263613 -19.165462 -22.380827 -25.664564 -22.860984 -22.357068 
-7.763999 9.733575 20.254053 17.074084 10.540495 15.743734 22.822516 14.121851 12.478985 4.425570 -1.804195 -7.258261 -5.321046 -6.859539 -4.768281 -4.605132 -1.734395 -11.069506 -16.470913 -18.898056 -20.705644 -24.080747 -19.121718 -19.091731 -17.455611 -21.051106 -28.089256 -25.931718 -23.229542 -24.751597 -26.102238 -24.701243 -32.024924 -34.809471 -29.223906 -21.770212 -22.953601 -22.558539 -22.002440 -25.957338 
-7.724685 7.725226 22.031144 22.170145 6.464949 19.728366 21.356704 8.772204 13.192596 0.555511 -1.396829 -9.452025 -7.835686 -11.257105 -5.985530 0.560705 -0.824493 -7.960397 -11.600892 -15.038711 -15.534751 -18.840890 -23.478320 -23.604156 -23.163084 -22.188330 -29.971608 -29.311136 -27.500715 -26.988671 -28.653185 -31.376547 -37.231219 -40.917870 -33.055180 -22.358192 -26.802697 -25.700469 -25.242199 -28.139187 
-10.590623 9.875132 22.938395 20.252515 8.320286 19.646422 13.443063 11.395681 12.817826 1.874211 1.035801 -5.825448 -7.057423 -6.180720 -3.374335 1.418426 -4.266894 -9.497172 -12.234584 -14.471535 -17.380756 -19.770063 -22.313553 -20.644786 -23.523476 -23.377848 -30.437098 -27.792305 -21.622716 -24.130387 -26.002844 -30.801470 -35.256327 -38.414971 -32.108580 -22.698079 -26.209917 -25.450225 -28.977392 -29.173149 
-8.938736 13.087583 23.509919 18.133451 13.509324 18.732728 10.277117 17.865563 12.513514 7.435344 -0.637417 -6.063609 -5.086533 -3.198728 -3.575678 -1.902042 -3.965213 -13.172710 -11.636795 -14.940231 -16.531142 -18.237485 -19.851187 -21.094701 -18.969388 -21.365300 -27.159005 -26.381923 -22.804037 -23.698195 -26.234855 -29.546537 -33.652500 -35.230528 -33.898257 -25.086684 -28.508253 -24.742899 -25.024071 -26.928802 
-8.212671 13.718334 22.842345 16.436193 14.933653 16.883943 10.837437 18.324418 7.136126 7.775741 -4.015960 -6.563542 -3.808720 -7.357405 -5.039971 -3.018841 -13.666084 -14.571996 -14.491014 -16.641756 -20.306625 -22.571045 -19.424751 -19.607427 -22.600361 -24.641314 -37.275549 -29.811671 -24.731370 -21.548863 -25.801735 -29.982697 -37.262820 -43.044568 -35.532434 -26.099806 -30.054364 -32.469860 -25.572441 -26.077745 
-4.048625 15.380390 21.170656 13.560304 17.110668 15.087072 13.149618 16.249083 9.376843 7.106340 -3.851225 -4.183360 -5.129772 -10.570489 -4.848497 -4.834765 -4.920724 -7.896569 -12.330660 -15.329738 -18.291827 -19.423705 -19.542907 -20.284138 -22.317459 -22.915527 -30.041373 -30.113791 -25.951274 -22.546624 -27.985056 -29.209353 -31.956232 -33.777178 -32.692121 -24.760984 -28.368505 -27.490695 -24.531669 -26.770296 
0.363852 16.179198 18.965213 11.372021 17.665269 12.079905 15.237578 12.860838 10.687297 2.631953 -2.551206 -6.252571 -5.297193 -7.395768 -3.852904 -2.944051 -6.760246 -9.821029 -13.899143 -16.183903 -19.414966 -22.885500 -26.273036 -25.619239 -22.853218 -28.015568 -36.486574 -33.799102 -25.403196 -25.502697 -26.965876 -26.046331 -33.232922 -45.383106 -39.741894 -28.824327 -29.989289 -31.728607 -28.910681 -33.773366 
3.088913 18.201648 18.569436 12.730342 16.320650 10.922032 13.663929 10.467117 10.375029 1.658457 -4.291811 -8.151852 -8.031031 -10.174213 -13.011806 -11.309950 -9.738966 -9.880794 -14.478516 -17.533260 -21.636053 -24.922424 -24.992086 -22.192084 -27.352374 -31.341158 -37.387723 -34.941616 -31.336973 -28.518087 -30.763716 -35.296413 -41.746793 -50.970342 -45.031277 -31.856642 -36.547024 -36.738103 -35.132350 -35.558877 
4.273254 19.629759 19.639664 14.181826 12.272288 8.875767 9.511280 13.252394 7.291604 2.889936 -5.485331 -10.118384 -11.139680 -12.463169 -12.737690 -9.497612 -8.001598 -15.672044 -16.772723 -18.849802 -21.020093 -23.644861 -26.052430 -25.641993 -27.597909 -32.166463 -32.480367 -32.899371 -31.651600 -29.735206 -31.150652 -34.444041 -35.942418 -36.997424 -36.907391 -34.550185 -36.368812 -36.858177 -34.410931 -32.714949 
5.771913 19.775277 18.856283 14.280054 11.739122 7.383992 7.030384 12.864662 5.200502 1.101452 -3.462134 -11.488989 -10.380891 -12.012888 -13.098306 -10.858685 -9.239212 -15.656949 -19.354154 -23.366097 -24.966031 -22.550461 -19.640783 -21.319485 -31.959077 -40.005417 -40.759046 -41.199933 -36.254993 -36.000219 -38.515191 -40.583258 -46.538380 -51.391444 -46.172133 -32.493191 -35.762147 -35.723775 -30.737333 -34.451998 
7.674018 19.528443 17.157878 14.341047 11.155926 7.173331 8.127909 11.583972 2.020116 -4.561858 -5.798789 -14.711627 -12.444765 -13.233570 -13.959710 -11.881138 -10.101938 -17.443292 -19.596058 -20.728387 -23.109244 -23.892372 -23.733697 -22.784085 -29.425365 -36.992075 -37.991009 -37.203226 -35.312754 -34.452356 -41.094298 -41.200909 -43.636152 -50.451184 -46.580511 -34.154078 -36.506418 -37.777730 -37.003680 -38.748159 
7.954420 19.293337 16.527733 14.314233 9.707517 6.991888 9.279989 9.828628 1.040049 -2.447148 -8.462473 -10.252729 -11.445302 -12.878904 -12.421024 -13.286979 -12.396070 -14.512829 -21.048745 -22.260806 -21.975354 -23.221409 -25.071020 -24.462238 -31.010022 -35.838755 -40.301707 -39.179470 -29.943622 -25.292956 -30.840721 -39.150918 -45.579295 -48.543574 -45.331737 -33.293045 -39.950232 -41.505644 -34.836569 -38.354552 
9.434973 19.670894 16.402383 14.183335 8.879497 5.387167 8.441245 7.303201 0.054050 -2.199277 -7.203505 -11.394376 -12.594512 -14.405460 -17.067579 -17.505338 -14.490658 -15.319193 -18.182719 -19.105873 -24.391776 -33.178244 -25.532660 -26.322575 -32.327115 -37.585620 -37.334234 -36.943019 -35.023920 -31.556781 -34.096580 -37.399476 -40.716859 -41.465779 -41.398447 -38.056627 -39.592921 -40.276448 -41.098745 -40.570271 
11.216519 20.513484 17.113954 14.145680 7.986910 4.147342 6.885141 3.667113 -3.026828 -5.077997 -10.714911 -15.697660 -16.460392 -18.047741 -19.791733 -24.854476 -17.504048 -15.347116 -17.075534 -19.185881 -20.600088 -21.444040 -19.104671 -22.110412 -32.167806 -34.108201 -35.081924 -35.092640 -35.356824 -37.067031 -35.237946 -36.166678 -38.258720 -39.213189 -39.558645 -38.924722 -39.016243 -37.786943 -38.976113 -39.114045 
11.636641 20.990293 17.794940 13.921610 6.701979 3.655158 6.444830 0.941648 -0.762343 -5.518981 -10.440626 -14.535809 -15.614054 -17.461112 -22.771128 -22.500347 -18.728040 -11.374358 -9.583885 -13.873114 -16.999485 -18.890504 -18.331313 -21.282833 -28.750039 -29.876834 -31.414170 -32.414793 -31.479454 -28.784601 -30.944685 -34.183007 -34.938265 -35.428248 -35.943231 -35.458619 -35.799186 -35.976574 -35.396797 -35.623462 
12.321049 20.712672 17.058363 12.836679 3.975598 2.008052 5.936290 0.353761 -0.816244 -5.361277 -12.115793 -20.311510 -18.358709 -23.140007 -22.786029 -22.158709 -24.840699 -16.426893 -12.075193 -19.388887 -21.793644 -20.505237 -20.220612 -21.830171 -25.891575 -29.098934 -32.166521 -32.942688 -33.072459 -33.018792 -34.817231 -35.756589 -36.318945 -36.667924 -37.094398 -37.264729 -37.295892 -37.449340 -37.759405 -37.917912 
11.735545 19.717932 15.860825 12.751298 4.141128 0.765342 2.394438 -5.231437 -8.195774 -12.107687 -17.402631 -21.627901 -24.558213 -25.806621 -27.469963 -26.295837 -28.473010 -24.499579 -19.984994 -25.779181 -26.949828 -27.338303 -27.147876 -26.298632 -30.985119 -34.377824 -36.678217 -37.179835 -37.484363 -35.579228 -37.678843 -39.341751 -39.618959 -40.336116 -40.726470 -41.024627 -41.192051 -41.279790 -41.664498 -42.057545 
11.842552 18.979077 14.843359 13.086684 4.049845 1.740224 0.918381 -7.900884 -15.223311 -15.525481 -23.170440 -28.689785 -29.691493 -32.588256 -32.129646 -34.526058 -34.293784 -33.205389 -26.365374 -27.333185 -35.627853 -31.868297 -27.280164 -24.489279 -33.924846 -40.459746 -42.786703 -43.509221 -44.269111 -39.484416 -40.034661 -46.892017 -46.930888 -46.520121 -46.782063 -46.154169 -47.476475 -47.870929 -47.615562 -48.487233 
9.308151 18.161825 13.944028 12.486603 3.643366 1.302563 0.851542 -8.950618 -16.432354 -15.057790 -21.731335 -33.016388 -32.365363 -34.284590 -33.550857 -32.625126 -32.673968 -33.517072 -29.058247 -28.618841 -33.706786 -34.009279 -30.289218 -23.872961 -33.216263 -41.031731 -43.034585 -44.541519 -48.827064 -40.570608 -43.112766 -51.034191 -50.705073 -51.879652 -51.860833 -50.408234 -51.343252 -49.207398 -48.536012 -51.304971 
9.876476 18.104942 13.668217 12.675633 5.656302 2.315224 0.520505 -6.258257 -16.605171 -15.302708 -20.859918 -29.126683 -32.430993 -35.894097 -36.567548 -33.500136 -33.314224 -38.161186 -27.230993 -27.888024 -34.289719 -35.088859 -31.379018 -25.096275 -32.650469 -42.741082 -48.184645 -49.626197 -50.394066 -40.637836 -42.008583 -49.584649 -51.971959 -55.596062 -55.586665 -53.038641 -53.945387 -51.196373 -51.603096 -53.308728 
7.690604 17.399261 13.441754 12.771477 6.181614 2.701274 -1.125131 -6.159916 -12.567051 -18.359289 -22.460598 -31.729638 -33.172815 -33.934964 -33.900109 -34.052817 -35.090558 -39.562120 -28.958662 -30.857373 -34.796477 -34.838187 -30.177476 -24.237620 -33.039934 -47.313056 -51.144281 -50.294123 -49.200812 -41.306216 -41.755224 -50.443613 -53.390730 -56.017748 -54.244795 -54.017951 -54.220238 -52.872198 -55.336739 -55.939705 
7.209317 17.170384 12.985860 12.521808 6.719246 2.521003 -2.356755 -4.330306 -12.795655 -21.109281 -24.522376 -27.738922 -31.304505 -35.093623 -33.616465 -35.954796 -38.063666 -37.921535 -29.701530 -33.525019 -33.682225 -34.417640 -32.857490 -25.735558 -34.615130 -47.130756 -54.372537 -51.614716 -47.218117 -40.589469 -43.073658 -48.361347 -50.868065 -53.829673 -53.048791 -51.737509 -53.344313 -53.334940 -54.912745 -54.038476 
5.504979 16.880870 12.721167 11.903510 7.255134 2.202116 -3.477126 -6.342735 -13.842682 -19.366048 -25.444004 -31.069487 -29.408179 -33.449100 -38.080024 -37.701538 -37.182321 -36.304977 -30.908279 -34.734706 -35.912150 -33.559210 -35.442900 -32.960895 -34.360958 -42.513074 -45.092078 -44.870698 -43.214341 -39.165556 -41.696404 -46.213281 -48.227077 -48.760464 -48.545388 -47.933629 -48.807012 -49.469370 -49.661730 -50.281544 
5.008108 16.793007 13.730252 11.736187 8.028183 2.099626 -1.687271 -5.630373 -13.367144 -18.566215 -25.486968 -27.037690 -27.041831 -30.445500 -31.333557 -31.468880 -33.355251 -33.546088 -28.286705 -31.834191 -34.149664 -34.342301 -29.586207 -27.277160 -34.595201 -38.556263 -39.773255 -39.871098 -39.749319 -36.849512 -40.563816 -42.370304 -43.023229 -43.373191 -43.724997 -43.834269 -44.470665 -44.395041 -44.872845 -44.909214 
3.615676 16.586754 14.243004 11.237111 8.141519 3.733217 -0.390014 -4.527039 -13.781688 -18.726861 -24.305077 -27.145717 -28.949913 -31.052499 -31.275223 -31.348381 -32.723919 -34.011479 -33.660626 -34.200815 -36.932985 -34.703763 -30.524495 -25.440784 -32.318880 -39.755629 -40.457189 -40.863475 -40.749998 -38.605927 -41.391662 -43.081840 -43.446486 -44.180362 -44.294996 -45.021467 -45.141867 -45.524191 -45.637969 -45.753410 
2.467263 16.775938 15.448610 8.668789 6.951903 0.309274 -3.073241 -12.687609 -17.576885 -21.375515 -33.671691 -36.537521 -34.443079 -36.627274 -37.252476 -36.400972 -35.441659 -36.373314 -30.297991 -31.758504 -32.943370 -31.998905 -34.067144 -24.706118 -28.698263 -37.412517 -44.011351 -45.787177 -43.606063 -44.736411 -42.104719 -47.150068 -48.706323 -51.398079 -50.606588 -52.206226 -52.409556 -50.111675 -51.580235 -51.271963 
1.691236 16.042894 15.296209 7.599451 6.533296 -0.070452 -4.114902 -18.537624 -27.000207 -24.283679 -27.579260 -37.108601 -35.241277 -36.686374 -38.663980 -39.197341 -39.271652 -39.075749 -30.628856 -29.289216 -33.917923 -37.545065 -35.813935 -26.770795 -26.683218 -37.088153 -40.664094 -45.454581 -38.632962 -37.768498 -41.606133 -48.426135 -48.546808 -53.009419 -49.879938 -51.331650 -52.016023 -52.877801 -54.071776 -54.414442 
0.866651 14.945816 14.421864 6.241348 0.148640 -5.957129 -8.546981 -16.754845 -23.330253 -25.699636 -27.493347 -33.304833 -36.294013 -40.757601 -38.820442 -40.071636 -39.017363 -39.420448 -36.511537 -30.490823 -35.621141 -37.202184 -36.151088 -27.995632 -29.918839 -43.096211 -46.150318 -46.794225 -44.185299 -40.430709 -41.847701 -47.841183 -49.282527 -51.538877 -51.804538 -49.480149 -52.132637 -52.119808 -52.387824 -53.160679 
-1.542036 10.979547 10.655749 -1.114063 -5.042624 -13.925228 -18.414202 -20.342004 -25.161029 -25.694710 -34.066410 -43.018771 -38.886900 -35.428710 -41.689361 -47.104033 -47.583264 -44.987102 -36.333169 -34.374125 -40.562912 -44.529855 -41.195446 -35.753119 -34.483893 -44.038070 -48.841628 -53.832046 -47.663447 -44.285257 -46.837671 -48.175261 -50.476826 -54.686116 -57.180108 -53.797661 -56.821993 -55.665149 -55.883711 -58.377063 
-8.567252 2.873641 4.505313 -2.497592 -11.616758 -14.248077 -20.634312 -19.213316 -17.796838 -21.014562 -24.412752 -25.504375 -29.621349 -31.526394 -34.704117 -38.383906 -40.113202 -42.137965 -39.630238 -36.652729 -34.856610 -39.392594 -38.639541 -42.331583 -42.237557 -40.186117 -44.066134 -49.335782 -45.901578 -43.581712 -46.413447 -49.807577 -50.731138 -51.221602 -52.300072 -52.491269 -52.859434 -52.855255 -53.052719 -52.556525 
-20.572619 -19.811983 -19.401239 -20.663704 -22.355377 -26.209646 -31.657042 -32.791580 -30.439690 -31.983451 -38.320033 -39.367614 -38.129367 -45.307610 -46.450248 -45.133978 -50.791994 -50.549321 -48.676601 -48.541314 -49.613677 -53.547156 -50.339523 -54.873794 -54.480646 -53.198741 -55.621734 -57.516541 -57.276724 -55.954942 -57.227815 -59.166419 -59.501740 -59.562031 -60.573094 -61.023352 -61.180768 -61.169231 -61.412889 -61.743077 
-64.045368 -59.690585 -59.407024 -65.442886 -74.037313 -71.306539 -76.601815 -79.682359 -77.540906 -76.909604 -75.727423 -77.942834 -80.821778 -84.034374 -79.703429 -78.255112 -79.443943 -84.537396 -81.133453 -81.679703 -80.978824 -85.525149 -81.385548 -85.512470 -85.859155 -85.086580 -87.964340 -90.905608 -90.985467 -92.932505 -88.142653 -89.459224 -94.026495 -95.694632 -94.843619 -93.891391 -93.416545 -92.630068 -90.919450 -93.300283 
NaN NaN NaN NaN NaN NaN NaN NaN NaN NaN NaN NaN NaN NaN NaN NaN NaN NaN NaN NaN NaN NaN NaN NaN NaN NaN NaN NaN NaN NaN NaN NaN NaN NaN NaN NaN NaN NaN NaN NaN 
NaN NaN NaN NaN NaN NaN NaN NaN NaN NaN NaN NaN NaN NaN NaN NaN NaN NaN NaN NaN NaN NaN NaN NaN NaN NaN NaN NaN NaN NaN NaN NaN NaN NaN NaN NaN NaN NaN NaN NaN 
NaN NaN NaN NaN NaN NaN NaN NaN NaN NaN NaN NaN NaN NaN NaN NaN NaN NaN NaN NaN NaN NaN NaN NaN NaN NaN NaN NaN NaN NaN NaN NaN NaN NaN NaN NaN NaN NaN NaN NaN 
NaN NaN NaN NaN NaN NaN NaN NaN NaN NaN NaN NaN NaN NaN NaN NaN NaN NaN NaN NaN NaN NaN NaN NaN NaN NaN NaN NaN NaN NaN NaN NaN NaN NaN NaN NaN NaN NaN NaN NaN 
NaN NaN NaN NaN NaN NaN NaN NaN NaN NaN NaN NaN NaN NaN NaN NaN NaN NaN NaN NaN NaN NaN NaN NaN NaN NaN NaN NaN NaN NaN NaN NaN NaN NaN NaN NaN NaN NaN NaN NaN 
NaN NaN NaN NaN NaN NaN NaN NaN NaN NaN NaN NaN NaN NaN NaN NaN NaN NaN NaN NaN NaN NaN NaN NaN NaN NaN NaN NaN NaN NaN NaN NaN NaN NaN NaN NaN NaN NaN NaN NaN 
NaN NaN NaN NaN NaN NaN NaN NaN NaN NaN NaN NaN NaN NaN NaN NaN NaN NaN NaN NaN NaN NaN NaN NaN NaN NaN NaN NaN NaN NaN NaN NaN NaN NaN NaN NaN NaN NaN NaN NaN 
NaN NaN NaN NaN NaN NaN NaN NaN NaN NaN NaN NaN NaN NaN NaN NaN NaN NaN NaN NaN NaN NaN NaN NaN NaN NaN NaN NaN NaN NaN NaN NaN NaN NaN NaN NaN NaN NaN NaN NaN 
NaN NaN NaN NaN NaN NaN NaN NaN NaN NaN NaN NaN NaN NaN NaN NaN NaN NaN NaN NaN NaN NaN NaN NaN NaN NaN NaN NaN NaN NaN NaN NaN NaN NaN NaN NaN NaN NaN NaN NaN 
NaN NaN NaN NaN NaN NaN NaN NaN NaN NaN NaN NaN NaN NaN NaN NaN NaN NaN NaN NaN NaN NaN NaN NaN NaN NaN NaN NaN NaN NaN NaN NaN NaN NaN NaN NaN NaN NaN NaN NaN 
NaN NaN NaN NaN NaN NaN NaN NaN NaN NaN NaN NaN NaN NaN NaN NaN NaN NaN NaN NaN NaN NaN NaN NaN NaN NaN NaN NaN NaN NaN NaN NaN NaN NaN NaN NaN NaN NaN NaN NaN 
NaN NaN NaN NaN NaN NaN NaN NaN NaN NaN NaN NaN NaN NaN NaN NaN NaN NaN NaN NaN NaN NaN NaN NaN NaN NaN NaN NaN NaN NaN NaN NaN NaN NaN NaN NaN NaN NaN NaN NaN 
NaN NaN NaN NaN NaN NaN NaN NaN NaN NaN NaN NaN NaN NaN NaN NaN NaN NaN NaN NaN NaN NaN NaN NaN NaN NaN NaN NaN NaN NaN NaN NaN NaN NaN NaN NaN NaN NaN NaN NaN 
NaN NaN NaN NaN NaN NaN NaN NaN NaN NaN NaN NaN NaN NaN NaN NaN NaN NaN NaN NaN NaN NaN NaN NaN NaN NaN NaN NaN NaN NaN NaN NaN NaN NaN NaN NaN NaN NaN NaN NaN 
NaN NaN NaN NaN NaN NaN NaN NaN NaN NaN NaN NaN NaN NaN NaN NaN NaN NaN NaN NaN NaN NaN NaN NaN NaN NaN NaN NaN NaN NaN NaN NaN NaN NaN NaN NaN NaN NaN NaN NaN 
NaN NaN NaN NaN NaN NaN NaN NaN NaN NaN NaN NaN NaN NaN NaN NaN NaN NaN NaN NaN NaN NaN NaN NaN NaN NaN NaN NaN NaN NaN NaN NaN NaN NaN NaN NaN NaN NaN NaN NaN 
NaN NaN NaN NaN NaN NaN NaN NaN NaN NaN NaN NaN NaN NaN NaN NaN NaN NaN NaN NaN NaN NaN NaN NaN NaN NaN NaN NaN NaN NaN NaN NaN NaN NaN NaN NaN NaN NaN NaN NaN 
NaN NaN NaN NaN NaN NaN NaN NaN NaN NaN NaN NaN NaN NaN NaN NaN NaN NaN NaN NaN NaN NaN NaN NaN NaN NaN NaN NaN NaN NaN NaN NaN NaN NaN NaN NaN NaN NaN NaN NaN 
NaN NaN NaN NaN NaN NaN NaN NaN NaN NaN NaN NaN NaN NaN NaN NaN NaN NaN NaN NaN NaN NaN NaN NaN NaN NaN NaN NaN NaN NaN NaN NaN NaN NaN NaN NaN NaN NaN NaN NaN 
NaN NaN NaN NaN NaN NaN NaN NaN NaN NaN NaN NaN NaN NaN NaN NaN NaN NaN NaN NaN NaN NaN NaN NaN NaN NaN NaN NaN NaN NaN NaN NaN NaN NaN NaN NaN NaN NaN NaN NaN 
NaN NaN NaN NaN NaN NaN NaN NaN NaN NaN NaN NaN NaN NaN NaN NaN NaN NaN NaN NaN NaN NaN NaN NaN NaN NaN NaN NaN NaN NaN NaN NaN NaN NaN NaN NaN NaN NaN NaN NaN 
