NaN NaN NaN NaN NaN NaN NaN NaN NaN NaN NaN NaN NaN NaN NaN NaN NaN NaN NaN NaN NaN NaN NaN NaN NaN NaN NaN NaN NaN NaN NaN NaN NaN NaN NaN NaN NaN NaN NaN NaN 
NaN NaN NaN NaN NaN NaN NaN NaN NaN NaN NaN NaN NaN NaN NaN NaN NaN NaN NaN NaN NaN NaN NaN NaN NaN NaN NaN NaN NaN NaN NaN NaN NaN NaN NaN NaN NaN NaN NaN NaN 
NaN NaN NaN NaN NaN NaN NaN NaN NaN NaN NaN NaN NaN NaN NaN NaN NaN NaN NaN NaN NaN NaN NaN NaN NaN NaN NaN NaN NaN NaN NaN NaN NaN NaN NaN NaN NaN NaN NaN NaN 
NaN NaN NaN NaN NaN NaN NaN NaN NaN NaN NaN NaN NaN NaN NaN NaN NaN NaN NaN NaN NaN NaN NaN NaN NaN NaN NaN NaN NaN NaN NaN NaN NaN NaN NaN NaN NaN NaN NaN NaN 
NaN NaN NaN NaN NaN NaN NaN NaN NaN NaN NaN NaN NaN NaN NaN NaN NaN NaN NaN NaN NaN NaN NaN NaN NaN NaN NaN NaN NaN NaN NaN NaN NaN NaN NaN NaN NaN NaN NaN NaN 
NaN NaN NaN NaN NaN NaN NaN NaN NaN NaN NaN NaN NaN NaN NaN NaN NaN NaN NaN NaN NaN NaN NaN NaN NaN NaN NaN NaN NaN NaN NaN NaN NaN NaN NaN NaN NaN NaN NaN NaN 
NaN NaN NaN NaN NaN NaN NaN NaN NaN NaN NaN NaN NaN NaN NaN NaN NaN NaN NaN NaN NaN NaN NaN NaN NaN NaN NaN NaN NaN NaN NaN NaN NaN NaN NaN NaN NaN NaN NaN NaN 
-68.797791 -66.890046 -71.977662 -72.922781 -68.197901 -73.003515 -73.802581 -71.378219 -78.432632 -74.042399 -79.329317 -77.566507 -80.089183 -80.663306 -80.974602 -82.099300 -82.077854 -83.061063 -83.557455 -84.105065 -84.866591 -84.884699 -84.557621 -84.305301 -83.641272 -84.245757 -86.179025 -87.224530 -87.227803 -89.232634 -93.192554 -93.075266 -89.663261 -90.863876 -94.013081 -92.447668 -90.095109 -90.023094 -91.388133 -92.425680 
-17.764544 -11.092035 -8.014522 -8.766801 -14.497785 -24.854594 -26.401061 -32.978005 -35.076988 -38.493283 -37.748180 -39.045270 -39.827597 -40.856462 -41.010555 -42.824757 -43.517287 -43.717028 -44.672613 -46.145230 -46.061022 -47.233027 -47.822535 -48.772206 -49.480275 -49.331667 -50.183449 -50.753557 -51.439675 -51.876607 -52.195189 -52.677447 -53.129085 -53.605290 -53.962861 -54.448970 -54.607595 -54.832697 -54.979721 -55.256371 
-6.309317 5.341130 8.851341 7.381722 0.447392 -4.423839 -9.665712 -13.341139 -22.533659 -32.043456 -30.839344 -31.013217 -33.722883 -33.904140 -33.727393 -30.365126 -35.396805 -37.848045 -38.531657 -38.531672 -39.764444 -40.665174 -40.846031 -39.812318 -41.880233 -43.077350 -43.805774 -44.338550 -45.075791 -45.073964 -44.982834 -45.530706 -46.443710 -47.336285 -47.732694 -48.062435 -48.310184 -48.668179 -48.654473 -48.871286 
-1.700634 9.598563 9.005170 12.671186 7.871026 -1.962286 -5.934149 -10.484931 -20.164616 -25.805368 -27.282142 -28.358083 -31.561930 -32.230227 -28.713931 -30.100619 -33.533778 -35.784784 -38.602128 -39.053344 -39.543026 -38.890518 -34.796687 -33.384589 -37.521801 -42.926203 -44.915369 -44.952195 -45.068324 -44.255037 -44.053545 -43.975909 -46.674256 -47.838889 -48.327013 -48.563445 -49.130964 -49.444418 -49.280192 -49.060839 
-2.908175 11.297795 10.177303 14.208630 12.771302 -0.100000 -3.971223 -9.984944 -18.158410 -22.129965 -25.591738 -26.662638 -30.118405 -28.949385 -28.744944 -32.219000 -35.284069 -34.212100 -35.137784 -36.859349 -38.034374 -37.008200 -36.046429 -30.211944 -32.765187 -41.460479 -41.782799 -42.816573 -42.422836 -42.183180 -41.692685 -43.546152 -44.524131 -45.443275 -45.888634 -46.345412 -46.299414 -46.512929 -46.704959 -46.753825 
-1.910635 12.624249 12.484707 15.790405 16.067821 2.650915 -2.151858 -7.703905 -15.403680 -22.948131 -20.546987 -24.159350 -27.474273 -26.610820 -31.402032 -32.742796 -35.360103 -33.703588 -36.203472 -38.006688 -36.750858 -37.903820 -34.663502 -27.354794 -26.432928 -37.320249 -42.872689 -44.317117 -44.487039 -42.608471 -39.509663 -39.523683 -43.590944 -48.233684 -48.484445 -48.710064 -48.690926 -48.766945 -48.382829 -48.905146 
-2.566879 14.017260 15.131049 15.801493 18.636082 5.908586 1.339320 -7.324504 -12.316148 -18.005810 -19.241866 -22.594110 -23.998755 -19.600852 -31.839467 -37.941011 -34.533556 -36.385063 -36.294603 -34.499370 -36.201430 -33.366028 -23.414538 -23.362525 -22.621782 -36.190135 -42.173180 -42.209900 -43.805710 -43.039428 -37.868382 -35.743426 -39.909250 -49.428269 -48.191171 -49.329903 -51.459380 -48.584774 -51.449192 -55.447225 
-2.821139 14.792844 17.856223 14.123127 19.508007 9.571291 2.413254 -4.667112 -10.530532 -16.496430 -18.592645 -21.068099 -13.986552 -14.067519 -22.747283 -26.540137 -28.212455 -28.000234 -28.686797 -30.059611 -30.062072 -29.784049 -26.653086 -26.854744 -23.138982 -33.526797 -34.481144 -35.440970 -37.043548 -36.123674 -35.218823 -33.228004 -34.921108 -39.444533 -39.967808 -40.156495 -40.519544 -40.938846 -40.960339 -41.051018 
-3.994404 14.939072 19.672340 10.660139 18.254874 12.655584 1.285545 -4.112241 -10.393873 -16.952764 -17.190305 -15.037255 -15.052109 -13.794938 -19.835459 -23.442070 -24.574811 -24.792266 -25.750653 -26.962830 -27.335448 -27.547284 -24.489738 -22.975503 -22.184760 -28.714945 -30.277331 -31.960875 -32.453972 -32.294203 -29.922248 -28.958292 -32.583839 -34.838177 -35.411065 -35.709383 -35.580116 -36.216916 -36.507985 -36.620378 
-8.471488 14.218366 21.300071 12.551366 14.790682 14.799620 1.113586 -0.645751 -10.487158 -11.641472 -11.325649 -12.244868 -14.041743 -18.477374 -21.369783 -29.518098 -29.236692 -30.857053 -32.129165 -32.201732 -30.772934 -29.441261 -26.215484 -27.614957 -24.086208 -27.230184 -32.767563 -34.410648 -32.251605 -32.443549 -28.850863 -25.296859 -29.665114 -39.917289 -42.145385 -42.441113 -41.926225 -41.177312 -41.102381 -42.792044 
-13.278672 12.557938 22.444371 16.782513 11.172848 15.789855 3.502534 -2.905809 -8.711776 -6.857942 -8.177684 -4.404025 -12.842523 -16.093678 -18.632695 -26.166656 -27.676346 -27.559802 -27.060863 -28.497691 -29.240882 -30.871429 -27.716755 -24.402263 -21.695649 -22.247304 -29.141971 -33.279164 -35.330341 -31.847307 -28.651180 -25.421522 -27.972441 -41.489132 -43.382098 -43.253170 -42.076779 -41.247483 -41.684634 -43.510528 
-19.434041 9.659411 22.777684 20.149533 5.120273 13.430415 8.846264 -4.377192 -11.485677 -8.983235 -1.826554 -0.242200 -2.682388 -21.658255 -20.426987 -24.412878 -20.916061 -23.992828 -26.756243 -23.648333 -23.326473 -24.265551 -24.563726 -23.096750 -20.085383 -19.640602 -25.696478 -29.409680 -31.397608 -29.816996 -31.883284 -25.937608 -30.027730 -38.023306 -40.828356 -40.097617 -40.261053 -38.681471 -37.839363 -40.901086 
-12.131149 5.414733 20.910105 22.634159 9.282173 13.239152 18.042460 5.170008 -1.199970 -0.604660 1.389246 -1.735967 4.167792 -1.454324 -11.089242 -14.925843 -15.991305 -16.192656 -19.940085 -19.549409 -21.655316 -23.362551 -19.850461 -19.669848 -18.829003 -22.137064 -24.727885 -25.172089 -25.066711 -25.629152 -26.261675 -23.279616 -27.069004 -30.257893 -30.996464 -29.209095 -30.333116 -30.819854 -31.922624 -31.803739 
-12.247427 -7.985634 15.617237 21.210773 8.458320 15.417106 24.068396 14.279988 6.027366 6.367361 2.512919 7.930940 5.452410 8.045603 -4.408554 -12.171558 -14.379647 -16.281048 -18.263999 -19.388240 -23.997718 -24.138342 -20.300758 -22.637248 -20.756417 -16.859014 -21.555906 -20.723732 -20.104660 -24.949605 -25.145967 -24.317689 -29.310990 -32.406602 -31.963007 -26.007659 -27.201626 -26.962541 -30.190637 -29.744354 
-20.810217 -11.069821 11.332007 20.549686 12.697409 10.976975 24.547321 19.679265 1.731608 9.315531 -0.128005 9.554057 7.804235 9.896254 3.752682 -16.446023 -20.834963 -20.928459 -18.783958 -20.125836 -20.506934 -25.691947 -24.091272 -26.068538 -23.818265 -19.929049 -21.671808 -21.114208 -19.679266 -22.997477 -23.087571 -24.091320 -28.421891 -35.428082 -34.660064 -25.731096 -28.245091 -28.331074 -28.880397 -28.471417 
-12.013350 -13.248090 3.933474 19.825786 14.905438 2.358492 20.953989 22.296249 -1.351774 8.528464 3.529263 6.322453 12.115656 4.333287 6.614900 -10.931755 -14.996166 -17.217556 -19.199953 -17.718969 -21.596119 -20.847048 -19.334188 -22.399080 -23.182617 -18.811264 -19.592663 -19.188775 -18.642585 -22.044305 -23.113952 -27.605983 -30.766762 -32.446954 -30.753369 -25.035415 -26.477122 -27.214088 -31.276876 -32.861178 
-21.361440 -18.458304 2.341051 20.328492 17.890095 -2.544949 16.548186 22.876628 4.077903 3.283516 7.736160 2.889789 14.650952 3.691777 0.928118 -9.945983 -11.916571 -17.550481 -16.853149 -16.630172 -20.084978 -20.324823 -16.105918 -20.698925 -24.238872 -16.716608 -17.379836 -22.494287 -16.377675 -21.984387 -22.363907 -24.341013 -27.733679 -30.029533 -30.127338 -26.939299 -27.978830 -26.877431 -30.090196 -30.150033 
-15.869236 -17.200341 0.037808 20.609355 20.000093 -1.038672 11.146338 22.896425 10.105642 -3.315900 8.886695 -1.803377 12.858614 7.002496 -8.706268 -10.023597 -16.523427 -18.577344 -15.828302 -20.620497 -23.050529 -20.669959 -18.409422 -24.083349 -27.839948 -22.065481 -23.465067 -28.522653 -20.485963 -21.725912 -26.443299 -27.830081 -32.358640 -34.089276 -31.101351 -26.309651 -30.509607 -26.380997 -31.095759 -32.544718 
-12.658110 -17.282671 -7.772715 20.010970 21.218217 2.693091 7.110365 21.932980 12.154028 -4.568600 9.717225 -0.815421 10.404511 10.159470 -11.748636 -14.719706 -20.614368 -18.463787 -16.889527 -20.760625 -23.511368 -22.159916 -23.115740 -25.326828 -27.455448 -23.442287 -23.548294 -27.009394 -26.165845 -23.567004 -22.643085 -25.472780 -32.213011 -35.229955 -31.951023 -27.474837 -30.672560 -29.660783 -30.433176 -30.210512 
-14.607215 -18.140255 -9.296954 19.564907 22.151598 4.698428 1.260911 19.850760 13.395644 -13.037951 8.327038 1.230720 6.740507 10.910492 -14.341158 -16.569587 -26.485392 -24.549547 -22.124696 -20.615526 -23.605111 -23.484067 -23.911536 -28.713349 -26.782915 -23.570959 -25.292331 -31.045027 -25.618679 -23.865436 -26.371796 -26.545027 -30.718505 -39.959928 -33.474594 -30.524499 -31.256791 -30.048956 -31.311112 -33.582494 
-21.147015 -19.293871 -12.335936 19.311900 22.701201 5.592957 -6.800865 17.619908 13.366836 -13.840578 7.647687 3.087976 1.690221 9.391185 -13.264973 -17.100743 -26.815954 -20.174430 -23.094497 -20.845429 -21.468949 -26.015413 -25.009651 -28.775797 -34.519372 -23.171110 -24.252637 -29.583486 -25.984988 -22.322297 -22.780015 -29.261842 -33.966896 -38.592508 -35.673864 -29.597519 -29.485245 -29.262831 -32.697503 -32.700847 
-15.132486 -13.572293 -15.436676 19.311998 22.526504 5.887846 -4.433682 17.242289 12.371048 -12.504283 8.346179 2.015772 -1.234377 7.948641 -13.319256 -14.127290 -21.860759 -17.540847 -21.412646 -19.633292 -22.148683 -25.714753 -25.405404 -25.629597 -31.242699 -22.997911 -26.479175 -30.219889 -28.794098 -22.479747 -27.106085 -30.691495 -32.941657 -36.816303 -35.192787 -31.439335 -30.201238 -29.157807 -33.118316 -33.714687 
-15.498076 -18.170758 -9.255064 19.964099 22.332167 4.204248 -1.042984 18.047042 10.930935 -11.036038 8.030325 -1.553817 2.688981 7.145110 -12.712729 -10.307518 -20.333031 -17.093275 -21.141376 -22.843382 -25.126675 -24.380093 -22.178643 -22.755866 -27.488175 -23.689604 -26.769667 -29.435476 -31.930409 -25.629389 -24.131753 -24.680735 -31.711873 -40.914696 -35.443488 -27.690276 -29.226744 -31.031290 -34.385354 -36.828215 
-16.909846 -20.929691 -2.714058 20.837375 21.741485 1.780125 4.686582 19.148193 8.694655 -3.315711 8.464471 -5.913306 5.857649 4.080319 -13.340813 -12.112481 -20.171804 -19.645026 -17.945393 -21.296590 -22.686479 -24.656848 -22.788800 -23.616244 -25.776092 -21.896865 -22.286377 -27.444560 -29.931795 -22.556672 -20.689427 -23.260084 -29.255941 -38.485769 -35.086438 -27.948261 -27.545357 -26.678469 -29.860603 -35.259048 
-17.695402 -16.503683 0.546372 21.357456 20.597407 0.461470 10.007352 19.961167 5.481673 1.321885 8.625601 -6.355388 8.218896 1.964863 -13.790247 -16.999638 -22.613968 -24.076970 -19.394841 -20.580818 -23.515983 -26.346340 -21.761775 -25.418521 -27.779702 -23.314966 -26.342958 -26.073140 -29.127438 -23.382195 -21.842415 -24.329918 -33.464229 -38.182213 -33.858703 -29.976097 -30.627217 -29.581257 -29.491462 -33.546826 
-20.620113 -21.065077 5.100689 21.252639 17.810676 -2.624474 15.387209 19.761523 -0.269417 4.785197 5.002571 -1.592009 9.611982 -3.611673 -13.572239 -22.850899 -17.820068 -26.320156 -24.013976 -17.869708 -25.216862 -26.107401 -22.441675 -27.060215 -29.726926 -24.950694 -30.615238 -29.557914 -29.848670 -24.377428 -23.552673 -26.447309 -34.630113 -42.965266 -38.381169 -31.509728 -32.553141 -31.314277 -33.328297 -36.333489 
-31.318477 -20.976266 8.503789 20.833500 14.599608 -0.356783 18.246394 17.794968 -5.671191 5.924562 -0.896615 2.500330 8.655390 -4.676451 -3.488308 -16.655927 -18.274031 -22.221223 -23.753178 -20.897109 -24.748489 -24.513420 -22.728323 -29.041760 -29.509788 -26.794090 -26.643796 -32.974485 -29.539425 -26.461895 -24.842501 -28.331059 -34.008781 -42.084758 -36.846641 -28.016282 -29.735419 -31.819507 -33.714418 -38.706997 
-26.813858 -18.273882 10.325655 20.484924 12.524152 3.187173 19.904421 16.646600 -4.823680 6.838525 -4.432430 6.120622 5.149304 3.200224 2.707337 -16.991113 -25.786819 -21.756322 -21.785617 -23.010318 -23.158031 -24.825205 -21.843087 -23.129616 -24.575769 -21.271681 -24.952838 -30.934020 -25.068048 -24.209031 -28.178106 -31.317190 -36.116218 -40.278238 -35.102051 -27.761116 -30.795904 -30.231880 -33.252605 -36.889476 
-27.810928 -10.615704 12.809106 19.422889 8.184197 11.001613 22.550047 14.627102 2.325663 6.104507 -1.478698 8.030224 1.892598 8.384128 -1.117692 -14.479785 -19.453231 -20.265650 -18.972072 -20.070026 -23.341355 -23.554378 -19.734856 -21.882865 -24.726904 -18.386006 -28.366950 -29.681421 -24.743251 -22.399286 -22.679791 -24.285009 -31.909864 -41.332717 -36.623537 -26.378750 -27.250487 -28.397353 -31.407999 -37.314782 
-19.214328 -4.274622 15.421433 17.930387 2.543552 17.907110 22.844703 9.284026 6.539714 -1.174225 3.736879 3.866742 6.335734 5.137062 -4.918746 -14.281162 -18.857798 -18.753187 -17.617430 -19.920907 -21.324322 -20.421656 -21.300019 -23.697722 -25.448204 -18.808565 -27.812444 -30.433338 -28.062383 -25.602362 -25.159132 -26.628846 -36.640639 -42.620267 -34.005792 -22.633626 -27.789581 -31.094788 -32.964190 -37.510389 
-18.813655 1.660537 17.547982 17.697391 4.928388 20.417636 18.895192 4.256129 6.794491 -3.648476 3.981086 0.324288 8.127460 0.048762 -2.975832 -14.471307 -19.702890 -22.476707 -20.042342 -20.053236 -24.157886 -24.723641 -23.768764 -26.076445 -23.190395 -23.504985 -27.793171 -27.534420 -27.462365 -26.825251 -27.168622 -29.947090 -32.880226 -44.104638 -38.404755 -29.770396 -31.035900 -33.102889 -37.271340 -38.005061 
-22.816751 5.638220 18.742482 16.479309 9.400207 20.552787 12.936157 6.823795 5.098215 2.077503 2.183200 4.961003 4.669865 3.235193 -3.599259 -14.412095 -22.975173 -20.610842 -22.084905 -20.257333 -22.750600 -25.673360 -21.338030 -22.876975 -20.469719 -18.759012 -28.352915 -31.634301 -28.336254 -25.068379 -25.831499 -28.038512 -34.428856 -46.495927 -41.160688 -35.250010 -33.468517 -32.705232 -32.939665 -39.393983 
-15.909073 8.363888 18.389578 13.074852 16.162040 20.433529 9.246505 11.062019 3.255383 5.153152 0.985871 5.164740 2.836483 0.926129 -8.634987 -19.052398 -20.354612 -18.997109 -20.991425 -21.523821 -20.866522 -20.873645 -18.565150 -19.131000 -19.342952 -16.777063 -27.535762 -28.468111 -27.812950 -23.702826 -21.848441 -26.932158 -32.098310 -33.887407 -32.352579 -28.887893 -31.007972 -31.066689 -31.859474 -32.975780 
-11.236847 10.230391 17.471184 9.939126 20.658287 20.198325 10.176779 11.801104 1.641322 0.619194 -1.088075 -2.540184 2.665852 -3.191180 -11.430113 -19.484505 -22.909735 -25.298792 -24.832263 -25.681855 -28.659961 -25.925238 -24.497657 -26.787734 -25.955266 -22.466040 -27.649226 -29.967660 -25.947171 -23.401378 -22.745007 -27.599742 -32.101283 -40.374882 -35.433211 -31.374274 -33.365430 -36.118723 -36.421976 -37.138965 
-6.834472 11.781861 16.848524 12.395391 22.688362 18.705923 12.956272 9.098429 2.668758 -2.437230 -4.321492 -1.462444 -2.056681 -5.257882 -12.592239 -18.033060 -21.905602 -23.794214 -26.709758 -24.610418 -25.515724 -23.408652 -20.383515 -21.979192 -21.060577 -20.607990 -28.293023 -31.935281 -31.439544 -27.691660 -27.018239 -30.673158 -32.654132 -36.746257 -35.674832 -30.252669 -33.842413 -33.674569 -37.295739 -37.750169 
-4.392105 12.269873 14.981658 13.758744 22.542785 15.685500 14.208322 7.459691 2.097328 -6.056777 -7.069801 -0.218629 0.592757 -4.414219 -11.567409 -20.663479 -21.723920 -22.437895 -26.197813 -26.466109 -29.861280 -25.810312 -20.750322 -23.155300 -20.790142 -20.303362 -27.379230 -34.484919 -33.832853 -29.945088 -31.043205 -31.822495 -35.456606 -44.971588 -39.742417 -31.362157 -36.004376 -35.241725 -39.143609 -40.124649 
-4.680131 12.674894 14.312477 15.429476 21.513170 13.935919 14.861512 5.572970 -0.300725 -5.031586 -5.388570 -3.050924 2.125945 -7.092755 -16.322484 -22.273658 -26.147001 -24.568802 -27.804697 -32.655573 -28.603818 -24.423563 -24.698144 -31.187642 -30.422045 -28.015289 -31.429179 -32.034800 -31.638424 -23.969245 -22.952086 -28.610649 -39.255550 -46.708674 -38.106146 -34.131195 -36.772866 -36.368431 -34.950757 -39.138285 
-2.994656 12.889081 13.513905 16.648415 20.937190 13.692547 14.056578 4.661850 0.259286 -3.753806 -2.036792 -0.240940 0.776545 -7.898959 -17.274139 -24.131239 -23.579395 -28.882463 -26.463372 -31.554728 -31.559704 -26.543267 -23.851571 -26.998034 -24.570354 -21.758200 -31.131819 -33.285833 -33.900660 -33.255928 -30.136850 -33.597273 -40.923196 -46.612949 -40.293375 -32.760158 -38.466367 -38.689849 -39.241882 -40.709364 
-1.802582 11.783802 12.665093 17.723443 19.809192 12.794543 11.765934 5.104206 -0.966161 -6.057308 -1.565669 -1.493535 -1.351454 -9.150634 -20.513486 -25.982552 -27.290187 -23.586959 -25.585073 -27.586606 -27.904355 -26.007447 -24.774576 -24.923707 -23.379754 -24.452985 -33.703209 -34.939394 -34.856310 -32.497406 -31.007573 -29.457756 -35.635966 -43.894598 -39.281225 -32.864913 -37.454732 -35.470405 -36.073900 -39.168380 
1.374567 5.782035 4.630226 17.044093 18.441773 8.758950 4.044377 4.537781 0.226586 -8.754826 -9.214122 -6.170264 -6.950881 -12.718762 -21.425118 -24.842706 -30.236675 -28.138398 -30.783957 -30.500646 -32.627632 -31.094258 -29.922041 -28.246098 -28.983664 -27.263405 -36.329474 -37.520243 -37.512909 -31.895726 -32.178607 -34.935268 -38.310750 -44.367551 -41.590383 -37.005752 -39.745427 -38.970177 -37.562857 -39.362449 
0.621091 12.618960 10.769718 17.775433 19.155662 12.605530 7.692966 5.793256 -2.456298 -8.526689 -7.487141 -4.054238 -7.775236 -12.322641 -16.191626 -27.268686 -27.529768 -27.396021 -27.043170 -26.433263 -29.946216 -33.453861 -30.954719 -30.730221 -28.254063 -25.641443 -34.451595 -37.373452 -35.866114 -30.876341 -31.688894 -31.351084 -37.165047 -47.765036 -42.772742 -36.442126 -38.875729 -38.921729 -38.823442 -39.483542 
-0.458244 12.930595 11.025465 17.951093 16.619340 9.523830 7.508989 6.092664 -2.973311 -8.049962 -4.082234 -3.487763 -6.943965 -11.972180 -16.546419 -23.973249 -23.339868 -22.907601 -22.247315 -24.676718 -27.738409 -27.816310 -26.121823 -27.230604 -24.581864 -22.243968 -28.020060 -30.561530 -31.783522 -31.215910 -33.231951 -31.990114 -33.643400 -35.923742 -36.171762 -33.649427 -34.420854 -32.852726 -35.234231 -36.856411 
0.279891 12.647683 11.576944 17.995401 15.159140 8.774223 6.183791 5.844972 -7.145157 -9.409529 -6.977676 -5.253751 -5.993660 -14.435782 -21.321097 -26.638541 -24.856146 -25.605192 -26.159213 -26.092299 -29.595838 -34.451614 -28.289925 -27.844974 -26.818930 -23.206193 -30.748639 -34.544428 -34.729549 -31.725905 -35.998397 -32.608226 -37.232353 -43.035511 -42.401696 -35.777050 -39.305798 -38.092692 -38.564234 -41.275859 
0.176691 12.412709 11.588949 17.962190 14.894034 9.384238 6.434221 5.846775 -7.425330 -8.676245 -6.769516 -6.363470 -7.663499 -12.852974 -17.066519 -21.958905 -26.066431 -26.275105 -26.542199 -28.509292 -33.451737 -33.166915 -26.461997 -26.612168 -26.895978 -24.798480 -30.219038 -35.614498 -31.369219 -26.386487 -26.474210 -32.558794 -42.894290 -46.891871 -45.550335 -41.759474 -44.481728 -43.194411 -41.402393 -45.518099 
-0.233862 12.210890 11.785234 17.970698 15.001678 9.127515 5.689355 4.820216 -8.836705 -12.098645 -8.458499 -6.648206 -6.928858 -8.620354 -15.733727 -19.652534 -18.831610 -19.867303 -21.713389 -23.860725 -28.206721 -29.990555 -28.334199 -23.700288 -19.109379 -21.743817 -28.494991 -37.563837 -32.867287 -30.690394 -30.693667 -33.678053 -41.393498 -43.725253 -42.582095 -37.138516 -39.230579 -41.128414 -41.415582 -38.356019 
0.740052 12.141966 12.185442 17.871929 13.913635 8.369580 5.027660 4.306706 -7.925299 -10.062990 -9.255785 -7.447640 -11.505274 -11.866354 -17.515913 -26.088479 -23.441357 -28.711128 -28.419783 -26.416439 -27.677852 -28.682569 -25.805362 -24.114928 -19.906574 -19.726660 -26.143434 -30.447495 -34.095412 -31.675390 -31.217144 -32.555569 -38.494295 -48.313448 -49.823554 -42.297935 -39.638471 -36.750905 -39.617044 -43.606314 
1.633091 11.164839 11.828393 17.241110 12.689478 6.159955 3.250368 0.441581 -19.724645 -16.661862 -17.555803 -11.079847 -14.731431 -20.227306 -19.478588 -23.598597 -22.770501 -24.946774 -27.777525 -29.512213 -31.275455 -30.491556 -24.259865 -19.961256 -15.507295 -21.061963 -30.125696 -35.413412 -36.487564 -30.590108 -33.096299 -33.827336 -36.383206 -39.920124 -40.322194 -40.618526 -40.327325 -40.435560 -40.387073 -41.149477 
3.824748 10.561048 8.422512 6.661914 13.323809 8.468056 2.769397 -1.408646 -15.536811 -15.652487 -16.553680 -11.834952 -19.370887 -26.456654 -27.889662 -22.056354 -22.623259 -26.460299 -27.165157 -28.468757 -29.134071 -31.678056 -28.532464 -28.355801 -24.003953 -27.547671 -33.527488 -36.011336 -36.465078 -35.550450 -34.611408 -35.664426 -37.359321 -39.530536 -39.961769 -40.176292 -40.572841 -40.868290 -40.714696 -41.227134 
2.589257 13.291737 13.654076 18.178111 15.150096 4.951937 1.163474 -1.630840 -26.208580 -16.213853 -11.977247 -11.934111 -17.228227 -25.949943 -35.710597 -32.208558 -28.505015 -27.795445 -28.535557 -30.311786 -34.439359 -35.012909 -28.728340 -26.048609 -23.677191 -27.364966 -38.879081 -44.571927 -47.331838 -37.939448 -37.131684 -41.504517 -44.860772 -49.731120 -49.935061 -49.993029 -50.040982 -48.485820 -52.864017 -53.115862 
1.079191 13.473215 12.822673 19.014245 16.679309 4.688951 -0.250008 -1.507469 -15.683949 -17.388834 -12.316879 -8.155201 -18.314309 -25.356093 -30.229446 -28.217553 -25.653958 -26.947356 -26.797161 -30.627303 -31.700560 -30.351791 -21.360612 -20.824723 -21.375511 -28.684023 -33.961198 -36.767195 -37.937109 -37.735808 -38.274837 -38.458194 -40.220546 -42.130220 -42.447590 -42.846803 -43.182361 -43.198396 -43.731690 -43.657703 
0.338795 12.882038 12.699114 19.010002 16.748405 4.495679 -0.814890 -2.357379 -14.311796 -17.781263 -15.509512 -9.436629 -19.351154 -29.612926 -32.211705 -29.402732 -28.467806 -28.577888 -29.100999 -32.963771 -35.133409 -33.322169 -22.890255 -21.664992 -21.898288 -31.737313 -42.036367 -43.150450 -46.376183 -41.950603 -35.836984 -44.912933 -45.616601 -47.860119 -49.317354 -50.313795 -49.436813 -52.952891 -54.285897 -52.177303 
0.351962 12.783043 12.562345 18.989069 16.931945 5.214285 0.437098 -1.646892 -11.809726 -17.784233 -13.172878 -9.833471 -19.512935 -28.134520 -29.157856 -29.943240 -28.938295 -29.421707 -31.553599 -31.662259 -33.065552 -31.643070 -26.607242 -29.962877 -29.584874 -34.281422 -36.894076 -37.783415 -37.937749 -37.508700 -35.703640 -37.673450 -38.916363 -42.014333 -42.332169 -42.832930 -43.006793 -42.689832 -43.013901 -43.473080 
-1.232252 12.610598 12.012489 18.628562 17.841002 5.656466 0.553166 -1.527404 -10.954498 -16.538898 -13.418059 -9.413737 -17.844846 -28.911747 -32.975895 -30.820639 -28.669450 -26.925029 -29.052334 -30.930737 -32.423456 -33.988149 -26.491657 -26.739911 -25.661775 -34.347042 -36.621919 -39.645606 -42.527312 -41.463748 -38.144189 -37.713634 -39.504583 -46.558202 -47.274572 -47.851626 -47.753142 -47.088957 -47.426733 -48.296165 
-1.708835 12.496254 11.600065 18.152244 18.211412 5.213311 0.912348 -1.934981 -11.395590 -15.137200 -14.303429 -10.971960 -17.642740 -26.218782 -29.467798 -29.343500 -28.004731 -27.053991 -27.910112 -30.362036 -30.431174 -30.833517 -28.329674 -28.237632 -22.708956 -29.447419 -35.950425 -39.312690 -39.074655 -38.922913 -39.996868 -37.623788 -39.338432 -42.162954 -42.406459 -42.900281 -43.143036 -43.248457 -43.228468 -43.808515 
-2.827120 12.234382 12.256626 16.978270 18.860797 5.566050 1.628040 -4.420237 -9.863208 -13.630058 -13.942915 -11.271089 -15.200324 -27.638906 -30.066845 -29.451472 -27.813678 -30.968216 -26.547474 -28.656840 -32.849733 -29.336013 -24.221595 -26.359713 -26.131206 -31.755652 -39.534856 -41.202543 -40.837134 -38.163655 -38.847225 -38.742889 -40.577704 -43.131776 -44.521071 -44.568888 -44.557915 -44.588809 -45.044749 -45.868875 
-4.454401 12.144895 12.894496 15.505388 19.072874 7.209326 2.794124 -5.886270 -10.936533 -12.333368 -11.733114 -12.218438 -14.387816 -27.385786 -37.760303 -30.174574 -27.499567 -28.617885 -25.201727 -28.629822 -32.378833 -33.592956 -29.521730 -28.171788 -24.090872 -32.057492 -41.801930 -45.957825 -49.558804 -43.248219 -38.043546 -38.013450 -41.200287 -48.128348 -53.997826 -51.491274 -50.605620 -51.341799 -52.844922 -53.212834 
-4.795914 11.888951 14.051389 12.866840 18.467152 8.140189 3.373396 -7.432519 -15.502872 -11.631342 -11.478856 -8.609433 -14.864202 -24.947652 -31.853578 -26.818333 -26.466586 -27.549212 -27.273055 -26.390436 -27.319406 -32.651905 -25.276626 -23.810693 -23.003393 -28.905585 -37.582114 -42.890980 -40.939991 -37.821589 -35.072247 -37.997624 -40.240946 -44.831486 -48.003964 -48.015425 -47.645314 -48.525069 -48.775876 -48.526660 
-5.765316 11.777625 14.352466 9.933020 17.739604 9.216080 1.908676 -7.106066 -21.501097 -22.259691 -20.321441 -10.215497 -19.887851 -32.783385 -34.997253 -27.958613 -26.514099 -27.363875 -30.597629 -32.066745 -33.361854 -34.912955 -30.758329 -30.520771 -28.596813 -34.279647 -37.250941 -39.572741 -40.490388 -38.720362 -40.535676 -41.077371 -43.348569 -47.466770 -48.245900 -48.778946 -48.503417 -47.653479 -47.693781 -47.802567 
-6.992416 11.270181 14.999515 9.200347 16.871629 8.814090 0.690798 -7.274022 -18.137405 -20.804572 -16.786435 -9.339686 -17.176639 -22.836358 -27.150260 -26.681182 -28.009160 -26.750006 -27.487842 -27.631637 -27.945837 -29.892347 -29.418960 -26.365416 -26.059388 -28.013843 -36.273962 -36.964346 -36.989307 -36.591632 -36.010013 -36.539985 -37.102052 -39.963898 -40.404031 -40.619347 -41.111261 -41.210051 -41.571786 -41.605274 
-7.555139 10.819731 15.378634 6.700959 15.647088 9.680889 0.182557 -4.570197 -12.531029 -17.928870 -16.143679 -10.076645 -14.460634 -21.837234 -27.230135 -24.011181 -23.506495 -23.310671 -22.846297 -25.906495 -28.366155 -28.755570 -25.048131 -28.382289 -27.922608 -32.452096 -35.489007 -36.182303 -36.664360 -36.841607 -37.106872 -34.866407 -35.164489 -39.357254 -39.999010 -40.508732 -40.747921 -40.912106 -41.065008 -41.302333 
-7.981492 10.375798 15.403985 8.100841 14.976446 9.992278 0.406303 -3.650885 -13.140841 -16.917666 -16.014421 -11.962200 -15.486639 -28.592178 -30.758459 -27.946018 -25.793414 -26.150906 -22.969494 -25.861329 -30.492395 -31.979284 -27.977587 -27.878530 -26.140668 -29.743014 -39.851768 -41.678264 -43.592580 -38.504355 -39.950509 -38.045483 -38.745931 -48.362943 -50.559430 -50.473252 -51.200121 -50.660531 -51.463485 -52.332144 
-10.803008 9.622166 15.071007 6.871385 13.923907 9.549385 -1.080283 -4.020152 -14.862758 -21.196940 -17.517736 -16.326307 -13.314689 -24.109989 -28.875788 -29.158080 -29.704809 -29.960951 -26.924918 -27.059370 -31.096626 -31.903037 -29.075989 -29.300718 -28.018394 -29.246325 -36.795025 -38.375728 -39.336699 -37.290499 -36.892602 -39.140646 -39.790015 -42.754021 -43.860554 -44.471786 -44.904045 -44.629376 -44.412676 -45.196140 
-10.712587 8.989558 14.883131 5.791458 11.305414 7.893098 -1.883424 -6.019542 -18.684394 -18.202379 -17.837948 -14.691402 -14.066302 -24.522791 -28.766410 -28.765483 -29.221360 -28.265010 -28.307850 -28.322106 -32.506346 -31.890218 -27.160510 -28.169810 -26.427264 -30.947932 -35.774869 -38.113077 -38.301330 -37.162906 -37.367057 -37.137727 -38.533764 -40.512876 -41.783927 -42.125652 -42.333929 -42.495955 -42.487957 -42.803491 
-12.679587 7.682271 14.030061 6.334660 7.741642 4.334779 -7.219962 -10.903539 -23.068969 -23.974727 -23.524699 -21.434230 -20.248751 -32.856359 -37.157231 -35.732290 -36.968096 -40.342599 -33.981144 -32.844765 -37.155856 -39.481348 -36.070751 -33.428192 -34.605358 -33.859549 -40.776903 -43.055644 -44.245873 -41.740810 -41.347331 -44.777237 -44.874280 -47.071255 -48.324337 -49.151150 -49.429815 -49.340027 -49.675311 -50.156541 
-13.090020 4.381519 11.323851 3.191318 0.829194 -3.096947 -18.568931 -20.956636 -30.291807 -33.779623 -29.160173 -29.336835 -25.660797 -33.354091 -35.879402 -42.121469 -32.103528 -37.241306 -32.766953 -32.753032 -33.886591 -36.663054 -34.776662 -35.005339 -35.096147 -37.691281 -44.166848 -45.776079 -48.326549 -48.025994 -44.383520 -44.397451 -49.911017 -53.283633 -52.933770 -55.257297 -55.564671 -55.358255 -55.873212 -59.120310 
-15.730512 0.701734 6.848316 0.613423 -6.682267 -18.243728 -19.760203 -26.237220 -31.856546 -33.608621 -31.902101 -25.046618 -23.686855 -36.238162 -42.745629 -40.933403 -38.616359 -43.175535 -40.467475 -35.888001 -35.714552 -39.816236 -37.281703 -41.786795 -38.573031 -38.401463 -51.553821 -53.745417 -56.406028 -52.031392 -49.135774 -53.352342 -53.101466 -57.332065 -58.763076 -54.441911 -56.570235 -56.426182 -57.682726 -61.739416 
-14.973036 -6.176844 -4.276131 -8.033482 -13.477001 -19.839445 -28.679179 -31.675559 -32.107282 -35.976728 -35.689341 -37.726687 -38.356330 -40.482094 -45.429411 -43.961321 -41.857341 -44.998849 -44.377760 -41.895189 -43.147163 -47.456791 -47.623867 -49.038338 -45.306117 -44.230966 -53.498352 -54.569004 -55.276334 -55.359232 -55.651415 -56.326463 -57.145414 -58.122005 -58.577805 -58.316653 -58.963040 -59.156653 -59.350367 -59.759282 
-40.343749 -40.451316 -40.633032 -40.947241 -41.387962 -42.033603 -42.865145 -43.998135 -45.608722 -47.650777 -50.172983 -52.796645 -54.156035 -53.937092 -53.608320 -54.155813 -55.793008 -57.971149 -59.308667 -59.557924 -59.749097 -59.910084 -60.150993 -60.830947 -60.993363 -61.001666 -62.233316 -63.369436 -64.396705 -64.909190 -64.853333 -65.308378 -65.548845 -66.111151 -66.664572 -66.892276 -67.390943 -67.346240 -67.237322 -67.714522 
NaN NaN NaN NaN NaN NaN NaN NaN NaN NaN NaN NaN NaN NaN NaN NaN NaN NaN NaN NaN NaN NaN NaN NaN NaN NaN NaN NaN NaN NaN NaN NaN NaN NaN NaN NaN NaN NaN NaN NaN 
NaN NaN NaN NaN NaN NaN NaN NaN NaN NaN NaN NaN NaN NaN NaN NaN NaN NaN NaN NaN NaN NaN NaN NaN NaN NaN NaN NaN NaN NaN NaN NaN NaN NaN NaN NaN NaN NaN NaN NaN 
NaN NaN NaN NaN NaN NaN NaN NaN NaN NaN NaN NaN NaN NaN NaN NaN NaN NaN NaN NaN NaN NaN NaN NaN NaN NaN NaN NaN NaN NaN NaN NaN NaN NaN NaN NaN NaN NaN NaN NaN 
NaN NaN NaN NaN NaN NaN NaN NaN NaN NaN NaN NaN NaN NaN NaN NaN NaN NaN NaN NaN NaN NaN NaN NaN NaN NaN NaN NaN NaN NaN NaN NaN NaN NaN NaN NaN NaN NaN NaN NaN 
NaN NaN NaN NaN NaN NaN NaN NaN NaN NaN NaN NaN NaN NaN NaN NaN NaN NaN NaN NaN NaN NaN NaN NaN NaN NaN NaN NaN NaN NaN NaN NaN NaN NaN NaN NaN NaN NaN NaN NaN 
NaN NaN NaN NaN NaN NaN NaN NaN NaN NaN NaN NaN NaN NaN NaN NaN NaN NaN NaN NaN NaN NaN NaN NaN NaN NaN NaN NaN NaN NaN NaN NaN NaN NaN NaN NaN NaN NaN NaN NaN 
NaN NaN NaN NaN NaN NaN NaN NaN NaN NaN NaN NaN NaN NaN NaN NaN NaN NaN NaN NaN NaN NaN NaN NaN NaN NaN NaN NaN NaN NaN NaN NaN NaN NaN NaN NaN NaN NaN NaN NaN 
NaN NaN NaN NaN NaN NaN NaN NaN NaN NaN NaN NaN NaN NaN NaN NaN NaN NaN NaN NaN NaN NaN NaN NaN NaN NaN NaN NaN NaN NaN NaN NaN NaN NaN NaN NaN NaN NaN NaN NaN 
NaN NaN NaN NaN NaN NaN NaN NaN NaN NaN NaN NaN NaN NaN NaN NaN NaN NaN NaN NaN NaN NaN NaN NaN NaN NaN NaN NaN NaN NaN NaN NaN NaN NaN NaN NaN NaN NaN NaN NaN 
NaN NaN NaN NaN NaN NaN NaN NaN NaN NaN NaN NaN NaN NaN NaN NaN NaN NaN NaN NaN NaN NaN NaN NaN NaN NaN NaN NaN NaN NaN NaN NaN NaN NaN NaN NaN NaN NaN NaN NaN 
NaN NaN NaN NaN NaN NaN NaN NaN NaN NaN NaN NaN NaN NaN NaN NaN NaN NaN NaN NaN NaN NaN NaN NaN NaN NaN NaN NaN NaN NaN NaN NaN NaN NaN NaN NaN NaN NaN NaN NaN 
NaN NaN NaN NaN NaN NaN NaN NaN NaN NaN NaN NaN NaN NaN NaN NaN NaN NaN NaN NaN NaN NaN NaN NaN NaN NaN NaN NaN NaN NaN NaN NaN NaN NaN NaN NaN NaN NaN NaN NaN 
