NaN NaN NaN NaN NaN NaN NaN NaN NaN NaN NaN NaN NaN NaN NaN NaN NaN NaN NaN NaN NaN NaN NaN NaN NaN NaN NaN NaN NaN NaN NaN NaN NaN NaN NaN NaN NaN NaN NaN NaN 
NaN NaN NaN NaN NaN NaN NaN NaN NaN NaN NaN NaN NaN NaN NaN NaN NaN NaN NaN NaN NaN NaN NaN NaN NaN NaN NaN NaN NaN NaN NaN NaN NaN NaN NaN NaN NaN NaN NaN NaN 
NaN NaN NaN NaN NaN NaN NaN NaN NaN NaN NaN NaN NaN NaN NaN NaN NaN NaN NaN NaN NaN NaN NaN NaN NaN NaN NaN NaN NaN NaN NaN NaN NaN NaN NaN NaN NaN NaN NaN NaN 
NaN NaN NaN NaN NaN NaN NaN NaN NaN NaN NaN NaN NaN NaN NaN NaN NaN NaN NaN NaN NaN NaN NaN NaN NaN NaN NaN NaN NaN NaN NaN NaN NaN NaN NaN NaN NaN NaN NaN NaN 
-29.417274 -34.476607 -26.472748 -23.708691 -22.229722 -18.434331 -20.388058 -26.923699 -30.401764 -31.839460 -35.897133 -39.077651 -40.184596 -42.711796 -44.036914 -45.511636 -47.568629 -48.840596 -49.036208 -49.181886 -50.026393 -51.173497 -51.507957 -52.259280 -53.221161 -53.964858 -54.390909 -54.873565 -55.719817 -56.175225 -56.271456 -57.119691 -57.603453 -57.903565 -58.515643 -58.831185 -58.935717 -59.491005 -59.535149 -59.649972 
-18.651005 -15.153674 -20.625802 1.787668 9.263664 7.748046 -3.274104 -13.894725 -16.015090 -19.755818 -22.444613 -27.671295 -29.037000 -29.177297 -30.251003 -31.838280 -31.059083 -32.276978 -34.377999 -33.748933 -35.728270 -36.011165 -37.440845 -37.295664 -38.635776 -38.701686 -39.950366 -40.260514 -40.861965 -41.272458 -41.939929 -42.433009 -42.759561 -43.271080 -43.631391 -43.947517 -44.237788 -44.708717 -44.836620 -44.945313 
-12.226552 -20.487497 -10.862106 14.908337 23.503191 17.872713 2.073604 -8.523309 -2.973644 -9.654655 -17.380326 -17.499815 -20.555723 -25.873522 -27.707745 -27.347727 -20.139394 -27.400886 -26.954682 -29.348071 -33.056641 -36.013014 -33.953874 -31.947691 -33.856561 -36.319675 -36.695347 -39.226800 -40.929029 -41.123221 -41.708871 -42.309584 -41.976169 -43.183476 -44.071844 -44.354113 -44.473193 -44.951244 -41.594966 -43.016147 
-12.104268 -12.887369 -12.178039 17.911108 26.698271 15.688121 -12.204771 -3.023690 2.316993 -14.426349 -16.986924 -10.540492 -23.302786 -28.545986 -26.863257 -20.813945 -16.139861 -33.362566 -29.607635 -27.176303 -28.998944 -32.765216 -31.066345 -29.378765 -28.391463 -32.241990 -27.511494 -36.626591 -45.075562 -38.500875 -34.362120 -42.769282 -37.260867 -40.012435 -43.289177 -45.504701 -52.794803 -49.250949 -36.681124 -39.413411 
-10.865639 -10.731434 -13.202599 16.576055 27.333754 18.069552 -7.800386 -9.939702 3.252051 -9.475847 -14.883323 -10.119976 -17.463941 -20.467065 -22.376089 -18.902989 -13.975152 -23.122799 -21.226063 -24.566786 -24.506847 -26.707105 -26.184236 -23.510153 -26.176045 -27.248877 -25.093092 -28.103161 -32.391072 -31.788165 -29.960757 -33.011795 -31.652105 -32.592403 -34.301927 -34.934156 -35.709701 -35.906979 -32.544396 -34.165325 
-23.334928 -19.035974 -14.712661 13.519170 27.946034 21.502704 -2.450858 -5.945195 2.801606 -4.808806 -12.994328 -10.176391 -14.144628 -16.083934 -16.734742 -18.448826 -15.789467 -17.613774 -16.886572 -19.188628 -22.005895 -22.835985 -22.699701 -20.401804 -23.702296 -25.200919 -25.112453 -26.345161 -27.895822 -28.194433 -28.379024 -29.050915 -28.697982 -29.435164 -30.467773 -30.770482 -31.232787 -31.419110 -30.351001 -31.017062 
-15.008301 -10.644647 -14.307647 13.843284 29.174008 24.490157 0.254528 -10.905534 1.192094 -4.916583 -16.265137 -11.002178 -10.632476 -21.029105 -16.137035 -19.866375 -14.919650 -15.345252 -18.151573 -17.733126 -26.045009 -27.836228 -25.772930 -23.818302 -25.060124 -26.818966 -26.936564 -30.672959 -31.906062 -31.039058 -29.240443 -33.007980 -30.532689 -32.365328 -34.026457 -34.757097 -35.498276 -35.682573 -31.096456 -33.280896 
-12.295688 -12.691135 -18.392936 12.524770 29.304656 25.552533 2.015135 -16.649658 0.304202 -3.524591 -20.462220 -11.186508 -9.822837 -28.228068 -16.523530 -21.962343 -15.896222 -15.319095 -19.008237 -17.510554 -30.465917 -30.695251 -27.730619 -25.607694 -26.172737 -29.983116 -28.058375 -35.935865 -38.324255 -34.566915 -32.513805 -37.307111 -32.308893 -36.056190 -37.096452 -39.659400 -43.580799 -41.306303 -31.031373 -33.672844 
-30.188881 -27.478059 -30.539006 10.502300 28.374723 26.074455 2.441035 -21.051039 -2.242270 -1.166723 -20.413669 -11.542912 -7.626612 -26.683121 -10.537206 -13.810137 -22.409564 -16.866696 -22.438371 -16.764969 -32.773163 -30.667178 -26.991835 -29.941497 -26.767998 -31.407448 -29.524551 -34.230018 -38.599969 -34.821323 -32.838610 -37.319816 -34.734504 -37.796196 -39.105995 -39.544344 -42.261704 -41.065920 -31.053349 -34.556133 
-21.607058 -19.887797 -15.333051 8.527627 25.638951 26.745013 8.748530 -10.155686 -0.136063 8.080204 -6.498617 -8.778108 -1.382222 -15.128517 -6.540729 -1.769611 -10.729099 -7.804727 -11.193682 -13.676350 -23.200696 -25.424363 -26.775005 -25.441542 -26.173164 -28.460357 -25.264020 -22.688934 -30.485880 -30.048048 -25.617689 -30.793907 -32.287557 -33.346088 -34.319272 -34.565044 -35.014162 -34.968361 -31.923785 -33.245431 
-10.758542 -9.651466 -11.532467 1.500527 23.297149 26.765631 8.791189 -17.317569 5.571791 15.376906 -0.400283 -10.877947 0.889552 -8.971832 -12.745317 -3.457154 -10.898542 -1.156294 1.390979 -8.355501 -11.766710 -20.864028 -24.979801 -22.311328 -25.984730 -23.679736 -19.173489 -14.439489 -26.030090 -23.759180 -17.483652 -23.552912 -32.412681 -36.596515 -36.264485 -36.269028 -38.423269 -38.474304 -30.615080 -30.120220 
-8.698032 -8.965589 -9.279445 1.664178 23.382401 26.795422 9.909207 -17.012006 5.853110 17.147473 2.495106 -14.835331 0.102677 -5.778257 -21.247085 -5.681199 -16.728742 -8.332035 -6.478981 -7.125604 -2.285627 -16.140542 -16.510963 -17.325452 -18.340194 -18.168547 -15.180254 -13.080127 -21.896112 -21.727104 -14.867193 -17.658816 -29.749495 -39.296337 -38.772686 -39.852816 -44.428262 -41.870421 -27.397027 -26.490737 
-9.486956 -11.250888 -10.929412 -5.068831 19.152866 26.054456 12.909915 -12.607410 3.330617 15.387880 0.078322 -24.259754 -2.928672 -3.819106 -24.099405 -5.678585 -11.070658 -14.527419 -8.593492 -15.567610 -4.960748 -16.210066 -7.895160 -9.425142 -10.800728 -8.134573 -5.638258 -10.665063 -19.952795 -19.394824 -14.261982 -12.393209 -26.981365 -33.651046 -38.897864 -39.371551 -47.533130 -42.379975 -27.126486 -26.045578 
-15.467193 -17.060089 -17.264133 -13.012972 14.690246 24.444285 13.408976 -10.450170 -2.660860 13.386624 7.163203 -21.012395 -10.296940 -4.199223 -25.718003 -8.614143 -6.235413 -22.965909 -6.210553 -19.473061 -8.181509 -14.790276 -2.220694 -9.510587 -7.201319 -5.191863 -2.507495 -4.877036 -20.001990 -17.697754 -12.531248 -11.315906 -21.069626 -30.325246 -34.922515 -34.846370 -46.470571 -37.579837 -22.405074 -22.911388 
-29.110479 -24.301591 -29.273219 -17.300222 11.128278 22.827207 13.554422 -18.863179 -15.744871 9.421285 8.409691 -21.993620 -18.278483 -4.836627 -22.423537 -13.214086 -3.836744 -25.805423 -5.710796 -15.141931 -9.484480 -12.460955 -1.817108 -12.257945 -6.756517 -8.707266 -6.561654 -4.147422 -20.187253 -18.807520 -12.222937 -13.892986 -21.322580 -31.594013 -36.867093 -37.468577 -46.442313 -40.658706 -23.778523 -22.247735 
-21.504564 -30.304513 -31.053657 -26.259603 9.015107 22.355251 14.247348 -19.108576 -18.841120 7.485575 9.109814 -20.937983 -19.433938 -4.438165 -20.243327 -15.472773 -2.617741 -22.911875 -6.322457 -10.995930 -9.716966 -10.205299 -7.080636 -14.059894 -7.741029 -10.978060 -8.665515 -7.090712 -20.213203 -19.875603 -13.013199 -13.232032 -23.306736 -32.140314 -37.877834 -40.908855 -47.479015 -41.656843 -24.482890 -23.061796 
-18.412837 -31.300747 -26.210197 -24.316903 8.738854 22.703460 15.078817 -20.615805 -24.593259 4.425785 9.591918 -16.263299 -21.549809 -6.008185 -16.220872 -19.752982 -2.393789 -17.530774 -7.342662 -7.183249 -8.850224 -6.923622 -16.186885 -18.472668 -11.406876 -13.077784 -9.011141 -10.629139 -20.771638 -21.561833 -14.939379 -12.865171 -26.495641 -33.238636 -36.766863 -36.240467 -44.717205 -40.382153 -25.198523 -24.292217 
-19.692735 -23.362423 -20.238675 -18.328938 8.041543 22.556773 15.775380 -17.807745 -19.775176 2.489723 9.848028 -12.552376 -29.946800 -7.330090 -15.110682 -25.437245 -2.321400 -14.095125 -7.685507 -4.150294 -9.962907 -5.349559 -18.607028 -19.745524 -16.712823 -17.922384 -10.135322 -13.800242 -20.823392 -24.199327 -18.431923 -14.382071 -28.600361 -36.401576 -39.121504 -38.313320 -49.230671 -45.023481 -27.214368 -26.015141 
-23.391113 -18.806933 -25.590129 -21.081725 8.254833 22.747492 16.044064 -15.966906 -15.085879 5.602548 8.552921 -16.310867 -23.183280 -4.699621 -15.360298 -20.603972 -2.514845 -16.457239 -6.118065 -5.188096 -15.269469 -10.243211 -15.724023 -17.674552 -13.084550 -15.850374 -11.734141 -13.633711 -22.651101 -23.566199 -17.209470 -14.952943 -28.213608 -36.006535 -39.541041 -39.356601 -50.119505 -45.066544 -28.610788 -28.093919 
-32.194737 -24.895831 -30.055109 -20.586776 10.483212 23.273291 14.900656 -18.769541 -18.727355 7.556944 7.149725 -20.256201 -18.141336 -4.533914 -19.725457 -15.468769 -3.335390 -21.765233 -5.818571 -11.048045 -8.187666 -10.177863 -13.597427 -19.417248 -11.461638 -12.892800 -10.780992 -10.734470 -22.058336 -21.335949 -14.287453 -14.456329 -25.237470 -33.348209 -38.028873 -41.160808 -48.704746 -43.087317 -24.724730 -24.951094 
-14.963476 -18.537163 -17.890462 -12.183591 13.237647 23.438244 12.969164 -19.335479 -15.068555 10.825809 7.249023 -20.927621 -11.729835 -3.326649 -22.855796 -10.056411 -4.280679 -22.094968 -5.034364 -15.955009 -4.717201 -14.933628 -10.884443 -18.963011 -13.849351 -13.273283 -10.969611 -9.153145 -23.193220 -20.737174 -14.014711 -16.198874 -24.255590 -34.077904 -39.272907 -40.193271 -43.359602 -40.213861 -26.232336 -23.941909 
-12.973727 -12.152361 -13.011897 -9.971492 15.380776 23.578184 11.194678 -18.733707 -9.394868 12.659827 5.770427 -20.717392 -7.066527 -2.142793 -22.041290 -7.566926 -6.744357 -18.271413 -5.072295 -15.529359 -3.320341 -17.495897 -13.306437 -19.296668 -18.440145 -13.580788 -8.655812 -9.001026 -24.627427 -21.899748 -16.215842 -17.184784 -24.839491 -33.591744 -37.226159 -37.554964 -40.103246 -38.796307 -26.526455 -25.550591 
-11.900248 -13.113531 -12.028574 -5.925713 17.930732 23.831460 9.039111 -19.471900 -0.935607 14.936774 4.077645 -17.636653 -2.239122 -3.642039 -20.747631 -5.376539 -10.621870 -11.089125 -7.642184 -8.498814 -3.247119 -18.770866 -18.472706 -19.295290 -20.979502 -14.754893 -7.421390 -13.357784 -22.403003 -22.037200 -16.784909 -15.935678 -26.668558 -33.026265 -37.682609 -38.539332 -41.094382 -40.356464 -29.523324 -26.781087 
-18.142514 -12.181122 -13.538408 -1.319682 20.921642 23.968378 5.876753 -16.159420 6.891722 16.900781 1.330129 -15.824143 1.208376 -6.810161 -17.897749 -5.048643 -17.950307 -6.889632 -11.592807 -0.991908 -5.423489 -15.180701 -19.181463 -19.120233 -19.376901 -18.232427 -11.543904 -13.184331 -21.571048 -20.753803 -13.737523 -16.839968 -25.764645 -35.221167 -43.504808 -43.490222 -49.902711 -46.268961 -28.752794 -28.275762 
-22.845653 -22.926659 -26.192597 4.833895 23.814284 23.940526 3.206645 -15.481594 12.655305 15.617102 -4.926774 -7.814946 1.988022 -12.643891 -11.779478 -10.114580 -16.600641 -5.765268 -11.836627 1.690047 -9.915183 -14.816811 -20.870879 -21.909868 -20.968197 -18.226554 -12.676526 -12.831103 -23.258813 -21.382022 -15.351083 -18.828772 -27.291318 -34.625859 -40.815792 -43.068965 -47.083450 -45.845137 -31.267991 -31.281251 
-17.861151 -24.190911 -17.039646 9.589326 25.936738 23.144562 0.230640 -9.332674 15.507723 11.422459 -14.424471 -2.776107 -0.767342 -16.103784 -8.323754 -15.143533 -9.476323 -9.222554 -8.441043 -4.067589 -9.267115 -14.817802 -16.548040 -21.821815 -21.941716 -17.565750 -10.471074 -13.538623 -22.288664 -21.595715 -14.235286 -18.649931 -27.571293 -33.195113 -37.793476 -38.234849 -38.775133 -39.098297 -31.227586 -30.146768 
-16.086119 -17.514059 -13.931962 14.987204 26.031707 18.943482 -3.158070 7.006080 17.102511 5.103296 -6.950464 1.195971 -10.266973 -8.517936 -9.229395 -13.906819 -6.527571 -12.207639 -6.568257 -4.034694 -4.255425 -10.787667 -15.790836 -19.198409 -19.447977 -15.376211 -7.951018 -11.163053 -21.295336 -18.826290 -11.927843 -17.248849 -25.652788 -30.780423 -34.747760 -34.979216 -35.933229 -36.029513 -27.312302 -28.357835 
-25.588908 -18.914101 -8.242145 18.619415 23.915854 9.894949 -5.692786 12.840355 13.537803 -5.399706 3.515199 1.463128 -12.844901 -3.871263 -15.361254 -7.012429 -11.145243 -7.904985 -9.408090 -0.246657 -4.122544 -8.959679 -12.299630 -17.276348 -17.327044 -11.979208 -6.271827 -9.870688 -18.771001 -16.042841 -8.928444 -16.182854 -22.337818 -29.659592 -42.211544 -43.957907 -51.254592 -49.565141 -29.649353 -27.240067 
-21.166554 -18.116773 -1.628224 20.692618 21.966506 6.080386 0.433141 14.440388 7.338006 -1.815012 7.891423 -1.532644 -4.954562 -4.944308 -12.354762 -9.262361 -10.471473 -9.812808 -6.196901 -4.059259 -1.879546 -7.905074 -12.780983 -16.766578 -16.363167 -9.915598 -4.481420 -11.667804 -18.115002 -13.765790 -8.423052 -17.041203 -21.212451 -26.246918 -36.260115 -36.854534 -37.567192 -37.583093 -27.095555 -28.120246 
-11.477931 -15.409728 4.485037 21.535276 18.629269 -3.097074 6.248626 10.847736 -2.165353 6.643992 5.288379 -8.227095 -2.537969 -11.087724 -8.699421 -13.147508 -7.374222 -10.854198 -8.806055 -1.573035 -2.242425 -7.297674 -12.520893 -16.249944 -14.963918 -8.818351 -5.222018 -12.701176 -16.816477 -12.810703 -8.335534 -17.174811 -20.623710 -25.461419 -34.384351 -35.355360 -37.239912 -37.569063 -29.037418 -29.162621 
-19.525950 -20.291633 8.113071 20.689495 15.530990 -1.726408 8.694929 7.611785 -2.790144 11.776139 4.802329 -4.921123 -5.007324 -10.998389 -11.521536 -12.608965 -12.310336 -10.975238 -10.855666 -5.897888 -2.323971 -8.972347 -14.066835 -17.456904 -16.675794 -10.830358 -7.862275 -13.576155 -18.030740 -14.313554 -10.870572 -19.336571 -22.860679 -28.590538 -38.617367 -43.215085 -50.359572 -49.121056 -30.512970 -29.963434 
-21.381551 -15.603000 10.703354 18.973754 8.622277 -4.578367 10.059958 4.029778 1.779145 12.475436 -3.449598 -5.595741 -11.911118 -7.734878 -14.214587 -12.215586 -14.089719 -12.440101 -9.972512 -5.956592 -6.575060 -12.096922 -16.432038 -19.531809 -19.091888 -13.397393 -9.609408 -17.596743 -20.966687 -16.040955 -13.970015 -23.763989 -26.947256 -31.592372 -38.196662 -39.739299 -41.172229 -40.947221 -30.712414 -31.686291 
-25.615561 -15.897186 11.311802 18.581678 7.586874 -0.888534 9.435851 -0.201580 6.205399 12.324118 -5.580506 -5.019410 -15.296978 -6.047128 -16.280858 -14.835224 -13.296421 -14.193391 -12.380834 -5.316775 -7.392672 -13.680988 -17.165821 -19.543359 -20.598414 -13.530042 -11.754807 -17.857207 -21.281090 -16.247085 -14.599245 -23.746041 -25.586534 -30.565823 -36.148238 -37.790378 -40.135927 -40.266205 -29.989400 -31.571748 
-17.274266 -12.586862 11.551036 17.818896 5.587019 -1.004066 7.712776 -6.148522 7.476008 9.898395 -8.972130 -7.287231 -16.039732 -8.420995 -20.316038 -19.023162 -14.656252 -17.868856 -16.784157 -11.134909 -9.177632 -11.300032 -16.992280 -22.228053 -21.170038 -15.762085 -11.122481 -18.813512 -22.883605 -17.481246 -15.933568 -25.527827 -28.299317 -33.470183 -38.044362 -39.721322 -43.759580 -43.171521 -28.778543 -30.498952 
-21.993594 -12.514719 11.420477 16.896292 3.489266 -0.660646 7.060459 -6.110936 7.581175 6.843588 -11.887919 -7.006005 -14.036511 -8.447482 -20.258619 -20.992240 -16.023736 -20.456498 -19.697545 -16.270234 -11.413350 -10.714312 -14.757259 -20.446653 -22.507473 -17.098507 -10.432661 -19.426817 -24.005896 -18.867640 -18.531450 -27.178416 -31.419065 -36.314881 -39.733533 -41.737759 -45.186049 -45.124409 -34.109995 -36.997416 
-22.213562 -10.408198 11.429208 16.131749 2.354775 1.283418 6.384184 -6.397044 8.004734 4.094704 -11.881058 -9.164202 -14.445049 -11.063195 -24.734613 -24.773274 -17.172859 -21.515476 -21.636454 -19.832288 -16.090785 -10.781974 -14.433066 -19.835588 -23.259571 -16.401591 -11.163557 -19.183132 -24.194365 -21.044734 -19.873049 -27.504848 -30.953259 -38.220901 -41.987859 -44.673985 -49.212141 -48.435765 -35.849829 -37.780058 
-15.976175 -9.994388 11.635269 15.373133 2.300373 2.519905 6.644788 -7.060594 5.669182 -0.066183 -15.839382 -16.687524 -16.156866 -15.621825 -27.291935 -27.112291 -21.155132 -24.958604 -25.686404 -25.545680 -20.148206 -13.925014 -18.130969 -24.176693 -28.382305 -22.214395 -19.182209 -23.657331 -29.733843 -28.079034 -25.596547 -31.468179 -36.758286 -42.218141 -41.264755 -42.699144 -45.964374 -45.869965 -37.604874 -38.852705 
-26.905490 -9.082978 11.945583 15.646816 2.789705 6.621526 8.799400 -2.651963 2.944361 -6.393870 -14.164669 -16.715105 -18.129151 -20.109673 -25.091498 -27.499545 -26.312665 -29.052940 -28.701174 -25.038668 -21.157442 -19.532005 -22.874196 -23.981837 -30.399784 -29.926849 -25.525411 -29.047966 -35.874881 -34.563980 -28.164636 -32.794530 -35.504542 -39.073764 -40.960144 -42.221045 -44.104087 -44.079147 -37.928425 -40.410091 
-18.790779 -10.233183 12.648229 17.589000 4.565545 1.927888 10.196312 -3.004538 -2.516128 -3.765607 -14.888281 -12.475421 -20.165322 -16.644825 -26.745327 -28.944811 -33.477094 -37.407368 -37.135615 -35.187335 -26.041205 -23.151128 -23.900271 -23.710305 -28.656046 -30.900471 -25.966480 -29.342525 -43.810126 -42.891957 -34.932084 -34.381774 -34.249249 -38.051860 -40.538728 -43.759537 -48.130475 -47.362205 -37.066057 -40.318867 
-29.739170 -10.925492 12.698928 17.925358 4.504251 1.012186 9.801839 -3.133044 -2.986137 -3.642098 -17.634200 -11.446701 -20.638804 -17.001793 -29.404739 -29.867491 -32.184474 -34.398216 -34.899224 -35.844481 -29.012095 -24.766651 -24.022784 -24.747062 -28.669878 -30.876016 -27.414377 -30.852937 -41.737590 -41.947223 -36.104241 -36.853999 -34.624507 -38.284296 -40.677312 -43.560861 -46.063682 -44.760944 -34.241893 -38.144469 
-24.452316 -10.638708 12.487998 17.961487 4.431088 0.765559 9.495502 -3.608348 -3.743281 -3.966822 -16.865245 -12.026466 -22.143601 -16.590881 -27.789820 -30.312101 -33.201366 -35.791398 -35.967684 -34.928211 -33.074862 -23.850731 -24.972614 -25.703169 -30.484795 -33.165535 -30.192269 -30.686669 -42.658670 -43.161182 -37.233050 -37.862878 -35.922577 -38.732721 -41.660221 -44.031931 -46.834588 -45.994962 -35.811612 -39.159286 
-19.910603 -14.984938 11.479416 18.401826 6.862426 -1.984179 8.923711 -1.053941 -6.577786 -3.177044 -17.701296 -13.423873 -23.338360 -15.114559 -28.685253 -29.850425 -34.092953 -35.473848 -36.175628 -34.934059 -34.243099 -26.071281 -24.510616 -25.990487 -31.644418 -34.455476 -29.884042 -31.753640 -43.269640 -42.796804 -35.719799 -37.497001 -36.512519 -38.907260 -41.142691 -43.243523 -46.971277 -46.133533 -35.433812 -38.927287 
-22.731451 -17.013782 10.597995 18.576389 8.157236 -5.070194 7.736447 -0.298939 -11.146025 -3.162516 -19.902819 -17.649921 -23.596007 -13.468542 -25.618644 -33.183560 -35.821197 -37.253955 -37.189217 -37.470908 -35.180869 -28.165767 -26.556287 -27.744613 -33.247203 -36.721037 -31.084364 -36.425304 -47.369152 -47.606394 -40.022745 -39.557758 -38.911028 -41.666866 -41.800080 -45.917940 -50.375439 -48.819788 -40.825576 -42.300359 
-24.587071 -18.434245 10.107578 18.564622 8.517929 -6.542908 6.734564 0.040468 -12.762046 -3.484038 -20.567736 -20.536690 -29.059694 -15.621327 -26.275940 -34.884439 -40.606379 -40.312484 -40.168261 -38.699039 -35.403958 -32.065465 -32.767058 -30.747723 -37.413392 -40.073152 -35.194350 -38.947741 -52.127769 -50.938621 -41.095698 -44.180135 -44.668374 -47.266056 -46.076952 -51.400611 -57.954536 -55.079097 -44.639102 -46.443976 
-28.733551 -19.907813 8.919109 18.516620 10.454816 -9.126508 4.496877 0.164292 -14.655388 -3.949496 -17.563715 -23.230683 -28.444825 -14.892486 -22.784283 -38.206065 -39.667909 -38.849259 -38.269094 -36.552779 -32.759828 -28.551531 -32.134671 -28.793975 -36.428535 -38.861340 -33.505445 -37.862481 -54.685164 -47.900983 -36.709463 -41.141397 -42.540707 -45.131828 -44.975226 -48.695825 -57.819092 -58.816984 -48.995253 -51.675125 
-21.184925 -16.624477 5.932789 16.701229 9.134450 -10.022003 -1.966452 -4.579690 -22.613158 -8.464672 -19.774522 -29.211447 -28.639321 -21.253226 -26.741866 -39.705984 -41.570551 -42.231611 -40.652775 -40.978636 -38.225754 -34.311757 -36.792935 -38.621377 -43.073997 -45.231549 -38.252864 -44.801344 -49.126480 -49.014231 -43.333896 -45.983144 -49.524391 -50.847682 -47.913789 -49.872351 -52.464613 -52.377185 -50.072260 -49.824526 
-28.535805 -18.410832 2.003699 13.819396 9.134939 -11.242121 -9.655260 -11.431236 -21.743216 -17.282365 -25.540171 -29.698482 -28.393221 -32.486955 -32.272260 -36.392301 -37.390835 -37.885554 -38.859619 -38.874540 -38.086971 -39.549016 -40.351109 -41.742987 -42.421908 -42.984243 -40.573883 -43.233084 -45.222243 -45.450320 -44.960441 -45.952304 -47.116593 -47.526047 -47.740407 -48.042100 -48.555659 -48.821794 -48.131904 -48.386956 
-24.836592 -26.266101 -3.320087 6.332624 4.075265 -9.569908 -20.294276 -21.095398 -23.685520 -32.456780 -32.220303 -32.956017 -35.123879 -34.969513 -37.349851 -38.166438 -39.002120 -40.037632 -40.627588 -40.839851 -41.838792 -41.922702 -43.044755 -43.895071 -44.970214 -45.247016 -43.923625 -46.196223 -47.275641 -47.833830 -47.818005 -48.405260 -49.287451 -49.633005 -49.877820 -50.224467 -50.667911 -50.804543 -50.882706 -51.165739 
-21.261065 -24.762835 -9.120721 -5.063836 -8.718199 -16.338162 -24.627975 -29.151354 -30.727551 -31.097136 -36.061285 -36.480592 -40.090631 -36.949173 -44.059512 -43.993789 -44.590994 -45.457179 -46.038929 -45.221202 -43.636234 -48.269458 -49.515404 -49.596971 -50.920941 -51.586267 -50.733206 -51.714205 -53.328646 -54.148497 -53.781756 -54.779387 -55.514983 -55.822828 -56.182707 -56.250577 -56.779454 -57.177926 -56.993786 -57.446703 
-17.926874 -15.251498 -8.473096 -3.875672 -6.406110 -10.826935 -14.709467 -21.910020 -28.738232 -29.251484 -29.489867 -31.276331 -34.220698 -36.922242 -38.566863 -42.429524 -50.642795 -56.360759 -53.234565 -48.038153 -51.705664 -49.292976 -49.545705 -53.096948 -58.030808 -65.087015 -62.163274 -56.271145 -57.165605 -57.930077 -58.752556 -62.556236 -63.687930 -61.755576 -63.546649 -63.639821 -66.881896 -71.106967 -68.650754 -69.520378 
-29.822528 -25.512059 -23.305147 -22.205905 -24.874634 -29.545154 -30.172494 -33.515743 -41.284976 -40.177601 -40.044360 -45.125712 -45.473160 -48.165017 -51.266995 -55.231977 -59.534314 -64.625753 -69.781980 -61.717886 -64.963791 -62.449575 -62.507691 -65.544535 -69.249860 -72.581305 -75.283400 -69.924768 -69.167568 -70.328236 -74.780407 -75.284079 -73.869830 -74.247844 -76.274269 -77.086893 -77.691110 -78.337659 -78.359595 -80.896538 
-68.313455 -69.054784 -65.114413 -59.862900 -56.547560 -63.950054 -74.565467 -74.369210 -71.313633 -70.412583 -71.978071 -72.499428 -78.902464 -81.944229 -79.635288 -80.691825 -86.356426 -81.025620 -81.178680 -82.096131 -82.690157 -80.188437 -84.631070 -87.862081 -85.641208 -86.160590 -84.607679 -85.673855 -85.783554 -88.153163 -91.314912 -89.603041 -89.455699 -90.740769 -92.453413 -92.699654 -90.598090 -93.059844 -91.906819 -93.700196 
-62.277323 -66.884541 -74.043715 -67.015961 -62.816103 -63.207383 -68.347833 -76.123922 -67.955938 -67.715963 -73.421070 -78.979653 -76.928364 -77.020348 -81.129941 -82.678966 -83.997825 -80.485069 -80.655376 -81.689441 -77.547431 -80.181692 -81.056468 -85.441349 -84.067276 -80.428183 -80.204304 -84.373605 -88.137075 -85.023416 -85.246163 -91.180619 -96.052253 -89.216502 -88.395041 -92.856768 -88.080136 -91.162737 -91.844887 -93.095544 
-77.212321 -79.424414 -81.478330 -79.999481 -77.811488 -77.755908 -80.224713 -83.215937 -81.401609 -80.898337 -84.541944 -87.849200 -87.422047 -92.221451 -100.182744 -101.360510 -98.043434 -93.037791 -91.849942 -92.009969 -92.838691 -96.437497 -103.033838 -104.837207 -98.807609 -96.466615 -96.931691 -102.223672 -107.968270 -101.300171 -99.300646 -103.177154 -108.781992 -102.222676 -102.635139 -109.762994 -103.977768 -105.367977 -109.251518 -105.630287 
NaN NaN NaN NaN NaN NaN NaN NaN NaN NaN NaN NaN NaN NaN NaN NaN NaN NaN NaN NaN NaN NaN NaN NaN NaN NaN NaN NaN NaN NaN NaN NaN NaN NaN NaN NaN NaN NaN NaN NaN 
NaN NaN NaN NaN NaN NaN NaN NaN NaN NaN NaN NaN NaN NaN NaN NaN NaN NaN NaN NaN NaN NaN NaN NaN NaN NaN NaN NaN NaN NaN NaN NaN NaN NaN NaN NaN NaN NaN NaN NaN 
NaN NaN NaN NaN NaN NaN NaN NaN NaN NaN NaN NaN NaN NaN NaN NaN NaN NaN NaN NaN NaN NaN NaN NaN NaN NaN NaN NaN NaN NaN NaN NaN NaN NaN NaN NaN NaN NaN NaN NaN 
NaN NaN NaN NaN NaN NaN NaN NaN NaN NaN NaN NaN NaN NaN NaN NaN NaN NaN NaN NaN NaN NaN NaN NaN NaN NaN NaN NaN NaN NaN NaN NaN NaN NaN NaN NaN NaN NaN NaN NaN 
NaN NaN NaN NaN NaN NaN NaN NaN NaN NaN NaN NaN NaN NaN NaN NaN NaN NaN NaN NaN NaN NaN NaN NaN NaN NaN NaN NaN NaN NaN NaN NaN NaN NaN NaN NaN NaN NaN NaN NaN 
NaN NaN NaN NaN NaN NaN NaN NaN NaN NaN NaN NaN NaN NaN NaN NaN NaN NaN NaN NaN NaN NaN NaN NaN NaN NaN NaN NaN NaN NaN NaN NaN NaN NaN NaN NaN NaN NaN NaN NaN 
NaN NaN NaN NaN NaN NaN NaN NaN NaN NaN NaN NaN NaN NaN NaN NaN NaN NaN NaN NaN NaN NaN NaN NaN NaN NaN NaN NaN NaN NaN NaN NaN NaN NaN NaN NaN NaN NaN NaN NaN 
NaN NaN NaN NaN NaN NaN NaN NaN NaN NaN NaN NaN NaN NaN NaN NaN NaN NaN NaN NaN NaN NaN NaN NaN NaN NaN NaN NaN NaN NaN NaN NaN NaN NaN NaN NaN NaN NaN NaN NaN 
NaN NaN NaN NaN NaN NaN NaN NaN NaN NaN NaN NaN NaN NaN NaN NaN NaN NaN NaN NaN NaN NaN NaN NaN NaN NaN NaN NaN NaN NaN NaN NaN NaN NaN NaN NaN NaN NaN NaN NaN 
NaN NaN NaN NaN NaN NaN NaN NaN NaN NaN NaN NaN NaN NaN NaN NaN NaN NaN NaN NaN NaN NaN NaN NaN NaN NaN NaN NaN NaN NaN NaN NaN NaN NaN NaN NaN NaN NaN NaN NaN 
