NaN NaN NaN NaN NaN NaN NaN NaN NaN NaN NaN NaN NaN NaN NaN NaN NaN NaN NaN NaN NaN NaN NaN NaN NaN NaN NaN NaN NaN NaN NaN NaN NaN NaN NaN NaN NaN NaN NaN NaN 
NaN NaN NaN NaN NaN NaN NaN NaN NaN NaN NaN NaN NaN NaN NaN NaN NaN NaN NaN NaN NaN NaN NaN NaN NaN NaN NaN NaN NaN NaN NaN NaN NaN NaN NaN NaN NaN NaN NaN NaN 
NaN NaN NaN NaN NaN NaN NaN NaN NaN NaN NaN NaN NaN NaN NaN NaN NaN NaN NaN NaN NaN NaN NaN NaN NaN NaN NaN NaN NaN NaN NaN NaN NaN NaN NaN NaN NaN NaN NaN NaN 
NaN NaN NaN NaN NaN NaN NaN NaN NaN NaN NaN NaN NaN NaN NaN NaN NaN NaN NaN NaN NaN NaN NaN NaN NaN NaN NaN NaN NaN NaN NaN NaN NaN NaN NaN NaN NaN NaN NaN NaN 
NaN NaN NaN NaN NaN NaN NaN NaN NaN NaN NaN NaN NaN NaN NaN NaN NaN NaN NaN NaN NaN NaN NaN NaN NaN NaN NaN NaN NaN NaN NaN NaN NaN NaN NaN NaN NaN NaN NaN NaN 
NaN NaN NaN NaN NaN NaN NaN NaN NaN NaN NaN NaN NaN NaN NaN NaN NaN NaN NaN NaN NaN NaN NaN NaN NaN NaN NaN NaN NaN NaN NaN NaN NaN NaN NaN NaN NaN NaN NaN NaN 
NaN NaN NaN NaN NaN NaN NaN NaN NaN NaN NaN NaN NaN NaN NaN NaN NaN NaN NaN NaN NaN NaN NaN NaN NaN NaN NaN NaN NaN NaN NaN NaN NaN NaN NaN NaN NaN NaN NaN NaN 
NaN NaN NaN NaN NaN NaN NaN NaN NaN NaN NaN NaN NaN NaN NaN NaN NaN NaN NaN NaN NaN NaN NaN NaN NaN NaN NaN NaN NaN NaN NaN NaN NaN NaN NaN NaN NaN NaN NaN NaN 
NaN NaN NaN NaN NaN NaN NaN NaN NaN NaN NaN NaN NaN NaN NaN NaN NaN NaN NaN NaN NaN NaN NaN NaN NaN NaN NaN NaN NaN NaN NaN NaN NaN NaN NaN NaN NaN NaN NaN NaN 
NaN NaN NaN NaN NaN NaN NaN NaN NaN NaN NaN NaN NaN NaN NaN NaN NaN NaN NaN NaN NaN NaN NaN NaN NaN NaN NaN NaN NaN NaN NaN NaN NaN NaN NaN NaN NaN NaN NaN NaN 
-85.612306 -85.634000 -85.670095 -85.730997 -85.813549 -85.929348 -86.070981 -86.252985 -86.495467 -86.785487 -87.139886 -87.581853 -88.104219 -88.742056 -89.513827 -90.425319 -91.533900 -92.839925 -94.367599 -96.070492 -97.796718 -99.173179 -99.778329 -99.691138 -99.405698 -99.371250 -99.811655 -100.763010 -101.988779 -102.772948 -102.519425 -101.814090 -101.597896 -102.276169 -103.500358 -103.903505 -103.277019 -103.653876 -107.293736 -111.506322 
-44.368450 -46.051275 -46.939146 -48.192406 -49.298790 -54.435859 -57.861189 -58.973556 -62.808451 -66.230936 -68.747043 -75.523574 -71.191991 -71.329061 -74.441323 -79.869461 -83.584360 -84.033844 -82.790541 -79.806651 -82.992354 -79.723231 -73.614419 -78.017679 -83.150630 -84.727418 -86.498205 -86.568706 -86.116015 -83.968522 -84.130258 -87.658231 -88.385377 -85.640303 -85.964457 -84.330379 -80.280504 -79.879504 -84.468093 -85.918986 
-20.589355 -19.173921 -8.713336 -2.894423 -3.828439 -12.339822 -20.388015 -24.934506 -26.942208 -30.591590 -32.704126 -33.468086 -34.595024 -34.130054 -34.945625 -38.347714 -38.556415 -38.658595 -38.489429 -36.778577 -39.222225 -41.780496 -43.266531 -43.912581 -44.974100 -44.831100 -45.967148 -46.399770 -47.144403 -47.686996 -47.786167 -48.540829 -49.221619 -49.487843 -49.814404 -50.262234 -50.579211 -50.698121 -50.835120 -50.896180 
-14.103343 -8.452502 6.842280 16.104456 13.821817 3.004519 -1.003534 -3.476944 -10.327088 -22.039580 -28.715127 -27.359757 -27.911333 -28.387619 -25.003918 -28.577228 -31.891658 -29.340114 -22.872902 -22.158429 -26.819743 -29.609942 -27.352126 -36.303216 -35.305226 -36.134076 -40.173255 -41.188077 -41.534295 -41.715296 -40.469270 -41.034717 -43.095953 -43.721944 -43.950882 -44.343613 -44.782354 -44.522576 -45.101484 -45.228635 
-11.604410 -15.077678 11.729259 21.990853 15.003769 0.818050 8.937567 3.660144 -10.535459 -11.700300 -22.848788 -21.750238 -26.265340 -20.533946 -19.929644 -26.356066 -29.755351 -25.548938 -17.867093 -19.123646 -21.061603 -22.402036 -20.792666 -28.965541 -30.947364 -29.822966 -35.820129 -39.206485 -39.666924 -39.125231 -35.618005 -36.093788 -41.011083 -42.313860 -42.482740 -42.864483 -43.130698 -43.076248 -43.027735 -41.453800 
-12.198009 -17.151208 13.526557 24.119258 16.296694 -3.846586 10.627261 7.864587 -18.150114 -10.603388 -19.899816 -14.813872 -17.157654 -19.121976 -19.203839 -27.513607 -30.154631 -23.904692 -14.234159 -16.392908 -19.412522 -19.147565 -20.445166 -27.078500 -29.705786 -27.476564 -36.829157 -43.933518 -43.086736 -38.875130 -34.970583 -33.958779 -42.175979 -46.447165 -46.920159 -46.291911 -47.325228 -44.780625 -45.897298 -43.594755 
-15.541874 -18.927658 14.754117 26.033731 18.467389 -6.809797 12.080682 9.986918 -18.081141 -8.750136 -20.013956 -11.468802 -11.568520 -21.860545 -21.698120 -27.593245 -26.797517 -18.126058 -13.092327 -13.746919 -15.320302 -14.591616 -16.049364 -23.850368 -27.342387 -25.983493 -35.448607 -43.901998 -41.568668 -37.033642 -29.855372 -29.596073 -41.081263 -46.006376 -45.624558 -45.805014 -46.439559 -41.793557 -43.215918 -39.052584 
-23.730406 -22.695899 15.602318 27.489256 20.647138 -4.882222 12.724175 11.890330 -16.470813 -8.521573 -19.274810 -11.734006 -11.140936 -19.402658 -21.043047 -22.819165 -24.415996 -14.153961 -14.909281 -13.587586 -13.183061 -12.678106 -15.119297 -22.889833 -26.215015 -24.649878 -33.021076 -42.858443 -40.672483 -34.719369 -28.230443 -30.392630 -41.303194 -43.843269 -43.697257 -45.406580 -47.061456 -43.203977 -44.509447 -38.735586 
-14.918000 -15.065866 15.674690 28.377175 22.254828 0.220979 13.334117 13.609768 -4.256763 -4.000429 -13.649526 -11.557781 -8.890482 -17.805081 -15.016688 -21.498814 -19.373857 -8.951126 -9.785962 -11.068302 -11.167418 -10.840180 -12.981121 -20.006243 -23.033241 -22.767942 -29.170825 -38.424566 -38.661295 -29.992379 -25.241021 -27.198130 -37.125031 -43.849975 -43.317263 -43.145159 -43.744417 -37.188017 -40.014103 -38.433405 
-20.023375 -7.086596 12.776599 27.414787 24.578765 5.714808 8.303625 16.318612 8.304624 11.627973 13.137558 4.166458 5.877535 -3.892359 0.488614 -8.431523 -8.868699 -3.365761 -0.556521 5.372211 2.374450 -5.085894 -12.363038 -17.374937 -17.476151 -11.808097 -8.113316 -13.693401 -19.301846 -22.349148 -21.830646 -18.887711 -23.786578 -31.565616 -25.340683 -30.124112 -37.746172 -33.393801 -26.703848 -29.746834 
-21.297872 -11.884230 8.213714 24.215123 19.714053 -4.070765 11.005008 14.672576 -5.297720 18.408642 19.574772 6.688238 13.927731 3.062793 9.029317 -1.288536 0.869341 0.650912 1.223814 8.276445 9.113064 4.841392 -4.826045 -9.326683 -12.370740 -9.756171 -4.232005 -4.893546 -9.294597 -17.576965 -15.665883 -10.383245 -12.357222 -19.940577 -20.287645 -25.070450 -34.491141 -32.581175 -23.252533 -23.698038 
-19.225126 -15.255751 8.192407 23.258802 18.811221 -6.076691 10.040471 14.095964 -7.489850 18.268331 17.272479 3.623324 15.053427 3.840098 12.201684 -0.169101 3.530434 1.558724 1.875144 7.251303 10.648286 7.290846 -2.340738 -4.545482 -9.185461 -10.986370 -4.443231 -1.656532 -5.958171 -11.717713 -12.681645 -7.818528 -6.169593 -14.153617 -17.960084 -21.475719 -29.840871 -32.189720 -24.371781 -20.568820 
-6.670429 -14.405103 7.773149 23.028135 18.220992 -7.477932 9.700885 13.511434 -6.721948 17.753208 15.616266 4.736863 14.579870 3.696814 13.456406 2.825062 6.114636 2.238990 1.642347 7.845011 11.387992 5.380052 -1.149130 -4.259267 -9.284723 -9.227335 -4.352228 0.399085 -2.832966 -8.550804 -8.767322 -7.815719 -8.413988 -16.029736 -18.824779 -22.075539 -32.038323 -34.441988 -27.091675 -24.531658 
-19.890333 -15.067383 8.437875 22.972418 17.970131 -7.821537 9.396645 12.430292 -6.781593 17.586292 14.662371 4.969172 12.917114 4.793807 14.059242 3.144905 7.479296 3.982889 2.842702 8.246307 10.746048 4.250836 -2.179838 -4.188203 -7.558843 -9.792868 -5.124651 -1.351337 -1.546473 -7.632298 -10.895153 -8.909211 -9.443360 -14.031073 -16.871498 -20.009141 -28.909897 -31.903896 -29.125136 -24.131315 
-15.651476 -19.937424 10.086045 23.107491 17.149866 -8.885840 10.061366 10.595290 -6.783180 17.609232 11.620104 5.699209 9.902592 7.090453 15.110174 7.198929 8.300134 6.109243 5.537350 7.972797 8.632378 1.033568 -3.685431 -6.392664 -9.728673 -12.050162 -6.666503 -1.413840 -1.723993 -7.588508 -11.428789 -9.661552 -9.184013 -16.569210 -21.961499 -25.614353 -33.445381 -38.654163 -35.771806 -23.464152 
-15.427435 -22.434037 11.075255 23.344277 16.680599 -8.625887 9.810822 9.070363 -4.294519 17.242548 9.037851 6.850606 8.361292 10.793010 15.123419 8.891086 7.832060 7.596102 7.798347 9.235506 7.910951 -0.275045 -5.788428 -9.768636 -12.440906 -14.529770 -9.687157 -4.389131 -1.035614 -6.962027 -8.674247 -8.188477 -11.196572 -18.244512 -19.785288 -23.323501 -30.644227 -32.366556 -30.717844 -24.922525 
-17.265523 -18.675071 11.682645 23.485672 16.318145 -6.971663 9.273748 7.367894 -2.415815 16.807603 7.056507 7.699728 7.735503 11.016212 13.773268 8.884434 7.457153 9.693433 9.160302 7.905737 4.560104 -2.836082 -8.174074 -12.645510 -15.799680 -17.035941 -12.357960 -5.998940 -4.186178 -8.285577 -9.125913 -6.885081 -11.010787 -16.153592 -19.014898 -23.183354 -34.212822 -39.180370 -34.156594 -28.182474 
-17.650833 -20.529040 12.663870 23.519935 15.502182 -9.284947 8.970640 5.173327 -0.039893 16.518869 4.736758 10.281898 7.029536 13.391558 11.674100 10.428363 6.560154 9.890119 7.294208 3.546872 -0.339279 -2.378768 -11.265260 -14.080433 -17.677725 -20.761741 -14.801093 -8.489438 -5.484142 -7.793363 -10.055666 -11.526283 -14.404689 -18.650370 -21.994228 -25.729136 -34.714976 -42.904965 -35.695522 -25.484362 
-17.146796 -16.209250 13.768211 23.502721 14.709927 -6.186577 8.942167 3.235276 2.671397 15.995828 2.752157 12.047551 6.527746 15.096966 10.511306 10.522741 6.805444 9.830389 7.493424 0.572382 -1.983520 -4.379825 -12.389191 -15.750777 -18.699282 -20.931425 -14.718914 -9.117827 -5.705096 -5.416762 -9.396936 -12.813617 -17.692791 -20.613327 -24.732563 -29.181621 -37.141247 -41.526353 -36.440282 -26.413198 
-13.320147 -14.375746 14.836566 23.398370 13.303638 -2.990213 9.887483 1.590427 5.331488 14.125045 0.781269 13.518018 5.386603 16.741155 8.658311 8.933534 8.396559 8.863952 6.514102 -0.746305 -4.572358 -8.574258 -14.755530 -19.064843 -22.482098 -23.182396 -17.557026 -10.094247 -4.853199 -7.331347 -11.425296 -13.847830 -18.574265 -22.906320 -22.592726 -27.089982 -37.432765 -42.693691 -34.816357 -25.334693 
-11.362787 -10.346415 16.243018 23.167117 11.950337 0.787543 10.687388 0.263275 8.696349 12.171280 4.107082 13.996884 7.629008 16.781755 7.327534 9.034812 11.785368 6.266893 4.664380 -0.469093 -4.104112 -8.041215 -14.981659 -20.113015 -21.996796 -24.036972 -19.960426 -10.604384 -5.572438 -8.301441 -10.620813 -17.274365 -20.788124 -24.169310 -24.186249 -28.075002 -38.398832 -40.842356 -34.320561 -27.034802 
-19.276841 -5.012543 17.659682 22.598633 9.265282 5.262688 11.428508 -1.208504 11.173310 8.297644 8.920436 12.726340 11.178233 13.788621 9.081554 8.950578 14.886423 6.517608 1.591296 -1.319199 -4.947453 -8.165133 -15.016360 -21.360090 -23.787000 -27.284071 -20.191200 -13.112490 -4.985847 -7.702172 -10.013035 -13.641208 -20.691682 -27.535375 -26.353733 -25.961875 -37.731141 -40.004768 -34.972446 -26.019903 
-12.149107 0.471429 18.648110 21.278685 5.799323 9.340100 11.643476 -0.435079 11.614832 3.860363 14.752610 11.632389 13.278625 10.625671 11.627019 11.434113 13.012583 5.168557 -2.534361 -4.243319 -6.497425 -8.823405 -16.217357 -22.234074 -24.529461 -26.216894 -21.428942 -12.748342 -8.286025 -11.612732 -11.331037 -16.429268 -24.493065 -27.421777 -22.475575 -26.012178 -32.677104 -33.333363 -32.569863 -28.539020 
-9.491181 2.672285 19.053326 19.252288 3.731470 11.802308 9.653472 3.801888 11.052003 5.295218 16.564926 9.740975 12.449872 11.671029 12.590248 14.292569 9.471505 4.039463 -2.742736 -6.052060 -9.405589 -10.850900 -17.177145 -23.178021 -25.058271 -25.840421 -20.682381 -11.883966 -9.707220 -11.918244 -11.922892 -15.506430 -23.920329 -27.314668 -22.735918 -26.253683 -34.033956 -35.197768 -33.002317 -29.195043 
-19.660599 6.080580 18.798013 15.791865 3.700411 13.624953 6.113642 8.163775 7.985810 11.575410 13.704385 11.577928 9.202834 14.452676 12.632324 13.104787 9.113738 -0.133342 -7.532730 -10.081247 -11.879617 -13.558546 -19.912172 -25.424690 -29.161618 -32.969550 -23.894057 -11.995133 -8.902690 -13.747507 -15.488510 -18.816003 -27.669946 -28.471275 -26.574436 -28.486019 -39.114966 -45.452914 -34.301393 -28.807270 
-14.613734 7.583559 17.916330 11.653546 8.246205 14.602285 4.470628 10.065463 4.971902 14.076185 9.948442 13.621701 12.944927 14.030423 13.146117 9.778722 5.255561 -5.931364 -13.536242 -12.113348 -13.025369 -14.007927 -20.914193 -26.928927 -31.979841 -30.724080 -20.532047 -9.291931 -9.701289 -17.524422 -18.068441 -22.236425 -28.459539 -30.439261 -27.433541 -30.515179 -39.636501 -41.829303 -36.909226 -32.094351 
-12.201225 9.065275 17.466020 10.686864 10.874120 14.071745 4.767919 10.094822 5.744070 12.562793 9.960137 9.868389 10.768707 10.859097 12.128939 10.583333 0.876113 -10.015846 -14.603509 -16.776672 -18.430825 -18.531457 -21.235500 -27.701413 -32.991850 -33.928056 -24.770589 -15.375208 -14.207756 -20.780642 -15.475061 -22.838817 -29.669152 -30.075790 -26.094946 -34.925102 -46.781504 -47.465417 -37.521032 -30.712436 
-7.981044 10.120457 16.509147 8.941743 15.014201 13.221176 6.754193 7.963169 9.573563 8.711035 12.662448 9.879875 8.291681 10.092653 10.489414 8.472700 -3.135195 -13.100177 -17.206004 -19.121619 -21.737976 -21.395848 -23.663649 -30.608727 -34.501661 -35.901229 -27.272005 -17.888417 -18.673798 -23.575202 -20.784232 -25.335040 -30.335742 -28.686792 -21.747956 -27.935321 -45.626194 -44.571599 -34.669642 -29.000546 
-5.674907 10.329833 15.752562 8.066973 15.623580 11.913918 7.454987 5.295286 9.891340 6.318924 10.916163 3.734237 3.173423 9.105462 7.778450 1.387297 -5.680580 -13.602189 -18.535323 -20.806575 -21.632566 -21.627373 -24.226144 -34.257008 -40.990615 -38.325530 -26.391987 -20.056944 -22.264157 -28.733613 -23.535568 -24.811338 -30.873713 -32.364205 -21.177083 -28.137083 -44.694179 -48.191219 -36.856356 -29.795117 
-6.221815 9.789896 13.438603 7.853923 15.876214 10.007267 7.770714 4.795771 9.619586 5.786019 6.149161 0.975580 1.614841 3.819613 5.338003 -0.072577 -10.927656 -19.065223 -24.214235 -27.279893 -28.864514 -27.532107 -30.583456 -34.371937 -39.393627 -38.765330 -30.642280 -20.357413 -24.900278 -31.909660 -27.411819 -25.376858 -33.284322 -33.196684 -23.454764 -29.520268 -42.850364 -47.180313 -39.787991 -32.141276 
-3.988594 9.434718 10.818384 7.900591 14.133149 5.914594 5.373020 3.076003 5.262110 -0.238376 -4.086282 -3.188966 -0.519023 2.847230 2.882899 -1.781963 -16.969163 -24.616820 -24.471559 -26.468158 -27.978400 -30.863135 -32.537075 -37.860773 -45.838246 -44.058663 -34.182247 -32.884256 -34.830714 -40.272877 -31.123647 -27.987349 -35.114866 -37.462508 -28.353593 -30.003157 -44.178943 -47.527816 -43.887437 -39.299622 
-4.604003 10.230334 10.569579 8.373331 13.057614 3.818473 2.735445 2.429559 3.044858 -4.579526 -7.897653 -13.226284 -9.531171 -6.731564 -6.418845 -6.705662 -12.989386 -23.457797 -27.785342 -26.745609 -27.060301 -30.226019 -31.178036 -40.633773 -45.908691 -42.741548 -32.636901 -31.823954 -34.888777 -35.019350 -31.705441 -29.834966 -38.679528 -38.057591 -26.106299 -29.606780 -41.167517 -44.393689 -39.803030 -37.984531 
-3.755178 11.215144 12.712053 8.113988 12.025180 1.676550 -2.007704 -0.131453 -3.284626 -13.241725 -12.651767 -10.098542 -13.685784 -12.555650 -9.109332 -8.634919 -5.661772 -14.576517 -19.829161 -21.981403 -28.140364 -27.114640 -26.825726 -32.393609 -39.331969 -37.497900 -30.875311 -30.838556 -32.793400 -37.242324 -34.685335 -26.684850 -33.413483 -33.917869 -28.896361 -31.733872 -43.715522 -42.266457 -40.691386 -40.125062 
-3.296618 10.392316 10.252026 7.241274 8.153312 -4.591403 -10.346531 -6.309523 -11.088769 -23.516595 -13.980893 -13.997850 -16.085204 -15.009577 -18.479989 -17.669265 -12.013382 -14.232196 -22.172719 -17.454465 -18.395758 -22.585452 -24.822254 -28.980357 -31.883976 -38.871736 -31.127750 -29.987721 -33.327400 -35.639059 -30.191583 -24.605345 -27.613681 -31.030664 -28.007758 -26.901796 -33.888141 -32.116585 -32.917739 -37.099556 
-4.561266 8.423119 5.070121 2.311151 3.973007 -8.701636 -20.016975 -17.224673 -21.173583 -18.292124 -20.867442 -21.008459 -20.459328 -19.374718 -19.248305 -17.712931 -18.158838 -17.313466 -16.239705 -17.855815 -18.066293 -19.221037 -18.820287 -22.162929 -24.605727 -28.180484 -29.223382 -27.003862 -33.857286 -31.449795 -30.594448 -27.166016 -23.457064 -20.867332 -15.962648 -21.661439 -25.153191 -25.756021 -26.612900 -29.169473 
-4.298094 6.795611 4.835037 -4.568659 -5.324790 -16.432775 -21.543750 -22.565327 -23.028287 -24.446104 -21.976589 -16.505943 -12.215886 -14.845134 -15.070761 -20.709420 -19.857496 -13.403439 -11.494296 -15.299872 -17.664220 -19.154923 -19.930167 -22.245994 -28.124507 -27.258143 -23.277331 -25.985989 -28.510709 -26.064605 -24.059495 -16.858886 -15.922483 -16.218331 -11.387561 -12.557296 -14.261364 -15.486510 -18.449372 -20.581199 
-9.702768 0.706654 -0.987714 -9.334417 -14.977647 -21.571069 -21.638770 -23.087807 -17.847088 -18.195051 -15.378061 -18.074911 -18.143306 -13.036895 -16.702803 -20.315303 -26.063009 -19.170993 -10.489185 -14.385340 -18.618073 -21.907574 -21.174072 -22.228087 -26.264813 -29.402533 -23.267996 -23.800622 -25.867356 -21.989712 -23.203931 -16.933712 -12.415699 -13.755589 -7.773437 -7.669253 -5.297743 -5.535085 -6.865438 -9.704842 
-13.386836 -11.875047 -11.610365 -18.992782 -16.705568 -24.246387 -25.330197 -22.847986 -23.248634 -26.501363 -23.011995 -24.154906 -17.269785 -17.215813 -15.652476 -20.843960 -22.136162 -23.748236 -18.246098 -17.789891 -17.139973 -20.579521 -24.698338 -22.258803 -27.635632 -23.921632 -19.512038 -18.749028 -21.446347 -21.075199 -18.766388 -15.237798 -10.474049 -11.661607 -8.560743 -2.564083 -4.858899 -3.804007 -1.299356 -6.568422 
-15.206605 -14.002100 -10.334603 -18.012810 -20.822701 -29.737343 -25.607342 -22.728680 -20.124218 -23.450644 -23.326357 -25.213624 -20.326506 -21.596643 -20.765607 -24.375523 -22.605883 -23.401938 -22.447849 -18.708858 -22.465000 -28.292457 -25.061300 -24.371554 -25.722795 -28.772949 -24.192701 -26.295784 -25.735771 -21.454415 -20.266548 -17.240781 -15.712493 -13.118721 -7.213159 -5.705460 -6.282981 -4.614342 -1.209117 -4.502422 
-12.900566 -12.159900 -13.615030 -25.154160 -27.025322 -34.085597 -29.250049 -24.905018 -23.367493 -21.969872 -25.643105 -21.184997 -22.358469 -18.467526 -19.344857 -25.563365 -18.955455 -19.324517 -22.278781 -19.274163 -22.040352 -23.690699 -23.790107 -23.234482 -21.677346 -24.917780 -21.523386 -22.338271 -22.478296 -23.326584 -21.116443 -15.609196 -15.251845 -15.744068 -9.226166 -4.210858 -5.219857 -2.382659 1.334290 -1.068387 
-12.714749 -15.136891 -19.438125 -27.408601 -32.719415 -29.662123 -26.051285 -24.509616 -23.736356 -34.670741 -36.507187 -28.143233 -28.303302 -28.956563 -23.186606 -24.026079 -18.911653 -23.249451 -25.760226 -30.073403 -28.569577 -22.540774 -26.517699 -25.464962 -21.609857 -27.560423 -26.046923 -24.902913 -23.009697 -24.101990 -21.886613 -16.062014 -12.922627 -15.123857 -8.795733 -4.654424 -3.192315 -0.891921 1.374452 -0.296060 
-10.218330 -13.579017 -19.782132 -31.672476 -39.534001 -31.935599 -25.195670 -27.321661 -24.221488 -26.516549 -32.080812 -27.361830 -33.787699 -27.325436 -31.911608 -27.173864 -28.973696 -29.808005 -32.514239 -29.552182 -28.128144 -26.734852 -27.766700 -26.036046 -23.373550 -29.639069 -29.292899 -27.040361 -26.067113 -23.437043 -22.804211 -14.528904 -11.408924 -14.729274 -7.426812 -7.915475 -4.035048 -1.535538 0.705160 -0.082334 
-11.713727 -15.089353 -23.529148 -31.842903 -40.754281 -40.304163 -36.558458 -28.677525 -29.307025 -29.744566 -30.788131 -29.361385 -32.098025 -29.187941 -34.479627 -23.924459 -27.822992 -30.144386 -29.310904 -28.884073 -28.914532 -30.213925 -29.754275 -29.820175 -27.308967 -29.949206 -31.686584 -29.374181 -29.522011 -26.680873 -21.371311 -17.120151 -13.162394 -13.381726 -10.016779 -5.454652 -4.972915 -2.614722 2.656997 -1.779528 
-15.096045 -20.861953 -29.518527 -33.838573 -41.983234 -37.561423 -36.820483 -37.103188 -29.746289 -33.744591 -38.873021 -41.432777 -33.566617 -29.937597 -29.169827 -29.854754 -31.419533 -28.555352 -30.909863 -29.999920 -27.774638 -27.497693 -29.691276 -34.385048 -30.602155 -28.373118 -29.053611 -30.300332 -32.053316 -29.518992 -26.764544 -21.618498 -14.031346 -15.252035 -11.413128 -6.463580 -6.404444 -2.794864 2.568335 -0.643910 
-22.491557 -18.640120 -22.158538 -32.624700 -35.524148 -40.574635 -39.777472 -29.235136 -32.345984 -36.810544 -29.512655 -30.906701 -34.395449 -27.262876 -29.241357 -29.129511 -31.354071 -28.545101 -29.945620 -34.968842 -31.883874 -32.354804 -26.970944 -30.287210 -36.560580 -36.300247 -30.054553 -30.598218 -28.716212 -28.180316 -25.114097 -21.789364 -16.048366 -13.980899 -12.425486 -7.183303 -6.641775 -3.547347 1.015580 1.249504 
-13.583138 -19.664006 -24.483333 -29.171067 -42.067441 -40.853569 -34.645337 -31.880580 -33.914324 -35.362470 -33.125846 -32.788873 -28.258549 -28.413524 -30.600122 -29.003180 -28.448276 -33.417957 -28.378778 -27.136310 -28.745729 -29.531886 -29.458891 -26.810147 -32.121130 -28.759730 -26.317784 -30.061477 -29.537227 -27.536903 -23.979968 -24.227630 -18.153036 -15.087793 -11.810504 -10.634621 -9.760088 -6.163518 -3.200012 0.083700 
-15.887725 -22.575502 -29.673305 -32.199644 -37.936762 -38.200801 -37.731991 -30.146587 -27.356602 -33.145762 -30.533895 -37.041100 -29.116714 -29.215530 -27.065301 -26.956856 -32.400307 -29.122989 -32.109676 -24.918243 -32.791847 -28.165825 -26.809068 -24.405994 -27.544784 -29.669106 -28.006027 -25.683542 -24.878103 -23.350077 -22.190772 -21.202009 -18.510924 -15.048304 -14.717440 -14.115529 -11.924157 -3.973787 -1.946401 0.250642 
-16.329740 -23.865671 -31.565007 -36.971076 -36.819786 -38.323050 -31.826170 -30.563985 -27.558241 -35.391680 -29.699766 -28.945948 -26.274422 -26.623015 -21.884373 -25.044229 -27.463875 -28.595180 -32.881368 -28.668241 -31.079454 -27.705042 -26.824717 -27.782765 -27.790180 -26.237813 -27.141939 -26.548258 -29.277699 -26.483868 -23.082035 -21.151425 -18.719471 -18.928330 -15.360218 -13.188911 -10.957662 -8.416880 -5.028305 -0.117272 
-11.951853 -18.921487 -29.283548 -41.725243 -40.462992 -37.861577 -26.955604 -25.323309 -27.624430 -34.709669 -29.913929 -27.569428 -26.691470 -26.012489 -28.499349 -28.928931 -25.843737 -29.163892 -32.875032 -28.300476 -29.640033 -25.003602 -24.379439 -27.033460 -27.788568 -25.263806 -25.132238 -25.864714 -29.106344 -28.158127 -26.236533 -16.852567 -15.642025 -14.859941 -14.068027 -13.866030 -11.049363 -6.516658 -3.040976 -3.483179 
-13.161982 -19.779603 -25.534916 -37.719340 -41.212925 -33.344439 -25.570687 -29.688079 -31.084091 -40.113358 -39.025383 -30.325301 -26.195857 -25.995125 -28.557446 -29.686741 -30.494057 -27.774074 -25.834707 -24.771054 -26.858185 -23.932541 -23.737184 -26.621939 -29.394922 -29.180189 -23.131361 -28.007187 -26.376080 -25.471337 -25.933128 -21.351381 -15.667854 -15.415288 -13.475855 -14.751000 -13.824276 -7.124147 -3.521523 -3.791779 
-16.278131 -20.625612 -26.991955 -30.557312 -32.180169 -31.891349 -24.049264 -23.145811 -29.954235 -31.850973 -27.095286 -33.642448 -27.389409 -26.292347 -23.813314 -25.563268 -26.006333 -30.965417 -28.997709 -27.340656 -26.938689 -23.478323 -22.859154 -25.003727 -26.539313 -31.506706 -25.004971 -28.470848 -27.473075 -25.201854 -20.956135 -19.257041 -14.916404 -18.135136 -17.900260 -14.914888 -10.413131 -9.015588 -4.121922 -2.473176 
-17.645903 -20.649814 -29.791824 -32.224081 -29.120085 -29.704238 -23.301663 -16.202063 -17.102560 -17.392737 -28.385872 -29.910247 -23.839050 -22.427576 -23.537002 -26.540666 -27.674296 -28.248705 -25.840242 -21.623477 -17.947860 -24.455174 -23.665064 -25.694305 -26.894258 -27.102292 -22.909091 -25.668143 -26.628286 -27.142393 -23.103638 -16.694369 -12.453431 -15.492052 -18.433269 -16.812288 -12.229057 -11.482656 -6.911021 -6.107177 
-11.801416 -17.585508 -31.333005 -35.082706 -36.424106 -24.928660 -18.303510 -15.322403 -16.167233 -17.931112 -20.909124 -22.497458 -23.998121 -25.902354 -28.752424 -26.244025 -30.295948 -33.084943 -27.579745 -18.499013 -15.273232 -20.542618 -25.141714 -25.384880 -29.045701 -26.794736 -25.090910 -25.053055 -26.765465 -26.297390 -25.878734 -21.618415 -16.706956 -18.469495 -18.009863 -17.770012 -15.501304 -14.798530 -9.012468 -9.552566 
-9.818041 -17.383656 -25.419087 -26.823532 -34.059684 -35.915893 -34.699966 -21.762802 -21.869261 -22.669658 -26.574051 -25.247054 -21.672032 -25.382029 -32.217232 -29.526167 -27.148218 -32.038297 -30.448979 -24.567515 -19.428401 -25.112466 -33.087897 -29.272345 -31.909023 -29.230773 -24.122817 -28.964110 -32.544719 -30.543788 -31.072095 -29.770871 -25.118733 -26.302373 -27.829875 -26.075826 -23.401894 -21.781265 -21.806761 -21.532032 
-9.635050 -16.163485 -21.190612 -25.093351 -34.233584 -35.317056 -28.596359 -28.732276 -27.814132 -31.427876 -36.709300 -30.997499 -22.674470 -20.887311 -27.420060 -30.554297 -33.541260 -34.188457 -32.093576 -24.260216 -24.029072 -27.640271 -35.325203 -36.241419 -39.505235 -36.747269 -31.557731 -38.731901 -40.696804 -40.006643 -42.176438 -37.406251 -36.041114 -38.615391 -36.678614 -34.461076 -34.909344 -38.053743 -36.149893 -39.415135 
-26.659087 -28.643812 -32.230849 -38.472091 -44.649742 -46.856835 -48.143370 -43.298657 -42.815255 -46.542612 -44.670169 -43.534926 -37.070994 -34.352888 -36.646067 -39.973743 -45.957036 -52.520370 -46.061210 -39.937415 -42.838252 -49.998609 -53.874168 -55.220035 -56.086442 -55.367050 -48.435765 -54.811856 -62.909293 -63.826397 -59.306031 -55.419371 -57.517486 -60.143346 -57.273045 -57.612558 -57.243643 -55.412550 -50.021964 -57.061612 
-93.174156 -94.123560 -95.833151 -99.064795 -103.301521 -102.332038 -98.097321 -95.323937 -94.137916 -94.585506 -96.933650 -102.981319 -110.061045 -101.356076 -97.553525 -96.824675 -98.792405 -105.864819 -103.083556 -96.433517 -96.415071 -101.265388 -97.551800 -96.168782 -101.265183 -99.065643 -101.893225 -108.251915 -105.266386 -108.123461 -104.304082 -103.453960 -103.600086 -106.031612 -109.421696 -110.337784 -109.103375 -110.467412 -111.415887 -109.869250 
NaN NaN NaN NaN NaN NaN NaN NaN NaN NaN NaN NaN NaN NaN NaN NaN NaN NaN NaN NaN NaN NaN NaN NaN NaN NaN NaN NaN NaN NaN NaN NaN NaN NaN NaN NaN NaN NaN NaN NaN 
NaN NaN NaN NaN NaN NaN NaN NaN NaN NaN NaN NaN NaN NaN NaN NaN NaN NaN NaN NaN NaN NaN NaN NaN NaN NaN NaN NaN NaN NaN NaN NaN NaN NaN NaN NaN NaN NaN NaN NaN 
NaN NaN NaN NaN NaN NaN NaN NaN NaN NaN NaN NaN NaN NaN NaN NaN NaN NaN NaN NaN NaN NaN NaN NaN NaN NaN NaN NaN NaN NaN NaN NaN NaN NaN NaN NaN NaN NaN NaN NaN 
NaN NaN NaN NaN NaN NaN NaN NaN NaN NaN NaN NaN NaN NaN NaN NaN NaN NaN NaN NaN NaN NaN NaN NaN NaN NaN NaN NaN NaN NaN NaN NaN NaN NaN NaN NaN NaN NaN NaN NaN 
NaN NaN NaN NaN NaN NaN NaN NaN NaN NaN NaN NaN NaN NaN NaN NaN NaN NaN NaN NaN NaN NaN NaN NaN NaN NaN NaN NaN NaN NaN NaN NaN NaN NaN NaN NaN NaN NaN NaN NaN 
NaN NaN NaN NaN NaN NaN NaN NaN NaN NaN NaN NaN NaN NaN NaN NaN NaN NaN NaN NaN NaN NaN NaN NaN NaN NaN NaN NaN NaN NaN NaN NaN NaN NaN NaN NaN NaN NaN NaN NaN 
NaN NaN NaN NaN NaN NaN NaN NaN NaN NaN NaN NaN NaN NaN NaN NaN NaN NaN NaN NaN NaN NaN NaN NaN NaN NaN NaN NaN NaN NaN NaN NaN NaN NaN NaN NaN NaN NaN NaN NaN 
NaN NaN NaN NaN NaN NaN NaN NaN NaN NaN NaN NaN NaN NaN NaN NaN NaN NaN NaN NaN NaN NaN NaN NaN NaN NaN NaN NaN NaN NaN NaN NaN NaN NaN NaN NaN NaN NaN NaN NaN 
