-7.666290 -4.183143 -1.755549 -1.138688 -3.425713 -7.721501 -9.157296 -12.448461 -17.568367 -20.558329 -22.422283 -24.472373 -29.426816 -33.988613 -30.410429 -37.432685 -44.313513 -35.501737 -34.613701 -33.630228 -37.228230 -41.367039 -49.006259 -47.737798 -45.776312 -42.473836 -47.644409 -54.496432 -53.855697 -46.980404 -47.903617 -58.784278 -54.317384 -55.079108 -59.595000 -52.888972 -55.583812 -56.671661 -57.966859 -62.697118 
-8.000179 -3.188446 0.115351 2.255543 -3.257650 -9.536159 -12.072025 -17.349658 -22.207992 -25.844447 -33.883320 -26.788335 -30.922526 -32.519341 -27.953853 -32.432830 -34.907277 -33.793370 -29.340602 -30.333408 -31.713653 -35.804301 -40.098023 -41.216451 -37.260407 -33.968735 -40.046774 -43.629536 -43.726803 -38.361000 -40.893685 -45.653376 -46.956617 -47.175919 -47.327940 -46.762350 -47.320657 -48.221599 -48.405181 -48.935867 
-3.646189 3.540150 15.496717 18.826346 11.743606 1.426165 1.609643 -4.689995 -20.424060 -20.487143 -22.498273 -18.997063 -27.555645 -18.702512 -22.496522 -27.559872 -27.567306 -27.464904 -23.637575 -24.980368 -29.739639 -31.903656 -32.413048 -33.025109 -31.332733 -29.503032 -34.878116 -36.418600 -36.915606 -33.198544 -34.514290 -37.633590 -38.589967 -39.245683 -39.504192 -39.571683 -39.582010 -40.607805 -40.699585 -40.847960 
-8.717749 8.524955 23.364785 24.432081 11.150272 11.403406 10.460694 -0.028115 -0.112434 -15.205587 -16.598633 -15.298790 -13.562009 -17.974406 -18.986162 -24.302652 -23.771535 -21.555250 -20.254415 -20.397600 -21.748324 -27.300712 -30.261432 -30.454759 -29.364378 -29.203411 -36.086272 -37.308903 -37.367329 -33.220918 -31.404829 -38.083908 -39.523955 -39.746219 -39.977082 -39.489291 -39.625265 -40.906409 -41.197824 -41.653468 
-19.200883 10.358371 25.827972 24.948222 7.344955 14.175153 10.752439 -0.942046 3.746241 -14.454741 -12.843221 -14.612689 -10.986970 -11.021763 -11.317687 -19.788653 -18.626599 -15.280301 -14.731078 -17.600818 -19.146496 -22.571769 -25.061086 -24.742813 -22.397784 -22.505477 -29.808188 -30.473858 -29.769922 -25.893913 -24.519821 -32.374098 -33.329027 -33.776683 -34.150086 -33.876564 -34.065100 -34.893897 -35.003006 -35.189336 
-20.993419 11.673609 26.984458 25.944784 7.464983 14.967074 10.417695 -2.153551 4.084689 -11.284133 -12.625146 -15.546826 -11.431298 -9.136304 -11.025457 -17.134750 -16.228723 -12.398910 -10.505743 -15.809217 -17.007347 -23.350836 -26.393577 -25.471990 -21.670332 -22.116867 -31.100003 -32.825032 -31.719672 -25.077854 -22.801367 -34.117849 -35.096081 -35.988689 -36.223141 -32.840732 -33.681138 -37.144233 -37.310212 -37.417141 
-9.243773 11.636869 27.337355 26.592170 7.860896 15.427322 11.991773 -2.220712 3.569166 -14.097397 -10.884556 -18.810153 -12.933753 -8.782567 -9.727746 -17.476742 -17.291947 -12.772378 -9.856406 -19.531581 -17.155501 -24.732754 -29.971126 -27.348486 -21.472300 -21.541013 -38.465496 -41.765433 -35.515847 -26.112688 -23.887045 -38.359722 -46.471488 -47.397528 -47.223285 -38.614890 -39.027356 -42.651644 -43.219980 -48.173591 
-13.866355 11.065666 27.168668 27.112613 8.275754 15.254650 13.387010 -3.344603 3.142883 -11.455449 -8.248327 -13.683118 -11.576078 -10.428215 -8.017850 -15.633968 -16.374402 -13.672363 -10.343479 -17.926208 -17.713666 -21.804686 -23.744702 -22.896834 -21.080213 -20.183149 -26.874628 -27.494404 -27.276271 -24.011225 -23.115841 -28.917615 -30.306731 -30.623462 -30.939305 -31.144660 -31.315326 -31.792219 -31.991243 -32.179176 
-9.809787 8.502961 26.610923 27.621864 9.610736 14.771633 14.714045 -3.469108 1.600750 -9.739875 -9.356945 -15.287870 -15.330157 -11.929056 -7.810213 -16.759802 -16.050683 -12.402727 -11.649444 -17.860818 -20.271910 -22.754045 -26.333099 -26.409049 -25.767288 -22.638020 -31.943535 -33.019566 -31.355719 -23.632797 -22.025718 -33.825931 -36.591323 -36.867938 -37.269263 -36.552550 -36.401789 -37.710889 -38.202602 -38.441775 
-8.076843 7.984078 26.125489 28.175447 11.084813 14.090238 15.826853 -1.338504 -0.239188 -9.611787 -7.574323 -11.636148 -13.841415 -13.648701 -8.151705 -15.040548 -15.720096 -11.169794 -13.557855 -15.363554 -18.172074 -21.573762 -25.623160 -25.335467 -23.811044 -24.548976 -27.845409 -29.116313 -29.183896 -23.313732 -22.040215 -30.678138 -31.999991 -32.338037 -32.574896 -32.553595 -32.669047 -33.508082 -33.808113 -33.964034 
-5.685204 5.686216 25.049195 28.419301 13.711945 12.811015 17.236394 6.720725 0.675023 -3.453865 -5.497903 -8.982958 -10.910389 -12.117531 -9.245912 -13.249332 -11.114834 -10.082735 -11.949538 -17.337984 -19.340133 -24.620100 -31.730310 -27.991858 -24.993391 -25.183144 -37.138963 -38.924942 -33.437028 -24.967423 -23.407893 -39.411039 -44.780562 -42.990221 -40.328159 -38.126781 -41.768750 -44.942348 -44.785704 -46.706460 
-7.503201 0.440690 21.391408 27.413947 15.973487 5.037914 16.568425 12.249796 11.873032 12.805782 7.185577 7.930510 1.532215 0.529246 -0.976791 -4.352593 -4.250204 -1.123233 -0.382876 0.286497 -6.993619 -15.175040 -21.084243 -19.176312 -17.045146 -12.363166 -12.447600 -23.414313 -23.025183 -18.528913 -18.591025 -26.183960 -28.996425 -29.808526 -27.780363 -27.626841 -30.058170 -31.637727 -31.558064 -31.628964 
-10.644170 -4.557814 19.750710 24.658450 9.075827 7.528764 14.598196 1.736634 8.851454 10.348452 8.135755 15.182999 4.778028 7.504580 1.090031 -0.595151 -2.503786 -1.644092 -1.776773 -1.390579 1.471395 -7.403362 -18.951411 -15.623483 -17.625362 -12.453232 -12.225500 -21.127312 -24.681853 -23.573760 -18.929174 -24.229881 -33.088257 -34.489201 -20.886851 -17.210029 -23.740782 -36.720271 -38.700496 -36.467228 
-17.821520 -7.960151 18.334156 24.991983 13.412228 2.610347 13.440629 3.217630 4.836425 9.247167 5.477448 17.396518 4.938207 9.394282 -0.224368 3.325708 -3.383593 -2.942751 -0.229929 -4.354961 -0.224285 -6.979814 -14.624602 -13.005171 -12.494150 -11.647321 -8.216591 -15.620051 -17.647691 -17.243983 -16.117076 -20.867631 -31.275028 -33.249468 -20.598757 -16.611355 -23.588698 -35.743849 -40.963233 -40.297684 
-18.872413 -12.453958 16.756030 24.950371 14.738464 -1.121092 12.082074 5.132879 -0.627161 8.101662 1.796895 16.668730 5.934080 7.143283 1.077961 7.036439 -1.721445 -1.335274 1.863408 -0.448593 -4.197961 -8.407652 -16.856923 -10.950031 -10.390370 -9.015523 -8.289924 -14.712202 -19.434427 -20.156687 -19.209840 -25.943358 -32.950773 -34.509809 -21.731032 -17.517130 -22.317891 -31.717110 -41.311052 -44.758647 
-21.322327 -14.485685 15.258961 24.647440 15.522943 -5.570656 10.808552 5.790799 -5.136433 7.502340 -3.129889 13.624398 6.733405 3.512502 -1.088096 7.171274 -1.195665 -1.534532 -1.314614 -2.588606 -2.589125 -11.009767 -15.326088 -8.934822 -12.537672 -10.813282 -7.053890 -11.889816 -17.868310 -18.560065 -18.998135 -26.687822 -31.117716 -30.832206 -17.523854 -19.401265 -23.326815 -31.860895 -41.558037 -44.692318 
-21.973260 -19.143687 13.191876 24.291248 16.650532 -7.418694 8.945225 6.719966 -10.699124 6.821853 -1.782642 9.437586 6.776413 1.098331 1.299394 6.544750 1.657534 1.237017 -1.670797 -3.349769 -3.248292 -15.802235 -15.263774 -10.317388 -12.219261 -11.361885 -8.590477 -13.110920 -18.542908 -18.976250 -17.688471 -23.328536 -32.681521 -32.386223 -20.664297 -17.645371 -23.415296 -32.652822 -44.264678 -45.359692 
-16.411058 -21.086885 11.616822 23.990439 17.207486 -11.709493 7.181594 6.778031 -12.704695 6.946943 0.527419 2.601168 6.064990 -4.355441 -3.145006 1.818540 0.588589 0.610100 -1.348528 -4.952878 -7.032057 -13.455969 -13.703576 -11.390883 -13.151180 -14.017497 -10.794409 -13.233154 -17.060317 -16.636143 -18.361077 -23.638317 -33.123796 -34.740653 -19.291062 -17.968877 -21.189166 -29.548156 -40.702199 -47.739948 
-15.454236 -18.240119 10.400378 23.704631 17.919947 -10.237294 5.667920 6.723650 -14.605138 6.265935 0.296897 0.784958 6.433791 -4.551638 -2.145462 1.691409 3.115172 2.169433 -2.490881 -3.155274 -5.183008 -13.812901 -16.865272 -15.339376 -14.971049 -14.695598 -10.713384 -10.942042 -15.825572 -14.754409 -15.940270 -22.509611 -30.100689 -33.969037 -21.322083 -17.769318 -22.174126 -28.514570 -39.441831 -45.818078 
-22.855210 -19.603833 10.398562 23.579828 17.485083 -13.146305 5.441014 6.290133 -13.581469 6.520845 0.623073 1.602263 5.668031 -6.605529 -3.394527 1.294595 2.397010 1.990223 -2.094283 -3.563071 -8.880150 -16.414570 -17.416054 -16.843411 -17.482057 -17.103795 -11.188821 -12.976794 -16.983662 -16.185031 -18.366577 -24.737165 -31.720854 -35.794302 -21.582922 -19.921643 -25.532446 -37.178157 -44.972636 -49.100892 
-16.071958 -22.126015 10.425961 23.556771 17.599638 -12.208644 5.182403 6.251855 -13.497014 6.172452 -0.262966 -0.379766 4.690045 -6.564772 -2.931445 -0.856859 3.247344 3.740328 -0.312732 -3.484301 -11.215824 -16.314745 -17.463074 -14.980422 -14.563474 -15.911864 -9.892661 -12.220886 -17.508223 -17.661482 -19.853567 -24.945020 -33.160512 -38.919557 -23.967372 -20.827461 -25.685457 -33.251231 -42.530664 -51.010977 
-20.589592 -17.086436 10.941609 23.507925 17.055900 -9.822338 6.027971 5.294294 -11.590723 5.907768 -0.608656 1.301025 4.211277 -8.079993 -3.087126 -1.758525 0.591626 3.565972 -0.024954 -4.074488 -12.276915 -15.991335 -18.676550 -15.666724 -15.576293 -18.656244 -12.889036 -13.225504 -16.192695 -16.958316 -18.334132 -25.300728 -34.598060 -40.002051 -26.861608 -21.846335 -25.988263 -34.663808 -43.377527 -47.680202 
-18.815927 -18.102535 11.811064 23.306717 16.083678 -10.229478 5.969138 3.111667 -12.657687 4.087862 -5.366704 5.760179 3.036984 -1.847061 -5.357603 2.366422 -2.466022 1.922616 -5.116345 -8.144617 -13.579311 -18.722398 -20.819450 -19.547323 -18.070482 -22.263612 -19.179926 -17.338534 -19.568262 -19.726919 -24.249150 -29.187202 -36.323307 -41.048693 -25.560110 -27.358957 -28.827576 -35.647450 -44.658918 -47.512102 
-20.434596 -23.961206 12.579724 22.762718 14.415756 -8.853707 5.500845 1.051400 -11.519283 2.078681 -6.038091 6.452889 0.223915 -1.053938 -3.053080 5.620803 -0.636511 -0.228107 -2.804231 -11.453130 -17.158267 -24.969564 -25.841400 -20.452604 -20.202757 -24.324032 -23.219163 -19.522735 -22.467751 -18.896222 -22.623090 -29.953800 -40.085492 -43.325844 -30.095084 -24.490753 -28.956140 -40.032262 -44.979482 -50.033837 
-22.572478 -14.218851 12.176064 22.112341 13.275146 -8.793970 4.001747 1.630149 -7.590364 1.889046 -6.214445 4.377990 0.265060 -3.133243 -1.753429 2.736346 -0.604093 1.647794 -6.936509 -14.519217 -18.995302 -24.874959 -27.897833 -26.624001 -24.982036 -22.405642 -20.313154 -19.448144 -22.474885 -23.522797 -26.631918 -34.251934 -40.071549 -41.955585 -31.711185 -27.403346 -30.928232 -39.277323 -46.131347 -48.665249 
-14.933458 -6.083062 14.396248 22.434316 13.571748 1.034532 7.782446 1.922468 0.238868 4.194703 0.460764 2.157353 1.747424 -1.128056 0.636474 5.165438 0.603387 1.970940 -8.477058 -17.221311 -21.450060 -24.027243 -25.617635 -25.646191 -26.317538 -27.095105 -19.832409 -16.874182 -20.401927 -19.712981 -25.324580 -36.104409 -44.803555 -41.929236 -30.700069 -25.507510 -30.548086 -41.380671 -47.079626 -51.029795 
-11.458125 0.807897 19.001470 21.586332 6.515139 7.471670 9.650268 -1.496249 7.878489 -1.204450 7.726307 6.203093 5.762051 4.069750 7.987491 6.456712 5.477796 3.439684 -2.458582 -9.582752 -14.199258 -19.272206 -25.423393 -24.697694 -25.366082 -24.499408 -16.954580 -15.057926 -20.448034 -18.941036 -21.800214 -32.821605 -36.277870 -36.455119 -30.899600 -25.545742 -31.017226 -38.256199 -39.839726 -40.127823 
-17.140278 5.837428 20.574718 19.792732 4.348517 11.472716 7.667806 4.122867 8.679068 3.512017 9.723401 5.538898 7.095433 7.871689 7.028110 9.698624 7.342873 3.295778 -3.008437 -12.383568 -15.428623 -21.126277 -25.039574 -25.463130 -26.328432 -22.938336 -16.113643 -17.102402 -20.081077 -16.388204 -18.901548 -31.961535 -39.231462 -43.280616 -33.656640 -29.714911 -35.546563 -41.245040 -44.513814 -44.894106 
-18.155420 7.555435 20.402387 16.688801 4.950188 12.984349 5.136816 9.078213 6.481793 8.377415 7.087630 9.881612 7.610160 9.830514 9.341083 9.580804 9.334922 2.793925 -4.617554 -12.566364 -15.598628 -19.123644 -24.109661 -24.123182 -24.445726 -20.944768 -14.761503 -18.459146 -21.826963 -17.396528 -19.753080 -33.759114 -41.021461 -46.160620 -32.814485 -26.410850 -34.292977 -45.497054 -50.069758 -50.783562 
-16.535859 10.522408 20.463644 14.157399 8.238381 12.709837 4.957102 11.023846 4.831701 9.071318 5.356851 10.159274 8.581374 8.409223 9.349224 10.259087 7.258337 1.664159 -5.065644 -13.669407 -16.908514 -20.605029 -23.727085 -22.870541 -21.481082 -17.737675 -13.940598 -18.578980 -22.819439 -20.017421 -23.165673 -31.267709 -35.035149 -36.657651 -31.509266 -25.942843 -31.401150 -37.818654 -38.464571 -38.635734 
-9.841725 12.749441 20.326978 12.523896 11.644842 10.494551 7.500491 9.543436 6.343177 6.911335 9.192377 6.624149 7.911890 8.483464 9.527747 10.678525 8.654580 -0.814815 -7.698108 -15.927097 -19.243937 -22.526811 -24.610143 -22.907794 -22.250709 -20.101313 -16.693435 -21.219868 -25.148141 -20.470568 -22.582392 -31.594037 -34.276984 -35.288050 -31.555718 -28.860638 -30.650263 -35.951812 -36.566438 -36.869646 
-5.193234 13.942576 19.045098 9.756234 13.468796 9.582997 10.007401 7.393696 10.354287 6.078955 9.679371 6.930019 6.350556 6.781022 9.945851 12.193083 5.647656 -4.952741 -10.861658 -17.541638 -21.116412 -22.953880 -25.404578 -24.866865 -25.401702 -21.797770 -14.559678 -19.683879 -23.808501 -19.440572 -23.694291 -30.638375 -33.123989 -34.717742 -30.172075 -27.150978 -32.126805 -35.585508 -36.337425 -36.424761 
-3.630159 14.283866 17.481704 9.635462 14.225174 9.068395 11.329416 7.223872 11.385610 7.853322 7.531542 6.607479 5.895286 7.207824 10.459243 12.195801 1.451227 -7.660165 -12.641606 -18.817468 -21.259367 -24.028367 -27.356073 -27.746263 -25.794202 -22.045256 -16.271672 -23.721963 -26.147794 -22.963185 -25.221879 -33.406529 -38.484166 -45.936244 -39.339097 -33.202968 -35.051308 -44.695648 -52.928513 -52.724795 
-2.056125 14.328438 15.985732 10.310084 14.299987 8.733431 12.030155 9.356237 11.446212 9.356770 5.127947 5.599246 4.888492 6.600372 10.624158 8.595198 -2.744457 -12.451610 -16.797053 -21.977181 -22.539045 -25.484251 -30.117950 -29.381436 -27.818638 -24.081841 -18.207428 -23.828394 -26.160957 -20.710585 -23.921544 -34.875020 -39.977851 -46.592034 -36.737623 -31.001232 -36.354631 -45.066346 -53.409463 -53.422490 
-2.433300 14.347497 15.147023 11.151730 14.562041 9.535369 11.982033 11.212081 11.188276 8.707104 2.323125 1.723481 3.464780 5.762424 9.547955 4.540897 -6.635213 -14.730734 -18.905713 -24.535085 -25.719926 -29.050827 -32.032170 -32.461949 -29.837502 -24.553417 -19.342493 -25.149795 -28.221469 -21.944646 -27.309091 -37.487451 -39.905788 -46.861181 -45.058292 -34.102599 -36.248581 -47.457189 -52.139792 -54.031516 
-2.241760 14.162280 14.683487 11.805788 14.746050 10.289759 11.662413 12.303672 9.891715 6.186385 0.333994 -0.795168 1.697619 4.941151 9.259828 1.809368 -8.554736 -16.222102 -21.891521 -27.859547 -29.448482 -30.390015 -32.824260 -33.588726 -32.379114 -26.996105 -22.446864 -29.850870 -29.932089 -23.334656 -27.928703 -35.833267 -41.048369 -46.940026 -42.534076 -33.877667 -38.486282 -46.763003 -49.091126 -53.521968 
-0.640210 14.303294 14.546912 12.080558 14.672076 10.797492 11.699673 12.724227 9.651684 3.885914 -0.708507 -1.364813 -0.223782 4.450028 8.851460 0.794577 -9.719942 -19.001070 -23.984181 -29.049395 -30.902595 -30.755715 -34.533679 -33.976326 -32.163336 -27.680187 -23.734288 -32.471915 -33.582622 -26.666491 -29.266008 -39.377779 -43.034805 -43.897152 -44.362685 -37.431065 -38.351526 -45.327108 -47.468505 -49.138780 
-0.395967 13.942588 13.680380 12.413860 14.083362 10.476623 10.894819 12.560809 7.035952 2.122123 -2.802447 -3.059636 -1.011507 2.232526 4.382586 -1.806408 -12.181791 -22.222906 -25.598808 -29.271034 -30.366398 -31.607389 -33.494456 -35.884586 -33.470870 -27.579548 -25.262052 -33.336869 -33.908931 -29.877695 -32.793714 -40.824776 -42.494222 -42.783492 -43.086437 -37.517231 -38.957292 -43.949843 -44.132954 -45.485228 
-2.091621 13.549092 13.031483 11.968944 13.401465 9.810239 9.877149 11.601354 5.169983 -0.044355 -6.341287 -6.191781 -2.995937 -0.393964 2.656090 -0.084041 -13.100832 -23.990030 -25.511367 -31.362033 -32.400964 -34.437948 -36.931443 -37.432812 -33.873382 -25.932287 -22.674271 -32.299202 -36.385058 -30.286177 -34.325643 -44.227769 -47.780794 -50.787194 -43.805318 -37.142552 -40.087755 -48.521125 -51.627043 -54.689947 
-1.637519 13.609450 12.950638 11.450649 12.465842 9.328134 8.621827 10.389772 4.069014 -1.975676 -7.902527 -6.232709 -5.142740 -3.365295 -0.074236 1.944318 -7.310548 -20.335176 -24.645778 -28.963781 -32.022867 -32.832288 -35.647954 -36.237954 -33.262839 -25.570303 -25.097896 -33.931548 -38.257866 -33.718206 -33.165896 -40.901957 -42.208932 -44.007281 -42.658855 -39.153489 -39.955533 -44.556289 -45.336057 -45.366876 
-2.395145 13.385576 12.691310 10.843699 10.819272 7.418963 6.401807 8.084208 2.536750 -6.440793 -11.252429 -9.042623 -8.200921 -8.110707 -6.866530 -7.409038 -10.005602 -17.455124 -22.082730 -28.360721 -32.347149 -36.902363 -36.745989 -37.034941 -33.258176 -25.647105 -27.195841 -39.039438 -40.879890 -33.946920 -33.501609 -41.195186 -45.329239 -47.011963 -45.220705 -36.847016 -36.267489 -45.990888 -49.110522 -50.297642 
-3.278928 13.304586 13.958887 9.942800 9.581200 4.480102 4.003239 3.319639 -1.256421 -11.969190 -13.377852 -14.616007 -11.572360 -11.067364 -11.361677 -11.687996 -13.207682 -15.624025 -23.553545 -27.057094 -33.230912 -35.651052 -35.046770 -38.170464 -35.314491 -29.876901 -29.074035 -39.795567 -42.287199 -33.548124 -31.104511 -42.917799 -46.298769 -47.875985 -42.128944 -33.834316 -36.158930 -42.719642 -49.266108 -52.469311 
-3.076894 13.019427 14.426689 7.745628 7.398699 -0.415777 -0.903650 -3.372363 -12.486292 -22.253272 -19.942256 -17.709683 -16.423736 -15.457098 -15.077566 -22.193715 -21.451541 -19.009000 -17.625086 -19.456170 -25.579544 -33.117914 -33.217558 -35.886463 -32.387322 -28.626449 -30.915154 -36.933491 -41.958300 -34.782335 -30.924085 -39.924751 -43.733947 -46.894980 -38.082562 -32.491726 -36.615696 -42.699794 -47.864737 -48.579890 
-2.166836 9.806247 10.875684 2.946113 4.402743 -4.578364 -7.924805 -7.679625 -14.189648 -17.237256 -21.503645 -16.348787 -20.180000 -18.674637 -18.774462 -26.342516 -24.113468 -12.073777 -10.486185 -18.631446 -23.437233 -28.226875 -29.282960 -26.859750 -27.374199 -24.644950 -20.877215 -32.379462 -34.341187 -32.093844 -26.531904 -34.361402 -34.474995 -33.393507 -29.772170 -31.031325 -33.811797 -35.472512 -36.944375 -39.481989 
-3.482778 2.895659 -0.245040 -6.325239 -5.604072 -15.033235 -17.724961 -13.756150 -11.894988 -22.070838 -18.436912 -14.358550 -17.225398 -17.154269 -16.956563 -21.092608 -23.523559 -19.744983 -12.759497 -12.905263 -15.864969 -20.680445 -24.254322 -23.446012 -27.093203 -22.856301 -20.340348 -26.972011 -23.522217 -24.429565 -19.283932 -22.658371 -21.822501 -19.674474 -19.075988 -20.400687 -19.730485 -20.107215 -21.998742 -22.966236 
-7.685843 -10.014887 -16.560627 -10.152709 -10.234833 -16.489717 -13.651194 -13.782062 -17.570990 -22.557431 -21.293962 -13.990255 -11.466425 -13.779620 -17.753243 -19.909987 -23.069598 -20.150152 -15.543356 -12.328630 -11.285800 -11.747973 -13.313454 -25.249909 -27.297859 -19.945158 -19.213835 -22.432913 -22.669263 -16.820808 -17.564083 -18.192773 -15.509910 -10.558018 -9.451313 -12.807171 -10.964209 -9.892523 -11.388512 -11.849659 
-20.221017 -13.016442 -20.048040 -23.021766 -21.305982 -19.105771 -19.914699 -15.650224 -19.672769 -25.685493 -20.840788 -19.644862 -18.390209 -17.346751 -13.217945 -12.338651 -19.469021 -14.734025 -20.122914 -12.194912 -13.238286 -19.002079 -16.791063 -22.082988 -19.869397 -17.802926 -15.850922 -22.811863 -21.322928 -19.107847 -18.194736 -18.567735 -17.854090 -10.220696 -5.778113 -6.005138 -8.974427 -9.686429 -8.940174 -10.402038 
-23.191835 -18.417583 -20.930214 -25.821137 -25.998201 -24.437754 -19.333071 -16.602450 -22.135158 -21.024111 -19.817597 -18.910110 -20.957589 -13.075144 -9.054128 -12.010241 -13.994452 -19.941911 -19.436136 -13.535391 -18.821357 -18.737799 -13.349813 -20.286388 -21.299226 -20.560291 -17.862669 -19.193446 -25.445113 -20.075811 -18.033942 -14.811812 -13.055530 -10.331459 -5.203217 -3.691637 -3.983097 -2.668588 -1.216112 -6.741751 
-15.614122 -17.902882 -24.574559 -26.810877 -30.985453 -19.998196 -18.554728 -17.848115 -20.531598 -17.891951 -19.068627 -27.798020 -21.356964 -16.674089 -14.633260 -16.496468 -18.462009 -20.473756 -16.889471 -13.073085 -20.518572 -20.723424 -21.103432 -23.959929 -27.917934 -22.984508 -17.487455 -21.710777 -24.864745 -22.285998 -18.943997 -17.665416 -15.554641 -11.885141 -7.501072 -4.021925 -3.543626 0.300776 1.707022 -2.968450 
-15.082776 -24.968401 -26.586024 -32.676232 -32.192413 -29.636834 -20.762485 -21.577310 -22.342558 -22.325190 -23.294429 -24.660389 -25.484578 -25.856027 -24.323360 -18.961781 -18.320290 -20.582783 -23.842421 -20.316404 -23.502324 -24.753633 -27.330325 -22.722482 -24.529450 -25.202692 -21.460833 -23.624614 -25.327509 -22.421015 -18.703564 -17.157579 -17.578106 -13.727199 -9.554329 -9.224020 -4.416869 -2.831642 0.104969 -2.561470 
-14.526346 -16.753458 -23.279767 -30.982484 -40.001218 -41.028807 -32.045354 -24.663529 -26.342800 -30.061754 -29.737380 -31.142529 -26.084918 -23.992824 -25.093334 -19.038552 -23.404113 -23.559482 -22.541769 -21.419313 -22.115240 -22.527865 -22.668090 -28.102946 -30.073417 -36.138577 -25.543159 -26.050800 -25.432663 -23.222391 -17.954051 -15.154453 -14.953396 -13.315474 -7.408620 -4.680399 -2.153563 -0.763317 2.457900 -1.965824 
-16.902901 -26.586232 -24.764038 -29.258646 -32.697679 -34.106787 -30.024905 -27.545869 -30.073188 -26.050441 -28.552085 -28.218523 -26.923125 -29.414348 -26.348616 -20.980867 -25.624269 -25.535978 -33.383487 -22.798785 -21.009593 -20.801068 -22.910310 -27.397684 -28.733809 -27.620920 -23.769722 -27.771638 -25.156071 -21.037603 -20.073341 -22.378057 -14.790136 -10.247665 -6.222339 -5.659159 -1.238843 -2.738432 -0.242365 -2.949023 
-22.493032 -19.624737 -27.828440 -35.788072 -38.753501 -28.419337 -22.921825 -21.778941 -23.113182 -27.509476 -25.090047 -22.658500 -27.336267 -24.495622 -19.894120 -19.847398 -23.701095 -26.509637 -28.150707 -26.168358 -24.493033 -23.220336 -27.874558 -26.268339 -28.548703 -25.862981 -24.991863 -31.960269 -23.721088 -17.185437 -18.456416 -22.186278 -14.519776 -9.153240 -4.815989 -3.291029 -2.250999 -3.195472 -0.903237 -4.922919 
-14.965218 -28.495945 -27.181609 -32.052919 -34.949557 -37.089866 -24.961114 -24.673292 -26.644012 -28.344229 -27.822793 -28.838012 -23.861758 -18.881890 -17.011908 -21.055767 -27.629645 -28.989762 -25.190358 -20.496441 -20.015586 -23.359206 -25.961231 -26.926722 -28.852418 -27.063385 -23.301814 -26.480989 -26.699692 -21.466240 -17.557180 -15.414010 -15.514359 -14.526694 -10.583971 -5.391330 -2.697330 -0.327653 -4.648762 -3.907656 
-18.081614 -28.285707 -32.193832 -34.881425 -34.712571 -35.869940 -36.513375 -27.226323 -23.176363 -29.700753 -28.717784 -26.917257 -26.972482 -23.886971 -21.320617 -23.385684 -30.102376 -31.594027 -23.124485 -20.732847 -20.932162 -22.436659 -25.565185 -32.150167 -30.018425 -23.004623 -22.651028 -26.008498 -26.575209 -25.637875 -19.009435 -16.396214 -17.325616 -13.821624 -7.200593 -4.932373 -3.496841 0.866211 -2.016855 -4.448503 
-19.933621 -25.105184 -28.304086 -35.715441 -37.727683 -38.847433 -28.389667 -23.718726 -24.021029 -23.837680 -27.709761 -26.796386 -26.601869 -30.858697 -24.746644 -23.232007 -26.006106 -23.774439 -20.940721 -21.347680 -18.312103 -22.671687 -21.564720 -26.640058 -28.481548 -24.721883 -28.065391 -28.738351 -22.230157 -19.262460 -17.715092 -17.192625 -14.465219 -10.054296 -6.567972 -4.703037 -4.377022 -1.152410 0.858189 -2.934197 
-18.840301 -20.898072 -29.606414 -37.628361 -36.549539 -33.474058 -27.227604 -28.270011 -20.778915 -26.475734 -28.059013 -27.722283 -26.755456 -22.494085 -18.088043 -19.301886 -25.679089 -27.430908 -24.555076 -21.109415 -16.286250 -20.834291 -23.533968 -26.051840 -28.726434 -26.111515 -26.115464 -27.381853 -24.291291 -22.964610 -18.170505 -20.898056 -19.884808 -12.499754 -8.466154 -7.638624 -4.760544 -1.802321 -3.225434 -6.915660 
-20.192631 -23.606587 -26.111783 -30.336160 -34.459282 -32.646252 -28.251613 -26.940205 -23.084634 -27.202788 -22.225761 -21.764224 -24.410993 -26.320839 -22.121059 -19.989645 -25.383743 -30.827863 -27.232290 -26.117244 -23.778105 -23.181047 -28.171809 -30.264951 -27.799879 -25.070678 -22.700834 -25.158230 -24.926750 -21.722140 -23.585103 -22.952148 -19.000077 -13.212476 -12.139903 -8.880675 -4.600202 -3.282933 -7.858693 -12.487956 
-11.933054 -15.178242 -21.613460 -25.792228 -31.468432 -26.704268 -23.899279 -25.798240 -22.668736 -24.456560 -28.088870 -25.443301 -24.411171 -22.446121 -23.961799 -18.627111 -22.287492 -21.300406 -20.745528 -23.133254 -21.423415 -20.890951 -21.090371 -26.973826 -30.072462 -24.233442 -22.046691 -26.452682 -26.496055 -24.429599 -23.589780 -22.695724 -20.624413 -16.395445 -11.096300 -8.512370 -8.365143 -4.705645 -5.625951 -12.293401 
-12.368797 -20.037675 -24.101919 -30.687829 -28.305077 -26.592984 -21.699686 -18.790888 -20.287045 -24.260677 -29.739713 -28.900313 -29.916673 -28.616441 -19.943489 -22.331390 -23.259934 -27.647532 -26.061291 -23.683143 -18.591135 -19.486902 -23.835074 -30.177954 -30.561062 -20.104906 -18.265765 -23.824838 -26.365457 -21.944121 -23.768896 -24.434895 -22.887974 -17.123669 -13.486860 -10.379498 -7.632826 -7.039574 -7.613911 -14.373449 
-9.214428 -15.969255 -29.298682 -21.712835 -24.262210 -21.676183 -17.645052 -12.835139 -16.756210 -20.323546 -21.796561 -22.801072 -27.339622 -18.992374 -17.919753 -24.690429 -22.271501 -26.925627 -20.368267 -16.330453 -20.075284 -23.532491 -22.444552 -27.295789 -26.051176 -18.704531 -19.260853 -25.685952 -26.350043 -22.702081 -23.037667 -22.904458 -22.912475 -20.403856 -17.543181 -14.340920 -13.929377 -12.320628 -13.806185 -19.300276 
-11.561403 -13.766451 -17.061105 -17.175759 -17.130029 -21.285136 -23.009464 -18.148044 -13.613442 -18.661548 -23.932711 -24.123900 -24.913768 -22.447235 -21.419557 -20.633915 -23.970328 -28.428303 -22.393684 -16.122054 -16.676766 -25.814143 -24.146779 -28.043001 -31.306362 -23.814115 -21.287062 -33.148549 -31.832025 -29.856765 -27.421679 -28.705981 -30.669781 -24.608268 -21.628739 -21.203458 -20.797598 -21.030369 -25.759232 -29.646878 
-14.611754 -13.461599 -18.044600 -16.092330 -18.012661 -25.170240 -19.800896 -19.473912 -15.306625 -20.193885 -27.382261 -21.063971 -24.880933 -25.306575 -23.619450 -25.917930 -28.345927 -27.651505 -23.686014 -18.995806 -20.346451 -27.376526 -28.613033 -32.051238 -37.665041 -24.194878 -22.752118 -35.681066 -36.293044 -36.469122 -32.820504 -36.066417 -36.883444 -30.105920 -28.467332 -30.832298 -30.566826 -29.989989 -31.148240 -36.281825 
-19.841174 -16.322442 -17.948942 -21.047491 -24.641549 -25.376825 -26.671483 -27.565904 -20.372678 -23.944776 -32.512604 -28.325817 -30.636685 -27.757702 -26.887383 -29.503317 -33.068917 -33.090516 -32.157223 -29.942813 -30.408242 -35.054948 -36.078419 -40.870654 -45.863020 -37.152533 -34.524904 -49.637406 -47.703339 -46.821677 -42.659038 -42.730989 -49.491567 -46.252321 -44.030721 -43.454680 -42.355448 -44.191122 -45.780265 -52.831805 
-37.582200 -38.134113 -39.824812 -42.124744 -48.179548 -57.450893 -50.175612 -44.995193 -42.997172 -43.830119 -46.768795 -52.453207 -53.666569 -51.521620 -49.291074 -46.725466 -47.215475 -48.441792 -47.097507 -52.056908 -57.655698 -59.176521 -59.077775 -67.788625 -67.195561 -60.012706 -56.698593 -65.126293 -70.258430 -69.456506 -60.297940 -60.698562 -70.765900 -67.173789 -68.088788 -69.937422 -67.781291 -66.609201 -67.747016 -73.890867 
-80.848550 -80.714047 -81.005801 -82.326965 -84.970298 -89.260791 -93.075407 -93.133419 -90.933927 -90.697941 -92.944023 -90.125107 -87.677081 -90.513898 -95.728701 -93.470157 -90.834332 -95.853743 -100.698969 -89.742037 -89.013349 -94.935257 -96.780083 -94.874372 -104.916187 -96.510444 -97.484270 -95.836111 -95.168828 -97.207830 -98.542847 -98.682868 -98.664744 -98.429656 -98.141287 -99.481621 -101.161376 -101.045403 -100.923578 -103.658154 
NaN NaN NaN NaN NaN NaN NaN NaN NaN NaN NaN NaN NaN NaN NaN NaN NaN NaN NaN NaN NaN NaN NaN NaN NaN NaN NaN NaN NaN NaN NaN NaN NaN NaN NaN NaN NaN NaN NaN NaN 
NaN NaN NaN NaN NaN NaN NaN NaN NaN NaN NaN NaN NaN NaN NaN NaN NaN NaN NaN NaN NaN NaN NaN NaN NaN NaN NaN NaN NaN NaN NaN NaN NaN NaN NaN NaN NaN NaN NaN NaN 
NaN NaN NaN NaN NaN NaN NaN NaN NaN NaN NaN NaN NaN NaN NaN NaN NaN NaN NaN NaN NaN NaN NaN NaN NaN NaN NaN NaN NaN NaN NaN NaN NaN NaN NaN NaN NaN NaN NaN NaN 
NaN NaN NaN NaN NaN NaN NaN NaN NaN NaN NaN NaN NaN NaN NaN NaN NaN NaN NaN NaN NaN NaN NaN NaN NaN NaN NaN NaN NaN NaN NaN NaN NaN NaN NaN NaN NaN NaN NaN NaN 
NaN NaN NaN NaN NaN NaN NaN NaN NaN NaN NaN NaN NaN NaN NaN NaN NaN NaN NaN NaN NaN NaN NaN NaN NaN NaN NaN NaN NaN NaN NaN NaN NaN NaN NaN NaN NaN NaN NaN NaN 
