NaN NaN NaN NaN NaN NaN NaN NaN NaN NaN NaN NaN NaN NaN NaN NaN NaN NaN NaN NaN NaN NaN NaN NaN NaN NaN NaN NaN NaN NaN NaN NaN NaN NaN NaN NaN NaN NaN NaN NaN 
NaN NaN NaN NaN NaN NaN NaN NaN NaN NaN NaN NaN NaN NaN NaN NaN NaN NaN NaN NaN NaN NaN NaN NaN NaN NaN NaN NaN NaN NaN NaN NaN NaN NaN NaN NaN NaN NaN NaN NaN 
NaN NaN NaN NaN NaN NaN NaN NaN NaN NaN NaN NaN NaN NaN NaN NaN NaN NaN NaN NaN NaN NaN NaN NaN NaN NaN NaN NaN NaN NaN NaN NaN NaN NaN NaN NaN NaN NaN NaN NaN 
NaN NaN NaN NaN NaN NaN NaN NaN NaN NaN NaN NaN NaN NaN NaN NaN NaN NaN NaN NaN NaN NaN NaN NaN NaN NaN NaN NaN NaN NaN NaN NaN NaN NaN NaN NaN NaN NaN NaN NaN 
NaN NaN NaN NaN NaN NaN NaN NaN NaN NaN NaN NaN NaN NaN NaN NaN NaN NaN NaN NaN NaN NaN NaN NaN NaN NaN NaN NaN NaN NaN NaN NaN NaN NaN NaN NaN NaN NaN NaN NaN 
NaN NaN NaN NaN NaN NaN NaN NaN NaN NaN NaN NaN NaN NaN NaN NaN NaN NaN NaN NaN NaN NaN NaN NaN NaN NaN NaN NaN NaN NaN NaN NaN NaN NaN NaN NaN NaN NaN NaN NaN 
NaN NaN NaN NaN NaN NaN NaN NaN NaN NaN NaN NaN NaN NaN NaN NaN NaN NaN NaN NaN NaN NaN NaN NaN NaN NaN NaN NaN NaN NaN NaN NaN NaN NaN NaN NaN NaN NaN NaN NaN 
NaN NaN NaN NaN NaN NaN NaN NaN NaN NaN NaN NaN NaN NaN NaN NaN NaN NaN NaN NaN NaN NaN NaN NaN NaN NaN NaN NaN NaN NaN NaN NaN NaN NaN NaN NaN NaN NaN NaN NaN 
NaN NaN NaN NaN NaN NaN NaN NaN NaN NaN NaN NaN NaN NaN NaN NaN NaN NaN NaN NaN NaN NaN NaN NaN NaN NaN NaN NaN NaN NaN NaN NaN NaN NaN NaN NaN NaN NaN NaN NaN 
NaN NaN NaN NaN NaN NaN NaN NaN NaN NaN NaN NaN NaN NaN NaN NaN NaN NaN NaN NaN NaN NaN NaN NaN NaN NaN NaN NaN NaN NaN NaN NaN NaN NaN NaN NaN NaN NaN NaN NaN 
NaN NaN NaN NaN NaN NaN NaN NaN NaN NaN NaN NaN NaN NaN NaN NaN NaN NaN NaN NaN NaN NaN NaN NaN NaN NaN NaN NaN NaN NaN NaN NaN NaN NaN NaN NaN NaN NaN NaN NaN 
NaN NaN NaN NaN NaN NaN NaN NaN NaN NaN NaN NaN NaN NaN NaN NaN NaN NaN NaN NaN NaN NaN NaN NaN NaN NaN NaN NaN NaN NaN NaN NaN NaN NaN NaN NaN NaN NaN NaN NaN 
NaN NaN NaN NaN NaN NaN NaN NaN NaN NaN NaN NaN NaN NaN NaN NaN NaN NaN NaN NaN NaN NaN NaN NaN NaN NaN NaN NaN NaN NaN NaN NaN NaN NaN NaN NaN NaN NaN NaN NaN 
NaN NaN NaN NaN NaN NaN NaN NaN NaN NaN NaN NaN NaN NaN NaN NaN NaN NaN NaN NaN NaN NaN NaN NaN NaN NaN NaN NaN NaN NaN NaN NaN NaN NaN NaN NaN NaN NaN NaN NaN 
NaN NaN NaN NaN NaN NaN NaN NaN NaN NaN NaN NaN NaN NaN NaN NaN NaN NaN NaN NaN NaN NaN NaN NaN NaN NaN NaN NaN NaN NaN NaN NaN NaN NaN NaN NaN NaN NaN NaN NaN 
NaN NaN NaN NaN NaN NaN NaN NaN NaN NaN NaN NaN NaN NaN NaN NaN NaN NaN NaN NaN NaN NaN NaN NaN NaN NaN NaN NaN NaN NaN NaN NaN NaN NaN NaN NaN NaN NaN NaN NaN 
NaN NaN NaN NaN NaN NaN NaN NaN NaN NaN NaN NaN NaN NaN NaN NaN NaN NaN NaN NaN NaN NaN NaN NaN NaN NaN NaN NaN NaN NaN NaN NaN NaN NaN NaN NaN NaN NaN NaN NaN 
NaN NaN NaN NaN NaN NaN NaN NaN NaN NaN NaN NaN NaN NaN NaN NaN NaN NaN NaN NaN NaN NaN NaN NaN NaN NaN NaN NaN NaN NaN NaN NaN NaN NaN NaN NaN NaN NaN NaN NaN 
NaN NaN NaN NaN NaN NaN NaN NaN NaN NaN NaN NaN NaN NaN NaN NaN NaN NaN NaN NaN NaN NaN NaN NaN NaN NaN NaN NaN NaN NaN NaN NaN NaN NaN NaN NaN NaN NaN NaN NaN 
NaN NaN NaN NaN NaN NaN NaN NaN NaN NaN NaN NaN NaN NaN NaN NaN NaN NaN NaN NaN NaN NaN NaN NaN NaN NaN NaN NaN NaN NaN NaN NaN NaN NaN NaN NaN NaN NaN NaN NaN 
NaN NaN NaN NaN NaN NaN NaN NaN NaN NaN NaN NaN NaN NaN NaN NaN NaN NaN NaN NaN NaN NaN NaN NaN NaN NaN NaN NaN NaN NaN NaN NaN NaN NaN NaN NaN NaN NaN NaN NaN 
NaN NaN NaN NaN NaN NaN NaN NaN NaN NaN NaN NaN NaN NaN NaN NaN NaN NaN NaN NaN NaN NaN NaN NaN NaN NaN NaN NaN NaN NaN NaN NaN NaN NaN NaN NaN NaN NaN NaN NaN 
-18.748201 -17.669810 -19.696838 -21.874420 -22.596429 -27.731227 -37.723683 -39.809489 -44.455402 -39.506300 -47.078403 -47.827455 -47.512839 -51.414935 -48.632188 -51.777759 -52.893418 -50.958273 -52.456423 -55.177918 -55.986130 -57.589310 -56.601300 -60.474629 -58.678159 -58.783972 -60.479570 -60.095498 -60.899839 -61.751562 -61.201590 -60.094457 -61.812148 -63.365838 -63.316612 -63.151670 -64.286160 -64.465954 -65.435595 -65.097870 
-11.110126 -8.881344 -0.339329 -1.934795 -6.848946 -16.142751 -20.609891 -26.278615 -35.373258 -33.637151 -37.875811 -38.173118 -40.643679 -39.735083 -40.793916 -43.797213 -44.364713 -43.726364 -39.948607 -44.707052 -45.160779 -47.757449 -43.625332 -43.571216 -46.184217 -50.425970 -51.060773 -51.875012 -51.581194 -51.142150 -51.481624 -51.975127 -53.403336 -54.814860 -55.473423 -54.886255 -55.629125 -55.748155 -56.591543 -56.118051 
-0.616139 10.742697 13.050253 7.193828 -2.943318 -8.883714 -15.493133 -19.906206 -23.017671 -28.145278 -31.391494 -31.525093 -38.832462 -39.984431 -38.788991 -40.119882 -37.910684 -36.602528 -40.342140 -37.858752 -37.908612 -39.126245 -39.333716 -38.388624 -49.184935 -52.085068 -53.218905 -53.266843 -47.875276 -46.060022 -47.762650 -51.146837 -56.196073 -54.069203 -52.984147 -53.474302 -53.904602 -56.498121 -56.335186 -53.978408 
4.187416 15.440076 13.259915 9.823630 10.059460 0.540012 -2.567758 -7.591618 -11.173765 -16.929815 -24.301448 -25.678233 -30.240205 -29.682809 -30.359793 -29.038325 -25.479082 -23.542474 -28.922361 -30.978517 -32.750035 -34.454443 -37.558981 -33.970314 -39.909579 -42.525511 -42.808877 -42.619661 -41.378005 -42.625385 -41.884701 -42.896310 -45.002460 -45.778451 -46.426768 -46.377474 -46.955995 -47.189578 -47.156571 -46.975332 
-0.007036 15.680572 16.489229 11.052619 12.723012 3.589311 2.896715 -3.072670 -5.634668 -11.086093 -20.931740 -27.438311 -33.691624 -31.059843 -29.170745 -29.043612 -24.936330 -23.054643 -27.165094 -26.737879 -26.249697 -26.302116 -22.475481 -21.746098 -32.229829 -45.137803 -50.423791 -50.088143 -47.003843 -39.177966 -37.012222 -42.634528 -44.834534 -52.691740 -54.346484 -51.113628 -52.848504 -51.219606 -52.343975 -52.326284 
-0.599099 15.558320 17.450700 10.759782 13.851790 5.077309 4.301372 -2.987284 -4.271253 -11.825227 -19.107335 -24.412843 -30.689558 -30.551294 -28.296297 -23.773375 -16.799481 -21.037322 -27.272620 -25.946942 -25.560813 -26.213366 -20.054418 -18.319285 -31.242324 -43.696128 -46.884307 -43.948515 -43.662345 -42.693612 -41.321851 -45.381353 -44.525660 -50.019613 -48.864192 -50.133894 -51.404803 -50.720991 -50.831754 -52.236757 
-0.657905 16.605362 18.535430 10.621252 14.893753 5.753720 5.256131 -2.922706 -3.160925 -11.575123 -16.884912 -22.136011 -24.678929 -25.536600 -24.900893 -20.204013 -16.703559 -18.548224 -23.594726 -24.872426 -23.458792 -23.431993 -20.464243 -17.376682 -29.667206 -43.022042 -45.781792 -44.894457 -40.602156 -38.724899 -38.639914 -39.206876 -42.753308 -50.324349 -50.301431 -47.640739 -48.660620 -51.102149 -52.027655 -49.674599 
-1.635127 16.505557 19.937138 10.220446 16.120436 9.427173 7.265783 1.598087 -2.233329 -10.434295 -16.768743 -18.968500 -19.760815 -20.537834 -21.209325 -13.290509 -7.308698 -16.739736 -17.833975 -21.133644 -20.485931 -20.544888 -18.294209 -16.471025 -28.110907 -35.928363 -35.617462 -35.594712 -32.343692 -32.197507 -36.745901 -35.310957 -38.778342 -43.757242 -44.494133 -43.884304 -43.244276 -42.527969 -43.630989 -44.284609 
0.212491 15.943953 19.991269 9.447544 15.917642 13.625267 9.362334 12.560627 10.543345 6.295643 0.426663 -3.039910 -5.916014 -8.512713 -7.541821 -7.050980 0.912860 1.040812 -4.101972 -9.053003 -14.092105 -17.855711 -16.921450 -14.598405 -15.958830 -18.841339 -24.081347 -22.799274 -19.287159 -25.315859 -30.622779 -29.403940 -33.565583 -41.271673 -43.172705 -39.125874 -40.940687 -40.177341 -39.713569 -39.544072 
-0.499268 15.193145 19.435260 9.444101 16.435799 12.836441 13.955398 14.005326 19.770291 18.895716 15.363780 8.047996 4.888509 1.941203 -0.309647 0.057011 4.413551 9.760782 10.796041 4.137614 -2.248992 -6.551038 -6.721550 -6.774048 -1.836603 -2.860253 -12.401385 -14.868544 -9.840988 -12.242361 -20.159017 -25.955720 -32.022192 -43.205233 -40.196510 -28.834570 -31.170725 -38.008326 -36.351530 -34.105200 
-5.214888 13.332486 18.572535 9.485368 15.561784 11.986064 12.242660 10.828562 18.861303 14.899987 16.660701 11.022813 9.717844 6.682119 4.098523 2.546664 6.255086 11.306705 12.409942 8.964546 1.619006 -3.155809 -3.335388 -5.147250 -0.575004 1.963050 -4.989936 -10.294962 -7.482159 -7.401532 -15.911796 -21.706079 -25.635217 -36.225524 -31.408419 -20.443702 -24.929551 -30.235267 -30.515048 -29.037137 
-13.016110 10.020344 17.441616 9.917023 14.840523 12.743281 10.042343 11.478202 16.714389 15.684300 15.213591 10.826310 12.350570 8.192834 5.582055 3.539773 5.756107 9.733793 12.243800 10.001819 2.466843 -1.794359 -2.856323 -4.952844 -3.133110 2.485606 -3.310919 -8.460391 -7.804211 -7.220951 -13.225455 -17.543728 -22.125699 -35.546511 -29.410127 -17.884407 -24.960188 -31.381581 -30.800756 -31.146814 
-10.252615 8.266690 17.338899 10.422029 13.879966 13.414038 8.378704 12.119969 15.182464 17.413351 11.816841 9.333349 12.665994 8.486430 6.357191 4.938108 4.786286 9.950049 12.613550 9.544213 2.814775 -1.384419 -2.083196 -5.408337 -3.317563 2.265356 -1.862244 -8.345469 -7.463454 -7.501420 -12.986768 -15.220283 -19.317223 -34.632748 -27.498968 -17.858796 -21.581422 -30.128178 -33.211373 -31.130511 
-11.271053 9.426915 18.159380 10.831680 12.527257 13.914777 6.471940 12.630676 13.340285 18.638278 8.710706 8.877816 12.916306 8.462796 6.577957 6.754749 5.930638 9.710774 12.073101 7.718486 1.726658 -2.630413 -4.519475 -7.866903 -5.861961 0.278893 -2.895871 -9.635134 -10.035178 -8.835985 -14.202559 -16.508390 -19.217914 -37.296528 -27.007218 -19.795779 -23.741188 -29.961321 -28.726753 -31.484615 
-15.396323 9.478847 18.833411 12.188696 11.281276 14.063874 5.885789 12.368852 11.030443 18.803871 7.716357 8.822376 12.743449 8.661816 7.464587 6.972222 7.773162 9.774220 10.982695 7.324620 0.654510 -4.320409 -4.706016 -7.122898 -7.005390 -0.434391 -0.085121 -7.556876 -8.962503 -8.932602 -14.730587 -16.494101 -18.649112 -34.266412 -26.238987 -20.135873 -25.987107 -26.492033 -26.166978 -30.183800 
-10.190078 9.422976 19.271390 12.963664 9.796670 14.372722 4.702019 12.829818 8.640148 18.640929 7.591964 8.111046 12.680829 9.995665 6.616180 4.542478 8.360313 9.610929 9.343943 6.988343 0.055599 -4.132159 -5.077509 -8.555590 -10.306122 -4.154045 -0.235276 -4.982160 -6.330788 -8.097797 -15.276496 -18.415297 -20.225605 -37.735498 -24.896306 -15.869975 -22.843926 -26.997847 -28.078490 -29.845829 
-10.191477 9.657532 19.684527 13.648691 9.915187 14.633754 4.621737 12.845219 7.310233 18.283428 8.153979 7.601127 12.569469 11.856949 7.454318 4.448308 8.994964 11.542284 10.458080 5.258370 -2.116287 -8.191356 -7.803026 -11.856566 -13.120544 -8.940336 -4.063608 -7.199901 -8.241355 -9.694642 -16.531084 -19.786743 -20.679136 -34.529586 -25.770675 -17.930286 -24.125474 -32.507311 -31.108802 -26.694098 
-12.115584 10.889662 20.018000 13.214060 10.335940 14.052476 4.659692 12.336330 7.615614 18.141083 7.863282 7.052539 13.081497 10.784009 8.273314 7.090649 10.050748 11.238849 8.032384 1.913597 -3.738855 -8.619318 -8.585032 -12.387738 -14.967147 -8.165888 -2.511144 -5.966111 -8.227189 -9.984653 -16.533771 -20.164476 -20.900949 -37.865260 -29.725002 -19.343315 -25.291615 -26.904973 -31.377819 -29.271820 
-12.145860 10.913666 19.840176 12.573045 11.161961 13.169328 5.311023 11.356793 9.393077 17.636103 7.002570 7.696505 13.320608 9.351077 8.372574 8.464419 10.898766 10.748197 6.170627 0.227444 -5.327289 -8.995439 -10.478115 -13.441980 -15.196897 -8.715096 -2.380076 -5.777935 -7.900579 -7.765827 -15.576779 -20.071319 -19.364309 -34.380879 -33.378896 -21.890905 -25.065831 -30.182122 -33.521582 -32.039769 
-6.172132 12.152059 19.454076 11.470208 12.103242 11.859585 5.406642 9.766028 12.064643 16.057500 7.884259 6.531891 11.867479 10.427826 9.026814 8.814055 9.956322 11.848753 5.974085 -0.277074 -5.008407 -8.798337 -10.166074 -13.725473 -16.005288 -10.895301 -2.943622 -6.185497 -7.887888 -10.679757 -20.066437 -24.416541 -23.005973 -35.446758 -30.105821 -20.520350 -27.468400 -30.983808 -29.894658 -31.768633 
-4.621646 12.454524 18.465652 9.525242 13.110746 10.858930 7.712209 8.476233 13.967227 13.670153 8.778281 6.119660 8.963726 11.875743 9.475148 8.003544 8.570765 11.067306 3.027575 -4.508728 -8.645634 -12.664838 -13.716494 -16.340611 -19.378999 -13.467993 -5.935384 -7.268588 -8.323971 -12.899129 -21.345673 -22.673182 -20.913766 -31.700385 -27.872765 -20.958322 -26.980687 -29.476918 -28.495270 -30.878479 
-5.003764 12.888036 17.106653 7.274872 14.109392 8.898143 9.528968 7.569464 14.913062 11.074493 10.063280 7.450299 8.749669 11.709085 8.859101 7.450084 11.709138 10.355785 1.649410 -3.774114 -8.285199 -11.748517 -12.302551 -15.820743 -17.866692 -12.380631 -4.264074 -5.598847 -8.119043 -13.112462 -23.375320 -25.504922 -21.784655 -37.519737 -31.000985 -19.768233 -24.107154 -32.294972 -34.204264 -33.873923 
-3.990212 13.903909 16.596608 8.530265 14.155532 6.478700 10.301998 7.275796 12.500731 10.554931 10.136019 7.650913 10.888426 8.588001 7.247807 9.299860 12.172316 8.479330 0.133146 -5.606654 -9.653722 -12.396019 -12.832532 -16.294908 -16.825420 -10.946536 -5.005190 -6.890847 -10.057977 -15.422770 -26.773072 -28.009796 -23.285738 -38.054807 -35.848968 -26.341557 -24.428860 -30.792128 -35.241885 -35.257762 
0.088710 15.498573 16.782185 9.999406 13.425695 6.777577 9.768906 8.518435 11.251320 10.627647 5.886465 5.694931 10.286571 8.768864 8.618727 9.803341 9.366538 5.412687 -2.156413 -6.677497 -11.200048 -14.985819 -15.095304 -17.563975 -19.210037 -12.042125 -5.184350 -9.259587 -14.203568 -19.456536 -28.318322 -25.669352 -24.571851 -38.830751 -35.583383 -23.918136 -25.070241 -34.637929 -36.438291 -35.377127 
1.637587 16.561507 17.192223 11.098965 11.896997 6.803340 8.698389 9.940289 10.462015 12.712528 8.186602 7.322638 10.144566 9.861599 9.150912 9.554529 6.694837 1.154057 -3.810238 -7.128649 -10.947040 -14.743644 -16.397089 -21.842473 -23.259282 -14.570915 -6.463943 -8.365049 -11.101496 -19.462788 -30.677127 -23.882024 -23.372750 -39.741469 -37.820901 -26.207325 -29.697412 -31.632550 -40.932286 -41.063898 
2.417066 17.278916 16.549592 11.668325 10.773289 7.101829 7.392816 9.929872 10.286724 13.370963 9.413111 8.076458 8.116046 6.138391 8.391040 9.204168 2.261792 -0.978132 -6.476018 -11.555989 -13.164802 -15.119075 -17.868176 -21.958302 -23.621907 -13.859340 -4.807007 -7.374954 -9.522353 -20.210221 -32.433703 -26.333138 -24.540343 -39.108586 -38.661639 -30.608421 -33.014259 -38.137215 -41.825923 -43.314147 
3.640852 17.691861 15.731207 11.650463 9.424183 5.205680 6.203839 9.592780 11.763061 13.013663 11.019623 8.105532 9.369806 9.029755 9.373952 6.181600 -1.606191 -4.779839 -8.866514 -11.584163 -15.054526 -18.901146 -24.483455 -26.401993 -24.878979 -13.132877 -6.117944 -9.786196 -12.296953 -22.373327 -32.695396 -30.151145 -28.175591 -39.154179 -39.023207 -31.439002 -33.263348 -36.406224 -41.776183 -41.538512 
5.107064 17.697180 14.648272 11.256093 8.675122 4.950775 5.208625 8.919596 12.656069 11.122810 10.807560 6.158178 7.725423 8.341026 8.674275 2.682574 -7.424194 -11.021995 -12.251733 -14.074731 -17.831630 -20.865034 -22.209429 -23.200924 -22.571626 -15.246775 -13.305845 -14.250896 -15.950648 -26.857828 -33.074541 -29.026160 -27.178250 -35.535645 -35.602023 -32.224333 -33.085590 -36.063773 -36.486374 -36.507754 
5.905169 17.454463 14.182210 11.106117 8.577371 5.413688 6.792021 9.800866 14.917211 13.619516 11.251094 4.858058 8.241732 9.711756 3.959973 -7.880396 -15.000374 -15.158867 -15.733332 -18.470282 -21.194457 -25.363207 -23.836412 -24.594196 -25.093083 -17.651652 -15.090969 -19.615574 -22.017830 -26.883999 -33.483805 -29.760062 -31.071420 -44.034887 -45.823855 -35.895472 -38.259914 -41.671490 -42.397258 -43.963345 
3.383620 16.835711 14.643891 10.782945 9.037459 7.217409 8.163668 11.998507 16.208004 12.143306 9.525803 4.127380 7.954792 7.846932 -0.021634 -11.340697 -18.441221 -19.175779 -20.594687 -22.077820 -22.978046 -24.402553 -25.188963 -26.744506 -25.897999 -16.552479 -15.074381 -16.342313 -19.801370 -27.689394 -34.765024 -31.033495 -34.292770 -43.432955 -44.682335 -38.682687 -40.198638 -40.366618 -42.369166 -43.355096 
2.602194 16.496141 15.272468 10.627949 9.401177 8.243674 9.423046 14.769607 16.231011 14.728697 7.653800 3.396349 8.171400 6.117328 -2.397164 -10.133400 -17.030961 -18.163616 -19.294745 -20.329218 -22.960717 -24.235230 -24.966043 -24.856268 -20.918828 -14.299730 -16.541549 -16.007938 -20.684473 -29.850524 -34.612066 -29.838234 -33.816096 -47.135417 -48.457379 -45.352236 -40.736949 -41.701504 -39.838335 -42.417866 
3.607485 16.617973 14.912829 10.582801 9.079752 8.656034 9.279045 14.807150 14.461444 12.424752 5.632332 2.944128 5.788852 3.824113 -3.187833 -12.318539 -18.373231 -20.543372 -20.728416 -22.126292 -23.997756 -23.653154 -25.514712 -26.381725 -22.348391 -14.997507 -20.073068 -18.614794 -21.947992 -29.860479 -36.501684 -32.382216 -33.553754 -46.021884 -47.022835 -39.739630 -39.764145 -38.385514 -42.565354 -46.438470 
3.818391 16.549405 14.649650 10.020182 7.828096 7.334305 9.697793 13.789334 12.697044 8.295322 2.413788 -1.944642 3.195464 3.857128 -2.136541 -17.159067 -23.426991 -21.703000 -22.897931 -23.890353 -25.308448 -26.807673 -27.844759 -32.476046 -24.013475 -18.681654 -24.225638 -24.144320 -24.538162 -30.380110 -37.304144 -31.596834 -33.806295 -42.028432 -42.293497 -41.316309 -40.423310 -40.617648 -40.788112 -42.660973 
1.716402 15.545759 15.374538 7.844345 7.484095 6.326841 8.934056 12.943939 9.983209 6.292387 0.236746 -4.598011 -1.210469 1.989906 0.601443 -15.039826 -22.726136 -24.754746 -23.231584 -25.898425 -30.887898 -33.487542 -32.654314 -31.792283 -23.971545 -24.012202 -34.557185 -34.174891 -31.093396 -33.912496 -37.549160 -33.316033 -36.828648 -51.029546 -47.085420 -41.400401 -39.079953 -42.906961 -44.998708 -44.974775 
-1.999006 13.412947 15.198651 3.861335 4.667746 3.229601 5.413236 6.954810 3.419780 0.414359 -9.169799 -10.311751 -9.738180 -6.296924 -7.763830 -15.273667 -25.526708 -28.090916 -27.152642 -33.591385 -36.724761 -33.751926 -34.968002 -37.213842 -27.801608 -25.805925 -32.408170 -29.501500 -24.232476 -29.919873 -36.625131 -30.108086 -32.494153 -41.401098 -47.150522 -38.600388 -35.332060 -39.450945 -39.094091 -37.864275 
0.823167 14.878680 15.176258 5.277743 3.490673 4.437855 6.002455 6.338047 4.931539 -0.605475 -7.639148 -14.302505 -13.090519 -11.469433 -6.301937 -9.224719 -18.349454 -23.198831 -28.540600 -34.099431 -36.362311 -30.457657 -31.998593 -33.835188 -26.317970 -22.157453 -32.017472 -34.240793 -29.335297 -27.925177 -34.715301 -27.860466 -29.440914 -39.811924 -44.972907 -39.664056 -39.218653 -38.249778 -36.546254 -38.134492 
1.668470 16.274800 15.733255 5.946502 0.307676 1.841176 1.415570 4.391449 0.161885 -2.482065 -8.892270 -18.574263 -16.598579 -18.538181 -12.003664 -10.603724 -13.637389 -20.804993 -24.651533 -34.574902 -34.813689 -29.495972 -29.169422 -32.510750 -26.557806 -25.781165 -34.333419 -32.566118 -27.215737 -25.487590 -34.178596 -25.184483 -26.652228 -35.772236 -44.181164 -41.590907 -38.522834 -38.486506 -37.877629 -41.417938 
1.825827 15.358689 15.337752 3.663446 1.310673 -5.465693 -4.576701 -1.295619 -5.203167 -9.298200 -19.569559 -21.088229 -17.078484 -23.061696 -18.053840 -17.316145 -15.605280 -18.095588 -25.174157 -27.565270 -31.789534 -32.199016 -35.001572 -33.580586 -27.659938 -25.227953 -31.673730 -34.673705 -29.949627 -29.444159 -31.576038 -25.580975 -27.386504 -36.535421 -41.717258 -38.811403 -37.063461 -37.259774 -39.521670 -40.395241 
1.525473 13.953668 13.223212 1.119565 -5.504907 -8.856924 -8.550122 -6.115656 -6.882730 -10.196186 -17.866286 -22.150306 -27.387205 -28.164991 -25.463208 -20.040745 -14.116381 -15.676542 -19.198137 -25.524130 -27.576623 -32.713204 -30.341302 -35.905590 -26.685851 -23.045897 -25.333203 -31.734462 -27.955363 -24.727391 -24.689338 -21.985390 -22.044051 -27.793144 -30.020888 -30.085416 -31.985758 -31.846455 -31.133929 -32.237350 
2.605133 11.491751 7.272273 -8.198693 -13.115857 -23.187624 -17.323704 -13.659083 -14.729860 -13.550421 -17.028156 -21.911901 -21.724297 -25.980775 -28.197257 -22.502078 -16.057645 -14.851164 -22.292137 -26.602316 -27.945850 -22.110053 -29.209731 -32.673715 -24.614949 -17.585282 -20.202582 -20.189652 -20.260609 -18.192295 -13.746263 -15.615259 -12.212458 -18.636920 -19.981023 -20.806720 -22.767112 -24.537679 -24.659283 -23.429420 
-1.426351 5.821329 -1.618069 -17.335055 -20.249116 -21.611434 -24.868183 -19.552441 -21.142296 -29.810695 -21.744538 -24.830788 -24.448472 -26.313268 -27.806511 -22.606774 -22.828491 -16.163030 -19.201048 -18.567686 -20.933254 -21.288222 -27.483234 -31.936845 -19.955165 -13.485973 -15.393436 -18.213969 -13.775953 -11.252421 -8.794242 -5.158332 -9.288956 -11.227624 -13.180942 -14.107948 -14.682340 -18.158531 -18.438372 -20.022616 
-2.892467 1.503612 -1.855267 -15.266562 -28.238595 -31.690036 -27.511472 -20.315512 -24.708477 -25.740635 -25.768713 -29.387028 -35.344345 -26.663947 -23.813086 -27.242337 -28.117624 -27.842190 -22.074016 -21.230056 -22.286848 -25.541139 -25.516721 -30.173395 -27.826657 -21.557275 -18.161103 -20.344213 -12.586283 -9.138359 -11.288099 -3.075054 -5.544201 -7.874268 -10.931862 -10.318514 -12.409418 -15.054244 -15.338490 -14.970056 
-13.263193 -6.106646 -5.469498 -21.208014 -31.038579 -30.079736 -27.697853 -25.342729 -26.684512 -25.220834 -28.023006 -30.480417 -25.373686 -24.391255 -22.713720 -24.460551 -31.050825 -28.081239 -25.006831 -21.101785 -21.087079 -24.689869 -25.971492 -29.070073 -25.576415 -18.500228 -13.792378 -15.236114 -15.567043 -12.573675 -7.728668 0.500082 -1.068759 -8.114484 -9.647638 -8.344042 -11.381145 -9.319058 -13.994766 -13.064919 
-10.538261 -7.531734 -9.677873 -24.248875 -35.685955 -41.288921 -39.714863 -27.742041 -20.696058 -26.580901 -31.015094 -29.266889 -29.564459 -30.535497 -31.578968 -29.794360 -30.239201 -28.878749 -22.453952 -23.494906 -23.084956 -24.932664 -27.125388 -33.367805 -26.375367 -16.762199 -15.763904 -15.911557 -12.939372 -13.029888 -8.923561 -1.367309 -2.028064 -7.199383 -8.169979 -9.325981 -12.457298 -11.214683 -11.668524 -12.528232 
-10.345033 -9.667915 -17.094348 -34.192826 -44.345749 -37.372848 -29.618593 -26.043199 -21.095760 -22.488593 -30.379655 -31.055938 -31.431237 -35.939805 -28.547225 -27.784380 -27.046093 -24.000786 -20.610401 -23.590544 -19.736801 -25.451439 -24.777865 -28.918100 -23.500253 -16.591311 -20.534814 -17.831627 -10.646890 -6.968707 -7.365929 -1.967563 -1.226347 -3.657852 -6.721037 -8.072468 -10.667007 -11.005639 -7.870350 -9.751008 
-14.286675 -13.927616 -21.868505 -30.953913 -35.076404 -31.240229 -29.607900 -29.107281 -20.079954 -26.562690 -28.501951 -29.094099 -30.989639 -29.025551 -25.182029 -23.661408 -26.053447 -27.770031 -25.113203 -24.330001 -20.264442 -21.889022 -27.865256 -27.115908 -22.697047 -17.479079 -17.444214 -15.101272 -9.356329 -9.170573 -7.723504 -4.009470 -2.741086 -3.219527 -8.259653 -9.386998 -11.325911 -9.456471 -11.968297 -12.821700 
-15.660696 -19.247935 -20.923341 -26.391885 -33.594030 -31.940976 -26.268375 -24.823684 -23.052295 -24.347844 -27.175360 -29.315617 -27.961302 -32.279890 -29.918252 -24.930459 -25.156745 -26.535573 -24.744293 -28.581535 -25.850523 -23.728746 -26.297854 -28.361198 -20.586084 -18.704459 -16.345876 -13.673699 -11.230679 -8.501993 -10.703973 -3.791688 0.299786 -5.120164 -8.730205 -9.507354 -10.442748 -11.264676 -13.245518 -15.501197 
-7.322068 -9.298379 -16.338620 -27.278480 -32.705601 -29.210999 -25.410284 -28.212918 -24.279654 -22.848339 -32.435672 -35.601959 -29.199280 -28.092890 -29.446210 -23.004201 -21.761834 -20.018434 -20.522414 -24.660950 -22.525297 -22.256397 -23.123795 -27.139243 -23.010788 -18.258808 -15.378866 -14.505498 -12.528354 -11.178776 -10.192903 -4.171223 -0.605219 -5.360720 -6.718645 -6.829527 -10.414489 -8.576520 -8.684780 -12.604501 
-8.370796 -20.361309 -20.969680 -32.838394 -33.058590 -29.266449 -27.725762 -22.748746 -22.201753 -25.832342 -34.329165 -38.213306 -35.631090 -33.463650 -27.246528 -29.079895 -21.321820 -25.158859 -26.623739 -26.664121 -25.119102 -24.712174 -25.973647 -30.277013 -20.639888 -14.957104 -13.753265 -12.538942 -11.988092 -9.335235 -11.164918 -3.288694 -1.858129 -6.306699 -8.142484 -9.705073 -10.824109 -9.884219 -8.692314 -12.864923 
-8.485540 -13.496059 -26.958444 -30.422469 -31.708406 -28.560364 -23.258965 -20.323103 -23.237483 -26.235444 -30.986440 -33.195302 -37.359688 -30.087110 -29.771086 -25.639407 -19.079809 -23.588202 -20.967097 -22.572217 -25.101190 -28.723396 -25.183467 -24.949817 -17.509437 -14.213235 -17.634597 -14.498812 -11.405169 -8.162805 -7.297463 -0.596886 0.073914 -4.033495 -7.898433 -6.156663 -10.619226 -11.491482 -12.975211 -14.804356 
-15.484372 -16.159315 -29.533669 -36.281812 -28.675306 -29.853892 -30.689044 -30.352069 -19.984352 -23.509517 -34.169607 -34.608463 -33.727812 -31.744781 -29.445846 -25.922414 -20.927842 -21.564194 -20.086957 -19.367538 -20.876635 -26.593293 -22.555493 -23.544039 -19.492855 -15.642606 -16.782158 -16.162534 -10.502274 -10.429264 -10.230856 -3.574516 -1.925180 -1.018925 -4.357985 -7.329614 -12.363478 -11.152061 -11.147268 -13.264373 
-12.793421 -13.305032 -23.621752 -32.232048 -36.570544 -30.700141 -22.259059 -21.495705 -21.983029 -24.377273 -34.163280 -28.494590 -29.802658 -28.806779 -24.675161 -24.707459 -19.472461 -18.545482 -18.029918 -23.544490 -20.980258 -24.624079 -22.648806 -22.275962 -16.743578 -12.541857 -19.423933 -15.554967 -10.893766 -11.524776 -10.019216 -1.120431 -0.307426 -2.269078 -5.757997 -6.788042 -9.488257 -11.650267 -10.306334 -14.199672 
-14.521702 -18.145738 -23.472194 -26.920315 -31.014386 -32.826715 -29.119173 -23.618982 -19.466374 -26.022907 -30.507852 -27.820798 -26.037267 -31.297221 -28.911759 -25.769366 -17.099753 -16.836068 -16.069852 -18.338972 -19.352292 -19.266382 -22.975692 -23.166719 -16.095905 -14.521525 -20.534678 -16.567342 -14.549667 -12.913450 -10.705696 -2.118562 -5.033808 -2.781225 -5.206731 -3.704360 -8.377569 -12.986676 -11.284077 -14.160965 
-16.663510 -23.451440 -24.360885 -30.398167 -33.762846 -33.747178 -29.682881 -28.719458 -28.951150 -26.439324 -33.481976 -30.011982 -25.142527 -26.239600 -30.552835 -31.447740 -21.044008 -20.642904 -20.725839 -17.785521 -19.491800 -22.212553 -24.776742 -28.844010 -20.045017 -18.039344 -19.375665 -14.735802 -13.476232 -11.714286 -15.552459 -6.393186 -4.967306 -5.839165 -11.289764 -10.309619 -11.927515 -15.434662 -13.917162 -15.159053 
-14.491528 -16.856228 -23.963103 -27.741975 -29.087424 -26.186341 -27.023593 -25.974299 -24.641164 -22.873685 -28.173829 -28.690246 -26.359924 -30.153213 -31.073396 -26.111543 -23.778851 -24.846573 -20.026137 -19.508725 -21.231261 -24.450131 -25.194970 -25.173545 -18.764587 -15.393042 -20.542711 -19.457287 -14.674155 -16.355094 -16.795855 -9.369735 -6.676096 -10.580633 -14.922686 -18.384820 -16.121108 -16.951747 -14.743814 -16.010872 
-15.222144 -14.902883 -16.576234 -29.119270 -32.771018 -25.858669 -23.943479 -19.667459 -17.324315 -21.808559 -26.635559 -28.672832 -23.572402 -27.528264 -28.499845 -31.056671 -22.812459 -22.876363 -18.771042 -16.511156 -18.636304 -21.302840 -27.891560 -24.638556 -18.448006 -14.487204 -20.927175 -22.361464 -18.878981 -20.191904 -18.780390 -13.497150 -10.852819 -12.732541 -14.698013 -14.580475 -17.700205 -17.144182 -15.038523 -16.087376 
-9.487561 -14.282681 -23.533027 -25.394157 -33.465354 -31.954396 -25.416012 -28.085077 -32.433680 -25.945055 -28.235531 -31.534847 -30.186264 -27.425953 -29.509209 -31.985693 -27.139822 -22.671944 -18.679311 -16.291466 -19.907646 -24.896014 -29.077559 -29.794284 -18.688167 -18.044128 -19.415936 -22.423094 -18.759551 -21.784594 -22.118322 -15.993290 -11.838306 -14.461254 -13.885353 -15.321467 -16.726794 -19.607024 -16.856989 -18.144839 
-14.138308 -17.212661 -27.206175 -32.963389 -28.311310 -30.722082 -30.708930 -19.538702 -16.353434 -18.665266 -28.940676 -34.000465 -27.817734 -28.050159 -31.307892 -30.947885 -24.018161 -23.202614 -17.003879 -16.163907 -24.801958 -29.259279 -34.826266 -28.968821 -24.612367 -22.075580 -27.487551 -28.043130 -26.220000 -25.316508 -24.039641 -17.662278 -13.422419 -15.786423 -21.311408 -17.835553 -20.871790 -23.263677 -23.875294 -21.791018 
-16.566437 -17.038556 -21.810006 -29.374219 -27.369211 -27.346913 -22.191667 -20.980488 -18.924835 -17.074263 -30.974029 -32.430574 -29.233627 -25.166006 -32.145125 -38.070186 -31.591072 -26.263661 -16.998509 -20.556118 -26.978955 -32.158474 -32.389780 -31.350810 -27.896714 -21.753267 -27.264436 -35.596931 -29.384743 -26.618725 -29.687840 -20.829565 -17.376297 -17.803683 -23.693380 -21.368903 -24.618954 -25.721415 -27.137992 -28.675710 
-17.168860 -16.609608 -19.406457 -28.384104 -29.995474 -30.404297 -22.525094 -12.575644 -13.188235 -25.255439 -33.251633 -30.264850 -31.399928 -35.683540 -37.265694 -38.191707 -32.735125 -28.767196 -21.109781 -18.372003 -24.076429 -27.751159 -34.792831 -41.137839 -36.019716 -23.018080 -29.311473 -37.671439 -31.047704 -27.487499 -31.628414 -28.928478 -29.597688 -27.030755 -27.572675 -26.406423 -27.112981 -30.852995 -30.053234 -30.484130 
-27.495292 -27.995314 -31.091889 -39.153179 -40.833341 -32.565479 -25.795008 -20.860547 -22.026182 -31.616251 -40.068120 -35.505810 -35.600187 -38.351043 -39.645126 -41.968534 -34.423749 -30.554844 -28.372220 -26.486009 -35.886112 -43.813001 -45.959313 -46.181967 -47.117210 -39.213821 -39.658417 -44.802764 -37.196519 -37.514125 -42.737015 -36.123111 -39.649820 -39.534517 -41.473915 -37.956299 -41.012404 -40.144899 -42.989289 -46.426126 
-65.913118 -65.440203 -68.528731 -66.394619 -68.828837 -69.521446 -69.127423 -72.635139 -72.684774 -77.325900 -78.790050 -81.032480 -77.499627 -78.357694 -81.050250 -83.256014 -85.706533 -82.412424 -74.598974 -73.831338 -77.523419 -77.597081 -83.079770 -82.126488 -80.468587 -81.858933 -81.768066 -82.703114 -84.552556 -81.766370 -83.052285 -81.670629 -81.786322 -84.813383 -87.075323 -87.207383 -85.753907 -90.666808 -87.678824 -87.665148 
-70.717398 -70.903096 -71.215050 -71.749183 -72.492434 -73.571234 -74.958785 -76.869469 -79.668097 -83.376105 -87.425372 -87.942584 -85.723469 -84.543580 -85.119195 -87.812613 -91.682644 -88.886870 -84.517299 -82.615153 -82.930379 -85.510386 -88.896372 -88.204830 -87.201024 -90.016992 -98.095781 -102.471720 -101.527421 -91.278168 -88.883756 -90.721896 -89.001724 -90.632331 -94.385139 -95.940347 -101.854512 -100.881058 -103.072523 -95.925961 
NaN NaN NaN NaN NaN NaN NaN NaN NaN NaN NaN NaN NaN NaN NaN NaN NaN NaN NaN NaN NaN NaN NaN NaN NaN NaN NaN NaN NaN NaN NaN NaN NaN NaN NaN NaN NaN NaN NaN NaN 
NaN NaN NaN NaN NaN NaN NaN NaN NaN NaN NaN NaN NaN NaN NaN NaN NaN NaN NaN NaN NaN NaN NaN NaN NaN NaN NaN NaN NaN NaN NaN NaN NaN NaN NaN NaN NaN NaN NaN NaN 
NaN NaN NaN NaN NaN NaN NaN NaN NaN NaN NaN NaN NaN NaN NaN NaN NaN NaN NaN NaN NaN NaN NaN NaN NaN NaN NaN NaN NaN NaN NaN NaN NaN NaN NaN NaN NaN NaN NaN NaN 
NaN NaN NaN NaN NaN NaN NaN NaN NaN NaN NaN NaN NaN NaN NaN NaN NaN NaN NaN NaN NaN NaN NaN NaN NaN NaN NaN NaN NaN NaN NaN NaN NaN NaN NaN NaN NaN NaN NaN NaN 
NaN NaN NaN NaN NaN NaN NaN NaN NaN NaN NaN NaN NaN NaN NaN NaN NaN NaN NaN NaN NaN NaN NaN NaN NaN NaN NaN NaN NaN NaN NaN NaN NaN NaN NaN NaN NaN NaN NaN NaN 
NaN NaN NaN NaN NaN NaN NaN NaN NaN NaN NaN NaN NaN NaN NaN NaN NaN NaN NaN NaN NaN NaN NaN NaN NaN NaN NaN NaN NaN NaN NaN NaN NaN NaN NaN NaN NaN NaN NaN NaN 
NaN NaN NaN NaN NaN NaN NaN NaN NaN NaN NaN NaN NaN NaN NaN NaN NaN NaN NaN NaN NaN NaN NaN NaN NaN NaN NaN NaN NaN NaN NaN NaN NaN NaN NaN NaN NaN NaN NaN NaN 
NaN NaN NaN NaN NaN NaN NaN NaN NaN NaN NaN NaN NaN NaN NaN NaN NaN NaN NaN NaN NaN NaN NaN NaN NaN NaN NaN NaN NaN NaN NaN NaN NaN NaN NaN NaN NaN NaN NaN NaN 
NaN NaN NaN NaN NaN NaN NaN NaN NaN NaN NaN NaN NaN NaN NaN NaN NaN NaN NaN NaN NaN NaN NaN NaN NaN NaN NaN NaN NaN NaN NaN NaN NaN NaN NaN NaN NaN NaN NaN NaN 
NaN NaN NaN NaN NaN NaN NaN NaN NaN NaN NaN NaN NaN NaN NaN NaN NaN NaN NaN NaN NaN NaN NaN NaN NaN NaN NaN NaN NaN NaN NaN NaN NaN NaN NaN NaN NaN NaN NaN NaN 
NaN NaN NaN NaN NaN NaN NaN NaN NaN NaN NaN NaN NaN NaN NaN NaN NaN NaN NaN NaN NaN NaN NaN NaN NaN NaN NaN NaN NaN NaN NaN NaN NaN NaN NaN NaN NaN NaN NaN NaN 
NaN NaN NaN NaN NaN NaN NaN NaN NaN NaN NaN NaN NaN NaN NaN NaN NaN NaN NaN NaN NaN NaN NaN NaN NaN NaN NaN NaN NaN NaN NaN NaN NaN NaN NaN NaN NaN NaN NaN NaN 
