NaN NaN NaN NaN NaN NaN NaN NaN NaN NaN NaN NaN NaN NaN NaN NaN NaN NaN NaN NaN NaN NaN NaN NaN NaN NaN NaN NaN NaN NaN NaN NaN NaN NaN NaN NaN NaN NaN NaN NaN 
NaN NaN NaN NaN NaN NaN NaN NaN NaN NaN NaN NaN NaN NaN NaN NaN NaN NaN NaN NaN NaN NaN NaN NaN NaN NaN NaN NaN NaN NaN NaN NaN NaN NaN NaN NaN NaN NaN NaN NaN 
NaN NaN NaN NaN NaN NaN NaN NaN NaN NaN NaN NaN NaN NaN NaN NaN NaN NaN NaN NaN NaN NaN NaN NaN NaN NaN NaN NaN NaN NaN NaN NaN NaN NaN NaN NaN NaN NaN NaN NaN 
NaN NaN NaN NaN NaN NaN NaN NaN NaN NaN NaN NaN NaN NaN NaN NaN NaN NaN NaN NaN NaN NaN NaN NaN NaN NaN NaN NaN NaN NaN NaN NaN NaN NaN NaN NaN NaN NaN NaN NaN 
NaN NaN NaN NaN NaN NaN NaN NaN NaN NaN NaN NaN NaN NaN NaN NaN NaN NaN NaN NaN NaN NaN NaN NaN NaN NaN NaN NaN NaN NaN NaN NaN NaN NaN NaN NaN NaN NaN NaN NaN 
NaN NaN NaN NaN NaN NaN NaN NaN NaN NaN NaN NaN NaN NaN NaN NaN NaN NaN NaN NaN NaN NaN NaN NaN NaN NaN NaN NaN NaN NaN NaN NaN NaN NaN NaN NaN NaN NaN NaN NaN 
NaN NaN NaN NaN NaN NaN NaN NaN NaN NaN NaN NaN NaN NaN NaN NaN NaN NaN NaN NaN NaN NaN NaN NaN NaN NaN NaN NaN NaN NaN NaN NaN NaN NaN NaN NaN NaN NaN NaN NaN 
NaN NaN NaN NaN NaN NaN NaN NaN NaN NaN NaN NaN NaN NaN NaN NaN NaN NaN NaN NaN NaN NaN NaN NaN NaN NaN NaN NaN NaN NaN NaN NaN NaN NaN NaN NaN NaN NaN NaN NaN 
NaN NaN NaN NaN NaN NaN NaN NaN NaN NaN NaN NaN NaN NaN NaN NaN NaN NaN NaN NaN NaN NaN NaN NaN NaN NaN NaN NaN NaN NaN NaN NaN NaN NaN NaN NaN NaN NaN NaN NaN 
NaN NaN NaN NaN NaN NaN NaN NaN NaN NaN NaN NaN NaN NaN NaN NaN NaN NaN NaN NaN NaN NaN NaN NaN NaN NaN NaN NaN NaN NaN NaN NaN NaN NaN NaN NaN NaN NaN NaN NaN 
NaN NaN NaN NaN NaN NaN NaN NaN NaN NaN NaN NaN NaN NaN NaN NaN NaN NaN NaN NaN NaN NaN NaN NaN NaN NaN NaN NaN NaN NaN NaN NaN NaN NaN NaN NaN NaN NaN NaN NaN 
-170.604400 -170.603403 -170.601746 -170.598959 -170.595196 -170.589945 -170.583566 -170.575441 -170.564734 -170.552098 -170.536900 -170.518306 -170.496824 -170.471245 -170.441217 -170.406892 -170.366595 -170.320698 -170.268155 -170.208820 -170.141652 -170.065825 -169.982509 -169.889709 -169.787369 -169.675973 -169.555429 -169.426833 -169.289870 -169.145761 -168.995511 -168.841791 -168.686849 -168.532555 -168.382337 -168.240760 -168.111931 -168.000789 -167.913189 -167.855651 
-28.872825 -29.246937 -33.773975 -40.590818 -38.781937 -42.179037 -43.255701 -48.183883 -49.456757 -56.835114 -58.958691 -65.162271 -65.512665 -66.365467 -64.725679 -66.258011 -71.964255 -71.719929 -65.012187 -64.298391 -66.211573 -72.184917 -71.859402 -76.658596 -74.682824 -70.760377 -77.411673 -77.202501 -70.818728 -72.778354 -71.948051 -72.428918 -76.414865 -76.889993 -78.508531 -82.000294 -80.118490 -81.903341 -80.671305 -77.326917 
-13.429134 -6.259083 -3.572808 -2.309255 -5.662957 -8.954765 -14.328291 -17.309616 -20.715620 -23.551299 -33.028492 -35.875739 -34.665865 -37.751152 -40.029266 -39.826536 -39.618075 -37.141090 -34.578356 -34.948367 -38.337312 -40.894881 -46.450221 -52.067692 -53.388588 -50.384308 -50.404686 -55.582863 -56.345286 -55.640743 -52.941219 -54.110759 -57.403191 -58.822168 -58.725096 -59.584058 -60.415871 -60.075827 -60.089862 -60.685487 
-8.421526 -1.758062 10.218648 13.191797 3.355939 3.479139 5.182822 -5.708874 -5.107438 -11.410975 -17.863283 -22.250930 -25.618346 -25.053665 -28.411258 -26.202911 -23.155896 -22.190725 -21.377831 -24.318571 -28.646105 -29.690470 -38.058139 -44.186318 -44.519668 -39.390458 -40.116455 -48.313819 -47.484586 -45.920448 -39.972343 -43.859915 -46.053229 -50.217507 -51.244384 -51.476173 -52.605234 -52.869135 -52.702252 -52.969498 
-12.923159 -5.889706 12.272484 16.829232 2.966744 2.373571 9.174268 -3.432186 -5.052074 -8.455122 -17.565426 -16.703658 -25.600594 -24.341667 -25.690608 -26.577884 -22.149287 -21.271507 -22.494340 -28.771736 -33.016086 -33.531107 -38.713022 -40.451194 -41.432496 -39.765851 -41.941568 -43.125678 -43.563747 -42.389547 -39.440145 -40.972317 -43.042436 -45.550164 -45.430785 -46.417831 -47.274096 -47.543800 -47.528418 -46.920457 
-17.783998 -7.319616 13.754581 19.376063 7.039588 4.531174 12.910250 0.645910 -4.257224 -3.623993 -15.916957 -12.676447 -25.192130 -19.998171 -22.037984 -19.694287 -15.524762 -17.005884 -17.507944 -23.267060 -27.869679 -29.385444 -36.735040 -40.364871 -39.962333 -36.343241 -39.163674 -43.044212 -43.048383 -40.311396 -34.316976 -37.694506 -40.938004 -45.484213 -42.790341 -45.232351 -46.835568 -47.174579 -46.727041 -45.323421 
-16.019739 -14.843340 13.397307 21.564231 11.498319 1.994864 14.963950 6.597278 -8.233416 -0.144388 -16.674306 -11.466240 -23.393802 -19.785461 -22.785289 -15.522667 -15.853957 -15.104173 -12.729210 -20.993212 -23.589432 -27.012075 -36.874517 -39.471171 -40.474239 -34.890828 -36.094531 -43.077512 -42.683196 -37.939594 -31.867740 -35.711215 -37.124196 -43.746494 -41.600155 -45.699799 -47.255273 -47.629708 -46.975137 -43.072736 
-25.948496 -13.080474 14.093583 22.920070 13.319700 1.794189 15.505628 8.608852 -7.077989 1.719911 -15.643734 -12.265281 -19.904379 -17.594111 -20.912162 -13.399412 -16.248258 -13.767649 -13.894336 -21.458153 -23.648489 -24.645704 -37.579626 -41.998626 -40.359208 -34.441531 -37.736908 -48.056490 -43.632258 -36.384675 -30.398904 -33.109844 -37.613494 -47.337370 -44.105405 -48.556834 -51.848670 -53.721287 -50.148160 -42.808513 
-23.932237 -20.807720 12.813264 23.707781 16.484568 -1.415599 13.537917 11.952432 -3.225034 2.275578 -5.278941 -10.760038 -11.089108 -17.764972 -15.549501 -13.399278 -13.793834 -10.914717 -13.596153 -15.781590 -21.927438 -22.397579 -33.598237 -36.668991 -35.914639 -32.130759 -34.755818 -42.246031 -37.980330 -34.607966 -27.610052 -32.599483 -36.941618 -44.161905 -40.495341 -44.496755 -47.001053 -47.365397 -44.994453 -39.408564 
-16.765378 -7.036167 8.786087 22.398217 18.678222 4.604917 8.995518 16.316318 9.438727 7.478650 9.461138 4.622214 9.469503 3.343078 1.296658 -2.845422 -6.004677 -3.512921 -4.468365 -4.116323 -5.450697 -10.414269 -16.700661 -21.296136 -24.207538 -23.095031 -16.885740 -19.399911 -23.642249 -23.967825 -21.141266 -23.876227 -29.445153 -32.599087 -27.187292 -41.448992 -51.610729 -53.756819 -50.545962 -43.751830 
-14.685099 -23.920213 2.478252 19.681736 16.019890 -5.906992 10.412512 13.813311 0.369458 14.263920 14.744071 7.691390 18.111584 8.693447 14.430346 6.033188 4.780752 2.161823 2.103060 2.819432 2.767899 1.467420 -6.403439 -9.589813 -14.218187 -15.817669 -10.360862 -6.827268 -12.268124 -14.374354 -12.955928 -12.862444 -18.718006 -21.513658 -22.428293 -34.476268 -41.182586 -42.599329 -41.871896 -35.407324 
-18.329984 -18.786196 1.037395 18.265909 15.752942 -7.377975 5.081759 12.713697 -3.537980 11.293706 15.266957 2.648545 18.840292 9.915376 17.668718 10.568204 6.597614 2.367107 5.360810 3.285469 4.685724 5.453911 -3.004869 -3.985384 -7.281904 -8.745891 -7.529448 -6.073926 -10.643440 -13.295451 -11.903118 -10.189656 -16.050409 -19.704727 -22.533986 -32.504248 -44.180813 -48.532459 -42.763818 -31.547348 
-25.956213 -18.137490 -4.175440 16.854966 15.871855 -6.777068 0.422436 12.132845 -1.693805 7.508841 15.582241 0.839503 17.154570 11.260054 18.152447 16.038630 4.507349 0.747278 6.219988 1.345695 3.051228 6.351834 -3.724791 -4.315072 -6.031446 -5.891266 -3.855007 -4.981039 -11.761829 -15.204686 -12.656671 -10.916492 -15.219116 -19.803455 -21.896284 -30.285461 -34.146799 -34.748486 -34.839911 -30.964499 
-27.283880 -25.240866 -5.116122 16.471078 16.117772 -5.553623 -1.878708 11.555244 -1.030368 2.135442 14.759199 -0.391226 15.414828 12.345731 17.542107 19.565994 4.174672 1.347372 5.974075 1.117068 3.302324 4.922888 -4.063637 -6.722081 -6.930738 -6.354657 -3.398570 -4.374300 -11.707830 -16.987011 -14.902003 -13.684753 -18.192457 -21.397373 -24.207898 -32.351901 -41.260588 -43.333818 -42.065922 -34.579644 
-17.674244 -25.300073 -9.457156 15.688625 16.792257 -2.080800 -5.331599 10.947620 3.074466 -1.860439 13.538168 3.182962 12.707524 14.712977 15.495053 21.438427 4.347598 4.715501 4.356251 2.504412 6.861735 2.434332 -1.981518 -3.105286 -5.036190 -3.995354 -1.303161 -1.124349 -8.564221 -15.833003 -14.958632 -12.917010 -16.234882 -19.470875 -21.681680 -29.160419 -32.945118 -33.515891 -33.699522 -30.907917 
-22.266433 -25.762296 -14.227495 14.634675 17.659723 0.007750 -7.914095 11.146436 6.434048 -11.349914 11.873050 6.286750 8.347276 16.796785 9.142293 21.167835 5.605774 5.421161 1.986295 3.505844 7.371766 -0.824444 -3.493453 -2.079219 -5.091124 -4.031463 -1.233170 -1.285443 -7.909550 -15.736291 -16.603003 -15.386212 -18.527839 -21.417093 -22.211693 -30.866527 -34.018648 -34.160366 -34.288133 -32.187898 
-29.247210 -23.091640 -22.628022 14.299332 18.434030 2.293979 -13.011391 10.635502 8.180410 -17.129272 11.920041 8.784216 3.337689 17.319918 4.353128 19.777988 7.634232 5.827878 -1.195546 3.670924 4.293740 -0.301109 -5.187280 -3.586346 -7.398731 -6.812459 -4.012622 -4.058142 -9.714301 -15.605948 -14.856465 -13.254413 -18.478372 -21.672797 -22.905935 -33.754781 -40.671537 -41.258423 -40.131683 -31.839074 
-24.852208 -32.703769 -24.430723 13.936050 18.615112 2.892826 -14.548906 10.219753 8.818569 -17.863815 11.483728 9.739796 1.540454 17.299501 3.392183 19.079037 9.261343 6.707443 -1.300821 4.584918 4.510283 0.999902 -4.796035 -3.273655 -6.355488 -6.755082 -5.482929 -5.737691 -12.174513 -17.659400 -14.856182 -10.876892 -17.495146 -22.499259 -24.474908 -34.526384 -45.630127 -48.908332 -42.215997 -31.774354 
-21.578475 -33.114681 -30.087705 13.525511 18.334161 2.436039 -16.691558 9.884918 8.457531 -19.767771 11.610782 9.657543 0.235834 16.792860 2.998714 18.842117 9.275915 6.352756 -0.750151 4.411270 2.498431 -0.038529 -5.617400 -4.450226 -8.263331 -8.079280 -5.293562 -4.949949 -11.284507 -16.702066 -14.993796 -12.697209 -19.548926 -23.005144 -25.168389 -34.481319 -40.324545 -41.372924 -39.093233 -33.555134 
-31.933999 -33.818736 -21.724109 13.824274 18.265077 2.114940 -11.896384 10.447884 7.960246 -14.127345 12.210604 8.741591 2.661572 16.052347 4.132149 19.105311 8.787978 7.381046 0.674835 4.555792 2.618510 -1.282484 -5.384381 -3.517621 -7.598286 -7.613862 -5.169472 -5.283825 -11.162139 -15.364253 -13.036447 -12.029646 -18.784390 -22.048626 -23.733720 -33.351340 -48.656222 -46.485805 -41.460407 -32.589821 
-11.501889 -13.437568 -18.358345 14.844826 18.132215 2.167475 -8.255469 11.776532 6.999079 -9.121540 13.646493 6.963141 7.235588 15.361744 6.945466 19.866807 5.879805 7.809992 2.501493 3.608132 3.522056 -3.739513 -6.028710 -3.770526 -7.200585 -7.499312 -5.521084 -5.502494 -11.997148 -18.177623 -13.175348 -12.426976 -17.997829 -21.098359 -22.605152 -31.993390 -39.614491 -40.710678 -39.703319 -31.228037 
-19.163217 -32.173711 -9.503018 16.125039 17.875108 -1.178684 -2.972042 12.974119 4.294241 -1.146422 14.835358 3.222257 12.373419 13.515375 14.052033 19.890937 6.660794 6.759719 8.299774 3.021464 3.084806 -3.740132 -6.162429 -5.407353 -7.888832 -7.613400 -6.127273 -4.070734 -10.787090 -16.389738 -12.643086 -11.813534 -18.184636 -21.349448 -20.707499 -27.932439 -31.209980 -31.599202 -31.682051 -29.998406 
-18.652675 -18.172220 -2.938749 17.652395 16.990241 -2.547029 3.821749 13.096103 -0.674999 7.651700 14.667249 2.333939 16.249845 11.162368 20.353204 17.133782 12.408055 7.871663 11.649779 5.762350 2.076930 -2.752643 -6.100677 -7.295619 -9.308586 -9.167804 -7.499259 -6.158488 -11.468322 -15.480535 -11.407604 -11.787903 -18.838097 -22.917557 -23.296209 -31.014331 -35.667954 -36.325971 -36.594223 -34.179855 
-29.698691 -23.453873 3.006389 18.166407 14.009271 -8.628636 8.826324 10.913586 -6.778543 13.939988 11.931959 9.768366 16.359677 13.227053 21.313255 13.867551 14.226454 11.549689 10.487434 7.863477 0.725611 -4.212778 -6.582742 -6.861412 -9.325797 -10.031213 -8.421452 -6.326605 -10.806394 -14.322701 -11.261532 -12.203252 -19.761448 -22.865928 -22.084629 -28.170810 -30.620445 -30.896563 -31.091610 -30.638677 
-18.172215 -21.319108 6.994852 17.798316 10.971698 -3.128104 11.633892 9.226235 0.896934 15.418078 7.416366 14.377392 13.586615 18.007306 18.042730 16.008974 12.869655 12.346973 9.030883 4.690676 -1.360582 -4.558043 -8.383868 -10.440557 -12.657251 -12.742478 -10.337462 -7.525924 -11.100436 -14.546694 -10.583991 -11.802879 -20.042580 -23.540910 -21.976017 -30.650351 -43.199040 -46.961300 -45.947954 -38.675190 
-34.367931 -15.626089 9.468367 16.386796 4.648996 1.370368 13.122416 4.812378 7.520508 13.312169 4.855129 15.614129 10.577505 19.702656 13.110219 16.618249 13.776903 11.868571 12.688904 2.794397 -2.545787 -4.947767 -8.863175 -12.642674 -15.591613 -15.559349 -11.095541 -7.643620 -11.978608 -14.413511 -11.590801 -14.757629 -22.845084 -23.359218 -19.568449 -28.832627 -33.124858 -33.658528 -33.635062 -32.764274 
-12.020352 -11.480992 10.722366 15.350347 2.421300 5.151395 12.267845 1.119343 10.539795 7.837447 10.919940 14.085278 15.675405 18.212631 16.391197 14.927751 15.870026 14.104351 10.802845 -0.175648 -5.290930 -8.156805 -13.796440 -18.859910 -21.951656 -22.644583 -16.038940 -11.621682 -15.025662 -15.688959 -12.372470 -16.618774 -27.081929 -25.831520 -23.189529 -34.215098 -45.317171 -47.247862 -46.671629 -41.923191 
-26.297478 -5.706789 11.612621 13.399909 -2.431903 7.563941 8.884438 0.749946 12.439235 3.607310 16.484279 12.238490 19.091038 14.125613 16.202342 14.415030 14.457945 13.402661 4.100252 -4.525958 -9.524045 -10.659183 -15.166900 -19.475112 -21.210467 -22.497091 -16.553926 -12.312304 -15.182879 -17.198480 -14.225174 -19.199283 -27.003790 -27.434544 -25.346556 -31.015441 -33.792933 -34.143025 -34.364969 -34.443523 
-30.380182 -3.399325 11.923936 10.574966 -3.227768 8.522379 4.660107 4.775990 13.300986 7.154855 17.413049 11.170579 18.391874 12.751660 13.368934 14.067951 13.672094 12.404890 4.123897 -7.805096 -10.123451 -12.349618 -16.771587 -19.373210 -22.829801 -23.897830 -19.587575 -17.107079 -18.023905 -20.447859 -17.662512 -24.309451 -31.874029 -30.151324 -26.899942 -33.452853 -35.393500 -35.755493 -35.952370 -35.493995 
-22.846362 -1.378161 12.629503 10.467410 -2.587156 9.899645 4.850656 7.317552 12.038221 7.617703 16.093065 12.259367 17.074097 15.511931 12.514245 13.504625 14.761100 12.301443 6.735696 -7.230768 -10.514884 -11.812276 -15.409094 -19.752118 -23.367025 -25.046295 -22.472015 -21.975974 -22.600863 -22.979524 -17.903612 -21.566079 -27.646903 -27.436684 -25.966770 -38.582515 -49.656098 -49.993891 -50.989035 -45.084234 
-20.453798 0.056774 13.456449 10.494545 -0.896002 10.740368 4.396018 8.746418 10.537440 11.775254 15.190965 14.297188 13.994140 14.719373 11.612704 13.740782 15.380004 9.496974 2.019866 -9.774048 -12.340478 -12.511835 -16.755658 -21.234844 -23.948311 -25.639327 -20.048285 -17.384199 -19.167318 -20.601163 -17.496827 -21.635640 -29.514519 -28.198109 -26.560135 -35.867096 -49.632108 -50.058787 -50.152069 -47.933002 
-29.213616 1.817416 14.088349 9.961177 2.815459 11.101975 3.191381 11.217468 7.338566 15.104372 12.990789 14.481464 11.021155 13.167722 13.172141 13.466430 12.645197 4.374445 -5.536678 -11.851085 -15.093202 -17.246828 -21.130357 -24.132889 -27.540310 -28.490120 -28.119906 -24.074690 -24.595708 -23.756215 -18.613322 -22.946232 -32.105949 -32.564935 -32.907892 -39.490362 -42.764374 -42.976973 -43.270303 -43.173383 
-13.756154 3.365741 14.308240 10.089206 4.590850 10.571795 4.096539 12.537674 9.292166 16.458398 11.320952 13.322955 9.235288 11.089854 13.227378 13.555149 10.585046 0.384729 -8.428661 -14.717438 -18.341340 -19.361638 -21.511449 -25.303838 -26.698332 -24.272808 -19.699693 -17.437247 -23.374828 -28.786843 -23.869650 -29.925934 -36.238378 -34.564242 -30.646300 -42.447089 -51.295326 -50.932512 -53.385387 -49.068507 
-11.612663 3.185400 12.086664 7.303011 5.170560 5.771672 3.145691 7.249486 6.219696 11.022400 10.081132 5.842560 6.707626 4.051039 7.920436 11.146343 9.678910 -5.760711 -15.031717 -20.989051 -22.400114 -24.429333 -27.583063 -31.077662 -31.109826 -29.235353 -23.908762 -20.091249 -26.535015 -29.028702 -24.491924 -26.992813 -34.368422 -36.323333 -33.631743 -43.251298 -46.710901 -46.651639 -47.474210 -46.177685 
-6.660384 0.576756 8.595555 4.525217 -0.319518 2.956851 1.530945 2.365646 4.504972 6.413372 6.176907 3.048139 2.118636 1.093465 2.369786 5.240189 4.421127 -5.556297 -14.821752 -21.001511 -23.867977 -24.986916 -26.461192 -28.422288 -30.880389 -29.062380 -22.609358 -18.899349 -21.499759 -24.512692 -20.788844 -24.440719 -31.154120 -32.771547 -29.440357 -40.759652 -49.435927 -50.077157 -49.778413 -50.027246 
-14.107706 0.060946 11.291291 7.016421 -0.233830 8.281344 1.966121 9.736365 9.443831 12.228558 11.842512 5.543601 5.386375 6.321614 6.410391 8.021915 7.322424 -5.523682 -12.456935 -18.883220 -22.262745 -23.792233 -25.916133 -28.553021 -32.090439 -31.288822 -23.069205 -17.861515 -21.443127 -24.974930 -21.118107 -20.542332 -28.893100 -29.916227 -26.806458 -37.812913 -53.336605 -54.561772 -53.426910 -47.165273 
-17.821016 -0.689769 11.022933 8.507353 -1.522808 7.764700 2.569075 9.575207 11.661950 11.138665 11.696758 3.802422 4.960844 5.367563 6.653841 8.097205 2.175847 -10.151878 -17.142321 -26.921405 -28.740793 -28.530979 -31.830735 -36.317397 -38.974908 -34.119470 -29.113891 -21.880671 -26.218120 -29.865267 -24.881894 -25.806423 -34.601948 -33.905512 -29.290647 -40.314162 -53.159638 -54.545010 -51.672507 -46.525456 
-11.879918 -3.148047 8.258534 7.329996 -2.998051 4.592642 2.659634 2.573810 9.166262 0.671187 6.377194 -3.435216 0.505734 -2.082427 -1.537004 0.872185 -8.997721 -17.352356 -27.196328 -33.864380 -33.900354 -33.775324 -35.311721 -38.145358 -40.669896 -37.017952 -31.257728 -25.805663 -29.122631 -34.374759 -27.498976 -30.603770 -41.672575 -42.192667 -34.319907 -43.605955 -56.874093 -58.119140 -56.297106 -52.415313 
-6.930742 -1.058263 4.032314 -0.006556 -2.560947 -2.722194 -4.147498 1.113125 6.503944 3.695360 -1.501070 -8.604107 -4.321977 -6.852893 -4.203354 -2.467766 -8.986322 -20.044909 -29.155069 -34.814223 -35.282099 -34.992225 -37.786159 -41.270194 -41.520809 -39.045044 -32.583669 -29.894844 -35.851196 -39.308550 -33.558096 -37.554193 -45.392452 -43.235267 -36.325264 -44.010311 -51.115034 -51.121087 -51.095900 -50.947279 
-8.424547 -3.458823 3.097354 4.203931 -1.545928 0.876392 1.538209 2.369182 5.735622 1.149872 -0.424183 -6.376481 -4.697913 -7.335584 -7.897568 -7.142013 -6.681928 -7.980686 -18.560805 -27.004499 -29.712804 -31.879874 -32.771139 -35.663128 -36.097435 -35.321700 -29.202309 -29.089397 -36.313195 -39.080584 -36.921268 -36.140614 -43.843338 -42.606631 -36.531573 -43.342376 -55.327524 -55.840726 -56.200650 -53.563028 
-11.799125 -5.019565 -4.340497 -1.463374 -11.371120 -10.618308 -9.367720 -4.427765 3.851694 -2.858605 -8.257118 -15.378408 -11.387438 -15.173562 -15.481494 -14.207010 -10.699175 -11.417659 -21.368905 -30.491074 -34.104196 -36.819820 -40.847163 -41.510247 -40.521501 -41.002245 -34.612644 -31.327762 -39.083232 -44.185936 -39.967366 -39.223202 -46.694428 -43.824945 -34.267649 -40.855994 -57.489266 -57.714371 -59.323142 -56.484451 
-19.175821 -11.647326 -2.065564 -4.156618 -8.097814 -7.258769 -5.817797 -13.131402 1.571068 -3.672033 -11.220045 -16.099944 -13.355836 -15.911817 -26.022258 -23.294316 -23.216928 -20.701601 -18.277622 -24.147561 -34.647734 -38.489861 -40.029280 -40.474038 -40.445741 -41.099491 -36.635905 -31.960465 -38.738791 -43.850247 -40.215516 -38.871003 -41.355032 -43.323759 -33.908478 -41.762033 -54.028362 -54.691182 -55.018655 -52.290788 
-13.501606 -11.134725 -2.313640 1.014768 -8.296243 -10.494183 -7.084645 -10.028306 -3.479268 -7.122468 -15.819861 -16.127075 -13.235317 -15.544181 -21.795596 -23.463612 -24.318970 -21.047525 -17.267415 -21.315695 -20.617199 -26.447871 -27.607292 -35.580693 -32.793001 -37.014346 -35.275445 -31.311351 -35.588846 -37.898263 -39.264030 -36.169978 -35.552738 -39.495893 -36.284027 -39.186915 -41.419781 -43.328493 -43.196941 -43.792596 
-21.759719 -14.766646 -3.635364 -8.277213 -10.737504 -19.115542 -17.404003 -22.161226 -20.161519 -21.715737 -21.577790 -24.241355 -21.695195 -17.849055 -17.482450 -17.294133 -22.630045 -24.545409 -26.803740 -18.352110 -16.973907 -18.241462 -17.392162 -23.849844 -25.607979 -30.031174 -30.020081 -25.497134 -29.687506 -30.540825 -30.385172 -24.093738 -24.335777 -28.836110 -23.957839 -25.946546 -27.580454 -28.495390 -26.319388 -29.682264 
-24.963594 -15.025271 -9.658611 -10.472449 -11.464805 -26.104656 -29.031836 -23.069551 -22.486337 -16.408711 -21.885324 -32.123090 -24.235955 -14.418252 -13.219378 -17.822460 -20.509213 -26.886789 -27.001696 -22.139316 -23.941642 -20.241672 -14.831038 -21.805226 -24.109922 -29.516593 -24.745697 -23.731780 -29.743900 -29.127730 -28.996749 -21.653446 -19.167385 -25.039876 -23.119440 -21.429541 -21.932698 -20.594644 -18.820802 -23.888365 
-17.014478 -19.660630 -12.607487 -8.124931 -15.695847 -25.604009 -22.138406 -21.808673 -23.648905 -20.409963 -19.712870 -27.257690 -21.762587 -20.628684 -20.107659 -23.296432 -18.920723 -23.156012 -28.166740 -25.344010 -19.637717 -20.039629 -23.478238 -22.957132 -24.896376 -24.789063 -26.322935 -21.987594 -24.462180 -27.669670 -25.936159 -22.697462 -21.884784 -25.566169 -20.794431 -20.078399 -18.431467 -18.037806 -15.833330 -17.959241 
-20.199235 -22.977177 -13.835341 -16.041210 -27.700213 -31.514636 -23.888579 -21.295733 -24.931571 -24.380529 -28.082594 -33.914021 -30.989181 -28.554431 -26.059856 -20.600305 -22.375130 -23.526685 -23.442790 -24.324533 -24.578696 -24.746157 -24.586563 -20.828176 -22.075249 -28.248400 -27.585645 -23.035474 -25.414913 -27.987598 -25.937544 -23.762603 -24.072022 -26.447034 -22.635285 -21.523986 -18.783808 -17.983752 -16.032466 -17.936597 
-21.499859 -24.862235 -28.587744 -23.275232 -37.361003 -44.437173 -36.753632 -28.801831 -24.609737 -24.786284 -29.022712 -32.835879 -27.315475 -23.604081 -28.228779 -24.005839 -24.556572 -26.893254 -27.233638 -26.074107 -21.139621 -20.276650 -19.134897 -24.012105 -26.864368 -31.848564 -25.933831 -21.670716 -23.263525 -25.347794 -23.812454 -23.055407 -19.450506 -21.091426 -16.763488 -14.274672 -12.191039 -15.837931 -11.142529 -14.107816 
-24.179014 -25.644455 -18.941350 -15.047938 -20.098911 -31.474642 -29.524216 -24.097050 -24.178932 -23.533472 -27.741562 -28.504933 -23.583018 -22.377970 -21.276182 -22.158458 -28.434469 -29.486662 -30.365741 -25.270898 -17.725663 -17.950905 -22.225882 -29.089998 -26.604863 -25.544611 -26.813899 -22.689807 -25.794702 -26.051278 -25.837846 -21.992288 -19.883059 -21.505704 -16.206806 -14.019593 -12.318744 -11.993151 -13.377991 -15.044054 
-26.000453 -25.492641 -20.244458 -17.965936 -21.111109 -33.628665 -36.827805 -26.998891 -20.625706 -23.088226 -26.267917 -28.323591 -27.941062 -23.313091 -24.842782 -21.495195 -26.703975 -25.562753 -21.716211 -27.402374 -19.044000 -18.471720 -21.236845 -27.275296 -28.561114 -26.793003 -28.193296 -24.519567 -22.411552 -26.335572 -23.910024 -20.066694 -17.293647 -20.283081 -15.519805 -13.525169 -12.589695 -11.907403 -10.221774 -11.436333 
-23.426569 -19.772414 -17.572261 -20.731036 -28.436496 -34.675047 -32.061494 -23.744200 -20.428857 -21.411115 -27.329024 -27.464710 -27.902003 -26.623681 -20.965630 -22.623006 -25.251117 -24.473910 -21.020393 -24.766972 -17.681056 -20.779146 -20.840595 -23.399932 -26.382655 -25.546691 -30.020401 -25.094862 -23.351185 -22.705701 -23.037498 -21.392629 -18.591128 -16.639422 -14.315270 -11.082517 -9.451127 -9.178094 -6.409488 -8.523804 
-37.995315 -34.789189 -26.118485 -19.928901 -27.379062 -35.740496 -33.236826 -28.317249 -21.255751 -26.141816 -25.499258 -27.448653 -28.007730 -22.016755 -18.572298 -19.347008 -24.382552 -27.305019 -26.544322 -28.129009 -19.609582 -19.723122 -26.095260 -25.938830 -26.942221 -28.038016 -26.849513 -24.386173 -22.659600 -24.652475 -24.240235 -22.774005 -20.588084 -18.009845 -16.488779 -13.109513 -9.547070 -7.600788 -10.355915 -10.807602 
-31.047645 -34.802402 -31.125879 -27.501606 -32.262926 -32.627202 -31.083130 -26.296467 -24.852651 -25.316837 -27.390849 -27.952302 -26.475028 -27.162394 -25.789713 -21.383303 -25.033946 -27.710196 -26.751380 -34.404798 -25.487904 -23.431647 -25.037821 -27.128672 -24.713101 -30.247907 -28.350902 -23.746893 -25.319030 -25.649585 -27.479360 -23.679398 -18.161228 -20.808538 -16.273178 -13.187350 -9.742197 -9.965751 -10.796574 -13.496614 
-20.713806 -25.636659 -28.220815 -30.397755 -37.374052 -36.100268 -28.783748 -30.047560 -26.187049 -24.934912 -33.329131 -34.812368 -31.025507 -25.259088 -24.583437 -20.859453 -23.178599 -24.088772 -24.534210 -31.600037 -22.142310 -21.870691 -23.446859 -26.427910 -29.899660 -30.009250 -26.224919 -24.287764 -26.960723 -27.140963 -27.377473 -25.245396 -19.962775 -21.442200 -16.788722 -11.334194 -10.776429 -7.658630 -7.620359 -11.661456 
-18.946114 -23.525600 -31.467817 -36.634123 -35.621539 -32.067023 -31.046077 -25.223356 -25.467173 -28.449598 -32.680261 -35.932212 -33.766991 -28.132682 -22.643280 -27.279211 -22.838782 -31.639997 -29.589391 -32.203143 -23.869744 -25.624168 -26.101127 -29.196195 -29.715244 -26.960673 -25.481780 -23.080655 -26.798648 -26.521950 -30.015818 -25.514336 -22.096271 -22.847860 -18.969619 -15.248731 -11.392653 -10.350071 -8.666217 -12.407488 
-26.690105 -27.440825 -35.921700 -33.292108 -35.885140 -35.088089 -26.451189 -29.459604 -27.471920 -26.080890 -33.556870 -30.291464 -36.232662 -24.778114 -21.657125 -25.633855 -21.786579 -28.100177 -30.509063 -35.510073 -28.598935 -26.718135 -27.519860 -25.848245 -27.557771 -27.127581 -31.158225 -26.607536 -25.867620 -27.142084 -27.900500 -22.123664 -23.701157 -24.909302 -19.962877 -15.803359 -12.833553 -12.385062 -11.439711 -15.915171 
-23.721765 -28.345437 -30.110007 -27.357897 -30.682790 -36.826425 -33.179305 -25.205702 -21.626990 -27.663110 -28.814594 -26.223767 -25.993923 -26.952777 -22.400863 -20.702653 -18.844613 -20.867455 -20.497396 -26.359204 -20.501476 -19.547649 -24.795497 -24.451594 -24.779002 -28.683386 -29.147305 -25.298556 -27.343525 -26.315462 -22.410081 -19.095386 -22.821840 -18.463612 -14.160896 -9.364702 -9.277495 -11.718841 -9.853028 -12.418316 
-20.392026 -36.030987 -35.814990 -30.259795 -33.958574 -39.208579 -33.503047 -30.206293 -30.699483 -25.590195 -29.828678 -28.553969 -22.738861 -19.901661 -23.587962 -26.271728 -21.587347 -24.266581 -23.930018 -25.534685 -19.676505 -21.207735 -24.786053 -27.032231 -30.570833 -30.396763 -25.582248 -21.089751 -23.788057 -23.599139 -25.262781 -21.826825 -21.230014 -20.581924 -18.696986 -13.735996 -10.428763 -13.223925 -11.132534 -12.240736 
-22.906775 -28.847701 -31.205913 -32.023041 -32.703926 -29.927025 -30.230721 -27.789324 -30.595086 -23.860230 -29.555072 -29.846714 -25.938653 -24.227171 -22.462476 -19.729283 -20.745252 -27.571040 -25.579662 -27.959379 -22.854114 -22.036644 -22.911685 -22.619152 -26.060400 -26.110109 -25.969253 -23.070393 -21.903093 -26.153116 -23.922598 -20.978949 -20.189823 -24.451084 -20.164929 -20.739816 -14.839315 -14.454465 -11.760877 -12.471235 
-22.727695 -24.122057 -24.583594 -33.406628 -36.110391 -32.267170 -35.043915 -29.234542 -20.832460 -21.478587 -24.016595 -28.828324 -21.813605 -21.960673 -19.595635 -22.763868 -17.431954 -24.060483 -25.885733 -28.723732 -17.316346 -18.140362 -23.845473 -20.185616 -22.396325 -23.770134 -26.256266 -23.538831 -22.666777 -28.843724 -24.402043 -22.266935 -23.951874 -24.428924 -18.403323 -17.090567 -14.483909 -13.376268 -10.979902 -11.949370 
-34.189423 -36.040720 -34.974629 -34.367100 -42.826909 -41.321309 -31.853740 -32.951786 -34.183407 -27.335809 -28.292527 -29.654138 -25.850700 -18.623882 -17.875126 -23.442381 -24.055170 -23.458097 -24.954761 -27.654186 -21.164633 -21.092320 -24.984196 -24.673480 -23.225640 -27.719159 -23.676571 -22.632454 -21.956658 -29.336075 -26.872839 -24.023073 -23.542621 -26.673729 -16.822236 -17.359477 -14.675819 -17.075771 -14.131624 -15.311465 
-26.935326 -39.573713 -36.337075 -33.846216 -34.123412 -36.623190 -32.134085 -27.108024 -24.614631 -24.811154 -29.813070 -32.845785 -30.365514 -25.339816 -24.308301 -24.429312 -23.504735 -26.244402 -31.904532 -32.622886 -23.139623 -23.867004 -28.344194 -25.725667 -29.922023 -33.218215 -30.780327 -25.987067 -28.260191 -30.715482 -29.200814 -26.325534 -28.252470 -29.583842 -23.605276 -20.184399 -21.580320 -20.807257 -20.052514 -20.670249 
-26.325674 -38.149715 -35.572282 -32.956507 -31.902620 -38.890869 -32.728341 -29.338305 -29.192024 -25.435725 -30.699151 -29.911857 -25.495541 -16.658729 -20.454234 -22.551278 -22.179182 -22.361221 -22.842071 -29.184980 -20.754063 -23.240879 -24.022362 -30.454305 -31.677392 -31.048051 -32.538386 -31.674221 -29.840827 -34.601454 -30.365325 -27.472784 -27.561068 -26.954029 -28.301593 -26.241793 -27.404357 -26.303091 -23.700912 -21.265821 
-38.038622 -40.697907 -45.796683 -50.223897 -45.857161 -46.376270 -50.399164 -48.746579 -40.164524 -36.994872 -35.610633 -34.694860 -31.652083 -28.750444 -31.206073 -34.912650 -38.884741 -35.254366 -33.992422 -37.282005 -30.654778 -32.976074 -34.618376 -40.552225 -41.689490 -47.958760 -47.680532 -42.686193 -41.827137 -44.769537 -41.946717 -37.235548 -38.190939 -37.870650 -36.804057 -33.568827 -38.990158 -43.420232 -40.403884 -37.853990 
