NaN NaN NaN NaN NaN NaN NaN NaN NaN NaN NaN NaN NaN NaN NaN NaN NaN NaN NaN NaN NaN NaN NaN NaN NaN NaN NaN NaN NaN NaN NaN NaN NaN NaN NaN NaN NaN NaN NaN NaN 
NaN NaN NaN NaN NaN NaN NaN NaN NaN NaN NaN NaN NaN NaN NaN NaN NaN NaN NaN NaN NaN NaN NaN NaN NaN NaN NaN NaN NaN NaN NaN NaN NaN NaN NaN NaN NaN NaN NaN NaN 
NaN NaN NaN NaN NaN NaN NaN NaN NaN NaN NaN NaN NaN NaN NaN NaN NaN NaN NaN NaN NaN NaN NaN NaN NaN NaN NaN NaN NaN NaN NaN NaN NaN NaN NaN NaN NaN NaN NaN NaN 
NaN NaN NaN NaN NaN NaN NaN NaN NaN NaN NaN NaN NaN NaN NaN NaN NaN NaN NaN NaN NaN NaN NaN NaN NaN NaN NaN NaN NaN NaN NaN NaN NaN NaN NaN NaN NaN NaN NaN NaN 
NaN NaN NaN NaN NaN NaN NaN NaN NaN NaN NaN NaN NaN NaN NaN NaN NaN NaN NaN NaN NaN NaN NaN NaN NaN NaN NaN NaN NaN NaN NaN NaN NaN NaN NaN NaN NaN NaN NaN NaN 
NaN NaN NaN NaN NaN NaN NaN NaN NaN NaN NaN NaN NaN NaN NaN NaN NaN NaN NaN NaN NaN NaN NaN NaN NaN NaN NaN NaN NaN NaN NaN NaN NaN NaN NaN NaN NaN NaN NaN NaN 
NaN NaN NaN NaN NaN NaN NaN NaN NaN NaN NaN NaN NaN NaN NaN NaN NaN NaN NaN NaN NaN NaN NaN NaN NaN NaN NaN NaN NaN NaN NaN NaN NaN NaN NaN NaN NaN NaN NaN NaN 
NaN NaN NaN NaN NaN NaN NaN NaN NaN NaN NaN NaN NaN NaN NaN NaN NaN NaN NaN NaN NaN NaN NaN NaN NaN NaN NaN NaN NaN NaN NaN NaN NaN NaN NaN NaN NaN NaN NaN NaN 
NaN NaN NaN NaN NaN NaN NaN NaN NaN NaN NaN NaN NaN NaN NaN NaN NaN NaN NaN NaN NaN NaN NaN NaN NaN NaN NaN NaN NaN NaN NaN NaN NaN NaN NaN NaN NaN NaN NaN NaN 
NaN NaN NaN NaN NaN NaN NaN NaN NaN NaN NaN NaN NaN NaN NaN NaN NaN NaN NaN NaN NaN NaN NaN NaN NaN NaN NaN NaN NaN NaN NaN NaN NaN NaN NaN NaN NaN NaN NaN NaN 
NaN NaN NaN NaN NaN NaN NaN NaN NaN NaN NaN NaN NaN NaN NaN NaN NaN NaN NaN NaN NaN NaN NaN NaN NaN NaN NaN NaN NaN NaN NaN NaN NaN NaN NaN NaN NaN NaN NaN NaN 
NaN NaN NaN NaN NaN NaN NaN NaN NaN NaN NaN NaN NaN NaN NaN NaN NaN NaN NaN NaN NaN NaN NaN NaN NaN NaN NaN NaN NaN NaN NaN NaN NaN NaN NaN NaN NaN NaN NaN NaN 
NaN NaN NaN NaN NaN NaN NaN NaN NaN NaN NaN NaN NaN NaN NaN NaN NaN NaN NaN NaN NaN NaN NaN NaN NaN NaN NaN NaN NaN NaN NaN NaN NaN NaN NaN NaN NaN NaN NaN NaN 
NaN NaN NaN NaN NaN NaN NaN NaN NaN NaN NaN NaN NaN NaN NaN NaN NaN NaN NaN NaN NaN NaN NaN NaN NaN NaN NaN NaN NaN NaN NaN NaN NaN NaN NaN NaN NaN NaN NaN NaN 
NaN NaN NaN NaN NaN NaN NaN NaN NaN NaN NaN NaN NaN NaN NaN NaN NaN NaN NaN NaN NaN NaN NaN NaN NaN NaN NaN NaN NaN NaN NaN NaN NaN NaN NaN NaN NaN NaN NaN NaN 
NaN NaN NaN NaN NaN NaN NaN NaN NaN NaN NaN NaN NaN NaN NaN NaN NaN NaN NaN NaN NaN NaN NaN NaN NaN NaN NaN NaN NaN NaN NaN NaN NaN NaN NaN NaN NaN NaN NaN NaN 
NaN NaN NaN NaN NaN NaN NaN NaN NaN NaN NaN NaN NaN NaN NaN NaN NaN NaN NaN NaN NaN NaN NaN NaN NaN NaN NaN NaN NaN NaN NaN NaN NaN NaN NaN NaN NaN NaN NaN NaN 
NaN NaN NaN NaN NaN NaN NaN NaN NaN NaN NaN NaN NaN NaN NaN NaN NaN NaN NaN NaN NaN NaN NaN NaN NaN NaN NaN NaN NaN NaN NaN NaN NaN NaN NaN NaN NaN NaN NaN NaN 
NaN NaN NaN NaN NaN NaN NaN NaN NaN NaN NaN NaN NaN NaN NaN NaN NaN NaN NaN NaN NaN NaN NaN NaN NaN NaN NaN NaN NaN NaN NaN NaN NaN NaN NaN NaN NaN NaN NaN NaN 
NaN NaN NaN NaN NaN NaN NaN NaN NaN NaN NaN NaN NaN NaN NaN NaN NaN NaN NaN NaN NaN NaN NaN NaN NaN NaN NaN NaN NaN NaN NaN NaN NaN NaN NaN NaN NaN NaN NaN NaN 
NaN NaN NaN NaN NaN NaN NaN NaN NaN NaN NaN NaN NaN NaN NaN NaN NaN NaN NaN NaN NaN NaN NaN NaN NaN NaN NaN NaN NaN NaN NaN NaN NaN NaN NaN NaN NaN NaN NaN NaN 
NaN NaN NaN NaN NaN NaN NaN NaN NaN NaN NaN NaN NaN NaN NaN NaN NaN NaN NaN NaN NaN NaN NaN NaN NaN NaN NaN NaN NaN NaN NaN NaN NaN NaN NaN NaN NaN NaN NaN NaN 
NaN NaN NaN NaN NaN NaN NaN NaN NaN NaN NaN NaN NaN NaN NaN NaN NaN NaN NaN NaN NaN NaN NaN NaN NaN NaN NaN NaN NaN NaN NaN NaN NaN NaN NaN NaN NaN NaN NaN NaN 
NaN NaN NaN NaN NaN NaN NaN NaN NaN NaN NaN NaN NaN NaN NaN NaN NaN NaN NaN NaN NaN NaN NaN NaN NaN NaN NaN NaN NaN NaN NaN NaN NaN NaN NaN NaN NaN NaN NaN NaN 
NaN NaN NaN NaN NaN NaN NaN NaN NaN NaN NaN NaN NaN NaN NaN NaN NaN NaN NaN NaN NaN NaN NaN NaN NaN NaN NaN NaN NaN NaN NaN NaN NaN NaN NaN NaN NaN NaN NaN NaN 
-71.169989 -71.246015 -71.372772 -71.587244 -71.879602 -72.292354 -72.802108 -73.465590 -74.364342 -75.462424 -76.840398 -78.617509 -80.802236 -83.537494 -86.710702 -89.342336 -90.128596 -89.757202 -89.879299 -91.209112 -94.108960 -97.838375 -97.786304 -95.344635 -94.203351 -94.134470 -94.260103 -94.765328 -96.977394 -101.539179 -102.115884 -99.754669 -98.464534 -96.980585 -97.301798 -97.747534 -97.968242 -101.756697 -100.250702 -99.820883 
-36.094686 -41.534595 -46.976438 -50.246755 -50.013818 -52.459069 -56.526347 -57.525439 -60.014465 -62.259275 -63.709937 -65.585270 -64.281247 -65.404358 -68.386479 -68.118506 -73.070215 -75.750477 -79.462408 -74.992111 -73.321073 -72.722465 -74.774188 -78.437919 -85.303885 -81.694972 -85.282978 -80.653935 -82.087237 -80.559587 -81.199920 -84.138607 -80.265264 -81.151339 -85.831919 -86.031473 -83.102749 -84.390521 -87.634492 -87.314339 
-17.294767 -24.700975 -16.725458 -12.284132 -12.619104 -17.132691 -27.617679 -29.197182 -28.549877 -36.478894 -37.462678 -37.738003 -43.373389 -40.489723 -33.838653 -41.108933 -43.221457 -44.194826 -45.151226 -46.558692 -48.103528 -47.963144 -48.549391 -46.836947 -48.349708 -49.773795 -50.270663 -50.121245 -51.340652 -51.631188 -52.609345 -53.021541 -53.832931 -54.047716 -54.382028 -54.557084 -54.931843 -55.483995 -55.706080 -55.790450 
-11.237804 -3.719483 4.998559 14.570335 15.505783 6.124510 -6.362293 -5.724778 -11.279299 -19.085099 -23.526279 -22.927119 -23.689474 -19.503034 -18.266617 -27.765545 -29.460688 -31.744281 -31.755428 -32.464658 -29.563308 -26.852547 -31.159601 -32.171430 -35.034578 -36.840966 -36.006978 -37.012200 -38.521474 -38.858863 -39.472898 -39.975703 -40.188053 -40.834107 -41.116501 -41.489740 -41.701298 -42.027792 -42.180149 -42.171005 
-8.773024 -17.764238 3.287929 22.335639 22.710257 7.168981 -3.138854 3.540018 -7.586095 -20.105508 -21.430175 -22.577800 -18.443602 -16.364282 -12.943047 -19.452758 -29.630365 -31.104765 -32.813020 -32.563340 -27.373892 -20.946128 -27.690088 -32.275651 -36.312586 -37.169542 -33.375041 -33.392548 -39.262233 -40.482897 -40.886358 -41.277736 -41.230420 -41.698030 -42.332036 -42.866942 -43.041130 -42.953051 -43.677940 -43.306347 
-20.292294 -14.751565 0.997674 23.931702 24.215668 3.206731 -6.128007 6.321315 -3.780815 -14.372331 -15.708406 -17.333288 -13.197038 -15.236210 -11.142074 -10.830303 -21.927132 -22.426074 -25.229477 -24.961943 -24.158189 -17.755107 -23.894845 -27.448640 -28.855241 -29.682474 -30.040682 -30.319067 -31.372382 -31.941500 -32.364973 -32.952443 -33.122383 -33.602017 -34.081767 -34.446919 -34.801218 -34.977659 -34.969342 -35.233498 
-13.499682 -10.773245 0.886133 25.147496 25.888829 6.443538 -4.899895 7.587600 -2.245368 -20.662581 -15.406689 -22.514189 -13.399910 -14.853164 -11.267005 -8.168240 -24.640651 -26.237524 -30.069583 -29.719816 -23.302634 -16.034104 -23.022357 -30.132039 -33.380506 -36.024358 -33.963726 -34.640015 -39.195615 -39.622315 -40.705406 -41.163697 -40.573489 -41.739550 -42.458524 -42.516780 -42.255571 -42.885626 -41.982913 -41.993740 
-11.385080 -13.256552 -1.738930 25.527910 27.403457 8.755150 -8.028422 8.449651 1.042847 -15.890476 -16.124106 -17.812089 -13.193863 -11.228483 -13.380503 -6.376647 -21.323924 -21.643651 -25.123562 -25.757482 -21.580344 -14.271045 -20.479909 -25.165829 -27.905494 -30.130134 -28.311904 -30.302573 -31.880259 -32.681962 -33.098234 -33.436364 -33.311708 -34.287271 -34.784917 -35.113677 -35.390423 -35.647428 -35.997076 -35.837732 
-10.977576 -18.726892 -3.919382 25.714962 28.655519 11.243448 -9.200286 9.940664 5.206612 -18.303014 -13.679841 -21.579465 -13.980022 -8.233431 -18.517502 -6.535407 -21.275075 -22.260794 -27.945150 -26.778605 -16.493694 -17.636079 -20.205322 -25.772679 -31.654225 -32.590348 -29.764948 -30.842683 -35.531388 -36.568899 -36.886195 -36.775476 -35.789781 -37.558131 -38.315813 -38.819079 -39.189091 -39.176953 -39.664928 -38.880742 
-17.887583 -18.930868 -2.748052 24.444436 29.377509 15.535797 -2.876414 6.654379 11.082612 -3.676979 -4.317827 -6.578465 -15.424321 -3.752901 -15.668457 -7.256928 -17.167425 -23.355219 -22.911408 -17.617759 -8.575329 -9.888083 -16.003119 -24.764010 -31.663060 -31.099843 -23.378775 -21.739045 -29.377444 -32.455862 -35.328064 -35.318721 -29.344724 -34.461264 -41.381600 -41.553670 -42.953692 -43.276091 -42.119895 -40.270236 
-18.962421 -20.134326 -9.728945 21.140752 28.222587 15.627181 -7.233878 10.710236 14.764133 0.601090 7.247831 8.307333 -10.734091 2.723914 -8.757231 -6.981937 -11.082965 -14.549002 -17.020637 -10.523530 -9.463914 -8.914708 -8.722130 -20.810150 -20.141309 -18.069737 -17.969418 -12.695789 -15.106505 -21.592863 -25.723147 -22.534239 -16.907920 -24.282126 -32.391808 -38.400364 -43.386693 -42.507010 -38.396898 -35.284431 
-12.489139 -16.081719 -21.235403 19.892946 26.605384 12.612058 -12.461414 10.244055 12.692621 -9.482861 8.828141 14.718667 -7.126807 5.666596 -3.361323 -6.132515 -8.051516 -9.345058 -11.439023 -5.770156 -7.104270 -3.776932 -6.253558 -13.849625 -17.044417 -17.154526 -13.221314 -7.447047 -11.117570 -19.045198 -22.764318 -18.258682 -16.468068 -21.331001 -28.332590 -34.788930 -38.121166 -38.643438 -38.380979 -34.611615 
-20.435903 -22.226844 -19.103771 18.622087 26.134953 13.598860 -13.934006 6.839989 12.088633 -8.509589 7.262556 17.239225 -3.045041 7.945714 3.387470 -4.648427 -2.273444 -6.784256 -6.095609 -3.388217 -4.894779 0.703666 -5.834170 -11.650864 -16.976132 -15.678221 -12.429243 -4.997584 -6.441748 -15.673120 -19.711055 -17.579356 -17.505176 -17.817489 -22.563356 -31.219527 -35.204079 -36.947749 -33.669040 -32.495327 
-18.431140 -20.056004 -15.154133 16.574320 25.356350 13.746376 -15.058228 3.758660 11.992130 -7.915481 5.236085 18.048167 -0.041946 8.798777 8.197634 -4.463494 2.204056 -6.155478 -1.785748 -2.022049 -1.217643 5.042336 -4.717099 -10.073806 -16.543542 -17.075752 -11.639929 -4.091166 -6.740272 -12.325481 -14.989812 -16.617229 -17.479904 -20.013958 -22.239270 -21.881588 -29.938147 -35.464541 -34.294574 -31.515964 
-23.239107 -18.143018 -17.065442 14.711076 24.760183 14.733529 -12.621853 1.599281 12.285310 -2.548724 2.159604 17.836944 4.681790 6.873849 10.710498 -6.703869 4.210185 -7.864913 0.035987 -2.402088 1.245725 5.732704 -3.125249 -5.863971 -12.781953 -16.621570 -12.014576 -7.241824 -8.562759 -11.762293 -12.455179 -18.289082 -22.992341 -22.926366 -20.365460 -20.388218 -28.321865 -40.778832 -40.922396 -34.026634 
-12.688780 -17.032269 -17.787016 12.265708 23.990017 15.384660 -11.309780 -2.123294 11.732816 -1.351013 -5.631511 16.579834 6.783534 3.933836 11.938006 -5.619717 6.434445 -4.157995 4.174419 -0.694521 5.354999 0.178395 -5.322101 -7.669219 -13.776701 -15.878005 -14.324028 -9.151898 -7.805142 -9.179719 -9.443285 -13.507281 -22.650275 -27.857171 -26.103842 -25.501680 -31.489444 -36.483404 -35.807345 -29.694820 
-13.985261 -12.057536 -16.550228 10.074853 23.289965 16.130928 -9.583817 -5.467178 10.934363 0.279405 -8.105311 16.322493 9.667486 1.710495 11.501780 -4.893998 7.087079 -1.511109 5.328292 -0.907473 7.054660 -5.258044 -8.005285 -9.890122 -15.674732 -18.295401 -16.986477 -12.581826 -8.896645 -9.812023 -9.607422 -13.180906 -21.805485 -29.136708 -28.581729 -30.178788 -34.361832 -40.618879 -37.436010 -32.600802 
-15.148747 -18.139520 -19.174202 6.871662 22.665702 17.441511 -7.848473 -10.471885 9.896053 2.992102 -11.625133 15.509361 13.318438 -5.175581 8.231943 -3.506724 5.030726 1.669871 4.176111 1.026078 6.037013 -2.659787 -5.609518 -9.636544 -13.891396 -15.696160 -14.072029 -10.064845 -8.545454 -10.132985 -10.488264 -15.221762 -21.635355 -26.180100 -29.582163 -29.888802 -32.576038 -37.329830 -37.029462 -32.854678 
-16.406118 -21.927744 -21.627310 6.722711 22.776332 18.222966 -6.165688 -14.720608 9.511703 3.514894 -13.353756 14.430650 14.355877 -10.408738 7.454661 -2.613627 3.705345 1.641621 0.886098 0.226221 3.961354 -1.457865 -5.124328 -11.940860 -14.152080 -16.643497 -14.821989 -11.845229 -11.015196 -12.023636 -11.053905 -16.538405 -21.659141 -26.033353 -28.987285 -29.653499 -31.471135 -35.428110 -33.735564 -30.773770 
-20.785111 -17.733594 -20.209054 6.536195 23.037048 18.669405 -5.746394 -12.939154 10.069961 4.061485 -14.814137 15.077718 15.183515 -7.630799 6.911487 -2.014689 1.195091 0.788246 -0.796162 0.734245 3.210592 2.058534 -0.702119 -6.134684 -9.041017 -10.679377 -9.194455 -6.644643 -5.143266 -7.689684 -8.423816 -14.907980 -20.601095 -25.412383 -27.612487 -30.671601 -33.518227 -36.908020 -34.980410 -31.756545 
-20.706180 -20.159573 -20.299984 8.198053 23.408533 18.158788 -7.370589 -5.862367 11.042477 2.521226 -11.944889 16.322458 14.050667 -5.832161 7.613889 -3.906917 -0.030088 -3.023915 -1.946732 -4.242294 0.744469 -3.193231 3.179260 -3.738279 -7.076863 -9.497769 -9.197308 -5.523799 -4.206140 -5.744555 -7.624290 -10.079060 -17.504013 -23.064974 -25.765472 -29.155951 -32.765278 -35.628978 -35.234146 -31.490762 
-14.325554 -16.823706 -18.945221 10.992468 23.858490 16.522791 -8.415212 -2.803356 11.917743 -1.298530 -2.300344 17.797944 9.079871 0.602685 8.957625 -8.156036 -0.782597 -10.588871 -2.194049 -8.368977 -2.688724 -2.033476 2.773486 3.202335 -4.653402 -7.344408 -5.260774 -2.197012 -1.280807 -5.688093 -9.254010 -12.977226 -20.424967 -22.690342 -24.411938 -25.805915 -31.883326 -43.095177 -38.507698 -33.900864 
-19.092429 -15.255960 -15.171799 14.077720 24.229828 14.182648 -13.060744 3.413533 11.707140 -5.582990 6.033477 17.562997 1.735962 4.417857 7.034848 -9.401725 -3.525612 -13.584885 -6.360322 -11.169238 -8.196077 -5.707782 -2.866385 3.202171 -1.265655 -7.911542 -7.038541 -3.231097 -4.698893 -8.660457 -10.320598 -13.961859 -21.446604 -24.465483 -26.353774 -27.449473 -32.072975 -36.020880 -34.673055 -28.512327 
-16.482267 -17.332120 -12.532355 17.483930 24.658861 11.978724 -12.074937 7.463606 10.174516 -10.310089 10.848118 14.212731 -6.905781 6.638869 0.407698 -4.924750 -9.404612 -13.573286 -13.960775 -12.041237 -16.442576 -11.810321 -4.932204 -3.516798 -1.547593 -5.664711 -5.667140 -2.293816 -2.454986 -8.503141 -13.149353 -16.931493 -20.831281 -21.554227 -24.132190 -31.581444 -35.405702 -38.211649 -37.137114 -32.692003 
-32.408011 -28.967385 -7.977274 20.365869 24.632320 8.929671 -6.693191 11.058219 6.881064 -7.507055 13.386987 8.695404 -4.717364 5.057766 -6.347282 -2.375069 -14.430876 -18.303812 -19.382844 -16.220630 -18.483216 -19.512228 -14.707693 -12.115625 -7.881817 -5.897626 -5.591223 -3.054618 -6.120611 -11.183123 -15.197355 -20.669315 -20.167312 -20.296764 -25.932908 -35.010472 -43.741053 -44.445175 -37.496791 -30.712909 
-14.285231 -15.621865 -0.719066 21.961515 23.271345 4.813513 0.512600 12.350968 0.776733 0.881431 11.981417 -2.000671 0.421218 -1.425455 -5.572207 -4.129561 -21.772184 -25.922814 -17.546716 -20.690883 -20.925532 -23.183161 -19.219957 -16.903540 -13.314462 -7.874418 -5.404263 -4.350681 -11.445312 -18.287239 -20.667366 -18.756015 -18.833310 -22.567813 -27.399625 -35.069146 -43.597489 -46.959684 -37.843456 -32.227319 
-19.683838 -15.187729 4.216872 21.897290 19.352749 -2.277752 5.553278 11.032740 -6.014958 3.863934 6.228703 -9.541073 -1.168711 -7.574639 -1.654043 -9.130502 -21.247879 -28.381561 -21.968731 -24.850409 -27.675148 -29.765657 -24.409360 -19.398527 -14.866597 -7.395724 -5.036838 -4.992998 -10.453627 -21.757336 -24.095094 -20.256433 -18.576437 -23.645926 -31.298545 -37.965345 -42.010495 -43.000327 -39.346652 -36.782634 
-18.551813 -19.735419 7.559646 21.457792 16.352924 -6.953623 9.491679 10.828148 -12.519640 1.209680 -1.478208 -10.306618 -3.452585 -11.390163 -3.635342 -17.442217 -21.073810 -28.494469 -29.609394 -28.484866 -33.609490 -33.524356 -30.336485 -25.531901 -22.969808 -14.013681 -7.800025 -10.055101 -14.883545 -20.227921 -23.657789 -24.800019 -21.869740 -28.156010 -36.123555 -41.559970 -44.032119 -44.870371 -38.448921 -36.340444 
-22.895843 -17.929324 9.218037 20.713481 13.926034 -1.683183 13.046631 10.068715 -15.374121 -5.362494 -14.841560 -8.429672 -5.840988 -10.192753 -8.227161 -22.847790 -26.451212 -33.527278 -31.239154 -32.497982 -37.432333 -34.896579 -29.482070 -25.059483 -22.897734 -19.145214 -12.159260 -10.444885 -15.501176 -19.866598 -24.581269 -24.667309 -24.420321 -27.279039 -37.439001 -44.376018 -45.041560 -46.820850 -39.382355 -35.523424 
-27.123397 -18.854500 10.556206 19.394093 9.764377 2.826083 16.080651 8.960967 -12.250864 -6.201911 -21.837836 -12.102692 -14.485908 -10.663148 -14.973783 -23.046457 -28.826836 -37.249990 -32.350650 -36.582898 -37.422521 -37.526049 -38.217529 -30.735171 -26.585835 -22.899741 -16.274176 -12.995930 -17.279030 -22.356176 -26.593228 -24.455225 -24.232057 -30.822486 -39.346754 -46.758949 -48.863449 -50.204659 -40.103980 -35.741765 
-15.379644 -16.368681 10.190975 17.930468 7.411234 5.235922 17.468744 8.688927 -11.694670 -4.414528 -19.036923 -21.139640 -24.004470 -13.648934 -23.955977 -26.367186 -31.005853 -32.071731 -31.653116 -35.147195 -36.153541 -36.799449 -34.724746 -31.466074 -30.744122 -21.921602 -11.502736 -9.630404 -14.827944 -24.078064 -28.707281 -26.661404 -25.341808 -28.128519 -37.223235 -42.914331 -44.475709 -46.201148 -39.265998 -35.768698 
-27.728933 -11.973052 9.789310 15.722865 4.107002 8.071452 16.965968 5.840999 -9.163583 -7.233264 -23.150535 -32.258802 -25.463717 -20.005494 -29.653965 -29.285520 -31.126100 -35.986157 -38.437014 -39.844528 -40.505199 -42.224116 -38.890931 -33.341696 -30.513492 -24.054840 -12.589180 -9.318235 -15.306380 -22.527986 -26.990380 -29.262805 -30.985145 -34.510515 -42.381409 -45.280719 -48.519555 -51.703390 -43.296613 -38.104715 
-14.124650 -12.751608 7.910720 13.298099 -0.823230 6.945460 14.137719 0.051974 -14.231306 -13.910771 -24.295296 -25.802520 -24.843488 -23.798770 -28.926751 -29.623809 -29.288123 -33.888464 -34.766193 -35.986137 -36.596153 -36.426920 -37.416695 -33.850840 -28.967347 -21.123204 -12.844909 -14.883325 -19.597054 -25.651748 -31.620546 -33.969760 -33.052329 -35.955509 -40.711602 -43.266837 -44.277831 -45.028972 -42.933613 -41.890779 
-23.879777 -15.875439 5.984419 14.287163 5.954196 0.216541 11.300685 3.978024 -20.799457 -15.461345 -22.281578 -25.310656 -25.387585 -23.486756 -27.513191 -28.182927 -29.069341 -31.243627 -31.486876 -32.414634 -33.223513 -33.260601 -33.137156 -32.580812 -28.964962 -23.476103 -15.684384 -15.024120 -19.974107 -30.054643 -33.337394 -32.703679 -28.684638 -33.174336 -40.020692 -41.199724 -41.237507 -41.839655 -41.730315 -42.325949 
-15.413896 -17.405977 6.277916 12.543721 3.499782 4.455132 12.301286 5.208827 -14.327405 -15.951319 -26.594899 -27.381488 -32.605320 -33.542282 -36.236549 -33.604944 -35.823267 -40.512316 -40.141474 -40.825965 -42.823713 -45.280140 -40.426231 -35.144686 -26.229170 -22.819663 -18.508511 -16.193429 -26.854855 -31.373114 -35.131425 -36.310864 -33.493961 -40.194655 -46.136961 -46.742286 -49.219409 -50.697055 -50.018625 -48.759137 
-13.060431 -8.555911 1.993857 5.366373 1.131366 0.135166 4.313529 -2.240410 -24.170478 -23.919539 -28.386631 -30.408575 -30.309157 -33.046437 -34.753903 -34.459925 -36.957804 -37.056752 -38.097465 -38.892469 -39.485048 -39.636959 -35.990847 -34.560715 -29.314859 -26.366865 -24.631676 -27.278720 -37.180492 -38.002037 -40.063439 -40.900020 -40.225436 -43.278696 -46.670494 -49.383439 -49.779661 -49.870726 -50.663603 -50.553238 
-19.906927 -24.770312 -14.610867 -14.537518 -14.275290 -12.715104 -18.159884 -19.995077 -27.180276 -35.081041 -34.771840 -34.589466 -35.982848 -36.993422 -38.293957 -39.817621 -41.169606 -41.338576 -42.213974 -42.897859 -43.761972 -44.915734 -43.501220 -43.292593 -40.982390 -41.984673 -42.293464 -45.058377 -47.454683 -49.270165 -48.902986 -49.181140 -50.854428 -50.630379 -51.675920 -51.953781 -52.156578 -52.571054 -52.632195 -52.731190 
-27.416548 -30.269849 -32.233970 -29.787369 -30.113050 -29.892162 -31.197957 -36.285227 -45.564819 -48.899081 -56.126357 -53.175739 -53.847347 -61.883538 -60.609268 -66.900824 -65.519131 -67.101045 -67.923650 -67.817897 -70.542804 -70.691801 -70.027865 -65.584849 -64.660792 -65.626188 -60.868192 -64.921235 -68.569631 -68.854495 -69.539521 -70.352892 -70.347695 -70.108737 -70.447239 -72.110948 -68.591098 -70.113748 -71.097742 -73.530662 
-37.002772 -48.928517 -45.570484 -48.176037 -40.150764 -44.254488 -40.805503 -40.886720 -53.270197 -55.409547 -61.736482 -60.540770 -58.832775 -63.236053 -63.009447 -65.547084 -62.031229 -67.696398 -69.518940 -70.834342 -69.872013 -70.772644 -69.433923 -70.523051 -69.950405 -72.349304 -72.784366 -69.698265 -71.753499 -73.704358 -71.841442 -70.406754 -72.362990 -74.612675 -73.648544 -73.481062 -71.617886 -73.019761 -74.308419 -76.187427 
-43.966685 -51.818227 -49.199150 -49.051694 -45.117023 -42.479367 -45.460989 -50.681018 -63.601425 -66.052408 -61.556022 -62.592282 -65.654107 -70.325545 -69.351824 -70.602355 -70.512308 -79.684108 -75.521897 -78.334462 -72.313609 -72.562255 -71.681836 -73.069474 -74.909557 -75.104849 -78.471804 -78.208408 -76.190496 -76.541279 -77.221806 -77.860984 -78.625553 -78.000290 -76.924138 -75.536349 -76.167939 -77.519103 -77.420134 -79.014564 
-52.005626 -58.299724 -61.578067 -59.231036 -57.932057 -52.894447 -53.140049 -62.180143 -66.610140 -63.414298 -65.830497 -67.029375 -66.701598 -68.533257 -73.547923 -75.770397 -72.806161 -73.954962 -72.625702 -74.374586 -77.406249 -73.898987 -76.838572 -76.018642 -79.260825 -78.409052 -75.784823 -80.738287 -80.688625 -80.426521 -81.124513 -79.271699 -78.512255 -77.543576 -77.714322 -80.867265 -80.265372 -79.239543 -81.104378 -79.912904 
-58.539810 -62.155539 -63.274312 -59.928091 -58.822724 -61.847767 -61.060362 -70.827696 -72.895322 -71.305832 -71.061010 -68.451004 -72.821411 -77.491182 -73.134892 -72.050300 -72.632663 -72.675324 -73.108765 -76.602882 -79.381172 -73.761218 -77.696279 -79.258525 -77.187238 -79.355378 -80.189656 -78.058802 -77.629677 -80.214963 -78.548229 -79.347644 -79.664115 -78.509819 -77.903543 -81.037550 -81.352370 -79.872557 -82.217003 -82.111358 
-70.829450 -71.481023 -69.178161 -71.862354 -69.384201 -66.162857 -66.424633 -69.617145 -75.686051 -72.883860 -74.269165 -79.999127 -82.497063 -76.472553 -71.609529 -78.649892 -75.959281 -73.874964 -76.705133 -76.533103 -76.060573 -76.207682 -77.947630 -79.796785 -78.059711 -76.801077 -79.787009 -77.671873 -79.689469 -77.647967 -79.088852 -77.535669 -78.383692 -80.229586 -77.934539 -79.601910 -79.737435 -79.338175 -78.094176 -80.284930 
-21.464707 -23.011379 -21.773943 -17.843287 -18.890772 -19.273596 -14.656347 -15.366607 -19.774592 -20.382744 -23.258522 -24.362254 -23.071124 -23.589764 -24.352632 -25.374119 -25.600189 -27.172512 -31.361985 -33.132134 -34.564127 -34.771927 -27.942989 -26.355136 -29.209441 -33.708755 -32.525859 -29.273977 -29.847715 -32.197064 -31.901291 -27.594598 -29.896161 -29.899208 -34.126553 -32.004583 -30.827980 -34.203047 -36.451160 -41.604059 
-16.098735 -18.838902 -17.199641 -8.806475 -5.365109 -4.450817 -1.760405 -5.617880 -16.581912 -16.049030 -19.884561 -23.066659 -18.279241 -18.715493 -14.925228 -17.537557 -18.685233 -19.524985 -24.055788 -25.171261 -25.972258 -24.689137 -20.274607 -12.025305 -14.360367 -19.855518 -14.083211 -16.166278 -15.179861 -15.924789 -13.611922 -11.425877 -13.682045 -14.530804 -15.837327 -10.645008 -11.685430 -13.496734 -16.568450 -18.508286 
-23.949396 -15.697628 -21.388902 -19.236030 -11.695273 -10.366706 -12.410514 -11.582441 -14.934634 -16.969592 -23.698087 -26.115235 -27.465905 -22.716783 -21.461044 -21.654008 -18.676854 -21.129936 -29.004958 -33.469223 -29.728337 -23.587154 -14.429145 -13.695188 -13.792677 -16.895248 -11.174874 -11.028254 -14.626128 -17.114316 -14.704168 -13.400205 -12.569538 -12.873856 -10.938302 -8.347229 -5.988828 -7.085050 -10.969449 -12.165720 
-14.232905 -15.340911 -21.801252 -28.435858 -23.381407 -22.567537 -18.769973 -14.755896 -17.278047 -16.852305 -19.521780 -22.991412 -26.197554 -26.738169 -23.074699 -21.077285 -19.104410 -23.987365 -26.797018 -30.193261 -28.995603 -21.420892 -16.477926 -18.391603 -14.165834 -16.879634 -12.988696 -12.933495 -18.877185 -18.815609 -12.896293 -13.303231 -13.503033 -15.432331 -9.931918 -7.930300 -10.703389 -11.667227 -12.016997 -13.578452 
-17.944951 -20.350366 -18.675778 -21.355966 -22.971578 -27.927569 -22.135092 -16.350035 -19.109869 -21.426700 -19.483014 -24.372287 -20.323595 -24.048709 -24.715578 -20.634624 -24.897292 -22.765787 -31.893267 -32.914561 -27.329422 -17.132830 -15.651707 -15.147966 -16.067088 -16.619203 -11.752601 -10.571240 -18.587129 -19.386686 -12.401245 -17.240499 -14.222503 -16.382559 -10.918058 -9.160556 -9.827234 -13.195618 -15.390849 -16.213753 
-19.426834 -20.862850 -23.126217 -23.130401 -21.609786 -24.090570 -26.682210 -20.251443 -17.005227 -30.106895 -17.986061 -23.072712 -23.573242 -23.262988 -23.701634 -22.934628 -25.842695 -28.735603 -28.676318 -31.449991 -28.749139 -17.200374 -12.964197 -18.964412 -19.248106 -21.603397 -15.477284 -18.648295 -19.106983 -20.602217 -17.842975 -15.520049 -18.986494 -15.155617 -11.763153 -9.809520 -10.952958 -12.950659 -16.698892 -17.679642 
-21.644294 -28.004106 -27.805360 -21.828583 -19.947120 -18.939636 -17.183206 -11.142079 -11.583387 -21.247354 -19.030246 -28.939995 -22.429363 -19.258344 -22.665161 -22.943126 -22.735287 -26.484647 -29.380202 -30.017262 -26.361901 -15.123758 -9.697870 -20.145190 -22.908115 -24.407891 -17.920900 -20.087369 -24.043250 -20.531261 -16.215784 -17.910459 -20.116537 -17.188800 -13.103974 -10.976843 -14.738715 -12.108431 -15.833751 -17.734319 
-15.644335 -19.472841 -32.719121 -32.051483 -21.624539 -20.305688 -21.386343 -20.077581 -20.015779 -20.971329 -26.274803 -22.090815 -25.414769 -20.964731 -17.958514 -24.386429 -27.427954 -25.202384 -25.568646 -29.251614 -24.812175 -16.429108 -13.309735 -24.516534 -23.942561 -23.589663 -18.738440 -22.799519 -30.072331 -26.766138 -20.852514 -20.006341 -20.752836 -24.830571 -16.592173 -16.604367 -20.732333 -21.228589 -24.646681 -24.615430 
-16.404845 -18.715670 -28.953488 -28.850382 -23.352315 -26.233244 -28.565020 -18.738474 -15.443860 -20.100538 -24.429922 -24.533860 -27.267151 -26.488553 -26.804197 -29.927659 -32.670892 -26.279298 -32.693130 -37.966369 -30.157060 -19.766895 -20.797090 -25.013831 -25.887612 -27.533645 -18.076872 -25.338460 -31.387867 -31.035608 -27.074113 -27.566350 -27.279529 -30.366473 -25.431637 -28.813733 -29.248846 -31.239844 -28.964935 -30.347227 
-18.941156 -26.829604 -33.933923 -27.166516 -24.362343 -26.140110 -31.221423 -20.207709 -19.184763 -27.435304 -23.529956 -22.076259 -24.732888 -26.028408 -32.136338 -35.640823 -39.159562 -42.093744 -40.984947 -40.830838 -33.529043 -28.326303 -31.915561 -31.456549 -38.460816 -35.993142 -27.614277 -35.140816 -38.907563 -43.475303 -39.769528 -36.813870 -37.367155 -41.855809 -40.957716 -39.512130 -40.624478 -42.494610 -45.553082 -50.214579 
-29.154119 -27.879424 -31.056960 -29.420148 -27.951867 -34.404637 -34.163362 -30.969129 -32.973356 -35.430509 -38.244617 -31.235857 -26.244002 -31.512314 -41.906903 -46.498491 -52.959487 -50.106952 -52.655147 -50.909738 -39.241908 -30.887558 -35.740412 -48.797682 -52.787579 -49.044596 -43.984556 -46.567049 -55.792921 -55.676334 -54.228031 -54.579114 -54.174525 -56.621622 -58.187701 -59.333267 -58.224591 -58.479721 -58.842410 -59.274437 
-35.758983 -40.474972 -47.645957 -44.455883 -44.876150 -47.771328 -53.233929 -53.916981 -51.229009 -55.356648 -57.287752 -51.887567 -49.507182 -57.553119 -58.097583 -65.984884 -69.708040 -68.198843 -74.417154 -73.550901 -63.467672 -61.165749 -61.733366 -69.120160 -68.724405 -71.631446 -69.383965 -73.837686 -74.590541 -74.173007 -77.675358 -73.956563 -74.554477 -76.828059 -75.620390 -76.937502 -79.091945 -79.275792 -79.740028 -80.647287 
-66.331850 -66.576918 -66.989907 -67.700608 -68.699462 -70.171241 -72.115231 -74.923546 -79.480970 -86.830418 -89.178801 -83.700598 -81.488147 -81.544128 -83.318727 -85.917795 -86.853923 -86.154685 -86.569620 -88.090844 -88.316286 -88.177261 -91.573473 -99.735769 -92.810691 -89.856528 -89.994352 -92.021888 -94.717683 -94.207988 -94.983513 -95.167883 -99.312291 -94.617387 -93.173940 -94.903396 -98.370716 -100.604611 -102.202870 -98.570714 
NaN NaN NaN NaN NaN NaN NaN NaN NaN NaN NaN NaN NaN NaN NaN NaN NaN NaN NaN NaN NaN NaN NaN NaN NaN NaN NaN NaN NaN NaN NaN NaN NaN NaN NaN NaN NaN NaN NaN NaN 
NaN NaN NaN NaN NaN NaN NaN NaN NaN NaN NaN NaN NaN NaN NaN NaN NaN NaN NaN NaN NaN NaN NaN NaN NaN NaN NaN NaN NaN NaN NaN NaN NaN NaN NaN NaN NaN NaN NaN NaN 
NaN NaN NaN NaN NaN NaN NaN NaN NaN NaN NaN NaN NaN NaN NaN NaN NaN NaN NaN NaN NaN NaN NaN NaN NaN NaN NaN NaN NaN NaN NaN NaN NaN NaN NaN NaN NaN NaN NaN NaN 
NaN NaN NaN NaN NaN NaN NaN NaN NaN NaN NaN NaN NaN NaN NaN NaN NaN NaN NaN NaN NaN NaN NaN NaN NaN NaN NaN NaN NaN NaN NaN NaN NaN NaN NaN NaN NaN NaN NaN NaN 
NaN NaN NaN NaN NaN NaN NaN NaN NaN NaN NaN NaN NaN NaN NaN NaN NaN NaN NaN NaN NaN NaN NaN NaN NaN NaN NaN NaN NaN NaN NaN NaN NaN NaN NaN NaN NaN NaN NaN NaN 
NaN NaN NaN NaN NaN NaN NaN NaN NaN NaN NaN NaN NaN NaN NaN NaN NaN NaN NaN NaN NaN NaN NaN NaN NaN NaN NaN NaN NaN NaN NaN NaN NaN NaN NaN NaN NaN NaN NaN NaN 
NaN NaN NaN NaN NaN NaN NaN NaN NaN NaN NaN NaN NaN NaN NaN NaN NaN NaN NaN NaN NaN NaN NaN NaN NaN NaN NaN NaN NaN NaN NaN NaN NaN NaN NaN NaN NaN NaN NaN NaN 
NaN NaN NaN NaN NaN NaN NaN NaN NaN NaN NaN NaN NaN NaN NaN NaN NaN NaN NaN NaN NaN NaN NaN NaN NaN NaN NaN NaN NaN NaN NaN NaN NaN NaN NaN NaN NaN NaN NaN NaN 
NaN NaN NaN NaN NaN NaN NaN NaN NaN NaN NaN NaN NaN NaN NaN NaN NaN NaN NaN NaN NaN NaN NaN NaN NaN NaN NaN NaN NaN NaN NaN NaN NaN NaN NaN NaN NaN NaN NaN NaN 
NaN NaN NaN NaN NaN NaN NaN NaN NaN NaN NaN NaN NaN NaN NaN NaN NaN NaN NaN NaN NaN NaN NaN NaN NaN NaN NaN NaN NaN NaN NaN NaN NaN NaN NaN NaN NaN NaN NaN NaN 
NaN NaN NaN NaN NaN NaN NaN NaN NaN NaN NaN NaN NaN NaN NaN NaN NaN NaN NaN NaN NaN NaN NaN NaN NaN NaN NaN NaN NaN NaN NaN NaN NaN NaN NaN NaN NaN NaN NaN NaN 
NaN NaN NaN NaN NaN NaN NaN NaN NaN NaN NaN NaN NaN NaN NaN NaN NaN NaN NaN NaN NaN NaN NaN NaN NaN NaN NaN NaN NaN NaN NaN NaN NaN NaN NaN NaN NaN NaN NaN NaN 
NaN NaN NaN NaN NaN NaN NaN NaN NaN NaN NaN NaN NaN NaN NaN NaN NaN NaN NaN NaN NaN NaN NaN NaN NaN NaN NaN NaN NaN NaN NaN NaN NaN NaN NaN NaN NaN NaN NaN NaN 
NaN NaN NaN NaN NaN NaN NaN NaN NaN NaN NaN NaN NaN NaN NaN NaN NaN NaN NaN NaN NaN NaN NaN NaN NaN NaN NaN NaN NaN NaN NaN NaN NaN NaN NaN NaN NaN NaN NaN NaN 
