NaN NaN NaN NaN NaN NaN NaN NaN NaN NaN NaN NaN NaN NaN NaN NaN NaN NaN NaN NaN NaN NaN NaN NaN NaN NaN NaN NaN NaN NaN NaN NaN NaN NaN NaN NaN NaN NaN NaN NaN 
NaN NaN NaN NaN NaN NaN NaN NaN NaN NaN NaN NaN NaN NaN NaN NaN NaN NaN NaN NaN NaN NaN NaN NaN NaN NaN NaN NaN NaN NaN NaN NaN NaN NaN NaN NaN NaN NaN NaN NaN 
NaN NaN NaN NaN NaN NaN NaN NaN NaN NaN NaN NaN NaN NaN NaN NaN NaN NaN NaN NaN NaN NaN NaN NaN NaN NaN NaN NaN NaN NaN NaN NaN NaN NaN NaN NaN NaN NaN NaN NaN 
NaN NaN NaN NaN NaN NaN NaN NaN NaN NaN NaN NaN NaN NaN NaN NaN NaN NaN NaN NaN NaN NaN NaN NaN NaN NaN NaN NaN NaN NaN NaN NaN NaN NaN NaN NaN NaN NaN NaN NaN 
NaN NaN NaN NaN NaN NaN NaN NaN NaN NaN NaN NaN NaN NaN NaN NaN NaN NaN NaN NaN NaN NaN NaN NaN NaN NaN NaN NaN NaN NaN NaN NaN NaN NaN NaN NaN NaN NaN NaN NaN 
NaN NaN NaN NaN NaN NaN NaN NaN NaN NaN NaN NaN NaN NaN NaN NaN NaN NaN NaN NaN NaN NaN NaN NaN NaN NaN NaN NaN NaN NaN NaN NaN NaN NaN NaN NaN NaN NaN NaN NaN 
-79.838102 -79.876700 -79.940939 -80.049341 -80.196390 -80.402759 -80.655415 -80.980493 -81.414106 -81.933260 -82.568004 -83.359179 -84.291736 -85.418770 -86.752680 -88.248681 -89.873497 -91.372966 -92.441534 -92.923174 -93.055139 -93.261895 -93.870360 -95.082911 -96.914584 -98.903224 -100.007009 -100.088057 -100.414329 -101.708392 -102.989399 -102.418059 -101.555902 -102.260381 -103.607392 -103.284258 -103.799778 -106.000145 -103.550697 -103.621505 
-40.492170 -44.059976 -50.534136 -49.935174 -49.991695 -50.496567 -59.030007 -60.990632 -62.056022 -63.794760 -66.059625 -67.050496 -67.292558 -70.227976 -69.448551 -70.637884 -71.722961 -72.676769 -74.280194 -72.155274 -71.550767 -74.162014 -76.575733 -76.138101 -76.875206 -76.170922 -77.499715 -78.930817 -80.136117 -79.020889 -81.422504 -80.856110 -79.888149 -81.073460 -79.764569 -80.602917 -80.621755 -81.805170 -81.017344 -80.354219 
-22.726196 -15.434575 -9.667632 -6.899956 -9.853524 -20.466567 -31.828699 -37.401245 -36.638041 -40.184157 -41.840639 -41.277077 -48.005153 -48.671037 -44.513886 -48.153628 -49.907614 -53.788839 -51.431470 -52.776808 -46.884014 -48.760676 -49.737685 -56.494172 -58.369873 -59.164020 -57.514608 -60.409225 -61.577586 -62.889252 -62.639364 -60.422548 -61.030705 -64.729071 -65.307969 -65.394566 -66.284699 -65.019018 -65.864243 -65.655373 
-15.789320 -13.293522 4.440271 13.359973 9.531510 -7.425919 -12.062212 -10.133391 -16.341480 -25.508759 -30.829687 -30.693496 -31.882893 -32.876546 -29.954019 -34.768567 -38.962186 -41.548356 -41.801376 -40.695533 -33.711677 -33.375158 -31.667246 -40.043857 -46.064796 -43.472298 -43.814888 -49.046317 -49.001152 -50.462553 -49.945802 -50.197324 -49.326491 -50.359390 -52.064865 -52.679686 -51.935961 -50.614769 -53.000303 -52.314467 
-18.059827 -15.066286 11.267769 20.540353 14.553298 1.638487 3.846538 -0.948042 -10.652850 -17.096974 -22.490477 -16.982269 -21.466703 -27.658087 -21.185640 -21.595803 -32.826626 -40.055932 -43.831906 -43.614170 -28.414074 -24.886764 -25.955190 -35.215767 -44.562319 -38.300901 -39.226116 -45.516400 -51.371813 -52.140679 -48.859408 -44.015263 -41.437367 -48.572767 -55.544644 -54.306109 -53.824244 -48.562899 -55.167568 -51.537017 
-21.184476 -18.682857 12.437405 22.247939 13.932812 -3.684382 7.991310 3.938568 -18.200911 -16.722135 -21.197388 -17.064793 -16.821048 -22.207904 -19.789982 -20.012658 -27.040465 -35.373429 -37.413352 -25.800007 -17.799668 -22.458449 -21.878730 -28.857353 -35.162231 -36.636085 -37.030275 -42.681971 -46.298575 -46.257097 -44.491261 -39.231943 -42.720730 -44.444074 -47.461258 -46.488695 -46.655240 -45.139890 -48.153650 -47.492516 
-27.385210 -18.134381 15.038859 24.175676 14.912191 -3.935011 11.683714 6.482480 -15.281938 -8.087521 -19.430926 -13.451235 -21.347090 -17.918387 -21.806675 -18.075096 -29.733947 -33.770254 -32.162306 -18.554696 -12.979439 -12.891623 -14.738867 -27.282521 -34.137845 -36.409565 -34.977321 -39.832839 -43.790922 -43.407890 -43.751225 -39.638603 -36.654464 -40.670715 -44.552718 -46.393132 -44.906163 -41.493450 -44.770459 -43.074740 
-21.906229 -14.323671 16.934002 26.033233 16.793520 -0.546283 14.099870 8.960488 -15.085962 -7.422236 -18.314329 -11.447424 -16.829215 -12.910617 -19.562069 -17.389425 -29.363118 -34.166550 -24.607408 -13.069059 -13.916249 -15.377354 -12.825274 -24.299274 -29.359663 -35.317453 -33.726084 -37.068410 -37.816213 -39.685672 -36.754965 -32.627347 -32.388160 -40.141781 -43.218879 -43.655916 -43.331778 -40.108785 -43.369246 -40.475081 
-20.523180 -9.195896 17.639819 27.343992 19.474400 3.757664 14.423413 11.931403 -3.529644 -0.710099 -1.619918 -5.783034 -6.811221 -7.548569 -10.507186 -13.325446 -16.985602 -17.716360 -10.940624 -4.818610 -2.092779 -7.365354 -8.740489 -18.354127 -24.995076 -25.069888 -23.342316 -19.787522 -26.444125 -30.868648 -25.021532 -22.911137 -24.568529 -30.708024 -34.990700 -40.312619 -40.827699 -35.478748 -38.678683 -35.967298 
-13.846871 -8.377229 14.490820 26.663330 21.351789 4.257621 9.990800 12.807265 4.914588 17.077728 13.616011 7.193199 6.288019 2.179833 2.814479 -3.833980 -6.592116 -4.880599 -0.279491 3.434888 9.911399 0.271301 -8.899171 -13.595200 -17.836352 -16.417008 -11.921989 -2.289886 -4.138185 -14.247243 -13.426543 -8.918196 -6.637191 -13.026326 -16.513276 -29.717053 -32.969091 -32.569410 -29.837172 -24.473975 
-22.452173 -17.606896 12.818574 24.693296 17.340444 -4.764033 11.240000 10.659780 -0.539520 19.108298 11.935260 8.974460 11.184751 5.514296 8.444285 0.023171 -1.593298 0.296300 0.750993 4.574874 11.948095 2.719696 -4.573912 -9.379939 -14.408074 -14.330104 -10.176209 -0.337519 -2.349255 -9.608456 -9.084148 -5.046450 -3.527398 -11.606681 -16.984356 -25.735234 -33.806520 -33.581257 -28.232962 -21.617538 
-17.175356 -19.930662 12.973163 24.314823 16.856738 -6.132964 11.530316 9.188695 0.463687 18.222552 7.879382 10.800730 9.871166 10.434064 11.155517 6.282747 3.072369 3.990816 5.074832 8.146023 12.514161 2.306580 -3.431953 -8.310978 -11.049692 -11.828824 -8.853849 -2.068753 -1.215658 -6.992715 -7.995904 -5.633260 -5.056660 -10.831379 -15.676883 -23.185702 -35.238792 -35.868980 -30.872642 -25.134939 
-23.356925 -20.530952 13.545881 23.986822 15.542743 -3.824744 11.727679 6.668907 2.151485 16.756100 3.931995 13.259422 8.837851 13.881479 11.262296 9.300916 3.537454 4.734245 8.117513 9.363601 10.644785 3.225666 -5.941996 -9.633348 -11.810990 -13.791184 -8.566165 -2.120527 -2.685622 -6.850985 -7.849978 -7.701654 -9.397537 -14.437893 -16.230643 -20.394514 -32.274983 -38.179953 -32.494909 -24.210517 
-16.184134 -15.992139 14.817921 23.909318 14.478114 -2.366763 11.834787 4.712014 4.412372 15.292356 1.173940 13.406849 6.284545 15.194004 8.193678 9.202799 5.175918 5.160450 10.207178 9.493711 6.698225 0.726487 -6.696558 -9.358738 -12.270936 -12.959058 -8.773055 -3.510513 -1.580543 -6.398449 -9.266833 -9.104756 -12.771384 -18.660152 -20.050225 -23.347495 -34.766653 -37.280500 -31.374848 -23.885968 
-19.636478 -9.590690 15.995882 23.781424 13.157928 0.290773 12.096696 2.521722 7.069725 13.246957 1.909196 14.261319 5.757279 15.898612 7.012079 7.511712 5.438412 5.619850 11.074710 10.423022 4.693906 -2.072595 -8.119512 -10.731914 -13.358029 -15.016029 -10.492353 -3.592330 -1.587282 -4.950593 -7.193063 -6.859966 -9.658512 -17.136141 -19.042671 -23.256783 -35.799665 -40.440120 -32.348935 -22.912810 
-12.275748 -8.346531 17.192303 23.378734 11.142835 3.488843 12.549597 0.704271 9.669273 11.371699 5.034459 13.891842 6.427386 15.274104 4.815854 3.894530 8.374116 6.523780 9.004857 11.302715 3.734333 -1.629232 -7.100564 -12.037660 -15.263208 -17.921168 -13.133246 -7.044634 -4.384021 -6.326461 -8.075606 -8.756068 -12.337237 -18.435353 -19.236207 -22.696139 -34.925451 -39.803530 -32.835580 -24.213327 
-14.283537 -4.040428 18.227284 22.678175 8.764617 6.921123 12.742149 -1.656767 11.240077 7.911119 10.095564 12.351853 9.491918 11.378475 4.439565 2.819821 9.297264 8.118554 9.414687 11.147273 5.113176 -0.694465 -8.097733 -10.507514 -13.577788 -15.077619 -12.509280 -6.598475 -3.582385 -6.758854 -9.755349 -11.973798 -14.344271 -17.433094 -17.967829 -24.025316 -37.017944 -39.421396 -34.231105 -24.842855 
-20.241064 0.254734 18.826803 21.357682 5.474996 9.828323 12.495674 0.011786 11.308536 3.603969 13.483895 10.604582 10.170015 7.376553 8.457314 5.891777 7.061356 6.130187 8.960994 10.552134 8.962694 0.788337 -7.023811 -9.173215 -12.287437 -13.589793 -11.143909 -6.010521 -4.556381 -7.305908 -10.737037 -8.889415 -13.046811 -18.349331 -18.462071 -24.890529 -33.057011 -35.778987 -31.107338 -26.387392 
-21.662399 1.809944 18.949883 19.650239 3.182240 12.062905 11.180795 0.942526 11.249890 1.939240 14.933900 7.652339 9.631440 7.355757 10.337551 7.422045 4.242179 2.700412 4.531607 7.589605 7.573820 2.314371 -3.502905 -8.045604 -10.545838 -11.609167 -8.808205 -3.008510 -4.816111 -8.072917 -8.123130 -9.191000 -11.931196 -16.047613 -19.329723 -19.610629 -34.665642 -38.148083 -30.523929 -25.544384 
-26.205636 4.130892 18.977765 17.812666 1.442706 13.295130 8.961696 4.366990 10.313474 6.317856 14.118875 4.537371 7.545100 9.343260 8.636862 5.189497 0.760349 -0.017505 1.277155 3.155753 7.351842 5.299462 -0.502611 -4.239986 -8.482097 -10.770650 -8.587051 -4.796134 -4.975136 -8.511171 -8.958726 -9.720873 -12.844210 -14.979356 -12.855839 -20.938303 -36.291922 -39.942370 -33.147826 -28.721337 
-17.051839 5.563604 18.948561 15.836425 3.429930 14.567524 7.313483 7.159717 7.730605 9.754268 12.726323 6.721073 4.404253 10.387965 3.663227 1.215033 -1.621690 -2.468317 -1.610892 -0.487972 2.025925 4.036481 3.398209 -0.666795 -4.249091 -6.973390 -4.104759 -1.819292 -3.004890 -8.871516 -11.483089 -11.020901 -10.216624 -12.059987 -11.877925 -20.083669 -35.918061 -39.119220 -31.357801 -27.673251 
-19.088290 6.605680 18.959268 14.935591 6.366328 15.321087 5.966121 8.449007 5.451238 11.223059 8.733502 8.189418 4.728480 7.649791 -0.784711 -4.618754 -3.808806 -6.225966 -7.444379 -5.582638 -4.444963 -1.338019 3.690984 2.108608 -2.472053 -5.924444 -3.348863 -2.855836 -4.598868 -12.791229 -15.836113 -10.233683 -8.966882 -11.286546 -12.248041 -19.642020 -37.776730 -35.338122 -28.017615 -26.935525 
-20.413170 7.303332 18.534438 13.370520 8.008140 15.283842 3.917225 8.689312 3.727930 11.376383 4.025629 4.850848 -0.675937 0.809219 -2.038384 -6.690879 -9.824800 -12.777386 -11.049064 -11.498343 -10.689737 -10.052757 -1.765380 1.292993 -4.020717 -8.318844 -6.256175 -5.737560 -11.519064 -17.305160 -16.437619 -11.592007 -9.171866 -15.203311 -13.049292 -21.493529 -36.484671 -34.115211 -28.877597 -28.568428 
-13.883545 7.236853 18.092042 12.198573 9.072061 14.979080 3.530460 8.326456 1.665639 9.698643 0.592138 0.016536 -4.366074 -2.817674 -4.418204 -11.819951 -16.491644 -18.518175 -17.059855 -17.735271 -16.937731 -15.248296 -6.934095 -1.045128 0.544360 -5.290290 -4.310064 -5.465715 -9.485860 -13.320374 -13.448598 -9.666129 -8.692345 -10.451353 -15.261306 -27.774629 -42.693766 -36.854396 -27.228036 -27.591685 
-14.154251 5.897812 17.425294 12.865078 8.023742 14.501943 4.410783 8.005980 1.664178 7.782516 -1.501232 -4.496821 -9.102115 -7.601686 -8.467038 -14.518594 -18.926402 -21.798873 -19.516531 -21.075013 -20.947073 -19.966006 -11.332318 -4.512021 0.005671 -2.514563 -4.974152 -6.617918 -11.519695 -16.922074 -19.229501 -15.064148 -10.175534 -13.757871 -16.095989 -26.419987 -44.284083 -34.241980 -25.691352 -26.645430 
-19.615013 2.934420 16.370658 15.186750 3.609251 11.155636 6.788389 3.794687 6.724623 0.674145 -1.561146 -7.156940 -10.145529 -9.931337 -9.729316 -18.682862 -25.708434 -27.034445 -25.299450 -27.740497 -26.719235 -28.646021 -16.038540 -13.223550 -6.063946 -6.295089 -8.444059 -10.882215 -16.664610 -26.234028 -24.543173 -20.098516 -13.928061 -15.626140 -19.890817 -29.421520 -47.036963 -35.863675 -29.450393 -28.249777 
-13.999205 1.326517 15.536284 13.862063 2.243266 13.293014 6.974794 5.309352 7.248123 -8.289366 -3.575746 -12.540848 -15.960292 -12.855892 -15.815017 -22.345666 -28.113786 -28.848586 -28.777154 -29.420318 -31.071068 -29.647488 -19.600122 -15.810101 -11.179761 -5.695820 -6.146279 -10.196797 -15.043021 -22.348629 -24.021812 -21.725564 -14.946726 -17.040918 -22.995125 -34.023480 -45.056497 -37.492611 -31.347724 -29.566726 
-16.484661 -1.407407 14.875494 14.148236 -1.916917 11.863467 8.101143 5.159238 8.232214 -9.782048 -5.534696 -15.765270 -16.353582 -14.016751 -15.965611 -23.673133 -29.194875 -28.165887 -26.527243 -26.330247 -29.148475 -29.720612 -20.406404 -15.368837 -9.850505 -5.270665 -6.193971 -8.028957 -18.938434 -24.824503 -25.336182 -20.353775 -13.853793 -17.847417 -24.268814 -35.476076 -41.722840 -33.438208 -30.570067 -29.034325 
-25.373992 -1.549755 14.971109 15.448891 -0.257880 9.419165 8.671176 -0.490942 6.956498 -10.852493 -8.345176 -20.363753 -21.658182 -18.585086 -16.028943 -31.348977 -34.451172 -32.120219 -29.253196 -31.068641 -33.778835 -34.557397 -23.706054 -19.758852 -12.845007 -5.980803 -9.783657 -12.421880 -21.712229 -27.063067 -27.788639 -21.457941 -16.178014 -19.367847 -24.451408 -39.184802 -47.786293 -38.679065 -34.621798 -30.775545 
-17.198728 -2.523468 14.239259 15.395606 -0.515275 7.252852 8.660882 -0.652919 4.257960 -10.666595 -9.688833 -15.734522 -19.414459 -18.579008 -17.741329 -32.111738 -34.724458 -33.393102 -32.941837 -33.471071 -35.259744 -34.404802 -23.958031 -20.589088 -15.003128 -7.751251 -10.966340 -15.843578 -23.235682 -29.672016 -29.633919 -25.185440 -21.123602 -20.653248 -26.910111 -41.694557 -52.050385 -35.720774 -32.503480 -32.723447 
-20.880723 -7.435271 11.223848 15.119728 1.836733 2.150610 6.239180 -5.456878 -2.904616 -15.490268 -17.681668 -19.622480 -21.992599 -24.413605 -26.254387 -35.098270 -37.333974 -36.956995 -39.128122 -36.801401 -36.434807 -34.238010 -24.411894 -23.482342 -21.191529 -18.157471 -21.527945 -27.721347 -32.449895 -35.734561 -38.139687 -32.862809 -24.980572 -25.677230 -31.898953 -43.764433 -49.352335 -37.670134 -36.402349 -35.116150 
-18.106265 -8.757535 6.840422 11.061914 2.833038 -5.783817 -5.238581 -11.800240 -15.834667 -19.154682 -24.642045 -27.278047 -32.711624 -34.251034 -36.383041 -37.182014 -40.368080 -41.240548 -40.821712 -41.326203 -40.706530 -32.943321 -23.097328 -23.772720 -28.181546 -35.825367 -30.212721 -34.677186 -43.151864 -43.385724 -41.766406 -38.581852 -33.915245 -36.759093 -41.890109 -49.194069 -47.953336 -45.937639 -45.786626 -45.507368 
-17.157205 -16.428738 -5.200481 -5.035863 -6.371229 -13.009927 -21.652264 -24.293214 -24.056560 -28.383533 -32.973625 -37.984435 -37.774737 -39.191203 -38.467886 -42.099743 -42.851470 -42.523081 -43.077176 -44.189828 -44.752713 -41.724045 -40.899018 -42.323459 -44.187748 -45.572282 -39.926365 -45.719126 -49.088305 -49.692769 -49.175146 -50.159344 -48.828750 -49.710521 -50.634844 -52.782717 -52.459501 -52.539176 -52.340580 -52.930506 
-19.037866 -29.373006 -26.690475 -16.092415 -15.306253 -23.586042 -28.612562 -30.746247 -40.648282 -39.180956 -48.151886 -51.204018 -53.096070 -54.985251 -62.925709 -60.118989 -61.849735 -62.685082 -63.281477 -62.986893 -60.395715 -64.651470 -58.310811 -57.332175 -58.398301 -57.133739 -59.085864 -59.488093 -67.459723 -68.116270 -67.184495 -63.089853 -59.558669 -61.324256 -65.458244 -69.693339 -68.917382 -69.667855 -69.049395 -69.860337 
-24.571980 -36.384737 -35.111415 -37.851537 -35.768333 -44.777129 -44.508558 -51.479750 -54.911084 -57.817337 -55.399649 -59.051297 -59.590409 -65.913649 -68.246945 -68.879990 -69.318662 -70.860280 -72.155134 -71.238489 -71.324511 -71.247497 -73.598010 -70.684580 -72.797528 -73.087834 -71.881751 -70.803626 -76.321923 -72.167407 -73.583199 -73.925657 -74.220828 -73.358027 -74.795445 -74.535672 -74.684851 -74.463367 -75.018772 -77.054386 
-30.550678 -40.001169 -39.210414 -37.666756 -37.317617 -40.932575 -41.270265 -41.389710 -42.220240 -42.824432 -43.234848 -44.190678 -44.825114 -45.640561 -46.402171 -47.277884 -48.183528 -49.210024 -50.086098 -50.827610 -51.484344 -52.055349 -52.691472 -53.278712 -53.973706 -54.656285 -55.266970 -55.814090 -56.044733 -56.348781 -56.897561 -57.950577 -59.321349 -61.246209 -63.290808 -64.361149 -64.252194 -63.255211 -62.536491 -62.724037 
-8.063532 -8.201962 -10.696347 -13.280357 -12.180673 -12.562749 -14.892493 -19.300144 -23.175449 -32.353867 -27.898202 -33.384663 -33.670270 -30.940878 -23.274042 -20.717533 -22.874986 -27.199908 -33.434740 -30.836914 -30.700790 -26.841514 -30.774731 -28.705752 -28.139002 -28.039504 -26.455648 -24.146330 -25.599432 -25.208942 -25.183838 -23.472798 -21.712212 -27.861988 -25.247476 -22.460496 -29.027582 -35.082251 -33.836889 -36.231133 
-8.979967 -10.666677 -12.126691 -14.064718 -14.934028 -16.683937 -16.601379 -20.568409 -21.283126 -23.567577 -22.728397 -27.096335 -27.018864 -28.980246 -24.818166 -21.874332 -26.963803 -31.633482 -31.877805 -29.619428 -28.944998 -22.681853 -21.076478 -23.816192 -27.045758 -23.362174 -13.708121 -17.697534 -24.001937 -20.368407 -16.923062 -13.477278 -10.679408 -16.812009 -13.644739 -14.341394 -19.444129 -22.822557 -20.176878 -23.752126 
-12.672919 -19.298244 -20.304277 -18.817979 -22.782300 -22.515549 -31.009147 -27.453241 -26.244694 -29.388285 -32.713039 -27.847677 -28.714090 -31.521483 -31.597783 -29.490826 -34.054677 -33.245743 -36.032411 -38.133312 -29.463562 -20.418195 -16.620258 -21.912429 -27.855775 -26.988288 -20.680552 -23.414131 -27.254428 -26.774210 -25.427438 -20.952705 -20.172101 -23.282318 -23.315831 -24.243751 -27.225191 -27.657338 -29.494686 -32.341361 
-17.229424 -18.785087 -18.407490 -26.844362 -27.691199 -38.835523 -31.712055 -30.224507 -27.488914 -34.898897 -39.644768 -29.407846 -27.456271 -32.508341 -36.726184 -38.526978 -44.659246 -45.550892 -47.194510 -40.805598 -37.440678 -26.730138 -23.527355 -29.631158 -37.660015 -34.877106 -23.349734 -32.876921 -38.298555 -38.906888 -38.735352 -37.916116 -32.558369 -34.384163 -38.638408 -34.344417 -39.591820 -42.345132 -40.156297 -43.200336 
-26.145157 -23.021954 -28.850857 -27.614827 -27.021261 -34.078518 -34.533092 -31.610872 -34.237343 -36.693618 -35.921213 -34.874672 -32.830056 -32.742381 -35.662894 -46.078054 -43.363971 -49.087775 -50.852580 -46.941375 -34.277143 -29.982332 -31.284732 -38.810395 -39.828705 -42.894571 -33.225299 -38.163300 -48.157651 -50.954832 -47.005179 -44.325789 -42.775660 -46.222367 -46.777868 -49.027292 -48.813225 -50.265064 -49.132158 -53.168745 
-48.137567 -46.018611 -44.516607 -44.025515 -44.988302 -48.308841 -54.342665 -55.305579 -51.790238 -52.085047 -53.999394 -54.157559 -51.021969 -48.231074 -49.752118 -54.572275 -54.418683 -60.151340 -64.774642 -59.653046 -47.009563 -42.561393 -47.133859 -55.395297 -58.675020 -59.803475 -49.045619 -52.737806 -65.529305 -70.041301 -66.048029 -61.013685 -65.917620 -70.362633 -66.472157 -69.194646 -67.593598 -72.097421 -69.968597 -71.977235 
NaN NaN NaN NaN NaN NaN NaN NaN NaN NaN NaN NaN NaN NaN NaN NaN NaN NaN NaN NaN NaN NaN NaN NaN NaN NaN NaN NaN NaN NaN NaN NaN NaN NaN NaN NaN NaN NaN NaN NaN 
NaN NaN NaN NaN NaN NaN NaN NaN NaN NaN NaN NaN NaN NaN NaN NaN NaN NaN NaN NaN NaN NaN NaN NaN NaN NaN NaN NaN NaN NaN NaN NaN NaN NaN NaN NaN NaN NaN NaN NaN 
NaN NaN NaN NaN NaN NaN NaN NaN NaN NaN NaN NaN NaN NaN NaN NaN NaN NaN NaN NaN NaN NaN NaN NaN NaN NaN NaN NaN NaN NaN NaN NaN NaN NaN NaN NaN NaN NaN NaN NaN 
NaN NaN NaN NaN NaN NaN NaN NaN NaN NaN NaN NaN NaN NaN NaN NaN NaN NaN NaN NaN NaN NaN NaN NaN NaN NaN NaN NaN NaN NaN NaN NaN NaN NaN NaN NaN NaN NaN NaN NaN 
NaN NaN NaN NaN NaN NaN NaN NaN NaN NaN NaN NaN NaN NaN NaN NaN NaN NaN NaN NaN NaN NaN NaN NaN NaN NaN NaN NaN NaN NaN NaN NaN NaN NaN NaN NaN NaN NaN NaN NaN 
NaN NaN NaN NaN NaN NaN NaN NaN NaN NaN NaN NaN NaN NaN NaN NaN NaN NaN NaN NaN NaN NaN NaN NaN NaN NaN NaN NaN NaN NaN NaN NaN NaN NaN NaN NaN NaN NaN NaN NaN 
NaN NaN NaN NaN NaN NaN NaN NaN NaN NaN NaN NaN NaN NaN NaN NaN NaN NaN NaN NaN NaN NaN NaN NaN NaN NaN NaN NaN NaN NaN NaN NaN NaN NaN NaN NaN NaN NaN NaN NaN 
NaN NaN NaN NaN NaN NaN NaN NaN NaN NaN NaN NaN NaN NaN NaN NaN NaN NaN NaN NaN NaN NaN NaN NaN NaN NaN NaN NaN NaN NaN NaN NaN NaN NaN NaN NaN NaN NaN NaN NaN 
