NaN NaN NaN NaN NaN NaN NaN NaN NaN NaN NaN NaN NaN NaN NaN NaN NaN NaN NaN NaN NaN NaN NaN NaN NaN NaN NaN NaN NaN NaN NaN NaN NaN NaN NaN NaN NaN NaN NaN NaN 
NaN NaN NaN NaN NaN NaN NaN NaN NaN NaN NaN NaN NaN NaN NaN NaN NaN NaN NaN NaN NaN NaN NaN NaN NaN NaN NaN NaN NaN NaN NaN NaN NaN NaN NaN NaN NaN NaN NaN NaN 
NaN NaN NaN NaN NaN NaN NaN NaN NaN NaN NaN NaN NaN NaN NaN NaN NaN NaN NaN NaN NaN NaN NaN NaN NaN NaN NaN NaN NaN NaN NaN NaN NaN NaN NaN NaN NaN NaN NaN NaN 
NaN NaN NaN NaN NaN NaN NaN NaN NaN NaN NaN NaN NaN NaN NaN NaN NaN NaN NaN NaN NaN NaN NaN NaN NaN NaN NaN NaN NaN NaN NaN NaN NaN NaN NaN NaN NaN NaN NaN NaN 
NaN NaN NaN NaN NaN NaN NaN NaN NaN NaN NaN NaN NaN NaN NaN NaN NaN NaN NaN NaN NaN NaN NaN NaN NaN NaN NaN NaN NaN NaN NaN NaN NaN NaN NaN NaN NaN NaN NaN NaN 
NaN NaN NaN NaN NaN NaN NaN NaN NaN NaN NaN NaN NaN NaN NaN NaN NaN NaN NaN NaN NaN NaN NaN NaN NaN NaN NaN NaN NaN NaN NaN NaN NaN NaN NaN NaN NaN NaN NaN NaN 
NaN NaN NaN NaN NaN NaN NaN NaN NaN NaN NaN NaN NaN NaN NaN NaN NaN NaN NaN NaN NaN NaN NaN NaN NaN NaN NaN NaN NaN NaN NaN NaN NaN NaN NaN NaN NaN NaN NaN NaN 
NaN NaN NaN NaN NaN NaN NaN NaN NaN NaN NaN NaN NaN NaN NaN NaN NaN NaN NaN NaN NaN NaN NaN NaN NaN NaN NaN NaN NaN NaN NaN NaN NaN NaN NaN NaN NaN NaN NaN NaN 
NaN NaN NaN NaN NaN NaN NaN NaN NaN NaN NaN NaN NaN NaN NaN NaN NaN NaN NaN NaN NaN NaN NaN NaN NaN NaN NaN NaN NaN NaN NaN NaN NaN NaN NaN NaN NaN NaN NaN NaN 
NaN NaN NaN NaN NaN NaN NaN NaN NaN NaN NaN NaN NaN NaN NaN NaN NaN NaN NaN NaN NaN NaN NaN NaN NaN NaN NaN NaN NaN NaN NaN NaN NaN NaN NaN NaN NaN NaN NaN NaN 
-74.381899 -67.865959 -63.803809 -61.206401 -60.444906 -61.937189 -66.227597 -73.311478 -74.333398 -78.331382 -87.117179 -85.362037 -95.614795 -88.135161 -83.062365 -87.858067 -89.724906 -86.894440 -83.667001 -86.616345 -90.335648 -87.974341 -94.066934 -89.243175 -95.707977 -89.298632 -86.923754 -90.209468 -94.289856 -93.833157 -92.504576 -87.949952 -90.879049 -94.460707 -94.506108 -94.152951 -91.258229 -89.955192 -90.036780 -97.568118 
-25.844456 -23.695749 -22.437973 -22.877735 -23.878838 -29.537343 -36.542715 -43.203109 -47.137207 -56.912424 -58.977486 -57.669661 -50.836770 -53.270234 -53.319044 -57.127229 -62.306427 -62.593759 -62.510717 -63.983736 -55.216922 -56.640468 -62.422647 -65.021644 -66.461102 -60.667917 -59.607955 -66.078648 -73.742660 -70.308523 -69.890397 -67.979275 -68.454235 -72.600051 -75.305472 -73.844664 -72.167594 -70.916988 -71.910833 -72.783797 
-16.239298 -12.222153 -7.404293 -8.343246 -8.054599 -14.646919 -19.938175 -29.846957 -27.117792 -30.483370 -33.299209 -34.982357 -35.123760 -36.702204 -33.650650 -39.134060 -41.283019 -42.739273 -43.751042 -43.797860 -39.301104 -36.739785 -41.497699 -44.169244 -48.401421 -47.553842 -45.299523 -48.926601 -50.354686 -51.025005 -51.090883 -50.776026 -50.383181 -52.226354 -53.239410 -53.600867 -53.832158 -53.620671 -54.048250 -53.731049 
-13.222873 -4.667382 5.997645 12.726880 14.446849 10.027769 2.345424 -3.444848 -7.711857 -15.845291 -24.932137 -21.135664 -19.852776 -23.067607 -21.381507 -24.388929 -30.248087 -33.054867 -33.818801 -34.184121 -31.282719 -25.352653 -28.861849 -34.073764 -36.754888 -37.040518 -37.320786 -39.121903 -40.642330 -41.085725 -41.374963 -42.076906 -41.890613 -42.659536 -43.005858 -43.503636 -43.659493 -43.710602 -44.325846 -44.274654 
-8.820187 -12.573055 13.752059 23.083279 18.151121 7.247886 11.075373 5.293122 -6.998977 -8.701481 -20.676291 -10.250967 -13.881554 -21.348376 -17.021859 -18.953033 -27.756630 -34.003647 -35.680860 -31.863122 -20.763177 -14.680309 -18.682286 -27.248023 -31.373744 -31.589971 -33.549411 -39.839046 -44.763346 -44.671645 -43.189519 -38.003683 -37.751668 -45.717038 -46.962905 -46.682073 -47.072750 -43.929021 -46.322190 -45.404085 
-12.902946 -8.302783 17.141572 24.919945 14.033810 4.053558 14.717610 6.642916 -10.398412 -6.067695 -19.536453 -7.943048 -17.046534 -21.350607 -22.572874 -15.535471 -29.015787 -33.513912 -33.183571 -25.334590 -11.118990 -11.688765 -15.194861 -23.034447 -29.171705 -29.266339 -27.017869 -35.495146 -43.094266 -42.843428 -40.517315 -32.465242 -29.964946 -40.830337 -45.603162 -44.467928 -44.805490 -41.033562 -43.949124 -40.566191 
-15.675825 -14.139908 16.871831 27.170229 19.595284 0.974816 14.167600 10.959913 -11.349989 -7.461016 -21.835249 -10.324711 -12.336862 -20.389724 -18.682048 -15.661909 -24.457284 -38.388929 -34.289112 -19.572052 -8.970171 -10.384530 -12.983779 -22.590855 -28.995223 -28.544466 -24.634074 -32.950801 -47.383479 -45.713052 -38.988872 -31.256847 -28.113017 -38.964339 -46.146226 -47.287351 -44.314485 -38.192235 -42.263724 -37.371134 
-19.174107 -18.689235 16.080679 28.232048 21.625755 -4.964874 12.284383 13.305313 -11.197390 -6.431036 -16.472287 -7.622362 -6.437341 -15.514249 -11.812337 -17.094271 -22.655289 -27.412909 -21.740494 -12.851260 -4.174738 -11.762549 -14.871771 -23.854340 -28.034166 -29.036209 -27.042773 -30.424347 -34.960061 -34.911200 -31.096122 -27.603098 -24.478148 -35.003540 -38.428503 -39.292978 -39.376789 -34.366167 -38.029180 -35.507749 
-10.040133 -5.778436 14.334624 27.843758 23.539857 2.168216 9.065784 15.241208 2.501735 11.916933 8.435850 2.652116 1.941309 -2.010987 -1.450422 -13.265187 -15.864657 -13.604296 -8.174448 -3.778323 6.823726 -1.629162 -8.263628 -16.897680 -20.876795 -22.661199 -14.239895 -9.875864 -14.419079 -20.756188 -19.547221 -18.309076 -12.451872 -17.733175 -27.582982 -32.070021 -36.136250 -31.042264 -30.370283 -31.174498 
-9.579433 -11.057326 11.879654 25.518600 19.622112 0.222926 12.482440 13.453972 0.603418 20.118666 16.636295 6.204212 9.901281 2.236120 5.789365 -2.750390 -3.700812 -2.625082 -1.575429 3.264485 10.435715 3.181477 -1.292278 -6.914564 -12.132298 -12.763339 -7.804607 -1.380181 -4.599481 -12.806566 -10.034031 -5.160404 -5.270230 -9.894004 -18.129393 -28.840658 -35.620750 -31.657001 -27.267517 -26.095536 
-11.564538 -14.896094 11.740233 24.534867 18.116040 -7.491766 12.093745 12.817637 -3.218145 20.540074 14.748802 8.513212 12.894422 5.924962 11.467103 1.296616 2.251132 2.900949 3.754806 7.613018 14.332459 3.547902 -1.534978 -5.943368 -10.018803 -11.099457 -6.332055 -0.901510 -2.394676 -8.288492 -8.054144 -6.575637 -8.337924 -12.246895 -15.073508 -24.737069 -36.883322 -35.054676 -29.419373 -23.090489 
-13.953184 -21.673960 11.885062 24.288479 17.700455 -8.284181 11.945508 11.959437 -3.099961 19.373181 11.910529 9.227311 12.832370 8.498570 13.962030 5.179550 5.490271 6.139355 6.828399 10.177067 13.661917 1.157516 -2.903868 -6.091415 -9.140520 -11.522881 -7.930439 -2.179527 -4.495058 -7.821917 -7.119160 -5.557220 -12.664601 -12.997147 -15.900731 -24.002968 -35.613843 -33.783082 -28.137053 -22.078029 
-26.269607 -23.051195 11.944193 24.089873 17.206506 -8.248887 10.992328 10.108291 -3.033340 18.536088 9.644403 9.929625 11.807669 11.178825 14.675094 7.410907 6.898304 7.725200 8.281124 9.481320 9.912368 0.212362 -4.842342 -8.359982 -11.525592 -12.648156 -8.797007 -2.743796 -3.280283 -7.983153 -8.540423 -7.597802 -11.500836 -13.931157 -15.459058 -21.235155 -33.603009 -39.661215 -35.077958 -25.048849 
-21.614995 -20.071176 12.169074 23.958931 16.863821 -8.269981 10.434967 9.006789 -2.204012 18.053320 8.679674 9.638778 10.598133 11.171579 14.442495 8.349405 7.013125 9.036126 8.628887 8.477848 6.364424 -1.044470 -7.486522 -11.944274 -13.980381 -16.471870 -10.265626 -4.651932 -1.838306 -6.521027 -7.639776 -5.168829 -11.319235 -18.027100 -19.174296 -25.248598 -35.150982 -41.869068 -37.231568 -27.072551 
-19.575083 -19.529835 12.939642 23.816926 15.995298 -5.799413 10.479516 7.104405 1.069364 17.693840 6.991572 11.601363 9.725992 13.048945 13.047769 9.841761 6.358609 9.023175 10.527241 8.317395 4.266397 0.211131 -8.625657 -11.074139 -13.424948 -16.129902 -9.982803 -4.311313 -0.265170 -5.256509 -9.065958 -9.398404 -11.199828 -15.285901 -19.478634 -24.007770 -34.065251 -39.381337 -33.928883 -24.937051 
-15.936751 -17.259421 13.993413 23.705372 14.795402 -3.468453 10.742349 4.663684 4.227879 16.769064 3.417722 13.679500 7.614823 15.510461 10.155467 8.252293 3.923139 5.972086 9.890371 6.814014 3.504083 -0.097890 -10.673654 -10.340085 -13.544821 -16.105608 -13.277956 -7.647992 -2.987963 -5.685877 -8.472945 -8.879136 -12.616755 -18.647041 -22.339047 -23.167561 -31.021411 -41.409462 -36.282346 -26.446881 
-16.773583 -12.453280 15.319064 23.526070 13.120583 -0.603147 11.617225 2.918125 7.582637 14.366882 2.171119 15.190720 6.727833 16.894541 6.711380 6.657936 3.521676 3.217032 8.175408 8.750763 5.232126 -0.826132 -8.247553 -9.216339 -12.693652 -14.797912 -11.568435 -6.205383 -1.757845 -6.730504 -7.728564 -8.305913 -16.680068 -18.536769 -21.192307 -22.983059 -32.388733 -40.890150 -35.444419 -25.459961 
-10.423370 -8.486176 16.992457 23.272646 11.484446 3.603493 12.054883 -0.196576 10.354196 11.504360 5.939879 14.184232 8.629483 15.405540 4.403132 3.205612 5.079384 2.711114 5.196658 11.407109 7.072170 0.915920 -3.964547 -7.324619 -11.788819 -13.617030 -11.211915 -6.346471 -4.403174 -7.177329 -9.608286 -8.853245 -17.123776 -20.585506 -19.026074 -20.998246 -34.540329 -39.901356 -29.650682 -20.372784 
-15.315156 -1.247644 18.641867 22.326288 7.578712 8.133715 12.279572 -1.406016 11.899120 6.520048 12.100406 11.265038 11.672082 10.567026 6.077517 1.407013 4.629018 1.872836 3.150790 6.692241 8.425074 3.839795 -2.304070 -5.293438 -9.496319 -12.330992 -9.125546 -7.199803 -5.869618 -9.069959 -12.152194 -8.971290 -11.362223 -12.353651 -13.197753 -19.616864 -31.971643 -33.528413 -30.354381 -25.399728 
-14.684835 2.958362 19.729290 20.473601 5.893125 12.680116 11.154098 3.084821 11.562828 5.033624 16.056312 10.064801 10.717625 5.491703 6.485930 2.279971 -0.852360 -1.902752 -2.125749 0.066626 4.304410 4.307483 2.319670 -3.307990 -8.229771 -9.602623 -7.321775 -7.070654 -7.463330 -11.020856 -13.347343 -10.182960 -12.489908 -15.529808 -13.863629 -19.306406 -36.790335 -36.315963 -26.713716 -24.557061 
-17.276491 5.952741 19.842343 17.419969 3.776313 14.009962 6.995067 7.541192 8.510737 10.146082 12.663396 5.778181 4.481865 6.197569 1.125817 -3.216319 -4.973191 -6.697749 -7.589584 -6.693384 -2.578942 -1.363903 3.235248 0.729467 -4.803895 -7.309292 -5.058675 -4.999302 -6.336442 -10.997044 -12.368960 -8.217737 -6.132764 -8.018413 -10.799240 -22.162544 -35.626659 -36.331450 -30.251648 -26.977157 
-11.156898 8.823431 19.013849 14.414254 9.747054 15.149867 4.815178 9.489411 6.966516 12.723920 7.758317 7.554078 2.655744 2.597392 -2.637390 -6.870508 -9.629105 -11.660891 -12.690183 -10.375144 -10.017693 -9.869888 -2.600945 -0.036132 -3.187750 -7.150193 -2.550348 -3.443766 -9.083287 -12.720324 -12.260260 -11.220326 -12.515126 -12.709922 -11.478255 -20.219869 -39.695841 -34.030381 -25.993573 -27.129347 
-3.882850 10.182086 15.393762 9.223574 12.640981 13.403684 3.680052 6.397854 4.379098 7.561463 3.249820 1.311121 -1.515557 -4.609431 -7.868638 -13.238044 -18.613742 -19.303640 -21.690719 -20.192943 -22.153282 -21.319374 -12.948775 -8.571765 -5.751435 -11.584245 -11.486818 -9.485922 -12.324850 -16.838875 -18.046123 -15.242401 -16.699791 -15.494283 -17.144177 -27.789808 -42.035459 -38.449501 -31.551902 -30.138569 
-2.410652 8.009669 7.616844 -0.107633 3.708483 3.312975 -2.873633 -3.398814 -1.637275 -2.481451 -8.247881 -7.375656 -7.665830 -16.039907 -21.947710 -27.289737 -32.441862 -31.332619 -36.294328 -33.497939 -31.865896 -31.322267 -21.733936 -16.781046 -13.914292 -14.383748 -8.967906 -13.088930 -17.177539 -20.054210 -24.729306 -24.803446 -17.237186 -16.950455 -22.221744 -31.871976 -43.647122 -39.860527 -32.100514 -32.486727 
-2.571141 9.663135 12.752443 9.651527 1.289308 1.190453 1.496576 0.834320 -4.427549 -4.548036 -18.325347 -14.254475 -14.673108 -18.169160 -15.637486 -25.887967 -26.697645 -29.461504 -29.959932 -31.291889 -30.189162 -32.900973 -25.660614 -20.066140 -10.054279 -8.431318 -11.508564 -11.118832 -19.420716 -27.733461 -23.198318 -18.864776 -16.602971 -16.038017 -21.195096 -32.746255 -41.258177 -38.377235 -32.645703 -34.243447 
0.354200 12.120943 11.975980 11.132573 12.458636 5.576743 3.749185 3.852862 1.850910 -10.219029 -10.266056 -13.484683 -11.688907 -14.352913 -17.678711 -25.896136 -30.494032 -32.881638 -32.004808 -32.867410 -33.900936 -32.720449 -26.723036 -22.378919 -15.779917 -9.540612 -12.492087 -11.570771 -23.027248 -34.569834 -28.518075 -22.030256 -17.943302 -19.306717 -21.477542 -32.254663 -42.338852 -38.865799 -36.124772 -37.598151 
-5.923046 9.359183 8.765995 10.126993 15.365759 6.691079 3.179802 0.016489 -1.238068 -16.177191 -14.542296 -15.644816 -19.195185 -21.048646 -25.122974 -28.270778 -37.814931 -35.518948 -37.406179 -38.853713 -40.810282 -38.473196 -31.611960 -27.592660 -19.920105 -12.051736 -13.821898 -13.986617 -20.445806 -29.562417 -31.597258 -24.592525 -16.885978 -21.723441 -23.440553 -35.359192 -49.839651 -43.982050 -38.936704 -39.432897 
-6.208861 7.656238 8.736405 11.362357 13.515328 5.043215 0.906320 -3.350660 -11.925330 -21.243719 -24.593889 -26.877560 -28.563982 -31.674352 -32.721677 -37.934815 -42.697517 -41.830904 -41.591823 -42.487972 -44.133605 -46.008027 -36.686045 -31.439285 -25.447999 -15.334590 -14.643795 -21.036180 -27.046632 -34.021494 -33.579392 -28.980509 -18.095309 -22.024252 -29.636589 -38.679355 -51.051498 -47.225244 -43.794533 -39.112628 
-6.002240 5.611243 6.246549 9.724861 10.327409 0.303805 -6.570165 -10.716089 -17.396526 -25.190019 -33.248632 -32.236851 -32.253181 -36.044541 -37.304262 -40.111402 -40.856416 -41.072483 -42.835852 -43.405504 -42.693865 -40.511302 -32.260812 -30.460602 -27.509249 -23.508829 -25.342094 -27.346164 -34.641578 -35.275222 -39.994607 -32.727732 -25.173810 -28.932123 -35.059345 -47.191321 -51.948744 -47.580874 -45.108560 -41.443401 
-9.664178 -0.218897 -1.706611 1.683494 -0.435614 -15.153188 -19.167480 -23.084447 -30.520145 -29.627359 -32.126002 -34.189892 -33.575173 -35.850973 -36.312007 -38.276797 -38.809004 -39.303024 -40.822696 -40.959211 -42.143419 -42.402479 -41.048199 -36.783780 -33.246903 -34.464943 -33.257046 -40.296098 -45.743128 -45.921154 -46.710874 -43.985357 -37.906454 -40.128156 -42.076510 -48.248535 -49.322678 -49.920979 -50.041425 -49.725730 
-16.144699 -11.781344 -10.663153 -10.753455 -7.348120 -17.752576 -33.196511 -32.368415 -38.782570 -42.888254 -44.188856 -42.508890 -46.210384 -43.403487 -45.929404 -47.175879 -49.739620 -50.144587 -50.434839 -52.089473 -52.357544 -51.539461 -49.762205 -49.993229 -49.435820 -46.120310 -44.225620 -52.800537 -55.521892 -56.122853 -56.643778 -54.740899 -55.137145 -57.260513 -58.379426 -59.830532 -59.881895 -59.936524 -60.019427 -60.513472 
-24.707297 -26.082019 -25.934290 -26.572641 -25.135603 -31.911957 -42.140212 -44.415601 -47.171936 -54.413106 -58.075958 -56.415392 -58.574928 -59.302247 -62.325187 -63.402473 -64.038100 -65.921148 -64.637550 -64.382127 -67.975343 -68.442308 -67.610680 -65.550648 -66.951074 -64.980796 -61.559455 -68.863493 -70.419542 -71.000574 -72.133557 -72.247376 -70.002635 -73.189479 -72.326828 -72.279787 -72.705269 -71.930111 -71.444021 -74.663867 
-31.936507 -41.772636 -36.950900 -39.878380 -46.212044 -53.769341 -49.599928 -50.003050 -60.679686 -64.392871 -69.458416 -73.579014 -72.517207 -74.542038 -73.604489 -73.362455 -78.316301 -76.229261 -77.501589 -77.557798 -77.496249 -76.798603 -74.417639 -76.209941 -76.158450 -76.005727 -76.977986 -76.826240 -76.972159 -76.611731 -78.126110 -76.044691 -75.855468 -78.453963 -78.136041 -79.569663 -80.879574 -78.765127 -79.225872 -80.461228 
-20.899679 -26.382536 -26.373080 -29.756137 -34.044031 -32.224168 -30.156054 -29.927099 -31.681633 -36.670724 -43.795011 -39.379121 -37.120686 -38.307794 -39.264389 -38.854951 -41.044228 -47.888127 -53.982678 -58.406168 -52.122519 -48.546348 -43.036147 -46.065386 -49.021874 -48.358751 -39.621284 -39.824653 -50.129434 -53.347842 -51.749107 -54.994222 -48.237769 -43.693860 -47.662104 -51.275913 -52.978124 -56.943261 -58.361375 -61.761936 
-6.248365 -6.982318 -11.298641 -16.626831 -22.898185 -16.759892 -12.945868 -10.695528 -12.912505 -24.262948 -24.499331 -23.836927 -20.509117 -22.990142 -21.762158 -22.555176 -24.602575 -30.829576 -39.614661 -38.701791 -25.447770 -22.152619 -22.143666 -19.375726 -26.353089 -25.182786 -17.233908 -22.597928 -27.150735 -23.598564 -23.066746 -27.643118 -20.797896 -20.096244 -19.958577 -21.122782 -27.592791 -29.345029 -27.939717 -31.850480 
-8.826212 -12.192230 -22.386358 -25.543382 -26.484278 -20.205912 -18.955031 -15.452613 -17.165126 -21.653722 -23.399938 -21.670440 -28.326460 -27.322191 -25.945518 -27.591982 -31.950863 -33.724336 -35.004470 -32.332225 -25.695732 -16.482276 -18.449865 -19.689146 -25.219336 -23.448815 -16.980166 -26.790488 -24.015957 -19.461836 -20.598264 -22.777438 -16.337848 -16.610613 -14.583397 -16.895008 -22.350408 -26.633835 -25.369979 -30.340300 
-12.177758 -16.881855 -17.932858 -22.286366 -29.331390 -32.248935 -28.309695 -24.307148 -25.357150 -32.671450 -28.255010 -27.945729 -25.721757 -25.595329 -29.431784 -34.837011 -42.334190 -41.466165 -37.251379 -33.717999 -27.814378 -25.055542 -24.911075 -26.104596 -35.437739 -33.432387 -22.905045 -30.476649 -36.905598 -34.872492 -34.927578 -32.342578 -30.900810 -33.929758 -30.383724 -31.890908 -35.726279 -37.876507 -39.057166 -42.584616 
-24.130164 -26.275376 -29.992273 -36.561691 -46.426177 -54.771651 -52.206544 -43.072328 -41.547683 -46.042724 -40.780222 -36.511004 -35.520441 -39.506148 -43.874659 -46.202976 -53.675189 -51.351931 -51.118971 -47.108995 -43.541970 -45.451031 -38.355173 -40.573855 -46.013413 -47.281464 -36.286917 -42.504123 -55.101040 -62.013621 -58.420550 -47.886788 -46.545409 -55.224182 -58.854278 -53.544737 -57.248573 -58.660187 -66.987468 -65.186326 
NaN NaN NaN NaN NaN NaN NaN NaN NaN NaN NaN NaN NaN NaN NaN NaN NaN NaN NaN NaN NaN NaN NaN NaN NaN NaN NaN NaN NaN NaN NaN NaN NaN NaN NaN NaN NaN NaN NaN NaN 
NaN NaN NaN NaN NaN NaN NaN NaN NaN NaN NaN NaN NaN NaN NaN NaN NaN NaN NaN NaN NaN NaN NaN NaN NaN NaN NaN NaN NaN NaN NaN NaN NaN NaN NaN NaN NaN NaN NaN NaN 
NaN NaN NaN NaN NaN NaN NaN NaN NaN NaN NaN NaN NaN NaN NaN NaN NaN NaN NaN NaN NaN NaN NaN NaN NaN NaN NaN NaN NaN NaN NaN NaN NaN NaN NaN NaN NaN NaN NaN NaN 
NaN NaN NaN NaN NaN NaN NaN NaN NaN NaN NaN NaN NaN NaN NaN NaN NaN NaN NaN NaN NaN NaN NaN NaN NaN NaN NaN NaN NaN NaN NaN NaN NaN NaN NaN NaN NaN NaN NaN NaN 
NaN NaN NaN NaN NaN NaN NaN NaN NaN NaN NaN NaN NaN NaN NaN NaN NaN NaN NaN NaN NaN NaN NaN NaN NaN NaN NaN NaN NaN NaN NaN NaN NaN NaN NaN NaN NaN NaN NaN NaN 
NaN NaN NaN NaN NaN NaN NaN NaN NaN NaN NaN NaN NaN NaN NaN NaN NaN NaN NaN NaN NaN NaN NaN NaN NaN NaN NaN NaN NaN NaN NaN NaN NaN NaN NaN NaN NaN NaN NaN NaN 
NaN NaN NaN NaN NaN NaN NaN NaN NaN NaN NaN NaN NaN NaN NaN NaN NaN NaN NaN NaN NaN NaN NaN NaN NaN NaN NaN NaN NaN NaN NaN NaN NaN NaN NaN NaN NaN NaN NaN NaN 
NaN NaN NaN NaN NaN NaN NaN NaN NaN NaN NaN NaN NaN NaN NaN NaN NaN NaN NaN NaN NaN NaN NaN NaN NaN NaN NaN NaN NaN NaN NaN NaN NaN NaN NaN NaN NaN NaN NaN NaN 
NaN NaN NaN NaN NaN NaN NaN NaN NaN NaN NaN NaN NaN NaN NaN NaN NaN NaN NaN NaN NaN NaN NaN NaN NaN NaN NaN NaN NaN NaN NaN NaN NaN NaN NaN NaN NaN NaN NaN NaN 
NaN NaN NaN NaN NaN NaN NaN NaN NaN NaN NaN NaN NaN NaN NaN NaN NaN NaN NaN NaN NaN NaN NaN NaN NaN NaN NaN NaN NaN NaN NaN NaN NaN NaN NaN NaN NaN NaN NaN NaN 
