NaN NaN NaN NaN NaN NaN NaN NaN NaN NaN NaN NaN NaN NaN NaN NaN NaN NaN NaN NaN NaN NaN NaN NaN NaN NaN NaN NaN NaN NaN NaN NaN NaN NaN NaN NaN NaN NaN NaN NaN 
NaN NaN NaN NaN NaN NaN NaN NaN NaN NaN NaN NaN NaN NaN NaN NaN NaN NaN NaN NaN NaN NaN NaN NaN NaN NaN NaN NaN NaN NaN NaN NaN NaN NaN NaN NaN NaN NaN NaN NaN 
NaN NaN NaN NaN NaN NaN NaN NaN NaN NaN NaN NaN NaN NaN NaN NaN NaN NaN NaN NaN NaN NaN NaN NaN NaN NaN NaN NaN NaN NaN NaN NaN NaN NaN NaN NaN NaN NaN NaN NaN 
NaN NaN NaN NaN NaN NaN NaN NaN NaN NaN NaN NaN NaN NaN NaN NaN NaN NaN NaN NaN NaN NaN NaN NaN NaN NaN NaN NaN NaN NaN NaN NaN NaN NaN NaN NaN NaN NaN NaN NaN 
NaN NaN NaN NaN NaN NaN NaN NaN NaN NaN NaN NaN NaN NaN NaN NaN NaN NaN NaN NaN NaN NaN NaN NaN NaN NaN NaN NaN NaN NaN NaN NaN NaN NaN NaN NaN NaN NaN NaN NaN 
NaN NaN NaN NaN NaN NaN NaN NaN NaN NaN NaN NaN NaN NaN NaN NaN NaN NaN NaN NaN NaN NaN NaN NaN NaN NaN NaN NaN NaN NaN NaN NaN NaN NaN NaN NaN NaN NaN NaN NaN 
NaN NaN NaN NaN NaN NaN NaN NaN NaN NaN NaN NaN NaN NaN NaN NaN NaN NaN NaN NaN NaN NaN NaN NaN NaN NaN NaN NaN NaN NaN NaN NaN NaN NaN NaN NaN NaN NaN NaN NaN 
NaN NaN NaN NaN NaN NaN NaN NaN NaN NaN NaN NaN NaN NaN NaN NaN NaN NaN NaN NaN NaN NaN NaN NaN NaN NaN NaN NaN NaN NaN NaN NaN NaN NaN NaN NaN NaN NaN NaN NaN 
NaN NaN NaN NaN NaN NaN NaN NaN NaN NaN NaN NaN NaN NaN NaN NaN NaN NaN NaN NaN NaN NaN NaN NaN NaN NaN NaN NaN NaN NaN NaN NaN NaN NaN NaN NaN NaN NaN NaN NaN 
NaN NaN NaN NaN NaN NaN NaN NaN NaN NaN NaN NaN NaN NaN NaN NaN NaN NaN NaN NaN NaN NaN NaN NaN NaN NaN NaN NaN NaN NaN NaN NaN NaN NaN NaN NaN NaN NaN NaN NaN 
NaN NaN NaN NaN NaN NaN NaN NaN NaN NaN NaN NaN NaN NaN NaN NaN NaN NaN NaN NaN NaN NaN NaN NaN NaN NaN NaN NaN NaN NaN NaN NaN NaN NaN NaN NaN NaN NaN NaN NaN 
NaN NaN NaN NaN NaN NaN NaN NaN NaN NaN NaN NaN NaN NaN NaN NaN NaN NaN NaN NaN NaN NaN NaN NaN NaN NaN NaN NaN NaN NaN NaN NaN NaN NaN NaN NaN NaN NaN NaN NaN 
-47.693311 -41.102222 -37.008357 -35.171244 -36.482687 -42.881126 -41.851517 -37.679588 -39.638697 -42.908755 -46.228312 -50.568175 -52.139015 -51.493169 -54.780434 -61.516621 -60.972154 -55.775171 -54.217520 -55.027094 -56.218402 -61.707645 -66.559093 -71.115532 -65.303436 -70.581279 -82.095551 -78.462145 -74.019201 -76.323476 -79.212261 -77.098654 -75.023033 -76.323275 -73.051411 -72.860329 -75.097655 -77.634767 -84.340689 -85.099563 
-14.836067 -7.864824 -6.945966 -8.033256 -15.909662 -20.904961 -20.438799 -25.630412 -30.816977 -38.312527 -39.609291 -41.345977 -40.113523 -36.601923 -39.706097 -45.138265 -44.591195 -44.438985 -44.229283 -41.938355 -43.927506 -46.828962 -48.657042 -47.186677 -47.801410 -50.832721 -52.039902 -52.724452 -53.142649 -53.763129 -54.080708 -54.557708 -54.745226 -55.236139 -53.769247 -52.000164 -53.071357 -56.563141 -57.098628 -57.094528 
-8.551574 7.635983 11.620824 7.684707 7.952679 3.781694 -3.297491 -10.073011 -17.135057 -27.613355 -31.408027 -33.235620 -29.208200 -25.993802 -26.515557 -35.349690 -41.396068 -43.676936 -33.386458 -28.547172 -30.952998 -35.305574 -38.002766 -31.512653 -30.252191 -45.835225 -56.266605 -57.496806 -54.087843 -56.157601 -57.434914 -58.387952 -56.975457 -49.148845 -45.563013 -44.055103 -45.372567 -59.486400 -57.658769 -57.303132 
-4.519297 11.760797 15.467846 12.926749 18.608161 9.782626 5.251225 -3.813709 -8.129318 -18.463195 -24.430230 -29.766507 -18.600831 -16.754048 -20.207374 -28.430649 -34.702888 -35.283407 -27.259971 -20.693083 -25.783621 -30.433200 -30.736484 -21.902114 -20.727779 -35.432041 -44.978477 -48.206670 -44.336542 -47.310039 -49.356186 -51.648331 -48.786001 -42.845840 -40.053744 -32.719497 -36.670628 -50.947946 -51.451232 -47.790977 
-6.477802 13.570928 18.528480 11.526046 20.091825 14.778487 3.741084 0.473165 -7.404322 -14.696131 -21.509865 -26.949455 -16.049636 -9.715807 -17.127290 -25.270236 -31.976442 -32.133259 -28.478310 -19.815092 -22.758889 -25.450500 -27.028943 -20.051953 -15.747319 -28.568738 -37.891876 -40.623420 -39.258223 -40.650630 -40.141063 -40.665604 -38.241159 -39.457130 -36.391245 -26.997009 -30.604121 -44.403948 -44.884834 -44.053112 
-4.290201 14.856451 19.966701 13.097941 20.586494 15.547593 5.456618 2.029829 -6.804687 -13.944610 -22.465314 -24.699641 -14.816970 -7.319132 -18.159624 -23.671159 -32.403950 -33.646751 -24.983261 -15.987641 -20.631604 -22.742728 -24.748111 -17.252226 -11.363768 -24.386479 -37.616235 -45.331449 -39.134570 -40.307055 -40.382049 -37.800082 -37.820860 -31.989458 -31.306184 -24.903202 -28.255323 -50.206046 -51.753867 -49.167916 
-5.618435 14.888604 21.412557 13.605986 19.643730 17.497633 4.909115 5.002308 -8.890110 -10.204258 -19.847802 -23.183180 -15.977291 -4.862364 -14.374323 -21.476578 -27.185635 -27.820025 -19.595108 -14.146668 -19.481576 -22.090679 -23.945778 -16.774000 -10.897241 -21.422238 -34.351681 -36.624333 -34.799266 -35.367079 -36.442108 -36.051949 -36.573401 -30.828653 -30.125412 -27.339465 -29.457635 -40.733928 -41.139718 -41.293680 
-6.483135 14.325989 22.439973 14.642944 16.834171 18.628765 4.574451 6.308045 -7.187071 -7.718891 -23.122047 -26.624464 -18.490928 -7.416290 -9.848930 -20.047545 -32.095421 -28.288206 -17.524363 -13.652396 -19.118447 -20.789506 -22.445055 -19.484799 -12.693600 -22.219913 -37.830339 -43.422883 -40.210141 -35.628381 -39.459385 -38.467532 -40.686368 -34.000107 -34.896531 -29.193868 -31.059308 -49.001415 -50.248850 -51.077551 
-12.783725 13.410776 22.917120 16.286978 15.355559 19.975814 6.306458 6.447031 -4.666410 -6.927535 -17.962891 -23.538943 -12.174501 -10.621534 -9.794585 -18.785690 -25.196816 -22.936505 -14.327367 -13.813050 -20.716924 -20.769854 -21.869385 -17.559116 -15.056465 -22.237852 -34.508706 -37.323509 -36.259658 -36.177849 -35.311874 -35.202763 -36.897234 -32.372483 -29.822174 -28.014824 -30.443506 -40.740587 -40.974948 -40.702973 
-13.564144 12.468625 23.084595 17.543075 14.050243 20.947672 9.403402 6.974501 -1.349907 -8.775329 -15.426240 -23.891101 -9.975930 -7.074205 -12.626565 -19.644089 -24.701095 -23.093498 -13.843685 -12.053918 -19.087879 -19.943617 -22.475922 -17.876542 -13.402298 -23.296029 -36.454783 -38.782707 -37.132669 -36.978551 -35.985297 -34.237452 -36.184291 -31.840657 -29.235325 -26.699516 -30.654965 -42.201236 -43.103386 -42.455514 
-18.876231 10.513616 22.886400 19.220023 10.494819 20.562047 12.270069 3.460942 0.491281 -14.294067 -15.327400 -25.346917 -12.636252 -2.409763 -13.955025 -19.411585 -22.072548 -14.708716 -9.753504 -15.131771 -18.074293 -18.353185 -21.658120 -19.352019 -14.587928 -23.668668 -40.808971 -40.944937 -38.888919 -37.496265 -29.613690 -31.807519 -38.837164 -34.514753 -31.797121 -30.409162 -33.189521 -46.899660 -52.129428 -46.625026 
-17.922745 7.593799 21.784170 20.264787 5.583755 19.053251 17.799844 2.179371 5.635207 -1.358601 -3.053617 -11.419093 -11.927095 -1.219558 -4.169605 -13.582216 -8.054635 -3.356920 -0.843082 -9.045799 -11.467545 -13.327539 -16.612733 -19.364219 -17.659507 -18.857511 -21.895932 -22.979660 -24.180681 -25.419258 -29.633718 -33.445223 -35.295709 -31.694150 -32.046052 -24.700617 -28.638737 -39.294181 -39.398177 -37.929595 
-18.604025 3.255231 19.847494 20.246557 5.014664 17.294754 18.713972 5.099324 15.512842 10.459846 10.575298 3.938841 -0.091853 -2.841587 0.109880 -3.698639 0.101934 4.622689 9.205182 0.113725 -4.158126 -6.368674 -10.895328 -17.745801 -9.916059 -2.900038 -9.319061 -11.254950 -11.989276 -13.984379 -26.075520 -26.695230 -27.087989 -22.119576 -24.045471 -28.411001 -26.732176 -31.376003 -32.073199 -28.045652 
-14.132575 -1.232171 17.856993 20.018151 5.134005 15.937472 17.920714 2.678176 16.278920 8.344300 14.321579 12.088086 2.678840 -1.364302 4.505751 -0.288150 3.373013 9.795062 12.868976 4.501535 -1.136626 -2.856273 -6.589954 -15.690385 -6.637239 0.411320 -4.211242 -7.629979 -8.065587 -8.843992 -23.670814 -25.113115 -20.046409 -15.763025 -19.245615 -30.099824 -25.544840 -30.307854 -30.578184 -23.971357 
-16.087574 -4.697776 15.979077 20.324382 6.679002 11.072335 17.670533 3.764171 15.419447 12.521171 12.427234 15.895788 5.083787 6.277843 9.512459 7.355632 6.717565 10.850485 9.410908 6.283971 -0.949176 -4.094765 -7.352372 -15.503247 -7.471686 -0.210032 -5.678357 -8.442322 -7.446330 -8.266039 -22.583849 -27.121697 -17.277540 -12.020357 -17.442963 -30.229538 -25.343484 -30.320303 -30.295317 -24.515143 
-22.372964 -8.305617 14.372695 19.986297 7.147036 8.372495 17.347031 5.383856 15.981240 16.246959 10.751435 17.414033 7.148749 10.898953 12.708309 13.488278 14.014459 10.749920 5.823345 2.807548 -2.470595 -5.081783 -9.061942 -16.191585 -6.901504 -2.112216 -7.254912 -9.338018 -8.165709 -6.258444 -22.167758 -24.427963 -12.278370 -8.545001 -12.285750 -25.899430 -22.704031 -27.367501 -27.355069 -23.579918 
-23.572949 -13.536616 13.154078 19.235000 6.371448 6.990412 16.302737 3.445451 14.514192 15.932761 5.885677 15.782194 6.052145 12.763118 12.291060 14.360776 14.683783 9.353608 5.501753 -0.350580 -5.085381 -6.809962 -10.117382 -18.021117 -8.237263 -5.907526 -9.399821 -11.737956 -9.942569 -8.100813 -24.577349 -25.093699 -13.503458 -8.721583 -14.416533 -29.809918 -24.872815 -30.523998 -30.763875 -26.429981 
-29.759559 -12.846718 13.010527 19.095604 6.521489 5.623767 15.506612 3.610121 13.033819 15.187536 4.985893 15.195741 4.854670 12.586515 10.630535 13.933358 14.425253 9.439306 6.100561 -1.194518 -5.986880 -7.621353 -11.544693 -20.727258 -10.569581 -7.024300 -10.581832 -13.453293 -11.899025 -10.251468 -24.729934 -27.184285 -15.388743 -10.696934 -16.111680 -29.946943 -24.998278 -30.180735 -29.671795 -26.571237 
-29.806883 -9.312301 13.705440 19.057250 5.851401 6.599041 15.183089 2.347867 13.713627 14.137259 8.027922 15.227216 7.628838 12.795145 10.933652 11.905173 13.782088 10.115551 7.618984 -1.090565 -5.903780 -7.098720 -10.842988 -17.431937 -10.362126 -5.604991 -9.449403 -12.481682 -10.152804 -8.099764 -23.927269 -26.921578 -14.874619 -9.715436 -16.463924 -30.948281 -26.812665 -30.595175 -29.737512 -26.038191 
-14.325623 -4.324290 15.289476 18.457465 3.216759 10.594703 14.857059 1.844723 14.934284 10.620957 13.924523 14.363086 12.614962 11.788213 11.697197 8.554465 10.098823 12.942421 8.644154 -0.987327 -4.444309 -5.852778 -9.053433 -17.044127 -11.435517 -4.703701 -10.597692 -11.752408 -9.342072 -8.087337 -23.874448 -28.965914 -15.480445 -9.730586 -16.188344 -31.284516 -27.204230 -32.951692 -30.324413 -28.498454 
-20.809306 0.297794 16.884044 17.901718 1.315411 13.822763 14.096301 3.132290 14.264209 4.838180 17.069666 11.636518 15.085772 8.662371 9.140780 3.919886 5.443726 12.810848 9.658317 3.014072 -1.831204 -4.081248 -7.409354 -15.085762 -8.572151 -4.762038 -8.890647 -10.479280 -7.871058 -7.269112 -21.863973 -28.195855 -16.814218 -12.459979 -18.357892 -33.429641 -28.762219 -30.924342 -28.783397 -28.065659 
-19.768616 3.277303 18.357357 17.300832 3.525463 16.084257 12.442442 7.354228 12.228709 8.001171 16.495698 11.275415 14.995320 8.603808 7.057126 6.259886 8.385719 11.626276 11.794099 5.356650 0.160067 -2.444540 -5.610531 -14.135020 -10.974665 -4.316872 -9.505704 -11.342818 -8.799601 -9.464289 -23.734041 -29.663988 -17.005420 -9.714506 -15.821813 -31.217120 -30.354114 -29.175740 -27.836568 -29.866218 
-17.695225 8.335952 19.576441 15.383181 8.981314 16.611706 8.860053 11.119501 8.839028 12.291701 10.178512 13.589032 9.602062 6.374667 5.337201 3.830871 3.434505 8.688231 9.910416 6.624785 0.656218 -2.390144 -5.924121 -13.625778 -10.097929 -5.493291 -11.705125 -14.868799 -12.632446 -12.449964 -26.328000 -33.114609 -18.281627 -11.188751 -18.201339 -32.083816 -24.724619 -27.970150 -28.031666 -26.862447 
-7.556843 12.325323 19.765884 12.080923 14.281274 12.589063 8.760959 10.968076 11.347211 12.976522 13.528622 9.374213 5.591804 5.486721 2.480737 -1.582141 -0.883868 1.825949 4.914369 7.410736 1.994729 -1.727994 -5.241827 -12.376782 -9.289863 -7.376748 -10.916430 -11.103619 -9.297034 -9.593956 -26.318777 -32.024160 -17.399410 -15.061574 -19.343687 -29.062250 -23.827022 -24.859327 -26.401128 -26.362150 
-2.133827 14.323774 17.922561 11.662517 17.094002 8.632611 8.920644 6.111562 11.639448 11.689304 11.082210 6.406062 1.262276 1.023912 -3.820909 -7.833786 -6.441045 -3.440232 -1.738864 1.433414 3.187543 0.089369 -4.074852 -10.994486 -5.844302 -5.158575 -9.042311 -8.565986 -6.912466 -8.009702 -23.176727 -28.820365 -19.055632 -13.206286 -17.053264 -30.047909 -23.554344 -23.914848 -24.230910 -24.703160 
0.272784 13.927397 13.753358 15.697629 17.585742 10.120953 8.031393 10.890453 11.494754 13.422918 10.218975 4.069106 -2.889337 -2.698184 -7.712101 -9.476294 -9.704313 -6.347885 -4.206173 -1.186580 4.422908 4.352386 -0.908823 -9.239917 -5.572560 -5.500165 -7.798522 -7.565794 -5.598458 -6.942797 -23.528760 -30.048315 -16.403709 -12.918592 -15.802400 -28.373740 -23.085512 -23.534233 -24.887355 -24.935709 
1.748255 12.346119 11.569514 17.293633 14.443827 8.612394 7.727594 9.934088 13.194669 10.190961 4.539325 -2.994445 -8.100429 -6.824871 -12.380991 -12.430865 -13.601622 -10.131023 -9.654930 -7.441790 -2.127279 3.527860 -0.591535 -9.400278 -6.510343 -6.507465 -9.439024 -10.044404 -8.189272 -10.154874 -26.758685 -29.563835 -16.480580 -11.610515 -15.837381 -29.249023 -26.752824 -29.742899 -27.156365 -26.119623 
3.606339 11.047994 12.203260 13.897345 7.394925 7.683922 8.866746 12.952638 11.801318 9.197162 -1.088749 -9.403113 -8.547607 -9.060726 -10.781469 -12.449028 -12.543385 -9.511228 -8.078168 -6.107075 -1.639877 4.163142 2.057495 -7.164436 -6.357694 -5.514781 -8.338168 -8.821387 -8.086104 -12.546825 -31.330594 -33.443426 -22.405839 -16.991814 -19.100738 -27.977621 -26.857809 -28.569437 -28.080381 -27.384583 
1.014996 3.429702 6.763331 4.811982 1.931875 -0.860601 2.436018 10.265052 11.609958 4.328054 -7.214268 -14.185066 -16.081815 -18.579929 -18.362300 -22.021603 -20.492865 -17.753502 -15.787220 -13.553644 -7.532920 0.493293 -2.772226 -12.651769 -11.592794 -12.212359 -15.447147 -15.766013 -13.629589 -17.410786 -34.180372 -37.387853 -27.181998 -22.449258 -22.781127 -30.301242 -28.493936 -30.487357 -31.994192 -31.994530 
1.366491 7.570962 11.484490 9.499790 7.758780 5.911248 10.042590 12.109858 8.568516 -0.401241 -7.688527 -15.151793 -18.566214 -16.848619 -16.098226 -18.956668 -18.845387 -16.358175 -14.806594 -12.050778 -7.395838 -0.444050 -1.382914 -11.780897 -12.636930 -13.831331 -15.922968 -15.668835 -14.633707 -19.979138 -38.794361 -42.929267 -32.862917 -22.606626 -22.964085 -33.610753 -29.256195 -30.483310 -31.818718 -26.452744 
1.354781 3.714043 5.576560 2.838741 2.729667 -3.969339 3.776122 11.488768 5.266609 -9.816740 -18.033942 -24.818049 -31.179025 -28.040454 -26.413968 -29.272704 -29.337573 -26.709835 -23.667503 -23.219447 -17.283628 -6.019562 -6.557291 -19.985173 -20.334231 -21.739668 -23.925598 -25.423601 -22.191532 -26.405566 -47.868379 -53.053029 -36.883111 -26.398731 -28.980917 -36.076912 -35.388044 -28.226092 -28.727879 -29.745626 
-0.226606 1.913719 3.665198 0.329989 0.053120 -7.494373 -0.700322 0.382801 -8.422290 -21.450535 -22.323679 -29.888328 -30.235389 -30.418199 -28.831186 -32.351734 -31.503647 -27.129749 -26.205791 -27.491671 -22.694098 -14.264089 -12.666945 -23.761514 -23.843070 -25.114900 -27.182596 -28.944132 -29.661901 -35.454133 -54.531867 -52.756513 -37.598148 -30.447402 -32.596887 -38.210069 -36.427903 -31.432619 -29.907108 -28.586859 
-1.207243 2.647605 4.943858 4.773254 2.967398 5.136173 10.315321 8.438255 -2.514857 -13.829110 -18.183929 -25.410523 -26.939732 -23.403655 -22.807899 -25.502797 -25.558695 -21.757002 -20.942578 -20.465505 -15.992170 -6.476682 -4.302229 -17.100228 -16.428713 -18.252937 -21.063314 -21.968407 -21.367253 -27.548667 -49.010869 -52.768937 -37.895704 -30.715099 -28.010535 -36.394588 -35.007858 -35.141854 -29.358598 -26.149258 
-1.428832 0.171674 -2.167788 -4.952226 -6.731936 -1.305107 2.299278 -1.295746 -14.377809 -22.838632 -24.100173 -30.936871 -34.440963 -31.842052 -31.000959 -34.919578 -35.615160 -29.627467 -32.558988 -29.539325 -26.496461 -15.326678 -12.479718 -27.453236 -25.792053 -28.137238 -33.062950 -35.704081 -37.826883 -41.478720 -45.077918 -45.283990 -35.669352 -33.258204 -38.192806 -38.679168 -35.919040 -36.823293 -31.630595 -31.175595 
-6.884846 -9.630128 -11.133557 -11.259174 -7.484836 -4.693427 1.599494 0.209736 -13.311824 -23.829036 -28.872357 -35.797507 -44.991238 -36.284849 -32.638136 -37.087663 -37.865892 -31.450957 -36.323250 -31.741847 -27.934284 -14.453962 -13.980274 -34.399750 -29.384964 -31.573831 -37.790143 -39.640325 -43.705630 -48.385491 -57.392471 -58.420406 -41.382570 -40.184832 -41.399768 -43.734732 -40.233330 -45.426287 -39.192986 -35.670484 
-8.564491 -5.779197 -5.707217 -9.970822 -12.042733 -10.421189 -9.207924 -9.450093 -16.825954 -24.632501 -28.774971 -34.782062 -35.141909 -31.175486 -30.269814 -31.986141 -31.873984 -29.503319 -27.089969 -25.646425 -17.789334 -13.772703 -21.457996 -30.336185 -26.703252 -29.115237 -33.409468 -37.866214 -39.994944 -50.958648 -61.083457 -59.957800 -49.356754 -38.542812 -39.125263 -41.082521 -38.591451 -43.757351 -43.147368 -40.025287 
-14.528433 -21.394640 -17.117288 -17.361370 -14.557977 -14.389312 -14.274429 -17.238347 -23.331597 -35.120334 -37.511317 -43.762455 -44.716453 -42.498387 -40.357965 -43.687051 -43.253872 -39.855640 -39.159226 -36.945022 -24.058313 -22.665776 -29.395672 -38.830593 -33.895650 -38.892715 -44.386840 -47.239821 -49.833513 -58.235846 -63.599173 -63.827141 -62.574901 -50.365802 -50.297376 -52.903141 -51.351531 -56.215733 -58.007558 -52.926263 
-21.784400 -22.934464 -21.964304 -19.627191 -16.056049 -20.541184 -24.714170 -36.778199 -46.959658 -47.639746 -51.281457 -50.034553 -51.944813 -57.445401 -50.892844 -58.935542 -60.993580 -57.434679 -54.205753 -44.431001 -44.169173 -48.225622 -52.784162 -55.335672 -50.234066 -59.197493 -63.601537 -65.472569 -68.151697 -68.959462 -67.330237 -69.644087 -71.522394 -68.033322 -62.309262 -63.659546 -65.705766 -68.729453 -69.713366 -66.443834 
-24.316357 -26.399640 -24.857874 -26.187316 -21.670060 -25.190866 -35.308983 -41.496621 -44.568481 -49.342243 -56.351510 -54.792365 -60.929966 -61.475499 -59.010505 -61.369947 -65.847366 -59.620642 -62.625471 -55.893940 -53.587057 -60.065281 -63.437077 -58.658643 -56.480876 -66.069973 -66.874675 -68.890287 -66.453132 -68.793545 -70.259523 -70.335954 -70.423978 -70.323671 -68.607269 -70.948257 -69.866411 -71.738688 -70.307251 -70.820519 
-22.135835 -30.458329 -40.819507 -29.600458 -31.044407 -42.911240 -46.929655 -54.743513 -56.181043 -62.274006 -60.631922 -60.171129 -62.056949 -64.075508 -67.991804 -69.216643 -69.814439 -68.240739 -65.985463 -59.593876 -58.014104 -68.053075 -68.227652 -64.135258 -65.180391 -74.232798 -75.931331 -73.047467 -70.983212 -70.792342 -70.191204 -70.490416 -70.539060 -72.365425 -74.556731 -73.481239 -70.812337 -73.697353 -73.668151 -73.765097 
-30.776911 -27.449241 -43.883580 -34.079161 -40.569295 -48.115295 -50.583556 -53.300838 -56.099464 -56.509861 -58.801002 -58.864013 -59.539480 -60.049776 -60.773245 -62.741714 -63.012214 -62.836255 -65.975907 -64.762702 -65.534686 -65.639107 -63.966702 -68.842962 -68.054207 -68.426309 -69.512405 -69.072493 -71.551970 -70.719605 -69.764648 -71.582337 -71.197723 -71.677276 -70.896505 -71.112391 -73.007962 -71.196502 -72.943696 -72.226237 
-7.230690 -9.518791 -13.636445 -16.155958 -17.204298 -15.875356 -14.030735 -14.598994 -17.484540 -21.009944 -22.169101 -23.515335 -23.313412 -21.658473 -21.815557 -23.473895 -24.363131 -25.030952 -26.910850 -25.195888 -19.975504 -19.704329 -23.222879 -28.112693 -26.661184 -24.687893 -25.731645 -26.852930 -21.937188 -22.375192 -26.248458 -28.455478 -25.377394 -32.776253 -35.256223 -41.223290 -39.947563 -40.291774 -40.426817 -48.071753 
-1.023960 -5.033116 -12.253204 -15.847077 -17.624925 -11.927319 -7.567085 -6.777378 -13.519139 -19.354985 -17.616321 -21.094438 -20.469495 -16.552376 -17.355272 -19.881222 -20.650862 -20.962247 -23.913948 -21.645552 -13.377942 -14.296988 -18.240146 -23.858111 -20.063275 -18.300181 -21.044590 -22.337238 -15.137698 -16.870709 -20.113008 -20.004774 -17.192816 -23.189561 -27.574918 -28.488075 -28.301224 -28.029624 -28.860194 -36.247120 
-3.966654 -11.543168 -26.107474 -22.004777 -20.976670 -21.842371 -22.847563 -15.755936 -15.042675 -25.364769 -24.291132 -22.934139 -22.963681 -23.618975 -28.707135 -32.874407 -33.169669 -34.979732 -35.227268 -31.492150 -19.622213 -20.050485 -26.993769 -36.004393 -28.724391 -27.802578 -27.450715 -25.055078 -16.998424 -20.072195 -21.521708 -22.703662 -23.297567 -27.173040 -34.426511 -33.034586 -30.843873 -33.271293 -36.393057 -36.724692 
-17.660093 -21.626347 -27.363386 -29.368438 -31.844021 -40.167747 -43.822613 -34.105515 -32.783295 -42.352306 -43.070374 -35.616715 -31.477830 -34.616637 -43.006447 -46.726224 -46.910900 -44.766642 -47.964417 -39.098698 -27.767592 -24.804683 -30.069216 -42.963550 -40.634306 -39.354210 -41.122477 -33.819115 -31.099224 -32.359167 -37.478920 -38.087720 -38.672789 -39.435151 -46.432339 -48.876698 -46.695724 -46.402310 -49.609496 -48.370685 
-80.745905 -76.650907 -79.032413 -78.258140 -78.656927 -79.789138 -80.540031 -75.317265 -77.583148 -80.941758 -83.793825 -79.751257 -79.135699 -82.498531 -79.587521 -76.905682 -82.104596 -80.657780 -82.105177 -80.660032 -81.340385 -81.893585 -82.111753 -85.216529 -83.891783 -82.116236 -85.481281 -85.636484 -85.819301 -84.519406 -86.187343 -86.797062 -86.575727 -86.197926 -86.734947 -86.472317 -87.190785 -87.312966 -88.550521 -89.979340 
-90.232304 -89.094937 -89.218068 -88.030919 -89.715651 -88.761307 -88.759843 -88.573629 -88.606390 -88.860782 -89.405999 -88.812404 -89.219863 -88.743278 -89.736738 -88.997801 -89.284111 -89.804978 -89.515922 -89.771481 -90.121905 -90.176170 -90.528999 -90.662530 -91.138120 -91.687542 -92.266059 -92.587075 -93.266373 -93.489168 -94.770503 -95.660479 -97.007705 -97.678605 -98.837551 -99.653615 -100.149831 -100.268705 -100.146363 -100.311399 
-81.864625 -86.470922 -82.471251 -79.785470 -83.275074 -84.473709 -80.093450 -83.002765 -83.478456 -80.426207 -85.031166 -80.718448 -84.166740 -81.274730 -83.923129 -81.736048 -83.222763 -83.138950 -82.558704 -83.210661 -83.693593 -83.608985 -83.776063 -84.033453 -84.416241 -84.852306 -85.455605 -86.006294 -86.202768 -87.025022 -87.931222 -88.616323 -89.162029 -89.969354 -90.577665 -91.156602 -91.645053 -92.033069 -92.700273 -93.715765 
-79.073000 -78.051928 -78.571545 -78.409913 -78.593588 -78.957906 -78.951279 -79.119201 -79.472018 -79.857268 -80.369404 -80.950814 -81.406882 -82.165442 -83.099051 -83.973379 -84.960090 -86.039609 -87.419754 -88.015987 -89.622764 -90.987332 -92.471914 -95.424178 -96.187828 -95.870608 -93.501630 -90.840743 -89.481715 -89.308899 -90.666719 -93.822679 -96.588714 -95.417582 -93.479663 -94.328311 -97.605703 -98.749230 -98.233619 -101.852216 
-74.847631 -74.877389 -74.926870 -75.010246 -75.123084 -75.280940 -75.473375 -75.719595 -76.045568 -76.432071 -76.898910 -77.471875 -78.134586 -78.918703 -79.827107 -80.834887 -81.957522 -83.131167 -84.320703 -85.498748 -86.738619 -88.262129 -90.472570 -94.350159 -101.011271 -97.656106 -91.186479 -87.752542 -86.089023 -85.880736 -87.274790 -90.768600 -94.956208 -92.830043 -90.386083 -91.564191 -98.338599 -100.549635 -96.350765 -102.676140 
NaN NaN NaN NaN NaN NaN NaN NaN NaN NaN NaN NaN NaN NaN NaN NaN NaN NaN NaN NaN NaN NaN NaN NaN NaN NaN NaN NaN NaN NaN NaN NaN NaN NaN NaN NaN NaN NaN NaN NaN 
NaN NaN NaN NaN NaN NaN NaN NaN NaN NaN NaN NaN NaN NaN NaN NaN NaN NaN NaN NaN NaN NaN NaN NaN NaN NaN NaN NaN NaN NaN NaN NaN NaN NaN NaN NaN NaN NaN NaN NaN 
NaN NaN NaN NaN NaN NaN NaN NaN NaN NaN NaN NaN NaN NaN NaN NaN NaN NaN NaN NaN NaN NaN NaN NaN NaN NaN NaN NaN NaN NaN NaN NaN NaN NaN NaN NaN NaN NaN NaN NaN 
NaN NaN NaN NaN NaN NaN NaN NaN NaN NaN NaN NaN NaN NaN NaN NaN NaN NaN NaN NaN NaN NaN NaN NaN NaN NaN NaN NaN NaN NaN NaN NaN NaN NaN NaN NaN NaN NaN NaN NaN 
