-27.485174 -24.488452 -20.584093 -16.874021 -16.833565 -22.100813 -28.923552 -32.708323 -33.493764 -36.320264 -41.293832 -42.774738 -40.934184 -44.651914 -50.069713 -52.677414 -55.158356 -57.136295 -57.870917 -54.467271 -54.222391 -57.217346 -54.450686 -58.842367 -61.658409 -64.966925 -65.606696 -66.621489 -67.201864 -67.664583 -69.235735 -67.265034 -69.069026 -70.738908 -68.082448 -69.304636 -69.360807 -71.541650 -71.843029 -71.748736 
-8.697004 -3.694083 2.529183 8.869000 7.099691 1.761086 1.445685 -1.467629 -6.124419 -11.640567 -22.104063 -31.976973 -30.583700 -24.504939 -27.426818 -31.423114 -37.738412 -40.469199 -40.642942 -34.370568 -27.879792 -31.905994 -40.471525 -45.078630 -45.238805 -43.400280 -41.590829 -46.021253 -48.337347 -49.539865 -43.509054 -36.044416 -41.773809 -48.231837 -46.972463 -50.687489 -51.994259 -52.495172 -52.753359 -52.999941 
-6.692328 -1.256917 10.893047 18.500975 10.911102 2.984338 10.893892 4.095002 -1.935337 -2.563666 -14.646420 -18.495467 -22.922045 -18.374895 -21.475876 -29.873145 -33.318316 -35.147582 -35.756656 -30.996367 -20.119376 -25.224714 -34.967129 -38.877457 -39.875176 -38.811402 -35.515450 -39.491358 -42.494117 -42.793007 -37.528428 -29.302245 -35.384413 -42.878896 -40.642134 -43.943572 -46.229933 -46.448082 -46.383160 -45.359530 
-19.105668 -10.330302 10.237681 21.766562 15.598508 -3.641590 12.205583 10.819164 -13.230246 -2.510560 -11.175991 -21.611106 -22.564792 -22.589838 -18.785327 -30.422491 -32.781241 -36.866866 -36.455374 -33.082711 -22.191958 -24.955360 -32.411586 -38.951141 -38.809288 -37.596285 -34.947222 -41.303400 -43.661932 -44.074076 -37.705033 -24.524329 -31.129246 -41.446810 -40.721601 -43.942716 -47.306813 -47.664500 -46.743260 -41.076797 
-15.655355 -18.912240 9.166852 23.386705 19.004672 -4.250795 10.465556 13.970441 -8.426558 -6.809527 -9.291695 -27.253050 -19.155040 -22.914599 -15.955281 -27.858854 -27.511543 -37.079510 -37.555841 -30.875095 -18.177643 -20.755321 -32.312002 -37.829025 -37.235950 -31.798884 -31.367939 -42.333646 -46.448973 -46.823468 -33.968608 -22.598088 -26.587596 -38.518985 -38.440488 -45.905060 -50.643070 -51.686460 -45.150346 -39.709666 
-13.429424 -16.710279 4.202268 23.385604 21.486901 -0.977910 6.868865 15.041538 -0.740700 -14.323663 -10.306770 -26.325763 -15.960011 -22.287483 -17.747540 -25.669762 -27.181253 -33.159011 -36.316262 -28.556607 -18.718423 -15.332355 -32.916244 -36.675137 -36.322523 -30.530832 -29.926307 -39.610074 -44.988569 -43.568420 -33.162897 -22.205138 -25.802579 -37.862576 -35.502085 -43.926790 -48.188387 -48.211767 -41.017127 -35.097266 
-25.188915 -19.385286 1.885722 23.253425 23.071799 2.187204 3.388596 14.998492 3.053229 -13.400067 -10.649881 -16.533631 -14.038127 -15.713018 -19.217544 -20.615327 -21.563113 -22.698567 -23.812149 -23.600133 -20.615926 -15.601874 -25.572969 -27.097244 -27.832444 -26.524623 -26.805000 -29.711380 -30.761888 -31.146767 -28.898727 -22.691506 -25.417161 -31.192754 -31.104207 -33.178666 -33.915885 -34.125511 -33.698344 -32.236363 
-22.626799 -19.367113 -5.058830 22.467143 25.482167 9.337400 -3.668049 13.912568 9.596611 -15.879189 -11.104313 -18.798646 -21.675959 -11.089303 -24.254020 -24.604251 -30.180212 -30.296971 -34.630275 -27.518873 -14.530944 -18.512580 -28.736258 -35.928320 -36.906445 -29.805253 -30.816176 -42.218567 -47.002797 -45.262246 -30.918112 -20.033383 -24.996992 -35.960703 -36.163433 -45.314594 -52.256031 -49.185997 -44.604462 -38.138459 
-27.248523 -20.037214 -11.592527 21.052728 25.752872 10.145328 -10.439992 12.623693 11.551835 -16.927640 -11.787754 -13.581275 -24.349968 -9.204430 -21.989264 -21.960368 -28.507452 -31.156558 -31.830675 -22.906921 -11.790324 -15.709488 -29.803695 -33.573430 -33.983790 -31.065970 -30.999812 -37.432310 -40.058898 -40.389822 -29.382465 -18.782786 -25.821767 -35.561892 -34.835402 -44.096428 -51.954318 -49.876664 -42.278703 -35.569930 
-19.572640 -10.152503 -2.233058 17.410079 24.130713 13.820264 2.725150 9.412905 15.994855 4.026764 0.052771 1.707038 -11.978902 -3.243388 -9.261414 -11.906960 -15.799827 -15.743992 -17.674906 -11.643527 -8.945320 -0.752687 -9.615661 -15.103708 -16.742428 -15.868507 -10.923680 -10.105314 -16.804793 -18.113510 -15.099281 -12.017617 -16.153841 -24.075914 -31.565593 -45.178519 -51.667743 -48.762231 -45.514524 -40.855746 
-18.056096 -10.419706 -10.218631 7.226742 20.681928 12.419522 -5.487989 10.026215 21.396607 9.253784 -2.249947 10.519535 -0.747186 -2.469894 1.002135 -12.195047 -5.821392 -13.339746 -6.064685 -7.848536 -2.404574 7.133275 -0.149260 -5.085295 -9.199737 -9.027284 -4.851180 -3.705237 -9.519045 -10.826301 -6.911315 -5.468576 -9.082280 -14.933350 -23.732364 -38.548317 -43.527550 -43.935716 -42.361466 -32.990352 
-14.248513 -11.676992 -18.310206 6.059835 20.228872 13.811332 -10.229867 2.554072 20.443046 11.201333 -11.049502 11.644535 7.367912 -6.663795 5.619217 -9.502516 -5.023460 -11.825437 -4.635601 -9.881273 0.193135 4.876687 4.798725 -1.344623 -7.450071 -7.747067 -3.328289 -0.962097 -9.492057 -11.253795 -5.929593 -4.914632 -9.234398 -11.516517 -18.143945 -35.673105 -47.926150 -50.181265 -43.612419 -34.498454 
-20.123973 -17.953769 -15.827052 4.602436 19.639051 14.973381 -7.127163 -5.884107 17.937286 12.796164 -10.215904 11.384996 11.635295 -9.316981 7.475123 -2.946285 -5.286272 -6.264649 -5.112952 -5.696143 3.801921 1.299574 3.307723 -3.125804 -8.115738 -8.151243 -4.060982 -0.745961 -11.037324 -12.961812 -7.528968 -6.395528 -12.258114 -14.317800 -18.198366 -35.327508 -47.217679 -51.988259 -45.444520 -34.446059 
-26.630074 -29.003516 -27.263578 0.459885 18.533932 16.052038 -7.265645 -16.550091 16.982148 15.496148 -9.485362 11.597193 15.754904 -7.697352 6.758021 0.993929 -6.071861 -1.409910 -2.572500 1.263480 3.114187 -3.241685 -5.030534 -10.864072 -11.004142 -9.163137 -5.836985 -5.915888 -12.770641 -16.000358 -11.053534 -8.308854 -15.529773 -17.477014 -19.480420 -31.134322 -38.979296 -39.893172 -38.577952 -30.692266 
-25.788531 -26.827908 -28.169638 -0.107419 18.215742 16.373057 -6.637595 -14.584869 16.234992 16.190158 -7.543233 11.511264 18.614557 -3.214711 5.412757 3.343155 -6.811653 0.699885 -4.048631 4.081464 -3.106187 -3.073497 -10.156750 -13.759684 -12.110496 -8.856961 -6.125183 -9.471405 -16.182439 -17.967551 -12.098719 -10.093055 -15.935432 -17.764792 -17.466515 -30.441093 -40.915674 -41.693709 -39.128629 -31.159760 
-27.317720 -18.366981 -20.533649 -2.483742 17.061138 16.796978 -3.618713 -17.134879 13.767476 17.371263 -4.136247 8.565357 19.879857 2.988994 3.334827 6.400053 -10.184045 2.431728 -4.616074 6.221056 -7.168605 -4.168581 -11.814079 -11.176526 -9.336170 -9.500862 -6.402860 -6.569410 -18.060762 -19.609460 -11.913718 -7.782074 -15.840085 -18.074331 -16.569210 -29.745930 -43.714839 -44.708940 -42.634012 -30.865838 
-25.636948 -27.517062 -27.363258 -4.905146 16.310512 17.195508 -3.453406 -21.708115 13.021957 18.405884 -3.922933 5.044974 19.870507 5.209500 0.080866 6.680666 -12.188662 3.413270 -6.591171 4.539881 -8.268551 -5.628913 -12.978850 -11.237137 -11.423381 -11.887474 -8.094498 -6.227197 -20.513914 -24.133298 -15.042780 -8.865616 -18.507898 -19.631125 -18.822516 -29.808123 -40.267586 -40.435868 -39.468307 -33.369187 
-23.830595 -20.470067 -21.152298 -5.262796 15.803419 17.593667 -1.566131 -19.102670 12.380313 19.732722 -0.128243 1.503845 19.532550 7.100714 -5.005448 5.867958 -12.770225 4.534706 -4.239914 0.501523 -8.574262 -7.896963 -14.703872 -10.497432 -12.785531 -13.425433 -9.341598 -5.297516 -18.937799 -23.999332 -15.855567 -9.911570 -18.660520 -20.464527 -19.507200 -31.595676 -51.953385 -48.945619 -43.929728 -34.404281 
-15.201254 -20.951290 -17.712907 -6.144908 15.177488 17.650811 -0.998593 -20.976618 11.853449 20.327357 0.137747 0.014025 19.243522 8.511180 -6.602237 5.373020 -11.798109 5.364718 -2.529701 -4.296834 -9.795015 -10.355457 -16.107158 -10.410269 -15.619963 -16.056253 -12.055473 -6.393327 -18.134450 -24.103497 -17.994877 -13.342723 -19.760013 -22.088087 -20.472075 -32.224844 -51.587491 -50.359916 -46.802262 -36.131535 
-23.541147 -22.953570 -25.112758 -4.902659 15.842850 17.536800 -2.617411 -20.054328 12.887381 20.159814 -0.199529 1.846204 19.271948 7.620722 -3.352777 5.672909 -11.293037 5.141231 -1.942128 -1.258471 -8.854029 -8.919191 -15.567034 -11.191374 -14.517459 -15.463472 -12.151943 -7.276726 -17.038583 -22.294312 -16.782637 -11.044463 -18.926063 -20.764422 -20.555239 -31.992914 -42.726032 -42.481399 -41.776775 -33.658073 
-22.255947 -22.425208 -25.854787 -3.016151 16.594317 17.228108 -3.841931 -17.746123 14.391886 19.294507 -2.707096 4.665937 19.182432 4.229500 0.101702 5.822128 -9.047305 5.246337 -6.635425 -1.426365 -12.148518 -8.820509 -15.686550 -13.999093 -14.021149 -16.423418 -12.244965 -9.122339 -15.892117 -21.597140 -15.493617 -8.948548 -19.039053 -21.322327 -19.938451 -31.733382 -49.469356 -47.340691 -42.569188 -34.600173 
-25.114394 -25.900233 -29.095857 -2.086289 17.277570 16.472702 -5.159305 -16.878258 16.130907 17.441322 -8.533801 8.486146 18.838460 -0.266023 2.660020 5.106935 -4.711560 5.847369 -9.839966 -3.069665 -14.754814 -9.862927 -15.833273 -17.731956 -15.627030 -16.350369 -13.530182 -11.771185 -15.236798 -22.170558 -14.675579 -10.439061 -20.340598 -23.164188 -19.974031 -32.267253 -53.954164 -53.327673 -43.668729 -32.214226 
-16.781673 -18.185372 -19.830375 1.356771 18.398128 15.481162 -6.501929 -6.360162 18.486081 14.923328 -8.015438 13.259561 17.526846 -3.012803 8.239947 3.840389 3.518799 6.538617 -8.890310 -5.548069 -12.523164 -12.404079 -15.397289 -19.433888 -18.238002 -16.016129 -12.638292 -9.288845 -13.687747 -21.138049 -14.048354 -12.009821 -19.388167 -20.908068 -18.131505 -29.935915 -36.821779 -37.098226 -36.078246 -32.088637 
-22.019460 -18.922360 -19.573558 6.767091 19.714954 13.232716 -12.224967 5.972290 20.836792 9.768452 -2.975167 16.406441 12.190647 2.254064 11.237500 1.645778 11.643345 3.096316 -3.403198 -11.439090 -10.847573 -15.582211 -15.928642 -15.599691 -18.415130 -16.431667 -12.348287 -7.177083 -13.191616 -20.723462 -13.883109 -11.039422 -19.940175 -22.030188 -19.709767 -32.952427 -50.356790 -50.962260 -45.501213 -33.265709 
-15.875986 -19.692609 -14.971574 12.288653 20.252844 9.482246 -7.498219 15.474486 21.185010 4.145042 8.659843 14.823805 2.258318 11.809408 8.652560 8.409160 11.823313 -0.278542 -3.672862 -12.527359 -15.427466 -14.492929 -18.145295 -17.417183 -18.726203 -18.074711 -14.894157 -10.103116 -13.428247 -19.417201 -13.057339 -11.697465 -22.148445 -24.497490 -20.961417 -32.088015 -48.640758 -49.253176 -44.524936 -33.667791 
-12.115387 -11.672817 -2.933561 17.268094 19.317880 3.738120 5.037083 20.013828 15.763667 6.675617 17.272172 9.730321 11.459664 14.428583 6.178478 11.348735 7.970109 4.874421 -4.428206 -11.229787 -13.054788 -15.875857 -17.932507 -18.370315 -20.478690 -20.199520 -16.298735 -12.388597 -17.267289 -20.990135 -14.460189 -11.962849 -23.696170 -24.607056 -21.732159 -32.086312 -39.301041 -39.700739 -39.755152 -35.758517 
-17.758502 -20.043034 2.651138 19.667213 17.937954 -1.598362 12.111774 19.594208 5.871402 16.260078 18.181328 5.766331 16.317097 8.567525 9.714854 6.649962 12.221601 3.881938 -1.500067 -11.007235 -15.458905 -16.158176 -18.623246 -19.291673 -19.983802 -19.029394 -15.071779 -12.303107 -18.193002 -20.967296 -15.537394 -13.231686 -24.407686 -24.246215 -22.482955 -30.368451 -34.496408 -34.732068 -34.452189 -32.062755 
-25.275716 -19.183953 8.253013 19.902162 14.280544 2.369306 17.032382 15.159965 9.153746 22.157072 14.424791 10.757883 12.337389 7.469637 8.582846 9.619410 8.970510 1.583182 -6.314129 -14.549985 -17.246293 -20.239756 -22.800070 -24.595315 -25.951802 -24.201390 -17.449709 -14.734470 -18.619455 -21.543986 -17.165802 -17.160773 -25.284275 -25.132387 -23.132182 -36.969105 -50.970565 -52.973436 -46.690317 -35.784595 
-25.068953 -9.568222 12.101507 17.723835 4.770897 8.687830 18.761952 11.921922 18.673424 21.490356 6.351725 10.271389 3.693581 8.732626 7.330548 9.522777 7.880738 0.479284 -7.512241 -14.820844 -19.262689 -20.924462 -24.537022 -27.672200 -29.340942 -25.315759 -18.608428 -17.130229 -22.449219 -25.460987 -20.573073 -18.447577 -25.865960 -25.817680 -26.386684 -37.011461 -40.113903 -40.335404 -40.460355 -38.090907 
-19.656065 -3.005341 14.089514 16.258200 2.251863 13.101935 15.713310 11.617129 23.842378 15.258736 7.137533 3.309661 7.458563 5.683188 10.050536 10.468190 9.446617 -4.582048 -12.671773 -19.213902 -22.775334 -25.463505 -29.424592 -32.073768 -33.198587 -31.308579 -22.591992 -20.544391 -24.685034 -28.028492 -23.287047 -21.440252 -28.097977 -27.652278 -32.375102 -42.910275 -45.978621 -45.948584 -45.672440 -44.302489 
-36.362515 -1.062227 14.391067 13.015613 1.505148 13.970788 10.192506 17.310553 25.147034 9.582939 5.642891 0.443817 6.581922 6.255423 8.238585 12.565787 3.831329 -8.067546 -14.113406 -22.404033 -24.274492 -25.091732 -26.433828 -27.605545 -27.383466 -27.213637 -22.188127 -22.947494 -26.357822 -27.660740 -23.034553 -22.602336 -25.986815 -24.980733 -29.333941 -34.032382 -34.493990 -34.718070 -34.939980 -35.072303 
-20.951355 1.461588 14.530095 10.746935 3.267143 14.720648 8.481195 19.899366 22.946669 10.646770 10.023431 4.053780 2.615302 6.004267 4.828075 9.586319 6.557895 0.167407 -9.818223 -18.356693 -21.457444 -24.269139 -26.806513 -27.707400 -28.713984 -28.774160 -27.348940 -30.123256 -30.664501 -29.721202 -23.150200 -21.826274 -26.600272 -24.657399 -28.815453 -35.106456 -35.835020 -35.996408 -36.309349 -36.406557 
-17.692136 3.112905 15.503594 11.239360 5.765796 14.886029 8.152528 21.348329 18.484278 14.593076 11.195489 4.747057 1.393367 4.910229 5.283540 5.911346 8.234763 1.618647 -7.399417 -14.301663 -18.386087 -21.674261 -24.340089 -27.083929 -28.860688 -24.403961 -21.666138 -28.649435 -28.707927 -26.420795 -18.443650 -18.337048 -22.156745 -21.878045 -27.243006 -46.695607 -50.659271 -51.858866 -51.393530 -49.739999 
-16.879746 5.043118 16.166946 11.093696 8.108663 15.074466 10.061139 22.521095 14.363740 15.264805 6.740721 3.232938 0.724728 3.240845 5.047145 6.128493 6.698865 3.265776 -5.913673 -14.337058 -18.761941 -21.169481 -23.169219 -25.957736 -25.455413 -21.549248 -19.468539 -23.457771 -26.250521 -24.922515 -16.565788 -17.054098 -20.258376 -19.344775 -27.670593 -37.161227 -37.702399 -38.068037 -38.124869 -38.311927 
-21.351655 5.414684 16.198620 10.687854 9.409499 15.126776 11.341057 23.169370 13.489459 14.165880 2.921088 1.473910 0.617374 1.084054 3.203224 4.117643 5.647512 4.592083 -5.905786 -17.017432 -20.923821 -21.519599 -25.795646 -27.745432 -26.884748 -23.085979 -20.278882 -27.999739 -29.908433 -26.840877 -19.256581 -18.751319 -19.300036 -18.847287 -30.981027 -41.314598 -41.539956 -41.641364 -41.310168 -41.182855 
-17.294883 5.935263 15.808699 9.666233 10.178563 15.123250 12.470691 23.168449 12.303010 13.598515 1.958258 0.212289 0.457477 0.080366 2.409679 2.954178 6.170621 4.863322 -6.765559 -17.217174 -20.622506 -21.225516 -23.837990 -24.754318 -25.711483 -22.326192 -18.598087 -30.802211 -32.348818 -28.457068 -19.117919 -18.472893 -18.964077 -18.740538 -32.128482 -48.148569 -48.928740 -48.980781 -48.069575 -46.368960 
-18.044775 5.693610 15.047849 8.280418 10.749919 14.665376 12.849530 22.370760 10.026654 13.144444 0.576352 -1.647688 -0.153413 -1.557837 0.880264 0.436968 6.439524 4.113641 -6.528358 -15.719697 -20.133115 -23.004360 -25.956859 -26.167296 -28.211807 -22.089264 -19.466440 -30.242883 -31.477473 -28.879106 -21.008720 -20.204315 -19.788534 -20.408879 -31.549773 -46.004321 -47.712429 -48.094348 -47.752689 -47.327953 
-17.886582 5.278044 14.579977 7.715125 10.765362 14.316699 12.486485 22.021524 9.258287 11.938281 -0.595584 -2.180407 -0.893220 -2.377138 -0.085713 -0.588791 4.417027 2.915204 -4.479714 -15.522391 -20.238586 -24.319300 -26.797772 -27.879653 -30.043029 -23.152062 -21.752532 -30.772683 -33.458127 -31.804618 -22.306051 -20.778253 -20.302583 -20.851478 -33.460471 -45.941031 -47.166766 -47.005720 -47.118879 -47.126596 
-17.812734 5.063237 14.388055 7.607105 10.788259 14.444872 13.190147 22.398559 8.907819 10.082996 -2.089256 -2.858559 -1.230152 -2.546632 -1.070352 -0.762461 3.246299 0.816818 -5.131253 -15.492191 -20.445304 -23.031394 -25.981598 -27.662876 -30.066663 -24.879666 -21.647599 -30.966950 -31.299306 -30.219362 -21.958052 -22.101088 -25.063551 -25.629107 -36.657473 -43.578908 -44.109755 -44.313213 -44.346996 -44.534217 
-22.649567 4.587456 14.381572 8.084329 10.731948 14.984812 12.364955 22.310580 9.195695 7.800802 -4.312414 -4.332693 -3.249444 -4.350854 -2.507810 -3.186035 0.777223 0.635544 -3.724160 -14.679114 -19.454404 -22.242322 -26.680281 -28.761395 -30.295565 -24.761890 -22.268081 -32.587429 -32.241848 -30.361157 -22.717282 -20.739104 -21.645215 -22.740009 -35.460369 -49.378929 -52.287477 -52.779805 -53.707486 -50.767083 
-12.589599 3.973832 14.715698 9.264252 8.705379 16.012040 10.148585 22.004534 13.519067 4.473544 -4.152439 -3.680342 -6.566997 -4.892146 -4.458012 -6.886631 -5.690708 -3.598996 0.096781 -10.469003 -17.564809 -21.950157 -26.939008 -30.216121 -29.805568 -26.265951 -22.976619 -26.402211 -27.949160 -27.565835 -24.638599 -22.293854 -21.805077 -20.963497 -30.884150 -47.421803 -50.390376 -50.272719 -50.749158 -48.312685 
-21.619641 3.164270 15.241936 10.983601 8.272418 16.897482 9.948068 21.493279 15.497624 -3.043187 -8.076583 -5.389633 -8.266971 -5.645344 -8.765710 -8.944034 -8.969286 -10.265857 -5.087859 -9.032468 -15.588753 -22.763763 -27.420859 -29.308856 -29.443486 -24.885171 -18.539974 -24.171711 -27.831833 -29.867923 -28.535115 -20.875794 -19.311076 -21.122279 -30.400798 -42.712632 -44.726982 -44.879318 -45.108587 -44.398675 
-20.908702 3.158473 15.507582 11.670276 7.617669 16.656878 9.180599 19.641488 14.523740 -8.277263 -12.820932 -8.398025 -12.013230 -8.767116 -11.909718 -12.270633 -11.785878 -14.485327 -10.970025 -9.641935 -13.488825 -24.371326 -30.039549 -30.092863 -29.439710 -28.121101 -19.947433 -26.328059 -32.113380 -34.607141 -31.614527 -22.907782 -21.054611 -24.249660 -27.940907 -35.812420 -38.980943 -39.774005 -39.930166 -39.757398 
-23.965180 2.628650 15.295795 11.744178 5.883486 14.932558 7.311463 15.374609 10.262027 -12.552216 -19.877986 -14.563427 -15.891733 -12.503089 -16.030740 -16.425738 -18.633216 -22.014623 -20.994134 -17.059319 -16.463636 -27.316414 -27.949074 -30.847190 -33.791100 -30.218908 -21.916495 -26.831740 -33.525679 -40.217715 -35.698970 -30.930279 -31.758578 -29.499640 -27.038629 -27.847197 -28.819260 -35.906552 -36.281466 -36.606848 
-26.026641 2.126701 14.436915 10.172425 2.945109 12.014043 2.962740 9.988227 7.782698 -10.645962 -16.980205 -14.607742 -18.431416 -16.071226 -20.617445 -23.363300 -25.112955 -26.204995 -23.292725 -21.225192 -16.196377 -21.549882 -23.183869 -26.961481 -34.847712 -32.147936 -23.223947 -23.046202 -29.858396 -35.695043 -31.849711 -27.778797 -26.154141 -21.033105 -20.449023 -22.209219 -22.110871 -26.637159 -30.810345 -29.497593 
-32.224019 0.698688 12.915245 8.923189 0.674719 8.414055 -0.328363 6.341964 3.613575 -12.119791 -13.448623 -17.215268 -17.487009 -17.802448 -20.042252 -22.458715 -21.935107 -25.956583 -25.832720 -21.008321 -17.267675 -22.737281 -26.489535 -29.745605 -30.831726 -31.904831 -26.059059 -26.329529 -34.621976 -31.438010 -27.789650 -19.585875 -19.721338 -18.323718 -15.680056 -16.457538 -16.291263 -16.605447 -14.781487 -22.019546 
-21.232689 -1.618891 9.978988 6.260098 -4.190970 1.355866 -5.139188 -1.120043 -6.240143 -19.354016 -21.837099 -23.281405 -21.593092 -24.635407 -23.908750 -26.814257 -26.664585 -27.912296 -28.500769 -26.607344 -24.308948 -22.845634 -25.517464 -30.292755 -31.024915 -32.002297 -29.938618 -30.793498 -30.452719 -29.473614 -26.514453 -20.148661 -17.069039 -16.266160 -11.948345 -13.621247 -14.468675 -10.134670 -11.073583 -15.847475 
-26.839313 -6.854970 4.510463 1.111514 -11.739608 -11.878021 -20.474984 -10.479077 -18.339531 -29.007977 -28.934131 -35.677791 -30.414229 -30.854643 -28.052260 -28.959643 -28.376469 -31.371030 -32.813911 -32.303835 -23.708226 -22.699985 -24.380813 -26.495063 -29.681645 -37.386081 -32.410670 -28.548564 -30.674224 -27.211157 -25.364399 -21.373468 -18.861994 -17.837484 -15.267156 -12.716055 -8.037859 -8.191959 -9.166414 -11.512999 
-24.267927 -11.567186 0.560816 -2.810496 -17.168648 -15.491901 -20.476178 -17.994084 -19.429954 -25.987375 -30.011863 -37.402081 -32.296288 -29.955215 -25.005147 -26.128790 -24.777152 -31.216368 -29.308630 -30.905797 -24.706776 -26.019361 -25.931150 -29.824429 -31.250801 -35.467121 -31.515540 -29.636136 -30.436620 -31.369354 -23.657947 -20.905105 -19.375001 -19.250090 -16.765536 -13.909275 -9.226555 -8.951139 -8.056778 -9.678375 
-16.816581 -17.651717 -5.339087 -7.969652 -23.708975 -19.801977 -20.826518 -17.951884 -22.046650 -22.201405 -30.134957 -32.631703 -27.831221 -26.849914 -25.760835 -25.605505 -25.794223 -32.172161 -29.426835 -26.744143 -18.954608 -27.441330 -28.973054 -28.150106 -29.602615 -29.165897 -31.651868 -27.063872 -28.486391 -28.574726 -25.274017 -20.002027 -17.073205 -16.560832 -14.591932 -12.415310 -8.027492 -8.969205 -7.029468 -9.705756 
-19.286141 -18.775398 -10.395122 -11.969096 -25.913850 -28.406706 -34.804079 -26.224601 -25.832562 -26.194675 -27.285228 -28.811879 -23.894527 -25.476699 -26.617441 -23.696526 -23.080468 -29.578703 -29.424102 -30.653291 -21.662105 -25.537513 -30.786323 -27.129093 -28.380038 -29.038272 -25.252299 -21.938090 -26.394863 -24.460773 -23.030934 -23.232819 -21.527449 -18.000966 -16.625715 -13.737828 -8.803874 -8.412434 -10.276236 -11.598276 
-25.900259 -21.328820 -17.733998 -18.807467 -30.116096 -31.352678 -28.301224 -23.338279 -25.206713 -25.310458 -27.072531 -30.796150 -29.174336 -24.751557 -25.032667 -19.393917 -18.595101 -25.448332 -27.489912 -25.846299 -19.891452 -21.009932 -25.920851 -25.672467 -25.358453 -26.990065 -29.344247 -25.597157 -27.993069 -26.966137 -26.807123 -22.915673 -21.465913 -21.542861 -19.936006 -14.633842 -11.002950 -12.790537 -16.621753 -18.470343 
-21.841715 -30.048664 -31.531509 -30.728899 -30.742269 -35.047816 -33.929522 -26.187079 -22.273004 -17.351398 -23.758804 -24.429337 -26.272005 -24.779594 -21.183974 -15.602428 -23.479496 -27.049596 -24.362045 -28.001312 -19.501862 -20.007290 -22.930097 -23.955621 -25.513510 -26.299157 -25.672840 -22.776874 -27.090862 -25.608931 -24.039245 -21.000562 -21.055291 -23.101237 -18.747162 -17.249888 -15.117784 -17.528438 -14.244721 -16.925802 
-25.564616 -26.656881 -25.710835 -30.797708 -34.430552 -37.016900 -32.140215 -29.363104 -24.952643 -20.450697 -28.106136 -28.690077 -26.787650 -25.233319 -22.210250 -19.433750 -23.556985 -23.830616 -28.969858 -32.395422 -19.750803 -17.171562 -19.816026 -23.506259 -25.013546 -29.741007 -31.278547 -26.300311 -27.397684 -29.335616 -29.215567 -22.487983 -25.331750 -25.368580 -25.462113 -19.519796 -22.870499 -23.995542 -23.382185 -23.700756 
-33.915373 -35.479116 -38.875792 -46.956210 -43.019479 -39.870623 -36.999342 -36.328502 -43.254836 -43.767621 -37.381155 -32.424545 -30.632432 -32.202179 -30.884123 -34.246445 -35.886219 -37.991322 -37.604674 -35.368898 -31.479070 -34.799918 -35.224894 -33.215279 -40.937232 -45.794985 -41.718047 -42.639405 -42.852543 -41.309276 -40.164529 -38.205552 -36.763395 -35.665575 -38.397188 -34.022064 -35.448081 -36.699684 -32.319416 -38.128029 
-65.854324 -76.321714 -77.876396 -74.375799 -77.602101 -72.298348 -72.238632 -75.418085 -68.834143 -74.402546 -76.095549 -75.794356 -70.795525 -68.801170 -71.515267 -78.498181 -76.164900 -75.894335 -75.984585 -77.563992 -70.295949 -76.027054 -78.416367 -76.133290 -81.043444 -82.182989 -80.179751 -76.581240 -78.673102 -80.614717 -78.861335 -79.587588 -83.361651 -82.477544 -85.063466 -82.235345 -82.589324 -82.793570 -85.056276 -85.808720 
-68.818991 -73.641179 -76.813543 -76.026694 -74.354219 -75.453137 -77.973624 -78.236401 -72.329346 -74.746645 -75.128071 -71.681595 -71.023158 -78.011630 -78.053587 -84.383211 -76.907731 -76.125346 -75.829646 -77.513319 -83.498140 -84.573353 -81.209748 -83.401223 -86.142155 -87.791735 -89.446238 -87.781882 -86.233750 -87.723226 -87.311173 -88.916542 -88.835542 -93.946962 -93.025843 -89.987164 -91.379443 -88.740320 -91.489642 -96.702692 
-63.205462 -60.550739 -59.711374 -60.456658 -63.487687 -66.649436 -64.911668 -63.199042 -65.285563 -72.008184 -73.282166 -72.060990 -78.299635 -90.754351 -94.440580 -90.729469 -86.609066 -86.948680 -78.420293 -81.301865 -78.965273 -85.119077 -93.459023 -84.726996 -80.063586 -80.211820 -85.755129 -94.787103 -95.118137 -91.078730 -89.511316 -94.190156 -87.503462 -85.006530 -92.837381 -96.282000 -95.531840 -97.440451 -88.742992 -93.841121 
-74.311696 -62.126356 -64.619890 -64.496131 -66.858807 -74.001296 -69.830415 -66.951999 -69.079536 -73.009613 -75.328304 -73.316266 -77.446417 -76.144203 -76.640906 -74.309471 -73.351958 -74.164430 -74.012030 -77.133153 -78.604725 -81.620304 -83.464899 -81.126162 -81.932158 -82.611372 -86.363962 -88.655337 -84.235385 -83.034040 -87.058899 -86.859793 -87.930805 -86.877057 -85.070146 -89.260766 -90.340362 -86.560881 -90.805013 -91.184674 
-65.453514 -63.569259 -63.648947 -68.779639 -65.820319 -68.967187 -70.967742 -75.770078 -73.343722 -75.399318 -72.399005 -76.591139 -74.857594 -71.139049 -78.922682 -79.230530 -77.966553 -78.137570 -77.585158 -77.988863 -77.967516 -80.553139 -80.260094 -83.093699 -80.582421 -78.507275 -79.066228 -83.262456 -85.278501 -82.719970 -84.681051 -85.836120 -84.442290 -87.250029 -87.975881 -84.878034 -86.893836 -88.384050 -87.039152 -88.143219 
-65.496671 -65.440303 -66.076222 -67.218497 -68.048256 -69.445961 -72.036462 -75.213688 -81.032197 -88.921175 -84.417265 -79.563358 -79.193961 -79.346843 -84.281753 -90.696390 -88.161621 -84.117476 -84.003113 -89.305892 -91.273305 -87.167735 -87.654810 -94.876386 -90.814403 -89.081416 -93.124744 -91.173901 -93.798568 -94.547617 -93.475728 -96.230546 -94.711954 -95.988936 -97.444627 -96.002498 -97.313400 -98.933469 -97.659050 -99.119364 
NaN NaN NaN NaN NaN NaN NaN NaN NaN NaN NaN NaN NaN NaN NaN NaN NaN NaN NaN NaN NaN NaN NaN NaN NaN NaN NaN NaN NaN NaN NaN NaN NaN NaN NaN NaN NaN NaN NaN NaN 
NaN NaN NaN NaN NaN NaN NaN NaN NaN NaN NaN NaN NaN NaN NaN NaN NaN NaN NaN NaN NaN NaN NaN NaN NaN NaN NaN NaN NaN NaN NaN NaN NaN NaN NaN NaN NaN NaN NaN NaN 
NaN NaN NaN NaN NaN NaN NaN NaN NaN NaN NaN NaN NaN NaN NaN NaN NaN NaN NaN NaN NaN NaN NaN NaN NaN NaN NaN NaN NaN NaN NaN NaN NaN NaN NaN NaN NaN NaN NaN NaN 
