NaN NaN NaN NaN NaN NaN NaN NaN NaN NaN NaN NaN NaN NaN NaN NaN NaN NaN NaN NaN NaN NaN NaN NaN NaN NaN NaN NaN NaN NaN NaN NaN NaN NaN NaN NaN NaN NaN NaN NaN 
NaN NaN NaN NaN NaN NaN NaN NaN NaN NaN NaN NaN NaN NaN NaN NaN NaN NaN NaN NaN NaN NaN NaN NaN NaN NaN NaN NaN NaN NaN NaN NaN NaN NaN NaN NaN NaN NaN NaN NaN 
NaN NaN NaN NaN NaN NaN NaN NaN NaN NaN NaN NaN NaN NaN NaN NaN NaN NaN NaN NaN NaN NaN NaN NaN NaN NaN NaN NaN NaN NaN NaN NaN NaN NaN NaN NaN NaN NaN NaN NaN 
NaN NaN NaN NaN NaN NaN NaN NaN NaN NaN NaN NaN NaN NaN NaN NaN NaN NaN NaN NaN NaN NaN NaN NaN NaN NaN NaN NaN NaN NaN NaN NaN NaN NaN NaN NaN NaN NaN NaN NaN 
NaN NaN NaN NaN NaN NaN NaN NaN NaN NaN NaN NaN NaN NaN NaN NaN NaN NaN NaN NaN NaN NaN NaN NaN NaN NaN NaN NaN NaN NaN NaN NaN NaN NaN NaN NaN NaN NaN NaN NaN 
NaN NaN NaN NaN NaN NaN NaN NaN NaN NaN NaN NaN NaN NaN NaN NaN NaN NaN NaN NaN NaN NaN NaN NaN NaN NaN NaN NaN NaN NaN NaN NaN NaN NaN NaN NaN NaN NaN NaN NaN 
NaN NaN NaN NaN NaN NaN NaN NaN NaN NaN NaN NaN NaN NaN NaN NaN NaN NaN NaN NaN NaN NaN NaN NaN NaN NaN NaN NaN NaN NaN NaN NaN NaN NaN NaN NaN NaN NaN NaN NaN 
NaN NaN NaN NaN NaN NaN NaN NaN NaN NaN NaN NaN NaN NaN NaN NaN NaN NaN NaN NaN NaN NaN NaN NaN NaN NaN NaN NaN NaN NaN NaN NaN NaN NaN NaN NaN NaN NaN NaN NaN 
NaN NaN NaN NaN NaN NaN NaN NaN NaN NaN NaN NaN NaN NaN NaN NaN NaN NaN NaN NaN NaN NaN NaN NaN NaN NaN NaN NaN NaN NaN NaN NaN NaN NaN NaN NaN NaN NaN NaN NaN 
NaN NaN NaN NaN NaN NaN NaN NaN NaN NaN NaN NaN NaN NaN NaN NaN NaN NaN NaN NaN NaN NaN NaN NaN NaN NaN NaN NaN NaN NaN NaN NaN NaN NaN NaN NaN NaN NaN NaN NaN 
NaN NaN NaN NaN NaN NaN NaN NaN NaN NaN NaN NaN NaN NaN NaN NaN NaN NaN NaN NaN NaN NaN NaN NaN NaN NaN NaN NaN NaN NaN NaN NaN NaN NaN NaN NaN NaN NaN NaN NaN 
NaN NaN NaN NaN NaN NaN NaN NaN NaN NaN NaN NaN NaN NaN NaN NaN NaN NaN NaN NaN NaN NaN NaN NaN NaN NaN NaN NaN NaN NaN NaN NaN NaN NaN NaN NaN NaN NaN NaN NaN 
NaN NaN NaN NaN NaN NaN NaN NaN NaN NaN NaN NaN NaN NaN NaN NaN NaN NaN NaN NaN NaN NaN NaN NaN NaN NaN NaN NaN NaN NaN NaN NaN NaN NaN NaN NaN NaN NaN NaN NaN 
-94.705841 -94.885742 -95.186389 -95.695886 -96.393133 -97.374474 -98.571711 -100.067171 -101.844279 -103.353995 -104.101992 -104.057072 -103.898881 -104.386823 -106.213333 -110.642908 -116.796018 -109.624049 -104.410889 -102.187795 -101.965632 -103.778560 -108.276619 -115.431732 -115.519290 -116.471335 -122.649544 -116.464368 -114.798368 -114.924749 -110.380945 -105.920407 -103.682959 -105.606173 -113.216793 -114.604931 -108.801971 -109.207457 -108.214424 -107.934619 
-28.663814 -29.430437 -31.206870 -33.616322 -35.455546 -35.859779 -36.083927 -37.617823 -42.798813 -48.683527 -41.715041 -37.054384 -34.294641 -33.176498 -34.083214 -38.147024 -43.795333 -43.618653 -48.981285 -50.633294 -51.798182 -59.390986 -59.597095 -65.391264 -62.090697 -59.766740 -52.233462 -48.750058 -51.831054 -50.799213 -49.023527 -46.159307 -48.235625 -55.940639 -60.265473 -57.677277 -63.943090 -65.109505 -65.908294 -64.697045 
-11.528748 -10.909878 -6.766864 -4.219762 -4.074291 -6.275711 -5.522030 -5.750322 -4.671086 -2.493085 -1.485856 0.067853 -1.025642 -2.456818 -3.442337 -5.601546 -4.019089 -8.642953 -14.285799 -18.853675 -21.779257 -25.349752 -28.192082 -28.937821 -30.828366 -29.600974 -26.230549 -21.859960 -24.047770 -26.377745 -27.090557 -25.264968 -25.297838 -28.162117 -26.058875 -31.502786 -40.798269 -41.545009 -39.541736 -32.766682 
-4.650700 -2.942793 0.806077 10.712045 10.445302 3.623530 3.621688 9.406427 8.113659 10.181405 16.506595 16.117317 16.309004 15.379927 10.487816 11.655210 13.056040 8.314540 -0.341630 -6.112849 -8.783714 -12.766382 -15.074729 -17.564368 -18.379990 -18.784949 -12.250406 -4.809841 -10.152796 -16.206066 -17.101474 -13.072957 -15.685723 -18.459871 -19.843899 -28.593342 -41.222522 -45.512715 -39.324265 -28.605724 
-10.344774 -8.967821 -1.974540 14.731786 13.378894 -2.205656 4.086402 12.656034 2.722009 10.234121 18.217056 9.584927 17.244070 14.368423 8.320074 7.039665 10.044611 8.152363 -1.237025 -8.847357 -12.599232 -13.882525 -17.132247 -19.033388 -21.546325 -22.641057 -15.023855 -11.491704 -17.207914 -21.772654 -16.363071 -9.851308 -15.459059 -22.762021 -20.113200 -25.340530 -35.710468 -41.662896 -32.354772 -26.224693 
-10.678594 -17.357921 -5.244536 16.768571 16.205680 -3.586381 4.406881 16.156364 2.656716 11.699617 21.223977 7.413556 20.911419 14.745259 9.781108 7.446937 10.395683 4.972989 -1.269481 -6.665960 -7.060637 -9.742003 -13.392510 -15.595845 -18.295724 -20.114999 -11.970224 -9.626238 -12.111529 -18.179438 -16.187704 -11.822297 -13.796873 -22.380407 -22.318898 -23.405111 -34.061498 -35.923417 -28.570626 -22.924960 
-17.010244 -17.931018 -5.308498 17.789896 18.126844 -1.669087 4.958799 17.944851 6.632487 10.167307 23.396424 6.908427 18.884677 16.643739 8.190175 9.022765 7.186028 6.179698 -1.556654 -6.613915 -5.752273 -9.934429 -12.385977 -14.236392 -18.045253 -19.202381 -12.640952 -6.635159 -11.115752 -17.348955 -15.362574 -8.816313 -11.050692 -18.848958 -21.041972 -21.868792 -33.923849 -34.360737 -26.465784 -23.030914 
-21.382084 -20.279800 -3.811554 18.901414 19.170315 -1.320516 5.504226 18.548064 6.185610 11.945964 24.239718 9.237580 18.196577 14.594029 6.828978 7.495565 3.990418 3.504506 0.071297 -6.812978 -5.837642 -9.310754 -13.150131 -16.864016 -19.681138 -20.233001 -15.686213 -10.574736 -14.257099 -18.250140 -16.833021 -12.574759 -15.761257 -23.937289 -22.141057 -22.940452 -34.067362 -37.766146 -27.552095 -23.887565 
-14.009294 -16.914645 -3.507723 19.613275 19.982330 -0.377354 4.769807 18.920252 6.658892 11.605975 24.360244 8.243340 15.745044 12.332284 4.540328 5.594611 1.227493 1.346936 0.428583 -6.582089 -6.198044 -11.543154 -12.749162 -15.798879 -21.093523 -21.820332 -20.007165 -15.941870 -17.688838 -23.335696 -20.316171 -11.259019 -13.004905 -22.022532 -22.550242 -21.017043 -28.556533 -31.906060 -25.794704 -19.394629 
-22.917783 -16.807810 -1.802068 20.319868 20.249835 -1.763049 7.061833 19.913529 6.560228 13.504666 23.983348 5.154569 12.673342 8.380251 4.371072 4.181356 2.591080 0.166993 3.110301 -6.418097 -8.168102 -11.950718 -15.461084 -18.342521 -22.754448 -23.678876 -19.228939 -11.601103 -14.053787 -22.773757 -21.710124 -12.171361 -13.728297 -25.527645 -23.068771 -21.670838 -29.229701 -32.768893 -25.678844 -18.743562 
-12.706849 -21.521790 0.813924 20.923891 20.150403 -1.619847 10.603899 20.802633 5.939447 15.343003 22.389279 1.730276 8.677799 4.228232 3.019695 1.004030 1.633268 -2.924147 1.230052 -7.032244 -10.606628 -13.458402 -14.765002 -18.679026 -18.994129 -23.111581 -16.577142 -12.285613 -16.958394 -24.626221 -23.102138 -13.370973 -12.065951 -25.662463 -25.083336 -24.986700 -30.153439 -33.234777 -28.013686 -19.754680 
-15.806184 -15.890861 5.867088 21.069219 18.540129 0.410599 14.606477 19.321373 3.285432 13.938458 17.433038 -2.419677 3.587520 -2.227476 0.671129 -4.077680 0.449718 -4.811633 -1.663106 -8.173297 -12.485528 -14.980681 -16.644686 -21.689038 -23.184413 -25.921305 -18.558515 -16.751321 -22.485233 -28.471151 -27.582975 -19.567728 -18.197937 -31.061189 -29.893368 -25.692016 -30.992974 -34.593690 -26.293514 -24.548330 
-16.622546 -13.626169 10.201395 18.089459 10.023804 2.264452 10.892382 8.438276 -1.175623 1.878617 3.919137 -9.968827 -9.945702 -8.709803 -6.606389 -10.460781 -6.488537 -7.996156 -12.133328 -14.723003 -18.024272 -20.938085 -22.741070 -28.760560 -31.836774 -31.677132 -25.258866 -25.285084 -33.339667 -32.735396 -31.454855 -27.561738 -24.780198 -31.574744 -32.147928 -29.259741 -34.220055 -30.891253 -27.609332 -28.622666 
-10.970363 -11.190696 8.976473 15.980852 7.743869 -5.645823 -5.145716 -3.025494 -11.464860 -9.898070 -10.908844 -16.330872 -14.779109 -21.960834 -24.140759 -22.287656 -24.985877 -20.392429 -22.933379 -27.405977 -27.002827 -28.133184 -24.583361 -28.194528 -37.562187 -36.087672 -29.158251 -29.106870 -30.449453 -33.943407 -33.065895 -34.075126 -33.041099 -34.597003 -35.406524 -32.686245 -33.463638 -34.343096 -32.125113 -31.789054 
-13.417098 -11.668427 4.094987 11.351635 1.107075 -12.386996 -9.354846 -7.680105 -23.914923 -27.322016 -32.465065 -30.206902 -18.633727 -22.307750 -29.179834 -35.735589 -32.604222 -33.024275 -28.404059 -26.561538 -30.155178 -29.556269 -30.116326 -28.440529 -33.087134 -33.067976 -29.631183 -32.321907 -32.600065 -30.188186 -29.895617 -33.758652 -33.093901 -31.719096 -33.361338 -34.167751 -33.497581 -30.691894 -30.534686 -29.272528 
-14.702293 -15.126368 -0.769362 4.135710 -3.209754 -16.570787 -19.225737 -17.284713 -23.589527 -25.952782 -23.450985 -38.020594 -27.080700 -29.734529 -29.198953 -30.073606 -36.754345 -34.256758 -33.467136 -29.268462 -37.687157 -33.430098 -31.577906 -31.480454 -33.586119 -35.265218 -33.121364 -29.034907 -29.042169 -30.386321 -30.525873 -32.997644 -32.873683 -34.208985 -34.670498 -34.225981 -32.772510 -27.039209 -29.148411 -29.216821 
-10.729927 -14.992176 -6.312773 -4.012241 -13.203932 -20.402629 -22.574439 -21.294794 -22.960434 -28.754293 -22.998233 -21.920499 -22.988310 -22.859800 -24.013309 -25.798903 -25.898459 -31.378152 -32.349361 -29.939731 -29.853583 -26.007743 -27.207253 -29.432268 -30.395257 -28.663535 -28.301104 -26.716067 -30.608473 -30.165779 -29.850414 -27.334512 -27.251020 -29.119986 -30.338944 -31.776531 -29.718129 -28.055719 -26.569171 -27.284124 
-5.658013 -6.843777 1.380208 7.641307 4.361228 -1.434341 -4.029405 -7.892563 -9.704453 -11.866863 -19.233070 -18.474355 -15.935072 -19.939290 -17.593847 -19.372254 -19.806233 -20.756414 -18.698785 -17.113836 -21.194181 -19.614421 -20.138386 -24.473021 -26.696598 -25.385720 -21.684706 -25.527248 -28.310303 -28.813530 -30.394699 -24.459991 -22.346074 -25.599816 -27.437445 -26.379037 -25.207349 -21.005782 -20.725549 -24.191354 
-8.591775 -2.770791 13.299028 19.695966 12.965828 8.184115 15.298300 10.598492 8.520403 9.408184 0.642712 1.315639 -5.983855 -5.616105 -9.306772 -9.273022 -10.148877 -9.793516 -6.255913 -0.816644 -3.195040 -12.358311 -13.274858 -18.597476 -18.681448 -17.525328 -11.566021 -22.989172 -25.888106 -27.868216 -24.749225 -15.965581 -15.342650 -23.980321 -24.010946 -25.578769 -28.848502 -24.468264 -21.621608 -22.734377 
-14.895721 -1.633620 16.971804 21.183359 8.465436 13.546447 19.090933 7.866446 18.236978 15.267761 8.288020 7.618174 1.623093 1.168476 -3.677134 -5.981964 -4.715585 -4.591338 -0.443322 3.816923 5.001691 -4.759124 -7.986660 -10.311554 -11.657281 -6.784039 -5.153784 -16.374407 -20.419628 -21.643853 -16.516267 -9.265359 -12.189382 -22.036181 -17.390029 -22.895216 -31.710131 -31.314756 -22.229902 -19.693484 
-8.953650 -0.814859 17.906046 19.544407 4.179428 15.665298 16.489624 8.578105 21.428569 12.234748 15.307300 7.349236 4.511621 -1.217757 -0.577873 -4.665490 -6.156043 -4.830608 0.153274 4.990279 6.142271 -0.050246 -4.489155 -5.770807 -5.044949 -1.694493 -7.885754 -12.602207 -15.872890 -17.086177 -13.991022 -9.216520 -12.564335 -14.870974 -17.792365 -24.544204 -34.515557 -34.516341 -28.814265 -22.966387 
-12.793268 3.502105 18.031897 16.873499 5.088505 16.658901 12.302648 13.524070 20.529644 11.807407 17.312107 4.050182 3.490560 0.520042 -0.765790 -3.999632 -5.572478 -3.755118 0.910658 5.790082 8.196159 -1.318151 -3.459988 -3.187874 -0.830962 -3.206388 -12.064934 -14.784848 -16.367100 -15.478588 -9.337199 -10.509526 -20.912059 -24.515468 -19.646268 -24.824756 -43.079114 -39.926788 -31.455304 -24.768829 
-13.433170 4.964511 17.546642 13.957830 7.281081 17.456821 9.634369 16.979926 17.096966 15.400072 15.832908 5.149075 2.085253 2.982171 -1.380391 -2.927971 -2.829417 -1.826506 2.697791 7.948771 7.278344 0.380698 0.078034 1.060800 -2.033630 -11.302279 -17.521653 -18.514928 -19.139667 -16.712967 -9.832247 -14.279777 -21.823552 -20.723421 -14.532604 -25.984559 -47.649675 -42.034462 -34.437485 -32.438701 
-12.564404 6.659530 17.084887 11.344675 10.747761 17.985278 8.792522 17.874700 12.757850 18.061384 11.468556 6.729199 1.666418 1.727039 1.593525 -2.521906 -3.282292 -0.092765 4.762101 9.326830 5.648955 2.074504 4.881854 2.481682 -8.167107 -16.935605 -20.928336 -23.021760 -23.816153 -20.270880 -13.122616 -16.825353 -23.271759 -23.911838 -17.423874 -29.903856 -39.088782 -39.185797 -37.749363 -34.897069 
-14.692003 7.690845 16.757145 10.298569 13.319612 17.531892 9.549200 17.567301 10.294234 18.030057 8.248668 5.776226 2.339424 1.254078 1.915552 -1.786694 -2.112979 0.866032 5.619883 7.263007 4.067703 2.466118 2.603339 -4.543919 -15.805185 -22.740049 -25.876926 -26.326184 -27.113362 -22.954476 -14.399868 -17.425150 -24.094132 -26.148451 -22.093592 -33.351155 -43.076956 -43.463562 -42.069091 -36.796320 
-14.011556 8.658919 16.565591 9.316082 14.839106 15.983768 10.533772 16.168783 11.492094 15.854166 8.300437 5.672586 3.184552 2.029328 1.457860 -0.877095 -0.701757 2.618457 6.972989 6.047699 4.333600 4.442482 -1.115981 -10.415314 -20.281352 -25.959614 -27.593809 -28.468137 -28.896914 -27.387619 -18.640345 -20.528729 -27.081935 -27.473553 -21.000002 -30.630423 -34.652615 -34.868652 -34.751167 -31.829490 
-11.901501 9.516914 16.305216 8.751451 16.090890 14.727731 11.705221 13.695766 13.338433 12.818693 9.667150 4.595027 1.173617 1.850653 -1.324089 -2.234156 -1.286355 2.081199 6.684139 5.450685 4.644817 3.093741 -6.748395 -13.704611 -22.320295 -28.266029 -30.518536 -32.928440 -33.092449 -32.284362 -20.558682 -20.065116 -28.041929 -29.907415 -24.477197 -35.366343 -43.013841 -42.791074 -42.081935 -35.822249 
-8.086321 9.962013 15.406444 8.387397 16.957956 13.327374 12.835046 11.773524 15.622371 11.579254 10.243334 0.989727 -0.678279 2.073384 -0.832514 -2.557849 -1.530712 3.301658 6.056337 5.518962 5.211229 -1.036126 -11.868710 -19.120166 -25.765376 -32.557186 -34.642087 -36.947566 -37.398766 -36.093928 -25.395494 -22.566929 -30.832931 -31.086650 -24.990304 -39.001374 -51.134730 -50.073960 -48.956890 -39.454483 
-7.410828 9.820846 13.877056 9.268409 16.731109 10.853966 12.723613 10.079505 16.563295 10.424339 9.634140 1.980654 0.674826 0.373586 -0.854617 -2.759015 -0.421895 3.491872 5.498799 4.544249 4.486489 -4.784561 -16.152814 -22.898175 -30.421218 -35.014217 -37.144678 -37.390651 -39.266625 -36.904062 -28.030609 -24.818840 -31.146004 -32.187698 -25.831568 -38.624437 -47.602841 -48.383615 -45.082513 -35.604243 
-7.105103 8.903766 11.079030 8.629533 16.379513 8.845054 12.052965 8.729458 15.765470 9.867561 7.944496 1.087016 0.854861 0.160170 -0.311491 -3.028868 -1.235452 3.128856 5.928268 4.367848 2.370961 -6.514032 -17.603224 -24.902813 -31.614742 -36.348121 -39.518614 -42.180187 -43.760004 -39.471042 -28.131185 -23.300379 -32.370223 -31.466591 -23.506022 -39.739448 -51.607278 -48.948061 -48.963214 -39.974575 
-7.975587 8.979130 10.817304 9.491364 16.122942 8.201624 11.542716 8.942079 13.547292 9.408872 4.742993 0.168214 -0.325352 0.490790 -0.841268 -3.200383 -1.862888 2.829988 4.394290 2.899998 0.553171 -10.853355 -23.204017 -27.622011 -33.949530 -37.723116 -38.237156 -40.064340 -40.666050 -39.369032 -30.378053 -24.656014 -34.030890 -33.960535 -27.107160 -40.018499 -47.813046 -47.561329 -46.587964 -36.058979 
-5.288856 10.278547 12.089615 11.560369 15.863586 8.668375 10.450512 9.870920 12.011249 9.663570 3.304955 0.041670 -0.839691 -0.289301 -2.477472 -4.836328 -3.239174 1.214933 1.577325 1.227490 -1.931405 -15.021752 -26.478881 -28.539650 -31.966918 -33.979095 -34.940704 -36.114362 -36.863559 -37.404316 -35.425386 -32.160804 -35.865968 -34.167120 -29.163198 -38.595053 -41.700993 -42.088829 -41.703605 -35.516160 
-5.818764 10.569516 11.679516 12.130665 15.619792 9.134690 9.405634 9.877151 9.392931 9.040655 4.251198 1.104055 -1.517852 -0.141093 -1.725817 -4.373572 -2.260303 0.955336 2.573142 2.236065 -2.127255 -15.249764 -24.775606 -30.082522 -37.238957 -42.916712 -45.688143 -45.634730 -46.896595 -45.762792 -41.336093 -35.755799 -43.403091 -38.714784 -32.648237 -45.635673 -53.953271 -55.816108 -52.781252 -42.599010 
-5.942401 9.928179 9.902409 11.564403 14.601395 7.524175 7.530865 8.108533 5.878838 6.764450 2.836207 -0.676345 -4.241330 -1.848377 -3.710674 -6.028618 -4.404634 -0.347025 0.293597 -1.153983 -6.521000 -19.519647 -28.679630 -33.396255 -39.464774 -44.367588 -47.825828 -46.277179 -47.665557 -47.305837 -39.009230 -34.046309 -39.633373 -39.133454 -31.718340 -44.204146 -52.378600 -51.282925 -49.730868 -38.806578 
-4.448938 9.974594 10.056453 10.787666 14.038895 5.745463 5.825491 6.273049 4.362525 4.247942 0.921053 -2.640508 -3.306398 -3.128503 -5.632612 -7.070169 -7.290881 -2.950596 -1.335715 -3.348988 -8.057272 -20.776417 -34.679503 -39.740900 -45.260455 -49.609728 -49.379208 -50.045325 -52.051219 -54.902262 -45.937312 -35.776092 -44.505778 -42.912008 -37.417635 -43.341719 -53.249014 -55.437086 -55.375217 -42.170082 
-4.650755 9.552326 10.008734 9.805155 12.789718 3.589456 2.731682 1.976959 0.174722 -1.100954 -4.015754 -5.438913 -6.630397 -6.475353 -11.040493 -12.664975 -13.642937 -8.898034 -5.405941 -5.869058 -10.112016 -23.958245 -34.143849 -38.280049 -41.170772 -41.735406 -43.156998 -43.816595 -43.561122 -44.531924 -43.181848 -39.413466 -43.510275 -43.799954 -39.952808 -45.261138 -47.465269 -47.356213 -47.187937 -41.554030 
-6.262805 8.573467 8.329948 8.376416 10.804965 0.773989 -1.663815 -2.014522 -5.459802 -4.290241 -5.819519 -8.703572 -12.006364 -10.938560 -16.393779 -17.790304 -16.443886 -14.046525 -8.557377 -12.629718 -12.836610 -24.739879 -35.757330 -40.122794 -43.118403 -47.616936 -48.950372 -50.271885 -50.636186 -52.506372 -44.435581 -42.112135 -46.184134 -44.446094 -34.888624 -45.746668 -55.260617 -54.547245 -52.929543 -44.560672 
-5.578119 7.541735 7.343830 6.101501 9.046863 -1.343409 -4.376743 -6.574031 -8.355722 -11.300771 -11.720854 -11.765169 -16.195873 -14.758064 -20.867402 -19.912523 -21.423929 -18.932801 -17.218157 -22.849711 -19.293953 -15.407337 -30.009635 -39.102335 -45.120096 -49.494009 -48.712060 -50.192429 -53.197969 -54.414473 -41.920568 -40.664298 -45.802865 -46.208996 -35.134376 -43.624446 -55.015214 -57.602040 -54.824871 -47.589006 
-8.257374 5.804159 6.196739 4.992960 4.765999 -8.598373 -13.132999 -10.963080 -14.610664 -18.433891 -16.002466 -14.109877 -19.614338 -17.929803 -23.321428 -25.838914 -26.541070 -24.121969 -16.659112 -12.202099 -16.199759 -16.289912 -24.344690 -41.775871 -44.207996 -49.184543 -47.925544 -52.032869 -53.801284 -53.548373 -42.368512 -40.177999 -50.488495 -45.411129 -37.145943 -47.230878 -59.655717 -59.316984 -58.040636 -47.489734 
-10.964304 2.979551 4.332412 -1.378466 -3.525277 -15.410340 -23.151333 -25.595470 -24.250195 -28.836221 -17.948225 -19.564539 -14.707295 -18.179263 -21.625719 -26.816101 -30.212475 -31.050367 -18.677311 -12.764412 -18.316039 -19.095858 -25.973026 -38.286637 -43.770526 -48.190388 -49.250315 -49.917007 -50.453482 -51.270576 -47.807260 -45.460307 -51.007050 -48.694601 -44.502406 -51.518785 -54.426418 -53.512989 -54.269942 -52.891475 
-13.397483 -2.933221 -2.625625 -15.278788 -14.188648 -21.987023 -29.434868 -33.344547 -36.678661 -30.171666 -26.784172 -25.451106 -18.809306 -17.315495 -23.752376 -27.871065 -35.553468 -33.665545 -25.744787 -14.478825 -18.007859 -24.125415 -29.666769 -39.172590 -48.329730 -53.221180 -54.422981 -56.701248 -59.761353 -58.465957 -50.812759 -49.253890 -58.192339 -59.011371 -56.057583 -59.680976 -63.033642 -61.414344 -63.542921 -62.520143 
-18.726896 -13.107657 -14.136744 -21.682608 -19.377988 -28.047487 -39.686868 -41.161061 -38.782268 -38.013827 -32.186312 -28.723834 -30.852636 -30.302509 -36.880221 -45.020840 -48.427167 -44.912662 -31.088826 -24.885072 -28.073171 -35.149664 -39.898972 -50.998513 -59.656392 -59.597249 -63.509486 -67.203076 -66.178510 -66.263596 -62.259843 -61.772870 -68.192770 -67.544903 -65.266663 -66.734497 -69.538923 -68.786706 -70.659786 -68.500015 
-33.002429 -34.440275 -40.597440 -34.946063 -34.229771 -43.282728 -44.703129 -51.064886 -52.960391 -51.324516 -50.222548 -47.223855 -45.932144 -51.975743 -57.373556 -58.036778 -57.340598 -55.608865 -48.940502 -52.666055 -52.788637 -56.068398 -57.231195 -64.116324 -68.432858 -68.739170 -70.109585 -70.348659 -70.550175 -71.742351 -71.097214 -71.973954 -73.410292 -73.696313 -73.575175 -73.010318 -74.403510 -74.914380 -73.898675 -74.484129 
-69.067787 -69.360656 -69.857343 -70.721576 -71.958333 -73.830110 -76.394443 -80.191175 -84.620374 -83.327671 -79.746443 -77.569358 -76.796262 -77.211877 -78.814708 -81.699606 -86.105105 -90.919710 -90.774107 -86.747599 -83.883572 -83.446699 -86.337039 -91.948083 -89.501467 -88.787940 -94.104456 -95.475079 -93.301403 -92.298309 -95.569805 -96.512839 -95.379011 -96.201734 -93.506585 -94.210179 -102.405879 -103.030474 -98.315883 -94.796531 
NaN NaN NaN NaN NaN NaN NaN NaN NaN NaN NaN NaN NaN NaN NaN NaN NaN NaN NaN NaN NaN NaN NaN NaN NaN NaN NaN NaN NaN NaN NaN NaN NaN NaN NaN NaN NaN NaN NaN NaN 
NaN NaN NaN NaN NaN NaN NaN NaN NaN NaN NaN NaN NaN NaN NaN NaN NaN NaN NaN NaN NaN NaN NaN NaN NaN NaN NaN NaN NaN NaN NaN NaN NaN NaN NaN NaN NaN NaN NaN NaN 
NaN NaN NaN NaN NaN NaN NaN NaN NaN NaN NaN NaN NaN NaN NaN NaN NaN NaN NaN NaN NaN NaN NaN NaN NaN NaN NaN NaN NaN NaN NaN NaN NaN NaN NaN NaN NaN NaN NaN NaN 
NaN NaN NaN NaN NaN NaN NaN NaN NaN NaN NaN NaN NaN NaN NaN NaN NaN NaN NaN NaN NaN NaN NaN NaN NaN NaN NaN NaN NaN NaN NaN NaN NaN NaN NaN NaN NaN NaN NaN NaN 
NaN NaN NaN NaN NaN NaN NaN NaN NaN NaN NaN NaN NaN NaN NaN NaN NaN NaN NaN NaN NaN NaN NaN NaN NaN NaN NaN NaN NaN NaN NaN NaN NaN NaN NaN NaN NaN NaN NaN NaN 
NaN NaN NaN NaN NaN NaN NaN NaN NaN NaN NaN NaN NaN NaN NaN NaN NaN NaN NaN NaN NaN NaN NaN NaN NaN NaN NaN NaN NaN NaN NaN NaN NaN NaN NaN NaN NaN NaN NaN NaN 
NaN NaN NaN NaN NaN NaN NaN NaN NaN NaN NaN NaN NaN NaN NaN NaN NaN NaN NaN NaN NaN NaN NaN NaN NaN NaN NaN NaN NaN NaN NaN NaN NaN NaN NaN NaN NaN NaN NaN NaN 
NaN NaN NaN NaN NaN NaN NaN NaN NaN NaN NaN NaN NaN NaN NaN NaN NaN NaN NaN NaN NaN NaN NaN NaN NaN NaN NaN NaN NaN NaN NaN NaN NaN NaN NaN NaN NaN NaN NaN NaN 
NaN NaN NaN NaN NaN NaN NaN NaN NaN NaN NaN NaN NaN NaN NaN NaN NaN NaN NaN NaN NaN NaN NaN NaN NaN NaN NaN NaN NaN NaN NaN NaN NaN NaN NaN NaN NaN NaN NaN NaN 
