NaN NaN NaN NaN NaN NaN NaN NaN NaN NaN NaN NaN NaN NaN NaN NaN NaN NaN NaN NaN NaN NaN NaN NaN NaN NaN NaN NaN NaN NaN NaN NaN NaN NaN NaN NaN NaN NaN NaN NaN 
NaN NaN NaN NaN NaN NaN NaN NaN NaN NaN NaN NaN NaN NaN NaN NaN NaN NaN NaN NaN NaN NaN NaN NaN NaN NaN NaN NaN NaN NaN NaN NaN NaN NaN NaN NaN NaN NaN NaN NaN 
NaN NaN NaN NaN NaN NaN NaN NaN NaN NaN NaN NaN NaN NaN NaN NaN NaN NaN NaN NaN NaN NaN NaN NaN NaN NaN NaN NaN NaN NaN NaN NaN NaN NaN NaN NaN NaN NaN NaN NaN 
NaN NaN NaN NaN NaN NaN NaN NaN NaN NaN NaN NaN NaN NaN NaN NaN NaN NaN NaN NaN NaN NaN NaN NaN NaN NaN NaN NaN NaN NaN NaN NaN NaN NaN NaN NaN NaN NaN NaN NaN 
NaN NaN NaN NaN NaN NaN NaN NaN NaN NaN NaN NaN NaN NaN NaN NaN NaN NaN NaN NaN NaN NaN NaN NaN NaN NaN NaN NaN NaN NaN NaN NaN NaN NaN NaN NaN NaN NaN NaN NaN 
NaN NaN NaN NaN NaN NaN NaN NaN NaN NaN NaN NaN NaN NaN NaN NaN NaN NaN NaN NaN NaN NaN NaN NaN NaN NaN NaN NaN NaN NaN NaN NaN NaN NaN NaN NaN NaN NaN NaN NaN 
NaN NaN NaN NaN NaN NaN NaN NaN NaN NaN NaN NaN NaN NaN NaN NaN NaN NaN NaN NaN NaN NaN NaN NaN NaN NaN NaN NaN NaN NaN NaN NaN NaN NaN NaN NaN NaN NaN NaN NaN 
NaN NaN NaN NaN NaN NaN NaN NaN NaN NaN NaN NaN NaN NaN NaN NaN NaN NaN NaN NaN NaN NaN NaN NaN NaN NaN NaN NaN NaN NaN NaN NaN NaN NaN NaN NaN NaN NaN NaN NaN 
NaN NaN NaN NaN NaN NaN NaN NaN NaN NaN NaN NaN NaN NaN NaN NaN NaN NaN NaN NaN NaN NaN NaN NaN NaN NaN NaN NaN NaN NaN NaN NaN NaN NaN NaN NaN NaN NaN NaN NaN 
NaN NaN NaN NaN NaN NaN NaN NaN NaN NaN NaN NaN NaN NaN NaN NaN NaN NaN NaN NaN NaN NaN NaN NaN NaN NaN NaN NaN NaN NaN NaN NaN NaN NaN NaN NaN NaN NaN NaN NaN 
NaN NaN NaN NaN NaN NaN NaN NaN NaN NaN NaN NaN NaN NaN NaN NaN NaN NaN NaN NaN NaN NaN NaN NaN NaN NaN NaN NaN NaN NaN NaN NaN NaN NaN NaN NaN NaN NaN NaN NaN 
NaN NaN NaN NaN NaN NaN NaN NaN NaN NaN NaN NaN NaN NaN NaN NaN NaN NaN NaN NaN NaN NaN NaN NaN NaN NaN NaN NaN NaN NaN NaN NaN NaN NaN NaN NaN NaN NaN NaN NaN 
NaN NaN NaN NaN NaN NaN NaN NaN NaN NaN NaN NaN NaN NaN NaN NaN NaN NaN NaN NaN NaN NaN NaN NaN NaN NaN NaN NaN NaN NaN NaN NaN NaN NaN NaN NaN NaN NaN NaN NaN 
NaN NaN NaN NaN NaN NaN NaN NaN NaN NaN NaN NaN NaN NaN NaN NaN NaN NaN NaN NaN NaN NaN NaN NaN NaN NaN NaN NaN NaN NaN NaN NaN NaN NaN NaN NaN NaN NaN NaN NaN 
NaN NaN NaN NaN NaN NaN NaN NaN NaN NaN NaN NaN NaN NaN NaN NaN NaN NaN NaN NaN NaN NaN NaN NaN NaN NaN NaN NaN NaN NaN NaN NaN NaN NaN NaN NaN NaN NaN NaN NaN 
NaN NaN NaN NaN NaN NaN NaN NaN NaN NaN NaN NaN NaN NaN NaN NaN NaN NaN NaN NaN NaN NaN NaN NaN NaN NaN NaN NaN NaN NaN NaN NaN NaN NaN NaN NaN NaN NaN NaN NaN 
NaN NaN NaN NaN NaN NaN NaN NaN NaN NaN NaN NaN NaN NaN NaN NaN NaN NaN NaN NaN NaN NaN NaN NaN NaN NaN NaN NaN NaN NaN NaN NaN NaN NaN NaN NaN NaN NaN NaN NaN 
-55.982694 -57.526407 -60.285838 -65.234558 -70.196874 -69.896492 -70.557656 -75.323849 -76.932207 -75.407320 -80.492799 -78.736550 -77.416298 -85.863429 -83.613424 -87.781508 -83.124192 -85.948613 -90.146872 -91.321278 -95.751968 -91.533502 -95.095059 -92.901332 -91.287840 -91.886588 -93.639960 -93.437881 -94.369532 -95.669189 -94.052371 -96.631692 -97.429813 -97.805929 -96.540188 -96.237513 -97.339593 -95.802540 -92.767657 -95.321364 
-19.650602 -20.643784 -22.338864 -22.735547 -22.813942 -23.608221 -25.283860 -27.616316 -33.200078 -38.689349 -32.013455 -35.959828 -32.067440 -24.227895 -20.935340 -20.102383 -22.599485 -26.013481 -31.387379 -37.128846 -36.620623 -38.979819 -43.889512 -47.283056 -53.259905 -54.622471 -49.395196 -43.132934 -32.805092 -37.434876 -34.612019 -36.813816 -48.560343 -50.582450 -51.909926 -48.460488 -56.265305 -57.570274 -61.216914 -61.960913 
-6.771434 -5.168059 -8.012043 -7.017015 -0.700345 -3.137941 -5.273025 -13.190818 -6.097476 -7.915260 -6.517947 -3.559497 -3.806151 -1.766246 -0.894580 0.282473 -2.944655 -3.174993 -10.569554 -11.964936 -19.843494 -20.788494 -25.652193 -28.858055 -32.231055 -29.249914 -25.924137 -19.101179 -11.460883 -14.462877 -18.102579 -20.386818 -26.452151 -27.494884 -29.391715 -26.478361 -28.590984 -32.962917 -38.283006 -36.848652 
-5.709261 -8.921320 -10.716052 2.968101 13.264096 10.592733 -0.774227 -4.311615 7.516172 4.359302 0.539821 8.130160 12.510775 6.691851 14.201402 12.953802 6.676464 7.588239 4.303814 2.972424 -9.005318 -10.886652 -14.400693 -17.528254 -21.528736 -20.943215 -19.415184 -10.958651 -8.033916 -8.331231 -13.721441 -15.251387 -18.846933 -24.632606 -23.169274 -20.288079 -20.094520 -27.031245 -34.248585 -34.087790 
-12.904898 -18.064818 -20.043261 -1.151447 15.270756 12.011454 -6.213031 -11.910482 8.605791 6.376133 -6.301210 11.245264 14.115821 3.349618 18.190877 14.599520 6.012696 9.379009 5.746320 3.105918 -8.802913 -10.168761 -10.840214 -14.908301 -18.484144 -17.913718 -18.982685 -9.939728 -8.757707 -13.083159 -13.968822 -18.088974 -18.600754 -20.944826 -19.329981 -17.981143 -21.708155 -28.633113 -32.307238 -34.669366 
-20.378232 -17.461718 -22.604884 -2.328933 15.047073 13.660498 -5.228333 -14.267281 7.509400 9.032575 -6.244031 10.031771 16.203055 3.580881 17.368896 16.073865 1.522175 7.532690 -1.029695 1.239517 -9.032692 -9.731899 -13.242561 -15.716465 -15.038851 -17.875284 -15.639798 -9.760944 -5.648211 -8.741981 -14.058809 -14.176520 -17.890448 -21.852637 -21.292307 -18.194206 -19.706644 -28.621490 -29.760546 -29.388334 
-14.368233 -17.744268 -28.064131 -5.829438 14.952131 15.747198 -3.798083 -23.071039 6.905103 11.883740 -8.126045 3.888429 16.679816 1.597097 12.296004 18.504508 -1.812443 8.338452 -1.588958 0.715915 -10.249461 -10.118447 -16.305871 -15.554602 -14.639416 -18.099036 -16.739295 -13.626768 -9.316977 -10.899305 -15.962907 -15.753514 -17.935670 -22.431510 -20.841374 -18.446748 -21.913094 -29.833031 -31.232264 -31.482022 
-24.128235 -25.795385 -29.353725 -5.063719 15.308462 16.331137 -4.571944 -15.955216 6.931806 12.501289 -8.110571 2.411008 16.324219 3.115602 11.249989 19.127041 0.916068 9.927366 -1.617094 -0.016105 -10.002457 -10.139367 -15.440846 -14.891473 -15.947183 -17.949487 -16.043303 -11.589617 -7.066683 -8.495882 -12.669366 -13.413336 -16.288519 -23.451355 -22.866018 -21.605911 -25.913754 -31.215792 -31.456479 -27.090616 
-15.850362 -24.354472 -24.636611 -6.570219 15.206580 17.456964 -1.328477 -24.037846 5.761080 13.563516 -6.482219 -3.565878 13.605940 3.458890 7.544231 17.947349 -0.812455 8.420424 -0.043822 -3.642990 -8.870084 -12.433654 -17.841423 -15.006651 -18.355356 -21.614734 -19.533611 -15.568525 -9.611365 -11.733387 -13.302509 -13.578478 -16.068390 -23.580007 -22.521092 -18.944795 -25.533741 -34.287447 -32.359945 -26.549827 
-17.210219 -19.794036 -22.245293 -8.441230 14.819161 18.802395 2.043917 -20.053511 2.195689 14.125392 -1.210497 -13.243954 11.112932 6.640391 0.375136 15.882193 1.123795 4.071366 1.622202 -4.558432 -6.684556 -12.887875 -16.081684 -13.089031 -19.412586 -19.696350 -19.796507 -17.225035 -13.136302 -11.592622 -13.185455 -12.778994 -13.640896 -19.638482 -22.708724 -24.509675 -29.142728 -36.028254 -31.853074 -26.581301 
-12.466396 -17.737737 -19.122620 -10.417103 14.503479 19.692368 4.067584 -17.745488 -1.760116 14.046906 1.202473 -8.747127 12.173934 8.631564 -2.756024 14.455634 4.244693 -1.174606 1.473722 -7.391411 -6.605343 -14.835060 -15.462290 -13.426402 -20.235452 -20.289751 -18.858568 -16.806952 -14.036954 -17.216220 -17.978115 -16.747603 -19.536512 -22.162834 -20.367394 -21.209680 -28.372608 -35.171174 -34.604617 -26.273055 
-11.972489 -19.000876 -16.810316 -13.644635 13.600916 20.379398 6.170959 -19.630460 -4.301767 14.713840 4.896240 -13.423975 12.553824 13.527250 -4.110163 10.146154 4.825792 -4.871934 3.559528 -6.840123 -3.395092 -17.113231 -12.729508 -14.448837 -17.188761 -16.440862 -15.221568 -14.839003 -11.995100 -12.545917 -12.962319 -12.628217 -16.042637 -20.679674 -21.374636 -22.890392 -26.525590 -31.428202 -31.348007 -26.088852 
-13.003078 -15.879000 -16.942884 -12.688970 13.732112 21.000993 7.507669 -18.577902 -4.486566 15.666233 6.519967 -18.794629 13.491203 14.586894 -6.835052 8.660883 4.189550 -8.429637 -0.200750 -9.942221 -1.312611 -16.174778 -14.051130 -15.824503 -17.954262 -17.186836 -14.859143 -12.253452 -7.929981 -10.711625 -13.657290 -13.787106 -11.966615 -20.806482 -22.856803 -20.900245 -24.827431 -30.301445 -28.269376 -25.039709 
-11.965342 -15.193297 -15.696547 -11.984362 14.528792 21.399189 7.637489 -19.647637 -2.130848 16.636391 6.488221 -11.322011 15.402997 15.510539 -12.097789 5.885106 1.690994 -9.261492 -2.519732 -11.643983 -2.193619 -16.943569 -13.638701 -14.877639 -17.230050 -16.231317 -16.406915 -15.002368 -10.087666 -11.170478 -13.858304 -14.598814 -15.203902 -19.938009 -20.747676 -22.863046 -28.385286 -34.858361 -32.585362 -28.447350 
-13.000170 -16.147118 -16.740787 -9.341842 15.781415 21.434229 6.267034 -15.736226 1.125806 16.919289 3.981785 -6.903971 17.361329 15.050219 -8.806200 5.760858 -1.069605 -10.183730 -4.938131 -5.551550 -0.463414 -14.998303 -15.690999 -15.482796 -17.812794 -16.875926 -14.789727 -14.773300 -10.971608 -12.106547 -14.778551 -14.263273 -16.036586 -21.605288 -24.168474 -24.542440 -28.007032 -34.834866 -30.348399 -25.831005 
-12.491575 -14.988208 -14.401426 -6.498936 17.240843 21.215955 4.363929 -21.683707 5.459813 16.506226 -0.205787 -2.792623 17.950292 11.056720 -10.456955 1.147873 -6.012233 -7.929942 -9.032267 -4.212455 -2.941797 -14.646552 -20.147322 -14.377977 -16.333103 -18.619384 -16.853260 -13.262609 -7.889319 -12.045283 -16.587772 -14.619405 -13.160668 -20.196440 -24.118030 -26.528103 -29.656617 -34.856729 -30.388686 -26.755866 
-10.869271 -13.582690 -13.121026 -3.424275 18.578630 20.708011 2.376011 -23.398360 9.995866 16.128783 -4.731510 1.508704 17.450212 6.148329 -16.862080 -7.131642 -17.872537 -9.040238 -15.131926 -1.137957 -7.007708 -13.445733 -18.525265 -14.726994 -15.508362 -19.142686 -18.674593 -13.738556 -10.798228 -12.786129 -16.762794 -15.554156 -14.801492 -23.151055 -26.719108 -25.607606 -27.739161 -33.710705 -32.338837 -27.403491 
-25.828141 -24.688467 -27.957525 0.568776 19.918982 19.910746 -0.946012 -12.495677 14.915728 15.871193 -7.839851 4.523271 14.813753 -3.601637 -8.340770 -7.341174 -19.846437 -10.926337 -15.031237 -1.550651 -12.558569 -12.023571 -16.856664 -16.409059 -15.739766 -22.680007 -23.063405 -16.730620 -14.333394 -19.542447 -21.566886 -18.647966 -16.295808 -24.986686 -32.051280 -28.440094 -28.455610 -36.047045 -37.794771 -31.974802 
-18.698268 -22.361969 -18.685875 4.884575 20.961830 17.941586 -4.241737 -1.130794 17.943222 12.717029 -11.217630 6.251065 11.258837 -10.111076 -7.888993 -7.504725 -15.437917 -10.818042 -9.235790 -4.515332 -13.356538 -15.654619 -18.950754 -22.009045 -20.607871 -24.352307 -27.301440 -17.987431 -16.960138 -25.303284 -26.531495 -22.100253 -19.841293 -30.048017 -32.515037 -28.029552 -31.069728 -39.843202 -37.624452 -34.097738 
-16.586982 -15.578244 -14.704953 9.459566 20.248658 12.530714 -7.715925 4.831438 14.356832 1.833303 -15.292443 -1.272756 2.227675 -16.457918 -12.201631 -16.021799 -13.039561 -19.141757 -8.598664 -12.347925 -20.002317 -24.324254 -23.206175 -26.990432 -31.007533 -32.716142 -29.732330 -24.507346 -27.854363 -29.181478 -29.221486 -29.209360 -25.289265 -33.234394 -34.459293 -31.566415 -34.771037 -40.458150 -39.272154 -35.614688 
-16.903020 -21.524045 -12.918781 12.770435 18.258846 4.884765 -14.292403 5.545520 8.801858 -8.637628 -22.495196 -13.226960 -12.606612 -16.982735 -22.005752 -18.483348 -17.261503 -21.020576 -15.079715 -18.614232 -24.643272 -25.116380 -28.485280 -28.484404 -33.693171 -33.900453 -27.674324 -26.648561 -28.129704 -31.023288 -32.172422 -33.591249 -32.892703 -36.045585 -35.730862 -34.671132 -37.778001 -42.625478 -38.935555 -36.530084 
-20.392771 -21.184511 -20.516382 12.734438 16.778246 2.040737 -15.874586 -4.254846 -5.987937 -18.408961 -26.040226 -22.285366 -21.716989 -23.964243 -25.997829 -23.303925 -30.918387 -30.658087 -31.067313 -27.301940 -34.610390 -31.871873 -32.947652 -30.276224 -35.160099 -39.385587 -36.212899 -34.983805 -37.934668 -35.712886 -37.479759 -37.783085 -37.297566 -36.128515 -37.675561 -39.930802 -39.306459 -38.291738 -38.335100 -37.902796 
-14.362266 -17.731992 -14.110800 10.137181 13.631684 -1.852005 -25.461650 -16.793487 -20.276640 -28.558797 -26.702929 -30.775278 -29.114152 -31.718474 -30.243036 -30.615030 -34.355435 -33.670260 -36.705799 -36.809686 -41.715641 -38.651967 -39.543171 -38.477265 -39.446067 -41.329316 -40.465861 -37.682080 -40.262673 -43.026919 -41.644381 -44.233719 -44.462867 -43.725358 -43.181685 -43.787666 -43.685609 -41.434746 -43.792456 -42.871922 
-16.694794 -18.958709 -16.060370 2.679872 6.449342 -7.094560 -24.118867 -24.937320 -22.002648 -29.405700 -30.375550 -29.769732 -30.377612 -32.805892 -33.831956 -34.189233 -35.895404 -37.868878 -40.548187 -39.346781 -39.813312 -38.774365 -37.664688 -39.300281 -39.580527 -39.158629 -40.162650 -40.205701 -45.346877 -44.962950 -43.106149 -40.504167 -42.317018 -40.180032 -41.278578 -41.080853 -41.105211 -40.489529 -40.209957 -44.116701 
-20.759638 -18.104124 -16.747765 -7.726193 -3.992197 -17.237738 -23.564929 -24.227495 -24.358445 -30.113291 -36.780510 -33.583334 -28.820444 -30.726935 -29.869504 -35.337109 -38.908566 -34.378505 -33.381350 -34.393631 -35.795935 -32.025039 -31.743231 -36.418759 -36.657351 -38.318010 -33.890714 -37.890206 -37.585650 -38.532699 -40.847782 -40.258151 -37.357694 -36.223272 -35.882230 -37.679243 -39.686296 -35.352289 -36.203579 -38.962797 
-10.610568 -10.598830 -14.937343 -12.324466 -23.255591 -23.657689 -15.260647 -14.495303 -20.348944 -26.478350 -21.942767 -28.182052 -26.128079 -24.598321 -23.187500 -24.867017 -27.886468 -32.173326 -31.962493 -32.385878 -30.993849 -25.431352 -24.720929 -28.771732 -28.693684 -37.157602 -31.377988 -32.610052 -33.936857 -32.771908 -30.971040 -32.610756 -32.505315 -34.372378 -36.406258 -33.051926 -30.295747 -32.928972 -32.493296 -33.642834 
-17.248654 -11.234953 2.592506 6.943139 0.922468 -3.576768 2.546590 0.749755 -7.776717 -7.220984 -14.972072 -15.637653 -17.868199 -15.590069 -17.404000 -19.724081 -23.410678 -28.827448 -24.521531 -28.417270 -21.418244 -23.278039 -24.245411 -26.500195 -26.832872 -27.082952 -23.762811 -28.438844 -32.167509 -33.179939 -29.289913 -24.363832 -22.860947 -28.796859 -32.325536 -31.227650 -27.252858 -32.546731 -31.661853 -30.823530 
-15.367925 -6.879184 11.418762 15.531206 6.442828 9.516587 15.007492 8.436830 8.885795 8.035276 0.100473 -0.354539 -2.776446 -4.509624 -7.292452 -9.713743 -11.309859 -14.628276 -13.012103 -14.008058 -8.960505 -14.564642 -22.135926 -24.064445 -25.323837 -22.539874 -18.122443 -20.376723 -30.189976 -32.857639 -31.889173 -23.899510 -21.547855 -27.599294 -28.027822 -26.052439 -25.633389 -34.502231 -34.556383 -32.777041 
-18.941513 -3.961793 13.647918 15.112319 -0.092960 13.445151 15.224919 2.775280 15.736354 10.978365 10.105518 3.941691 4.899090 -0.040978 -1.626170 -6.429370 -9.077273 -12.856244 -12.497890 -11.255336 -7.893987 -7.770837 -15.106798 -18.554028 -18.394981 -15.654943 -11.988013 -17.117158 -26.152491 -28.681404 -30.383047 -25.460321 -25.322482 -25.743460 -24.903561 -26.015435 -31.109010 -39.550393 -46.569266 -42.325698 
-21.819315 -0.865927 14.129272 13.564276 0.453339 15.180753 12.249250 6.486649 14.999627 7.928585 16.276048 6.395691 8.422517 0.026404 -0.430448 -2.832249 -9.451855 -11.809847 -11.192829 -9.398629 -4.539916 -4.169928 -10.563290 -13.882010 -14.262067 -12.062234 -11.842308 -17.907719 -26.161589 -26.518593 -26.485457 -24.412740 -25.263614 -27.843572 -25.586997 -25.280191 -33.104144 -43.561995 -45.611236 -43.371078 
-17.341178 0.130244 14.165494 11.630485 2.435753 15.573912 8.987395 9.453714 12.914076 12.031391 17.963407 9.546276 9.477256 2.877958 -1.884749 -1.890913 -6.039343 -10.247081 -10.185594 -8.056084 -4.234713 -3.434978 -8.754360 -12.644169 -13.940181 -9.398941 -9.257438 -16.876670 -26.808799 -30.319282 -26.866047 -21.464269 -22.818704 -23.818138 -24.889496 -25.618432 -32.118695 -37.394851 -38.689730 -38.887516 
-36.933831 0.952469 13.947441 10.299158 4.534317 15.852223 7.351228 11.280309 9.811645 15.609246 15.999692 11.322888 7.384387 4.497357 -0.186721 -1.636203 -4.413361 -9.495935 -7.971831 -5.815600 -3.663905 -5.227673 -9.300980 -11.822428 -10.246699 -11.154934 -12.767406 -17.750886 -22.806671 -26.897801 -28.901184 -30.507528 -34.326444 -33.295656 -30.001631 -29.789999 -37.861350 -46.326963 -51.843430 -52.514832 
-17.668545 1.898908 13.786501 9.262039 6.264164 16.084686 7.032618 12.318103 8.215117 16.508004 12.898473 11.006755 4.183208 3.500784 0.058973 -2.672158 -4.370536 -8.796628 -6.859452 -3.850548 -1.682499 -6.500920 -9.118707 -8.458549 -6.736493 -11.193656 -17.793908 -20.341830 -19.112811 -25.583313 -32.692542 -35.099030 -36.139231 -34.333151 -32.674682 -32.394939 -35.927415 -37.847466 -38.211651 -38.063277 
-20.090480 2.134053 13.446554 8.277885 7.514493 15.473093 5.224782 12.756751 7.143166 15.755132 9.341804 10.124790 3.586777 3.617853 1.172581 -3.033460 -5.918734 -7.981441 -5.255377 -2.803762 -1.050221 -6.791036 -9.275390 -7.085486 -10.421280 -15.630310 -21.363204 -23.088472 -20.034505 -27.894001 -38.017318 -44.741618 -46.642486 -34.526483 -33.113723 -33.712911 -40.538416 -46.187223 -51.218118 -51.197131 
-23.426884 2.019675 13.242627 8.104004 7.792640 15.165191 4.630581 12.245694 5.610856 14.519654 7.010567 8.924266 3.125008 3.784404 -0.313661 -3.945854 -5.881870 -7.756287 -5.245370 -1.850928 -3.448270 -6.696161 -7.680268 -8.951541 -17.848911 -24.724731 -28.124833 -27.529470 -26.257034 -34.755460 -45.604383 -48.460463 -53.154422 -37.658819 -37.532024 -39.420126 -38.764691 -49.399833 -49.292696 -50.781917 
-17.652758 2.156426 13.213636 7.897360 7.411116 15.158633 4.730994 11.871580 5.745535 14.425492 7.669357 9.321109 3.494291 3.541249 0.069696 -3.785059 -6.165681 -7.794289 -4.494672 -0.837720 -4.155165 -5.984961 -4.772008 -7.313836 -16.683362 -23.375793 -27.764660 -26.854078 -26.171762 -33.827925 -43.401129 -46.400005 -49.009819 -41.530182 -34.416939 -34.035671 -38.262286 -46.208517 -49.663947 -46.418841 
-19.713492 2.635912 13.016854 7.366618 8.628019 14.668723 4.788113 12.063838 4.918762 14.014201 7.301662 9.487957 4.061876 3.230722 1.137014 -2.130412 -4.410060 -5.376872 -2.646313 -0.959101 -4.125761 -3.787238 -3.133325 -7.649939 -18.806307 -27.193269 -31.850987 -29.436047 -25.641714 -32.928815 -43.661171 -45.815724 -46.781467 -41.023494 -36.080838 -34.958223 -37.964455 -46.672732 -49.399409 -47.704848 
-20.871214 3.180405 12.777263 6.250597 9.199182 13.974506 4.065289 11.357434 3.741736 12.388332 5.623316 9.013104 3.724869 1.663881 1.306726 -1.702932 -5.768977 -5.123617 -2.951291 -1.607545 -3.598168 -4.787889 -6.148633 -13.636714 -23.001250 -30.665253 -33.284975 -32.233799 -26.858698 -33.011909 -40.045201 -41.049065 -41.523190 -38.257422 -34.440701 -33.781126 -36.522986 -41.988507 -43.175156 -43.464151 
-19.200416 3.363773 12.595953 6.001742 9.721818 13.295106 3.711312 10.524876 3.312871 10.637089 4.873359 8.983546 3.768758 0.801702 0.862914 -0.632031 -4.598918 -4.050494 0.119963 -0.115210 -3.104695 -4.754238 -11.344861 -20.927173 -29.428911 -33.092604 -34.691976 -32.741981 -32.066480 -36.610810 -45.812247 -46.363047 -47.522409 -40.594451 -36.367031 -37.485379 -40.575339 -45.071243 -47.007130 -47.664044 
-15.600639 3.087285 12.496591 5.842388 9.129225 12.928035 3.454426 10.231811 2.438359 9.935999 5.368498 8.867342 4.095107 1.299307 0.931781 -1.120761 -5.485983 -5.065027 -0.637345 -0.022354 -4.213720 -3.706605 -8.867593 -19.217477 -26.879276 -33.127439 -35.594250 -36.089512 -33.301403 -38.288033 -42.608985 -43.153405 -43.435199 -40.873477 -38.257350 -35.905507 -37.605832 -45.068406 -45.281282 -44.703065 
-18.178614 3.091551 12.417908 5.855794 8.729213 12.366906 2.633003 9.307031 1.564111 8.736193 3.383849 7.605078 3.726962 0.362778 0.677657 -2.037762 -6.744413 -7.253248 -3.126584 -3.525274 -5.889350 -2.840175 -9.118013 -21.584396 -31.195642 -34.406977 -35.547132 -34.429563 -32.329258 -36.039649 -40.695707 -41.622986 -42.124749 -38.597313 -35.045227 -34.880640 -37.682103 -43.169847 -43.376756 -43.962038 
-15.523374 1.875766 12.444258 6.486269 6.485970 12.113341 1.468977 8.367051 0.434564 8.765661 2.337587 6.556353 1.496000 -0.601175 -1.864753 -5.618697 -8.636213 -8.228349 -3.688762 -1.494718 -5.668559 -5.669246 -13.765401 -24.584742 -33.277791 -39.513630 -40.196887 -38.586552 -35.607220 -38.449841 -46.114879 -47.836264 -48.647117 -41.194472 -38.833450 -35.159709 -38.031481 -44.993329 -47.820941 -45.754116 
-19.361785 0.815400 12.484665 7.837700 4.560688 12.336342 1.736802 6.698003 1.460672 7.078797 3.518069 5.267854 1.554551 1.653741 -3.164453 -7.124170 -10.188575 -8.736022 -3.822516 -0.810078 -5.192397 -5.092892 -15.702181 -24.562661 -30.434970 -38.275419 -39.471420 -36.897810 -36.815175 -41.093990 -51.463919 -53.851374 -55.942496 -42.565175 -36.645682 -34.746351 -36.669726 -46.915339 -48.033896 -49.123618 
-23.054545 1.125390 12.290145 7.313284 4.235342 11.993939 1.737788 6.277244 0.681967 7.064426 1.632341 2.448043 -1.256390 -0.412495 -7.264971 -13.365646 -15.429096 -14.219720 -8.538011 -5.699313 -10.015185 -12.915641 -19.411959 -29.768327 -33.954635 -39.120085 -43.322572 -40.675800 -39.013292 -45.731959 -49.870946 -50.334621 -50.402877 -43.570639 -35.464717 -34.753223 -38.287504 -48.443889 -50.024267 -48.128826 
-30.256402 -0.810447 11.754151 7.674227 1.572621 10.732429 0.750031 3.354094 -0.367466 4.393542 -0.782717 -0.262838 -4.831422 -2.691972 -9.638960 -11.956582 -14.371408 -13.500420 -11.828339 -7.488713 -9.177106 -6.878677 -16.712616 -29.030503 -33.038213 -37.787811 -41.631768 -39.981895 -35.208507 -43.480518 -51.859754 -53.027903 -52.188601 -46.989953 -40.985841 -38.851873 -37.635818 -48.629532 -52.044993 -51.062051 
-22.202242 -1.618824 11.507323 8.798595 -1.279327 8.806608 1.018280 -0.122480 -1.394583 0.681821 2.548251 -1.707947 -3.448424 -6.446377 -15.507193 -16.909292 -22.746169 -22.804350 -12.082267 -7.919611 -10.641372 -9.286274 -11.354311 -25.879043 -32.439317 -41.995723 -42.611363 -43.679150 -37.202883 -41.670924 -50.685785 -50.687478 -51.875676 -47.097821 -42.324641 -40.605468 -39.939478 -45.901484 -50.306047 -50.245315 
-26.258096 -2.900979 10.096295 7.232858 -2.379615 5.667735 -1.209494 -4.887142 -6.138750 -5.628723 -1.486740 -4.753838 -4.146029 -8.659262 -13.545916 -18.587018 -19.250016 -23.660283 -20.608952 -10.535100 -7.474436 -11.036209 -11.351872 -24.459572 -33.854719 -39.705997 -44.200829 -44.944319 -43.139463 -45.856415 -54.265808 -57.183099 -57.760179 -45.822286 -41.901339 -41.548688 -43.666152 -45.273800 -52.540306 -51.318349 
-13.496593 -5.640576 6.399928 6.214906 -7.238828 0.221997 -4.303961 -13.523633 -13.440224 -12.352569 -10.991443 -7.459358 -9.154698 -11.143566 -13.786290 -23.786555 -23.124051 -17.284838 -15.071753 -12.998777 -8.305498 -13.078633 -13.216565 -20.106094 -24.786782 -35.505378 -36.019638 -42.233473 -44.230342 -47.853872 -52.795857 -53.282895 -58.693040 -50.600359 -44.590928 -47.119688 -46.409421 -51.817649 -53.201153 -51.754598 
-11.572238 -13.305462 -1.241941 2.499376 -5.533267 -10.906851 -15.676087 -18.687829 -21.263784 -18.512952 -17.175264 -15.286609 -16.984285 -17.214272 -18.102743 -24.145749 -27.981879 -22.650374 -26.926646 -24.055963 -18.446783 -18.662329 -19.508349 -18.118213 -20.805285 -34.036538 -38.917762 -41.165683 -39.539347 -46.841860 -52.966875 -56.214997 -58.893694 -52.843303 -50.644719 -53.454491 -52.124694 -54.286125 -56.948870 -56.184698 
-28.409789 -26.245743 -15.283326 -10.307798 -12.310508 -21.051619 -29.047782 -27.021588 -25.121563 -27.707829 -23.023451 -19.805660 -21.882178 -21.458520 -26.738102 -35.770585 -36.279122 -39.931014 -33.653065 -31.420236 -25.997235 -32.112654 -34.938363 -26.756265 -33.501035 -42.327131 -47.493362 -52.714830 -47.061144 -50.926344 -57.243685 -60.111202 -59.546911 -58.935212 -59.404733 -59.234256 -58.478156 -60.879331 -61.155034 -60.978274 
-27.571304 -31.845865 -32.146010 -31.419330 -30.057855 -31.600542 -36.428336 -44.072137 -47.037903 -42.535512 -42.533226 -35.597984 -31.550754 -35.564929 -49.369508 -53.186188 -55.114823 -54.031079 -54.143348 -51.193346 -42.634070 -44.616715 -50.333869 -58.405506 -59.722823 -60.392146 -65.391894 -67.493970 -67.576943 -68.697126 -71.270457 -72.760656 -71.658928 -70.198537 -69.406198 -72.155658 -71.878127 -71.333236 -71.611985 -70.691701 
-33.294518 -37.543523 -43.120626 -49.210463 -47.555519 -44.812745 -45.393356 -47.352954 -53.442558 -59.612623 -61.863064 -60.593813 -61.657574 -68.262857 -66.357851 -64.229892 -72.901873 -75.505229 -75.260585 -73.298721 -72.370956 -76.867194 -76.143836 -77.855234 -73.622113 -79.213485 -82.198479 -85.934376 -80.992899 -81.807775 -79.960845 -81.590373 -81.215668 -79.324163 -79.444930 -80.469211 -84.638720 -84.034991 -84.214089 -82.002153 
-96.925229 -96.927049 -96.930085 -96.935236 -96.942260 -96.952206 -96.964495 -96.980470 -97.002049 -97.028243 -97.060720 -97.101766 -97.150793 -97.211192 -97.284496 -97.371023 -97.475753 -97.598565 -97.743195 -97.911290 -98.107659 -98.337644 -98.601729 -98.911879 -99.275995 -99.701749 -100.200679 -100.782014 -101.465202 -102.268186 -103.214367 -104.316358 -105.579837 -106.984821 -108.396386 -109.451211 -109.694612 -109.002715 -107.661735 -106.302288 
NaN NaN NaN NaN NaN NaN NaN NaN NaN NaN NaN NaN NaN NaN NaN NaN NaN NaN NaN NaN NaN NaN NaN NaN NaN NaN NaN NaN NaN NaN NaN NaN NaN NaN NaN NaN NaN NaN NaN NaN 
NaN NaN NaN NaN NaN NaN NaN NaN NaN NaN NaN NaN NaN NaN NaN NaN NaN NaN NaN NaN NaN NaN NaN NaN NaN NaN NaN NaN NaN NaN NaN NaN NaN NaN NaN NaN NaN NaN NaN NaN 
NaN NaN NaN NaN NaN NaN NaN NaN NaN NaN NaN NaN NaN NaN NaN NaN NaN NaN NaN NaN NaN NaN NaN NaN NaN NaN NaN NaN NaN NaN NaN NaN NaN NaN NaN NaN NaN NaN NaN NaN 
NaN NaN NaN NaN NaN NaN NaN NaN NaN NaN NaN NaN NaN NaN NaN NaN NaN NaN NaN NaN NaN NaN NaN NaN NaN NaN NaN NaN NaN NaN NaN NaN NaN NaN NaN NaN NaN NaN NaN NaN 
NaN NaN NaN NaN NaN NaN NaN NaN NaN NaN NaN NaN NaN NaN NaN NaN NaN NaN NaN NaN NaN NaN NaN NaN NaN NaN NaN NaN NaN NaN NaN NaN NaN NaN NaN NaN NaN NaN NaN NaN 
NaN NaN NaN NaN NaN NaN NaN NaN NaN NaN NaN NaN NaN NaN NaN NaN NaN NaN NaN NaN NaN NaN NaN NaN NaN NaN NaN NaN NaN NaN NaN NaN NaN NaN NaN NaN NaN NaN NaN NaN 
NaN NaN NaN NaN NaN NaN NaN NaN NaN NaN NaN NaN NaN NaN NaN NaN NaN NaN NaN NaN NaN NaN NaN NaN NaN NaN NaN NaN NaN NaN NaN NaN NaN NaN NaN NaN NaN NaN NaN NaN 
NaN NaN NaN NaN NaN NaN NaN NaN NaN NaN NaN NaN NaN NaN NaN NaN NaN NaN NaN NaN NaN NaN NaN NaN NaN NaN NaN NaN NaN NaN NaN NaN NaN NaN NaN NaN NaN NaN NaN NaN 
NaN NaN NaN NaN NaN NaN NaN NaN NaN NaN NaN NaN NaN NaN NaN NaN NaN NaN NaN NaN NaN NaN NaN NaN NaN NaN NaN NaN NaN NaN NaN NaN NaN NaN NaN NaN NaN NaN NaN NaN 
