-3.684211 3.302133 11.930236 15.309558 11.502752 7.850907 12.079282 11.035523 13.515972 11.827289 2.014350 2.533613 5.678524 9.307141 7.405333 6.571052 6.841219 3.204044 1.860988 3.593131 -4.982760 -10.674377 -8.464426 -16.308609 -16.635978 -14.263343 -10.981596 -12.933470 -17.367606 -17.403561 -26.040254 -23.767077 -23.052343 -30.811567 -27.917278 -22.747605 -27.627730 -27.387623 -28.924252 -28.406393 
-14.200830 -9.014514 14.214865 20.122891 8.730438 4.230422 13.216106 0.444802 14.025612 15.483171 -1.623766 4.402309 3.851334 11.744761 6.439469 7.729566 9.187306 5.212271 3.037217 3.956922 -7.448223 -10.023940 -8.732650 -14.288813 -14.572353 -12.555525 -4.810577 -7.858320 -14.118091 -15.894288 -24.275912 -19.534045 -17.526765 -30.517383 -25.932693 -16.849678 -20.180541 -24.790171 -24.252518 -26.222018 
-24.635468 -8.809977 14.880187 20.144660 6.936754 5.124359 13.293153 0.462003 13.647618 14.445164 0.326284 3.816404 4.795692 10.726982 7.511201 7.739187 10.475871 7.283973 4.090339 0.694778 -8.436121 -9.361816 -9.628493 -13.663170 -16.693189 -14.098928 -7.295575 -8.733021 -10.800177 -13.954488 -23.499513 -21.565658 -18.669619 -31.108771 -27.081831 -19.186975 -22.476765 -27.873294 -29.830632 -30.128161 
-14.473426 -4.113453 16.217790 19.582903 4.873811 7.510791 12.707673 -1.071150 14.889081 11.265119 4.650709 4.889491 9.958451 9.754207 9.543487 7.046842 10.718688 8.042276 1.116029 -2.840008 -7.159350 -11.060273 -11.211713 -15.502788 -19.493214 -16.082108 -11.117851 -9.541247 -7.592976 -13.262288 -23.270366 -25.030881 -24.219903 -35.784505 -25.973409 -17.535919 -22.259616 -28.934742 -30.014483 -31.844694 
-10.872783 0.071326 17.337716 18.363404 1.091580 10.053781 11.306954 1.924406 14.484284 5.657226 8.678319 3.835413 12.894603 8.536543 8.143531 7.763666 8.050533 10.170757 1.780562 -4.714776 -9.279312 -12.039038 -12.210261 -16.076867 -19.467520 -14.112020 -4.775638 -5.456996 -7.927698 -13.372530 -23.580496 -25.002209 -19.950005 -30.325549 -28.231776 -21.410078 -24.608136 -27.121334 -30.307952 -32.990429 
-14.629374 4.170341 18.077403 16.542237 2.792834 11.619613 7.833332 6.708002 10.187613 5.504689 10.598478 7.717934 11.393093 10.355566 9.455860 11.064311 11.122997 7.596514 0.086187 -3.542061 -10.240141 -14.808773 -15.441804 -19.692680 -21.889653 -14.235189 -5.543487 -7.426813 -9.871455 -13.513890 -23.989653 -23.570172 -21.941332 -38.631656 -25.951810 -17.216399 -24.761866 -29.618685 -28.764453 -33.831807 
-16.062750 7.796172 18.657587 13.641414 6.487950 11.375903 2.417999 10.442637 5.945057 12.622514 8.130272 10.023803 11.166620 12.758020 11.382318 12.303900 10.483307 3.870525 -2.772602 -9.348425 -14.148626 -17.667640 -21.308976 -23.845730 -22.592960 -16.994372 -8.211147 -10.271296 -7.612977 -10.454842 -22.540549 -23.132636 -21.735006 -36.173907 -32.381334 -23.450234 -27.903891 -30.865903 -31.231553 -32.899165 
-8.494246 11.873055 18.626015 11.730139 11.111732 10.476182 6.451454 8.265696 11.958762 13.944914 9.535233 7.948265 11.890615 10.730153 10.724935 10.152628 7.179862 0.920535 -6.949570 -11.817942 -14.895773 -16.776994 -18.494117 -22.552883 -23.353574 -15.546423 -8.913977 -12.670191 -14.220901 -16.236997 -28.378439 -29.566289 -28.173045 -35.607134 -33.959560 -25.249722 -27.943330 -30.812490 -32.548872 -36.017950 
-0.847945 14.298217 16.219074 8.783769 12.282756 8.125199 9.856204 7.680461 12.730465 10.762316 12.126276 9.990347 10.195273 10.186266 9.126074 9.101796 3.608558 -2.549460 -8.460437 -13.445540 -17.370749 -21.449641 -21.263066 -24.375086 -25.834914 -17.510280 -9.619893 -11.042484 -11.652354 -18.086135 -32.400949 -26.471955 -23.947995 -39.556659 -36.765107 -30.901497 -31.142110 -32.265451 -35.728127 -39.436000 
2.844732 15.855000 13.063565 10.000637 9.431714 7.543851 8.217929 8.750802 11.002937 12.156891 9.498999 7.325578 10.139786 7.895049 7.940375 3.154977 -0.954755 -4.856935 -9.694670 -14.130508 -19.241543 -21.773973 -19.718108 -23.599521 -27.607228 -20.504312 -12.069425 -12.632943 -13.661164 -18.933838 -33.172835 -31.787114 -30.816825 -43.419076 -39.725404 -29.857142 -30.649038 -33.412664 -34.437867 -38.292774 
8.348432 18.568462 14.081520 10.246556 6.611074 5.951544 3.884733 5.823671 10.149893 10.527191 8.866795 4.968549 6.909350 6.032959 7.962871 0.805787 -8.820469 -13.104777 -15.755033 -19.405311 -21.564522 -23.434914 -27.251420 -30.961923 -29.138532 -21.221233 -12.569249 -16.842149 -19.898361 -26.876585 -36.334822 -36.716465 -36.427756 -38.877377 -36.612201 -30.755374 -29.959653 -32.277021 -33.405256 -37.190369 
9.575687 18.315672 13.811376 10.321591 5.813924 6.090644 6.960552 4.000335 5.885573 8.240496 5.607488 2.223360 3.158407 -1.136844 -4.629102 -8.242028 -17.528882 -23.055541 -22.050847 -25.380865 -27.165919 -28.906409 -29.804689 -30.556475 -31.123734 -24.682729 -18.090540 -20.148039 -21.709819 -28.494288 -34.862986 -35.574041 -34.602732 -36.458762 -37.634422 -31.910426 -32.861605 -34.648065 -35.680682 -37.380809 
13.279906 17.998016 12.061285 5.883871 3.578216 2.324475 2.032795 -0.502167 -3.009708 -6.061846 -0.961564 -3.175539 -2.434636 -4.438285 -10.791513 -15.063294 -22.166083 -26.764893 -28.010294 -27.608358 -29.449323 -31.101436 -29.338614 -31.163438 -31.460631 -27.292379 -24.935670 -27.446761 -28.492331 -33.400632 -41.889491 -42.267108 -39.913209 -42.403818 -41.922312 -39.977398 -37.438043 -38.202532 -39.503780 -43.135346 
14.717742 17.529597 7.874318 2.027865 5.033175 3.554590 5.682910 8.446499 11.029722 10.322152 0.582458 -3.203099 0.007644 -5.658036 -13.258236 -16.440672 -22.074813 -25.915351 -23.918106 -31.429253 -34.073034 -34.605577 -35.963136 -35.408482 -31.860795 -26.821274 -27.569581 -29.918979 -29.027183 -36.638858 -42.374401 -40.673748 -40.767697 -43.388035 -42.721954 -39.087663 -36.340526 -35.886089 -37.390061 -42.423327 
13.913228 13.615506 3.978846 0.395493 -2.251952 1.008030 0.661769 2.505509 11.606982 10.002480 0.500093 -4.092460 -6.016737 -6.031883 -12.254198 -17.106844 -22.486939 -24.425675 -26.239914 -32.792531 -36.593733 -31.839110 -31.695667 -33.713738 -32.923358 -27.032202 -31.301720 -32.719887 -35.767632 -44.933066 -48.955210 -45.422717 -47.490436 -48.052913 -45.143116 -35.642892 -36.359431 -38.878786 -40.231827 -41.994651 
12.355633 15.114280 7.830921 0.998714 -4.704452 0.459366 -0.345755 2.300881 7.165185 4.306012 -3.150059 -11.895447 -14.418274 -9.542564 -8.367748 -12.381557 -23.670390 -25.944451 -30.491044 -33.427427 -36.721486 -32.961216 -33.033133 -35.870629 -32.453627 -29.226709 -34.727899 -33.567255 -36.259240 -41.343339 -47.869355 -45.583780 -46.502942 -48.248955 -46.150345 -36.768245 -36.847983 -40.759430 -42.270630 -42.011904 
10.966531 14.254298 8.714960 0.589501 -1.201586 2.658929 1.819513 2.140999 0.180419 -1.355927 -10.451999 -14.394740 -20.410792 -19.582324 -19.730175 -20.706916 -24.076803 -27.604471 -33.871623 -33.456966 -35.177926 -34.668295 -32.790664 -34.568866 -29.759776 -25.104392 -35.311634 -34.907394 -34.909887 -43.876384 -48.100787 -45.087681 -44.894252 -52.149736 -52.925296 -51.030912 -46.731639 -46.962252 -46.994436 -43.733717 
6.105403 10.431460 5.219730 -2.111519 -7.275065 -7.414235 -14.371688 -8.851112 -9.180485 -9.778426 -18.010385 -23.774383 -19.786296 -27.100753 -25.991766 -25.444242 -23.332699 -30.992828 -34.110736 -35.769062 -36.155060 -36.488500 -40.259753 -37.748975 -36.583178 -33.947657 -38.170760 -42.963152 -43.089321 -48.781826 -47.830470 -50.380530 -50.668169 -51.812271 -50.381408 -50.010108 -49.747238 -48.660551 -50.096347 -50.365933 
2.100416 4.596038 -0.742165 -9.843723 -19.469322 -21.528933 -19.977265 -27.292745 -22.606005 -30.391533 -32.538220 -37.410783 -33.471257 -34.898649 -38.392904 -42.243016 -37.081511 -40.913526 -44.567957 -48.006121 -51.005193 -50.419510 -52.285953 -50.122100 -47.416979 -45.246647 -48.424697 -52.152279 -51.419152 -55.842261 -55.556671 -57.503552 -55.813678 -57.533577 -53.521782 -56.132400 -54.586529 -56.801022 -57.156037 -57.869563 
-13.451571 -5.469875 -9.873325 -17.005509 -26.156744 -31.197228 -36.749996 -34.329437 -31.530545 -34.308239 -39.170635 -44.338922 -46.244152 -45.760261 -46.734274 -47.940814 -47.036352 -49.428433 -53.231477 -55.106152 -55.739781 -56.754694 -57.948509 -56.056953 -56.488452 -56.953597 -56.048011 -57.028843 -56.571545 -58.350374 -56.855756 -57.736830 -57.825605 -59.549730 -59.412844 -57.796764 -58.909042 -58.711925 -61.806703 -60.448416 
-9.053167 -5.341720 -11.094582 -24.590696 -35.548719 -37.702093 -37.725253 -41.031536 -35.166201 -33.262818 -44.360405 -51.846904 -46.538267 -43.858495 -47.190138 -54.089463 -52.414116 -54.737449 -52.736763 -56.907563 -58.955526 -58.261014 -59.221331 -56.377223 -55.872693 -55.739795 -56.352201 -60.268757 -58.813037 -58.369251 -58.667797 -57.222125 -59.146506 -59.135292 -58.902365 -57.740649 -59.305029 -57.951992 -60.673688 -61.508013 
-13.460875 -9.328551 -15.091794 -23.235756 -31.052046 -32.423880 -35.700274 -32.758621 -34.522838 -35.091402 -38.688461 -45.457125 -39.722797 -35.778591 -35.793844 -39.497364 -39.667499 -35.804056 -35.823251 -38.867923 -39.176993 -38.626503 -39.359213 -39.783919 -46.328954 -41.835172 -40.127024 -48.988640 -46.622106 -45.916220 -46.480272 -43.754454 -50.819462 -54.022875 -51.755159 -51.311396 -54.331259 -56.512486 -53.511178 -55.230307 
0.750760 0.284241 -7.271470 -15.188818 -15.846410 -14.070789 -18.079656 -15.788402 -13.038150 -16.087230 -21.235882 -26.377364 -20.748996 -15.803205 -18.108365 -25.475765 -20.857472 -15.908847 -16.960750 -19.364437 -14.023656 -16.145441 -17.960524 -24.034129 -25.124755 -24.035042 -20.602391 -27.225817 -25.866874 -27.962902 -24.389916 -24.583279 -23.430841 -23.067635 -28.085268 -26.882773 -34.326544 -35.720095 -36.412451 -34.727009 
1.533153 0.338830 -10.048079 -24.399204 -21.910809 -17.833088 -18.048411 -18.641926 -20.024239 -25.893323 -23.235180 -27.640739 -26.105673 -22.310518 -26.914228 -31.331698 -28.240275 -24.725847 -25.974736 -15.355149 -11.345220 -19.985421 -22.109444 -27.005765 -18.354892 -21.937770 -25.924261 -27.476565 -23.470854 -20.941806 -23.397386 -18.016359 -19.746916 -23.105122 -24.599334 -23.291486 -28.454101 -27.789877 -28.701958 -31.167609 
-16.325494 -15.469410 -19.831037 -29.145641 -30.437805 -30.575057 -30.344049 -26.774456 -29.343090 -32.042973 -32.604412 -42.386701 -39.818764 -37.127608 -37.282097 -41.467297 -37.005009 -35.711035 -37.179064 -21.505753 -18.608218 -32.003812 -36.801308 -37.207494 -30.238566 -30.025470 -33.899749 -39.414042 -33.659734 -31.901618 -35.241334 -32.281230 -31.831919 -34.762305 -37.440144 -36.072329 -40.999157 -39.528917 -38.136773 -43.338238 
-49.802936 -53.203696 -60.886023 -60.523336 -65.277778 -69.237348 -70.210492 -71.888509 -74.130856 -68.435783 -76.604553 -83.596978 -79.458130 -77.576337 -77.194746 -81.415701 -83.135804 -76.811457 -74.094602 -71.309508 -69.196960 -75.784250 -75.988059 -77.625854 -74.833753 -72.519031 -80.652401 -83.243256 -86.624642 -86.126829 -81.033129 -83.128935 -80.654746 -79.992414 -84.775694 -84.325811 -87.091172 -86.866022 -84.857869 -87.147579 
-69.594997 -70.124729 -71.026349 -72.596492 -74.852856 -78.146574 -81.840659 -83.957956 -83.455678 -83.661211 -86.145660 -90.011482 -88.661001 -86.490888 -87.950291 -92.586148 -92.061500 -91.747234 -95.741172 -90.269152 -89.776035 -94.611137 -88.741885 -90.372794 -94.714283 -92.393846 -99.993444 -100.064571 -97.855396 -102.035746 -97.664199 -96.200616 -93.713747 -96.328864 -100.409891 -102.883030 -101.584814 -101.007182 -100.775715 -103.190996 
NaN NaN NaN NaN NaN NaN NaN NaN NaN NaN NaN NaN NaN NaN NaN NaN NaN NaN NaN NaN NaN NaN NaN NaN NaN NaN NaN NaN NaN NaN NaN NaN NaN NaN NaN NaN NaN NaN NaN NaN 
NaN NaN NaN NaN NaN NaN NaN NaN NaN NaN NaN NaN NaN NaN NaN NaN NaN NaN NaN NaN NaN NaN NaN NaN NaN NaN NaN NaN NaN NaN NaN NaN NaN NaN NaN NaN NaN NaN NaN NaN 
NaN NaN NaN NaN NaN NaN NaN NaN NaN NaN NaN NaN NaN NaN NaN NaN NaN NaN NaN NaN NaN NaN NaN NaN NaN NaN NaN NaN NaN NaN NaN NaN NaN NaN NaN NaN NaN NaN NaN NaN 
NaN NaN NaN NaN NaN NaN NaN NaN NaN NaN NaN NaN NaN NaN NaN NaN NaN NaN NaN NaN NaN NaN NaN NaN NaN NaN NaN NaN NaN NaN NaN NaN NaN NaN NaN NaN NaN NaN NaN NaN 
NaN NaN NaN NaN NaN NaN NaN NaN NaN NaN NaN NaN NaN NaN NaN NaN NaN NaN NaN NaN NaN NaN NaN NaN NaN NaN NaN NaN NaN NaN NaN NaN NaN NaN NaN NaN NaN NaN NaN NaN 
NaN NaN NaN NaN NaN NaN NaN NaN NaN NaN NaN NaN NaN NaN NaN NaN NaN NaN NaN NaN NaN NaN NaN NaN NaN NaN NaN NaN NaN NaN NaN NaN NaN NaN NaN NaN NaN NaN NaN NaN 
NaN NaN NaN NaN NaN NaN NaN NaN NaN NaN NaN NaN NaN NaN NaN NaN NaN NaN NaN NaN NaN NaN NaN NaN NaN NaN NaN NaN NaN NaN NaN NaN NaN NaN NaN NaN NaN NaN NaN NaN 
