-50.336665 -50.600006 -55.163170 -56.360225 -52.120902 -46.856642 -52.398758 -57.101803 -49.554138 -48.097683 -50.474270 -50.126914 -52.864763 -48.129622 -52.185035 -51.853196 -49.092189 -52.870895 -48.052752 -46.941806 -50.880615 -50.663372 -51.985589 -51.472573 -53.162657 -52.248776 -54.742664 -55.865407 -57.606583 -60.037116 -62.462747 -64.385617 -64.244793 -63.786372 -63.358160 -63.516899 -63.605636 -64.112847 -64.007769 -64.184735 
-5.965598 -0.952993 1.572177 2.530100 2.090800 -0.351718 -3.238223 -4.758297 -2.692426 1.065005 1.568618 -0.462906 0.634140 -1.397544 -5.380142 -8.216864 -8.461507 -6.100949 -4.400785 -3.842171 -4.316543 -10.247488 -13.829484 -16.892650 -15.011681 -14.239505 -20.379051 -24.362878 -25.890443 -28.083097 -34.719559 -39.770772 -31.220544 -27.677798 -28.856582 -21.512234 -19.732723 -27.760618 -33.796476 -38.369025 
-11.169281 6.258941 9.664673 5.379060 12.421490 6.561992 6.252915 3.301841 7.213146 8.561641 11.026478 10.138197 10.371172 8.009364 2.279445 2.100909 0.687008 2.687728 5.846965 7.268551 5.322070 -1.933852 -6.829736 -6.937816 -5.107530 -5.278259 -11.874755 -16.291940 -17.967072 -19.401592 -25.740406 -29.245153 -23.540297 -19.853270 -17.064989 -11.987518 -10.686609 -18.850832 -25.236823 -30.762011 
-14.932832 4.313958 12.115794 5.841701 12.957947 12.893764 7.276935 9.153084 7.403832 10.997381 14.406122 13.272238 13.543649 9.619594 7.010709 6.655819 5.707678 8.521497 12.289940 11.337393 5.471901 -0.115859 -4.552471 -5.082691 -5.040727 -7.527153 -12.494760 -15.621654 -17.661562 -18.672950 -25.587122 -31.492146 -27.926728 -21.711111 -16.144997 -12.264376 -12.254392 -20.049244 -27.708185 -34.566354 
-18.611615 3.365686 13.356987 8.020590 11.022641 15.810720 5.888560 12.182033 6.678413 15.296674 12.868009 16.698433 14.184599 10.288110 6.514395 8.508872 8.239667 11.307718 14.906802 11.769817 4.911667 -0.326581 -3.422806 -1.627458 -3.517610 -7.645640 -11.115851 -14.940394 -15.468008 -17.152355 -24.210393 -29.059782 -26.306699 -20.560887 -14.873661 -9.904471 -11.096624 -19.330760 -25.765987 -29.872576 
-26.345788 1.693300 13.931824 9.805461 8.450713 16.497684 6.798866 11.952816 8.390751 16.115310 12.456141 15.786998 10.913886 12.041140 5.965515 6.886480 10.885287 14.833595 15.204748 8.700194 3.233934 -1.725274 -2.583167 -0.812918 -3.558568 -8.212637 -12.626208 -15.658984 -16.928826 -18.106202 -25.759150 -31.483415 -23.496934 -20.169454 -14.392816 -9.268577 -9.475291 -17.682431 -23.307467 -35.320263 
-24.855781 1.819614 14.428650 11.332231 4.798147 16.115270 8.294228 10.527516 11.413132 14.883144 16.225913 13.038593 12.325302 12.837182 7.933251 9.080530 12.116974 16.481534 12.868886 5.098993 -0.648878 -2.573483 -4.558011 -2.362544 -4.542465 -11.076409 -14.712155 -16.020834 -16.620110 -17.538877 -27.666714 -34.994543 -27.288452 -21.069286 -13.771136 -8.590121 -10.603866 -20.671464 -23.481040 -34.782027 
-21.090653 -0.525290 14.320932 12.573411 2.721819 15.407120 10.214151 8.007444 13.550828 12.652101 18.902278 11.317180 14.104336 11.218489 8.973898 12.031672 15.042375 13.892390 7.540223 1.882149 -2.564356 -5.349856 -4.584588 -3.658243 -8.083059 -12.540543 -16.123005 -18.488766 -18.188616 -19.738976 -28.720275 -32.700307 -29.660862 -23.467263 -15.568273 -10.010881 -11.829710 -21.803397 -25.654766 -34.176765 
-23.969657 -1.557372 13.863659 13.629068 -1.818663 12.266249 11.157129 5.545478 15.903799 9.613722 20.313266 10.722811 15.886361 7.420335 9.294835 15.050852 15.605397 10.256023 3.272226 -2.316718 -5.132259 -8.406230 -9.352225 -4.990413 -7.926421 -14.307850 -18.839861 -18.791452 -19.086647 -19.344462 -32.750255 -36.496968 -30.606457 -25.225973 -18.671819 -11.080550 -11.049888 -21.116436 -25.593320 -36.065360 
-26.778262 -4.853830 12.323673 13.498778 -3.836203 10.618095 11.854578 5.387315 18.144165 9.517753 21.467568 11.743100 15.298722 6.427528 9.373860 14.041628 10.101152 6.518085 -0.058033 -6.074032 -9.628562 -11.547870 -14.281545 -11.315671 -9.909419 -11.136546 -19.524950 -21.436900 -20.707931 -23.233217 -34.877337 -39.001173 -33.267303 -31.265573 -22.802209 -16.030715 -16.522328 -26.287937 -29.245037 -37.638075 
-25.733847 -6.723358 11.616931 13.355091 -4.452634 8.844290 11.451623 6.359762 20.730323 11.660590 21.761463 12.446761 13.117955 5.606744 8.119280 11.581126 9.698799 4.137326 -2.570080 -8.592923 -12.073212 -15.080007 -17.576479 -16.193446 -11.922117 -10.335399 -15.494128 -19.645631 -19.140536 -19.698879 -32.218016 -34.371198 -30.897690 -27.464826 -22.883155 -13.832900 -13.883368 -24.335941 -26.615013 -36.826099 
-21.941211 -8.748116 10.275665 13.292194 -1.408904 7.927914 12.669944 6.785837 22.812194 13.924228 18.851650 13.790734 9.874812 6.124065 8.303213 9.902939 8.673567 -0.016444 -5.886562 -10.809901 -15.006210 -18.198305 -18.702911 -17.402190 -15.027839 -10.182546 -12.862683 -16.424065 -17.466967 -17.527418 -28.664574 -31.076010 -27.502055 -25.646641 -21.412809 -14.248357 -14.354540 -24.645270 -23.599449 -34.114387 
-26.764083 -9.987993 9.298678 11.469206 -2.587918 9.991611 11.950331 12.084069 23.994731 12.342665 16.195838 10.078111 8.593889 3.878819 6.778570 5.859459 6.077447 -1.106950 -7.020940 -12.749177 -17.955023 -21.591393 -22.470142 -21.128123 -18.882014 -8.972526 -10.034235 -15.449175 -18.420777 -17.073036 -31.764229 -32.355938 -28.578652 -28.290727 -26.235523 -19.536402 -20.523442 -26.999731 -25.118314 -37.426004 
-15.359571 -3.990789 8.970431 7.539825 -0.168941 11.622348 6.877490 16.491919 22.161807 8.835059 12.442758 4.988566 5.518778 0.257653 0.154293 6.926282 6.923550 -1.341545 -8.443001 -13.967418 -20.195153 -23.091797 -22.929357 -22.320354 -22.363789 -12.395642 -10.884469 -20.402504 -21.125812 -17.018813 -31.600546 -29.452555 -26.029343 -30.258717 -30.143371 -23.057673 -23.936245 -27.228459 -26.303658 -35.876308 
-13.133670 1.788988 7.412574 3.327801 7.757729 11.286919 8.745566 16.390609 13.688458 4.315346 1.086813 -3.192639 -6.203239 -7.407020 -7.771144 -2.306614 -0.142783 -5.409976 -9.746952 -17.551952 -24.695416 -29.604918 -29.556951 -28.803814 -26.554650 -16.745842 -13.174089 -22.807753 -26.557927 -26.577983 -40.014193 -32.680274 -27.700741 -34.116241 -33.716026 -29.135484 -29.737414 -33.723353 -31.377823 -45.279258 
-13.672158 -1.922430 4.326351 5.892869 5.438817 -0.885823 -2.167060 -0.519794 -8.942806 -15.910553 -13.421690 -23.363855 -21.059756 -24.660015 -29.810249 -20.083547 -13.580566 -14.667342 -21.570073 -31.857261 -36.015953 -40.624967 -38.770837 -41.730962 -39.456742 -32.148901 -33.011169 -36.239889 -38.358281 -37.929788 -46.191507 -44.460737 -41.924993 -45.429379 -46.855871 -46.005581 -47.478729 -48.874028 -48.964572 -51.685317 
-14.358124 -18.216408 -10.554540 -11.072518 -12.177420 -8.342551 -15.484636 -21.697596 -26.142926 -32.103501 -30.270653 -38.156668 -45.887905 -47.565032 -51.675098 -48.465094 -44.085460 -43.558174 -45.476163 -51.628279 -59.530333 -62.150596 -58.134425 -58.580254 -62.910400 -58.894614 -56.337573 -62.549822 -62.003956 -61.311353 -69.332633 -67.917963 -64.398975 -66.030324 -66.424586 -67.823170 -68.124609 -67.202812 -67.493516 -67.322100 
-25.572366 -17.135029 -15.538400 -24.340413 -27.503343 -29.236627 -31.154005 -34.710203 -38.072813 -41.931386 -44.577483 -48.964221 -49.494532 -51.492978 -52.237520 -53.223934 -54.029441 -55.195489 -54.687928 -56.697547 -56.678115 -57.851272 -58.573420 -59.248118 -59.342414 -59.756760 -60.212672 -61.154956 -61.560330 -62.149101 -62.527413 -62.902662 -63.201950 -64.458749 -63.800381 -64.078746 -64.496516 -65.115216 -65.450184 -65.240973 
-18.814742 -18.939022 -17.852739 -24.157123 -21.004999 -20.434662 -20.344412 -19.888705 -20.837008 -21.804559 -20.759475 -20.763903 -21.905373 -22.066356 -22.106521 -21.707110 -21.491487 -20.208938 -20.980258 -23.464475 -26.114455 -28.608599 -26.228178 -26.902840 -26.761212 -27.205776 -29.187395 -27.856047 -28.506351 -34.439508 -38.900469 -35.318279 -32.593342 -33.795651 -36.125587 -32.045734 -31.371179 -34.865798 -36.503892 -37.109026 
-17.843567 -13.684163 -15.620017 -16.128666 -12.764369 -14.930292 -18.594134 -17.364725 -18.743405 -22.033502 -18.136533 -17.936704 -21.245386 -20.258320 -21.121098 -19.484101 -20.250082 -17.334438 -18.353330 -21.859534 -23.435706 -28.004135 -23.133342 -25.436422 -24.530003 -24.665541 -27.461099 -25.478439 -24.888110 -27.076196 -27.839964 -26.848343 -25.867190 -21.720728 -20.736468 -15.534228 -14.187722 -11.576961 -15.015651 -16.319976 
-23.599105 -24.719340 -22.977581 -21.297868 -20.884760 -20.704196 -27.635216 -28.135687 -27.037470 -30.655225 -27.388306 -34.733024 -32.042758 -28.545916 -27.591282 -26.183049 -25.030883 -25.139232 -28.555155 -28.026526 -25.792348 -29.203887 -27.054496 -29.634524 -28.973444 -28.035861 -27.566433 -24.367848 -27.245868 -23.797045 -19.987498 -22.867802 -22.601297 -18.706865 -13.395620 -8.457655 -7.878418 -4.376305 -8.648114 -10.080631 
-18.184757 -8.520429 -2.356211 -4.217905 -13.525793 -13.171908 -15.847487 -17.817397 -22.737813 -28.836996 -36.701198 -28.078227 -27.978212 -28.863485 -24.348228 -26.634772 -25.231794 -21.358430 -20.747042 -21.234460 -18.109159 -21.940647 -22.652068 -31.991573 -25.797600 -25.570681 -24.028344 -25.598970 -23.709835 -17.596759 -18.312592 -16.787962 -15.023664 -15.883480 -10.017254 -9.182463 -7.021872 -5.702219 -7.251837 -6.376814 
-16.289411 -6.432083 0.563282 -4.031387 -9.144214 -12.588269 -16.251669 -19.292913 -22.239695 -30.490964 -28.886725 -26.005230 -22.974210 -23.718072 -20.072774 -18.931722 -20.714481 -15.252425 -23.832477 -19.500736 -15.404697 -20.296712 -19.194746 -21.154864 -16.680499 -15.684719 -16.107646 -20.418268 -15.688991 -12.452776 -13.431835 -12.628485 -10.995857 -6.151558 -0.280523 1.577562 -1.925030 -4.284340 -5.240451 -4.502954 
-24.581139 -15.380309 -3.389651 -6.038793 -16.279163 -20.372428 -20.541075 -19.824284 -25.723976 -26.442719 -24.150384 -23.257838 -25.858942 -18.623440 -16.632657 -13.762388 -14.007353 -16.787600 -21.929703 -20.233197 -22.087294 -18.316322 -13.913515 -18.030599 -17.155431 -15.812467 -15.790702 -14.358790 -18.339678 -12.006326 -12.209682 -9.280140 -8.032935 -5.766418 0.132267 4.487205 3.516983 1.119108 1.412242 -1.824097 
-26.270003 -15.959704 -4.626959 -5.961660 -18.821702 -26.826102 -26.815014 -22.442427 -22.597722 -18.045603 -22.192813 -32.681511 -26.808021 -20.317700 -19.432994 -18.533229 -18.748679 -19.331458 -19.148932 -17.644491 -22.095681 -21.594707 -18.368430 -19.986149 -22.740984 -20.356575 -14.641694 -16.686389 -20.179641 -14.146997 -14.139324 -11.348088 -7.300683 -6.971411 -2.186671 3.664061 3.779775 4.209243 4.096053 -2.040972 
-22.221498 -23.359007 -14.356123 -14.345469 -27.353528 -24.877426 -22.389267 -23.181429 -24.549949 -25.577276 -22.949953 -27.610767 -26.445160 -27.287308 -29.415691 -21.451948 -17.196610 -17.813623 -22.560218 -21.635770 -20.790571 -23.015941 -26.178804 -19.733501 -19.932998 -17.626512 -15.890508 -16.839191 -19.359074 -15.640176 -14.541977 -13.461098 -11.424696 -9.068985 -2.741053 -0.255487 2.814539 1.352326 2.518827 -1.059486 
-24.624248 -19.581863 -16.253093 -24.296359 -32.807515 -28.364901 -29.271460 -25.437909 -26.517294 -28.369613 -31.049094 -33.450333 -30.712958 -27.867438 -27.005769 -19.168494 -20.852456 -17.942893 -17.134303 -17.068185 -18.015343 -20.902579 -21.919439 -23.247629 -22.694643 -26.524954 -18.330453 -17.159047 -19.313191 -16.123363 -13.836030 -11.820034 -10.898580 -9.333982 -2.245159 1.104179 2.053724 2.612572 2.855415 -0.026746 
-26.528876 -23.802066 -27.482512 -32.154557 -31.989769 -34.422479 -35.650219 -30.706557 -31.835042 -26.076167 -30.626957 -30.889200 -26.261596 -28.097712 -29.135871 -22.063323 -22.705259 -21.601607 -25.547427 -17.319758 -16.114943 -17.582399 -17.772086 -23.560822 -22.991643 -20.968875 -15.247982 -17.715228 -17.403546 -14.040616 -14.831425 -16.271150 -9.643554 -6.699407 -0.239436 2.621421 5.030637 0.818041 2.417085 -2.011074 
-31.391091 -28.032073 -24.345828 -31.661695 -30.892855 -28.603699 -32.628052 -25.936008 -23.874808 -26.647458 -25.267777 -26.612814 -28.220742 -27.047452 -24.794925 -19.924008 -26.816156 -23.515896 -22.240655 -21.753835 -20.265290 -20.887602 -26.304716 -22.375236 -24.646519 -19.045333 -18.987400 -21.721900 -20.208392 -16.745780 -18.899783 -16.737660 -12.345263 -8.802906 -1.240170 3.091346 2.734248 1.150247 -1.876714 -4.271601 
-23.770731 -21.707817 -21.428391 -30.870675 -31.438844 -27.227546 -28.272161 -25.013940 -25.157715 -20.716345 -21.968113 -24.198966 -27.226220 -29.670992 -24.025636 -22.511216 -24.808997 -19.955504 -17.350248 -18.867951 -17.785371 -20.963340 -19.839996 -24.739966 -24.032517 -19.773491 -22.681362 -23.664883 -17.734547 -14.361142 -15.190512 -14.153879 -9.523113 -6.978608 -0.709057 3.178917 1.311022 2.123396 3.533406 0.095740 
-18.271369 -19.841513 -23.337146 -26.832284 -25.199759 -24.677017 -20.181011 -19.169447 -12.664940 -16.240868 -19.448114 -22.034194 -23.693174 -21.576955 -17.956032 -18.896253 -21.950033 -21.466322 -16.250989 -16.778541 -12.138210 -17.729800 -17.195497 -20.239537 -22.395200 -15.126639 -17.675881 -18.453648 -16.784911 -14.364020 -14.112286 -16.219936 -13.079394 -6.341741 -1.046544 1.846892 2.936281 2.161525 1.338835 -0.899209 
-11.694955 -15.600475 -5.608377 -2.575372 -6.042490 -10.168210 -15.565086 -9.251835 -9.639682 -10.259169 -7.309905 -9.354715 -15.661315 -19.057891 -18.357202 -15.591382 -19.795603 -24.698052 -17.693096 -17.335567 -15.504820 -17.123722 -24.249880 -21.032448 -18.352832 -12.490702 -12.172784 -15.590867 -14.786912 -10.657134 -17.227414 -15.706055 -11.100786 -6.987726 -4.263388 -0.500527 1.066782 0.698937 -4.898378 -6.247613 
-13.021036 2.531761 11.921131 13.556287 4.395229 8.243140 11.294199 4.705829 1.292514 -3.048653 -4.397536 -7.010206 -11.299651 -15.955567 -13.065854 -13.202640 -14.828283 -11.663809 -6.606001 -11.979840 -13.575447 -17.425648 -19.241202 -19.767558 -19.705523 -15.184722 -13.684987 -18.520319 -19.961134 -14.424481 -16.687132 -14.666453 -11.865466 -16.201804 -10.789250 -8.327429 -8.570271 -10.596545 -14.147604 -16.187631 
-8.914471 -2.677949 13.704401 15.415976 0.141853 13.256830 16.814812 7.736819 16.690358 12.538207 7.177643 2.599074 -0.171069 -5.127054 -7.304762 -6.105296 -3.723685 1.691732 4.273381 -3.602387 -13.993874 -18.709899 -21.221774 -20.641973 -16.552303 -9.538864 -15.332127 -24.092089 -27.480968 -26.012527 -26.152881 -17.022596 -13.936286 -18.447820 -16.870509 -13.309508 -15.932328 -20.217767 -21.914962 -30.328860 
-18.096976 -7.091832 12.243190 15.980050 1.751066 10.610810 15.773856 2.086774 19.860227 20.167616 10.404007 11.283427 3.957694 3.709350 -0.935748 -3.509174 -0.571462 5.993266 4.641139 1.610091 -6.545624 -14.279476 -18.664607 -16.257813 -11.012135 -10.708502 -13.888058 -21.615196 -23.377331 -23.505517 -29.743580 -18.384699 -16.536795 -19.012106 -19.652870 -15.047999 -16.619575 -24.936820 -24.693354 -34.721183 
-30.281307 -12.332383 10.814191 15.505636 0.941802 8.762163 14.840709 0.615552 20.086064 20.362237 13.608231 17.302597 7.255690 7.728881 2.732331 0.646693 3.597936 8.563416 5.203143 2.185889 -4.367312 -12.868353 -16.166630 -10.966004 -5.122918 -5.239175 -14.273596 -18.753663 -19.125791 -20.759422 -28.288517 -24.231813 -21.150789 -22.294385 -18.535423 -14.278158 -14.702873 -22.955616 -25.716816 -33.800695 
-16.383649 -12.713873 10.505731 15.704718 1.854983 6.533058 14.685981 2.154146 17.797551 16.139667 13.452905 19.567824 6.839836 9.696581 3.735839 2.879489 8.558693 9.782945 7.292549 2.053004 -3.207727 -9.716414 -12.406865 -7.991124 -2.315049 -4.829900 -12.669721 -16.417451 -16.238483 -14.818783 -27.704825 -30.179154 -23.655226 -20.755532 -15.203385 -10.897087 -10.909171 -18.377679 -21.696934 -33.891486 
-23.888392 -17.011287 10.286825 16.961754 5.257906 5.239684 15.656210 5.350759 14.763844 18.723080 9.907640 20.328432 6.764378 12.054905 3.791564 6.999078 10.947699 8.722003 8.086199 0.973004 -4.091750 -8.110340 -11.360040 -8.909808 -4.171452 -8.405883 -13.104326 -16.286849 -19.129828 -16.308851 -25.718691 -29.199194 -24.521517 -20.592206 -14.929430 -10.115425 -10.159176 -18.686909 -21.483838 -33.328608 
-24.546027 -14.543924 10.749639 17.786279 6.778565 4.047027 15.906383 6.420424 14.072573 20.727213 8.983612 20.417416 8.060302 12.919009 4.019231 8.856744 11.770330 10.543279 7.964170 -1.508034 -5.987357 -8.701766 -9.055024 -7.031243 -5.667381 -10.073238 -16.321749 -16.860867 -16.985099 -17.301152 -27.486376 -30.725295 -26.369320 -23.612050 -15.966403 -10.529374 -10.905312 -19.842649 -22.341392 -32.938527 
-28.182078 -17.282782 10.572454 17.940544 6.808466 2.904592 15.439716 6.135496 13.889786 20.390408 7.397752 20.288412 7.495918 13.352200 4.036872 8.903234 11.147293 9.892058 8.083511 -1.928898 -6.141469 -8.271156 -8.175803 -7.202520 -6.132563 -10.722933 -15.991876 -17.816264 -18.167458 -19.473250 -29.060677 -32.073163 -27.417565 -24.302239 -17.556505 -11.542785 -10.667180 -19.800360 -24.030703 -33.243027 
-17.904090 -15.724353 10.490251 18.038164 7.161902 3.076882 15.104302 5.510153 13.511785 19.798043 6.271401 19.627560 7.547034 13.746328 4.293931 8.715268 10.830822 9.587083 8.724386 -0.767751 -5.057508 -7.466714 -8.698766 -7.899062 -7.589037 -10.623425 -17.123204 -18.951968 -18.345618 -19.461411 -28.593188 -31.886959 -27.462269 -24.362424 -17.437822 -11.256245 -11.019094 -19.295229 -23.441617 -30.957629 
-16.811347 -12.707160 10.519822 18.160463 7.027994 2.297529 15.088761 6.741766 13.083700 19.654328 5.837439 19.184226 7.434208 13.990834 5.121796 9.846598 11.570197 10.712200 10.059055 -0.186707 -4.611094 -7.358176 -7.770250 -7.663804 -8.826050 -10.886765 -15.885380 -17.716655 -17.546419 -18.803452 -28.291707 -33.308478 -27.719830 -24.215799 -16.926656 -9.284593 -9.120632 -18.737948 -24.646167 -35.147833 
-21.420076 -17.783875 10.551515 18.253735 7.334693 2.335479 14.783039 5.624042 12.489457 19.465618 6.088631 18.886644 6.453031 14.098597 4.928699 9.815448 11.930591 11.422380 10.468487 0.751080 -4.408009 -6.848185 -7.287991 -7.708962 -9.636542 -11.552912 -17.109688 -19.031844 -18.162896 -19.361603 -28.400923 -35.261778 -27.300037 -24.215467 -17.060825 -9.279026 -9.180459 -18.598348 -24.189544 -34.600633 
-12.433831 -15.802980 11.000198 18.236401 7.560805 2.413153 14.493651 5.203010 13.147112 19.416356 7.551372 19.086697 7.511659 14.964548 5.658094 9.759614 11.842882 11.065245 10.232414 0.161853 -4.673040 -6.391469 -7.065187 -7.611114 -9.050052 -10.876476 -14.645689 -15.353604 -15.797827 -16.987327 -25.837103 -30.000904 -25.517239 -21.728474 -14.163295 -8.199572 -8.388506 -16.904575 -20.970246 -30.839304 
-19.073425 -15.564536 11.455442 17.650015 5.437566 4.335398 14.022283 2.656721 14.456656 16.648143 9.627706 19.677020 8.281440 15.032728 5.728998 7.790172 11.602402 9.678207 10.518463 2.189655 -3.044175 -5.617024 -7.995049 -8.706885 -10.501361 -9.898068 -11.789952 -14.571687 -17.516265 -17.542145 -24.762223 -28.332055 -25.837461 -20.523970 -12.613199 -7.246880 -8.539007 -17.968585 -21.929310 -30.000551 
-20.467144 -8.975020 12.201037 16.555414 3.114946 7.589512 13.108073 0.239458 15.517127 12.328263 16.039023 19.481878 13.124839 13.856448 6.992005 5.514269 9.702855 12.696626 10.607843 3.775610 -0.796768 -5.260435 -9.239453 -7.612104 -8.083908 -5.232670 -10.626817 -14.361146 -15.041675 -13.562186 -24.663047 -33.070128 -25.029350 -20.001059 -12.941419 -8.110968 -9.803578 -18.215832 -21.649542 -31.504266 
-24.421452 -5.051259 12.499313 13.804569 0.178511 10.316515 9.915765 4.417583 15.918758 8.912329 20.146351 16.238166 16.606839 10.865774 6.503744 7.115063 8.490691 14.881903 12.340332 5.314136 -0.549159 -4.728870 -7.085374 -7.261910 -7.113686 -5.356493 -8.784097 -11.920271 -13.927058 -12.036894 -23.380586 -33.114999 -26.736530 -21.784847 -12.436516 -7.912216 -10.037188 -18.150684 -19.888282 -30.186300 
-27.979616 -0.083164 12.606569 9.253078 2.708451 13.601859 6.940139 9.740839 13.147942 13.115644 19.815236 14.901611 16.004124 11.565955 8.413233 9.827830 10.920531 12.970727 14.057675 7.159700 1.073231 -3.824978 -6.305420 -6.804054 -7.707518 -4.564157 -8.410612 -13.831383 -14.959138 -15.951674 -23.514550 -35.024719 -27.228642 -21.255063 -13.193852 -9.103148 -10.944708 -20.510614 -25.068410 -33.735329 
-16.714559 3.776521 13.270917 7.801588 11.025594 16.094532 7.458947 12.645971 7.648817 17.550330 15.135750 16.649525 13.088865 12.042262 7.885691 8.142897 9.349853 14.131040 14.606302 6.583621 -0.572368 -4.413136 -8.554219 -7.379842 -7.888037 -8.161245 -10.486945 -14.516762 -15.125995 -15.130940 -23.902196 -34.192560 -26.774871 -20.943304 -14.393514 -10.258122 -13.249331 -23.108315 -27.204203 -34.964737 
-14.360136 5.980811 13.135429 8.284432 15.073661 14.408440 8.672972 10.678449 10.393577 14.044582 16.514301 15.532366 14.200891 9.565447 7.147713 6.319401 6.977347 9.801420 13.262287 8.624695 1.702234 -4.047700 -6.974879 -7.081356 -5.682204 -5.193213 -9.200152 -14.028149 -16.048540 -16.768902 -27.088448 -35.297627 -27.451832 -20.076697 -12.876789 -10.118039 -11.437466 -18.996293 -24.004719 -30.897444 
-8.236972 6.682706 9.673538 7.613707 16.476423 10.838564 10.108233 6.589595 10.539300 10.343238 16.692374 13.527939 10.399839 8.977961 4.047407 4.451927 4.396721 6.849781 10.419165 9.760021 2.949990 -2.785924 -6.417055 -7.161022 -5.455963 -3.341092 -8.580245 -12.692222 -13.756435 -13.519671 -23.506324 -33.416269 -23.804858 -19.532843 -14.508289 -11.418933 -13.185252 -21.005612 -24.226754 -32.615197 
-8.115360 7.898730 9.046547 9.912824 16.231634 7.834666 8.065215 7.020554 9.957776 14.109300 13.185180 13.028182 10.018124 5.839641 1.265189 1.886896 0.282598 3.279862 7.318033 8.299784 4.457416 -3.026021 -7.427219 -7.488888 -4.941377 -1.929589 -6.777214 -11.635098 -13.566912 -13.573809 -23.496328 -32.613908 -23.642702 -18.675296 -12.750148 -9.614971 -11.772439 -21.179513 -22.759915 -27.927354 
-4.967879 9.810475 10.107407 12.352970 14.360173 8.023420 5.644516 7.404048 5.348411 12.485252 14.691070 10.393598 8.395342 2.760791 -2.144532 -0.643683 -2.533128 -1.070314 0.507940 2.580726 4.923256 -1.840051 -8.532449 -7.480984 -3.914248 -1.002786 -5.605736 -11.137705 -13.244730 -15.114792 -23.912378 -30.419651 -24.352935 -19.570714 -15.265684 -12.452706 -13.579363 -20.601255 -22.528055 -27.580634 
-2.136864 10.923172 10.366948 13.655567 12.020072 7.238909 5.378403 6.837832 7.405291 8.577817 13.724863 8.197470 3.953734 1.702573 -1.693866 -5.227149 -5.968981 -4.996550 -4.475154 -3.529906 0.700211 -4.418255 -12.213808 -12.549477 -7.086682 -3.644134 -9.049978 -14.965380 -16.689685 -17.059093 -24.967802 -32.557456 -24.528072 -21.080704 -18.431388 -18.804529 -21.412422 -26.378235 -26.740278 -32.848811 
-1.127031 11.781687 10.756459 13.701967 11.944624 8.765776 5.643067 5.763686 5.487434 7.322750 11.388941 6.568091 2.579104 -0.212431 -4.530516 -7.589309 -7.818963 -7.118689 -6.709755 -6.289737 -3.894986 -6.823619 -13.123892 -13.173465 -10.477133 -7.693725 -14.753810 -18.189287 -22.092180 -23.458613 -31.580424 -39.130253 -28.036369 -23.606083 -19.406075 -19.530095 -23.111299 -32.149022 -32.631869 -38.295684 
0.059634 12.174952 11.421156 14.094953 11.772069 9.768991 6.232190 5.355017 7.170046 12.833403 11.857397 7.056284 1.391603 -0.137886 -5.603583 -6.417774 -7.226616 -5.968098 -6.570252 -4.190410 -0.663404 1.035152 -2.506800 -5.860714 -4.022947 -3.377172 -8.922135 -12.088929 -13.298769 -16.727158 -28.586991 -37.540653 -27.297818 -22.593702 -20.702116 -18.259920 -18.731187 -27.677699 -28.624749 -35.946067 
0.803893 11.923335 11.172417 13.791496 10.962068 10.388354 6.956165 6.321694 8.740785 14.429828 8.143428 3.209739 -3.067914 -3.939105 -8.949919 -8.856037 -11.762863 -11.157595 -9.724658 -10.532725 -5.092051 -2.152240 -3.472224 -6.508530 -4.411065 -3.444058 -11.315967 -14.096734 -14.166162 -15.088623 -26.064637 -32.271372 -23.383757 -21.083567 -21.907307 -22.923819 -21.868975 -24.358538 -29.658882 -34.650946 
0.340947 10.870304 10.260693 13.002410 9.961421 10.350668 7.244724 7.905780 10.334862 13.542317 5.108877 -3.311540 -6.194597 -7.389225 -10.451127 -11.873460 -12.578405 -12.951426 -11.588864 -11.485219 -9.187481 -3.733582 -2.465551 -5.825798 -4.194761 -3.969383 -9.112930 -13.741320 -15.318781 -16.472545 -25.018353 -33.529855 -23.966480 -24.967399 -25.337775 -20.317918 -23.549441 -29.131454 -24.263474 -29.316331 
-0.733014 9.219927 8.508705 12.552128 9.926433 10.265414 7.234701 8.895929 10.216944 10.656464 1.689686 -7.512786 -9.964868 -10.869464 -13.629403 -14.292402 -14.719782 -14.677288 -13.872468 -13.783989 -11.879737 -5.855373 -1.551940 -5.046963 -3.705010 -2.441046 -8.961953 -12.432601 -12.798564 -14.599527 -26.892837 -34.177788 -24.863262 -25.379614 -23.771795 -18.630040 -21.320893 -32.372937 -29.488434 -30.935079 
-0.797653 8.286600 7.650311 12.244279 9.780062 10.280650 7.633396 8.878475 10.730022 5.263778 -2.419043 -9.114558 -10.674517 -13.663600 -16.189149 -16.289593 -17.295333 -15.640745 -15.245487 -15.363323 -14.064328 -9.339914 -4.991267 -6.703726 -5.903308 -5.046454 -11.314178 -15.370696 -16.138817 -18.406502 -30.996131 -37.556354 -26.769746 -26.537821 -30.736104 -24.343038 -26.109547 -34.432625 -33.879481 -38.907073 
0.254556 9.154644 8.733191 12.227441 9.864617 10.251743 8.507651 9.628671 12.793697 5.292870 -3.573802 -10.520749 -13.668453 -19.919412 -24.385743 -24.578109 -26.814273 -25.970968 -23.631135 -22.412246 -15.272371 -6.679207 -4.550379 -9.145703 -8.515186 -5.108704 -11.354326 -16.422361 -18.349959 -22.885312 -39.478886 -41.566011 -28.854427 -28.011760 -31.580663 -25.765190 -28.103638 -36.700503 -33.151252 -39.186340 
-0.732633 9.490397 9.108021 11.820228 9.512331 9.845936 9.127095 8.917046 10.987837 -0.582759 -6.478001 -13.062698 -14.633053 -15.387647 -17.163972 -17.437321 -18.795840 -17.748177 -17.663903 -16.628392 -13.005717 -5.632690 -6.513720 -11.942307 -9.728877 -5.250624 -11.580637 -17.628440 -19.764901 -20.924039 -35.172324 -42.565850 -30.312451 -32.536848 -33.628218 -31.273361 -32.119758 -36.460741 -33.215963 -35.020500 
-1.350465 8.947152 9.128580 10.665771 5.195259 0.133121 0.497273 6.803211 3.102562 -8.835937 -17.717730 -25.669315 -27.457974 -27.985646 -28.502417 -26.858471 -29.300046 -25.463928 -23.553388 -19.857628 -17.005000 -12.204184 -15.975928 -23.031576 -19.862698 -13.025273 -20.991071 -28.675448 -28.686040 -29.130867 -44.161042 -49.353618 -39.287253 -44.083132 -46.964590 -45.308624 -44.695707 -46.548178 -44.566089 -46.717344 
-2.101805 7.759738 8.186316 11.361060 5.742457 1.395671 -7.283466 -12.909816 -10.269748 -15.853714 -25.029801 -31.943758 -34.143119 -34.465458 -37.873067 -41.490201 -41.430383 -36.022740 -35.669579 -31.119657 -25.803272 -32.023349 -35.837704 -37.443131 -34.792369 -33.087986 -39.118410 -48.242563 -44.864359 -46.093985 -55.555479 -57.039511 -54.136175 -56.718967 -58.554123 -56.764251 -56.384698 -57.741678 -59.125027 -59.541533 
-2.250837 7.467106 7.976520 12.898054 6.890468 -0.903361 -8.641844 -10.422045 -9.878074 -16.287967 -23.218964 -27.029779 -31.776925 -35.397294 -36.499755 -38.113906 -37.973771 -37.502874 -39.642081 -40.129383 -40.332913 -43.181734 -43.406801 -44.420165 -41.900797 -41.940806 -45.679671 -46.812307 -47.286134 -48.034749 -48.578535 -49.190444 -49.087631 -49.595199 -49.543059 -50.209600 -50.708856 -51.156115 -51.156004 -51.672678 
-1.919215 6.267364 7.277692 10.986618 3.314520 -1.810370 -8.830797 -10.357551 -15.369322 -21.176095 -29.846169 -35.491514 -36.662884 -41.373598 -42.354605 -43.489225 -45.075776 -43.274592 -45.644548 -45.492733 -45.471001 -47.581001 -48.581857 -48.860573 -47.083485 -46.032940 -51.307536 -51.836578 -52.402834 -52.828066 -53.256986 -53.159671 -53.352124 -54.508663 -54.625015 -54.253242 -54.328168 -55.294970 -55.860207 -55.510764 
-6.705557 0.573343 1.336999 4.116878 1.552924 -5.695384 -16.228202 -14.958042 -21.033951 -27.197032 -33.612519 -30.206126 -24.679327 -27.920889 -29.536960 -28.738203 -32.750510 -34.292005 -37.881682 -36.990758 -31.616758 -27.746464 -32.609741 -32.675305 -32.297862 -29.228525 -29.586144 -31.226084 -39.071857 -36.679426 -36.395278 -33.688460 -37.453350 -39.098155 -35.865242 -37.676538 -37.341829 -36.656447 -40.963537 -47.560058 
-8.689184 0.390280 -2.804927 -4.137988 -3.881534 -16.455459 -11.985385 -12.312758 -12.860339 -14.169467 -13.044801 -16.838951 -17.695128 -23.363330 -25.145440 -20.828087 -23.368204 -26.847292 -28.250286 -22.407203 -12.304130 -13.656437 -25.360340 -27.033556 -21.714182 -17.933920 -23.040621 -22.951590 -25.737506 -22.732800 -23.513508 -24.290775 -21.634349 -22.964022 -22.784912 -22.277992 -24.695950 -26.567692 -31.278387 -35.951690 
-3.157315 1.753718 -2.016114 -6.496774 -8.313616 -16.567443 -12.369313 -12.749094 -11.069489 -15.667150 -17.258724 -21.882932 -23.983949 -22.716299 -26.957586 -27.596468 -27.825084 -26.568886 -27.518081 -25.985881 -13.526026 -17.184864 -29.458026 -30.163312 -28.031319 -24.435283 -25.399646 -27.454487 -23.572852 -21.463560 -26.718811 -27.554765 -26.389196 -28.336397 -30.803247 -31.395379 -31.404780 -31.063631 -36.335906 -40.113747 
-11.065461 -7.973571 -8.972025 -15.098914 -27.389292 -33.954615 -23.792073 -19.417351 -16.907135 -16.763203 -20.076609 -28.273589 -28.772719 -25.619444 -33.687717 -36.012002 -36.435201 -33.260349 -37.158638 -33.185820 -21.827706 -24.162933 -41.774951 -40.268889 -39.504428 -29.722492 -32.883322 -39.757010 -37.777541 -34.325027 -37.667829 -39.244587 -37.226454 -39.625400 -41.775926 -47.319536 -45.875598 -45.677754 -51.630947 -52.652600 
-59.302091 -55.886970 -57.346312 -59.622166 -61.262677 -62.940902 -61.140313 -59.928717 -56.410282 -57.995948 -61.045964 -62.553815 -62.028538 -64.550739 -64.697724 -65.247938 -66.555301 -67.584325 -67.122509 -69.525409 -70.863341 -71.849661 -74.652675 -74.703096 -76.984396 -76.354040 -74.977206 -77.916661 -72.856260 -75.098527 -77.897695 -75.114435 -75.093639 -75.889372 -75.605449 -79.446316 -81.618684 -80.674567 -79.237126 -80.069412 
-77.387055 -72.422549 -70.835503 -72.983553 -75.935722 -74.976513 -73.509753 -71.647396 -69.380957 -77.119295 -83.450842 -78.521057 -76.711841 -83.401298 -87.321737 -81.086178 -85.016338 -84.021879 -78.040005 -81.740113 -79.055740 -79.113528 -85.118851 -85.693064 -85.140768 -87.328773 -80.713293 -81.574276 -84.714294 -86.753829 -87.345125 -82.357385 -88.971718 -91.908795 -88.072291 -91.843047 -94.292050 -93.758965 -91.464344 -92.922486 
-96.381979 -98.350012 -97.037170 -98.728089 -96.954440 -98.138333 -97.698913 -97.377316 -97.996838 -97.891473 -97.575387 -97.639926 -97.789830 -97.679622 -97.760958 -97.698596 -97.720463 -97.783631 -97.721524 -97.678845 -97.820560 -97.682745 -97.704222 -97.730779 -97.722114 -97.750546 -97.727836 -97.715873 -97.750043 -97.708383 -97.716062 -97.738902 -97.730838 -97.732369 -97.709530 -97.737269 -97.733809 -97.739880 -98.271533 -100.425045 
-72.374648 -70.110070 -69.576671 -69.246052 -68.983711 -71.530981 -75.762429 -76.020588 -74.123191 -72.195792 -74.364775 -80.756933 -84.516476 -81.081161 -82.475985 -78.841348 -79.467019 -84.309801 -80.308180 -78.994729 -84.921754 -83.635013 -82.898486 -83.430370 -86.053128 -84.018961 -87.182958 -86.746302 -88.500955 -87.473767 -92.064265 -92.267836 -91.686867 -92.171313 -92.761566 -90.775877 -91.289442 -90.882031 -90.756227 -91.562875 
-69.866260 -67.930292 -67.809147 -67.955186 -68.720240 -68.947555 -74.032120 -70.715032 -72.310655 -73.438344 -71.228753 -73.257737 -77.400622 -76.474105 -79.869315 -79.715412 -79.410654 -82.857928 -76.988589 -78.269711 -77.665312 -82.755043 -84.564174 -81.651103 -80.711680 -83.736699 -88.547130 -85.249978 -85.444969 -86.431083 -88.025760 -86.595291 -85.349452 -84.818788 -84.643929 -84.227219 -84.544790 -85.166216 -86.818299 -89.648809 
-72.684396 -68.113364 -67.463764 -66.618628 -68.828636 -69.014504 -71.797841 -70.487940 -72.058082 -73.301157 -71.614598 -70.578752 -75.439440 -79.393163 -77.875243 -81.262985 -87.700939 -81.990810 -78.260463 -82.922571 -77.027880 -81.781383 -86.778004 -83.275723 -81.198927 -85.335626 -86.845435 -84.269756 -86.679598 -91.064219 -91.894375 -88.601794 -91.175861 -95.163038 -92.609211 -89.834966 -91.215072 -92.475197 -90.278297 -93.383611 
-71.702703 -71.333774 -71.627028 -71.527475 -71.875097 -71.855118 -72.326525 -72.483030 -72.902706 -73.529689 -74.159004 -74.902104 -75.978174 -77.239022 -78.966641 -81.136932 -84.252820 -89.173678 -97.184744 -95.414825 -89.220072 -86.190404 -84.847030 -84.723121 -85.773576 -88.426989 -94.217681 -102.172598 -94.018698 -89.875239 -89.133999 -91.399716 -98.929735 -100.044399 -92.850586 -92.168970 -97.499708 -101.336403 -94.463064 -96.208482 
-149.453490 -149.428441 -149.387501 -149.320519 -149.233504 -149.118563 -148.988059 -148.834896 -148.653259 -148.464729 -148.269551 -148.069906 -147.883064 -147.711172 -147.563616 -147.451085 -147.375502 -147.341947 -147.347026 -147.379813 -147.420241 -147.437921 -147.398385 -147.273610 -147.057730 -146.775487 -146.472861 -146.197021 -145.963506 -145.740850 -145.444252 -144.987191 -144.360557 -143.643974 -142.902097 -142.032586 -140.781830 -139.100700 -137.363408 -136.072349 
NaN NaN NaN NaN NaN NaN NaN NaN NaN NaN NaN NaN NaN NaN NaN NaN NaN NaN NaN NaN NaN NaN NaN NaN NaN NaN NaN NaN NaN NaN NaN NaN NaN NaN NaN NaN NaN NaN NaN NaN 
-80.121512 -76.267638 -76.406269 -81.945400 -87.175635 -78.097274 -77.693939 -84.105705 -82.400434 -79.103706 -83.070253 -82.645837 -81.538210 -82.692751 -83.247854 -81.933856 -84.200820 -82.115005 -84.587675 -83.228528 -84.419620 -85.636415 -85.737749 -87.168777 -88.518825 -89.613023 -91.246474 -93.489816 -95.266921 -96.112038 -99.598447 -99.456798 -95.849648 -95.117641 -94.689606 -94.178211 -94.321256 -95.546779 -97.751827 -103.395519 
-68.229852 -66.730910 -66.954905 -69.275261 -70.413443 -68.536655 -68.991492 -72.994452 -72.896499 -72.250321 -79.388140 -78.872906 -79.809495 -82.300324 -83.910719 -78.249274 -80.866771 -76.385968 -78.270927 -76.384183 -77.493113 -79.616059 -81.599514 -85.254910 -86.940462 -83.922133 -83.368134 -83.383910 -82.474506 -82.968805 -87.687244 -88.134506 -84.092127 -86.321517 -92.051745 -92.122795 -89.699257 -92.235769 -88.383240 -89.737183 
