NaN NaN NaN NaN NaN NaN NaN NaN NaN NaN NaN NaN NaN NaN NaN NaN NaN NaN NaN NaN NaN NaN NaN NaN NaN NaN NaN NaN NaN NaN NaN NaN NaN NaN NaN NaN NaN NaN NaN NaN 
NaN NaN NaN NaN NaN NaN NaN NaN NaN NaN NaN NaN NaN NaN NaN NaN NaN NaN NaN NaN NaN NaN NaN NaN NaN NaN NaN NaN NaN NaN NaN NaN NaN NaN NaN NaN NaN NaN NaN NaN 
NaN NaN NaN NaN NaN NaN NaN NaN NaN NaN NaN NaN NaN NaN NaN NaN NaN NaN NaN NaN NaN NaN NaN NaN NaN NaN NaN NaN NaN NaN NaN NaN NaN NaN NaN NaN NaN NaN NaN NaN 
NaN NaN NaN NaN NaN NaN NaN NaN NaN NaN NaN NaN NaN NaN NaN NaN NaN NaN NaN NaN NaN NaN NaN NaN NaN NaN NaN NaN NaN NaN NaN NaN NaN NaN NaN NaN NaN NaN NaN NaN 
NaN NaN NaN NaN NaN NaN NaN NaN NaN NaN NaN NaN NaN NaN NaN NaN NaN NaN NaN NaN NaN NaN NaN NaN NaN NaN NaN NaN NaN NaN NaN NaN NaN NaN NaN NaN NaN NaN NaN NaN 
NaN NaN NaN NaN NaN NaN NaN NaN NaN NaN NaN NaN NaN NaN NaN NaN NaN NaN NaN NaN NaN NaN NaN NaN NaN NaN NaN NaN NaN NaN NaN NaN NaN NaN NaN NaN NaN NaN NaN NaN 
NaN NaN NaN NaN NaN NaN NaN NaN NaN NaN NaN NaN NaN NaN NaN NaN NaN NaN NaN NaN NaN NaN NaN NaN NaN NaN NaN NaN NaN NaN NaN NaN NaN NaN NaN NaN NaN NaN NaN NaN 
NaN NaN NaN NaN NaN NaN NaN NaN NaN NaN NaN NaN NaN NaN NaN NaN NaN NaN NaN NaN NaN NaN NaN NaN NaN NaN NaN NaN NaN NaN NaN NaN NaN NaN NaN NaN NaN NaN NaN NaN 
NaN NaN NaN NaN NaN NaN NaN NaN NaN NaN NaN NaN NaN NaN NaN NaN NaN NaN NaN NaN NaN NaN NaN NaN NaN NaN NaN NaN NaN NaN NaN NaN NaN NaN NaN NaN NaN NaN NaN NaN 
NaN NaN NaN NaN NaN NaN NaN NaN NaN NaN NaN NaN NaN NaN NaN NaN NaN NaN NaN NaN NaN NaN NaN NaN NaN NaN NaN NaN NaN NaN NaN NaN NaN NaN NaN NaN NaN NaN NaN NaN 
NaN NaN NaN NaN NaN NaN NaN NaN NaN NaN NaN NaN NaN NaN NaN NaN NaN NaN NaN NaN NaN NaN NaN NaN NaN NaN NaN NaN NaN NaN NaN NaN NaN NaN NaN NaN NaN NaN NaN NaN 
NaN NaN NaN NaN NaN NaN NaN NaN NaN NaN NaN NaN NaN NaN NaN NaN NaN NaN NaN NaN NaN NaN NaN NaN NaN NaN NaN NaN NaN NaN NaN NaN NaN NaN NaN NaN NaN NaN NaN NaN 
NaN NaN NaN NaN NaN NaN NaN NaN NaN NaN NaN NaN NaN NaN NaN NaN NaN NaN NaN NaN NaN NaN NaN NaN NaN NaN NaN NaN NaN NaN NaN NaN NaN NaN NaN NaN NaN NaN NaN NaN 
NaN NaN NaN NaN NaN NaN NaN NaN NaN NaN NaN NaN NaN NaN NaN NaN NaN NaN NaN NaN NaN NaN NaN NaN NaN NaN NaN NaN NaN NaN NaN NaN NaN NaN NaN NaN NaN NaN NaN NaN 
NaN NaN NaN NaN NaN NaN NaN NaN NaN NaN NaN NaN NaN NaN NaN NaN NaN NaN NaN NaN NaN NaN NaN NaN NaN NaN NaN NaN NaN NaN NaN NaN NaN NaN NaN NaN NaN NaN NaN NaN 
NaN NaN NaN NaN NaN NaN NaN NaN NaN NaN NaN NaN NaN NaN NaN NaN NaN NaN NaN NaN NaN NaN NaN NaN NaN NaN NaN NaN NaN NaN NaN NaN NaN NaN NaN NaN NaN NaN NaN NaN 
NaN NaN NaN NaN NaN NaN NaN NaN NaN NaN NaN NaN NaN NaN NaN NaN NaN NaN NaN NaN NaN NaN NaN NaN NaN NaN NaN NaN NaN NaN NaN NaN NaN NaN NaN NaN NaN NaN NaN NaN 
NaN NaN NaN NaN NaN NaN NaN NaN NaN NaN NaN NaN NaN NaN NaN NaN NaN NaN NaN NaN NaN NaN NaN NaN NaN NaN NaN NaN NaN NaN NaN NaN NaN NaN NaN NaN NaN NaN NaN NaN 
-65.073353 -66.058981 -67.809452 -71.140739 -77.099657 -87.201957 -81.336132 -78.054644 -79.375648 -86.099111 -92.679817 -86.440875 -88.470857 -93.868017 -90.028675 -93.005332 -94.517113 -90.613372 -91.030371 -92.695811 -97.353012 -92.384192 -94.243088 -98.629591 -96.779837 -98.992073 -97.804911 -95.131047 -97.110062 -103.025219 -99.024285 -96.760454 -96.442947 -99.484792 -97.360536 -99.223831 -99.085295 -99.480554 -101.533168 -100.216145 
-42.140801 -50.704728 -51.100308 -55.727919 -65.393240 -66.040753 -65.699609 -69.579005 -65.571226 -64.931853 -68.408396 -74.613497 -70.728334 -74.095829 -73.240222 -75.211651 -77.666407 -72.542603 -71.502171 -75.222325 -74.374416 -72.770242 -72.836029 -77.778650 -77.427139 -75.791483 -78.244795 -79.415139 -74.204200 -75.525583 -77.247254 -78.789390 -76.923078 -79.280187 -78.670548 -78.644743 -80.827508 -77.469370 -77.564512 -77.626447 
-31.629417 -41.149528 -45.472583 -52.620717 -54.022778 -55.999061 -60.084998 -61.816242 -62.154687 -61.796673 -63.579566 -62.897617 -64.237803 -66.703236 -67.359800 -66.472961 -69.536204 -66.515772 -65.684143 -69.340591 -68.443219 -68.620515 -70.877832 -71.532578 -72.133032 -70.480260 -73.082824 -72.905041 -72.039965 -71.299554 -73.715470 -76.213967 -73.954281 -73.267809 -75.714840 -74.222627 -72.112417 -74.267686 -73.391909 -75.555680 
-16.269714 -29.274680 -39.512674 -43.437713 -41.558901 -44.198749 -46.369337 -47.336311 -48.471597 -50.088244 -51.007563 -51.961262 -52.890038 -53.553539 -54.167686 -55.128469 -56.575696 -56.415214 -57.465582 -58.769138 -58.611787 -59.215689 -60.562534 -61.103986 -61.591914 -61.906330 -62.347855 -62.292276 -63.710182 -64.222180 -64.601581 -65.634822 -65.731692 -66.128632 -66.392580 -66.629458 -66.692937 -67.062526 -67.216331 -67.962287 
1.328518 -1.946209 -7.738159 -12.289709 -12.596243 -10.418805 -10.020930 -11.546592 -14.326448 -18.125875 -21.577613 -28.818106 -26.850659 -22.859908 -23.612766 -28.696282 -30.510771 -26.223250 -32.670426 -27.261996 -23.612859 -23.184626 -26.653425 -35.205106 -33.263160 -33.387084 -34.547599 -35.346002 -34.717749 -33.623879 -38.039298 -41.667812 -41.065872 -44.580001 -48.199778 -44.110641 -44.127342 -43.284764 -44.686250 -47.352237 
8.926489 6.247414 -6.005339 -16.974879 -12.932673 -5.177011 -5.405759 -7.332709 -10.143989 -15.394422 -17.171670 -21.623944 -22.799631 -17.723325 -18.027580 -22.262148 -17.260126 -18.582800 -17.185309 -16.632921 -10.364509 -16.180671 -20.348747 -25.816976 -25.372077 -25.304913 -29.159099 -28.833220 -25.609562 -24.926915 -29.958790 -31.263639 -32.277015 -32.654492 -36.663381 -37.194471 -36.684823 -37.268009 -40.431459 -42.194611 
3.023416 -2.970739 -13.623472 -15.290682 -15.158529 -16.633601 -13.560520 -16.666302 -7.571396 -11.126962 -18.611218 -13.194791 -14.744584 -16.307829 -17.075701 -19.610902 -17.994425 -16.531651 -13.878860 -10.384755 -6.589499 -10.106108 -14.480494 -20.476107 -23.313870 -18.784493 -20.559729 -20.580388 -16.307942 -20.702304 -26.915739 -28.455350 -25.595022 -23.952671 -28.182812 -33.164495 -32.778370 -31.804570 -32.426386 -37.542946 
-11.645468 -15.839624 -18.319947 -20.938253 -15.101619 -14.905182 -10.621769 -11.324306 -7.113329 -11.032848 -14.207273 -7.574167 -10.345282 -12.091308 -12.651627 -15.312070 -12.734722 -9.667029 -11.272514 -13.073783 -4.766082 -3.532930 -6.723910 -17.308480 -16.102130 -15.838165 -23.859343 -21.485620 -13.759080 -16.778543 -25.342208 -21.994653 -21.516933 -19.934995 -21.765170 -26.341668 -27.410364 -28.575913 -28.588251 -31.857717 
-13.432520 -18.682516 -14.173487 -9.491762 -10.304253 -14.800354 -20.485455 -16.294435 -4.784793 -12.278168 -10.188784 -7.840264 -9.675395 -11.136606 -18.261317 -22.264573 -12.018846 -10.126384 -9.433727 -12.136372 -4.782205 2.062086 -6.227677 -17.629205 -16.790624 -15.000487 -17.327648 -18.655923 -18.502166 -16.823309 -25.107362 -25.631158 -24.162742 -17.709953 -20.574820 -23.718488 -24.997694 -27.986146 -30.259189 -29.544543 
-11.134272 -17.030892 -15.259294 -11.108226 -8.395561 -9.921674 -12.844077 -14.805737 -10.228204 -14.169543 -14.245613 -11.261498 -11.840633 -10.480078 -17.475645 -19.572171 -18.517678 -14.858163 -12.482678 -12.798514 -6.348146 -3.451126 -6.537726 -18.592369 -20.478657 -19.945925 -20.696550 -19.566700 -17.890186 -17.061540 -28.235075 -28.750684 -25.131312 -21.362801 -26.558034 -30.242469 -29.905664 -28.469507 -31.553450 -31.830963 
-10.136793 -1.217877 4.358562 6.758927 2.403237 -4.058349 -9.002551 -15.777545 -7.954044 -9.459693 -17.806976 -10.103343 -12.724280 -11.023086 -13.930195 -19.730448 -16.098657 -12.559792 -9.955114 -11.307955 -4.071387 -0.156084 -3.982984 -14.359487 -15.917894 -12.316868 -15.642674 -16.532313 -14.546996 -17.864937 -26.363605 -28.133092 -18.863846 -14.872023 -19.104088 -26.741253 -26.062812 -24.086145 -23.857034 -24.032603 
-10.602552 8.549897 19.762860 19.438780 4.890722 3.652620 4.018972 -10.147087 -3.488059 -1.366019 -4.737275 -4.720025 -12.984025 -7.469020 -14.202757 -15.814785 -15.095396 -9.977236 -9.188773 -8.761020 -5.188670 -1.565596 -3.994689 -15.949658 -13.052844 -11.251799 -18.672759 -19.765280 -17.475515 -18.756783 -29.510231 -28.054875 -20.789140 -14.719402 -17.670489 -24.706815 -24.526733 -23.633613 -23.955295 -25.990382 
-6.698274 8.311352 22.703242 22.115828 2.854954 7.330072 8.290038 -1.473708 7.278106 0.096180 6.352995 -2.770712 -4.171516 -4.973445 -6.875110 -18.142141 -14.426125 -10.586553 -7.225873 -6.452066 -4.387290 -0.707104 -6.714432 -14.852697 -12.298516 -9.497612 -13.660344 -13.782890 -17.366726 -16.607101 -28.169447 -29.778204 -18.144656 -12.727397 -18.531029 -25.597197 -23.992849 -23.188751 -23.964331 -22.067617 
-17.025862 3.406997 21.070419 22.937798 6.493449 7.711028 11.811352 0.309584 12.072782 3.737139 8.458719 3.573320 -0.727737 -2.925044 -3.374858 -12.646095 -12.852002 -5.466228 -6.887270 -4.751348 -1.393438 3.260018 0.735142 -9.882604 -11.407785 -8.597219 -14.449720 -13.077035 -11.178739 -10.943239 -23.263709 -26.779666 -16.427541 -10.721556 -16.573582 -30.549756 -27.659319 -23.213150 -20.937249 -17.907419 
-12.340979 -3.072631 19.102486 22.899974 8.147070 7.011560 14.336384 3.042546 14.417697 8.879366 6.083691 6.247904 0.054005 -0.019052 -5.754284 -10.560701 -14.010087 -6.472957 -6.854906 -5.174652 -0.040581 5.640336 3.963884 -6.096461 -5.706275 -2.407148 -7.508521 -9.036998 -9.728891 -10.789415 -21.133716 -22.803725 -13.964145 -8.745199 -12.290208 -28.573934 -21.125888 -21.377031 -20.351238 -19.321903 
-14.428598 -5.973655 17.172321 22.799619 10.288260 7.786118 17.400184 7.244303 15.108090 16.470533 2.592114 5.430728 -0.957547 4.703100 -8.603918 -7.026862 -8.394301 -5.847475 -3.259820 -0.521526 3.059920 9.712204 6.793729 -4.220144 -2.868591 0.125453 -4.877601 -7.931969 -8.504181 -6.841831 -17.997476 -20.478060 -11.245309 -7.749587 -12.203513 -27.300244 -22.495879 -22.103062 -23.304714 -21.454284 
-26.505507 -12.158644 15.409634 22.650838 11.275796 6.747982 18.216571 8.934014 12.808543 18.344903 -0.730204 3.174089 -5.907537 5.007919 -6.618226 -5.815057 -6.953163 -6.659747 -2.651153 -0.534604 2.208245 8.544339 8.308086 -4.619041 -3.043652 1.003520 -4.357391 -7.550019 -8.109586 -7.689758 -17.779422 -21.252003 -12.778865 -7.704162 -10.886615 -24.214682 -19.813714 -20.340311 -20.992759 -17.706206 
-19.549201 -14.601077 14.635536 22.278092 11.144877 4.149019 17.275234 8.121901 9.914358 17.623223 -1.504329 3.910796 -6.007361 5.020567 -7.306561 -7.812306 -8.976201 -9.164094 -4.958190 -4.442179 -0.204667 5.926326 7.381180 -6.050847 -4.532497 -0.523101 -7.911871 -10.039321 -9.750672 -10.202677 -21.029632 -21.837239 -13.183329 -11.284504 -15.115559 -26.967614 -22.287464 -22.517466 -23.265324 -22.303650 
-25.714452 -15.009557 14.265351 22.046312 11.113877 3.567526 16.740708 7.784070 9.227465 16.944585 -1.664782 4.453957 -5.680385 5.134917 -6.787799 -8.572686 -9.612250 -9.194815 -5.756943 -5.202960 -1.294011 4.644126 6.697110 -7.028900 -5.353964 -0.625420 -8.901038 -11.319015 -11.013290 -11.183098 -20.944801 -21.989596 -13.482008 -10.677417 -14.838840 -26.763363 -22.004360 -20.795041 -22.493788 -22.013269 
-21.386063 -15.917495 14.275287 22.007131 11.250024 3.822885 16.701372 7.774573 9.321365 16.582558 -1.776187 4.406446 -5.414142 5.819939 -6.625285 -9.114591 -10.274467 -10.087302 -6.833902 -5.969310 -1.336101 4.780776 6.169753 -7.558326 -6.148110 -1.478853 -9.197255 -11.060374 -10.467242 -10.682083 -20.539383 -24.685832 -14.297327 -11.720331 -15.342114 -26.717790 -21.793605 -21.442788 -22.019239 -21.477023 
-21.741648 -12.864060 14.978109 21.864041 10.279585 5.911469 16.865658 6.122099 11.140968 15.792409 -1.308221 5.094973 -4.952899 5.488122 -5.666929 -7.976269 -10.018475 -10.006098 -6.851739 -5.522562 -1.377031 5.724330 5.639957 -7.946641 -6.114364 -2.269826 -8.762951 -10.373933 -11.072779 -10.610579 -20.387224 -21.846495 -14.864017 -10.461731 -14.788738 -25.566561 -19.754396 -19.601452 -20.349319 -21.425418 
-17.484322 -6.616289 16.272985 21.527535 8.454924 9.292150 17.373871 4.311834 13.577631 13.934245 2.877869 7.449573 -1.525204 3.243781 -4.764713 -7.534404 -10.774275 -8.668779 -7.079754 -4.200881 -0.856123 6.849952 3.471546 -7.636079 -6.473101 -1.462241 -7.672885 -11.396865 -12.299654 -9.788357 -21.508024 -25.186731 -14.774777 -11.070935 -15.802657 -27.528305 -21.219033 -21.455701 -22.044229 -20.823326 
-14.191822 -1.857913 17.450327 20.454566 5.798690 13.679885 17.436265 4.201670 15.652115 11.249744 9.255811 8.407101 1.402006 -0.247060 -0.455243 -8.691027 -12.442390 -6.423616 -5.985673 -3.767385 0.400268 6.579180 2.643110 -9.624717 -8.201185 -1.645530 -10.081586 -11.878466 -13.641625 -12.021535 -23.256470 -24.597768 -15.915224 -13.277381 -18.538230 -29.665838 -21.927705 -24.080088 -27.378822 -19.680324 
-16.887537 3.189492 18.723542 18.549531 3.997542 17.456647 16.374976 6.667040 14.728405 5.928522 14.484109 6.993857 2.379991 0.919235 3.186004 -8.004787 -9.635153 -6.878961 -4.687073 -2.760580 2.447550 6.692641 2.135257 -9.737712 -7.143922 -2.270076 -8.998649 -10.894719 -11.780200 -10.476035 -23.826957 -28.111501 -18.755915 -12.235066 -16.649992 -26.775827 -24.149810 -25.986751 -23.861607 -22.178623 
-20.492415 6.991966 19.718270 16.696127 8.389381 18.663089 12.856286 10.774262 10.324237 9.399122 11.441072 4.837295 1.979450 5.611540 1.886214 -5.684713 -8.675335 -6.431588 -4.379999 -2.141685 2.844588 5.606601 0.003147 -10.928686 -9.586644 -3.593242 -9.729119 -11.960124 -12.590055 -12.362866 -27.545724 -30.522769 -19.903402 -13.487865 -18.125252 -26.812661 -23.080683 -23.265684 -22.154251 -24.645821 
-13.345453 10.765883 20.349156 14.625184 12.590295 16.159098 7.511263 12.604840 5.681584 11.734900 5.614442 6.129922 0.948769 0.574013 2.164428 -6.957743 -8.420908 -5.678351 -4.434090 -0.803006 3.465387 3.932010 -1.829624 -11.035154 -9.858384 -6.118336 -11.784151 -12.941713 -12.774697 -12.728779 -26.316049 -30.310985 -16.496180 -10.571728 -16.295965 -24.971536 -21.642297 -24.548552 -22.732175 -23.523731 
-8.834325 13.305643 20.095620 12.587962 15.685929 12.499468 7.886946 9.565902 10.157408 10.747057 10.255324 6.991777 1.460006 4.865400 1.633609 -6.672749 -9.629395 -5.743521 -2.850002 1.393892 5.623709 4.532985 -0.987683 -11.022923 -9.180404 -4.630432 -11.387679 -11.172169 -9.044951 -8.671777 -23.217223 -31.492096 -16.051584 -11.952654 -17.789433 -25.313809 -22.685398 -24.242706 -24.713199 -21.837989 
-3.286252 14.850890 18.459613 12.587231 17.916101 9.203951 8.946990 5.091155 10.168099 8.140555 7.946783 6.405359 2.370342 3.052213 -0.641122 -7.505675 -9.744713 -6.192220 -2.890425 0.890856 4.379437 2.041844 -3.497962 -11.663818 -9.786080 -5.479942 -10.785477 -10.694537 -9.287956 -10.395577 -25.398062 -32.060637 -18.047258 -10.764280 -15.299322 -29.373548 -26.659557 -26.870044 -26.869930 -31.196115 
-1.434525 14.821224 16.849463 12.996449 18.276557 8.454953 7.769996 3.115368 6.047181 4.757299 4.353055 3.644044 -1.821493 0.871923 -1.222090 -10.569254 -12.182853 -7.803871 -4.483811 0.743860 4.007560 2.390439 -2.906804 -14.119967 -10.271180 -6.418694 -13.669713 -14.884145 -12.641017 -13.119674 -30.557725 -35.777929 -26.442173 -19.557555 -22.886971 -32.432512 -28.517220 -35.807353 -33.910810 -27.480995 
0.153472 14.339149 14.604896 14.647329 17.110717 7.988954 6.022901 3.804689 2.266040 4.161677 2.007207 0.310240 -6.169348 -9.056818 -11.899784 -18.625292 -20.689709 -16.744063 -13.499667 -11.230396 -9.430939 -7.274479 -12.153605 -20.577239 -21.732648 -17.315295 -21.117514 -20.797077 -19.956115 -23.269199 -36.435603 -37.611693 -27.025946 -18.928231 -23.378803 -26.955320 -25.900865 -29.585193 -27.885894 -29.735651 
2.433145 13.164439 12.317221 17.437141 15.477290 10.214495 8.230443 7.669215 7.913878 6.842473 7.636036 5.338482 2.055835 3.164367 1.336897 -4.540478 -4.587141 -0.973003 4.026111 9.100555 7.954395 4.019175 0.505610 -7.181924 -7.076896 -5.279275 -9.009944 -8.745378 -7.376178 -11.037244 -29.706265 -39.339825 -24.393402 -13.207404 -17.033559 -26.905977 -23.599088 -25.190552 -22.331621 -25.269023 
1.989634 11.421052 11.318413 15.722139 10.723403 6.569159 2.977967 2.210645 1.054951 -0.962236 4.725863 2.434639 -5.526498 -4.404242 -4.684505 -13.248381 -13.322710 -10.885745 -6.548190 2.299647 -0.948310 -6.371753 -9.505481 -18.695712 -14.387754 -14.081002 -18.852203 -17.798458 -15.898124 -18.486599 -35.538737 -38.991169 -24.850811 -19.169788 -23.263672 -32.105110 -29.163927 -31.054560 -29.124521 -24.256777 
1.595542 10.252290 11.196236 13.179394 8.115043 4.948664 3.110896 4.386209 5.262258 6.642875 6.542923 2.562711 -0.700533 0.458850 -1.557593 -5.915698 -4.938845 -0.795918 5.097724 6.512858 0.136585 -2.244410 -5.125055 -13.186017 -13.251136 -11.159791 -13.805823 -14.420701 -12.488833 -16.839307 -35.469718 -36.916057 -24.697209 -12.699942 -16.679620 -25.105531 -22.386035 -29.312100 -26.835103 -23.644559 
1.095087 8.638358 9.101251 10.667133 5.479975 3.711653 0.429974 1.705247 4.406955 2.694748 0.107425 1.340989 -6.141143 -4.184255 -4.892718 -12.384941 -9.337539 -4.147757 2.468492 3.789902 -7.335127 -10.548227 -11.819630 -19.408743 -17.158716 -17.352420 -19.244795 -18.474807 -18.581899 -22.689361 -36.104654 -38.617829 -29.966912 -20.109445 -22.703756 -27.492596 -24.487464 -33.562982 -33.594620 -28.979604 
0.995488 8.899470 9.536747 11.736305 6.208410 3.132196 1.762174 2.256673 4.197142 2.621764 1.413655 -0.224853 -4.297299 -4.095540 -5.391156 -9.986475 -8.036564 -2.422140 2.859102 0.248510 -7.283831 -8.964888 -11.935475 -17.493361 -17.716103 -18.004802 -20.641311 -19.888452 -20.480697 -26.104261 -39.344762 -40.932333 -32.891352 -24.457631 -29.270231 -34.086160 -30.247625 -36.384215 -36.121666 -33.847764 
2.814687 10.444180 10.759450 12.983845 6.599714 4.618310 2.050303 2.985711 3.125539 5.145653 3.423927 -2.898154 -3.914939 -3.469206 -7.135106 -11.194895 -8.435027 -2.663504 1.749334 -2.709317 -11.926316 -12.017315 -13.476449 -19.815385 -20.933653 -22.234803 -22.986701 -20.844008 -21.133413 -26.682026 -44.285480 -47.202082 -30.004085 -25.722728 -28.066816 -35.445673 -32.144864 -42.704947 -36.814123 -35.139343 
2.876623 10.644681 10.927423 12.380682 4.047443 3.463757 2.059996 3.662335 3.756319 2.837035 -0.667426 -2.692669 -5.961420 -4.292955 -4.999724 -10.229462 -8.676946 -3.874492 -0.344189 -5.804948 -12.290709 -12.310811 -12.811041 -19.710182 -20.354261 -27.872318 -26.396399 -23.754820 -23.408894 -29.133192 -43.935634 -44.589378 -31.695202 -25.033144 -30.393477 -30.376236 -33.011012 -43.322068 -41.108592 -29.770832 
2.602111 8.598060 8.869734 10.455545 4.063578 1.059860 -0.426921 -0.013152 2.490149 0.738525 0.392434 -3.351539 -10.202301 -5.159036 -7.892240 -15.161803 -12.380954 -3.411553 0.095261 -8.510397 -15.280869 -13.700024 -14.536002 -21.482721 -23.557606 -31.159056 -28.754542 -26.756108 -26.285533 -32.095490 -50.139635 -50.702775 -34.554937 -26.539040 -28.507092 -32.065833 -32.953754 -41.811156 -43.157142 -33.134213 
2.389454 4.584077 6.031754 6.017472 5.492188 1.929953 -0.265283 -2.071289 -0.777162 -1.951443 -1.539242 -7.271770 -13.567034 -9.682694 -12.921737 -17.806399 -14.591307 -7.735962 -5.795394 -15.679009 -20.993891 -19.027142 -19.363067 -25.062201 -27.590103 -33.743187 -32.876104 -31.540864 -32.323190 -36.540767 -51.721993 -51.880282 -41.333539 -31.061789 -28.647350 -35.447139 -33.842136 -43.240424 -43.587661 -39.954812 
2.397535 5.943279 8.540441 9.475158 7.727547 3.569351 1.013189 -0.634904 0.684987 0.824361 -5.093377 -15.296708 -12.255437 -8.566576 -11.624516 -16.430995 -11.505468 -6.278418 -9.757472 -17.598268 -23.055285 -20.751391 -19.199438 -22.486196 -24.462739 -38.396046 -37.290720 -34.731889 -34.142393 -37.649129 -51.391289 -52.120785 -42.900042 -31.951714 -29.883072 -32.585950 -33.047348 -43.553564 -44.095162 -40.578985 
2.547880 7.413517 8.973422 8.403826 5.364545 -0.304822 -2.262074 -3.903617 -6.603548 -6.125820 -17.405153 -19.012318 -16.045074 -15.042552 -18.403865 -20.268800 -14.052815 -14.568365 -21.263818 -21.065199 -22.675937 -20.910477 -21.346015 -20.214754 -19.994450 -32.911668 -40.694328 -48.219765 -49.009622 -48.553821 -53.160880 -54.059991 -53.089192 -38.556952 -35.258882 -39.570151 -40.170682 -50.071358 -49.624801 -46.306450 
-1.584577 2.647483 4.410913 -0.867812 0.434415 -2.985643 -8.720343 -10.685279 -12.706770 -18.481201 -27.704106 -33.144989 -25.524451 -21.551503 -27.571465 -33.579333 -22.515753 -21.010525 -29.841973 -33.303302 -34.300353 -32.511122 -31.208413 -27.318349 -26.068859 -40.302986 -49.707122 -52.490394 -53.339730 -53.122862 -56.717125 -56.388571 -56.353162 -43.263552 -40.606965 -38.957196 -36.997748 -52.854048 -51.294529 -46.476264 
-11.600010 -6.143437 -4.175475 -1.553645 -1.778217 -8.628944 -14.552603 -13.175977 -18.786152 -27.516659 -39.162290 -41.052774 -28.766758 -25.306173 -33.761616 -40.630543 -37.764494 -31.721937 -34.754019 -40.257803 -42.489846 -41.156569 -43.930812 -40.214343 -38.662989 -46.015197 -53.584005 -58.195586 -58.546876 -57.622944 -60.655245 -58.977539 -58.824310 -48.108572 -44.506401 -40.719626 -39.550732 -55.067486 -53.872642 -50.815512 
-25.039900 -21.739043 -20.332866 -15.413339 -9.970378 -13.527761 -20.726185 -26.454062 -35.452883 -39.334427 -46.618253 -45.537334 -38.470522 -36.347159 -42.136939 -45.792397 -46.035228 -40.329864 -40.111192 -47.512832 -49.811695 -50.385140 -50.236391 -42.377996 -41.431982 -51.951922 -57.849402 -61.428970 -59.776231 -59.245501 -58.428335 -58.223038 -61.127977 -54.528385 -51.516033 -45.297617 -44.587923 -57.545549 -59.869201 -60.558294 
-25.488767 -25.040309 -32.313302 -25.776693 -22.726847 -18.705625 -25.336719 -33.449578 -40.440424 -39.658836 -54.874956 -54.141604 -43.471025 -40.460261 -47.897913 -52.684734 -49.590411 -46.794714 -50.045253 -54.730806 -54.901149 -55.422597 -55.871771 -50.423868 -49.114567 -57.968524 -60.014207 -60.795190 -61.513050 -62.092129 -61.711429 -62.857922 -63.767303 -64.200855 -63.279762 -56.577057 -57.413219 -62.515967 -65.562943 -64.703793 
-18.409939 -18.795346 -23.439997 -22.461575 -16.682563 -13.604296 -12.870564 -13.971391 -15.548521 -17.869689 -19.654375 -22.492743 -21.416719 -17.798258 -17.512646 -19.508665 -19.738152 -18.728190 -20.306301 -22.017955 -24.093039 -27.078054 -34.230309 -38.604084 -33.154456 -29.682398 -31.413072 -30.919951 -34.778430 -34.713900 -32.657795 -35.323370 -28.209329 -34.598950 -34.515292 -31.770186 -32.332963 -33.604438 -33.278103 -31.777214 
-15.881229 -21.806116 -23.174198 -20.485728 -18.388227 -16.979316 -16.890733 -19.347445 -21.091280 -25.210593 -25.032859 -32.082301 -29.385274 -22.234158 -22.883399 -25.454933 -26.032679 -22.933208 -25.998084 -26.600429 -28.745549 -25.592759 -34.690932 -42.107119 -33.550799 -28.665989 -27.948699 -26.565280 -28.885372 -27.431665 -20.996028 -24.302532 -22.074213 -22.998740 -23.722442 -21.380142 -19.453436 -22.026372 -23.275400 -22.730896 
-11.210083 -15.186433 -18.583686 -16.467166 -16.995945 -18.410830 -17.882423 -18.869293 -22.386580 -28.815898 -31.615421 -32.556216 -29.491626 -24.910261 -23.080494 -23.357153 -26.390920 -25.116948 -25.717397 -27.398569 -28.926076 -27.606298 -30.719902 -35.419153 -26.341189 -27.566760 -24.229371 -26.645428 -23.884611 -25.665232 -23.125028 -18.441734 -19.320383 -17.100044 -18.362237 -16.261428 -14.127607 -15.470284 -18.096543 -17.640659 
-8.430218 -14.479202 -23.844500 -18.355605 -17.115408 -19.723598 -16.374736 -16.659858 -24.315548 -27.469816 -34.649243 -32.891348 -28.235692 -20.844908 -19.863246 -22.304933 -27.547941 -23.772823 -25.188250 -23.680065 -24.411891 -27.109999 -33.915690 -31.365159 -23.871063 -23.745333 -23.441122 -23.792348 -20.229408 -21.744473 -16.279494 -10.917810 -9.513764 -10.766384 -14.355372 -11.527359 -10.213767 -11.951015 -13.305970 -15.259751 
-11.174426 -20.683613 -26.457483 -20.675732 -26.693323 -32.774903 -28.231321 -32.131081 -31.932168 -36.803700 -37.363647 -29.750211 -27.752542 -25.689756 -26.274612 -28.434624 -30.157559 -28.847988 -30.301688 -25.555038 -20.799004 -21.468041 -24.661446 -35.652919 -32.082918 -27.474334 -25.891312 -22.421969 -18.803443 -15.864079 -14.968816 -11.002063 -7.589848 -7.292115 -9.739504 -10.670033 -6.478182 -5.903085 -7.174029 -6.889872 
-21.328509 -25.372935 -33.311272 -28.381926 -29.998153 -28.407120 -28.924184 -26.844015 -32.965703 -41.378372 -38.034099 -35.800646 -31.321859 -24.703854 -21.324097 -22.813164 -25.542916 -21.640221 -28.680251 -22.562649 -21.880281 -25.492528 -25.126405 -33.823751 -24.612453 -23.570341 -25.096626 -24.408430 -19.348339 -15.379038 -16.877245 -11.688456 -9.302415 -7.120361 -6.030444 -6.631672 -7.327393 -8.167066 -9.065547 -8.603963 
-31.981179 -40.521118 -37.488507 -32.077051 -29.779975 -33.268906 -28.192676 -27.319967 -34.679751 -32.486374 -33.287352 -35.379275 -31.446217 -21.582076 -17.756898 -19.066736 -21.167242 -24.644557 -26.821976 -20.040146 -24.382977 -24.477373 -22.249926 -31.029325 -24.818260 -23.758663 -23.062779 -17.826844 -20.976876 -15.178567 -12.959016 -5.827637 -5.271551 -6.248874 -4.619893 -3.061741 -3.096233 -4.549221 -3.873207 -7.826852 
-24.121772 -26.257195 -29.760548 -31.535981 -35.698639 -25.188305 -26.164271 -28.221424 -29.130993 -25.102557 -29.902217 -37.858550 -29.810731 -21.794975 -18.666574 -23.911446 -24.563558 -25.406737 -21.610861 -16.279644 -25.288532 -24.029319 -25.446066 -32.566405 -29.169009 -26.555710 -20.398612 -19.828932 -22.418287 -16.534546 -14.734034 -7.121921 -3.167343 -5.072627 -7.469481 -3.896683 -2.731845 -0.988738 -0.783962 -6.895478 
-21.969706 -26.754162 -38.746937 -36.439828 -27.847092 -26.451267 -23.819487 -26.217248 -29.734035 -31.301852 -29.772097 -32.349140 -29.938944 -26.496979 -28.476027 -25.494096 -22.395827 -23.425402 -29.121176 -21.051074 -24.308364 -25.037914 -35.317220 -31.173801 -25.952770 -21.746117 -20.777342 -20.254969 -20.111007 -17.166214 -14.992822 -9.179800 -7.520560 -7.781351 -8.160960 -8.205277 -4.914519 -5.007316 -3.527059 -7.073340 
-22.533532 -25.845341 -34.731299 -37.819442 -34.577070 -28.926889 -24.427406 -25.047671 -28.646905 -35.145150 -33.635637 -35.135529 -34.203098 -26.725126 -21.284099 -22.258956 -26.966567 -24.324557 -24.919766 -21.932925 -22.961862 -24.332543 -30.586630 -32.897408 -28.604186 -26.630148 -24.320315 -24.337058 -18.434327 -13.216038 -14.394699 -12.804067 -7.743748 -6.162054 -5.230391 -5.614336 -5.715420 -7.366089 -6.343635 -8.362404 
-28.614554 -39.256143 -37.777043 -34.485826 -36.218936 -39.864870 -31.215804 -28.823707 -31.392490 -36.329290 -38.695966 -35.342001 -29.764937 -21.356668 -18.668186 -23.506508 -28.756357 -26.477070 -23.840407 -18.998978 -20.031658 -23.143264 -29.771576 -32.813245 -29.550631 -26.555128 -20.355738 -19.850741 -20.825608 -15.980251 -12.595096 -6.804450 -5.475593 -8.159901 -8.835461 -4.594824 -3.618905 -3.657449 -8.995903 -7.472088 
-29.028779 -36.309120 -44.377160 -41.060674 -36.286843 -37.102842 -39.179081 -35.117565 -30.231845 -35.832555 -34.981562 -35.969328 -34.496717 -26.525548 -23.581086 -26.967956 -32.230383 -30.578268 -22.167146 -19.375819 -21.120282 -23.394034 -28.923141 -36.729938 -28.684671 -20.672398 -20.143373 -19.686875 -19.326971 -19.423357 -13.572827 -7.441421 -6.276802 -6.929111 -6.077520 -4.611096 -3.710142 -2.539823 -5.583662 -7.368592 
-27.777315 -34.374520 -41.225045 -39.709483 -39.725083 -44.502626 -37.817704 -30.091793 -32.104528 -30.081558 -31.274796 -33.505668 -34.851029 -35.019798 -28.533007 -27.640354 -26.266681 -21.770096 -20.039054 -21.132135 -18.716146 -23.033517 -25.138019 -31.481436 -28.345673 -23.209416 -26.687402 -22.041615 -14.137610 -11.090645 -10.540955 -6.796851 -2.847015 -2.612855 -3.340673 -2.470333 -3.255090 -2.366672 -1.095845 -4.505002 
-26.572306 -30.391610 -40.093532 -45.094998 -39.508248 -35.324413 -36.128973 -35.805430 -30.615439 -33.339824 -33.993763 -38.174034 -33.837784 -27.317984 -20.656282 -23.084875 -27.384950 -26.360973 -23.052635 -20.204193 -16.111269 -20.155176 -26.461012 -32.615766 -29.196961 -24.253964 -23.060020 -19.358727 -14.889074 -14.074461 -10.750843 -9.473749 -7.366560 -3.816957 -4.862167 -5.119102 -3.449469 -1.546796 -4.067366 -7.006281 
-31.057054 -40.216423 -35.504248 -38.043436 -44.160530 -40.642420 -35.755244 -33.820481 -30.754552 -31.954945 -29.159624 -30.313415 -32.135513 -29.502768 -24.458943 -23.630628 -28.926224 -31.374232 -25.889860 -26.399995 -23.190411 -23.028275 -29.619289 -35.079643 -26.880833 -24.313071 -19.941485 -16.834801 -14.824826 -11.053492 -13.662958 -8.461198 -3.877317 -3.302640 -6.115459 -4.796425 -1.356952 -1.805690 -6.633411 -9.969688 
-27.674910 -33.273350 -37.123487 -37.638892 -38.712064 -34.152298 -35.438014 -34.764987 -34.634962 -34.636002 -34.203662 -36.158089 -30.092278 -25.591526 -23.290128 -23.165793 -29.433912 -24.565661 -22.441377 -23.224745 -23.072166 -23.245094 -24.066782 -32.158633 -28.525272 -24.641967 -23.622002 -19.312414 -19.665427 -16.196641 -12.468224 -7.478671 -6.383034 -7.771571 -6.233800 -5.074397 -5.318986 -3.505833 -5.742138 -9.952912 
-27.057614 -32.998653 -36.651865 -40.223032 -42.523499 -45.678687 -41.831984 -37.935947 -34.960624 -31.303879 -37.131378 -37.494112 -36.524268 -30.888983 -29.668126 -28.500852 -28.279713 -26.376036 -22.950922 -23.140502 -24.195285 -24.451030 -27.126022 -37.281007 -32.480816 -24.573878 -26.616370 -20.378916 -15.355904 -14.928435 -10.915616 -7.493319 -4.902040 -6.205824 -6.359687 -6.037000 -5.087921 -4.945161 -5.980521 -8.954576 
-26.602124 -31.027356 -37.075545 -41.289679 -43.631485 -41.520765 -34.722421 -30.074027 -29.116114 -32.376303 -35.723312 -33.184045 -34.335718 -33.828594 -24.858386 -26.422175 -28.322308 -25.097239 -21.900274 -22.509239 -17.984447 -23.737980 -26.465761 -34.809222 -28.880178 -23.317331 -26.894747 -21.842320 -15.985109 -10.965756 -10.640093 -10.042505 -6.885524 -2.944894 -4.245973 -4.595231 -3.851572 -4.800112 -3.605141 -7.273127 
-42.678514 -34.165999 -39.474255 -38.982421 -40.120280 -35.623187 -35.543136 -40.304970 -28.857106 -32.485585 -29.811039 -30.422010 -32.853740 -25.841268 -21.432152 -22.940774 -28.470124 -29.910530 -27.869512 -24.309354 -21.830375 -22.708058 -32.550991 -34.954390 -29.540590 -25.565104 -22.592141 -18.438598 -13.587440 -11.842443 -12.109484 -10.217345 -7.722367 -4.438372 -8.095613 -7.847691 -5.344143 -3.839622 -8.386594 -10.905053 
-28.171582 -32.763196 -35.707258 -36.409897 -40.342786 -35.337891 -32.323098 -31.970304 -28.725783 -31.401552 -29.944382 -29.755599 -28.502896 -26.497799 -26.674886 -22.939721 -27.597079 -24.719807 -24.545544 -29.254608 -26.120171 -22.871107 -26.314541 -33.575875 -28.181724 -25.917936 -21.826006 -17.914749 -16.022476 -11.867763 -13.603241 -9.633431 -4.155924 -6.791541 -7.440087 -7.699249 -5.854821 -7.006885 -9.202897 -13.853677 
-22.793787 -29.311823 -34.710320 -35.434239 -35.119337 -27.770151 -23.090813 -28.583107 -27.776558 -29.501959 -35.199922 -37.220537 -31.792482 -23.825924 -23.951451 -22.158884 -26.651593 -22.837319 -22.804742 -25.337874 -21.739688 -22.000792 -25.412628 -35.275161 -29.630257 -25.074206 -20.593322 -18.890663 -17.511444 -13.688929 -13.197611 -11.656824 -7.356525 -8.720014 -8.530253 -6.760294 -7.117578 -5.690923 -6.932728 -11.306017 
-22.010666 -27.256815 -35.801614 -37.480547 -29.904060 -27.008627 -28.665674 -22.493164 -22.841315 -26.880968 -34.622456 -41.537426 -34.335923 -26.100211 -21.365968 -28.206941 -24.882334 -31.408626 -28.160897 -28.480128 -26.149880 -27.381915 -31.861045 -39.562653 -30.104987 -24.412402 -21.401310 -18.680057 -17.528537 -13.452545 -15.101842 -11.414787 -10.428685 -14.754261 -14.511935 -14.053141 -11.089418 -10.282701 -11.510787 -17.078017 
-25.428388 -29.313533 -34.274381 -27.760613 -30.523688 -29.479007 -25.451108 -20.470791 -23.005455 -27.713171 -27.034744 -26.480895 -24.775444 -23.424859 -22.918265 -26.854768 -22.836261 -24.706726 -24.305250 -24.356253 -23.471002 -24.684916 -33.166621 -38.008493 -29.911137 -28.529512 -30.042018 -24.972964 -20.508912 -18.534704 -14.799683 -12.531251 -16.274796 -15.234704 -17.142705 -15.650355 -16.410853 -18.821602 -19.907901 -24.661639 
-22.055072 -27.819889 -27.827062 -27.326691 -31.910784 -37.931502 -30.451281 -25.587533 -21.833644 -24.073696 -24.649382 -24.355322 -19.131186 -20.997172 -32.625790 -32.372562 -22.044383 -24.626230 -25.621400 -19.194293 -20.819593 -23.318276 -29.402823 -36.563367 -34.574575 -31.329417 -28.588281 -23.500987 -23.072121 -19.065482 -20.664870 -19.333317 -23.999428 -17.495555 -20.009026 -17.778700 -18.687886 -23.520865 -26.352894 -30.059227 
-40.496697 -45.544458 -44.831009 -50.907782 -53.588590 -54.133912 -45.420291 -37.401151 -33.593996 -35.499659 -35.027346 -28.707808 -25.492574 -27.027316 -34.637032 -42.921801 -40.813951 -39.295397 -31.697875 -25.730329 -30.899374 -36.706101 -44.929727 -46.775119 -49.404618 -43.420189 -39.448449 -33.059389 -32.405912 -27.125810 -31.825923 -31.193634 -32.899296 -33.687978 -38.872221 -36.729409 -35.056262 -39.018801 -39.237847 -43.070698 
-66.001949 -66.180065 -63.539093 -60.871394 -64.029381 -70.081771 -74.644529 -67.937461 -67.482407 -67.374883 -73.056186 -68.212552 -66.740309 -79.008502 -80.614096 -79.449264 -77.091482 -78.687728 -72.512859 -68.406459 -76.018241 -75.549332 -81.496477 -80.915523 -80.235844 -80.973414 -76.368352 -79.643894 -74.909598 -76.183851 -79.872410 -78.151197 -79.810146 -82.393936 -80.760711 -82.607451 -83.600643 -85.100722 -83.781411 -84.830159 
-67.711107 -70.517517 -69.702701 -68.837710 -70.042725 -78.282755 -78.814985 -76.417144 -77.609816 -77.299874 -78.330837 -76.418961 -75.490557 -78.148494 -79.468647 -83.474029 -85.690214 -79.570802 -74.849956 -74.088596 -76.639441 -81.902484 -84.709907 -83.355615 -81.806253 -80.698399 -82.113122 -79.490040 -75.821212 -80.403180 -84.370793 -82.822531 -82.481782 -80.159115 -80.464533 -83.828998 -84.905512 -89.486541 -87.908122 -88.609255 
-79.662173 -77.946655 -76.724821 -76.558263 -79.498194 -88.172218 -92.010582 -85.446340 -85.875093 -89.349970 -83.529977 -82.990685 -85.093096 -87.271801 -86.061191 -87.443584 -86.022488 -80.409074 -82.057958 -81.665076 -79.781465 -89.505999 -86.011718 -84.526487 -87.416249 -87.179933 -85.891751 -84.877211 -80.677679 -84.425969 -87.836600 -89.441435 -88.378435 -84.627033 -85.627894 -89.601310 -92.957285 -94.655954 -93.591442 -95.408963 
-86.883107 -86.885379 -86.889165 -86.895568 -86.904269 -86.916523 -86.931573 -86.950994 -86.976995 -87.008237 -87.046548 -87.094396 -87.150849 -87.219512 -87.301810 -87.397788 -87.512695 -87.646202 -87.802385 -87.983344 -88.194967 -88.444210 -88.733142 -89.076584 -89.484864 -89.967659 -90.538818 -91.210959 -92.013425 -92.984624 -94.187779 -95.700904 -97.647448 -100.277463 -104.201592 -111.550993 -117.056007 -107.606189 -102.788207 -100.056299 
-82.873742 -84.132381 -83.298227 -84.275821 -83.275351 -84.003716 -83.732851 -83.577593 -83.959546 -83.947561 -83.803214 -83.858445 -84.032831 -84.008770 -84.153373 -84.202663 -84.323805 -84.508209 -84.598273 -84.772156 -85.047392 -85.231638 -85.515611 -85.863641 -86.263048 -86.738728 -87.271586 -87.914511 -88.704872 -89.594328 -90.707994 -92.083714 -93.672202 -95.617320 -97.368005 -98.396827 -98.573728 -98.048317 -97.119320 -96.163677 
-85.439475 -89.953331 -88.268127 -87.090535 -85.921120 -89.628143 -87.448141 -87.068192 -87.747530 -88.062642 -86.654357 -88.137441 -87.709225 -87.314232 -88.442294 -87.085171 -88.491072 -87.633949 -88.045653 -88.243244 -88.062058 -88.244619 -88.394406 -88.622161 -88.652720 -88.921597 -89.296921 -89.556697 -89.752239 -90.081782 -90.522786 -91.260348 -91.699028 -92.297640 -92.892299 -93.654158 -94.311029 -94.943172 -95.867023 -98.161977 
-83.750083 -91.357336 -91.220226 -83.085582 -82.325454 -88.218459 -89.276496 -82.506268 -84.867181 -89.980221 -82.766344 -86.494905 -86.550594 -83.804524 -88.584799 -83.697837 -88.030707 -84.448836 -86.279375 -86.113575 -85.067417 -86.413103 -86.617207 -86.093678 -86.263034 -86.436397 -86.702301 -86.952636 -87.185202 -87.278674 -87.662353 -88.207286 -88.206357 -88.992574 -89.129326 -89.964204 -90.476267 -91.160507 -92.413055 -95.395490 
-104.989501 -104.989759 -104.990197 -104.990963 -104.992049 -104.993665 -104.995775 -104.998678 -105.002846 -105.008216 -105.015233 -105.024502 -105.035941 -105.050321 -105.067860 -105.088348 -105.112518 -105.139783 -105.170423 -105.204452 -105.242925 -105.287571 -105.339682 -105.402872 -105.479136 -105.568727 -105.670799 -105.783781 -105.910678 -106.058680 -106.237938 -106.451320 -106.692967 -106.962690 -107.282997 -107.679130 -108.129457 -108.666297 -109.810291 -113.005798 
NaN NaN NaN NaN NaN NaN NaN NaN NaN NaN NaN NaN NaN NaN NaN NaN NaN NaN NaN NaN NaN NaN NaN NaN NaN NaN NaN NaN NaN NaN NaN NaN NaN NaN NaN NaN NaN NaN NaN NaN 
NaN NaN NaN NaN NaN NaN NaN NaN NaN NaN NaN NaN NaN NaN NaN NaN NaN NaN NaN NaN NaN NaN NaN NaN NaN NaN NaN NaN NaN NaN NaN NaN NaN NaN NaN NaN NaN NaN NaN NaN 
-98.407978 -98.413458 -98.422582 -98.437998 -98.458923 -98.488345 -98.524411 -98.570861 -98.632902 -98.707274 -98.798284 -98.911778 -99.045609 -99.208468 -99.404148 -99.633383 -99.909805 -100.234256 -100.618882 -101.071919 -101.612044 -102.262409 -103.035539 -103.982128 -105.151573 -106.609971 -108.476587 -110.951072 -114.525026 -120.626700 -128.804647 -120.858516 -115.639178 -112.909493 -111.442280 -110.905496 -111.174813 -112.390317 -115.573355 -123.758664 
-78.500370 -78.505869 -78.515025 -78.530492 -78.551481 -78.580985 -78.617139 -78.663683 -78.725822 -78.800275 -78.891340 -79.004850 -79.138648 -79.301420 -79.496964 -79.726035 -80.002294 -80.326633 -80.711248 -81.164406 -81.704783 -82.355481 -83.128933 -84.075766 -85.245438 -86.704399 -88.572800 -91.052499 -94.644025 -100.883734 -110.469510 -101.145872 -95.782910 -93.029578 -91.554418 -91.012060 -91.279151 -92.504946 -95.705671 -103.869088 
-89.437852 -89.443343 -89.452486 -89.467932 -89.488894 -89.518362 -89.554475 -89.600972 -89.663055 -89.737450 -89.828455 -89.941905 -90.075646 -90.238361 -90.433843 -90.662842 -90.939001 -91.263196 -91.647595 -92.100442 -92.640385 -93.290498 -94.063190 -95.009004 -96.177215 -97.633849 -99.498012 -101.968665 -105.534354 -111.604881 -119.744503 -111.915653 -106.688639 -103.954623 -102.485258 -101.945416 -102.212837 -103.433458 -106.616259 -114.704648 
NaN NaN NaN NaN NaN NaN NaN NaN NaN NaN NaN NaN NaN NaN NaN NaN NaN NaN NaN NaN NaN NaN NaN NaN NaN NaN NaN NaN NaN NaN NaN NaN NaN NaN NaN NaN NaN NaN NaN NaN 
NaN NaN NaN NaN NaN NaN NaN NaN NaN NaN NaN NaN NaN NaN NaN NaN NaN NaN NaN NaN NaN NaN NaN NaN NaN NaN NaN NaN NaN NaN NaN NaN NaN NaN NaN NaN NaN NaN NaN NaN 
NaN NaN NaN NaN NaN NaN NaN NaN NaN NaN NaN NaN NaN NaN NaN NaN NaN NaN NaN NaN NaN NaN NaN NaN NaN NaN NaN NaN NaN NaN NaN NaN NaN NaN NaN NaN NaN NaN NaN NaN 
-105.067112 -105.067175 -105.067296 -105.067551 -105.067985 -105.068767 -105.069969 -105.071874 -105.074980 -105.079425 -105.085732 -105.094624 -105.106144 -105.121139 -105.139819 -105.161830 -105.187698 -105.216418 -105.247851 -105.281662 -105.318808 -105.361325 -105.411321 -105.473361 -105.550182 -105.641939 -105.746574 -105.860755 -105.986488 -106.131745 -106.308972 -106.522987 -106.767739 -107.040314 -107.358400 -107.746914 -108.202526 -108.736047 -109.476809 -110.445500 
-74.522220 -78.622443 -78.884456 -74.762371 -73.724770 -77.462911 -79.031803 -76.105104 -77.139318 -80.232451 -78.920111 -80.441193 -82.207104 -80.651315 -83.326427 -80.455389 -81.207254 -79.735751 -79.531487 -80.368520 -80.488425 -82.339195 -85.294119 -85.689397 -86.665453 -86.345807 -85.372763 -86.126544 -87.821274 -88.744615 -87.708149 -86.187880 -86.501986 -88.204722 -89.239633 -89.240317 -90.168678 -90.969208 -91.044185 -92.557317 
-72.614189 -78.314907 -82.609380 -74.569835 -71.639088 -73.913820 -81.990176 -77.553051 -73.344473 -77.603355 -80.979278 -75.714756 -79.718313 -78.308411 -78.780729 -79.267195 -77.764310 -79.535312 -77.562470 -79.385506 -79.304510 -79.712801 -83.047957 -82.122700 -84.572153 -85.516279 -84.960286 -86.787368 -91.332539 -97.307834 -90.851497 -87.267057 -87.053225 -89.483698 -90.050540 -89.362620 -90.480280 -91.935978 -92.628053 -97.171981 
-98.102140 -98.107628 -98.116765 -98.132202 -98.153151 -98.182601 -98.218691 -98.265158 -98.327204 -98.401556 -98.492517 -98.605922 -98.739630 -98.902337 -99.097856 -99.326960 -99.603322 -99.927834 -100.312667 -100.766029 -101.306500 -101.957046 -102.729973 -103.675834 -104.844129 -106.301412 -108.167533 -110.642158 -114.214790 -120.299493 -128.381587 -120.536646 -115.330171 -112.608782 -111.141724 -110.590987 -110.866051 -112.098983 -114.924508 -121.066043 
NaN NaN NaN NaN NaN NaN NaN NaN NaN NaN NaN NaN NaN NaN NaN NaN NaN NaN NaN NaN NaN NaN NaN NaN NaN NaN NaN NaN NaN NaN NaN NaN NaN NaN NaN NaN NaN NaN NaN NaN 
NaN NaN NaN NaN NaN NaN NaN NaN NaN NaN NaN NaN NaN NaN NaN NaN NaN NaN NaN NaN NaN NaN NaN NaN NaN NaN NaN NaN NaN NaN NaN NaN NaN NaN NaN NaN NaN NaN NaN NaN 
NaN NaN NaN NaN NaN NaN NaN NaN NaN NaN NaN NaN NaN NaN NaN NaN NaN NaN NaN NaN NaN NaN NaN NaN NaN NaN NaN NaN NaN NaN NaN NaN NaN NaN NaN NaN NaN NaN NaN NaN 
NaN NaN NaN NaN NaN NaN NaN NaN NaN NaN NaN NaN NaN NaN NaN NaN NaN NaN NaN NaN NaN NaN NaN NaN NaN NaN NaN NaN NaN NaN NaN NaN NaN NaN NaN NaN NaN NaN NaN NaN 
