NaN NaN NaN NaN NaN NaN NaN NaN NaN NaN NaN NaN NaN NaN NaN NaN NaN NaN NaN NaN NaN NaN NaN NaN NaN NaN NaN NaN NaN NaN NaN NaN NaN NaN NaN NaN NaN NaN NaN NaN 
NaN NaN NaN NaN NaN NaN NaN NaN NaN NaN NaN NaN NaN NaN NaN NaN NaN NaN NaN NaN NaN NaN NaN NaN NaN NaN NaN NaN NaN NaN NaN NaN NaN NaN NaN NaN NaN NaN NaN NaN 
NaN NaN NaN NaN NaN NaN NaN NaN NaN NaN NaN NaN NaN NaN NaN NaN NaN NaN NaN NaN NaN NaN NaN NaN NaN NaN NaN NaN NaN NaN NaN NaN NaN NaN NaN NaN NaN NaN NaN NaN 
NaN NaN NaN NaN NaN NaN NaN NaN NaN NaN NaN NaN NaN NaN NaN NaN NaN NaN NaN NaN NaN NaN NaN NaN NaN NaN NaN NaN NaN NaN NaN NaN NaN NaN NaN NaN NaN NaN NaN NaN 
NaN NaN NaN NaN NaN NaN NaN NaN NaN NaN NaN NaN NaN NaN NaN NaN NaN NaN NaN NaN NaN NaN NaN NaN NaN NaN NaN NaN NaN NaN NaN NaN NaN NaN NaN NaN NaN NaN NaN NaN 
NaN NaN NaN NaN NaN NaN NaN NaN NaN NaN NaN NaN NaN NaN NaN NaN NaN NaN NaN NaN NaN NaN NaN NaN NaN NaN NaN NaN NaN NaN NaN NaN NaN NaN NaN NaN NaN NaN NaN NaN 
NaN NaN NaN NaN NaN NaN NaN NaN NaN NaN NaN NaN NaN NaN NaN NaN NaN NaN NaN NaN NaN NaN NaN NaN NaN NaN NaN NaN NaN NaN NaN NaN NaN NaN NaN NaN NaN NaN NaN NaN 
NaN NaN NaN NaN NaN NaN NaN NaN NaN NaN NaN NaN NaN NaN NaN NaN NaN NaN NaN NaN NaN NaN NaN NaN NaN NaN NaN NaN NaN NaN NaN NaN NaN NaN NaN NaN NaN NaN NaN NaN 
NaN NaN NaN NaN NaN NaN NaN NaN NaN NaN NaN NaN NaN NaN NaN NaN NaN NaN NaN NaN NaN NaN NaN NaN NaN NaN NaN NaN NaN NaN NaN NaN NaN NaN NaN NaN NaN NaN NaN NaN 
NaN NaN NaN NaN NaN NaN NaN NaN NaN NaN NaN NaN NaN NaN NaN NaN NaN NaN NaN NaN NaN NaN NaN NaN NaN NaN NaN NaN NaN NaN NaN NaN NaN NaN NaN NaN NaN NaN NaN NaN 
NaN NaN NaN NaN NaN NaN NaN NaN NaN NaN NaN NaN NaN NaN NaN NaN NaN NaN NaN NaN NaN NaN NaN NaN NaN NaN NaN NaN NaN NaN NaN NaN NaN NaN NaN NaN NaN NaN NaN NaN 
NaN NaN NaN NaN NaN NaN NaN NaN NaN NaN NaN NaN NaN NaN NaN NaN NaN NaN NaN NaN NaN NaN NaN NaN NaN NaN NaN NaN NaN NaN NaN NaN NaN NaN NaN NaN NaN NaN NaN NaN 
-58.456406 -60.898261 -65.316589 -71.135708 -71.989101 -73.931042 -78.969461 -77.545201 -78.888188 -82.355807 -82.571354 -87.228966 -83.458109 -84.336953 -88.477490 -89.960138 -91.965056 -85.393964 -84.141927 -86.928967 -89.993177 -90.323116 -88.762952 -87.772990 -87.976195 -92.860529 -87.920770 -87.836666 -90.144771 -89.123778 -94.438676 -101.696077 -94.398912 -90.005961 -94.169852 -95.295668 -96.922114 -96.365378 -95.209441 -96.750657 
-39.409762 -41.151805 -49.884621 -60.029380 -58.604479 -68.312218 -67.450708 -64.919105 -67.210554 -74.601431 -65.824530 -69.813376 -73.256744 -73.327067 -72.491494 -76.225904 -74.436353 -73.770054 -75.669016 -71.777010 -71.705158 -73.577164 -73.297680 -73.468472 -73.537185 -81.948859 -77.244878 -78.775032 -80.555425 -75.615720 -79.075420 -78.198048 -76.382991 -75.148912 -79.308559 -77.945540 -76.462778 -79.552809 -79.379736 -81.068694 
-31.738365 -39.525306 -44.741734 -47.834742 -54.219531 -63.123887 -60.705431 -61.247167 -63.189520 -62.046696 -60.510575 -67.868884 -66.228551 -66.484205 -65.068410 -66.173588 -65.718604 -71.485088 -67.592841 -71.256261 -74.291279 -69.718808 -68.846308 -72.028250 -69.024294 -75.959084 -73.156962 -73.082015 -74.223682 -73.840978 -71.702709 -72.730792 -73.367697 -75.807804 -75.761029 -75.570864 -73.591262 -75.231208 -72.042073 -74.035672 
-21.491209 -30.928207 -40.151632 -43.677665 -42.831826 -45.940508 -45.684858 -47.297798 -48.553335 -48.375766 -51.887005 -52.832003 -53.323149 -55.318700 -55.319334 -55.674882 -56.433286 -57.460667 -58.804294 -59.131421 -59.217787 -60.853764 -61.074344 -61.512155 -62.222610 -62.840072 -63.691689 -64.082948 -63.985181 -64.873358 -65.003398 -64.705345 -65.147437 -65.584441 -66.286281 -66.617661 -67.127903 -67.489653 -67.188019 -67.065938 
-0.463663 -2.261808 -7.245073 -10.970278 -11.862051 -10.474755 -10.075687 -11.799029 -15.314548 -19.930857 -22.265163 -25.526813 -24.096922 -23.574660 -26.182865 -30.869329 -26.112296 -25.156862 -25.118932 -24.477225 -26.621991 -24.956464 -29.272411 -36.373584 -33.385429 -33.397659 -36.655617 -36.937021 -35.067682 -37.502914 -40.966063 -40.784743 -41.193450 -42.847804 -50.375099 -50.170902 -47.549158 -46.334598 -54.401978 -56.546156 
7.224392 2.950391 -6.609269 -14.151869 -12.354277 -6.116183 -5.051594 -7.287095 -12.049945 -19.188950 -19.705061 -22.283244 -17.385658 -15.714952 -22.213127 -24.387930 -17.460509 -17.515692 -18.752527 -13.460643 -17.929264 -18.254146 -24.768449 -30.289578 -25.620124 -24.549928 -29.884017 -29.169861 -26.211651 -26.845188 -32.600421 -33.901099 -34.081826 -32.486267 -36.569132 -39.612624 -38.346641 -40.086706 -44.284229 -45.812240 
4.170193 -6.649155 -23.910803 -18.368110 -18.640064 -16.404515 -18.657757 -16.394360 -17.520565 -15.327414 -17.109935 -13.394235 -12.480161 -8.444482 -12.190970 -16.593690 -13.548727 -13.774622 -17.740040 -9.864582 -11.209403 -15.526951 -16.841838 -25.311176 -22.119447 -22.330328 -24.037632 -22.122124 -20.199425 -26.197203 -30.287959 -26.851875 -20.475503 -24.066454 -29.494787 -32.698720 -31.649035 -31.344315 -35.602277 -39.497128 
-3.043042 -5.343348 -13.609393 -16.235845 -25.808802 -17.651354 -13.374586 -14.864159 -11.139549 -14.125065 -13.621822 -13.705120 -8.334162 -11.926026 -14.123683 -16.383744 -14.763847 -17.029878 -24.476898 -13.369866 -8.140325 -9.070973 -16.208485 -21.107554 -19.981984 -19.540805 -21.162817 -20.288609 -16.063595 -15.628674 -25.956627 -28.218295 -20.961477 -20.630078 -24.749129 -29.469108 -28.335249 -29.647469 -30.832378 -32.325361 
-7.062812 -10.344457 -12.922548 -7.600970 -11.327640 -27.878178 -17.941830 -12.315745 -11.011034 -12.466308 -14.741279 -11.226744 -11.003959 -11.140021 -8.769114 -16.475742 -13.719801 -14.876932 -15.128204 -11.771627 -2.251343 -2.392984 -10.255892 -19.118007 -11.925055 -16.239941 -19.695952 -18.064081 -15.306559 -18.545849 -24.521092 -25.984651 -19.901509 -17.413431 -20.023797 -29.091511 -23.879223 -27.371275 -25.878394 -28.712003 
-11.402098 3.885135 12.470556 11.802014 -0.095667 -6.546683 -0.713116 -7.043172 -5.963560 -13.414248 -10.460596 -5.358807 -3.489214 -6.425507 -6.594498 -13.568492 -9.619517 -8.467000 -12.940065 -10.162621 -2.281901 -0.721971 -6.963076 -17.263269 -14.109503 -16.175032 -20.453222 -18.676902 -19.988356 -20.847080 -25.715903 -26.213639 -17.762067 -17.291741 -18.340711 -24.586843 -23.025985 -23.963310 -24.497437 -25.252836 
-5.612305 8.192852 21.190952 22.021452 10.185126 4.553862 9.101460 4.153778 5.875117 4.191118 6.719557 1.837419 0.835794 -0.567460 -2.209793 -7.349071 -12.639967 -8.989459 -3.417701 -4.127681 0.175164 0.284225 -7.559511 -16.301421 -11.884845 -13.006560 -21.060365 -20.056248 -19.608183 -17.918278 -24.920655 -30.897532 -18.656009 -14.151956 -15.765787 -26.234833 -25.611059 -23.788501 -24.334646 -26.841200 
-9.221610 3.220096 20.396535 22.413416 5.299239 5.502658 11.095689 1.144992 12.575638 7.293415 9.098556 8.635881 3.045909 4.980842 6.039451 -2.847158 -4.864520 1.525190 2.881688 4.051626 8.098197 7.227421 -0.143211 -9.781672 -9.198751 -8.064170 -14.610945 -13.465121 -13.101986 -10.980909 -21.930887 -25.142671 -13.221363 -7.330404 -10.646073 -26.434871 -28.171199 -22.135098 -21.133900 -20.018363 
-23.058593 -5.969395 16.767586 21.783617 8.252567 4.386806 13.385592 0.680591 13.603824 12.375137 4.810272 11.459880 7.508787 10.102736 2.186745 1.296177 0.221833 3.576372 6.839109 9.064220 11.656779 9.307179 3.739104 -5.095659 -3.831225 -3.103740 -7.312511 -9.331173 -9.654004 -9.904243 -19.116195 -19.895187 -9.972587 -6.634674 -11.457681 -26.577207 -24.584227 -23.715096 -21.675795 -20.069156 
-19.823166 -9.422755 14.936598 20.677345 7.759146 6.188142 15.926478 6.098785 13.923775 17.115074 7.900795 13.893414 6.734519 10.174441 3.276552 4.506961 2.679889 4.750287 7.651326 11.487122 13.341567 8.892989 4.216939 -4.155696 -1.634383 -1.001060 -5.091054 -7.565638 -7.212324 -6.691172 -17.826230 -20.254968 -10.725766 -7.731963 -13.757955 -26.029134 -24.289045 -23.230669 -20.568678 -18.598446 
-21.841755 -16.150755 12.577826 20.612876 10.112157 3.042354 16.216564 8.595948 12.036583 19.526393 4.330784 15.531426 6.980626 5.909037 -0.185422 5.783200 2.390115 3.923982 7.586120 10.618115 11.575636 9.219069 2.878811 -6.091130 -5.434355 -1.866467 -7.822528 -9.678659 -8.981179 -7.739394 -17.550086 -20.124189 -10.178505 -6.500099 -11.070417 -24.066604 -23.166845 -22.527863 -19.536619 -20.495628 
-26.595041 -20.923036 11.153829 20.795590 11.724949 -1.738880 14.853989 9.583195 6.337406 18.057581 2.279764 15.060400 9.997355 5.003028 0.504392 5.065860 2.310866 6.077764 7.707768 9.019421 9.858249 7.838105 1.569515 -7.493212 -5.488538 -1.322550 -6.415446 -9.844666 -9.319438 -6.336455 -18.234592 -19.434534 -9.169593 -5.346762 -11.421459 -27.648639 -24.921403 -23.104426 -20.548627 -22.750218 
-29.323994 -27.457850 10.189907 21.175662 13.337100 -4.253530 13.714439 11.016980 1.347251 16.917650 5.118919 15.004798 13.013701 2.913415 2.123184 2.082819 0.204869 6.625632 6.539264 7.856483 9.967886 5.582776 -0.474210 -9.092305 -4.851670 -4.219452 -7.719785 -9.728089 -9.001915 -7.313845 -17.856111 -19.732213 -9.871458 -5.233315 -11.566625 -28.578771 -23.544058 -23.695128 -21.401709 -21.517574 
-24.015329 -24.991433 9.542174 21.560943 14.671648 -6.133063 13.128790 12.252940 -3.060651 16.072196 7.360479 14.391108 14.897751 1.571240 3.413090 -1.340520 -1.795541 5.412983 5.044974 7.551384 10.811757 3.042567 -1.746982 -10.229941 -4.415757 -3.586781 -7.452995 -9.839762 -8.500061 -7.646647 -17.516850 -18.944177 -8.552313 -3.878552 -9.797552 -26.289736 -22.938546 -23.735501 -22.216895 -20.135926 
-19.450675 -22.705490 8.784782 21.820874 15.756987 -7.235039 12.456680 13.109163 -5.899478 15.369062 8.677745 12.150608 15.527576 0.380438 3.695757 -4.786195 -2.841162 4.167251 4.034983 7.479794 9.348424 1.978346 -3.886242 -11.649030 -6.599931 -2.301104 -8.245733 -9.789571 -9.092327 -7.404115 -18.726639 -17.965970 -10.293207 -5.799927 -13.016443 -29.102202 -25.642056 -24.502300 -21.490890 -19.930747 
-19.635616 -20.209679 9.035538 22.199380 16.394225 -6.304042 12.616528 13.485008 -4.730635 15.515527 9.450922 9.585042 14.883695 0.688211 4.994208 -3.533668 -3.013851 4.725857 4.390342 8.032807 8.994872 2.895075 -2.404477 -10.577450 -6.501045 -1.762225 -9.244072 -10.793817 -9.702288 -6.740295 -17.002517 -17.583757 -9.229700 -5.273387 -12.228226 -28.519235 -23.343969 -22.654102 -23.076098 -18.904540 
-17.627061 -21.101419 9.737723 22.384659 15.917726 -7.633645 12.881500 13.112315 -4.354505 15.812531 6.911807 10.005350 12.842974 0.766683 3.681249 -4.162925 -4.147452 3.525332 4.202689 7.573684 9.545729 1.920002 -3.564847 -10.972805 -6.212966 -4.065798 -10.097849 -10.851947 -9.383429 -8.022128 -17.956907 -18.077453 -9.812668 -6.351556 -13.486893 -27.849268 -26.250160 -25.839108 -23.410538 -22.885794 
-16.953300 -16.674373 8.322463 22.482773 17.444751 -6.823474 11.752229 14.989194 -4.163956 15.281904 10.402812 7.046075 11.402450 -3.589328 3.356707 -7.912778 -3.993706 1.540658 2.500718 6.420624 7.283554 2.284421 -2.374952 -10.900292 -5.625705 -1.273991 -8.654927 -9.610165 -10.568950 -9.037394 -20.193955 -17.237902 -8.730440 -5.977521 -11.650314 -28.393465 -27.317080 -25.017768 -25.974476 -24.369291 
-25.441527 -14.624565 7.955598 22.751532 18.918807 -2.404772 12.862720 16.766607 1.257553 14.881874 11.418488 -2.008076 7.629964 -3.538016 3.124626 -8.598251 -4.882767 -1.291465 0.614881 5.643889 4.428371 1.809823 -4.942358 -14.153703 -8.787293 -1.384511 -8.166907 -11.365195 -13.853006 -13.079253 -21.143604 -18.957332 -15.327636 -14.518516 -17.888915 -28.857625 -25.830758 -28.691564 -31.163195 -29.366158 
-9.595337 -5.048313 11.310461 20.830945 16.004417 9.275746 11.527582 11.698429 3.245465 9.301298 3.528029 -9.646142 -2.689039 -7.618579 -3.642655 -10.596101 -11.072677 -3.579673 -2.911761 0.468593 0.116248 -4.710243 -10.356964 -17.261220 -10.817057 -4.603028 -13.528472 -16.713891 -19.348448 -17.567781 -27.105731 -25.613559 -23.755913 -23.642453 -27.465071 -38.876601 -31.711624 -37.006427 -40.160925 -38.334154 
-12.830911 -9.606843 9.791126 15.890192 4.978744 -0.756576 3.063037 -3.425226 -9.186961 -11.583465 -15.116762 -21.042253 -17.969768 -27.136077 -28.508482 -26.434301 -29.723507 -24.045510 -21.261473 -20.036374 -24.489157 -26.907196 -27.997184 -34.034150 -27.026480 -26.521803 -33.411741 -33.911519 -39.147971 -39.560134 -42.455539 -41.842756 -45.789532 -43.481327 -43.297056 -46.330301 -44.631815 -46.092039 -46.726170 -46.586120 
-18.412838 -5.752059 5.618795 9.098799 0.891185 -6.343146 -4.524093 -16.080679 -23.344840 -27.296598 -30.551536 -29.229331 -29.561317 -29.718707 -32.561502 -32.829095 -33.094868 -35.563676 -30.584001 -32.399259 -30.697367 -24.736059 -29.940167 -40.771094 -39.221708 -30.513637 -26.819186 -25.066232 -23.137822 -22.684807 -25.665475 -27.204140 -32.876575 -40.143766 -41.732792 -42.066247 -40.297148 -40.872011 -41.992188 -44.952017 
-1.534970 -3.919702 -7.786588 -8.707598 -19.107428 -8.208582 -7.210625 -14.161652 -13.641671 -17.253058 -22.591701 -23.818874 -19.506057 -20.686559 -21.579608 -19.723253 -21.530297 -21.876264 -17.609659 -20.906810 -19.636803 -9.674352 -14.153230 -26.757893 -21.130903 -16.017410 -15.498872 -14.821360 -9.190606 -8.490584 -10.333153 -10.059856 -9.684006 -15.422034 -18.973798 -17.029001 -18.750511 -16.976991 -17.250272 -20.750868 
-2.732805 -5.316021 -7.308994 -7.487335 -10.977018 -14.700479 -15.198047 -18.061479 -18.277435 -21.317072 -24.500065 -26.445798 -26.428269 -24.775591 -19.764269 -23.921106 -25.998996 -24.784061 -21.644448 -20.691196 -15.697283 -12.354291 -13.532371 -23.831127 -17.299283 -11.874608 -17.947061 -14.998907 -11.306466 -7.712939 -9.673793 -10.446356 -12.320054 -11.174793 -14.804777 -13.827356 -13.780384 -15.630078 -14.836510 -19.004153 
-11.848757 -0.166306 11.856154 17.506418 13.937357 3.669377 2.640484 0.211220 -13.103915 -15.936058 -21.329632 -25.436032 -25.693134 -24.949259 -20.472999 -22.267127 -26.732610 -24.817368 -26.792127 -23.923231 -19.716370 -15.660105 -18.049832 -21.962697 -14.935854 -12.002497 -16.928908 -15.872274 -13.351528 -12.295690 -15.042733 -15.274772 -16.818945 -17.729646 -22.521446 -22.901127 -21.443945 -20.616611 -25.564555 -28.056517 
-10.151249 0.462352 18.140973 22.520306 14.950826 16.287541 17.675878 6.773865 -4.645045 -13.329869 -17.657617 -23.299733 -22.099197 -22.814124 -17.751481 -24.604470 -23.865344 -17.514770 -20.486322 -18.416526 -16.277807 -11.575479 -6.919475 -11.238253 -6.304826 -1.196158 -7.636841 -15.347739 -16.183130 -14.658871 -24.800336 -14.837329 -13.667534 -17.893193 -17.710039 -22.700908 -23.003521 -23.752594 -28.137584 -26.529056 
-11.957852 1.651384 19.152248 19.779340 5.159551 20.488278 20.702748 0.520086 -6.952699 -17.265082 -13.352282 -19.918102 -20.254780 -22.663814 -17.507865 -21.853128 -21.525955 -16.767843 -19.046485 -18.991505 -16.600248 -11.126593 -6.604404 -7.379455 -7.301957 -0.948255 -4.951693 -14.808943 -16.318458 -15.928392 -27.541585 -16.740191 -13.357572 -20.515314 -18.585584 -20.776719 -18.342915 -18.748584 -24.337671 -20.998965 
-16.151570 6.203385 19.850943 17.522230 9.808513 23.818872 18.838708 -0.753845 -6.488782 -17.805315 -17.020950 -22.008489 -24.199253 -19.412215 -19.820712 -20.133186 -20.900963 -20.689863 -21.191309 -20.378758 -19.539304 -16.705865 -14.831166 -15.659861 -9.308418 -3.997056 -8.544847 -14.031877 -16.454636 -16.869855 -28.179510 -16.434460 -15.187375 -19.891052 -17.956801 -22.130836 -21.535522 -19.588399 -23.418067 -21.465701 
-18.372692 7.968089 20.185963 16.158784 15.851745 24.995518 15.851762 1.286307 -5.814655 -10.143619 -18.052616 -23.783721 -23.399543 -20.667282 -19.140139 -22.074642 -23.570232 -18.369285 -19.404311 -19.406057 -17.533120 -13.322719 -11.218210 -10.735062 -7.277761 -1.806881 -6.672574 -13.320779 -14.221250 -14.430933 -26.889641 -17.782333 -15.146148 -19.970544 -19.867020 -21.513411 -22.171603 -20.139953 -23.440461 -20.390129 
-8.292379 10.962129 20.361793 14.601401 18.705642 23.257726 9.980809 4.128583 -7.515712 -8.788018 -19.117651 -22.444406 -21.681267 -21.558676 -19.534094 -21.840775 -19.344961 -18.226260 -21.439324 -19.940608 -18.434912 -15.140387 -13.240367 -13.065674 -5.891499 -2.529331 -5.711563 -11.412403 -12.684394 -14.769769 -28.887138 -18.447643 -14.224401 -17.584044 -17.129115 -20.189356 -18.751430 -19.264426 -23.728224 -21.799512 
-7.104003 12.454015 19.982691 12.915036 19.959078 19.644877 6.164364 3.067655 -7.208909 -9.085570 -21.847305 -27.469618 -24.076430 -23.055884 -21.798202 -23.494616 -22.949918 -19.804461 -21.219862 -20.362253 -19.728411 -15.613662 -14.168994 -12.484286 -5.938013 -2.324388 -8.146909 -12.004771 -11.562925 -14.068447 -27.359758 -14.860293 -11.428495 -17.439175 -17.708233 -22.153787 -22.005548 -20.372537 -23.424250 -21.089812 
-4.839058 13.683451 18.107183 11.566730 18.810772 13.512943 7.647429 0.545693 -6.051995 -14.516938 -22.406408 -29.334332 -23.530615 -23.471599 -22.204589 -25.426817 -24.301381 -21.129643 -22.205783 -21.862944 -20.924309 -16.926170 -13.791728 -10.818515 -3.131419 -2.433834 -8.683689 -13.157389 -13.221476 -15.222012 -28.529636 -17.695434 -15.099578 -19.878659 -16.910991 -21.541055 -21.479996 -20.043045 -23.960105 -21.984311 
-4.941100 11.431092 12.475789 10.512328 11.865330 5.338072 2.973283 -6.547982 -14.039149 -16.869312 -24.745802 -26.698751 -25.812336 -27.964921 -27.718333 -30.546309 -27.870968 -26.820694 -26.734862 -27.418965 -26.767379 -23.982342 -20.515816 -15.451172 -7.366559 -10.185310 -17.503529 -20.453311 -20.455440 -21.173200 -28.565710 -25.357857 -22.949020 -25.224819 -23.936255 -28.335537 -30.418158 -28.924442 -32.472250 -29.040288 
-6.692124 4.555968 4.467671 2.156332 0.326288 -6.462120 -9.885591 -15.497335 -21.590988 -28.570363 -37.050129 -41.641458 -40.730242 -39.065327 -39.756947 -42.388828 -44.295716 -34.728449 -27.654440 -27.210908 -27.147761 -28.640508 -32.449377 -30.011713 -21.884012 -29.193901 -33.387191 -36.935738 -36.063645 -37.600035 -41.775544 -42.999596 -40.086381 -44.922980 -40.774525 -44.491755 -45.482639 -47.068254 -48.080837 -45.674804 
-10.769326 -1.007304 -1.406447 -2.299930 -1.828294 -10.888753 -15.834461 -17.954420 -22.169610 -33.218156 -32.550241 -33.791436 -41.085829 -36.387721 -33.904172 -36.560811 -35.840635 -35.567394 -26.547189 -22.610893 -24.051010 -26.286991 -35.702348 -43.491689 -49.724424 -47.218194 -44.798322 -42.977926 -38.710059 -37.922456 -42.685143 -45.886659 -51.019713 -51.052182 -50.215982 -46.705218 -46.261802 -48.625692 -49.724798 -53.085622 
-14.214222 -16.352936 -13.310730 -12.004327 -11.714517 -23.292216 -29.252324 -31.000139 -39.980590 -44.696526 -42.299198 -44.632927 -50.518238 -42.188377 -49.852133 -52.162080 -46.474321 -44.763082 -42.024414 -35.122398 -41.430115 -44.186836 -49.189636 -58.680142 -58.758707 -56.283021 -55.182894 -58.769633 -54.472637 -55.420783 -61.695395 -62.047035 -62.996309 -62.161603 -62.995249 -64.630310 -65.700420 -64.595117 -65.044027 -66.012027 
-23.189259 -27.395447 -21.706671 -20.917988 -28.077943 -39.244565 -44.165428 -51.311421 -53.604433 -58.768322 -56.900616 -60.023318 -59.888407 -57.889702 -62.237394 -66.820876 -63.482911 -63.627692 -56.284341 -52.921089 -52.571225 -57.112430 -61.755805 -65.722271 -65.413956 -69.192990 -69.122676 -67.215977 -68.860494 -68.352839 -67.753067 -68.524152 -68.040282 -69.566311 -69.743734 -70.504523 -70.703596 -69.298017 -68.998466 -72.435125 
-28.926036 -36.616547 -31.473513 -32.835492 -37.501853 -47.486513 -55.489499 -57.002236 -63.747196 -63.190189 -64.315129 -66.217789 -64.839863 -65.100674 -63.456125 -64.850499 -66.783144 -67.357540 -63.951484 -66.714302 -68.481765 -65.731726 -69.128541 -69.508452 -68.530802 -67.609120 -69.484959 -70.048882 -72.208849 -72.422075 -72.909350 -74.430985 -73.049087 -70.096452 -69.444072 -74.114487 -74.867841 -73.078594 -72.737669 -75.298695 
-15.268456 -20.326996 -24.578043 -27.925017 -28.077145 -27.599403 -27.227552 -26.481600 -25.318607 -26.197720 -28.526310 -30.255489 -27.304781 -24.766318 -24.856161 -22.445289 -21.099491 -19.899751 -18.327039 -19.129168 -17.823846 -17.306785 -17.368456 -24.189155 -23.814085 -20.335327 -21.904923 -22.892390 -25.921676 -28.844309 -35.396780 -31.405960 -31.237449 -35.017916 -40.258712 -40.709937 -36.870415 -33.244441 -35.599516 -39.897635 
-7.194101 -8.542073 -16.222473 -17.466308 -13.761072 -18.623079 -19.490430 -12.362809 -14.610796 -16.500378 -16.184431 -24.915290 -15.354329 -11.637943 -13.987331 -10.526419 -11.039228 -9.189970 -6.623344 -9.274420 -6.002761 -5.920640 -3.725018 -14.314142 -13.115146 -6.952293 -10.080601 -11.067596 -14.802912 -15.042927 -19.161686 -17.743758 -18.432720 -22.274331 -30.155308 -29.051545 -25.973516 -21.704372 -23.247095 -27.758625 
-10.486248 -17.182087 -22.104723 -17.839212 -18.424667 -18.188199 -13.611730 -12.207330 -13.522438 -19.220554 -26.880355 -26.315516 -21.210184 -19.418371 -17.035572 -21.394017 -19.750215 -20.309492 -20.538517 -18.955068 -17.265425 -15.324805 -15.493119 -18.828043 -14.521337 -13.714236 -12.351581 -15.826389 -17.201433 -13.223815 -13.761015 -15.089510 -17.294441 -21.360879 -25.630282 -29.202242 -26.315297 -24.885011 -23.908483 -25.722357 
-9.556933 -12.979832 -11.516673 -18.846046 -19.680465 -9.049123 -5.083838 -6.644693 -9.550529 -26.106864 -23.266977 -20.024654 -25.169667 -24.356940 -24.424690 -16.774722 -17.663707 -11.691097 -12.588000 -17.836190 -20.686433 -13.944142 -14.968168 -19.091146 -14.806754 -8.675349 -11.770264 -13.867233 -13.224859 -10.832735 -15.354543 -15.351441 -18.085285 -24.241116 -26.674294 -30.715224 -23.894171 -20.689007 -20.599855 -24.985885 
-10.699423 -12.938433 -11.111806 -14.326677 -16.950909 -8.251550 -2.792704 -3.958477 -7.399385 -14.863527 -19.838176 -17.777180 -24.235808 -17.153151 -20.730038 -19.363290 -19.855040 -18.458687 -22.614659 -20.787832 -18.282632 -13.955634 -12.950585 -14.566328 -6.954753 -9.487282 -13.275640 -14.418318 -15.510232 -9.780629 -16.552985 -13.449842 -15.415606 -21.738183 -25.491468 -25.684307 -23.554116 -23.134307 -23.657837 -24.907084 
-13.840374 -12.435873 -13.149422 -13.341324 -16.807500 -17.763268 -12.598802 -6.693510 -12.529762 -17.082737 -18.561374 -21.555900 -23.780400 -22.121528 -23.054038 -19.768684 -22.963986 -20.315354 -18.652269 -20.018018 -18.575815 -16.067475 -13.933618 -18.426774 -12.204684 -12.081665 -16.074159 -17.189308 -17.401343 -14.991137 -18.424200 -17.404141 -18.503434 -20.413039 -26.196348 -23.383485 -24.125745 -24.446306 -24.071472 -26.966319 
2.965226 11.225168 12.670820 8.711825 1.868654 0.825347 0.167971 -5.584772 -9.951836 -19.216030 -20.411068 -21.378348 -23.822099 -22.520659 -22.498540 -30.236882 -27.248643 -20.545255 -23.068682 -25.018109 -20.673876 -14.322157 -15.406106 -21.958136 -14.020537 -12.243006 -18.037224 -20.839718 -22.939156 -21.082946 -27.017540 -26.781818 -20.169400 -17.926338 -19.944176 -22.022247 -25.291147 -20.538396 -21.900996 -22.903293 
4.445799 16.950954 16.580936 9.291631 11.686240 11.347001 11.505669 8.346235 3.028399 -5.128711 -7.391612 -13.635422 -16.886644 -17.827839 -17.801143 -22.033094 -23.084000 -18.680879 -14.523241 -14.235104 -12.440303 -9.165421 -8.882096 -13.871741 -19.160760 -15.150322 -16.829820 -14.613005 -14.025969 -22.172989 -31.338949 -30.794262 -20.643683 -19.199642 -20.706919 -20.206484 -20.416454 -23.239446 -24.784432 -21.180751 
6.209478 15.640687 12.662317 14.213511 10.975220 11.415407 13.431076 15.948879 7.107423 -1.474544 -6.959704 -10.415824 -16.635817 -15.127919 -14.755954 -15.803278 -16.381656 -13.868996 -12.297371 -11.635257 -6.929551 0.151094 2.505513 -6.595830 -7.464363 -9.627190 -13.002230 -13.458015 -11.768566 -13.816816 -29.106549 -30.037976 -16.130197 -11.611317 -12.958242 -20.273783 -17.459281 -20.417726 -21.195125 -18.239095 
5.603290 13.851468 13.131107 14.351875 8.374469 8.919075 15.300401 13.498575 14.027579 3.620436 -2.436511 -11.100309 -12.378605 -10.827788 -11.192184 -12.679031 -12.607563 -9.735254 -7.036887 -3.745008 1.716966 5.188861 2.844968 -6.323840 -4.374988 -5.413495 -9.050728 -9.828729 -9.870935 -14.248020 -32.894059 -32.763777 -19.544131 -15.756956 -17.737321 -23.351782 -21.474700 -26.454178 -26.857942 -24.771931 
2.649064 10.913873 8.405278 9.036367 1.003980 2.013030 8.269049 15.373299 11.346802 -0.110548 -12.858542 -14.195821 -19.104276 -20.626903 -16.766510 -21.568474 -19.091661 -16.904902 -15.400993 -11.667062 -4.670284 0.201799 -3.100595 -13.556064 -9.288693 -12.492049 -17.063205 -17.815672 -15.855854 -19.512456 -34.108634 -34.392291 -21.153587 -15.735602 -19.318007 -24.140510 -27.262508 -23.527561 -23.218329 -23.150973 
3.477830 11.909040 11.678496 11.525386 7.735730 7.401086 10.968922 13.715100 13.466015 4.712789 -3.998155 -10.459072 -11.668128 -10.470087 -9.889113 -10.951447 -10.668831 -8.501844 -5.863014 -3.093934 1.898427 4.965010 0.187710 -6.854961 -6.644117 -7.360800 -9.179217 -9.677962 -8.091134 -13.952593 -34.052416 -32.976947 -18.962654 -18.123841 -22.230612 -26.349482 -25.436949 -25.685668 -24.338398 -23.372225 
4.824481 8.772135 11.280126 8.784468 8.158093 4.241777 7.696842 15.062900 15.024072 1.415587 -9.625922 -15.582925 -19.620172 -16.384919 -16.337156 -17.665424 -18.006388 -15.085941 -12.709661 -8.334955 -1.301888 3.981440 -3.798550 -12.139984 -10.194843 -12.359896 -15.771031 -15.275387 -12.241407 -17.120911 -40.011107 -37.705658 -22.069643 -18.967540 -23.954537 -29.025053 -28.157899 -29.795054 -28.949817 -25.964264 
4.053994 7.017912 9.978646 5.849023 6.558017 2.288711 4.433151 10.681977 9.548414 -2.574281 -9.437668 -17.166017 -21.285954 -21.758339 -22.585145 -22.435266 -22.183417 -19.900634 -19.964993 -14.960073 -8.298699 -5.829041 -11.270430 -17.910721 -15.477230 -17.729160 -19.289577 -19.324376 -19.392923 -26.089567 -41.386768 -39.553438 -25.028187 -21.870002 -26.721409 -31.143685 -30.652146 -31.681632 -30.776200 -26.671121 
3.842685 7.877885 11.195496 10.676147 8.907552 5.388542 9.299879 16.303746 14.334392 3.741964 -4.944644 -12.183795 -16.743002 -14.875033 -14.726402 -15.676974 -14.532818 -11.944549 -11.447826 -8.660895 -1.068665 5.364621 -1.072336 -12.034874 -7.356592 -8.170500 -11.606723 -11.589662 -9.692989 -15.409341 -36.151608 -37.805018 -22.064178 -19.424277 -20.879152 -25.194838 -23.105080 -29.768475 -28.861018 -32.096736 
4.364892 7.142609 9.146435 9.255851 4.596407 -1.273416 6.038427 10.807819 7.707091 -5.117589 -9.688204 -15.841573 -19.755460 -19.803049 -18.450776 -18.772290 -18.805299 -16.506874 -14.996188 -13.938718 -8.610574 -2.410078 -9.011048 -14.776517 -12.302431 -12.837835 -18.044678 -18.033354 -18.803014 -24.944887 -40.076157 -40.380544 -32.007632 -27.083882 -27.641637 -31.198715 -30.505408 -28.977231 -30.105595 -27.775782 
0.104657 -9.169615 -4.388648 0.987839 -1.648681 -13.010547 -0.518189 10.714736 6.374876 -10.077669 -15.333161 -23.872386 -27.557967 -27.994453 -27.392008 -26.057538 -27.466272 -24.415075 -23.360245 -21.719617 -15.816066 -5.041733 -10.948481 -21.361261 -19.313256 -20.873260 -25.618366 -25.618511 -24.950322 -30.113291 -46.485570 -47.826115 -33.511093 -29.899718 -29.029283 -38.108168 -32.853642 -38.442848 -35.607616 -31.314732 
0.912993 3.697000 3.307409 0.037662 -3.960731 -3.871267 -0.373842 1.929410 -1.780129 -10.932279 -18.898436 -26.317080 -27.289317 -27.228372 -26.618501 -27.106720 -27.090282 -25.859246 -26.101674 -23.828436 -17.648914 -11.235913 -12.063906 -21.415030 -25.655778 -24.791033 -27.657831 -27.098075 -27.056906 -32.676945 -49.414404 -48.816074 -34.379241 -28.954878 -29.753629 -36.924588 -33.320431 -31.918772 -33.939988 -24.599202 
-2.226347 -2.501610 -4.012800 -8.059775 -12.148156 -12.608407 -6.318180 1.048503 -4.270361 -17.579639 -27.886325 -33.284793 -37.824540 -35.067691 -34.275077 -35.941840 -37.807106 -33.823198 -34.636770 -33.001364 -25.804181 -15.305024 -15.912618 -29.711413 -28.748742 -29.411578 -34.588180 -34.450739 -33.469530 -39.023141 -55.222610 -55.643685 -39.813118 -32.670417 -32.333279 -39.490209 -36.232856 -33.823547 -30.660907 -30.381372 
-4.507730 -3.645254 -9.540956 -12.785018 -20.463152 -21.295264 -15.921952 -14.543462 -18.448379 -26.583829 -33.701570 -40.510258 -36.867015 -37.035077 -36.567227 -38.207466 -37.501006 -35.482788 -35.993909 -33.476539 -32.061286 -22.151787 -18.905939 -29.379207 -29.010880 -27.903809 -33.343610 -34.244380 -37.572596 -43.056156 -50.965924 -50.402319 -37.166084 -34.246255 -36.093214 -38.462109 -33.527487 -32.295545 -32.159356 -31.902145 
-3.041288 -0.010640 -0.390910 -2.380849 -3.982887 -2.032839 0.365738 -1.577519 -11.406734 -18.297494 -24.161244 -32.556883 -33.026041 -30.736453 -29.567650 -30.408994 -30.652116 -27.925782 -26.104322 -26.358637 -23.007757 -11.615737 -7.749359 -16.408789 -17.084374 -20.696696 -24.516922 -23.168244 -22.606211 -28.631425 -47.759047 -54.652309 -39.132505 -39.247839 -34.150296 -34.074955 -33.022852 -37.352967 -34.821621 -33.194993 
-2.714457 -2.555710 -5.985156 -11.593641 -12.700850 -7.829040 -5.507273 -7.114056 -21.918114 -31.044627 -35.057576 -37.635530 -45.490152 -42.022534 -42.551562 -40.250825 -42.982577 -40.052962 -40.244001 -40.025433 -33.863383 -21.734753 -14.850849 -23.840860 -26.930213 -30.552703 -36.886024 -36.937590 -33.392354 -38.007688 -54.600771 -58.250054 -43.807371 -37.244981 -40.107204 -39.781327 -40.225807 -40.593375 -41.164132 -36.791598 
-7.971518 -10.924299 -11.887258 -13.762078 -11.968452 -13.615238 -17.925135 -26.163093 -28.294865 -32.188639 -43.050827 -45.856668 -47.977637 -48.862157 -47.931409 -46.007830 -43.988434 -43.198922 -47.450135 -42.804353 -35.440039 -31.069513 -24.822905 -30.045112 -34.765846 -35.723192 -42.198492 -41.723957 -42.101160 -42.801188 -57.044071 -57.764460 -47.818336 -41.519571 -41.480206 -40.510192 -41.255637 -41.313561 -42.007701 -40.532775 
-16.608912 -23.040501 -33.047024 -24.673309 -21.709917 -28.568912 -27.719280 -28.733654 -35.239658 -44.705132 -48.234325 -50.999711 -54.576815 -53.333511 -53.802100 -56.917101 -51.568567 -52.188747 -53.302313 -50.544096 -44.955367 -41.445840 -32.009657 -39.061569 -43.591148 -48.118800 -53.461662 -53.431530 -50.748562 -54.348518 -63.040044 -61.887387 -58.621877 -55.324972 -55.247178 -56.783307 -54.816222 -55.366844 -57.094864 -61.830026 
-25.693619 -30.033952 -39.738408 -34.876420 -35.099874 -41.986658 -46.146429 -51.193403 -55.306388 -57.369943 -58.432287 -63.121524 -59.964054 -65.286041 -67.191303 -64.821703 -61.969286 -63.302108 -62.120610 -66.285729 -63.667392 -57.817918 -54.534790 -58.241786 -63.044065 -64.925635 -68.510507 -67.721752 -68.591688 -70.060811 -72.164168 -70.261551 -71.792744 -69.054139 -67.861151 -73.270443 -70.701196 -69.745955 -72.271357 -74.841927 
-34.187466 -51.624934 -45.273287 -44.350500 -41.953702 -52.014857 -53.880180 -61.352196 -60.406655 -58.743021 -58.841446 -64.443336 -72.931608 -70.346847 -65.251257 -68.013827 -69.504367 -71.442746 -69.327858 -72.640189 -71.286691 -67.271250 -65.845099 -69.558347 -69.504464 -68.812401 -71.197218 -68.358271 -68.359099 -69.861073 -71.886247 -72.849521 -69.619058 -69.008222 -74.159931 -75.836224 -74.759432 -75.436971 -73.473456 -73.915220 
-34.936976 -45.527895 -46.413987 -51.056716 -51.763901 -56.119268 -54.464885 -61.833043 -64.441396 -66.966211 -65.477678 -72.928436 -71.400653 -66.878599 -62.057695 -68.518196 -70.325990 -68.842085 -70.389560 -73.367175 -71.336484 -69.610464 -70.979351 -69.397166 -72.420622 -68.183559 -68.794712 -74.540530 -77.837961 -73.389492 -77.866822 -75.376640 -73.894581 -74.534854 -75.453588 -77.086540 -74.270911 -75.175338 -72.469892 -74.770453 
-33.244363 -44.903168 -47.669887 -49.983218 -59.585160 -58.110600 -62.457132 -64.210654 -66.816528 -67.435526 -63.901442 -66.771369 -69.860495 -67.870589 -66.775919 -66.451885 -66.289811 -69.390576 -69.613953 -74.184073 -73.110330 -71.783369 -71.201027 -68.976320 -71.553861 -73.451537 -73.382320 -73.498926 -73.695717 -73.039161 -76.566662 -70.818480 -71.910746 -74.135615 -77.361640 -77.834477 -75.843712 -74.599339 -74.375714 -78.637137 
-22.960840 -26.124889 -28.446514 -29.501762 -29.503336 -27.627211 -26.324036 -25.884430 -26.753354 -28.883661 -31.400178 -32.109186 -30.843906 -29.081027 -27.672625 -27.184874 -26.849802 -25.296944 -23.975825 -23.824907 -22.898090 -22.174089 -25.001513 -33.170952 -36.618979 -34.122802 -34.566411 -39.948449 -42.418916 -38.111381 -38.217740 -38.310611 -41.094117 -45.700235 -52.035426 -53.731939 -52.720266 -51.708213 -51.284931 -55.960105 
-13.774342 -13.161518 -15.840102 -19.430646 -14.904380 -11.383301 -9.699484 -9.215508 -9.916472 -14.576900 -17.226484 -18.583504 -17.969465 -13.083551 -11.625051 -11.922900 -11.696928 -9.233784 -7.814259 -7.702295 -6.380832 -4.290507 -7.464334 -16.766580 -22.442340 -17.758063 -17.824980 -24.388424 -26.396765 -21.620942 -22.360865 -21.812233 -25.047937 -29.803346 -36.845125 -36.597376 -34.770616 -33.656532 -33.937155 -37.456402 
-14.287026 -15.809437 -14.914355 -16.118299 -17.778813 -20.198033 -14.241825 -9.839348 -10.973585 -22.002133 -18.499967 -26.424078 -24.349269 -19.226337 -22.289673 -23.092777 -24.316557 -22.186388 -21.047461 -18.886695 -18.316769 -12.546989 -9.135115 -25.502858 -24.952363 -23.926450 -24.917008 -26.495803 -24.646387 -20.579641 -22.503166 -25.525929 -29.478728 -29.242817 -32.865482 -32.306147 -31.511855 -26.596172 -30.232817 -31.644543 
-21.129287 -20.875949 -29.629942 -22.412555 -17.746708 -20.510283 -15.300956 -10.082744 -13.722751 -20.518070 -24.663898 -28.482261 -29.347077 -23.664892 -21.355611 -24.263329 -26.492174 -25.303387 -24.061392 -23.932295 -20.600921 -17.318858 -13.770764 -26.416734 -27.128351 -23.790504 -26.929591 -26.351778 -27.649495 -25.425624 -23.438254 -25.583706 -28.880183 -32.171775 -34.342434 -33.334243 -32.743750 -31.028206 -36.061892 -36.335079 
-21.581258 -24.198769 -28.057827 -33.102342 -27.016089 -25.974192 -26.979865 -26.513877 -31.199219 -35.310112 -33.585316 -32.472947 -38.630825 -34.826757 -29.350371 -34.210076 -35.487569 -27.975293 -27.112100 -32.952901 -30.577449 -25.347838 -20.872484 -27.059171 -26.223589 -26.548151 -26.134157 -27.956317 -32.368184 -32.991361 -26.788721 -30.212539 -36.730666 -40.537558 -40.803210 -41.700723 -40.542091 -39.871112 -39.334165 -37.641840 
-56.598552 -55.503084 -58.152841 -57.955612 -58.167167 -59.133796 -61.190276 -60.656857 -62.484019 -67.315698 -72.492787 -68.975913 -63.656495 -60.788828 -59.170619 -59.766599 -62.773982 -67.882156 -60.425406 -53.806046 -50.048721 -48.339272 -48.815366 -51.895687 -54.912297 -51.599224 -49.538010 -52.189560 -56.421028 -51.964056 -51.266525 -56.253545 -64.468177 -70.873834 -68.579479 -66.886619 -62.183746 -61.478778 -63.243120 -61.402593 
-63.534843 -69.743266 -69.538819 -64.647821 -65.144074 -74.774021 -74.345560 -71.468982 -69.583087 -76.230791 -81.534409 -76.678736 -77.072622 -85.278119 -80.078612 -86.033831 -79.893202 -79.449232 -78.601519 -75.616969 -71.623168 -69.202398 -73.062374 -82.146596 -82.694906 -82.043306 -81.313286 -82.867392 -80.325557 -79.032485 -82.061659 -83.282631 -83.854492 -88.543635 -86.022469 -83.913222 -82.650759 -82.976295 -85.179134 -89.165612 
-77.780292 -80.571155 -78.218631 -74.188550 -74.158854 -74.822694 -72.668076 -74.927008 -75.015232 -77.912479 -82.899759 -82.380460 -86.256630 -80.774221 -79.516693 -78.072509 -77.187996 -77.593942 -79.938887 -84.060211 -80.993609 -76.187281 -75.595028 -79.622689 -83.804173 -78.907479 -80.781804 -86.505927 -87.183984 -85.818700 -83.840296 -87.850824 -85.857465 -89.888346 -87.613209 -86.991226 -87.314321 -93.275037 -94.497565 -91.175896 
-94.861062 -95.584167 -95.305181 -88.881016 -87.856868 -89.385642 -86.760136 -87.992790 -89.868161 -90.264287 -96.286393 -97.421208 -96.314636 -94.891056 -91.826872 -90.496447 -90.601491 -90.869978 -93.038167 -97.715080 -95.290260 -90.276082 -89.736408 -94.287047 -97.823825 -92.753449 -93.888386 -98.159004 -98.506820 -97.724726 -97.371574 -101.024394 -99.849850 -102.976694 -102.872915 -102.812494 -103.089927 -108.180413 -108.143337 -107.106058 
-84.290030 -84.291064 -84.292795 -84.295745 -84.299796 -84.305582 -84.312802 -84.322285 -84.335239 -84.351130 -84.371004 -84.396272 -84.426515 -84.463679 -84.508430 -84.560558 -84.622519 -84.693626 -84.775528 -84.868958 -84.976914 -85.103334 -85.249968 -85.424847 -85.632656 -85.875988 -86.157672 -86.479492 -86.852563 -87.293132 -87.823846 -88.458315 -89.205837 -90.095098 -91.193901 -92.588137 -94.349114 -96.709006 -100.712578 -109.364861 
-100.209600 -100.210623 -100.212336 -100.215257 -100.219270 -100.225009 -100.232177 -100.241604 -100.254498 -100.270339 -100.290175 -100.315424 -100.345676 -100.382879 -100.427697 -100.479909 -100.541956 -100.613126 -100.695041 -100.788414 -100.896245 -101.022500 -101.168991 -101.343817 -101.551696 -101.795181 -102.076969 -102.398689 -102.771432 -103.211645 -103.742279 -104.376953 -105.124417 -106.012826 -107.110600 -108.504773 -110.264483 -112.614676 -116.591986 -125.158445 
NaN NaN NaN NaN NaN NaN NaN NaN NaN NaN NaN NaN NaN NaN NaN NaN NaN NaN NaN NaN NaN NaN NaN NaN NaN NaN NaN NaN NaN NaN NaN NaN NaN NaN NaN NaN NaN NaN NaN NaN 
NaN NaN NaN NaN NaN NaN NaN NaN NaN NaN NaN NaN NaN NaN NaN NaN NaN NaN NaN NaN NaN NaN NaN NaN NaN NaN NaN NaN NaN NaN NaN NaN NaN NaN NaN NaN NaN NaN NaN NaN 
-75.500908 -74.734836 -74.944024 -76.526581 -78.435973 -79.789555 -81.201777 -80.401691 -77.751110 -75.582602 -73.436868 -73.839990 -76.588481 -79.310403 -86.259977 -90.133108 -84.902546 -78.800738 -75.694708 -78.758436 -85.968866 -84.486513 -84.534591 -83.234269 -83.490925 -87.361587 -85.526277 -87.525695 -84.220291 -92.617137 -92.380563 -86.558024 -91.522931 -96.526505 -95.407447 -93.197423 -92.476113 -91.036955 -93.717487 -94.962466 
-74.081798 -68.178512 -70.673254 -69.975055 -73.610358 -76.879997 -74.858081 -76.397202 -75.728723 -76.338974 -71.947468 -73.112439 -76.058243 -78.123864 -83.605355 -80.869081 -77.551570 -72.193314 -70.351648 -77.206895 -79.635912 -79.370419 -79.240555 -79.972603 -82.430048 -81.023701 -79.737836 -81.555748 -81.190306 -83.716166 -85.099296 -83.764213 -85.724817 -86.097344 -85.341330 -85.797829 -88.515930 -88.568866 -89.036986 -88.458827 
-72.312771 -69.502274 -68.254602 -68.139294 -69.643757 -72.998310 -78.971528 -84.293298 -78.615687 -77.376713 -77.590076 -75.257706 -74.907977 -81.666586 -83.862198 -80.204984 -80.275560 -69.786835 -68.393439 -76.851875 -80.980139 -80.125962 -80.471310 -82.820876 -85.168720 -78.365477 -80.916467 -78.535101 -84.162671 -88.430978 -90.514589 -89.901195 -88.536964 -86.786563 -87.083046 -84.645540 -90.751011 -88.537703 -90.206018 -87.493479 
