NaN NaN NaN NaN NaN NaN NaN NaN NaN NaN NaN NaN NaN NaN NaN NaN NaN NaN NaN NaN NaN NaN NaN NaN NaN NaN NaN NaN NaN NaN NaN NaN NaN NaN NaN NaN NaN NaN NaN NaN 
NaN NaN NaN NaN NaN NaN NaN NaN NaN NaN NaN NaN NaN NaN NaN NaN NaN NaN NaN NaN NaN NaN NaN NaN NaN NaN NaN NaN NaN NaN NaN NaN NaN NaN NaN NaN NaN NaN NaN NaN 
NaN NaN NaN NaN NaN NaN NaN NaN NaN NaN NaN NaN NaN NaN NaN NaN NaN NaN NaN NaN NaN NaN NaN NaN NaN NaN NaN NaN NaN NaN NaN NaN NaN NaN NaN NaN NaN NaN NaN NaN 
NaN NaN NaN NaN NaN NaN NaN NaN NaN NaN NaN NaN NaN NaN NaN NaN NaN NaN NaN NaN NaN NaN NaN NaN NaN NaN NaN NaN NaN NaN NaN NaN NaN NaN NaN NaN NaN NaN NaN NaN 
NaN NaN NaN NaN NaN NaN NaN NaN NaN NaN NaN NaN NaN NaN NaN NaN NaN NaN NaN NaN NaN NaN NaN NaN NaN NaN NaN NaN NaN NaN NaN NaN NaN NaN NaN NaN NaN NaN NaN NaN 
-57.907942 -60.465967 -65.422560 -73.335911 -72.654177 -73.671027 -78.880724 -76.299230 -77.988152 -80.168452 -77.452060 -82.773053 -81.458887 -84.624666 -85.498651 -92.857974 -93.612615 -87.193435 -90.689363 -91.892396 -91.159624 -90.142669 -90.217940 -90.317080 -90.577632 -91.317729 -90.472313 -92.275583 -91.642764 -91.968479 -96.224706 -95.618879 -97.633751 -95.240014 -92.331843 -95.858977 -96.594211 -93.627110 -92.759042 -94.935873 
-39.351214 -49.243907 -57.845906 -63.157551 -65.988898 -66.729960 -68.213392 -70.657449 -72.557172 -72.039702 -69.566607 -74.131346 -76.477964 -71.718968 -76.359855 -78.129104 -75.966170 -74.443557 -79.461287 -75.549052 -74.047591 -78.991228 -80.807609 -80.525652 -78.734374 -78.270667 -78.074513 -78.429470 -77.260439 -77.932459 -79.111896 -80.714030 -79.919685 -80.113385 -79.181743 -82.450487 -80.979426 -77.543670 -77.143532 -80.222129 
-37.515795 -48.755139 -46.257450 -53.694610 -58.952443 -64.735475 -71.033917 -66.993402 -74.869230 -67.769911 -73.509792 -74.386284 -76.016607 -74.815345 -73.905432 -70.465912 -72.188239 -76.700238 -74.639450 -74.240850 -72.943208 -73.329627 -72.896736 -74.230400 -73.589144 -76.725083 -75.352288 -74.291892 -77.817798 -77.156936 -79.612229 -80.441461 -75.727181 -74.178292 -71.878546 -77.328799 -78.592287 -76.150317 -75.607476 -79.092014 
-27.091551 -39.517974 -42.303973 -45.477041 -54.868361 -60.366597 -62.163325 -66.343246 -68.058766 -67.410173 -71.060359 -70.238405 -63.411179 -67.079338 -65.076625 -69.131466 -75.647749 -69.057363 -68.858412 -72.110825 -70.113263 -71.663421 -73.166629 -72.549022 -74.654611 -74.744399 -69.920937 -75.805661 -73.873084 -72.733576 -72.198887 -71.747482 -72.777674 -72.618960 -72.357844 -75.934687 -76.183982 -73.451135 -74.177395 -75.496699 
-1.403934 -3.632644 -9.128387 -17.760527 -19.325006 -26.844747 -29.509959 -20.291129 -21.308795 -26.656241 -30.519811 -36.028690 -28.166727 -30.099684 -29.931871 -29.250952 -31.806161 -33.889443 -29.528212 -30.369623 -25.730452 -29.891779 -38.608906 -36.871771 -31.711445 -27.495147 -27.974685 -31.707831 -33.550188 -30.517527 -33.267761 -35.390228 -35.795329 -42.619942 -45.576567 -40.515577 -40.221152 -38.698546 -42.883447 -49.755632 
7.605083 6.513052 -2.060612 -14.483465 -16.895878 -17.825354 -18.722397 -10.927178 -13.506599 -17.484394 -21.406582 -24.829852 -19.797890 -20.817699 -20.520663 -26.314450 -24.790071 -27.859675 -24.819298 -18.199490 -13.712988 -18.143321 -24.122554 -23.309162 -21.387388 -17.570095 -19.532010 -23.905815 -26.657868 -24.444783 -25.109653 -26.538642 -26.905285 -29.878254 -34.532384 -30.503080 -34.574043 -35.087923 -33.705758 -39.064066 
0.901897 -2.560139 -7.960506 -15.427226 -18.830552 -22.629755 -24.333387 -13.433927 -9.928219 -9.907487 -11.374923 -15.393846 -11.572946 -16.850453 -19.890721 -22.756371 -18.653472 -16.110220 -15.184169 -11.902516 -13.580783 -21.821204 -19.156891 -18.461403 -16.573952 -17.473642 -20.274423 -26.191162 -26.179793 -21.543728 -24.329925 -27.477933 -29.719041 -30.802359 -30.672554 -29.625945 -33.735122 -36.899297 -34.881941 -37.493179 
0.279444 0.906030 6.869941 3.657423 -9.444270 -21.706387 -15.705722 -14.294815 -5.971102 -3.129178 -10.192845 -5.730406 -7.072389 -6.761779 -11.928077 -21.031464 -7.599417 -7.847689 -10.561899 -8.565634 -6.957130 -8.017230 -9.126232 -9.767914 -6.881919 -8.847949 -11.168808 -18.635431 -18.114652 -18.793133 -20.959547 -19.848729 -24.324201 -29.741486 -29.763472 -24.600473 -28.740948 -30.857886 -31.089017 -31.840042 
-2.114941 7.678241 17.643012 14.031238 -2.158222 -0.762847 -5.334516 -10.250338 -1.820084 -5.546599 -11.860466 -11.305320 -9.753250 -14.927706 -14.871190 -14.181803 -6.344901 -7.545387 -10.292899 -13.796544 -8.886212 -3.787054 -10.621145 -9.045968 -5.869847 -11.307373 -12.130164 -15.780111 -14.376469 -18.743341 -19.727739 -16.396119 -18.934153 -29.337172 -26.605280 -21.159358 -23.202434 -26.713919 -27.864133 -29.378011 
0.495549 9.582170 19.996957 15.525498 -1.317826 6.477950 0.949397 -2.425957 -1.145313 1.798058 -1.377313 -7.055856 -5.993373 -5.778748 -11.515830 -18.081311 -12.007884 -8.974425 -13.575862 -10.012377 -8.503812 -8.458265 -10.249166 -8.743023 -5.580367 -11.085711 -15.691004 -16.560677 -16.104281 -15.159226 -19.859325 -14.633053 -16.116400 -28.266920 -25.086047 -20.676206 -21.643921 -27.634477 -28.126963 -28.804028 
1.042512 8.288020 20.155066 17.112922 0.517426 10.117333 4.053552 3.189773 6.104731 0.141796 4.662267 3.431902 2.429577 -0.967737 -5.222741 -7.497578 -8.669449 -7.118463 -8.763703 -6.408318 -7.183876 -10.450634 -6.757125 -9.160731 -8.568679 -12.674150 -14.615133 -17.886275 -20.827204 -17.595011 -20.471833 -20.222303 -18.250294 -27.323207 -26.405640 -13.256294 -19.282579 -29.616284 -28.990079 -28.772578 
-6.847654 5.660975 19.576841 17.677914 1.211076 12.021607 8.105890 4.492878 10.696938 2.062428 9.566404 4.610008 8.727736 1.253711 -0.760155 -3.222892 -4.017427 -1.484249 -3.104561 -0.738449 -0.692508 -4.269138 -3.021714 -5.952984 -6.976269 -9.258272 -16.522971 -18.170629 -18.197339 -21.935664 -23.954504 -25.085101 -24.594090 -32.229220 -25.384225 -14.644400 -20.157371 -26.388071 -25.186840 -26.848526 
-8.501454 3.859195 18.134876 17.617699 -0.548730 11.196106 9.833784 2.985764 12.944308 1.503892 10.818705 3.888465 11.246808 3.402660 2.208363 -3.935523 -1.670579 -1.291919 -1.189374 0.795517 2.434665 -3.158924 -2.763190 -5.155851 -7.418701 -8.810582 -14.111158 -17.238178 -18.545497 -20.347140 -21.127272 -22.038688 -22.002356 -31.459457 -22.823765 -13.360694 -20.954459 -27.008293 -26.378529 -25.998875 
-8.202983 -1.435983 15.773744 17.562915 0.528185 9.370324 11.664226 1.251722 14.404087 5.574917 10.633506 5.701368 13.058328 6.373790 3.846028 -3.697959 -2.990170 1.670214 2.421205 3.499562 3.268728 1.409590 -0.312366 -3.976410 -6.967211 -8.660509 -12.287954 -15.692815 -18.648159 -19.896275 -18.842695 -18.787355 -19.389993 -31.598332 -24.889534 -14.565837 -19.171873 -29.391134 -31.724969 -27.813538 
-17.799984 -7.751933 13.564662 17.449087 2.957872 8.316311 13.694320 1.222925 14.503094 9.967900 8.043692 9.011095 12.827934 10.909377 5.984825 -0.413012 0.440396 3.541123 4.211549 5.927554 7.083900 5.984463 3.348007 -1.389347 -4.558143 -3.164116 -6.960376 -12.368423 -15.669224 -16.853763 -15.716830 -14.795778 -17.353041 -29.401360 -25.733694 -19.237390 -20.869952 -26.222312 -27.392408 -26.677319 
-10.682208 -13.096484 11.556573 17.074516 4.383258 7.401593 15.228839 2.448843 14.428448 13.605174 6.159658 11.071549 10.613805 12.663025 4.569615 1.107497 1.508048 2.673158 4.070137 6.854623 8.419809 7.475087 5.307569 0.908110 -0.479774 -1.026687 -5.941146 -12.793403 -14.831161 -14.975968 -16.877153 -15.144576 -16.195291 -30.660406 -28.571918 -18.103814 -18.455932 -28.693269 -32.315441 -27.269789 
-12.335294 -12.457239 9.994541 16.984495 5.557710 5.923884 16.166755 5.286332 14.558607 16.921591 3.974068 12.224533 5.383714 12.724775 0.164983 0.658023 1.425095 -0.017136 2.625169 6.849529 7.920473 8.811190 5.410543 -0.031662 -0.052102 0.906083 -3.356486 -9.967300 -13.631446 -14.561120 -16.010508 -13.001183 -16.260207 -29.454470 -26.791887 -17.127001 -20.768980 -28.050420 -26.477726 -26.188577 
-14.042280 -12.365418 9.532512 17.164425 6.062711 4.677999 16.724825 7.311012 13.620462 18.850732 2.711997 12.517908 2.587857 11.241665 -3.348158 -0.873807 -0.566015 -0.417753 1.884739 5.564229 6.852536 7.612815 5.746042 -0.798147 -3.786596 -1.009027 -4.388862 -9.877626 -13.536230 -14.487688 -16.501665 -14.750160 -15.750339 -30.372712 -30.226121 -18.989255 -22.729446 -26.812446 -26.700596 -25.404255 
-26.626075 -12.432782 10.014457 17.711284 6.785894 3.171557 16.811389 8.372616 13.530205 20.091044 3.015959 12.195453 0.598617 8.804209 -2.919364 -1.619613 -2.808451 -2.434909 -1.460755 1.058711 2.552669 5.079210 4.017229 -2.051142 -3.805926 -1.164829 -3.712299 -9.871622 -13.736315 -14.803303 -17.406019 -17.366204 -18.339517 -31.188919 -28.518254 -18.541315 -19.833819 -27.303132 -28.146958 -26.730384 
-11.362526 -12.844582 10.136812 18.293962 7.807258 2.927852 17.041847 9.530304 14.697137 21.335361 3.542824 10.497398 -2.197172 4.168423 -5.746820 -4.856960 -6.747257 -5.130207 -4.164572 -1.432412 -1.169989 0.952978 2.152967 -3.597007 -6.957668 -3.121866 -5.355032 -11.794881 -14.712675 -18.038320 -21.224451 -18.788660 -18.931716 -31.665091 -30.940784 -18.015760 -20.282876 -26.890030 -26.042059 -25.033382 
-10.996171 -16.326361 10.479316 18.423006 8.624767 4.278813 17.286837 9.795571 17.250905 21.017658 1.489370 4.686499 -5.869848 -1.684752 -10.402755 -11.794816 -9.340535 -7.941915 -9.505008 -6.648094 -3.642675 0.322408 1.745987 -6.034690 -11.532475 -6.444643 -6.503954 -14.040440 -15.881607 -17.913786 -22.238844 -21.226153 -23.014906 -33.536169 -28.072069 -21.392539 -24.581638 -29.104668 -27.894947 -26.507500 
-3.735962 -4.030533 11.913300 14.687913 7.232844 8.935507 14.211827 9.830562 15.385988 15.540455 -2.527433 -9.447950 -8.195225 -6.747381 -15.921881 -17.280952 -13.409027 -12.542202 -14.673341 -10.458404 -8.499331 -4.851139 -4.926773 -14.665504 -17.084107 -10.611449 -13.605441 -21.416244 -25.499799 -24.639130 -26.842536 -28.669003 -30.373283 -38.268367 -38.313922 -29.936006 -31.300781 -36.135847 -37.982606 -33.709929 
-2.802727 -0.727007 8.830352 9.006005 -5.713393 -6.577891 -2.830691 -4.222971 -1.818270 -0.104444 -12.528556 -21.816309 -23.301538 -19.064208 -22.858074 -23.277138 -25.336855 -28.016650 -28.714603 -28.820254 -26.594891 -23.856211 -30.328042 -29.716980 -30.087136 -24.380979 -29.944553 -34.361633 -34.525275 -35.303332 -36.001081 -36.078782 -36.265641 -37.541616 -37.715225 -37.739840 -39.134128 -39.818633 -39.807974 -40.388737 
-15.390835 -6.235915 4.992105 6.335894 -9.346424 -19.899130 -13.833246 -18.163613 -13.984927 -16.336782 -26.409370 -35.660923 -42.630715 -33.562098 -36.504145 -39.612274 -37.538972 -41.134654 -45.536812 -41.192805 -39.120411 -38.639998 -40.417251 -46.040946 -43.955254 -43.541483 -47.914285 -52.268967 -51.105632 -50.454876 -51.452069 -53.766435 -52.533685 -54.529276 -55.680319 -55.520313 -54.912433 -56.334020 -58.314915 -58.185310 
-12.560487 -7.278135 1.442045 1.370476 -10.045715 -18.133917 -17.503665 -20.284998 -22.666836 -19.444728 -27.897356 -31.552697 -39.385683 -42.759782 -43.851950 -42.158557 -49.373153 -47.670289 -43.728637 -44.209004 -44.386470 -46.492782 -50.334945 -53.043430 -47.455457 -46.395977 -52.956639 -54.297058 -56.576588 -53.023076 -54.358187 -55.635125 -57.281095 -57.397201 -58.512076 -56.463022 -55.780931 -57.222894 -57.844408 -58.655767 
-13.199654 -12.242294 -10.061541 -9.196335 -14.328498 -14.734335 -17.793533 -27.866392 -19.794860 -18.548216 -33.009718 -36.334445 -41.062097 -43.273644 -45.035207 -44.446885 -46.813155 -45.629326 -47.222302 -48.194649 -48.616048 -47.269363 -49.737631 -51.171907 -47.899913 -48.458369 -53.947460 -55.547824 -54.115438 -53.780688 -54.100792 -55.514189 -56.928204 -57.175422 -58.802289 -56.048646 -57.356010 -57.265535 -58.406247 -58.270475 
-11.308684 -7.740525 -4.180646 -7.751771 -21.466180 -18.972201 -17.843153 -28.028817 -27.976565 -28.538726 -29.648287 -28.328398 -33.406952 -33.578222 -32.743248 -36.097257 -32.222687 -32.346195 -36.435922 -36.709027 -32.977304 -27.686593 -26.174030 -28.054304 -30.870441 -30.675134 -31.140067 -31.891340 -35.956237 -35.537200 -33.478558 -32.851864 -39.809859 -44.706665 -40.063640 -44.333436 -42.122544 -49.438422 -49.565394 -50.286303 
2.024486 3.845460 2.214142 3.145155 -3.832498 -8.884080 -11.257131 -11.564247 -11.047492 -18.679075 -15.454695 -13.359808 -17.792597 -16.508271 -14.020318 -19.494858 -13.598633 -17.635558 -19.264856 -22.995640 -16.906855 -10.739709 -10.963237 -13.028569 -15.534787 -14.021148 -13.920158 -14.629227 -19.001223 -20.903046 -18.887823 -15.587282 -20.014030 -21.796700 -21.607277 -24.056469 -22.480787 -26.387694 -26.771788 -30.320618 
-0.792409 1.628335 13.100506 13.194994 1.763556 0.598428 1.821502 -7.798319 -10.595920 -18.885404 -22.963417 -20.861043 -17.904474 -23.387778 -21.434985 -26.379684 -20.517996 -23.312174 -27.576251 -28.149096 -24.399449 -20.771729 -14.644885 -17.737052 -18.137650 -14.262872 -15.278211 -17.588545 -24.483723 -24.518083 -20.024868 -17.882990 -19.127525 -20.251235 -19.107006 -15.694755 -16.121161 -18.338989 -19.880012 -23.411974 
-7.041501 3.899807 17.655781 16.799662 4.928432 13.451939 8.687092 -8.609859 -17.452006 -26.138966 -26.911588 -22.351759 -22.958940 -28.113397 -27.973370 -31.882940 -28.831451 -28.591266 -27.945230 -27.630369 -24.300230 -22.007606 -17.272518 -13.393841 -16.549274 -15.276686 -13.243022 -17.865649 -21.005753 -20.933111 -22.009792 -20.289840 -19.913933 -23.217011 -24.333641 -20.996153 -23.088939 -24.623112 -27.269770 -26.666815 
-13.260502 6.707762 19.959999 17.450015 7.464991 18.888841 12.089041 -11.177654 -8.888314 -22.245264 -20.392198 -21.155322 -18.734468 -22.102638 -27.906708 -29.408280 -28.748344 -26.307817 -27.791017 -30.622833 -28.174717 -20.859728 -17.900872 -10.425945 -9.019334 -9.676750 -7.465307 -9.971045 -14.717925 -16.159914 -20.074648 -21.266339 -19.818488 -24.037769 -24.502743 -22.592218 -25.732933 -27.141801 -26.876039 -27.180905 
-25.245386 8.127759 21.189612 18.008009 10.401703 21.346532 12.869747 -4.139708 -4.825647 -17.410042 -18.733191 -18.161360 -21.488270 -22.606566 -25.707504 -27.437317 -27.125540 -25.627577 -25.974663 -24.694852 -26.076446 -19.673274 -11.914182 -6.651244 -7.382988 -8.666956 -2.460899 -5.053030 -12.093742 -11.486774 -17.727655 -18.623746 -19.171677 -21.334864 -25.420369 -22.006217 -29.352024 -27.925406 -23.947818 -24.026116 
-17.746409 9.592904 21.426631 17.002680 13.363859 22.005157 12.006985 -1.429450 -8.850066 -18.740115 -26.004051 -17.861764 -22.591723 -21.082162 -24.788213 -28.253582 -28.579194 -23.136891 -24.176318 -23.034209 -25.130279 -21.144610 -13.184637 -6.675574 -5.217184 -7.595742 -5.108452 -7.673485 -11.385874 -10.037658 -16.338779 -16.898309 -19.514179 -28.614395 -24.642875 -19.605320 -29.446021 -29.763708 -22.705797 -21.695260 
-10.284293 11.520216 21.292943 15.457230 15.876136 21.162220 7.219222 0.582409 -11.352206 -13.884125 -19.829606 -18.236085 -17.874380 -20.175171 -22.561170 -25.380892 -22.696325 -22.415099 -24.268457 -23.426314 -23.568567 -19.726345 -12.659577 -5.040582 -3.980902 -11.603802 -7.168945 -5.165272 -9.273991 -8.704688 -17.301224 -18.680922 -19.749024 -26.661067 -28.163299 -21.803050 -31.852867 -33.255845 -25.333321 -25.693697 
-5.734931 12.801685 20.283996 13.068066 18.590079 19.297710 6.839618 1.592969 -11.898684 -13.554412 -23.224367 -23.676904 -21.146357 -23.550814 -25.238881 -28.734435 -26.411363 -26.292681 -28.035622 -24.712707 -25.262089 -21.713155 -14.691711 -5.550987 -4.795067 -13.426617 -7.624096 -4.782902 -6.779558 -8.416758 -14.874693 -17.547258 -20.972533 -28.564612 -27.008392 -19.069071 -29.589500 -35.380101 -28.675878 -29.356051 
-5.342634 13.415406 17.623690 9.288342 19.333291 15.552258 6.103069 2.561699 -10.848035 -19.066682 -20.526056 -17.790155 -18.670091 -21.803831 -24.606056 -26.831617 -26.506607 -27.376480 -26.614496 -24.929507 -25.062302 -23.318054 -17.140867 -7.564319 -2.005776 -10.227237 -5.874912 -6.242897 -7.532620 -8.560000 -17.801211 -19.182269 -23.251219 -33.351885 -32.496415 -29.596449 -34.939777 -35.220739 -29.608362 -30.150390 
-3.999726 13.063415 15.388726 9.000634 16.973515 10.459231 7.519712 1.366909 -12.944579 -22.457568 -23.541900 -20.212865 -22.668176 -26.493864 -29.788282 -32.467357 -31.005825 -29.947371 -30.139765 -28.357833 -28.165092 -24.070952 -17.059333 -9.456869 -6.512752 -10.805653 -11.107914 -10.514824 -14.660964 -14.690765 -22.091489 -20.358627 -20.134687 -31.275377 -30.967552 -23.115872 -29.342582 -34.391616 -27.934911 -30.029258 
-2.660717 13.713100 14.642302 8.434107 12.506407 4.502695 6.686121 -1.287324 -13.472521 -21.076491 -20.655066 -22.689937 -26.154092 -25.695016 -30.505044 -33.201475 -34.842961 -31.594668 -32.573894 -32.799694 -31.176949 -27.152845 -24.969876 -17.500490 -12.516354 -12.236035 -16.746487 -22.074830 -19.253776 -15.283759 -23.018099 -24.572120 -23.102015 -30.126069 -32.279243 -28.787523 -32.115181 -35.805566 -33.506090 -32.242239 
2.336109 14.704599 13.837622 5.519713 2.136768 -6.458288 -2.283086 -3.845659 -10.103774 -16.916627 -27.866824 -25.214143 -30.902019 -35.681945 -37.155196 -38.426777 -37.522379 -37.578294 -38.700797 -37.499912 -36.884042 -37.128540 -37.501864 -26.358223 -16.153983 -15.885390 -22.506866 -32.208892 -25.383379 -20.376933 -27.446921 -32.648195 -29.750255 -32.352777 -34.690277 -35.101511 -40.056116 -43.958269 -39.954360 -39.785511 
2.490656 13.362920 10.712355 2.793652 -0.283126 -5.908796 -17.977376 -24.076978 -22.626033 -23.607269 -29.936215 -32.035177 -32.589580 -35.620330 -35.061486 -36.464936 -37.709207 -37.612095 -39.228043 -38.853773 -40.012434 -40.329119 -40.067162 -37.233385 -31.874356 -32.761956 -35.670321 -40.467243 -42.247358 -38.507468 -42.413977 -43.598968 -44.757144 -46.128831 -48.609961 -48.716018 -49.028827 -49.150351 -49.124985 -48.906159 
0.372435 7.756614 3.567146 -3.525654 -8.262416 -14.731024 -19.611946 -26.820834 -29.115039 -33.281502 -39.307157 -41.410595 -41.790702 -42.595667 -44.346364 -44.793603 -45.924770 -46.456936 -47.394262 -47.847183 -48.935938 -49.326826 -49.914253 -50.339423 -44.099205 -39.333407 -48.273281 -50.856757 -51.015297 -51.980724 -53.691571 -53.273400 -53.529061 -55.127178 -53.557115 -54.407310 -56.224639 -56.315067 -56.362349 -56.446238 
-3.346694 0.421157 -8.142730 -15.904200 -21.690692 -25.850874 -35.977645 -41.692513 -38.679905 -41.295568 -47.145684 -50.059249 -51.138154 -50.852140 -53.842923 -53.258214 -55.350371 -55.616461 -53.385049 -55.522535 -52.458635 -55.949975 -53.990249 -55.598231 -53.181501 -51.642181 -58.368027 -58.092917 -55.704335 -54.712743 -58.386803 -59.908796 -59.534592 -57.074794 -56.392638 -56.527439 -58.881465 -59.289446 -58.240692 -60.708555 
-7.190882 -1.749678 -5.893930 -20.117081 -25.152840 -31.109187 -39.243164 -44.320994 -40.545479 -46.921180 -48.801928 -47.887618 -50.243918 -50.332061 -49.875671 -51.414156 -53.272567 -54.264070 -56.272752 -55.563881 -53.579048 -55.017238 -56.450925 -56.751794 -57.289776 -56.403153 -56.265105 -55.977340 -55.021849 -56.492584 -58.980591 -60.451995 -61.090426 -58.565047 -57.498533 -58.716187 -59.319262 -57.420927 -61.374740 -61.476207 
-24.502745 -15.392932 -9.637222 -21.557523 -32.346767 -37.295645 -38.146186 -44.261107 -45.596571 -53.302522 -54.776603 -52.444710 -54.385696 -58.590458 -58.916958 -57.935060 -61.312715 -59.573014 -57.708436 -63.527421 -61.546680 -56.342989 -57.457190 -60.099966 -56.144501 -59.535321 -56.358117 -56.048626 -57.868148 -56.795322 -61.696750 -61.699800 -58.458325 -61.962795 -60.916891 -60.737620 -60.118908 -60.258299 -61.016093 -65.058130 
-10.602263 -2.921055 -4.593728 -14.818933 -14.498632 -14.180719 -15.135512 -16.306218 -15.037391 -15.910978 -20.341548 -21.460602 -19.816608 -19.228185 -21.263507 -21.635356 -22.031538 -22.990113 -22.467942 -22.538454 -20.642042 -20.729009 -18.897933 -20.205201 -17.902806 -12.419137 -14.710600 -18.749613 -31.905751 -31.618124 -28.370441 -30.779317 -31.587902 -34.074521 -35.618160 -39.224661 -38.021572 -37.939522 -37.077974 -40.872779 
-7.767602 -1.800125 -4.891064 -15.886923 -5.848207 -2.247041 -5.788297 -5.970963 -6.564287 -7.508885 -16.407816 -18.224050 -15.214883 -13.627120 -14.726507 -15.082883 -12.512135 -15.287679 -16.279734 -16.559139 -14.963560 -16.830150 -11.604499 -14.019685 -10.664195 -2.864954 -1.791148 -5.573719 -12.873728 -15.148969 -20.495134 -17.870812 -17.272161 -21.123212 -23.884170 -22.683182 -25.188250 -23.336015 -21.224260 -22.235173 
-7.456209 -6.916596 -9.430393 -14.299068 -11.273367 -1.668236 0.859591 0.226919 -8.476286 -13.533471 -17.520694 -18.855741 -24.140325 -18.323464 -19.098491 -20.316512 -15.847448 -19.376636 -16.201789 -17.142148 -18.218707 -22.067440 -17.711469 -14.620493 -10.947218 -6.010711 -5.692961 -6.574302 -9.147692 -12.772121 -15.511156 -14.328735 -14.869556 -16.355277 -19.337289 -16.052869 -19.509282 -22.311646 -23.643271 -23.858113 
-6.559539 -3.000839 -4.355982 -10.309598 -12.919772 -13.218553 -7.976356 -11.145197 -9.048797 -14.608907 -23.876449 -22.949359 -24.017517 -24.153100 -23.543845 -22.637820 -20.428861 -21.933629 -20.068190 -18.957823 -18.546879 -20.645542 -14.577549 -13.348949 -14.217104 -7.876270 -6.577631 -10.829040 -10.562822 -13.442855 -18.968669 -19.043846 -16.791656 -15.167136 -17.561703 -19.148264 -22.577735 -22.055847 -21.645681 -24.614017 
0.090217 11.088002 13.675338 5.362800 1.712981 1.898028 -0.515617 -0.276348 -11.326488 -12.677677 -19.284960 -16.752372 -25.754863 -23.010171 -21.792294 -23.690205 -20.674738 -20.261892 -20.833991 -25.355280 -21.400394 -18.250149 -12.553963 -11.633884 -11.122562 -7.656496 -10.712475 -12.848586 -13.745425 -15.647732 -19.599701 -17.581856 -17.903801 -20.319588 -23.278830 -20.605816 -22.947430 -25.118982 -23.588276 -27.535791 
3.686770 18.042064 21.019199 10.968870 11.003077 10.093404 5.939538 8.741953 -4.510964 -13.537997 -13.523523 -19.037370 -20.982457 -19.017926 -26.664386 -28.574219 -22.855411 -20.625305 -18.752197 -18.019126 -19.252435 -9.120315 -4.375006 -6.443125 -8.118317 -8.229376 -12.717845 -12.225851 -15.773083 -16.992480 -22.537447 -18.593291 -24.049200 -25.082024 -24.833730 -16.331192 -21.166957 -26.974331 -26.364121 -25.758958 
-0.000593 17.146410 21.768760 11.575281 15.422463 12.286838 13.590040 14.329416 1.979694 -2.728910 -8.935618 -14.585356 -10.760856 -12.586251 -22.165338 -27.094783 -23.093323 -21.734681 -22.840498 -19.008136 -17.580191 -11.640700 -5.625938 -6.468319 -9.045681 -9.895094 -13.351691 -13.329231 -11.738825 -15.053026 -21.746693 -23.942420 -23.923508 -31.423565 -30.548098 -19.644014 -25.121362 -29.511794 -24.869208 -23.284730 
-0.783870 17.079875 20.819869 10.155335 16.688650 12.257910 16.921307 15.428167 10.268484 2.442004 -2.828505 -8.529974 -9.517496 -11.964443 -16.562368 -19.682711 -20.776853 -20.472100 -18.531852 -17.683503 -14.684011 -8.097377 -3.273282 -8.971667 -8.178941 -5.383423 -8.441126 -13.386428 -13.993753 -19.405771 -26.018317 -21.579220 -24.481417 -33.304275 -31.847688 -25.850019 -26.544893 -26.793000 -24.683144 -25.298414 
1.224615 17.071793 20.044648 11.219530 16.580792 10.914779 17.163245 13.258842 16.355198 7.314122 0.013895 -4.764931 -6.939387 -7.524288 -12.037297 -17.518093 -15.891353 -13.268860 -12.029569 -9.920216 -6.889722 -1.540038 1.288615 -4.006751 -2.707675 -5.935668 -4.867217 -7.737902 -11.173849 -14.531309 -18.308023 -20.052834 -23.264009 -38.032016 -31.432975 -22.484144 -26.465533 -28.754122 -26.403256 -25.112200 
0.047986 17.245632 19.452455 12.210087 16.535750 11.069607 16.784843 15.406255 21.119655 9.707699 1.637834 -2.486711 -5.261819 -6.174037 -9.283757 -12.922517 -15.089648 -11.468667 -8.927060 -6.656880 -4.290186 1.378360 3.122920 -1.788167 -1.558268 -1.083884 -3.552550 -6.761405 -5.132822 -11.480078 -19.632785 -22.951216 -25.259786 -40.571312 -30.670354 -19.140840 -21.673399 -25.676530 -23.735573 -22.421258 
0.660393 17.400280 18.962702 12.644913 15.479079 11.658732 16.098398 18.342911 22.269499 12.847501 3.515576 -2.507318 -3.980725 -5.915600 -7.966180 -12.802991 -13.802615 -9.616440 -6.908817 -5.340067 -2.724539 2.998786 3.580659 -2.607978 -1.086251 -1.112916 -6.363645 -8.309419 -6.909578 -9.609237 -16.339235 -19.573085 -21.686009 -36.416519 -32.029710 -21.605482 -27.555050 -32.293826 -32.521396 -29.482226 
2.485866 17.807468 18.286913 13.167980 13.962260 11.730829 13.983364 19.955791 20.398116 16.572638 5.178075 -4.884151 -4.522374 -7.196363 -9.014780 -12.953140 -13.485850 -10.518480 -8.159038 -5.844234 -2.694993 4.155745 5.478723 0.307534 -0.517617 -0.683213 -5.196416 -10.143870 -9.158129 -12.343357 -17.563444 -20.101673 -24.683928 -40.561141 -35.808861 -25.582440 -27.799269 -31.849374 -32.358896 -31.131035 
2.915268 18.333490 17.501421 13.946367 12.011520 10.800176 11.369406 17.674672 18.327926 18.124561 5.148549 -1.971650 -4.913365 -7.894863 -10.319572 -12.700002 -13.053176 -10.557703 -10.236080 -8.110351 -5.079234 1.226501 2.017012 -2.964909 -5.663766 -6.559039 -10.661469 -9.930380 -10.471811 -14.868558 -20.710189 -23.615355 -26.458591 -37.233600 -33.816636 -24.816002 -26.870491 -28.682732 -31.243239 -31.992251 
6.276829 18.724101 16.611941 13.854993 10.709684 9.968739 9.490894 12.279882 18.704424 16.159073 6.348437 -4.612400 -7.244694 -6.407178 -8.556699 -13.622494 -14.373923 -10.918353 -12.333205 -10.320859 -7.739084 -0.592063 1.886995 -3.908994 -6.357256 -8.347485 -12.092877 -12.451422 -14.177909 -18.305776 -23.580538 -25.854772 -28.233676 -42.060491 -34.678379 -23.124193 -29.340902 -31.542212 -32.791175 -32.301681 
8.480760 18.416372 14.874833 13.708655 10.043352 10.135433 8.780270 11.338056 17.714065 13.800953 1.530839 -9.339942 -6.678228 -8.956481 -12.163114 -18.478746 -18.862218 -17.643837 -16.502747 -12.773232 -11.092736 -3.734866 -0.401329 -4.745765 -6.084998 -8.265573 -12.685765 -18.868751 -15.950836 -17.093004 -26.177425 -26.989722 -30.362633 -42.361192 -36.132799 -24.722350 -30.847515 -34.182865 -29.030711 -30.381470 
10.781692 18.623055 14.765358 12.807106 7.835825 5.770760 8.206031 11.526442 14.134593 11.206176 -0.788330 -8.598789 -10.321334 -12.318057 -17.876116 -20.252885 -23.432664 -19.876060 -20.421380 -17.502230 -12.694262 -6.887879 -2.699462 -7.102238 -8.306540 -6.115992 -10.273789 -17.133295 -18.363635 -19.354208 -30.276308 -33.389061 -33.974559 -39.687099 -37.096310 -29.742168 -30.924245 -32.582550 -30.491612 -28.559147 
12.720480 18.973142 14.194667 8.798994 3.017285 3.988458 4.687042 7.859812 13.103783 9.264387 -3.462278 -10.314761 -15.599535 -15.290291 -17.093320 -24.271556 -26.266947 -23.149911 -21.334949 -19.519570 -17.037686 -9.983541 -6.991404 -9.691345 -10.448537 -8.597431 -12.304603 -20.428685 -21.188959 -23.412333 -34.393421 -37.043953 -34.445107 -40.377484 -39.136558 -29.684300 -29.346374 -32.651250 -32.288663 -28.390268 
13.307709 17.702855 13.281793 4.738962 0.831849 0.173707 2.695926 8.761868 11.950905 5.689480 -3.348986 -13.022818 -13.991676 -13.903085 -16.993276 -22.387297 -26.626407 -22.236473 -19.412303 -19.395636 -25.650173 -18.535511 -6.513937 -6.466946 -9.825850 -13.031211 -16.155107 -19.691401 -21.553455 -24.124876 -32.465584 -37.697883 -34.495572 -44.950151 -45.028134 -28.913901 -27.364692 -30.910815 -29.474769 -27.913727 
12.779505 16.538153 12.828836 7.234228 1.942968 1.309594 4.861455 8.062237 6.775323 1.107493 -10.143044 -13.269754 -13.378013 -20.067199 -21.900346 -28.530152 -32.332955 -28.979333 -27.539576 -26.157418 -24.908621 -15.167353 -5.238863 -5.371512 -13.400700 -15.617068 -15.621233 -13.135376 -16.749355 -24.642232 -33.729863 -31.870523 -31.712161 -41.219662 -42.620644 -30.024722 -30.490448 -34.327481 -26.967775 -27.897186 
12.570649 15.605185 11.866791 6.930368 2.590175 1.447098 2.933388 3.315977 3.439719 -3.878454 -13.430478 -13.783993 -14.815984 -19.599954 -27.648203 -34.939136 -32.059602 -27.868378 -25.251108 -24.910788 -24.090859 -22.155553 -15.684994 -12.085884 -12.581161 -11.352834 -15.458766 -23.125187 -21.649408 -27.474454 -31.982491 -35.295278 -39.132991 -49.168666 -44.846348 -30.440979 -36.067936 -37.658045 -32.478463 -34.927480 
11.033669 11.489707 4.977574 -1.168331 -7.014906 -2.121275 -0.384233 3.236920 4.156821 -7.905557 -17.249508 -20.723317 -22.801999 -27.738002 -36.927443 -38.165354 -33.745261 -33.749056 -34.310422 -34.244242 -32.978975 -22.867540 -17.297216 -11.916951 -10.078851 -15.940074 -22.007519 -24.075327 -23.839389 -31.961281 -38.680938 -36.697627 -39.882024 -51.259946 -46.119557 -31.885206 -33.754704 -36.291625 -36.338983 -36.606576 
8.840823 9.095037 3.660335 -0.512750 -1.861616 1.380017 2.921152 3.832923 -1.277547 -7.951450 -15.047515 -21.267980 -24.579533 -28.602192 -27.881946 -30.487575 -30.894978 -31.271790 -32.303786 -32.782926 -30.760346 -21.674770 -18.352847 -12.481529 -12.919451 -18.593252 -22.469976 -20.858014 -21.203459 -28.283387 -37.399644 -33.232542 -32.682344 -43.109628 -40.150650 -32.135822 -32.777691 -33.576997 -33.408619 -34.888482 
7.750015 7.717323 3.905454 -0.634878 -2.134070 -1.922164 0.918766 -1.364050 -9.571468 -13.614198 -24.884497 -24.156797 -23.976175 -25.879775 -32.651748 -38.859602 -37.954978 -35.398523 -35.336637 -35.395889 -37.199563 -32.120049 -18.837551 -8.039304 -4.440282 -15.499856 -26.194946 -32.197872 -29.203417 -28.763020 -35.841811 -32.424423 -32.256112 -41.857989 -46.525855 -34.735061 -36.166504 -38.856921 -38.048877 -34.076419 
6.550935 6.628599 -1.344548 -8.847057 -7.266879 -3.213854 -0.909911 -3.209313 -16.386292 -19.696544 -32.025630 -31.501344 -31.758927 -37.327162 -38.360840 -41.219410 -44.833253 -40.420423 -41.390074 -40.642571 -39.360808 -33.082580 -26.102337 -17.332329 -13.973786 -19.293873 -29.570510 -35.043190 -34.467563 -33.737525 -39.815197 -38.021524 -35.786788 -42.454402 -47.122646 -36.403924 -38.690806 -42.359309 -37.332159 -38.769006 
4.350077 5.229489 0.727043 -7.046457 -18.350481 -18.027418 -16.522417 -22.242279 -28.985328 -25.679471 -39.663716 -37.026081 -35.450746 -38.242866 -43.943553 -43.754329 -44.218697 -43.816179 -44.888796 -45.606680 -42.676082 -33.754259 -29.864940 -25.046277 -18.845388 -19.007430 -27.209109 -34.048373 -37.002755 -39.261912 -42.546671 -42.683149 -38.223801 -42.781371 -44.848184 -39.153877 -43.315359 -45.140154 -39.627909 -42.256631 
-1.027667 -4.534275 -9.823185 -21.494601 -26.463446 -34.679662 -28.291929 -24.947626 -31.416020 -42.187621 -38.642144 -42.590971 -46.522893 -45.589322 -45.978206 -46.126722 -47.254706 -47.446128 -48.389222 -48.975095 -48.785141 -45.744460 -39.751727 -39.017611 -42.388795 -43.347700 -49.035424 -49.184458 -50.200383 -51.266878 -52.283875 -55.209535 -53.212679 -52.270438 -53.539177 -50.930480 -54.998258 -54.650239 -52.575187 -54.845335 
-8.516479 -6.270801 -10.372216 -20.197986 -37.575850 -41.294872 -38.946708 -37.515721 -48.295965 -49.100308 -47.922285 -53.680292 -53.827238 -54.926151 -58.059071 -61.628632 -61.738739 -62.040311 -57.378171 -57.004812 -57.887700 -55.923457 -51.131798 -49.591376 -53.350817 -53.597547 -53.509603 -58.069215 -57.048147 -55.803450 -57.102452 -62.537251 -60.702745 -57.632737 -58.220497 -59.349547 -61.888527 -61.262290 -61.743087 -60.572234 
-10.702608 -14.906849 -20.460836 -30.432729 -38.725078 -39.205083 -41.374642 -42.475906 -42.195105 -49.784129 -53.174229 -56.394108 -58.187292 -61.891702 -57.810354 -56.181313 -61.328061 -59.629466 -60.554600 -57.806976 -65.280526 -60.796955 -59.472494 -55.274032 -58.006643 -59.871027 -60.080391 -57.780467 -58.126329 -58.614042 -58.645341 -61.157260 -63.087919 -61.409771 -60.378911 -61.353151 -62.505758 -59.001117 -60.964487 -60.653657 
-12.165687 -18.452581 -28.507511 -33.600023 -41.881634 -51.407598 -45.191560 -45.027384 -46.998748 -54.875926 -56.006578 -54.285053 -56.568944 -58.580689 -56.427325 -58.121725 -59.261525 -61.200793 -63.585294 -62.906491 -66.907117 -60.982863 -61.323018 -61.468022 -57.560809 -56.361861 -60.186326 -59.177209 -64.613701 -61.052192 -59.997753 -60.803834 -61.906008 -61.875240 -60.552757 -61.542411 -61.473713 -64.342586 -62.800643 -61.794968 
-12.998653 -16.291788 -23.534669 -39.198104 -45.337214 -49.850684 -43.499230 -46.758358 -60.666712 -55.171273 -59.466765 -56.162892 -56.074006 -56.930809 -58.598772 -59.147780 -56.685309 -58.667617 -60.613737 -59.858114 -63.164173 -58.815620 -59.344597 -60.845223 -58.328230 -57.770782 -58.724849 -61.143139 -64.339575 -62.586287 -63.598335 -60.492172 -61.202083 -59.765636 -60.064037 -61.195443 -61.745847 -60.102884 -60.704346 -63.282265 
-8.300285 -12.848196 -18.996680 -20.335824 -16.467021 -12.364741 -10.993796 -14.893507 -18.595798 -18.546144 -19.656228 -24.110419 -24.155457 -23.545870 -23.349217 -25.954700 -24.705007 -26.619515 -25.836033 -24.278516 -25.861673 -25.521008 -24.686327 -24.471529 -16.884319 -18.272692 -18.829413 -23.103274 -27.354554 -31.915554 -35.027247 -32.348205 -32.497552 -32.480796 -38.449749 -39.399818 -37.181129 -41.690694 -40.783814 -39.296794 
-9.704137 -10.213431 -18.791968 -24.737491 -21.395819 -13.225775 -7.772813 -14.255104 -22.596211 -23.625358 -21.649811 -31.814284 -26.943599 -27.689217 -25.556466 -30.046562 -26.355389 -31.948959 -29.013379 -26.959298 -29.747592 -24.523864 -20.691476 -21.350374 -15.620532 -21.516087 -18.684172 -22.753780 -26.266132 -27.482659 -24.511335 -27.904310 -28.038256 -30.744871 -31.552375 -31.974514 -32.588991 -34.385145 -30.501635 -31.749629 
-24.855894 -26.702663 -29.698931 -33.717447 -30.775689 -26.559586 -25.452509 -27.720511 -33.906884 -43.022331 -42.518374 -40.982980 -40.883593 -47.596896 -47.283761 -47.273643 -46.271823 -48.285974 -44.674912 -47.729831 -45.816772 -39.010533 -38.609218 -35.747625 -35.996686 -34.642432 -31.075926 -36.800854 -40.980757 -40.656042 -36.941893 -38.988477 -39.548832 -44.120256 -44.051045 -46.390395 -47.225147 -48.684529 -46.159537 -48.318382 
-57.606184 -63.295085 -72.300275 -80.335684 -70.392685 -62.181555 -57.872833 -57.495586 -62.431604 -65.744582 -71.207975 -71.376538 -72.951652 -81.400822 -83.764603 -84.243680 -80.146436 -81.229169 -77.882425 -80.221823 -79.799807 -72.748001 -72.958333 -68.112673 -70.097080 -62.936529 -73.159098 -72.448818 -75.685040 -76.368221 -81.180252 -81.310944 -78.589329 -78.844254 -80.163884 -81.164874 -81.963235 -85.383439 -79.956883 -82.362121 
-91.609889 -91.705036 -91.859658 -92.109701 -92.431073 -92.849758 -93.324734 -93.897521 -94.638683 -95.560451 -96.827693 -98.737418 -101.643813 -106.627717 -114.798526 -113.093581 -109.655475 -110.893162 -110.735081 -104.914134 -101.431105 -100.832563 -100.624250 -97.209823 -94.061268 -93.527386 -95.555891 -97.816489 -98.589157 -101.010986 -104.216652 -108.443191 -105.938455 -108.115809 -106.914131 -105.899474 -107.573269 -109.197967 -110.026185 -111.528910 
NaN NaN NaN NaN NaN NaN NaN NaN NaN NaN NaN NaN NaN NaN NaN NaN NaN NaN NaN NaN NaN NaN NaN NaN NaN NaN NaN NaN NaN NaN NaN NaN NaN NaN NaN NaN NaN NaN NaN NaN 
NaN NaN NaN NaN NaN NaN NaN NaN NaN NaN NaN NaN NaN NaN NaN NaN NaN NaN NaN NaN NaN NaN NaN NaN NaN NaN NaN NaN NaN NaN NaN NaN NaN NaN NaN NaN NaN NaN NaN NaN 
NaN NaN NaN NaN NaN NaN NaN NaN NaN NaN NaN NaN NaN NaN NaN NaN NaN NaN NaN NaN NaN NaN NaN NaN NaN NaN NaN NaN NaN NaN NaN NaN NaN NaN NaN NaN NaN NaN NaN NaN 
NaN NaN NaN NaN NaN NaN NaN NaN NaN NaN NaN NaN NaN NaN NaN NaN NaN NaN NaN NaN NaN NaN NaN NaN NaN NaN NaN NaN NaN NaN NaN NaN NaN NaN NaN NaN NaN NaN NaN NaN 
NaN NaN NaN NaN NaN NaN NaN NaN NaN NaN NaN NaN NaN NaN NaN NaN NaN NaN NaN NaN NaN NaN NaN NaN NaN NaN NaN NaN NaN NaN NaN NaN NaN NaN NaN NaN NaN NaN NaN NaN 
NaN NaN NaN NaN NaN NaN NaN NaN NaN NaN NaN NaN NaN NaN NaN NaN NaN NaN NaN NaN NaN NaN NaN NaN NaN NaN NaN NaN NaN NaN NaN NaN NaN NaN NaN NaN NaN NaN NaN NaN 
NaN NaN NaN NaN NaN NaN NaN NaN NaN NaN NaN NaN NaN NaN NaN NaN NaN NaN NaN NaN NaN NaN NaN NaN NaN NaN NaN NaN NaN NaN NaN NaN NaN NaN NaN NaN NaN NaN NaN NaN 
NaN NaN NaN NaN NaN NaN NaN NaN NaN NaN NaN NaN NaN NaN NaN NaN NaN NaN NaN NaN NaN NaN NaN NaN NaN NaN NaN NaN NaN NaN NaN NaN NaN NaN NaN NaN NaN NaN NaN NaN 
NaN NaN NaN NaN NaN NaN NaN NaN NaN NaN NaN NaN NaN NaN NaN NaN NaN NaN NaN NaN NaN NaN NaN NaN NaN NaN NaN NaN NaN NaN NaN NaN NaN NaN NaN NaN NaN NaN NaN NaN 
NaN NaN NaN NaN NaN NaN NaN NaN NaN NaN NaN NaN NaN NaN NaN NaN NaN NaN NaN NaN NaN NaN NaN NaN NaN NaN NaN NaN NaN NaN NaN NaN NaN NaN NaN NaN NaN NaN NaN NaN 
NaN NaN NaN NaN NaN NaN NaN NaN NaN NaN NaN NaN NaN NaN NaN NaN NaN NaN NaN NaN NaN NaN NaN NaN NaN NaN NaN NaN NaN NaN NaN NaN NaN NaN NaN NaN NaN NaN NaN NaN 
