NaN NaN NaN NaN NaN NaN NaN NaN NaN NaN NaN NaN NaN NaN NaN NaN NaN NaN NaN NaN NaN NaN NaN NaN NaN NaN NaN NaN NaN NaN NaN NaN NaN NaN NaN NaN NaN NaN NaN NaN 
NaN NaN NaN NaN NaN NaN NaN NaN NaN NaN NaN NaN NaN NaN NaN NaN NaN NaN NaN NaN NaN NaN NaN NaN NaN NaN NaN NaN NaN NaN NaN NaN NaN NaN NaN NaN NaN NaN NaN NaN 
NaN NaN NaN NaN NaN NaN NaN NaN NaN NaN NaN NaN NaN NaN NaN NaN NaN NaN NaN NaN NaN NaN NaN NaN NaN NaN NaN NaN NaN NaN NaN NaN NaN NaN NaN NaN NaN NaN NaN NaN 
NaN NaN NaN NaN NaN NaN NaN NaN NaN NaN NaN NaN NaN NaN NaN NaN NaN NaN NaN NaN NaN NaN NaN NaN NaN NaN NaN NaN NaN NaN NaN NaN NaN NaN NaN NaN NaN NaN NaN NaN 
NaN NaN NaN NaN NaN NaN NaN NaN NaN NaN NaN NaN NaN NaN NaN NaN NaN NaN NaN NaN NaN NaN NaN NaN NaN NaN NaN NaN NaN NaN NaN NaN NaN NaN NaN NaN NaN NaN NaN NaN 
NaN NaN NaN NaN NaN NaN NaN NaN NaN NaN NaN NaN NaN NaN NaN NaN NaN NaN NaN NaN NaN NaN NaN NaN NaN NaN NaN NaN NaN NaN NaN NaN NaN NaN NaN NaN NaN NaN NaN NaN 
NaN NaN NaN NaN NaN NaN NaN NaN NaN NaN NaN NaN NaN NaN NaN NaN NaN NaN NaN NaN NaN NaN NaN NaN NaN NaN NaN NaN NaN NaN NaN NaN NaN NaN NaN NaN NaN NaN NaN NaN 
NaN NaN NaN NaN NaN NaN NaN NaN NaN NaN NaN NaN NaN NaN NaN NaN NaN NaN NaN NaN NaN NaN NaN NaN NaN NaN NaN NaN NaN NaN NaN NaN NaN NaN NaN NaN NaN NaN NaN NaN 
NaN NaN NaN NaN NaN NaN NaN NaN NaN NaN NaN NaN NaN NaN NaN NaN NaN NaN NaN NaN NaN NaN NaN NaN NaN NaN NaN NaN NaN NaN NaN NaN NaN NaN NaN NaN NaN NaN NaN NaN 
NaN NaN NaN NaN NaN NaN NaN NaN NaN NaN NaN NaN NaN NaN NaN NaN NaN NaN NaN NaN NaN NaN NaN NaN NaN NaN NaN NaN NaN NaN NaN NaN NaN NaN NaN NaN NaN NaN NaN NaN 
NaN NaN NaN NaN NaN NaN NaN NaN NaN NaN NaN NaN NaN NaN NaN NaN NaN NaN NaN NaN NaN NaN NaN NaN NaN NaN NaN NaN NaN NaN NaN NaN NaN NaN NaN NaN NaN NaN NaN NaN 
NaN NaN NaN NaN NaN NaN NaN NaN NaN NaN NaN NaN NaN NaN NaN NaN NaN NaN NaN NaN NaN NaN NaN NaN NaN NaN NaN NaN NaN NaN NaN NaN NaN NaN NaN NaN NaN NaN NaN NaN 
NaN NaN NaN NaN NaN NaN NaN NaN NaN NaN NaN NaN NaN NaN NaN NaN NaN NaN NaN NaN NaN NaN NaN NaN NaN NaN NaN NaN NaN NaN NaN NaN NaN NaN NaN NaN NaN NaN NaN NaN 
NaN NaN NaN NaN NaN NaN NaN NaN NaN NaN NaN NaN NaN NaN NaN NaN NaN NaN NaN NaN NaN NaN NaN NaN NaN NaN NaN NaN NaN NaN NaN NaN NaN NaN NaN NaN NaN NaN NaN NaN 
-90.940929 -94.202740 -100.178376 -101.477919 -98.285795 -98.169947 -100.411114 -106.498872 -100.182637 -93.968370 -94.048720 -100.841263 -101.741440 -99.997633 -99.874195 -95.936207 -102.120025 -104.130264 -102.020971 -97.541807 -96.214580 -100.893508 -100.310765 -98.248448 -103.241659 -98.901793 -98.662383 -101.495427 -98.959328 -99.465113 -98.116066 -99.386100 -96.975095 -100.200522 -100.238012 -99.538530 -100.023910 -98.747764 -99.482170 -99.100204 
-62.542495 -66.085536 -64.227538 -66.018642 -68.880934 -69.158919 -71.867294 -80.458633 -81.683313 -77.505604 -79.007004 -79.073601 -77.704062 -83.464872 -78.798010 -77.714901 -85.694261 -81.517879 -80.537250 -81.605609 -81.070334 -81.019402 -85.539200 -83.716208 -85.761814 -84.804999 -82.659050 -88.655297 -87.500571 -82.044732 -81.907797 -81.642598 -81.180996 -81.760029 -83.500909 -83.471758 -83.075826 -82.455082 -83.430385 -85.050500 
-57.340689 -58.987245 -57.242295 -62.265671 -70.314535 -72.589235 -69.405061 -71.266742 -74.383670 -78.128638 -78.443378 -75.945268 -77.497783 -78.746071 -77.739331 -82.816659 -84.992468 -81.377244 -80.557162 -84.474243 -85.382010 -84.625260 -83.792449 -82.623337 -85.324168 -89.336164 -86.375120 -85.337905 -88.427222 -85.930120 -85.095822 -84.997200 -87.405796 -85.325086 -85.293066 -84.156392 -83.636902 -84.122381 -83.409081 -87.862714 
-60.132373 -67.267202 -60.529446 -59.496856 -63.809585 -68.683615 -72.412967 -68.530521 -74.264136 -78.440711 -73.352826 -75.656923 -73.072942 -77.958216 -79.129779 -78.850656 -77.654353 -81.101142 -83.112789 -83.741264 -83.598322 -85.478098 -78.307411 -79.828657 -80.833466 -81.623379 -85.466748 -83.775330 -82.777696 -80.923843 -79.286154 -80.794247 -86.637369 -85.795834 -82.941355 -83.373004 -86.865269 -81.768354 -81.127774 -84.443889 
-32.551557 -32.659907 -32.244273 -31.672921 -31.789664 -31.799849 -32.362310 -33.619722 -35.784552 -38.593971 -40.724423 -40.342183 -39.781006 -41.085072 -45.403465 -49.478689 -45.473950 -43.341224 -44.164630 -47.584431 -53.706624 -59.623180 -52.526863 -48.168399 -50.591275 -47.259842 -43.900492 -48.646159 -54.634515 -48.503746 -47.650930 -54.185311 -52.705527 -60.773977 -56.115644 -58.699244 -58.658030 -59.187407 -55.275382 -53.793299 
-12.744916 -16.856355 -19.073010 -10.415964 -7.211773 -8.923593 -13.856062 -16.449248 -15.220518 -19.853464 -20.438179 -18.342692 -21.945178 -20.441998 -20.077137 -23.598961 -25.509927 -20.103681 -25.447353 -30.465171 -30.284054 -32.069579 -30.853983 -28.325873 -24.893878 -27.855301 -24.370789 -28.139428 -26.660608 -26.164268 -28.102523 -29.400336 -26.842459 -30.013005 -29.153509 -34.068746 -33.889687 -34.052013 -31.894869 -32.360257 
-10.138120 -11.791716 -16.223092 -14.222236 -10.283004 -10.903747 -17.654420 -17.201765 -14.998199 -19.395138 -14.377748 -14.687077 -18.823866 -18.026748 -16.541311 -18.893843 -20.198833 -19.993670 -22.591372 -22.833857 -24.476759 -29.975071 -30.343435 -21.165182 -18.997575 -18.573886 -22.542495 -23.063087 -17.666559 -20.790786 -21.403573 -17.972566 -17.949661 -21.313712 -23.553100 -22.207878 -23.196851 -24.405508 -26.349227 -27.365110 
-8.233016 -9.289508 -11.421984 -8.814882 -6.931141 -11.136245 -14.706546 -12.900363 -18.501941 -20.423369 -13.558520 -9.828417 -9.724730 -14.172785 -19.302401 -18.029992 -20.787553 -21.959987 -24.667921 -23.980543 -21.673147 -20.555855 -20.812444 -26.357676 -22.540139 -19.693844 -23.234876 -21.688501 -17.307979 -15.375763 -19.408746 -18.509544 -17.202717 -19.106107 -21.585815 -23.214852 -21.532752 -20.724557 -20.780919 -20.444386 
-10.739550 -7.603008 -4.287746 -6.577473 -3.651334 -8.361963 -12.819882 -12.726144 -21.718385 -20.972696 -17.061851 -17.161435 -15.010496 -14.144252 -13.196072 -14.423882 -18.644476 -16.428818 -25.841086 -21.440478 -23.596048 -25.175432 -22.477164 -24.877247 -15.960614 -15.329290 -20.895434 -23.017862 -18.062898 -14.790833 -20.315703 -19.730463 -18.926237 -19.653642 -19.705297 -22.460204 -24.015115 -24.031378 -25.174420 -25.050596 
-17.873009 -2.263380 11.188960 14.911979 10.760659 5.669412 8.494786 5.311819 0.818224 -3.045622 -10.694577 -4.940996 -6.280785 -6.206727 -10.011126 -10.493061 -21.030335 -20.857457 -24.620693 -21.197543 -26.232829 -25.892154 -20.764733 -23.232506 -18.609529 -16.966380 -22.048213 -20.222190 -22.328240 -17.966736 -20.322437 -18.983098 -20.375972 -22.092602 -21.954370 -22.370993 -22.869309 -24.887738 -25.318452 -28.512211 
-19.707849 -2.859113 13.226106 16.602867 0.627785 12.024018 20.480297 10.746498 8.541907 8.255762 -0.359015 5.732279 1.736934 4.780056 -2.248604 -5.095249 -13.152898 -21.302740 -23.511421 -26.279567 -29.625730 -29.411255 -27.178362 -25.774706 -22.159274 -19.606635 -24.131490 -23.702595 -24.936639 -19.895227 -20.171893 -20.667937 -21.743813 -26.980687 -28.333104 -24.860306 -25.276206 -24.755914 -25.923512 -30.051577 
-19.188159 -11.156143 10.176636 16.698294 6.219973 12.618953 23.669142 14.800739 9.076774 13.790521 3.196417 10.820619 2.718199 9.984676 2.935534 0.276347 -8.313709 -13.550186 -18.807243 -20.662161 -24.459345 -25.937750 -25.014305 -24.222279 -20.239456 -18.971565 -27.870201 -27.690248 -26.344135 -20.235741 -20.538966 -21.309306 -24.531876 -34.282049 -32.717006 -29.098471 -28.691593 -30.467338 -30.957934 -32.016832 
-20.383576 -18.951101 5.894768 16.114652 7.967436 7.548726 22.938729 19.221929 0.970803 15.105963 5.910208 8.715025 5.944685 8.371463 8.650847 1.257822 -5.574836 -10.269496 -15.935162 -20.810095 -21.487404 -24.639357 -24.939924 -26.471028 -25.881567 -25.742326 -31.086726 -32.353818 -31.110209 -23.992133 -20.465800 -21.741151 -29.373344 -38.596276 -35.297338 -27.702001 -28.064679 -30.356017 -33.358322 -35.563952 
-26.179868 -18.310106 1.379068 14.804395 9.248026 -1.256681 18.400655 19.814317 -1.581388 16.938920 12.529536 5.663799 9.676395 6.324586 13.315660 0.021352 2.981759 -8.715520 -15.093434 -17.112233 -17.883633 -19.208548 -20.833353 -23.336990 -23.635980 -22.043279 -29.313360 -28.399195 -27.323473 -20.830930 -20.831240 -23.799095 -27.814816 -34.535210 -32.089230 -25.545395 -26.470789 -31.379372 -34.913940 -36.453882 
-20.226715 -25.794115 -0.956352 14.892993 11.126605 -7.363611 13.004017 17.990789 0.266184 15.792069 15.790469 3.884156 11.295790 3.122136 12.018504 3.636157 11.951535 1.837538 -6.769477 -12.927184 -16.044972 -18.244945 -17.061230 -17.233422 -16.659069 -17.289110 -24.327025 -27.467628 -24.620415 -18.657596 -18.396808 -21.624216 -27.401822 -32.759921 -29.788284 -22.273515 -25.630488 -32.106220 -34.499493 -35.706602 
-18.613546 -18.543996 -2.183251 15.179667 12.489555 -9.182613 9.548551 17.830198 0.627852 12.544898 17.013794 -1.026551 12.636982 1.807728 8.626671 1.766433 10.370514 1.894657 1.731086 -9.083874 -13.589135 -13.701793 -13.585494 -13.382852 -13.312957 -15.441431 -21.498533 -24.722391 -22.251795 -18.066046 -18.084356 -20.444010 -27.107216 -36.606868 -34.605993 -25.027747 -26.728971 -30.359979 -35.437393 -35.717203 
-18.540211 -19.218946 -5.069823 15.118625 13.900166 -7.389464 9.396244 19.441400 5.309838 9.274760 16.122157 -1.638224 12.277055 4.933216 6.464066 1.744048 3.070180 -1.402245 8.088260 -3.521233 -10.899528 -10.220638 -12.374104 -14.458695 -8.660923 -9.722625 -18.721583 -21.077273 -21.456589 -19.506748 -18.014808 -21.521145 -27.329400 -36.373144 -32.056838 -25.132257 -28.527571 -27.248683 -31.746701 -35.097128 
-19.066167 -21.475468 -6.994963 15.258277 15.011481 -5.890595 8.144753 20.826389 8.050678 1.582294 14.693774 -2.315412 11.046022 6.971896 0.131711 1.010162 -4.478429 -5.227538 7.628839 0.343893 -7.698966 -7.353745 -13.060587 -13.679795 -9.230841 -10.231341 -19.389678 -22.856689 -22.218827 -19.031683 -16.128941 -19.183025 -27.406762 -36.884095 -32.335201 -22.958441 -26.806447 -28.401071 -29.042606 -32.834027 
-24.944751 -26.221322 -9.319742 15.194972 15.683885 -3.781533 7.955715 21.761898 10.538230 0.631068 14.120013 -0.695754 9.014420 7.245198 -1.889008 1.800734 -7.929420 -6.759226 1.938595 -3.199698 -3.643830 -7.033861 -13.200110 -13.790506 -8.473845 -8.108465 -17.741098 -21.002420 -23.438485 -18.672481 -17.113129 -20.512641 -27.131079 -30.360321 -28.985972 -24.051585 -25.948864 -27.474165 -28.215282 -29.013674 
-23.257757 -24.583490 -9.190173 15.278516 15.634040 -4.918326 8.140883 22.257560 10.857580 -0.783447 13.311347 -1.235269 7.047228 6.400560 -2.591634 0.928881 -8.548612 -7.983133 -2.051416 -4.294601 1.327604 -1.831707 -8.321512 -9.874554 -8.129271 -8.645193 -17.495988 -22.166183 -24.776361 -19.900922 -19.339271 -19.252070 -28.657618 -38.309292 -32.377125 -20.317081 -24.368669 -28.725652 -32.005203 -33.001047 
-20.999127 -25.676498 -6.055474 15.651401 15.402287 -6.507185 9.531290 22.337368 9.562686 0.953500 12.146932 -5.791705 8.320386 4.202670 -1.777863 -2.163174 -7.321129 -9.594118 -2.735038 -5.249177 -1.041193 2.967823 -6.101080 -7.339921 -4.674512 -7.296269 -16.738812 -21.329444 -22.785491 -21.317628 -18.767896 -16.424404 -21.819388 -39.305773 -30.737863 -22.148230 -26.478665 -32.196378 -30.132868 -29.595283 
-19.768131 -21.706040 -4.189215 16.128649 14.677692 -6.888260 12.315069 21.955589 6.244427 4.333483 11.754375 -5.185450 9.183595 1.352231 0.833580 -3.889995 -6.497695 -10.308251 -5.053752 -6.694518 -1.900893 5.188153 -5.420007 -6.901862 -4.748941 -7.713134 -16.226167 -20.299594 -22.033214 -20.589323 -18.313902 -15.705361 -20.908277 -37.099768 -25.915947 -15.303303 -21.483702 -28.910766 -27.105514 -27.898657 
-31.755365 -24.963943 -0.574880 16.495595 13.702196 -9.142291 14.046432 20.895618 2.117220 7.455434 9.577728 -4.170332 9.703116 -2.218097 2.564848 -6.130466 -4.373630 -10.275629 -7.005641 -7.530361 -1.323346 3.530168 -3.747857 -3.272442 -0.844441 -8.911468 -15.664636 -18.648933 -19.591910 -17.860825 -17.825354 -17.281490 -23.312047 -33.534006 -28.308582 -20.960451 -25.671777 -28.807886 -24.470099 -25.407753 
-23.878491 -22.105673 2.513954 16.753298 12.277383 -6.433423 15.625086 18.406859 -3.403342 10.130716 6.663976 1.226819 8.836608 -4.785196 1.455261 -7.574605 -4.749084 -8.266576 -9.202946 -8.926304 -1.364344 0.772400 1.201010 -0.040730 0.484445 -5.262699 -14.830572 -20.018810 -20.566587 -18.222187 -16.076153 -15.445827 -20.216020 -33.117113 -30.987865 -22.903893 -27.294599 -29.624866 -32.683724 -32.942116 
-29.024807 -21.801178 5.326812 16.836765 10.021434 -1.300345 16.805770 14.463755 -2.468552 12.882375 4.092807 6.118032 6.233347 -2.991584 -1.848777 -6.821694 -9.137154 -8.121652 -10.849377 -9.261859 -2.684167 3.617576 2.040981 -1.085045 -2.309430 -6.575573 -17.576930 -23.166132 -23.235740 -19.401377 -20.877191 -17.319605 -22.349288 -36.418313 -27.984070 -18.101204 -25.247788 -30.030423 -28.386564 -28.988118 
-27.710062 -17.020163 8.192080 16.490409 6.549122 4.007641 18.134368 11.426392 4.025511 13.599227 1.013501 9.017548 2.226366 -1.048065 -6.224189 -7.136506 -9.103378 -8.898126 -10.934312 -6.699971 -3.557841 2.414735 2.331604 -3.389413 -1.528426 -8.661161 -16.348808 -20.515377 -21.233414 -20.248650 -20.123087 -16.804813 -24.796391 -39.035202 -32.113100 -20.243972 -25.170139 -30.566465 -31.321688 -36.111212 
-25.018325 -10.721660 10.968468 15.622150 1.458771 10.209960 18.839985 7.956020 10.949966 10.156321 3.310733 7.490188 -3.026541 -4.197415 -7.181289 -7.625067 -6.162952 -9.880578 -11.219371 -6.717652 -5.026767 0.651099 -0.225731 -2.782340 -0.655181 -6.479075 -16.083002 -21.770423 -23.978113 -20.665529 -19.488297 -19.240668 -23.146814 -35.070675 -31.746769 -21.231351 -24.402630 -30.555046 -31.445614 -31.826559 
-25.740466 -2.571510 13.904662 15.236414 2.171997 14.741661 16.247069 6.276895 16.096148 6.898991 8.536896 3.805160 2.228193 -3.933343 -4.743656 -8.175812 -9.833164 -11.400347 -10.118363 -8.095729 -2.947246 0.802228 -0.683390 -3.079989 -3.008286 -8.181306 -19.544069 -25.135647 -24.105515 -18.494077 -17.132663 -17.098230 -22.849993 -40.711432 -39.026574 -29.664802 -31.647196 -35.268911 -33.932289 -31.402537 
-20.906207 2.376151 15.949155 14.095544 4.351848 15.556577 8.967092 13.380613 16.315194 7.777559 6.809202 2.049817 2.391561 -4.458881 -9.982697 -9.600724 -9.222203 -11.214329 -9.982435 -6.860110 -3.888013 1.122434 -1.556521 -1.780689 -0.696664 -7.231054 -18.004040 -24.632441 -24.895562 -23.272177 -24.728182 -24.976602 -27.732455 -39.505956 -29.668469 -20.842110 -23.734775 -26.472097 -29.701429 -29.054596 
-13.990162 5.367254 16.279931 11.611824 10.055425 15.500167 6.805261 16.708375 12.243689 10.518365 2.729133 5.009547 -2.780274 -8.137289 -8.869653 -13.175140 -11.561305 -11.897607 -10.588605 -5.685022 -0.951909 1.715346 -0.737152 -1.799883 1.485673 -6.560365 -15.239758 -21.031802 -20.976618 -19.234639 -19.097041 -23.761629 -28.815811 -37.572878 -28.245094 -18.160162 -22.478237 -26.087821 -26.452683 -26.961636 
-13.578205 7.320378 15.606124 8.233537 13.965022 15.032024 7.872648 14.350253 9.685908 10.949457 5.282494 3.012940 -0.570782 -3.293623 -5.565195 -9.662073 -8.276189 -10.577742 -8.799559 -4.697481 1.737266 3.166410 -2.024606 -2.797370 -1.163555 -9.699095 -16.761062 -20.050978 -20.006864 -17.303006 -17.725950 -18.000145 -24.564065 -40.930617 -30.295397 -20.300059 -24.883100 -31.016042 -32.904457 -31.075263 
-10.260411 9.414135 15.147409 8.989818 16.255457 13.942794 10.448068 10.046287 11.367467 7.747457 5.499018 0.910898 -0.181312 -1.467543 -4.587435 -6.465967 -6.710185 -7.753826 -7.854519 -2.120055 1.738713 0.032548 -5.337776 -5.093532 -2.933511 -11.049200 -19.298598 -23.246590 -23.324321 -17.154642 -17.799875 -21.114597 -24.370542 -35.211369 -32.105412 -24.247040 -26.181148 -32.256527 -33.583573 -35.335739 
-6.661047 10.141943 12.875029 9.983744 16.635250 10.686457 10.590650 10.040360 16.191069 7.137650 1.073727 3.589520 1.856637 -0.144003 -4.054104 -6.720209 -8.010922 -8.320825 -6.071487 0.346112 5.204276 0.628013 -2.375463 -4.678890 -1.964221 -9.317023 -15.939545 -22.377073 -24.712116 -20.037184 -18.944135 -21.951933 -26.571676 -40.119599 -31.874164 -24.544457 -26.742429 -29.834412 -32.993214 -29.855419 
-6.062768 9.697425 10.080876 10.727532 15.041183 8.051053 8.725286 12.909564 14.763641 6.310088 2.986467 2.478571 0.287310 -2.792335 -4.285715 -7.217175 -6.947907 -7.970084 -6.658897 -1.653558 2.183839 -4.835564 -8.809973 -9.099816 -6.228068 -14.561180 -22.427767 -26.921116 -23.843570 -19.408772 -19.841198 -23.283018 -27.795969 -40.627539 -36.643571 -21.887684 -24.503322 -27.619205 -28.938027 -34.800389 
-5.773828 10.087769 9.971969 11.769071 14.006170 6.891130 5.625340 12.904675 8.432458 4.280698 1.017291 -1.194614 -0.894306 -3.216324 -4.992935 -7.385451 -7.627639 -6.878618 -4.911920 1.682008 3.090818 -1.217108 -4.755112 -5.097010 -5.671533 -16.075270 -22.744661 -24.069415 -23.954850 -20.449413 -19.266359 -24.511288 -27.836702 -36.550619 -38.340015 -29.146697 -27.980447 -30.012120 -30.786645 -31.707263 
-3.750048 9.993320 9.415101 10.444044 13.345904 4.904681 5.883380 12.299949 9.721079 3.193633 0.816273 -1.162892 -1.881019 -5.560461 -7.912444 -9.620707 -10.001740 -9.914101 -7.851277 -0.218458 1.582637 -4.386640 -9.102619 -7.596175 -5.122163 -16.733695 -24.629753 -26.175363 -25.027601 -19.143495 -17.871617 -23.697942 -27.639129 -42.378152 -38.859124 -31.279816 -33.037753 -32.880045 -33.050619 -33.613963 
-3.867169 10.717382 11.542231 11.929577 14.186577 7.521752 6.946408 13.231857 8.780330 3.820166 2.336884 -0.246425 -3.217208 -8.009331 -8.661646 -10.392042 -10.990777 -10.467352 -9.095908 -3.524752 0.505861 -3.663275 -7.037730 -6.203716 -6.619727 -16.667982 -25.527120 -26.874524 -25.844632 -18.978284 -18.544450 -21.976381 -28.292970 -43.030814 -37.996101 -27.493131 -32.957289 -38.953983 -38.323112 -37.610747 
-3.691551 11.010399 11.032436 12.741963 14.001274 7.171553 6.360046 13.333502 6.269387 1.982274 1.404728 -1.791370 -4.505580 -8.494679 -8.843424 -11.629659 -11.801859 -11.074140 -10.100493 -3.520288 -1.304938 -8.146179 -9.714180 -9.150947 -6.521775 -16.279479 -25.086961 -31.132513 -30.534871 -22.867197 -20.571988 -26.048462 -32.326569 -44.562457 -39.838746 -30.194486 -34.373896 -34.763360 -41.516702 -40.140684 
-5.111650 10.076304 9.431635 12.018440 12.267545 5.058738 4.137634 11.226356 3.078236 -1.123367 -0.299347 -3.694690 -6.951272 -9.465789 -10.968940 -13.390400 -12.715939 -12.448904 -9.514430 -3.396958 -5.274548 -14.132316 -15.955901 -18.015365 -15.002875 -23.464402 -26.323289 -27.456427 -27.929602 -23.514596 -25.332545 -31.416419 -37.459256 -43.475867 -43.689734 -36.958016 -41.499083 -37.296138 -36.668055 -34.819393 
-4.058719 9.036886 8.043422 11.377130 9.993206 3.539491 4.480141 6.548478 -4.050732 -6.993200 -5.546871 -10.332016 -16.061026 -16.027898 -17.547432 -20.410880 -21.722037 -22.067492 -16.160008 -10.719332 -14.639776 -23.783813 -21.158481 -19.445926 -17.639938 -25.491559 -36.819189 -42.975550 -42.805743 -35.565050 -32.785146 -35.064949 -41.115473 -47.808918 -45.811033 -37.404734 -42.581901 -39.378250 -40.682342 -37.705807 
-7.449548 7.855098 8.465289 9.132753 8.756110 -4.392550 -3.240990 -4.958436 -16.903232 -23.155829 -16.078327 -17.091793 -21.030088 -30.335831 -33.231731 -34.114635 -32.961047 -29.697008 -22.256757 -22.855554 -29.311670 -30.353430 -29.731869 -28.469777 -27.868161 -37.821363 -42.799303 -43.856751 -42.446379 -40.697574 -41.986395 -42.388004 -42.671881 -45.775080 -47.797257 -46.637184 -46.890716 -46.668188 -46.727247 -48.469213 
-5.870810 3.503091 7.125679 9.375961 5.580050 -0.586818 -2.470991 -11.815134 -15.444740 -20.896847 -20.392588 -24.908227 -28.409008 -32.049389 -33.624551 -35.181390 -35.797841 -36.371916 -29.604461 -32.006988 -38.327689 -36.804226 -33.344314 -34.993521 -37.128064 -43.542737 -44.387605 -45.447558 -46.070417 -46.306024 -42.358719 -45.432642 -46.449399 -47.792830 -48.378772 -48.621059 -48.607132 -49.183831 -49.382737 -49.134694 
-16.475320 -6.811826 -5.542753 -2.423638 0.535187 -3.060026 -9.859050 -8.289951 -19.072556 -21.551119 -26.673354 -26.226072 -32.842137 -38.524081 -39.727350 -39.898990 -42.783050 -42.964145 -36.779568 -31.407366 -37.448997 -43.708355 -38.026716 -34.430424 -38.458004 -45.035577 -48.659201 -49.333367 -49.786903 -49.428892 -46.648386 -47.724847 -48.212094 -50.661044 -52.849073 -53.192924 -52.768315 -52.726240 -52.805442 -53.656307 
-10.735634 -4.691641 -5.047836 -1.879885 -0.853719 -8.590539 -13.922737 -19.641232 -25.383510 -25.866513 -23.711652 -26.276089 -36.346860 -44.739068 -46.661019 -47.611279 -49.794891 -52.082666 -42.197845 -39.131556 -47.376013 -50.111097 -50.038729 -41.506789 -43.293562 -53.860625 -53.705815 -53.950368 -54.911053 -49.953938 -48.324608 -53.496782 -56.187030 -55.617844 -59.882019 -58.787874 -57.770151 -58.079079 -59.164953 -58.326165 
-20.787424 -20.036808 -15.464570 -11.713613 -14.919404 -23.797934 -29.325158 -27.510483 -32.416409 -39.415229 -38.475531 -36.844813 -40.653718 -45.223521 -46.397788 -46.769205 -46.493457 -49.428385 -47.004447 -45.427782 -48.825182 -51.663922 -51.813739 -48.608229 -52.565145 -54.365423 -55.399690 -56.661181 -57.023632 -56.800952 -57.049156 -57.694180 -57.959987 -58.824716 -59.590055 -60.099381 -60.584840 -60.273934 -61.224341 -61.332807 
-33.113890 -41.633004 -38.718996 -34.155671 -39.800209 -39.596120 -48.760128 -50.141618 -52.596451 -52.328629 -58.881294 -51.788845 -57.675583 -61.754887 -64.621096 -64.791932 -66.808913 -65.684288 -66.207780 -65.090740 -71.229279 -70.569880 -72.368666 -73.342686 -75.554537 -73.385752 -74.841227 -73.586896 -74.484101 -76.659698 -75.176551 -76.587840 -75.207994 -77.817223 -78.465151 -76.992488 -78.050594 -76.694965 -80.594654 -81.263705 
-55.582451 -47.528932 -50.040830 -55.925683 -56.141989 -54.918007 -63.338285 -58.199128 -61.559733 -63.958902 -65.150210 -68.430537 -70.022750 -71.858528 -72.802751 -71.793670 -73.678936 -71.762247 -72.343699 -73.802694 -72.821408 -75.812200 -79.559463 -77.484170 -74.382096 -76.383328 -80.429605 -77.907239 -80.270346 -79.251864 -80.699827 -81.168677 -78.960747 -81.773639 -80.560982 -80.108842 -79.215277 -81.715887 -82.176756 -81.810331 
-54.977898 -63.258211 -57.562080 -56.339030 -55.591929 -58.503544 -69.498987 -65.272996 -69.140914 -74.224767 -69.711497 -68.304305 -71.894351 -79.784461 -74.963340 -69.238784 -77.497027 -76.299774 -77.795224 -79.400106 -80.347910 -78.534906 -80.205443 -80.604272 -79.637246 -79.222037 -83.260573 -81.407593 -80.782258 -80.967046 -80.252041 -80.989027 -80.564612 -81.067231 -80.997250 -85.887803 -82.680152 -82.508341 -84.922960 -84.619357 
-27.678982 -29.319157 -33.459430 -38.840537 -34.498954 -30.940925 -28.990044 -29.150711 -34.023421 -36.860454 -35.070086 -33.695007 -34.698722 -37.670397 -40.698632 -44.376150 -46.601903 -51.776184 -49.910976 -38.902960 -37.326190 -47.820842 -53.500037 -48.522962 -40.249055 -39.769438 -43.571811 -45.967193 -41.572488 -38.646898 -34.616992 -40.174094 -37.554201 -36.691923 -36.794958 -39.199524 -41.239586 -40.252644 -40.244949 -43.566072 
-16.908821 -17.741007 -25.811152 -32.018810 -23.991935 -24.852959 -20.186665 -18.279123 -24.421250 -30.497954 -30.153207 -25.483488 -27.186879 -28.752150 -27.889798 -35.776630 -29.315910 -36.054174 -34.056199 -24.871338 -20.541327 -28.752906 -31.599802 -29.330296 -19.309627 -26.340846 -27.751579 -27.763120 -24.464025 -23.511048 -18.681537 -19.781343 -20.753301 -16.224467 -18.931583 -20.819423 -18.376868 -23.299628 -20.768856 -25.970911 
-20.316728 -23.037129 -34.502336 -33.973777 -25.446516 -18.162195 -17.187444 -19.014001 -20.951141 -26.792011 -28.053581 -25.812943 -23.430399 -27.872264 -25.739415 -31.691154 -25.224543 -31.723067 -32.964368 -20.777772 -19.187493 -28.811385 -28.874595 -28.526537 -19.968122 -25.576462 -30.346489 -26.427637 -25.844289 -23.368511 -18.811271 -17.593774 -19.372638 -19.205381 -18.638424 -20.266493 -18.572442 -20.706966 -21.820060 -26.447817 
-25.693215 -28.120660 -31.432596 -27.967472 -18.434470 -22.160131 -17.236455 -17.324406 -22.736884 -25.217950 -22.436246 -24.292287 -26.142913 -28.388119 -29.476819 -29.080754 -27.292701 -33.808583 -29.317840 -14.624586 -15.697334 -25.992269 -30.776163 -29.553880 -19.599720 -25.805256 -33.230265 -32.083655 -31.855531 -26.374559 -25.665590 -27.528263 -25.848905 -25.565027 -25.302671 -24.593149 -25.434728 -25.601963 -28.664955 -35.349979 
-26.144293 -29.649557 -38.967129 -32.118051 -23.083101 -23.930843 -20.778959 -19.667524 -29.733743 -32.750286 -32.501608 -30.740747 -34.915208 -36.180320 -35.924256 -37.148771 -32.308797 -30.168663 -32.160200 -20.496355 -20.958229 -30.947401 -35.353618 -33.521151 -28.097056 -38.161067 -44.114247 -40.981615 -36.114787 -29.055906 -31.977614 -35.595501 -36.854309 -38.726189 -40.127366 -39.627771 -37.822722 -36.301286 -41.247458 -45.008512 
-47.963564 -46.448522 -45.278041 -44.030845 -43.480176 -43.194141 -43.492513 -44.955362 -47.078686 -49.487600 -51.855259 -52.636611 -53.443483 -54.316388 -55.049123 -54.236148 -52.900220 -50.570574 -46.810904 -43.809097 -43.412224 -46.761469 -55.312415 -55.700459 -55.088181 -65.265435 -69.504753 -64.240508 -59.094323 -56.055954 -57.096346 -60.624771 -69.262977 -68.379156 -67.400191 -69.951895 -66.431205 -64.588524 -68.959217 -66.163431 
-103.689618 -103.662696 -103.633230 -103.615886 -103.626465 -103.664083 -103.699129 -103.703653 -103.667778 -103.635900 -103.656583 -103.716831 -103.738720 -103.701375 -103.700535 -103.775299 -103.805180 -103.774687 -103.838695 -103.898175 -103.879581 -103.973184 -104.002776 -104.064625 -104.155404 -104.227647 -104.341501 -104.454616 -104.566328 -104.738761 -104.901080 -105.111940 -105.362429 -105.632818 -105.950397 -106.344929 -106.794387 -107.330944 -108.477017 -111.669359 
NaN NaN NaN NaN NaN NaN NaN NaN NaN NaN NaN NaN NaN NaN NaN NaN NaN NaN NaN NaN NaN NaN NaN NaN NaN NaN NaN NaN NaN NaN NaN NaN NaN NaN NaN NaN NaN NaN NaN NaN 
NaN NaN NaN NaN NaN NaN NaN NaN NaN NaN NaN NaN NaN NaN NaN NaN NaN NaN NaN NaN NaN NaN NaN NaN NaN NaN NaN NaN NaN NaN NaN NaN NaN NaN NaN NaN NaN NaN NaN NaN 
NaN NaN NaN NaN NaN NaN NaN NaN NaN NaN NaN NaN NaN NaN NaN NaN NaN NaN NaN NaN NaN NaN NaN NaN NaN NaN NaN NaN NaN NaN NaN NaN NaN NaN NaN NaN NaN NaN NaN NaN 
NaN NaN NaN NaN NaN NaN NaN NaN NaN NaN NaN NaN NaN NaN NaN NaN NaN NaN NaN NaN NaN NaN NaN NaN NaN NaN NaN NaN NaN NaN NaN NaN NaN NaN NaN NaN NaN NaN NaN NaN 
