NaN NaN NaN NaN NaN NaN NaN NaN NaN NaN NaN NaN NaN NaN NaN NaN NaN NaN NaN NaN NaN NaN NaN NaN NaN NaN NaN NaN NaN NaN NaN NaN NaN NaN NaN NaN NaN NaN NaN NaN 
NaN NaN NaN NaN NaN NaN NaN NaN NaN NaN NaN NaN NaN NaN NaN NaN NaN NaN NaN NaN NaN NaN NaN NaN NaN NaN NaN NaN NaN NaN NaN NaN NaN NaN NaN NaN NaN NaN NaN NaN 
NaN NaN NaN NaN NaN NaN NaN NaN NaN NaN NaN NaN NaN NaN NaN NaN NaN NaN NaN NaN NaN NaN NaN NaN NaN NaN NaN NaN NaN NaN NaN NaN NaN NaN NaN NaN NaN NaN NaN NaN 
NaN NaN NaN NaN NaN NaN NaN NaN NaN NaN NaN NaN NaN NaN NaN NaN NaN NaN NaN NaN NaN NaN NaN NaN NaN NaN NaN NaN NaN NaN NaN NaN NaN NaN NaN NaN NaN NaN NaN NaN 
NaN NaN NaN NaN NaN NaN NaN NaN NaN NaN NaN NaN NaN NaN NaN NaN NaN NaN NaN NaN NaN NaN NaN NaN NaN NaN NaN NaN NaN NaN NaN NaN NaN NaN NaN NaN NaN NaN NaN NaN 
NaN NaN NaN NaN NaN NaN NaN NaN NaN NaN NaN NaN NaN NaN NaN NaN NaN NaN NaN NaN NaN NaN NaN NaN NaN NaN NaN NaN NaN NaN NaN NaN NaN NaN NaN NaN NaN NaN NaN NaN 
NaN NaN NaN NaN NaN NaN NaN NaN NaN NaN NaN NaN NaN NaN NaN NaN NaN NaN NaN NaN NaN NaN NaN NaN NaN NaN NaN NaN NaN NaN NaN NaN NaN NaN NaN NaN NaN NaN NaN NaN 
NaN NaN NaN NaN NaN NaN NaN NaN NaN NaN NaN NaN NaN NaN NaN NaN NaN NaN NaN NaN NaN NaN NaN NaN NaN NaN NaN NaN NaN NaN NaN NaN NaN NaN NaN NaN NaN NaN NaN NaN 
NaN NaN NaN NaN NaN NaN NaN NaN NaN NaN NaN NaN NaN NaN NaN NaN NaN NaN NaN NaN NaN NaN NaN NaN NaN NaN NaN NaN NaN NaN NaN NaN NaN NaN NaN NaN NaN NaN NaN NaN 
NaN NaN NaN NaN NaN NaN NaN NaN NaN NaN NaN NaN NaN NaN NaN NaN NaN NaN NaN NaN NaN NaN NaN NaN NaN NaN NaN NaN NaN NaN NaN NaN NaN NaN NaN NaN NaN NaN NaN NaN 
NaN NaN NaN NaN NaN NaN NaN NaN NaN NaN NaN NaN NaN NaN NaN NaN NaN NaN NaN NaN NaN NaN NaN NaN NaN NaN NaN NaN NaN NaN NaN NaN NaN NaN NaN NaN NaN NaN NaN NaN 
NaN NaN NaN NaN NaN NaN NaN NaN NaN NaN NaN NaN NaN NaN NaN NaN NaN NaN NaN NaN NaN NaN NaN NaN NaN NaN NaN NaN NaN NaN NaN NaN NaN NaN NaN NaN NaN NaN NaN NaN 
-80.874597 -80.969885 -81.128938 -81.398513 -81.767094 -82.289450 -82.938113 -83.788560 -84.951863 -86.391084 -88.223925 -90.619756 -93.542531 -96.733147 -98.650670 -98.279136 -97.396857 -97.257350 -98.010843 -99.240116 -100.055584 -100.204279 -100.933838 -104.145245 -112.538202 -106.807960 -101.039951 -99.767028 -101.295592 -104.943591 -108.461511 -107.592025 -105.757366 -107.699635 -108.442267 -110.122071 -109.109330 -102.380353 -102.558822 -101.994253 
-49.063134 -57.073563 -54.777901 -58.670033 -59.643208 -62.289881 -65.211952 -66.200664 -72.881756 -74.587388 -74.583981 -73.141764 -74.982639 -79.200560 -77.529316 -82.980304 -79.467179 -80.057318 -79.474444 -79.838477 -82.419845 -79.832648 -78.061188 -81.339332 -82.790244 -80.827423 -79.752633 -79.274803 -76.716614 -80.889362 -81.022335 -87.370051 -86.780207 -83.220425 -82.248343 -81.009534 -79.858210 -80.131464 -84.935889 -79.918849 
-37.023632 -45.242262 -47.752727 -54.451192 -61.547098 -67.189447 -67.286827 -65.010753 -69.131955 -79.125690 -72.014357 -70.224748 -74.523759 -77.028593 -74.938443 -76.053297 -73.737835 -76.916110 -75.283502 -75.412802 -74.526687 -74.371396 -78.191845 -79.983622 -81.105143 -75.740750 -74.101635 -75.635907 -74.903970 -73.718714 -73.802951 -79.156861 -75.789673 -78.608289 -77.068422 -76.676305 -76.926236 -76.288875 -76.935512 -79.465379 
-41.403979 -43.343767 -50.582399 -57.907387 -64.662320 -69.514713 -71.350373 -68.194480 -71.313207 -76.821301 -68.361290 -66.730969 -72.768211 -70.948447 -72.095283 -73.507320 -70.840799 -69.586758 -72.682057 -74.493599 -75.276146 -71.830236 -71.835187 -75.423142 -77.423483 -75.540704 -72.210576 -74.716855 -74.672982 -75.118472 -74.671750 -78.204053 -76.923172 -75.173627 -78.197907 -75.644722 -76.984731 -76.500153 -76.948062 -77.977009 
-24.789225 -36.059125 -38.006442 -44.164569 -44.910670 -49.372194 -51.765682 -55.121463 -57.069390 -59.622004 -60.110971 -60.043464 -61.107338 -60.631490 -62.550505 -65.197592 -64.389836 -64.226170 -66.452019 -66.092352 -67.276498 -66.429185 -66.752493 -67.208171 -67.890535 -68.983249 -68.558832 -68.621747 -69.888261 -70.013475 -70.492049 -69.021902 -68.685144 -68.767109 -70.915186 -71.091822 -71.568702 -70.567093 -70.330414 -71.071938 
-11.054097 -22.921280 -19.709488 -18.561727 -20.690451 -21.413086 -25.368993 -25.876034 -29.162254 -37.767325 -39.618494 -37.711742 -32.894805 -31.083652 -31.088105 -38.159057 -35.999450 -32.009068 -32.204198 -35.726604 -37.318973 -42.697169 -46.632666 -48.918405 -44.841267 -43.538269 -39.613851 -46.062939 -44.389168 -43.515857 -48.112670 -43.088561 -50.587958 -50.640509 -50.531506 -53.149515 -52.852098 -51.717704 -57.583821 -57.709925 
0.716100 -4.701278 -15.036367 -10.767646 -5.994264 -10.364436 -17.961913 -18.196304 -11.364848 -14.702125 -22.494897 -21.989623 -18.653558 -18.881937 -15.437960 -17.514758 -19.036123 -18.737129 -18.608283 -19.704490 -22.220044 -26.646550 -25.793536 -27.871948 -32.671425 -33.302528 -24.029654 -31.704282 -30.977931 -29.556434 -31.611107 -27.034527 -30.106340 -31.102227 -29.990626 -32.015337 -32.251618 -35.467000 -34.422520 -35.088083 
4.242443 0.168901 -14.899413 -22.337878 -12.242759 -14.603288 -15.224976 -18.228848 -10.679709 -11.961277 -14.818804 -19.778731 -16.442493 -15.651352 -16.412816 -13.548990 -21.306960 -24.433908 -15.340001 -21.526528 -21.487719 -24.997430 -29.555906 -31.350111 -28.489727 -21.445209 -16.322252 -20.811953 -20.597016 -15.967154 -20.548700 -20.882586 -19.586139 -25.849120 -26.369764 -23.771896 -22.860696 -21.852988 -24.195083 -26.169178 
-5.559902 -7.587719 -13.341516 -23.367604 -23.085359 -18.816477 -16.692689 -12.927412 -13.022561 -15.782387 -22.474329 -22.615017 -16.984744 -18.437863 -15.243574 -17.418456 -16.834050 -22.635725 -23.245618 -22.348305 -21.604092 -24.432612 -29.404534 -29.620972 -30.258050 -21.438857 -13.877603 -18.402720 -19.389112 -17.188971 -18.979738 -18.492948 -18.680215 -22.272784 -26.176257 -22.517464 -25.941442 -26.080241 -23.777372 -28.096534 
-13.354202 -11.310995 -20.217715 -20.665603 -18.289413 -22.010459 -18.711037 -13.510243 -9.812329 -12.544270 -15.654937 -19.040739 -14.948712 -19.625848 -17.565220 -18.402348 -19.698858 -18.792780 -20.396067 -21.158562 -26.294154 -34.133946 -31.378481 -30.998181 -30.609056 -27.684476 -20.982111 -21.542073 -20.297846 -15.757738 -19.371928 -20.337265 -23.325913 -23.226661 -25.111085 -23.506333 -26.620530 -27.520997 -25.911703 -28.869426 
-7.962730 -14.109323 -25.736474 -28.824233 -25.206579 -20.257497 -13.602376 -7.962503 -7.604971 -10.038750 -21.358276 -13.148871 -15.194500 -14.752550 -15.429401 -22.067225 -14.616087 -16.982013 -21.491889 -23.694415 -25.573648 -24.343617 -26.840374 -27.066352 -23.855155 -26.490585 -19.227565 -20.779040 -18.546694 -17.965750 -20.211689 -16.782130 -20.504499 -23.250048 -24.736602 -21.917824 -24.755561 -25.138325 -25.954926 -26.706864 
-3.623124 -8.681587 -16.798545 -19.365686 -28.165099 -17.645281 -12.353831 -7.883133 -9.890310 -19.037975 -26.970727 -16.560765 -19.218267 -24.474381 -18.542294 -17.964193 -18.430622 -20.533212 -23.686943 -29.550042 -30.097620 -25.570786 -31.455361 -31.176785 -29.750384 -29.487344 -24.991483 -21.309740 -18.120476 -16.495134 -20.311772 -17.677508 -18.685701 -26.472570 -24.515320 -23.093716 -23.875400 -23.600459 -25.486430 -26.786440 
-7.367886 -5.420350 -1.647285 -2.110330 -11.408879 -18.424619 -11.850943 -11.690149 -3.744437 -8.473097 -15.518237 -15.019394 -21.302446 -16.088283 -22.297380 -20.157303 -24.826172 -28.104334 -28.671696 -29.100897 -30.836211 -31.705169 -31.103749 -30.163748 -27.921873 -33.784738 -30.127155 -24.942577 -22.080064 -15.467790 -22.771542 -19.280964 -20.814857 -27.477524 -27.918616 -26.986615 -27.619529 -29.094701 -30.183965 -30.816142 
-8.110422 -1.014832 12.125494 14.152641 4.143315 -2.770439 3.440134 0.411860 2.681167 2.951500 -3.802759 -3.102489 -9.537174 -11.475555 -16.793650 -19.813103 -24.783103 -24.648833 -24.695739 -28.245388 -30.814443 -32.325414 -35.211091 -36.058633 -36.121289 -38.223826 -34.571968 -25.015550 -23.434920 -20.443112 -24.392013 -24.701758 -26.710583 -29.498817 -31.459050 -26.376041 -28.240983 -31.126170 -30.444381 -35.999804 
-9.538165 -1.113128 15.273090 18.471482 3.701562 4.477204 12.124406 1.533878 11.980879 12.481103 -3.692950 2.753559 0.390403 2.766490 -7.178139 -11.468356 -20.931612 -24.873708 -24.175477 -26.502592 -26.786490 -28.626085 -30.471573 -30.298211 -32.208326 -32.791756 -30.102511 -25.245998 -24.605285 -21.015294 -26.437423 -28.928555 -29.767491 -33.856771 -32.287642 -23.930319 -29.221382 -33.063238 -32.557340 -36.020833 
-7.769558 -4.404927 15.017795 19.501821 6.248135 6.813528 15.311392 4.865825 17.044431 17.984747 2.074587 6.985031 3.445022 7.670982 2.191823 5.206685 -7.796870 -14.597540 -15.989810 -16.927114 -19.171799 -24.605888 -24.128331 -27.430764 -31.914592 -29.783668 -20.781744 -14.220649 -14.196147 -14.753074 -24.009603 -24.687820 -28.100001 -37.831485 -35.141030 -24.657221 -29.284653 -34.027412 -34.563366 -33.844583 
-13.163911 -12.661891 12.849892 19.613140 7.767832 6.100852 16.425539 5.456126 17.401157 21.148907 1.649510 8.406033 -1.984132 4.779387 1.664599 10.786895 3.690335 -0.507828 -8.441643 -10.569594 -16.721173 -19.300221 -20.141666 -22.444893 -25.879707 -22.096337 -12.891621 -9.253541 -11.229148 -11.882831 -18.221501 -23.550503 -26.640626 -33.038164 -30.472176 -25.726966 -27.134842 -31.575442 -32.527124 -31.732046 
-12.882901 -12.251927 12.176195 19.805372 9.018085 4.624732 16.323748 7.197879 15.876154 22.155227 2.878919 8.625922 -2.219395 3.978510 -2.522995 4.184286 5.489379 7.749335 -1.290853 -5.955902 -12.399258 -15.972447 -16.790742 -19.067831 -22.706789 -19.086832 -11.872498 -9.526187 -11.712729 -9.841934 -16.591948 -24.064087 -26.324090 -37.874120 -31.538710 -22.864392 -25.451472 -28.627905 -29.665619 -30.601820 
-16.179075 -16.196285 11.279860 20.136391 10.319816 0.962754 15.258461 8.699389 13.686114 22.415395 3.793852 7.618338 -0.467507 3.505583 -3.126774 0.312575 2.430062 5.725219 5.687852 1.032161 -6.896165 -11.870210 -11.632312 -14.943274 -18.334131 -12.769242 -5.950195 -7.957988 -10.685836 -8.529766 -15.498520 -21.487304 -24.191028 -32.913221 -27.942712 -19.358230 -23.909129 -30.638081 -27.834012 -27.571049 
-14.301678 -13.245082 11.000890 20.609500 11.620431 -2.439094 13.677635 9.262103 9.161714 22.161179 6.672197 7.738897 2.217990 2.494776 -3.057611 -5.244444 -3.696925 2.483826 5.872347 5.218836 1.309603 -9.468702 -8.918729 -13.045155 -15.680770 -9.314678 -3.790226 -8.517018 -11.615593 -11.490596 -17.930349 -21.352189 -24.859644 -35.508217 -31.645634 -19.121280 -23.421285 -28.106243 -27.327511 -27.186557 
-16.532366 -17.208943 10.307768 20.744797 12.355761 -5.131841 13.052248 9.493916 6.167286 21.600781 7.650438 7.393500 3.459841 0.448001 -3.229179 -9.050371 -7.585428 0.339961 0.070803 1.023146 4.237766 -5.074202 -8.147932 -11.902025 -13.271120 -7.532399 -2.983269 -12.855335 -11.813791 -11.249193 -17.885027 -21.726655 -22.720616 -37.028661 -30.057453 -20.670471 -24.837606 -27.440522 -27.322691 -28.871538 
-22.840305 -20.855002 10.151895 20.636830 12.220333 -5.068910 12.873217 9.061367 5.799931 21.162429 7.234009 6.175426 1.999064 0.677781 -3.128735 -12.415950 -10.846069 -1.884838 -4.362912 -3.168163 2.548769 1.925874 -4.118912 -9.187912 -10.885943 -6.228488 -4.391765 -12.373866 -13.715485 -13.800472 -19.597381 -18.166304 -20.876593 -36.101590 -30.716374 -19.227617 -22.830363 -26.225340 -23.807584 -24.186941 
-13.963437 -23.673882 10.265242 20.572840 12.064158 -3.715452 13.195440 8.986649 6.873584 21.315960 7.251938 5.246668 0.701047 -0.238964 -4.445076 -12.699473 -11.310584 -3.184133 -5.312038 -5.090834 -1.978734 3.914647 2.323632 -2.938139 -4.377281 -1.078184 -2.343254 -8.813801 -10.923801 -12.381166 -19.029278 -18.737232 -19.253995 -34.230151 -26.498056 -16.768539 -20.738951 -26.869602 -23.787127 -22.916192 
-16.900963 -13.953059 11.372115 20.470974 10.802303 -0.239008 14.272217 7.612059 10.244604 21.733549 5.473628 4.427146 -2.960262 0.645424 -6.627997 -12.535091 -9.004425 -4.010179 -3.619373 -3.376691 -0.342666 4.322743 5.260168 0.854952 -2.493657 1.022161 -0.808816 -10.693959 -10.772757 -9.614539 -16.885711 -16.876639 -19.129711 -34.293289 -26.224778 -17.615861 -23.767783 -27.352939 -22.873477 -19.848636 
-13.059218 -13.504413 13.227751 20.140328 8.946567 4.646509 15.436076 5.593042 15.113758 20.737051 3.059587 4.093613 -4.507902 2.245544 -7.337504 -8.283287 -7.975605 -7.759745 -5.884710 -3.245233 -2.783262 4.553728 6.506333 1.283348 -0.969813 1.344625 -1.555965 -6.835674 -8.380870 -9.557779 -14.918090 -16.242784 -18.946714 -30.544675 -26.564063 -21.206188 -21.940980 -26.530067 -29.044297 -27.209271 
-21.252511 -6.205935 15.159808 19.743318 6.209003 8.359588 15.785654 4.488009 18.684557 18.307375 1.822116 4.953326 -0.594194 2.239629 -5.564338 -8.097828 -8.945844 -8.518484 -8.104215 -4.711756 -2.937118 6.030933 6.323707 0.791650 -0.243843 2.150253 -2.572995 -9.171274 -9.432723 -9.542839 -15.640992 -13.894462 -17.275081 -32.099978 -27.915945 -16.108357 -19.848524 -27.419845 -28.831652 -27.678424 
-16.238674 -0.950591 16.820340 18.830105 3.152453 11.552626 14.218853 4.461886 19.935210 13.851771 7.425426 2.403987 3.817411 -1.092265 -3.458811 -10.824203 -12.256187 -6.744712 -6.641086 -4.841633 -0.737678 5.535662 7.230820 0.158751 -0.683952 3.150256 -0.961458 -8.979800 -9.720219 -10.470247 -14.783728 -16.034474 -17.169343 -30.954575 -26.434375 -16.855845 -18.687056 -22.896921 -25.527378 -27.727363 
-19.010132 3.405044 18.434835 17.303311 1.916817 13.210027 10.078190 9.107552 17.411964 7.888339 10.913291 0.236962 3.823645 -2.172062 -5.555841 -10.723893 -9.444693 -5.586470 -4.805208 -2.777322 -1.019972 5.853890 6.236599 1.161018 -1.228785 3.568131 -0.138999 -8.340766 -8.054575 -7.257380 -12.899983 -15.454929 -16.784363 -31.847997 -26.339129 -17.944398 -23.131144 -27.611872 -25.162930 -27.150992 
-12.949985 7.749755 19.725458 15.785529 6.232391 13.717347 5.079935 13.531718 12.162286 12.473677 11.069237 3.978876 1.332817 1.725994 -3.931606 -7.886868 -9.462248 -6.979102 -4.940366 -2.221714 -1.180971 5.227541 5.269475 -1.333556 -3.001752 0.360347 -1.891613 -9.299759 -8.849121 -9.462949 -16.301100 -15.765588 -17.714599 -34.835841 -33.025888 -17.721516 -24.261719 -29.510786 -27.523058 -26.747244 
-10.869007 11.779148 20.632669 14.161050 11.137078 13.819197 6.925594 13.332359 11.378389 17.565907 8.235046 4.959787 4.828598 1.688215 -3.173240 -7.404402 -7.655410 -3.918928 -3.103383 -0.112428 3.753806 6.527802 3.824113 -4.652970 -6.636459 -1.381493 -1.926959 -9.600269 -8.864706 -9.652092 -14.097602 -15.823299 -17.935510 -35.165073 -30.568165 -15.983334 -20.063623 -28.063560 -23.399266 -20.177509 
-5.783986 13.946550 19.509715 11.450144 13.926589 11.383436 9.530515 9.703632 15.313753 16.702723 8.411301 2.051656 5.381414 1.437548 -1.777222 -6.713310 -7.688446 -3.204178 -2.925682 0.858464 5.158451 5.781950 0.714088 -4.430960 -6.049706 0.819170 -1.230287 -9.698011 -8.671669 -7.572044 -11.289480 -15.559312 -18.311023 -36.433580 -29.066763 -20.130982 -22.616366 -25.697756 -27.287029 -32.227064 
-0.314070 15.195133 17.107524 9.925632 14.357389 8.427161 11.005714 9.926015 14.478212 11.315937 7.471978 1.786325 4.189317 2.408273 -2.748450 -6.998463 -7.132857 -4.385777 -2.177376 2.956679 5.814973 3.698813 0.933802 -3.566525 -3.644359 1.432921 -0.604382 -7.941843 -10.027535 -9.152138 -13.835681 -18.184982 -20.959282 -37.519525 -30.202832 -16.742148 -22.082499 -28.919201 -31.882156 -34.926415 
1.461722 17.096356 16.964119 11.636750 13.402143 7.945788 9.414432 10.654647 11.256966 12.804711 5.629008 2.136843 4.532884 1.543288 -3.378209 -7.942018 -7.294201 -4.142859 -1.184889 2.392719 4.037540 1.489436 -2.328256 -7.135313 -7.263596 -2.095802 -4.123604 -12.155315 -15.586239 -12.470050 -14.188371 -17.966207 -20.703093 -37.263388 -36.311980 -23.897846 -25.123458 -30.811195 -34.630918 -31.148859 
3.640061 18.113366 17.380228 13.151849 11.634194 6.526497 7.268717 10.267243 10.522733 12.855585 6.862741 2.464994 1.835395 -0.572135 -5.938785 -9.556201 -9.547912 -5.502204 -3.960893 1.795231 3.756503 0.355317 -4.049713 -7.974861 -8.592331 -3.723109 -7.263403 -12.731167 -13.796436 -14.133405 -18.470131 -22.695303 -25.257015 -38.988175 -39.250966 -28.461509 -27.852467 -33.602593 -35.456165 -34.909726 
6.121215 18.477887 15.163441 13.309842 10.992229 4.738946 5.319303 8.206368 12.707250 12.652083 6.555337 0.376266 -0.106433 -2.933377 -6.734073 -11.183285 -11.998486 -9.091676 -7.064874 -0.743488 1.732797 -3.280095 -7.526762 -9.763196 -9.175100 -2.728137 -6.553430 -12.784918 -13.764249 -13.246583 -16.674936 -21.156253 -20.999956 -32.845769 -35.768298 -27.447391 -27.218948 -31.858703 -32.704489 -30.861022 
7.245204 18.259224 12.691724 12.245110 8.905302 3.401592 2.632366 6.015348 10.449640 7.971001 1.719282 -4.604721 -4.355192 -6.292181 -8.731245 -15.369280 -17.618012 -13.614142 -9.142583 -2.755432 -1.146050 -11.741377 -13.102722 -15.543383 -16.240533 -14.826020 -16.496118 -23.028938 -24.662578 -17.899684 -19.097208 -22.491980 -24.453530 -39.157953 -39.391672 -30.831227 -33.257426 -37.645408 -33.871324 -30.427697 
9.263097 17.612595 12.779834 10.883111 4.626858 3.507260 5.096733 5.203689 7.017588 5.807671 -1.356252 -7.228204 -8.364401 -11.764491 -16.905383 -20.443855 -20.422174 -18.573833 -12.274204 -5.647309 -6.296936 -12.773306 -12.182501 -13.499498 -15.327763 -15.185457 -18.940825 -22.624042 -27.753823 -21.863231 -22.071476 -24.682926 -28.591153 -38.128364 -39.718039 -38.879237 -39.151613 -38.451087 -38.931170 -38.402760 
7.943484 17.825920 12.339783 8.965120 4.382799 3.402977 3.330997 0.877592 -1.068885 -1.240949 -9.273757 -21.461286 -21.893659 -25.496787 -25.582917 -27.027364 -28.549738 -24.681259 -19.496679 -14.434877 -20.376297 -23.651079 -23.904589 -23.522394 -25.551686 -27.900931 -32.245400 -35.172635 -34.005735 -31.391446 -31.008821 -36.015208 -37.839041 -39.936276 -40.556418 -40.603638 -40.975624 -41.386555 -41.896514 -42.153064 
6.434793 16.955217 11.415720 8.658416 4.783820 -1.912257 -1.595986 -4.119127 -10.785468 -11.638450 -20.546050 -24.292512 -29.977447 -32.984232 -32.380932 -32.736199 -35.721823 -37.036625 -35.466557 -34.021192 -37.283174 -39.254385 -39.910977 -38.826319 -37.551209 -41.599080 -42.813506 -43.507194 -44.025502 -42.771512 -41.102994 -44.472940 -45.382908 -45.896079 -46.366260 -46.670164 -46.821704 -46.373832 -47.484733 -47.580483 
5.038465 14.889337 10.625539 6.523000 0.127048 -6.423614 -5.848162 -11.444021 -14.786601 -18.064893 -21.620094 -29.099772 -32.327856 -37.437765 -38.721700 -39.495686 -39.958378 -40.286659 -41.164405 -39.956191 -41.416262 -40.402916 -43.325713 -43.171306 -44.152034 -46.332665 -45.801438 -46.626025 -47.282260 -47.131004 -46.567201 -49.084315 -49.804745 -50.488368 -50.098455 -51.066356 -50.849153 -51.697659 -50.849649 -51.502302 
3.889018 12.630859 9.091530 -0.212188 -8.158687 -13.305631 -11.930062 -14.767817 -23.590694 -28.510948 -29.354652 -35.812861 -40.945425 -38.794124 -41.216968 -42.049384 -43.781437 -43.959018 -43.783948 -41.810824 -43.712983 -43.958316 -46.721723 -47.189796 -46.539749 -49.305004 -50.227315 -49.926738 -51.265636 -49.651848 -49.656155 -51.317592 -52.887143 -52.448742 -53.280283 -53.964704 -53.434873 -54.115932 -54.996236 -54.908715 
0.197874 5.757912 -0.069644 -11.174681 -16.560118 -32.323769 -33.586930 -27.691860 -31.736442 -32.129255 -33.650842 -36.203494 -38.890384 -39.938823 -40.944961 -41.761497 -42.359502 -43.247267 -43.628175 -43.752275 -45.684849 -45.763517 -46.693325 -47.238640 -48.307975 -48.397706 -49.054110 -49.492923 -49.870671 -50.080536 -51.011665 -51.759747 -51.768616 -52.238157 -52.782139 -53.031232 -53.178870 -53.525292 -53.769264 -53.925317 
-14.423917 -8.507722 -13.487434 -18.655140 -23.703710 -32.649767 -30.725162 -37.712183 -39.610831 -38.713359 -41.717606 -45.401772 -45.221967 -46.810167 -48.059731 -49.138402 -50.657840 -51.457608 -52.166837 -50.851589 -52.192978 -53.750402 -54.220273 -54.364909 -54.626787 -56.308140 -55.426242 -56.185908 -57.389953 -57.162524 -57.483447 -57.714718 -57.712883 -59.111033 -59.607076 -58.100423 -58.914080 -58.569213 -60.708214 -60.369788 
-9.802519 -11.221091 -19.318550 -30.832309 -40.610022 -46.500866 -48.683551 -42.281300 -41.927104 -47.507868 -54.122559 -53.506877 -55.891322 -58.677636 -59.144255 -58.876326 -64.313067 -64.372719 -57.372060 -55.624170 -58.699836 -59.734725 -60.152674 -63.454879 -60.782277 -56.814211 -59.206384 -59.291865 -60.107570 -62.829630 -61.265526 -60.285076 -61.003063 -62.224349 -60.137727 -60.663413 -62.118910 -60.671134 -63.011253 -63.319930 
-10.698352 -7.269498 -11.248610 -23.912340 -26.790576 -22.759479 -20.637883 -21.192567 -25.325870 -32.384892 -37.191629 -37.501822 -40.489328 -43.595281 -36.858234 -35.065812 -36.042112 -34.830894 -34.495329 -31.461380 -26.180999 -26.136129 -30.074294 -33.136837 -32.638635 -31.726595 -34.057031 -36.788264 -36.798670 -40.064861 -37.463679 -38.169083 -42.756779 -44.620492 -48.361286 -48.077821 -56.130333 -53.924649 -52.920143 -53.621064 
-1.018423 0.314029 -6.729056 -17.433411 -22.111511 -12.265741 -7.326600 -6.918122 -10.105350 -21.214458 -24.642753 -27.920152 -24.278593 -24.824926 -23.283746 -24.007112 -27.699589 -24.735773 -26.094912 -21.769592 -14.321117 -14.364485 -21.409577 -24.677529 -21.916918 -20.442923 -22.422347 -24.925386 -20.292508 -21.020449 -24.882645 -25.085925 -25.369828 -23.777444 -29.511345 -28.356386 -31.446720 -30.155886 -32.827752 -35.863698 
-5.494973 -7.450019 -11.220284 -23.701965 -23.973003 -24.244482 -17.839193 -17.451044 -17.351056 -21.740342 -25.343747 -24.712898 -26.884773 -32.268843 -34.338766 -33.417831 -37.234000 -37.490947 -35.198532 -31.402429 -21.499711 -23.872273 -28.864919 -31.297692 -19.444951 -20.395936 -24.637331 -24.944969 -20.974276 -18.698138 -26.761395 -23.924783 -20.081241 -21.931800 -25.883869 -25.639794 -26.238150 -27.673812 -31.013428 -33.451112 
-8.253988 -10.231200 -16.200441 -21.896525 -25.627713 -24.052971 -23.387955 -23.103941 -19.899597 -23.060897 -29.371224 -34.190955 -29.874868 -31.733846 -36.228906 -33.696553 -34.672909 -31.141196 -29.426989 -29.484391 -25.335014 -24.709743 -26.845183 -34.023668 -28.078220 -25.257648 -29.020165 -31.194885 -28.132813 -27.401721 -31.798438 -29.000293 -27.304188 -33.360143 -32.340575 -33.613013 -37.234964 -36.223341 -35.810111 -41.661762 
-24.990950 -26.548971 -29.841388 -35.606886 -45.366010 -54.074989 -45.245997 -40.420611 -37.924161 -38.780638 -43.434071 -50.778464 -47.428376 -48.458414 -56.069158 -50.723170 -53.098560 -51.021674 -46.822785 -43.253034 -43.510213 -42.830532 -45.247226 -48.353992 -48.688282 -43.862208 -44.902590 -48.749098 -43.614454 -46.856465 -49.267342 -52.794733 -48.816516 -52.130711 -51.491092 -52.053847 -53.312699 -49.736467 -51.966099 -58.312544 
-62.357618 -69.200221 -75.590585 -77.509203 -68.390132 -64.564590 -66.229563 -66.803876 -73.738503 -71.861973 -70.882819 -71.534359 -76.774968 -84.105999 -84.289447 -81.401208 -81.268706 -81.398505 -85.277008 -77.402810 -77.080747 -83.940543 -84.271203 -82.376651 -83.946765 -76.356808 -80.175068 -81.580892 -81.795250 -82.146398 -85.820457 -84.734176 -82.839790 -85.575364 -86.693153 -88.251809 -88.128214 -86.975970 -85.499429 -89.618154 
-87.567033 -87.628186 -87.730239 -87.903237 -88.139563 -88.474494 -88.890069 -89.434328 -90.178543 -91.100395 -92.280837 -93.853364 -95.897865 -98.777048 -103.232425 -111.772557 -114.325319 -105.797220 -102.285820 -100.836182 -100.766999 -102.084620 -105.174753 -109.898159 -108.641963 -104.131715 -101.955504 -101.914934 -104.060802 -108.526100 -109.924024 -107.131992 -107.280148 -111.613594 -116.843038 -118.281805 -117.949648 -108.682396 -107.359973 -113.796800 
NaN NaN NaN NaN NaN NaN NaN NaN NaN NaN NaN NaN NaN NaN NaN NaN NaN NaN NaN NaN NaN NaN NaN NaN NaN NaN NaN NaN NaN NaN NaN NaN NaN NaN NaN NaN NaN NaN NaN NaN 
NaN NaN NaN NaN NaN NaN NaN NaN NaN NaN NaN NaN NaN NaN NaN NaN NaN NaN NaN NaN NaN NaN NaN NaN NaN NaN NaN NaN NaN NaN NaN NaN NaN NaN NaN NaN NaN NaN NaN NaN 
NaN NaN NaN NaN NaN NaN NaN NaN NaN NaN NaN NaN NaN NaN NaN NaN NaN NaN NaN NaN NaN NaN NaN NaN NaN NaN NaN NaN NaN NaN NaN NaN NaN NaN NaN NaN NaN NaN NaN NaN 
NaN NaN NaN NaN NaN NaN NaN NaN NaN NaN NaN NaN NaN NaN NaN NaN NaN NaN NaN NaN NaN NaN NaN NaN NaN NaN NaN NaN NaN NaN NaN NaN NaN NaN NaN NaN NaN NaN NaN NaN 
NaN NaN NaN NaN NaN NaN NaN NaN NaN NaN NaN NaN NaN NaN NaN NaN NaN NaN NaN NaN NaN NaN NaN NaN NaN NaN NaN NaN NaN NaN NaN NaN NaN NaN NaN NaN NaN NaN NaN NaN 
NaN NaN NaN NaN NaN NaN NaN NaN NaN NaN NaN NaN NaN NaN NaN NaN NaN NaN NaN NaN NaN NaN NaN NaN NaN NaN NaN NaN NaN NaN NaN NaN NaN NaN NaN NaN NaN NaN NaN NaN 
