NaN NaN NaN NaN NaN NaN NaN NaN NaN NaN NaN NaN NaN NaN NaN NaN NaN NaN NaN NaN NaN NaN NaN NaN NaN NaN NaN NaN NaN NaN NaN NaN NaN NaN NaN NaN NaN NaN NaN NaN 
NaN NaN NaN NaN NaN NaN NaN NaN NaN NaN NaN NaN NaN NaN NaN NaN NaN NaN NaN NaN NaN NaN NaN NaN NaN NaN NaN NaN NaN NaN NaN NaN NaN NaN NaN NaN NaN NaN NaN NaN 
NaN NaN NaN NaN NaN NaN NaN NaN NaN NaN NaN NaN NaN NaN NaN NaN NaN NaN NaN NaN NaN NaN NaN NaN NaN NaN NaN NaN NaN NaN NaN NaN NaN NaN NaN NaN NaN NaN NaN NaN 
NaN NaN NaN NaN NaN NaN NaN NaN NaN NaN NaN NaN NaN NaN NaN NaN NaN NaN NaN NaN NaN NaN NaN NaN NaN NaN NaN NaN NaN NaN NaN NaN NaN NaN NaN NaN NaN NaN NaN NaN 
NaN NaN NaN NaN NaN NaN NaN NaN NaN NaN NaN NaN NaN NaN NaN NaN NaN NaN NaN NaN NaN NaN NaN NaN NaN NaN NaN NaN NaN NaN NaN NaN NaN NaN NaN NaN NaN NaN NaN NaN 
NaN NaN NaN NaN NaN NaN NaN NaN NaN NaN NaN NaN NaN NaN NaN NaN NaN NaN NaN NaN NaN NaN NaN NaN NaN NaN NaN NaN NaN NaN NaN NaN NaN NaN NaN NaN NaN NaN NaN NaN 
NaN NaN NaN NaN NaN NaN NaN NaN NaN NaN NaN NaN NaN NaN NaN NaN NaN NaN NaN NaN NaN NaN NaN NaN NaN NaN NaN NaN NaN NaN NaN NaN NaN NaN NaN NaN NaN NaN NaN NaN 
NaN NaN NaN NaN NaN NaN NaN NaN NaN NaN NaN NaN NaN NaN NaN NaN NaN NaN NaN NaN NaN NaN NaN NaN NaN NaN NaN NaN NaN NaN NaN NaN NaN NaN NaN NaN NaN NaN NaN NaN 
NaN NaN NaN NaN NaN NaN NaN NaN NaN NaN NaN NaN NaN NaN NaN NaN NaN NaN NaN NaN NaN NaN NaN NaN NaN NaN NaN NaN NaN NaN NaN NaN NaN NaN NaN NaN NaN NaN NaN NaN 
NaN NaN NaN NaN NaN NaN NaN NaN NaN NaN NaN NaN NaN NaN NaN NaN NaN NaN NaN NaN NaN NaN NaN NaN NaN NaN NaN NaN NaN NaN NaN NaN NaN NaN NaN NaN NaN NaN NaN NaN 
NaN NaN NaN NaN NaN NaN NaN NaN NaN NaN NaN NaN NaN NaN NaN NaN NaN NaN NaN NaN NaN NaN NaN NaN NaN NaN NaN NaN NaN NaN NaN NaN NaN NaN NaN NaN NaN NaN NaN NaN 
NaN NaN NaN NaN NaN NaN NaN NaN NaN NaN NaN NaN NaN NaN NaN NaN NaN NaN NaN NaN NaN NaN NaN NaN NaN NaN NaN NaN NaN NaN NaN NaN NaN NaN NaN NaN NaN NaN NaN NaN 
NaN NaN NaN NaN NaN NaN NaN NaN NaN NaN NaN NaN NaN NaN NaN NaN NaN NaN NaN NaN NaN NaN NaN NaN NaN NaN NaN NaN NaN NaN NaN NaN NaN NaN NaN NaN NaN NaN NaN NaN 
NaN NaN NaN NaN NaN NaN NaN NaN NaN NaN NaN NaN NaN NaN NaN NaN NaN NaN NaN NaN NaN NaN NaN NaN NaN NaN NaN NaN NaN NaN NaN NaN NaN NaN NaN NaN NaN NaN NaN NaN 
NaN NaN NaN NaN NaN NaN NaN NaN NaN NaN NaN NaN NaN NaN NaN NaN NaN NaN NaN NaN NaN NaN NaN NaN NaN NaN NaN NaN NaN NaN NaN NaN NaN NaN NaN NaN NaN NaN NaN NaN 
NaN NaN NaN NaN NaN NaN NaN NaN NaN NaN NaN NaN NaN NaN NaN NaN NaN NaN NaN NaN NaN NaN NaN NaN NaN NaN NaN NaN NaN NaN NaN NaN NaN NaN NaN NaN NaN NaN NaN NaN 
NaN NaN NaN NaN NaN NaN NaN NaN NaN NaN NaN NaN NaN NaN NaN NaN NaN NaN NaN NaN NaN NaN NaN NaN NaN NaN NaN NaN NaN NaN NaN NaN NaN NaN NaN NaN NaN NaN NaN NaN 
NaN NaN NaN NaN NaN NaN NaN NaN NaN NaN NaN NaN NaN NaN NaN NaN NaN NaN NaN NaN NaN NaN NaN NaN NaN NaN NaN NaN NaN NaN NaN NaN NaN NaN NaN NaN NaN NaN NaN NaN 
NaN NaN NaN NaN NaN NaN NaN NaN NaN NaN NaN NaN NaN NaN NaN NaN NaN NaN NaN NaN NaN NaN NaN NaN NaN NaN NaN NaN NaN NaN NaN NaN NaN NaN NaN NaN NaN NaN NaN NaN 
NaN NaN NaN NaN NaN NaN NaN NaN NaN NaN NaN NaN NaN NaN NaN NaN NaN NaN NaN NaN NaN NaN NaN NaN NaN NaN NaN NaN NaN NaN NaN NaN NaN NaN NaN NaN NaN NaN NaN NaN 
-48.764973 -51.628323 -55.203300 -56.993868 -58.313604 -60.765853 -62.894501 -66.416075 -69.460059 -77.381132 -83.135754 -80.322750 -78.187426 -73.097045 -77.104379 -84.712505 -86.915831 -84.504742 -79.123556 -82.626875 -87.269462 -86.801478 -85.182555 -85.943639 -86.661360 -80.171637 -82.720557 -88.608597 -89.208578 -86.720568 -85.852914 -82.751852 -83.318245 -81.512383 -81.994724 -84.037251 -86.819286 -84.827579 -88.492747 -88.778804 
-37.392623 -42.787261 -53.301294 -52.909074 -53.091565 -57.338166 -58.178624 -64.374731 -62.818202 -65.086754 -73.372668 -72.284338 -72.577002 -62.651590 -67.754060 -73.761385 -76.411845 -75.391393 -70.355321 -75.616981 -74.892890 -74.480856 -70.373115 -70.593244 -74.771873 -71.794789 -74.114063 -78.909320 -77.038367 -76.370573 -75.965814 -74.086896 -73.236215 -75.277674 -75.677807 -75.862531 -77.811149 -75.541560 -76.298326 -80.185440 
-36.078466 -49.155776 -51.886113 -57.982852 -58.454732 -61.467222 -61.127100 -57.106929 -60.867697 -75.669291 -68.282576 -65.033228 -65.576114 -67.235053 -70.252482 -72.785260 -73.756889 -70.404308 -71.648756 -69.078814 -68.795980 -68.927237 -71.656671 -74.641516 -74.763326 -70.674001 -70.279784 -72.781377 -71.429441 -71.152598 -71.751670 -75.463493 -76.023977 -74.916800 -71.919567 -71.844731 -73.029938 -74.569336 -74.533798 -75.695795 
-27.752881 -43.756007 -51.659573 -52.700822 -56.794827 -55.081783 -59.712376 -59.996270 -64.884310 -65.260993 -64.727251 -61.182745 -65.112844 -67.175103 -65.955735 -67.817072 -64.332804 -69.090983 -70.160777 -69.041169 -72.186442 -70.302778 -68.632019 -70.907902 -70.149523 -73.872449 -72.235536 -71.600598 -68.037435 -70.113349 -73.184498 -71.201964 -71.645271 -74.792508 -73.108436 -71.684337 -74.194353 -74.728210 -74.311509 -75.393735 
-28.602757 -36.194423 -43.820065 -47.904533 -53.825674 -63.086894 -65.928847 -61.333464 -66.677554 -64.010866 -66.293066 -64.093861 -65.267855 -65.473296 -66.478235 -65.692488 -68.332091 -67.654264 -66.531588 -68.449069 -71.174260 -70.186329 -69.354709 -71.065333 -71.420613 -71.302332 -72.686175 -73.382756 -76.959048 -73.484957 -73.841694 -74.289653 -73.583242 -70.141976 -71.830574 -75.173488 -75.906626 -76.973882 -75.245292 -74.815336 
-23.079415 -36.059244 -41.210978 -50.349889 -45.648211 -50.087288 -50.184053 -51.693921 -53.151117 -53.191681 -56.076349 -54.568786 -56.592308 -58.345755 -56.220887 -58.990107 -60.800212 -61.098065 -62.062353 -61.673935 -63.729234 -63.742067 -64.014971 -64.437969 -65.926111 -66.563878 -65.163058 -67.333282 -68.496553 -67.609980 -68.927343 -67.288384 -69.752490 -69.113527 -68.522230 -69.189783 -70.130354 -71.003681 -70.469398 -70.295188 
-3.149857 -4.623900 -9.441505 -11.888729 -10.558539 -8.608201 -8.789715 -11.897752 -16.138820 -21.454743 -26.027637 -30.686897 -32.085016 -25.027176 -21.744006 -25.377814 -32.666441 -35.172084 -31.054710 -29.144023 -33.272595 -31.957216 -34.256917 -45.753782 -50.487421 -42.164117 -37.071381 -33.561598 -30.639149 -31.847923 -37.281315 -37.411019 -37.890503 -37.280494 -37.811341 -38.380619 -39.797120 -38.973471 -38.374683 -45.174519 
4.645498 0.220552 -11.647945 -16.080208 -8.175701 -4.129824 -1.835111 -7.764961 -11.252138 -19.807847 -22.754795 -24.717291 -19.716749 -14.794751 -13.676183 -16.583080 -13.363709 -15.202656 -15.507808 -16.861440 -19.005125 -24.581159 -27.003478 -32.907565 -29.996798 -31.597602 -26.859652 -27.630467 -26.279276 -25.537738 -27.522285 -27.847654 -31.273009 -31.957832 -33.214926 -34.575359 -32.867938 -33.898839 -33.093951 -37.115932 
0.955480 -5.781473 -17.856782 -15.251991 -14.489315 -15.917256 -15.881386 -12.505939 -11.952145 -12.952690 -14.225952 -15.006972 -12.256878 -9.768480 -1.959731 -3.628449 -3.967153 -3.440972 -6.562452 -8.177712 -16.198141 -25.388662 -26.283013 -28.732744 -24.948370 -21.960244 -21.341635 -21.950317 -20.919016 -20.265497 -24.983895 -24.208113 -29.835386 -29.502208 -31.345987 -26.900803 -27.772011 -28.418017 -28.307920 -33.524757 
-13.612155 -14.492616 -30.721764 -22.898681 -16.313168 -15.550895 -11.875051 -5.156528 -6.459897 -13.818482 -16.722217 -13.561055 -15.708979 -7.880382 -3.511328 -9.012486 0.569158 -2.904514 -9.443862 -12.425649 -16.757774 -15.980938 -20.733061 -26.051478 -18.941394 -21.984124 -20.637214 -23.982282 -20.245759 -23.526737 -26.768829 -22.755441 -27.810456 -30.267743 -31.022894 -26.006597 -26.196474 -27.885732 -30.811324 -32.434128 
-12.657006 -14.473387 -19.475611 -22.884818 -22.688980 -17.784137 -15.123545 -6.006350 -5.009336 -15.971533 -19.807691 -18.236961 -17.230592 -17.572592 -6.814270 -4.180585 -4.754768 -8.251280 -15.874811 -20.833064 -20.929608 -21.206903 -28.602823 -33.147951 -25.440462 -24.072214 -24.903903 -23.286614 -21.982420 -25.943557 -31.887263 -27.299754 -27.468397 -32.660912 -30.974141 -29.251397 -26.612008 -28.507047 -31.819934 -33.682564 
-13.391745 -2.020147 6.720172 7.891618 2.347179 -6.976855 -5.073002 -3.558741 -8.057309 -14.958539 -16.435077 -18.442937 -14.902342 -7.671313 -3.453532 -7.285419 -16.980387 -14.553152 -21.356497 -25.426251 -23.698670 -24.222037 -29.455179 -36.629270 -28.107701 -27.572071 -27.626108 -29.442242 -27.679480 -31.230098 -37.084169 -32.492003 -25.442813 -26.943895 -25.554933 -23.133818 -25.114154 -26.970461 -29.960426 -27.616177 
-7.636323 5.480697 18.547429 23.285560 17.408961 7.483917 16.770956 16.705474 4.308159 5.551792 -6.068102 -5.012565 -3.074524 4.028848 -2.010964 -11.466493 -18.233678 -18.768038 -20.516809 -23.628861 -26.716430 -25.369914 -25.949091 -28.574083 -25.775374 -26.734759 -27.746589 -24.753830 -22.235988 -29.089416 -35.759502 -29.814911 -25.826231 -26.949891 -25.452171 -23.432867 -22.115947 -29.934416 -32.781131 -22.126394 
-11.983248 -5.716310 15.324311 24.138814 15.456742 11.733800 25.409868 21.630610 7.589643 12.624955 -0.443529 -0.666951 0.365374 11.461244 4.143605 -9.080485 -14.508876 -15.599552 -17.965320 -20.099718 -21.193566 -20.404771 -20.720667 -23.137747 -19.247688 -21.355216 -21.554744 -19.578901 -17.723201 -25.272638 -32.465395 -26.857149 -23.084253 -24.385337 -21.551842 -25.901529 -23.580337 -29.919231 -33.790017 -25.606372 
-21.326616 -16.727909 11.824132 22.644828 15.038359 6.542977 26.674800 25.162092 0.287850 12.433566 1.714442 2.850183 4.360574 7.602858 6.483343 -12.874971 -15.617556 -18.147053 -22.474516 -22.293150 -23.529409 -21.158519 -22.826168 -25.912097 -20.395102 -20.904563 -21.125396 -18.055290 -14.690680 -22.790470 -35.364597 -26.887615 -22.681727 -24.745256 -21.944033 -25.511202 -20.404389 -28.661711 -33.750503 -23.929650 
-17.978515 -14.826149 9.900065 21.290627 14.307809 6.409717 26.530173 26.561434 1.910262 11.723539 2.829861 3.689271 4.653286 4.671850 8.241039 -9.211188 -13.478276 -15.756917 -18.111036 -19.237689 -20.798570 -19.759304 -21.729053 -25.080324 -21.491041 -21.189567 -21.398870 -17.985396 -13.095370 -21.613161 -31.261196 -25.607436 -22.707665 -24.088225 -21.512764 -24.417278 -19.455675 -29.674887 -32.218749 -22.511008 
-17.182866 -22.151924 9.609870 20.853265 13.168872 5.373682 26.198370 24.824395 -2.255905 14.137353 3.823464 3.882929 4.404311 6.623694 10.463656 -5.980528 -12.078012 -11.776495 -17.292027 -18.783034 -21.016405 -19.288918 -21.423392 -24.957473 -19.760701 -20.764079 -21.903338 -18.183666 -14.628714 -23.362402 -30.899908 -27.955109 -24.663341 -26.973877 -25.729038 -28.642189 -23.661837 -31.477223 -32.294473 -24.440588 
-18.419452 -15.594262 9.227807 21.260302 14.468839 4.893462 25.473785 25.063062 0.641390 15.664674 7.771173 3.642912 5.020256 7.831027 13.062257 -1.143476 -5.685649 -7.436859 -14.284986 -16.050710 -17.869134 -18.033943 -20.733723 -24.598065 -18.271433 -17.346239 -19.860045 -16.360341 -11.507987 -20.225170 -34.654231 -25.327049 -20.799308 -22.777214 -23.679866 -28.039816 -22.039914 -29.642899 -33.607474 -24.460547 
-16.453918 -18.732615 9.651739 21.264676 13.884369 4.443024 24.380406 23.386974 2.782188 18.339661 8.414183 2.583645 3.134537 7.974293 12.074302 4.014702 -1.761839 -4.362082 -11.520022 -13.766603 -15.158688 -14.939287 -17.427229 -24.645341 -15.380354 -14.986188 -15.678195 -12.478092 -8.016360 -16.312902 -32.383692 -26.244777 -19.225544 -20.322115 -19.321492 -24.776850 -18.143283 -28.115867 -33.494979 -22.018529 
-19.462212 -18.407299 11.492054 21.012332 12.194516 6.889831 23.401943 18.906867 9.210127 21.212600 7.071635 0.991081 -3.341425 8.443514 5.102173 10.437054 1.529679 -3.001203 -9.249249 -13.529811 -14.765415 -14.139344 -15.005851 -20.935147 -12.138925 -15.244675 -16.313020 -13.744493 -10.132729 -17.166622 -35.337286 -25.054793 -17.284217 -18.978781 -18.330933 -25.837664 -19.189105 -26.442390 -30.912495 -23.921901 
-19.882851 -10.678648 13.242155 20.093736 8.993384 10.395059 22.013119 13.106544 16.717916 22.916470 5.176667 -0.779770 -2.090519 8.210249 6.371691 14.851677 2.825143 -5.108406 -8.239784 -12.652570 -14.502281 -15.289617 -14.668928 -18.166184 -14.913471 -15.904287 -16.650697 -12.804041 -8.929399 -15.829344 -27.021332 -23.793317 -15.860428 -20.153059 -20.128087 -22.736539 -17.769318 -25.127014 -28.198400 -23.561930 
-22.547908 -3.086949 15.321575 17.658449 5.128247 15.376933 18.533812 11.851526 24.238535 21.505348 10.607711 3.370238 4.426226 6.149856 10.131518 11.542766 6.324186 -2.255447 -7.925844 -12.306845 -15.474121 -14.330734 -14.675271 -19.709697 -14.039475 -16.074083 -17.127227 -13.487208 -11.245564 -18.635323 -26.982289 -25.638919 -20.725496 -22.785212 -23.580752 -26.167862 -21.824271 -27.638580 -29.185665 -30.526868 
-12.449998 4.385748 17.340473 14.524824 7.757980 17.209374 12.802476 19.356005 23.590907 16.651530 14.783903 1.730048 -1.187656 2.536040 4.593571 9.125102 8.906523 0.501267 -6.177861 -10.942368 -15.477706 -15.267639 -15.730560 -20.915071 -17.402775 -16.180134 -16.414496 -12.517491 -11.128562 -17.862812 -37.491370 -29.942555 -22.784093 -22.055171 -22.933339 -30.348924 -24.616921 -30.129676 -35.596636 -39.690816 
-10.443569 10.030502 17.856364 11.258182 12.939300 12.816645 12.230193 19.829945 15.619179 19.207741 7.837204 -3.697404 -1.701957 -0.538496 2.758592 4.528927 4.591838 0.662105 -7.920703 -12.225256 -15.122432 -14.196867 -14.581390 -18.323952 -17.510591 -17.190143 -17.600868 -15.240392 -15.066105 -21.491693 -38.108763 -34.395863 -25.054114 -23.225329 -24.265606 -28.335831 -25.756183 -28.942119 -32.691154 -34.883801 
-2.172845 12.518388 16.933469 10.424239 15.882055 10.983958 12.771989 11.952106 18.282778 14.355176 8.980502 -0.952672 -1.670783 -0.389004 1.245711 1.431302 5.805351 5.297565 -0.438623 -4.858758 -6.962009 -8.438213 -9.056759 -12.711724 -11.133780 -11.754979 -11.407103 -9.223680 -8.309076 -16.140783 -34.728224 -31.584930 -19.851447 -16.488573 -17.474659 -25.723005 -22.848178 -23.488806 -26.116640 -26.784393 
-2.775410 11.536580 9.652632 12.452983 12.747241 7.027701 8.198158 14.345228 18.927179 16.305906 7.228098 -7.026819 -5.270006 -2.561201 -0.551094 -0.360565 5.593769 8.181611 -0.493961 -6.590612 -8.931014 -10.003665 -9.846682 -14.075438 -12.319867 -13.160004 -12.850362 -10.026107 -7.336515 -14.725389 -31.927131 -29.068158 -18.328730 -16.688434 -16.355900 -27.045211 -22.935350 -25.045865 -27.198215 -25.553959 
-0.255215 10.299852 10.016454 13.710929 10.827810 7.560986 8.233311 11.582640 15.154733 11.207575 3.926250 -4.421841 -7.262839 -5.333924 -3.546458 -4.567046 -2.395426 3.396262 7.155218 0.436865 -5.207399 -6.571120 -5.447235 -10.782198 -12.368291 -11.072372 -8.112397 -5.035461 -9.072063 -19.089971 -35.761494 -31.838621 -24.208054 -16.122265 -15.352827 -28.418296 -24.554625 -29.981557 -34.320498 -25.115551 
1.905078 7.421643 6.475424 7.229015 3.448110 4.443875 6.037044 9.701064 15.918679 10.122427 0.183533 -8.617417 -12.797585 -10.747842 -7.727957 -10.092143 -8.138720 0.172336 6.004619 -2.574322 -11.061006 -12.376594 -10.151261 -15.404043 -17.645701 -15.044509 -12.706475 -10.044673 -13.639853 -23.413770 -41.931944 -37.241007 -26.868842 -22.732490 -19.515559 -30.344656 -26.434169 -30.958327 -30.947253 -27.700413 
2.142561 7.406489 6.312549 5.089676 -1.290400 0.090388 2.838089 5.718982 7.495213 -2.906895 -6.788327 -13.083676 -16.572790 -14.231918 -12.026959 -16.052444 -15.766283 -9.497683 -3.138985 -2.810159 -11.726425 -14.645690 -17.948963 -26.637721 -23.599785 -20.740365 -19.851824 -23.102326 -30.500491 -36.257550 -43.102460 -41.079593 -35.294887 -30.759031 -29.503805 -32.899876 -28.578476 -33.844785 -33.557662 -31.643375 
0.317857 4.759668 4.006988 2.669547 -2.310655 -2.371657 3.762634 6.026947 2.740223 -7.261602 -12.226095 -20.831383 -22.666825 -18.306254 -18.642179 -20.893045 -21.233314 -15.772094 -10.224627 -6.749541 -12.343459 -13.720639 -18.322204 -26.281715 -22.343668 -21.651805 -22.717699 -27.185321 -34.343554 -38.535232 -41.153762 -40.828609 -39.227662 -38.989075 -41.342474 -35.911612 -30.995570 -39.211549 -38.213677 -36.311082 
-12.348522 -14.811071 -20.018684 -9.655632 -12.826014 -19.289371 -18.139160 -14.396870 -13.523992 -23.279618 -22.242640 -28.286265 -30.535539 -26.504610 -28.946308 -30.284062 -26.993490 -22.437665 -14.261193 -8.015469 -13.607978 -12.995151 -12.058431 -29.063407 -23.716534 -21.388366 -16.242935 -23.539656 -24.149896 -28.328753 -30.263745 -28.617128 -33.480971 -29.906464 -30.292201 -27.347778 -26.304167 -30.535677 -35.331504 -37.508242 
-20.105796 -23.954764 -26.241798 -13.605265 -18.256114 -23.027412 -25.936868 -20.738539 -20.439179 -29.579389 -22.713072 -29.873302 -28.858153 -23.549813 -25.376771 -27.631165 -25.118000 -21.274542 -18.209960 -11.883352 -14.273200 -13.374824 -6.222744 -20.394184 -18.497931 -15.940117 -13.155866 -14.671040 -18.854300 -19.306533 -18.573127 -20.786172 -25.627852 -22.351732 -20.941428 -18.270296 -20.073260 -19.723394 -25.519351 -29.145706 
-23.930245 -21.999773 -22.541805 -18.168510 -17.187934 -23.474022 -23.075345 -25.472057 -25.676646 -31.027869 -31.707410 -28.638878 -28.493004 -21.266555 -17.010560 -24.677911 -22.742562 -17.091216 -11.905075 -7.749503 -7.600405 -11.094993 -6.519114 -17.047103 -11.006348 -10.183488 -8.941514 -9.882544 -16.150579 -16.153862 -13.396512 -13.683653 -15.872315 -19.496963 -14.635951 -14.342192 -15.848997 -17.575355 -22.117860 -23.897201 
-18.847221 -18.664774 -24.132651 -31.401590 -30.910442 -25.356769 -29.046144 -30.027229 -23.132301 -27.930465 -33.611016 -30.844303 -30.025491 -25.000856 -20.410639 -26.482731 -27.890395 -13.546735 -14.025254 -12.980904 -12.367326 -10.152640 -8.508116 -10.288489 -5.740573 -8.202264 -2.457592 -5.891315 -8.339692 -11.243032 -12.307715 -12.446169 -11.555811 -12.934023 -11.379447 -13.526968 -12.013617 -15.005313 -15.978969 -19.615978 
-19.454446 -27.527601 -34.340419 -32.509902 -27.632637 -27.411199 -29.980351 -23.939621 -22.539533 -29.936923 -29.813088 -28.431038 -27.563649 -21.597217 -20.387686 -22.791144 -20.974520 -20.898856 -15.944925 -10.938360 -9.389285 -10.766386 -10.168586 -9.762157 -8.645922 -5.673789 -1.782582 -5.368268 -4.936547 -8.942343 -9.749708 -9.242491 -9.082653 -10.808917 -12.366873 -9.365410 -8.971190 -12.204412 -15.963453 -20.172524 
-20.798484 -26.645053 -24.211398 -26.389376 -31.776868 -28.880345 -23.296124 -24.681564 -27.666844 -31.506320 -33.222652 -34.667723 -29.026582 -23.304395 -19.601411 -23.035559 -26.681946 -24.274843 -17.409814 -11.638446 -10.128710 -5.414044 -2.083534 -13.828598 -10.403705 -9.282578 -3.245471 -3.926025 -10.780993 -8.837228 -12.462974 -10.924816 -10.493602 -10.860223 -12.113710 -12.505599 -12.235871 -12.878099 -14.301037 -18.374826 
-18.868651 -24.954206 -30.172431 -28.742520 -28.738353 -21.577734 -19.099152 -19.922149 -27.501370 -28.432467 -26.319954 -32.363095 -26.369690 -21.197686 -21.826033 -21.369564 -17.054704 -17.952258 -16.921187 -11.066021 -9.887537 -7.790464 -6.773748 -10.719527 -6.562375 -1.290906 -0.462711 -0.898888 -6.465773 -9.072780 -9.869942 -10.013228 -10.665076 -11.706066 -9.503256 -7.462217 -9.508432 -11.485255 -12.053814 -18.283583 
-21.049586 -34.142674 -36.386164 -33.091113 -31.279560 -32.305769 -27.328896 -24.410681 -26.515070 -28.499265 -32.229656 -32.950279 -32.524574 -29.326712 -24.478351 -20.227697 -17.547355 -15.558775 -14.150080 -10.792586 -12.380688 -10.647197 -7.416623 -6.007727 -3.180587 -3.805783 0.225006 -1.356040 -6.822629 -7.742007 -9.173523 -8.284070 -10.940871 -11.847954 -11.014440 -10.888821 -10.299738 -12.401135 -14.503177 -18.912400 
-20.837967 -26.282795 -26.897168 -23.328817 -30.311502 -42.435832 -35.647485 -25.829464 -27.065351 -27.876632 -31.873938 -34.319908 -29.704847 -23.727844 -27.221991 -22.115608 -21.360655 -17.858475 -16.860401 -11.270562 -8.628285 -3.297165 -0.067569 -7.917940 -7.018357 -8.053541 1.061031 0.219089 -5.294586 -7.810914 -8.480503 -6.858262 -7.527955 -9.748266 -7.735612 -6.742169 -8.146451 -12.708759 -13.147654 -18.691341 
-24.073908 -27.308432 -27.734252 -23.435818 -26.332402 -26.784206 -28.099431 -22.186459 -25.376200 -26.682605 -32.746900 -29.294680 -28.400258 -30.059583 -22.752368 -19.588830 -23.093385 -17.340606 -21.258491 -10.643017 -5.576927 -1.301234 -1.265846 -5.127992 -3.691779 -3.291520 -0.380697 -2.661550 -6.464362 -6.606447 -9.487678 -13.758860 -8.754443 -8.110432 -7.900947 -8.622487 -8.763482 -14.196004 -17.605455 -20.000906 
-22.773470 -27.287879 -33.960249 -30.316942 -35.891558 -23.988089 -18.107835 -18.446809 -21.938702 -29.053368 -31.399365 -31.544762 -32.221805 -23.248569 -16.939163 -20.633681 -19.603006 -16.658774 -14.425502 -11.643713 -9.994661 -5.542860 -6.409974 -6.813117 -4.447899 -2.449929 -2.739513 -7.344675 -6.284601 -3.340359 -9.416354 -12.832974 -9.729503 -8.225177 -6.417948 -6.725605 -9.114705 -14.916144 -16.308764 -20.976367 
-28.536413 -33.157745 -37.708018 -28.604598 -34.982603 -33.601217 -25.458512 -26.905290 -25.542064 -31.788324 -32.871453 -32.798480 -29.949328 -20.215065 -16.247926 -20.615987 -25.473747 -23.076591 -17.630544 -11.356689 -6.619697 -7.735199 -4.884300 -7.016718 -6.531416 -4.584233 -1.155445 -2.906542 -8.576225 -9.809928 -10.389465 -10.661122 -12.612086 -12.128803 -11.307618 -10.212084 -12.414079 -15.602597 -20.044223 -21.975860 
-28.016534 -31.885629 -31.344634 -27.774415 -35.499277 -27.868355 -25.190844 -27.463095 -24.571942 -25.767391 -25.052406 -26.470161 -29.634858 -24.432835 -19.252355 -19.038635 -22.677404 -21.390254 -16.646401 -16.431374 -10.161966 -7.361811 -11.069684 -9.096031 -2.581452 -2.162660 1.318992 -0.774959 -3.209871 -5.067176 -11.914985 -11.867359 -10.151735 -7.843533 -8.388760 -7.904900 -7.262867 -9.725798 -16.195162 -21.947309 
-27.545518 -25.172836 -27.451472 -23.880744 -31.211570 -28.187640 -25.810367 -23.193985 -22.391525 -27.271591 -26.431839 -29.265806 -26.471630 -22.982762 -22.490362 -18.383975 -20.202405 -15.577588 -13.297040 -18.961711 -12.070754 -5.099866 -1.887460 -5.708954 -2.622593 -4.956343 -1.045039 -1.581737 -7.289599 -6.836514 -11.761817 -11.112970 -8.894658 -10.640324 -8.146041 -8.926291 -10.818021 -13.077404 -16.220637 -21.841329 
-20.874017 -27.164763 -34.300465 -27.540736 -29.201042 -28.579767 -22.141262 -24.653531 -26.024210 -29.497132 -32.921921 -37.979092 -35.799296 -25.612789 -20.698228 -21.068435 -20.867014 -17.884578 -16.452821 -14.590879 -6.955141 -4.147704 -3.059953 -9.080976 -6.269548 -1.570660 1.918787 -0.888959 -5.913679 -6.045050 -10.981737 -13.159037 -12.057549 -10.789488 -9.077694 -7.265867 -8.375266 -11.239942 -13.380633 -19.498784 
-23.497466 -30.746473 -35.947370 -29.813479 -31.538637 -26.005729 -25.674723 -20.211766 -24.481113 -27.929372 -30.591736 -35.810607 -32.138025 -23.886555 -19.438486 -25.643412 -18.625379 -21.633732 -16.388878 -13.952263 -13.473266 -10.842465 -4.503549 -10.513357 -4.260500 -0.735614 1.064203 -1.583824 -7.243719 -7.125084 -13.005683 -10.950298 -10.806892 -12.875949 -11.420496 -9.806255 -10.811909 -12.123153 -15.080936 -20.213226 
-28.267306 -27.438868 -30.217249 -27.799075 -27.518144 -30.236354 -29.451501 -23.215364 -23.933267 -28.952854 -32.328152 -31.671897 -33.213805 -26.598993 -21.993670 -20.269615 -17.101592 -19.855994 -13.802258 -13.639981 -8.487826 -11.170949 -4.455550 -6.416250 -4.821833 -3.986606 -4.727897 -8.418773 -9.945355 -9.420460 -12.125071 -11.626113 -13.707379 -12.544663 -11.669506 -10.338066 -12.121012 -15.223244 -20.958178 -25.285519 
-28.965258 -33.133150 -37.571976 -38.954873 -31.101120 -31.466502 -29.843594 -27.411255 -24.389314 -28.656982 -36.709029 -30.877560 -34.111602 -30.262951 -22.785711 -22.078903 -18.852558 -18.599922 -18.098791 -14.521236 -11.438057 -9.085624 -3.990378 -6.494242 -8.275183 -4.388725 -1.919129 -5.355729 -9.555695 -11.454387 -14.189963 -16.220870 -13.477846 -12.432979 -11.380910 -12.445275 -14.719983 -16.202397 -18.589022 -26.123659 
-24.982955 -34.107833 -35.964414 -34.484267 -32.060092 -30.654012 -27.468519 -27.780811 -34.147984 -38.707907 -33.682138 -31.665026 -36.953989 -40.095070 -26.247438 -22.551590 -20.745809 -21.882788 -22.469483 -19.044604 -9.412396 -6.654462 -4.040768 -14.407235 -10.009649 -5.368893 -3.500769 -6.047865 -11.810837 -12.613848 -14.641848 -16.406945 -16.711895 -15.087836 -13.966786 -10.902994 -12.879624 -15.453797 -18.066944 -24.294451 
-23.133601 -29.092661 -36.541975 -35.912802 -28.123979 -26.845654 -26.775651 -20.686144 -26.601575 -42.102241 -34.201709 -31.858862 -32.471700 -27.315379 -22.291633 -25.847306 -20.094430 -22.724140 -19.242972 -18.237508 -12.218731 -9.386458 -6.894029 -13.760505 -7.317291 -1.808375 0.676465 -2.042024 -9.350725 -9.433290 -15.027646 -14.170454 -14.195519 -15.721044 -13.870619 -12.924986 -12.021487 -13.360676 -16.298706 -22.051691 
-22.286070 -26.467216 -33.923025 -37.862633 -36.099486 -28.591970 -17.365098 -16.038321 -27.287146 -31.591292 -29.718885 -31.611007 -34.687471 -23.400569 -22.785459 -24.124159 -19.833653 -21.016144 -15.979487 -14.977234 -12.234249 -12.189691 -7.946463 -11.002036 -6.790954 -4.557592 -5.921743 -7.599658 -10.867798 -10.677207 -14.218275 -14.686588 -16.156434 -18.201912 -17.554255 -13.358268 -14.491639 -18.158298 -23.366780 -27.002134 
-22.715168 -29.802513 -32.334122 -27.652258 -28.310978 -28.390349 -18.268700 -22.131815 -20.558237 -21.942740 -30.791335 -29.877424 -32.303623 -24.131026 -26.610260 -29.581415 -26.812130 -22.427871 -19.735294 -14.952730 -12.983873 -14.761777 -8.603202 -15.607622 -16.222410 -13.244241 -12.256277 -14.474716 -15.243972 -16.960614 -22.361341 -23.958146 -25.370545 -22.216736 -23.030559 -24.029719 -23.985691 -24.814265 -29.793860 -35.114463 
-46.768704 -41.833162 -39.824241 -38.147277 -36.227169 -33.873435 -32.199182 -31.239209 -31.218498 -32.766893 -36.542221 -38.971028 -40.976762 -42.244844 -41.437815 -46.363025 -40.516001 -33.740361 -33.708833 -32.051206 -35.809565 -32.379876 -24.941852 -29.768268 -33.448874 -25.155804 -25.972502 -27.071493 -29.532259 -32.463399 -36.316883 -41.298843 -42.173954 -37.123197 -35.737926 -40.239163 -42.922138 -44.885869 -42.990590 -49.054356 
-59.029632 -65.899764 -69.220956 -63.443103 -64.821904 -72.600635 -66.517371 -62.439457 -61.276903 -65.624440 -67.700190 -68.122140 -69.962528 -72.598995 -72.073666 -72.676369 -67.183260 -68.436051 -62.899675 -58.652432 -56.791413 -57.379797 -63.460266 -65.243016 -64.025643 -62.429956 -64.155505 -64.344150 -70.719815 -73.359552 -74.571729 -73.393602 -75.449015 -72.316440 -73.562672 -70.150494 -73.908139 -79.317895 -76.750934 -80.402752 
-71.772167 -69.724082 -69.515190 -68.384481 -70.132031 -76.929564 -75.272809 -74.199382 -76.526740 -75.153556 -72.576853 -70.914305 -70.819231 -71.970774 -78.427359 -83.348949 -77.445325 -74.804840 -75.568070 -67.972329 -66.962344 -66.925925 -71.272095 -77.909591 -78.342334 -78.082580 -73.545005 -71.246176 -75.056907 -83.633799 -84.370765 -82.096977 -81.717332 -83.089761 -83.363628 -82.648990 -83.563740 -82.016068 -84.394081 -85.736063 
-77.057638 -78.207487 -78.486817 -78.114375 -79.467943 -79.092469 -80.529516 -81.125705 -82.263901 -85.496877 -87.144700 -89.342023 -90.758454 -87.910962 -84.539868 -82.175610 -80.525481 -79.422677 -78.869669 -78.760437 -79.539368 -81.130646 -84.279330 -88.477287 -90.402230 -85.670727 -82.505770 -81.500994 -82.311379 -85.508495 -91.213076 -91.006894 -87.477715 -87.293075 -89.811274 -92.748630 -93.297347 -95.108690 -94.595853 -93.424344 
-83.191897 -79.979595 -83.004860 -80.754651 -82.715297 -79.505725 -82.657239 -84.785205 -82.205740 -81.276696 -84.067135 -85.388021 -83.121135 -84.492581 -86.436233 -83.928287 -85.099737 -84.178953 -84.159214 -84.777529 -85.242444 -87.279266 -90.725955 -98.153946 -100.190283 -92.248600 -88.602429 -87.355215 -88.066485 -90.920138 -96.015944 -97.047188 -93.736215 -93.400552 -95.832947 -97.844146 -98.166495 -101.376059 -102.457011 -100.634547 
-70.006201 -74.276665 -82.336738 -75.118686 -69.988676 -69.419495 -73.173575 -82.570224 -72.400204 -69.942194 -74.667634 -78.344574 -71.427664 -74.380342 -78.957747 -73.153255 -79.241970 -76.780174 -78.749798 -80.485867 -81.824487 -84.395312 -88.094508 -92.211797 -95.110386 -92.781706 -88.600519 -86.539380 -85.933299 -86.096476 -86.704752 -88.419649 -91.456553 -95.908484 -94.402409 -91.487115 -90.300914 -90.585354 -92.854001 -97.170569 
-84.763965 -87.153741 -89.415118 -87.440623 -84.771765 -84.399184 -86.695748 -89.405938 -86.378113 -84.899058 -87.658523 -89.166074 -86.119576 -87.940140 -89.958420 -87.681132 -90.828339 -90.181466 -91.698640 -93.002118 -94.514709 -96.613296 -99.759150 -103.803663 -110.899907 -111.733162 -104.807981 -101.504517 -99.885521 -99.189912 -99.366124 -100.560262 -103.138024 -108.249207 -113.378273 -108.562207 -104.462276 -103.153101 -104.530456 -109.673683 
NaN NaN NaN NaN NaN NaN NaN NaN NaN NaN NaN NaN NaN NaN NaN NaN NaN NaN NaN NaN NaN NaN NaN NaN NaN NaN NaN NaN NaN NaN NaN NaN NaN NaN NaN NaN NaN NaN NaN NaN 
NaN NaN NaN NaN NaN NaN NaN NaN NaN NaN NaN NaN NaN NaN NaN NaN NaN NaN NaN NaN NaN NaN NaN NaN NaN NaN NaN NaN NaN NaN NaN NaN NaN NaN NaN NaN NaN NaN NaN NaN 
-96.701576 -96.701576 -96.701576 -96.701576 -96.701576 -96.701576 -96.701576 -96.701576 -96.701576 -96.701576 -96.701576 -96.701576 -96.701576 -96.701576 -96.701576 -96.701576 -96.701576 -96.701576 -96.701576 -96.701576 -96.701576 -96.701576 -96.701576 -96.701576 -96.701576 -96.701576 -96.701576 -96.701576 -96.701576 -96.701576 -96.701576 -96.701576 -96.701576 -96.701576 -96.701576 -96.701576 -96.701576 -96.701576 -96.701576 -96.701576 
-84.543635 -85.952479 -85.774663 -85.422348 -85.938881 -85.576832 -85.513165 -86.077334 -85.269329 -85.746794 -86.064756 -85.594923 -85.801901 -85.771646 -85.898861 -85.928061 -85.972038 -86.036680 -86.093489 -86.236213 -86.398887 -86.315645 -86.662407 -86.726800 -86.926392 -87.193768 -87.435956 -87.796946 -88.089440 -88.460637 -89.100839 -89.549411 -90.290374 -91.079608 -91.966190 -93.241354 -94.361214 -95.914035 -96.788164 -97.532837 
-85.260255 -88.918707 -86.228583 -90.215855 -87.940442 -88.520025 -88.965719 -89.239506 -89.834420 -89.931895 -90.434258 -90.397928 -90.439115 -90.260989 -89.742545 -89.648902 -88.815604 -88.479761 -87.901361 -88.675201 -88.553083 -89.688645 -90.832970 -91.375108 -91.294441 -90.350354 -89.175397 -88.740132 -89.734846 -92.041802 -93.575014 -92.253802 -89.853967 -89.904691 -93.922902 -96.336662 -91.394936 -90.506723 -96.941019 -95.280887 
-93.056577 -93.168488 -93.356643 -93.679712 -94.129903 -94.786810 -95.636235 -96.815522 -98.579757 -101.095722 -105.158795 -112.158968 -110.173636 -103.214527 -99.135755 -96.528532 -94.740385 -93.623361 -93.105417 -93.224451 -94.137599 -96.240607 -100.553662 -109.057515 -103.164552 -96.780774 -93.956923 -93.180964 -94.418243 -99.021966 -106.785350 -98.110605 -93.830284 -93.799973 -98.927085 -103.312811 -94.984857 -93.904895 -100.452690 -98.604308 
NaN NaN NaN NaN NaN NaN NaN NaN NaN NaN NaN NaN NaN NaN NaN NaN NaN NaN NaN NaN NaN NaN NaN NaN NaN NaN NaN NaN NaN NaN NaN NaN NaN NaN NaN NaN NaN NaN NaN NaN 
NaN NaN NaN NaN NaN NaN NaN NaN NaN NaN NaN NaN NaN NaN NaN NaN NaN NaN NaN NaN NaN NaN NaN NaN NaN NaN NaN NaN NaN NaN NaN NaN NaN NaN NaN NaN NaN NaN NaN NaN 
NaN NaN NaN NaN NaN NaN NaN NaN NaN NaN NaN NaN NaN NaN NaN NaN NaN NaN NaN NaN NaN NaN NaN NaN NaN NaN NaN NaN NaN NaN NaN NaN NaN NaN NaN NaN NaN NaN NaN NaN 
NaN NaN NaN NaN NaN NaN NaN NaN NaN NaN NaN NaN NaN NaN NaN NaN NaN NaN NaN NaN NaN NaN NaN NaN NaN NaN NaN NaN NaN NaN NaN NaN NaN NaN NaN NaN NaN NaN NaN NaN 
NaN NaN NaN NaN NaN NaN NaN NaN NaN NaN NaN NaN NaN NaN NaN NaN NaN NaN NaN NaN NaN NaN NaN NaN NaN NaN NaN NaN NaN NaN NaN NaN NaN NaN NaN NaN NaN NaN NaN NaN 
NaN NaN NaN NaN NaN NaN NaN NaN NaN NaN NaN NaN NaN NaN NaN NaN NaN NaN NaN NaN NaN NaN NaN NaN NaN NaN NaN NaN NaN NaN NaN NaN NaN NaN NaN NaN NaN NaN NaN NaN 
NaN NaN NaN NaN NaN NaN NaN NaN NaN NaN NaN NaN NaN NaN NaN NaN NaN NaN NaN NaN NaN NaN NaN NaN NaN NaN NaN NaN NaN NaN NaN NaN NaN NaN NaN NaN NaN NaN NaN NaN 
