NaN NaN NaN NaN NaN NaN NaN NaN NaN NaN NaN NaN NaN NaN NaN NaN NaN NaN NaN NaN NaN NaN NaN NaN NaN NaN NaN NaN NaN NaN NaN NaN NaN NaN NaN NaN NaN NaN NaN NaN 
NaN NaN NaN NaN NaN NaN NaN NaN NaN NaN NaN NaN NaN NaN NaN NaN NaN NaN NaN NaN NaN NaN NaN NaN NaN NaN NaN NaN NaN NaN NaN NaN NaN NaN NaN NaN NaN NaN NaN NaN 
-80.540467 -85.013561 -84.407796 -80.951711 -82.625684 -89.863791 -83.956240 -83.020380 -89.552580 -83.921803 -86.585267 -84.356650 -80.450582 -83.535370 -89.754141 -84.360505 -85.534029 -84.369105 -86.637876 -91.271783 -93.494100 -87.376424 -87.928333 -90.683765 -84.924090 -85.564384 -88.036168 -88.345117 -87.125582 -90.367845 -91.694029 -94.051716 -88.779652 -93.416801 -91.191763 -90.472430 -92.866533 -97.237067 -90.946054 -90.006301 
-54.947767 -55.949458 -60.560662 -64.983774 -64.165630 -68.510972 -72.208274 -67.520511 -74.362562 -72.026473 -71.768775 -74.040984 -73.621093 -73.848261 -74.146117 -71.940164 -76.655291 -75.787226 -81.892696 -78.979617 -79.054669 -77.956976 -82.541928 -81.387385 -80.066838 -80.626233 -78.503723 -80.028924 -82.215296 -85.105445 -82.831594 -81.030971 -80.837358 -81.937575 -78.861051 -82.499300 -82.574045 -81.623020 -80.851615 -84.017114 
-59.002361 -53.950800 -55.020075 -60.682942 -62.014757 -67.762755 -65.340008 -69.062615 -68.528438 -73.625046 -67.337445 -69.600185 -72.462939 -73.750490 -72.599491 -74.099012 -75.614601 -75.906049 -77.668880 -76.348875 -73.460173 -75.159327 -74.810272 -77.253571 -79.048097 -78.245414 -78.666167 -81.166280 -77.223879 -78.057969 -79.076116 -79.359704 -79.929219 -77.921408 -77.977144 -80.457476 -80.854814 -77.341759 -79.695599 -81.296536 
-31.176276 -46.668341 -55.583510 -51.389062 -50.773433 -55.824485 -59.747609 -59.657204 -59.842048 -64.267250 -64.014220 -69.776391 -67.517016 -66.541282 -66.375722 -68.599543 -69.337638 -68.375420 -72.519881 -70.447839 -70.317468 -71.886237 -69.533238 -71.434368 -74.795837 -76.025008 -75.658051 -77.286743 -77.630996 -73.888286 -71.743618 -75.941811 -76.968117 -74.437018 -74.068699 -73.475385 -75.674644 -74.600324 -77.261814 -76.129283 
-11.257293 -13.433011 -15.867271 -16.431542 -14.852722 -13.203724 -12.887297 -13.796057 -15.972222 -17.815123 -18.727235 -19.992260 -20.961764 -20.056097 -19.091879 -18.910142 -19.362125 -20.749363 -23.342791 -24.962383 -27.684218 -31.139214 -35.418276 -37.186758 -37.421084 -40.689430 -42.094298 -42.293512 -41.181960 -38.017774 -39.335878 -38.963393 -37.492606 -39.034654 -40.561166 -41.238741 -43.201174 -44.841037 -48.448479 -55.745938 
1.300504 -2.219227 -7.536303 -7.763948 -2.509093 1.538347 1.803054 -0.797570 -2.754987 -6.710272 -7.453070 -8.613011 -10.035781 -8.849913 -5.282523 -6.082949 -6.216429 -6.838814 -10.836284 -11.831818 -14.536404 -17.945740 -20.416336 -17.082382 -20.190459 -23.371570 -22.459700 -24.705286 -24.193900 -24.150529 -24.235981 -23.165425 -22.869577 -24.622397 -25.966430 -25.992344 -27.874227 -29.355158 -32.388247 -37.525155 
-0.372707 -7.677233 -19.037925 -15.866931 -12.812801 -7.588227 -12.895485 -8.329366 -8.345623 -16.840610 -16.951865 -9.284156 -7.505155 -9.267719 -10.490605 -8.429599 -10.356047 -12.105053 -13.349295 -16.315507 -13.537614 -13.044008 -14.091573 -19.152870 -21.728898 -21.771850 -20.521913 -19.679575 -17.617751 -20.390850 -18.309099 -18.942112 -20.947115 -21.987318 -22.484075 -24.099485 -23.020558 -23.347443 -24.354561 -24.072226 
-7.294931 -6.232896 -14.809647 -22.118380 -16.283568 -12.702902 -10.777043 -11.990038 -19.345979 -22.105340 -19.446603 -15.267757 -8.133318 -10.453762 -9.865787 -9.968480 -8.152083 -8.717346 -20.268406 -15.781343 -14.380615 -13.985301 -12.452972 -20.835635 -19.265463 -20.796555 -21.932904 -21.674742 -21.171502 -17.696826 -22.702799 -21.006693 -22.772900 -21.712864 -20.974437 -24.948595 -24.423352 -24.325695 -26.005473 -24.657843 
-10.057078 -8.737753 -16.801306 -19.654343 -17.848308 -17.321307 -19.192255 -12.491975 -16.073271 -21.741168 -16.444117 -15.268572 -14.662707 -7.743532 -4.842946 -1.393262 -4.772592 -7.832332 -16.947317 -13.705454 -16.701109 -18.037166 -14.084966 -18.288150 -17.091992 -19.795912 -19.816404 -18.553939 -21.855566 -21.316516 -21.480598 -20.090680 -24.510735 -24.316885 -22.055906 -23.919695 -27.665794 -29.782546 -28.372949 -28.707399 
-12.672466 -18.515795 -18.934996 -16.511541 -19.074088 -17.785223 -14.188125 -9.452393 -10.640138 -7.704955 -13.045521 -20.607810 -12.409438 -4.787187 -1.619904 -5.261601 -3.478562 -13.770018 -14.722333 -13.973066 -27.114975 -20.864956 -15.081424 -20.325599 -20.947885 -24.590582 -19.448202 -20.667690 -25.975346 -23.992369 -22.890917 -20.776721 -21.849127 -25.537858 -25.692115 -25.922013 -27.462714 -27.398543 -26.379202 -31.837321 
-7.675839 -10.748000 -15.251417 -19.373946 -12.487287 -14.162807 -13.123482 -12.117642 -14.627431 -12.616181 -8.431953 -12.991075 -8.350373 -9.442804 -10.241607 -4.707844 -4.530189 -12.897324 -19.451939 -20.140530 -25.011698 -26.503906 -29.260971 -28.467562 -30.191154 -27.993783 -23.928398 -20.831073 -25.375739 -27.655763 -23.927385 -25.727847 -30.938213 -32.580770 -30.946137 -30.873342 -32.215861 -32.356187 -30.944456 -34.148012 
-8.163189 -14.796162 -22.030619 -15.056105 -2.541727 6.975338 5.441247 -2.861584 -14.938556 -9.662685 -6.334522 -8.895465 -9.660518 -8.295699 -4.951851 -2.368152 -7.814769 -16.387244 -22.170432 -26.394875 -30.544536 -34.620130 -32.852733 -31.430054 -32.102348 -35.295320 -24.316192 -20.966799 -27.569798 -30.340152 -25.695805 -25.627239 -35.254509 -36.850007 -35.215146 -35.104673 -37.007758 -37.676044 -32.537838 -31.747314 
-6.830463 -8.272329 -13.620393 -13.911664 6.917582 19.983744 18.658311 5.720930 -6.999789 5.387204 14.614891 6.143826 -3.132234 4.471107 10.337285 0.262316 -9.108009 -13.767101 -23.174506 -20.840292 -28.730404 -27.608659 -29.583747 -31.807950 -31.971664 -32.220619 -21.287796 -15.359465 -22.750366 -28.381991 -24.023212 -24.897193 -31.720064 -31.352849 -29.670885 -27.073075 -33.388611 -38.824092 -30.607380 -30.613687 
-17.537844 -22.472812 -18.898284 -24.943607 0.281612 20.739841 18.200431 -7.201015 -14.542197 7.293033 19.603835 4.774222 -11.690771 10.779224 13.233232 -3.919420 -7.147292 -8.508432 -26.584444 -17.745756 -29.449245 -23.973799 -30.985727 -25.385017 -30.213145 -27.488017 -20.894603 -14.158286 -17.307395 -20.529379 -15.729282 -22.311349 -29.822087 -29.993162 -26.843095 -30.025353 -35.239648 -39.513481 -33.638222 -30.467080 
-13.847639 -17.942899 -23.235642 -22.615662 -4.435528 19.557825 18.412771 -2.960358 -9.028746 3.972567 20.828811 7.193576 -11.711146 9.280890 15.256573 -3.904876 -7.634574 -7.040349 -21.853393 -17.666319 -23.184276 -21.165584 -24.639295 -23.375994 -25.867705 -23.987952 -22.561169 -18.321509 -13.220756 -17.552813 -13.235386 -20.265088 -27.979379 -29.278855 -25.863242 -28.740669 -32.409160 -33.622185 -32.141884 -30.616527 
-21.483478 -20.321652 -19.896348 -22.037498 -0.978405 19.906230 17.865897 -6.871824 -13.763217 7.768711 21.702562 7.254292 -10.794280 11.098467 13.776771 -5.012005 -4.230156 -5.838106 -25.294074 -17.018850 -28.001673 -20.551148 -27.827745 -21.964242 -28.445725 -24.188372 -19.527673 -14.197409 -12.745517 -21.277528 -16.585254 -20.731282 -30.187624 -30.970658 -29.548643 -28.844196 -37.850413 -41.803199 -37.018152 -31.726284 
-26.882160 -27.591395 -24.236945 -21.400369 3.916573 20.605148 16.014174 -8.034472 -12.826493 13.929565 22.750777 3.409335 -10.072479 14.569260 11.554406 -8.968223 1.300807 -5.918608 -19.086917 -14.892622 -26.988701 -19.158158 -27.195099 -22.242448 -25.186640 -24.574887 -18.813009 -10.448901 -11.865756 -19.886329 -16.441594 -23.921441 -29.908567 -30.297342 -27.128197 -29.040986 -38.699512 -40.639558 -35.036160 -31.202806 
-28.953082 -28.158254 -24.114299 -17.762705 9.279787 21.521594 13.759773 -10.748846 -3.496953 19.837821 21.851696 -1.783471 1.869001 16.494951 5.482911 0.030805 7.912658 -9.245324 -12.962461 -16.996317 -20.879819 -21.356495 -21.798533 -24.410768 -21.345638 -22.332029 -17.571753 -6.911968 -12.628711 -18.551605 -17.233685 -20.985464 -28.335432 -28.717930 -26.529612 -28.154303 -37.846687 -40.278316 -34.541864 -30.710228 
-25.804649 -26.166643 -27.352727 -10.614540 13.613544 21.623906 9.925939 -14.319277 4.130975 23.673079 18.012952 -9.141776 10.494379 14.121161 -2.772908 9.784540 10.726844 -12.313619 -10.221839 -20.375193 -19.026159 -22.394304 -19.621531 -21.333447 -20.432667 -20.653503 -17.033792 -13.977828 -15.448505 -20.639881 -17.512314 -18.727954 -24.716994 -25.981151 -25.265702 -27.654140 -31.922244 -32.570069 -30.414093 -27.725598 
-17.585293 -15.059969 -14.500798 -4.079028 16.812491 19.965237 4.200919 -9.258017 13.029916 23.598113 9.772813 -2.212625 15.022636 9.801580 -1.595910 14.989364 6.775531 -7.002541 -13.492604 -21.464374 -26.112356 -23.113194 -25.287281 -21.527767 -22.577758 -24.518928 -21.014611 -15.379272 -17.423951 -22.257085 -17.065819 -17.588902 -25.618604 -28.974038 -29.148800 -31.424039 -39.800480 -42.363270 -34.011544 -30.571047 
-19.861889 -20.407454 -27.277269 3.355031 19.532767 17.650227 -2.535722 -3.387578 19.480419 19.771093 1.861355 11.503247 15.412882 -0.452532 7.422300 9.342761 1.459757 -1.686006 -10.931508 -14.031887 -17.729541 -19.957506 -21.268463 -22.031423 -21.476586 -23.879782 -22.126356 -15.785353 -17.665845 -19.203500 -14.435226 -16.657956 -28.309651 -29.490923 -28.267455 -29.090660 -33.115035 -34.763115 -31.993659 -30.719360 
-18.612612 -15.860255 -18.711873 10.491699 20.565374 11.617336 -4.032288 10.322225 20.427616 12.220165 6.314799 18.181449 11.600138 4.227577 7.187273 0.648721 8.220824 -0.516699 -4.578476 -12.824180 -15.014092 -17.961100 -19.623831 -19.990885 -21.691183 -22.034087 -17.330655 -10.452615 -13.308843 -17.295004 -14.825794 -15.688301 -26.193397 -29.565031 -28.502531 -30.431038 -34.460920 -39.003777 -33.829752 -31.391329 
-13.204878 -14.250312 -9.360919 15.850463 20.824704 7.291177 -2.232636 16.554241 16.739464 -0.162419 16.292718 15.314438 0.860165 8.600801 -2.231044 4.362970 3.437951 3.201241 -2.046898 -7.306156 -15.819797 -18.565007 -20.756386 -22.171713 -23.697372 -23.165951 -16.831255 -11.611174 -16.511845 -21.976902 -15.467537 -16.164735 -28.771488 -31.470232 -29.489616 -28.513792 -36.141652 -47.294963 -39.647842 -35.712650 
-13.181281 -16.102779 1.220380 19.027625 18.661497 0.619508 9.749927 17.967726 7.315761 13.599237 19.977039 9.245602 12.225186 5.914965 4.908841 1.019372 1.769592 3.012944 4.276346 -5.210537 -14.656677 -19.829429 -24.455127 -25.499309 -24.898434 -21.621116 -13.973715 -10.692965 -19.244788 -23.368564 -20.269062 -20.931926 -27.289435 -27.552661 -25.352988 -28.517072 -35.672656 -43.381238 -38.309822 -31.956039 
-21.936374 -19.583858 6.983419 18.769628 12.736440 0.301958 14.644544 15.096011 2.367768 18.552535 15.560727 10.237940 12.271777 3.570087 5.351384 1.490950 0.567591 1.335860 3.966276 -0.328404 -11.655654 -17.457876 -21.728700 -22.147612 -20.571465 -21.718545 -17.493748 -17.284550 -23.965941 -24.348141 -19.018590 -16.738487 -25.704338 -27.698752 -27.763286 -28.227426 -32.814056 -42.185279 -40.281320 -36.369249 
-19.231127 -12.335522 9.913843 18.337955 8.926207 2.666865 16.356547 9.856124 4.858967 14.793888 4.728683 12.280287 5.790178 5.928586 -0.729042 1.420615 -5.532986 -5.749806 -2.489013 -3.488271 -11.148219 -12.319481 -18.004215 -17.966940 -20.708682 -22.124353 -14.380524 -16.329700 -24.951801 -29.050454 -24.602562 -20.915823 -31.725591 -29.201159 -25.871456 -27.160888 -32.311751 -41.568072 -40.086583 -34.551876 
-17.003995 -9.224599 11.842420 17.546882 4.754043 6.537548 16.516806 5.557541 9.074671 10.202301 2.152390 10.439816 0.427220 4.703844 -2.573951 -1.109058 -8.371085 -10.348818 -10.677517 -6.443893 -5.551062 -11.786225 -20.661526 -25.249593 -24.802500 -20.367467 -13.379066 -18.578850 -23.382103 -26.147985 -23.879077 -23.809264 -27.844740 -33.791743 -32.187163 -29.690572 -34.161123 -40.844718 -40.199571 -36.241306 
-18.092727 -8.919350 12.613887 16.343880 1.216346 9.094276 14.902685 0.345721 9.870127 7.411208 2.471890 3.457152 -0.654872 1.356136 -5.857125 -8.698372 -12.611567 -18.418422 -17.393669 -16.896050 -9.552925 -10.812551 -15.186043 -15.931651 -17.336093 -17.984365 -13.266186 -21.077739 -24.573381 -29.940080 -27.778001 -24.405133 -31.031143 -34.419316 -30.164995 -31.891733 -33.845432 -44.185368 -44.373193 -40.707300 
-16.541248 -5.486996 12.962832 15.642425 0.465261 9.016123 12.505439 -2.105317 8.994068 0.784558 0.674967 0.100654 0.849582 -3.102831 -10.632422 -15.664483 -15.789031 -25.210361 -19.462904 -17.754905 -12.905263 -5.339050 -13.864184 -15.788937 -14.482386 -12.894244 -11.344003 -18.186972 -23.797857 -26.148056 -21.733671 -22.620770 -27.688344 -29.250246 -28.072728 -29.435409 -32.793165 -42.835883 -42.951345 -38.520892 
-18.733498 -8.097246 11.916762 14.593522 -1.191675 7.931038 10.339254 -0.763506 6.791641 -1.328548 -1.736347 -7.351290 -3.045966 -7.304740 -12.413762 -19.232554 -22.610911 -22.947933 -20.313862 -18.621623 -17.836400 -12.979884 -10.780017 -12.726154 -13.682185 -10.553961 -8.733707 -17.037350 -21.352418 -25.084144 -22.698063 -22.524226 -29.293201 -31.777582 -27.130928 -28.685247 -31.268434 -37.796855 -40.354825 -40.749675 
-18.728905 -8.416182 11.096403 14.775435 2.014010 4.858857 10.354070 -2.371764 7.066812 1.610499 -13.008254 -11.580327 -12.826005 -9.667844 -15.237068 -16.231030 -20.727968 -26.644123 -21.270315 -25.239108 -22.982533 -16.416261 -13.041888 -11.433998 -15.894814 -14.144394 -14.931730 -20.964778 -26.267464 -28.222202 -27.418486 -24.291002 -27.030960 -35.882344 -35.394942 -32.516914 -34.459034 -42.280830 -47.922670 -45.633381 
-18.189671 -3.756552 10.218274 10.065994 -2.924692 2.806461 4.786758 -1.375325 2.884520 -5.777963 -19.531125 -15.692017 -12.995612 -17.381374 -18.906972 -26.209591 -31.593615 -27.336397 -25.674222 -26.449405 -20.417687 -17.386501 -12.164650 -12.376599 -13.467861 -11.118965 -12.119460 -21.551928 -23.899214 -22.405866 -21.822156 -23.264126 -28.550404 -30.538901 -30.832257 -32.421822 -34.120189 -36.712386 -38.586172 -37.908989 
-21.882188 -5.647087 4.179599 0.906967 -10.576125 -10.374908 -13.565463 -4.077812 -8.126471 -22.686541 -16.930741 -14.362922 -16.983411 -19.228483 -16.163421 -22.855602 -20.740919 -23.909260 -26.016783 -20.921873 -16.732419 -11.354582 -12.535717 -13.149469 -14.483830 -9.498941 -9.225488 -14.907502 -13.050558 -12.911600 -16.173507 -14.870518 -20.578617 -22.971906 -23.846640 -22.993500 -27.211006 -27.658612 -29.493774 -32.476121 
-13.074211 -12.978982 -11.809096 -14.891535 -19.099173 -22.622414 -16.377806 -11.294450 -18.308793 -26.275619 -17.161671 -15.225326 -14.893746 -11.483792 -16.895793 -21.853068 -17.967457 -19.005810 -18.292303 -18.705217 -16.130100 -7.381200 -5.497162 -8.921606 -10.414688 -7.181915 -7.074054 -13.432118 -13.650859 -12.910024 -10.317770 -12.758092 -14.614534 -15.704325 -21.578137 -22.705374 -27.340198 -27.989385 -28.442441 -26.925409 
-13.523533 -23.312317 -21.930457 -18.871794 -14.299793 -17.703065 -18.489728 -19.442269 -21.051101 -19.926048 -17.279466 -20.039893 -19.847498 -15.645038 -17.937429 -24.040505 -26.083734 -22.285951 -22.395948 -17.106560 -13.116213 -9.440633 -6.885852 -8.263562 -9.093481 -11.552831 -10.219962 -13.670033 -15.031952 -11.436606 -10.880845 -10.607386 -13.176312 -17.112796 -16.816949 -20.670410 -24.785786 -23.468649 -22.861456 -26.536016 
-15.081538 -17.757318 -15.449633 -17.482687 -19.620746 -26.610603 -22.165001 -19.201340 -19.955678 -16.008236 -19.649587 -21.447615 -20.041743 -21.567995 -17.025937 -16.716682 -20.826015 -20.520461 -17.318177 -18.775023 -15.453338 -9.085789 -6.492495 -8.026433 -7.913632 -5.779479 -4.803218 -8.741852 -12.310140 -7.662786 -5.654099 -8.831721 -10.141454 -10.611320 -11.916862 -17.775475 -20.850992 -20.715371 -21.819043 -22.410914 
-23.292876 -19.705961 -21.954399 -19.211790 -20.171641 -21.641271 -20.917228 -20.915651 -19.030717 -18.910465 -20.194685 -19.315395 -15.294297 -14.919786 -11.878260 -16.782364 -25.629077 -18.125018 -15.172169 -15.574059 -15.517747 -11.696324 -6.444788 -7.054408 -13.475631 -10.852214 -2.682229 -10.709767 -9.534897 -5.002665 -3.987706 -2.615411 -9.767921 -11.587912 -9.982074 -13.585212 -14.798693 -17.643476 -18.144969 -19.372973 
-26.794324 -17.606342 -24.885703 -30.914833 -25.472630 -23.441467 -21.268041 -21.773162 -18.711670 -20.359471 -15.429443 -19.797707 -17.920574 -15.882172 -16.949522 -17.882655 -25.607650 -25.803136 -15.950751 -21.024890 -18.000054 -15.154986 -13.900547 -12.214368 -11.339625 -5.819689 -1.800552 -4.927496 -3.992961 2.256100 0.094591 -3.295573 -4.768403 -10.630224 -10.896736 -10.334310 -10.291565 -9.716555 -12.463985 -14.909118 
-18.145092 -23.775317 -30.090172 -30.654070 -27.170651 -24.443319 -23.913841 -18.550138 -19.472563 -23.286513 -25.568632 -27.472734 -23.216398 -22.654613 -18.813453 -23.705162 -21.108371 -23.550867 -24.775792 -21.567910 -18.958531 -17.698164 -13.385346 -11.173934 -13.538615 -8.977911 -2.406714 -4.988628 -4.103022 0.287449 1.759819 -0.296711 -5.074040 -7.745435 -9.431108 -10.779728 -13.148578 -14.152806 -13.033949 -16.245350 
-23.117648 -36.761476 -43.509387 -29.839272 -26.835549 -30.264364 -27.837311 -23.929669 -20.700804 -19.855298 -19.394388 -24.103588 -22.916624 -24.400551 -19.936931 -21.472116 -20.831425 -18.967282 -19.589885 -18.410635 -20.154744 -24.823275 -15.001877 -12.220713 -13.298283 -9.527031 -5.956410 -5.904092 -3.562981 1.304879 0.860031 -1.653401 -9.330743 -8.386680 -8.833389 -9.401481 -12.989379 -13.535252 -12.766024 -16.419684 
-19.746938 -25.135866 -37.005132 -35.282070 -30.362467 -28.665605 -24.598275 -17.931444 -18.731058 -22.758508 -27.506947 -22.165517 -25.534994 -21.358775 -18.680563 -25.513092 -15.712022 -18.217851 -21.313327 -23.248390 -20.761734 -13.940763 -11.006028 -8.150394 -5.455814 -9.438448 -4.496350 -6.639045 -2.845541 -2.922761 -0.599978 1.328604 -5.542296 -7.785060 -7.815788 -7.222439 -10.596167 -11.894860 -14.383938 -16.225836 
-17.115008 -18.782131 -27.459318 -34.378651 -45.562822 -24.020149 -17.430819 -17.647571 -21.532489 -29.832215 -32.213536 -21.477999 -27.267709 -27.278023 -22.715464 -19.703135 -20.058905 -19.274133 -21.863729 -24.809102 -21.781019 -15.242170 -13.603207 -10.227574 -11.126424 -10.065067 -6.691210 -4.758463 -1.376966 -0.524165 0.309404 2.652496 -1.426749 -8.757575 -3.550661 -6.802583 -7.515230 -7.295752 -10.190717 -13.094963 
-15.889869 -18.119034 -28.724893 -32.305137 -29.305958 -26.577129 -19.844892 -18.941965 -16.698754 -20.164241 -22.282281 -21.285706 -26.715568 -19.305710 -23.230945 -17.659115 -21.390558 -24.223676 -23.415785 -23.538200 -22.416850 -18.563340 -13.200013 -8.726496 -5.083778 -11.286479 -9.491901 -7.374077 -6.187839 -0.022461 0.870217 3.713252 0.522514 -5.128927 -4.952766 -6.203343 -9.320812 -10.918137 -11.663033 -14.760579 
-22.228083 -24.823497 -32.855637 -35.666477 -37.441353 -33.890424 -29.994612 -20.307339 -16.185802 -19.820545 -21.002740 -23.390977 -25.972260 -25.954865 -20.481272 -15.670842 -18.804958 -19.573263 -18.229353 -19.374731 -16.769666 -13.542290 -12.583837 -11.747337 -9.507426 -9.655274 -9.871139 -6.479466 -7.001824 -2.857526 0.790110 1.568899 -3.618692 -4.190464 -4.141229 -4.659826 -8.448037 -10.088292 -8.984070 -14.637714 
-27.783736 -24.842111 -31.610019 -38.343673 -31.737552 -26.175961 -23.640502 -23.844577 -21.218738 -21.293756 -23.679343 -27.483783 -25.573995 -20.010299 -18.383497 -20.781442 -23.787887 -20.592291 -25.025384 -26.744675 -21.870513 -16.101802 -13.042773 -14.608022 -14.055199 -10.806077 -7.849543 -8.013047 -7.695934 -3.867186 -1.314379 -2.125408 -2.369311 -2.846900 -2.796278 -2.551554 -8.999367 -8.331498 -8.980459 -12.913102 
-15.285135 -18.775283 -30.341190 -33.908373 -30.668284 -33.516434 -22.913584 -15.626238 -21.038953 -25.124082 -18.441424 -19.789592 -25.936834 -19.816049 -21.666391 -16.960511 -20.578517 -20.715746 -16.716524 -19.265352 -18.718608 -16.133563 -7.592376 -9.304811 -15.647451 -12.966457 -7.055591 -5.745787 -3.750892 -2.926095 0.189042 -1.621175 -4.990429 -4.021046 -3.924658 -4.519553 -8.472005 -11.843581 -12.824993 -14.095943 
-19.035926 -25.934733 -32.369308 -33.241146 -31.169704 -28.284365 -27.827326 -23.713775 -29.006878 -24.968678 -27.090149 -27.308542 -19.279625 -17.980637 -19.429902 -23.359758 -24.382569 -27.980166 -21.018169 -18.942747 -21.245381 -15.266171 -13.341637 -8.280528 -12.509114 -10.573417 -6.165155 -8.186531 -7.492166 -0.287220 2.050412 -2.661866 -5.899330 -2.726437 -3.722261 -6.964122 -11.004105 -10.112117 -12.289300 -12.243805 
-18.935055 -28.127502 -32.138376 -33.818133 -28.098084 -29.502162 -25.158205 -20.658454 -18.151368 -25.964284 -21.148526 -27.447851 -23.575920 -22.490441 -16.816974 -16.780963 -23.144920 -20.095269 -24.807783 -21.072123 -25.295584 -15.522834 -12.710806 -10.685960 -12.883947 -12.234800 -8.585535 -5.589387 -3.694042 -0.547157 1.410858 -2.327339 -6.340575 -6.485657 -5.606854 -7.152599 -9.733275 -8.047055 -13.018116 -12.758973 
-15.632724 -27.100909 -32.115784 -32.705619 -28.374770 -30.613572 -23.115715 -18.784124 -18.056538 -24.261647 -19.821721 -20.124602 -20.800549 -18.328960 -15.198645 -16.852206 -18.222987 -21.850951 -24.348263 -21.475660 -20.761740 -12.530754 -11.011687 -12.562769 -10.096337 -6.638364 -6.577225 -5.503043 -6.805510 -1.716599 0.926296 0.088695 -4.461808 -4.884283 -4.302301 -7.179985 -9.652534 -12.037766 -12.288696 -13.736848 
-18.596710 -22.963067 -31.208390 -37.839147 -34.273259 -24.560585 -15.554761 -15.886352 -20.524485 -27.776108 -24.690803 -22.766602 -19.434404 -18.927786 -16.934408 -17.048289 -17.572931 -18.335458 -18.775571 -16.945359 -17.997886 -9.808655 -8.236455 -10.248899 -8.958746 -5.993343 -4.859246 -7.709821 -5.861400 -2.810204 -2.406811 0.514561 -3.685980 -3.419532 -4.232705 -6.851021 -9.186761 -8.012699 -9.789148 -14.817320 
-20.772433 -28.927007 -29.499681 -33.077785 -31.384763 -22.720115 -17.799098 -20.410725 -16.594475 -29.141615 -30.815380 -26.689148 -20.296699 -16.227698 -17.315264 -20.774488 -15.718993 -17.213239 -18.572491 -19.263449 -21.547248 -11.611146 -9.666061 -10.891631 -12.422897 -12.548812 -5.188590 -5.758828 -5.604767 -2.726488 0.645514 0.953376 -4.545116 -5.566647 -5.732357 -9.470181 -9.966860 -10.981974 -13.385196 -18.075929 
-22.353934 -27.809430 -32.116883 -30.130452 -20.161436 -18.740873 -18.177455 -18.023968 -17.462285 -16.673833 -19.522694 -19.122619 -16.486486 -20.442032 -18.683867 -18.157976 -16.646574 -25.102818 -24.427978 -21.786127 -15.893961 -10.996148 -9.737927 -12.340034 -10.611154 -9.343833 -5.893956 -4.894420 -9.688563 -4.099301 1.588834 -1.442129 -5.003205 -6.665665 -5.285166 -5.817301 -6.413329 -7.829166 -12.270495 -17.382346 
-22.364016 -28.417112 -35.912324 -34.987776 -23.796792 -24.132855 -15.380058 -13.745944 -13.894112 -20.169091 -20.480402 -23.434296 -21.883806 -18.353026 -16.326243 -17.322850 -15.515810 -19.143675 -19.314144 -22.080578 -15.152892 -10.641650 -9.647695 -10.510967 -11.278016 -9.816376 -6.140103 -6.704062 -5.553263 0.511031 2.033900 0.360950 -4.462344 -7.478552 -8.434865 -9.984905 -9.764009 -9.420359 -15.148141 -18.245732 
-21.445496 -26.945487 -27.342256 -23.433665 -23.650475 -24.332915 -17.989116 -16.339214 -15.425593 -17.175904 -17.827313 -19.691525 -16.354509 -17.084286 -17.354605 -16.883173 -16.739304 -18.669631 -15.812562 -20.350154 -16.808307 -6.333559 -10.809902 -13.466855 -14.133584 -7.835341 -4.821110 -6.563711 -5.437645 -1.028112 0.536833 -0.867539 -6.356051 -7.868552 -7.209283 -13.753432 -11.817056 -13.411206 -16.353032 -19.740141 
-15.336325 -26.418681 -34.514200 -31.582180 -22.389919 -22.426424 -16.519217 -14.308199 -9.209149 -13.016504 -16.699497 -22.206163 -24.806633 -20.978978 -15.878745 -18.841635 -25.843929 -24.741111 -20.898701 -23.680084 -15.594961 -7.909722 -7.781932 -13.218562 -14.373545 -9.230014 -4.419410 -4.665163 -4.721431 -2.161034 -2.409830 -5.443648 -7.435422 -8.736346 -14.495174 -18.379640 -17.716711 -18.039171 -18.523594 -21.719568 
-17.430906 -23.129194 -30.967914 -38.674760 -27.983580 -20.612115 -16.675225 -16.044273 -15.936098 -23.910976 -31.317716 -33.746028 -30.021394 -26.410649 -21.166856 -25.543801 -34.822902 -28.837742 -26.336478 -30.321547 -18.873122 -15.313200 -14.629766 -19.162238 -19.040087 -14.329857 -17.398635 -18.799563 -21.075281 -13.815197 -12.588126 -15.775632 -19.035469 -24.303980 -26.414697 -26.877288 -28.933651 -29.623643 -27.456322 -30.104578 
-53.436139 -53.245920 -53.867839 -52.254871 -51.815886 -51.273195 -51.867168 -52.168752 -55.709277 -56.876701 -60.011855 -58.024012 -54.655038 -51.580561 -50.868179 -50.658351 -51.417424 -51.921899 -50.177523 -46.516906 -43.149660 -40.728144 -39.615136 -39.568903 -40.972022 -43.902312 -49.220383 -50.540736 -46.352669 -43.540102 -45.044878 -51.375239 -47.849424 -48.459395 -52.599131 -57.745144 -63.352463 -62.319305 -55.658372 -57.483187 
-105.317257 -105.318538 -105.320676 -105.324301 -105.329242 -105.336233 -105.344862 -105.356060 -105.371151 -105.389407 -105.411939 -105.440247 -105.473805 -105.514763 -105.563931 -105.621254 -105.689731 -105.768997 -105.861304 -105.967772 -106.091837 -106.237625 -106.406384 -106.606603 -106.843599 -107.121684 -107.446893 -107.824202 -108.267222 -108.792139 -109.422614 -110.180073 -111.093515 -112.214789 -113.624016 -115.438463 -117.848162 -120.911494 -122.749076 -121.152440 
NaN NaN NaN NaN NaN NaN NaN NaN NaN NaN NaN NaN NaN NaN NaN NaN NaN NaN NaN NaN NaN NaN NaN NaN NaN NaN NaN NaN NaN NaN NaN NaN NaN NaN NaN NaN NaN NaN NaN NaN 
NaN NaN NaN NaN NaN NaN NaN NaN NaN NaN NaN NaN NaN NaN NaN NaN NaN NaN NaN NaN NaN NaN NaN NaN NaN NaN NaN NaN NaN NaN NaN NaN NaN NaN NaN NaN NaN NaN NaN NaN 
NaN NaN NaN NaN NaN NaN NaN NaN NaN NaN NaN NaN NaN NaN NaN NaN NaN NaN NaN NaN NaN NaN NaN NaN NaN NaN NaN NaN NaN NaN NaN NaN NaN NaN NaN NaN NaN NaN NaN NaN 
NaN NaN NaN NaN NaN NaN NaN NaN NaN NaN NaN NaN NaN NaN NaN NaN NaN NaN NaN NaN NaN NaN NaN NaN NaN NaN NaN NaN NaN NaN NaN NaN NaN NaN NaN NaN NaN NaN NaN NaN 
NaN NaN NaN NaN NaN NaN NaN NaN NaN NaN NaN NaN NaN NaN NaN NaN NaN NaN NaN NaN NaN NaN NaN NaN NaN NaN NaN NaN NaN NaN NaN NaN NaN NaN NaN NaN NaN NaN NaN NaN 
NaN NaN NaN NaN NaN NaN NaN NaN NaN NaN NaN NaN NaN NaN NaN NaN NaN NaN NaN NaN NaN NaN NaN NaN NaN NaN NaN NaN NaN NaN NaN NaN NaN NaN NaN NaN NaN NaN NaN NaN 
NaN NaN NaN NaN NaN NaN NaN NaN NaN NaN NaN NaN NaN NaN NaN NaN NaN NaN NaN NaN NaN NaN NaN NaN NaN NaN NaN NaN NaN NaN NaN NaN NaN NaN NaN NaN NaN NaN NaN NaN 
NaN NaN NaN NaN NaN NaN NaN NaN NaN NaN NaN NaN NaN NaN NaN NaN NaN NaN NaN NaN NaN NaN NaN NaN NaN NaN NaN NaN NaN NaN NaN NaN NaN NaN NaN NaN NaN NaN NaN NaN 
NaN NaN NaN NaN NaN NaN NaN NaN NaN NaN NaN NaN NaN NaN NaN NaN NaN NaN NaN NaN NaN NaN NaN NaN NaN NaN NaN NaN NaN NaN NaN NaN NaN NaN NaN NaN NaN NaN NaN NaN 
