NaN NaN NaN NaN NaN NaN NaN NaN NaN NaN NaN NaN NaN NaN NaN NaN NaN NaN NaN NaN NaN NaN NaN NaN NaN NaN NaN NaN NaN NaN NaN NaN NaN NaN NaN NaN NaN NaN NaN NaN 
NaN NaN NaN NaN NaN NaN NaN NaN NaN NaN NaN NaN NaN NaN NaN NaN NaN NaN NaN NaN NaN NaN NaN NaN NaN NaN NaN NaN NaN NaN NaN NaN NaN NaN NaN NaN NaN NaN NaN NaN 
NaN NaN NaN NaN NaN NaN NaN NaN NaN NaN NaN NaN NaN NaN NaN NaN NaN NaN NaN NaN NaN NaN NaN NaN NaN NaN NaN NaN NaN NaN NaN NaN NaN NaN NaN NaN NaN NaN NaN NaN 
NaN NaN NaN NaN NaN NaN NaN NaN NaN NaN NaN NaN NaN NaN NaN NaN NaN NaN NaN NaN NaN NaN NaN NaN NaN NaN NaN NaN NaN NaN NaN NaN NaN NaN NaN NaN NaN NaN NaN NaN 
NaN NaN NaN NaN NaN NaN NaN NaN NaN NaN NaN NaN NaN NaN NaN NaN NaN NaN NaN NaN NaN NaN NaN NaN NaN NaN NaN NaN NaN NaN NaN NaN NaN NaN NaN NaN NaN NaN NaN NaN 
-108.290799 -108.295263 -108.302685 -108.315199 -108.332133 -108.355846 -108.384774 -108.421827 -108.471002 -108.529553 -108.600734 -108.688968 -108.792509 -108.918118 -109.068903 -109.245849 -109.460147 -109.713378 -110.016120 -110.375867 -110.808352 -111.332760 -111.959755 -112.732110 -113.694375 -114.910842 -116.498215 -118.656487 -121.870223 -127.582690 -135.301365 -126.514989 -120.558866 -116.946671 -114.382237 -112.449181 -110.957816 -109.820356 -109.000592 -108.493295 
-44.796796 -43.242168 -41.778121 -40.191426 -40.137070 -41.352409 -43.004997 -46.134372 -50.531521 -55.251357 -54.520288 -52.370633 -52.872387 -54.384305 -57.714039 -59.490363 -61.918901 -65.297451 -66.060240 -67.239460 -66.966943 -65.796035 -70.058798 -68.513703 -68.690563 -68.940244 -68.229536 -70.075854 -70.210003 -72.705947 -71.922968 -71.967800 -71.844399 -72.218276 -72.900087 -73.884762 -74.658006 -73.271195 -73.290707 -74.174717 
-21.065231 -20.499025 -7.081355 1.414929 3.100651 -1.456359 -7.837401 -9.263462 -10.820630 -17.265068 -26.153986 -21.534491 -18.395631 -18.702240 -20.356833 -25.489724 -31.109018 -33.326118 -32.316629 -39.371746 -38.966982 -35.822528 -37.669216 -38.901144 -39.294827 -42.076743 -41.367386 -41.380616 -42.254201 -43.267181 -43.767097 -44.271133 -45.013600 -45.082969 -45.533990 -46.341115 -46.330674 -45.956843 -45.734869 -46.755179 
-12.205481 -3.436387 8.847006 15.765518 13.424450 11.993662 10.723875 8.209354 3.637977 -9.051122 -7.954460 -6.303705 -7.269248 -2.812235 -4.070869 -12.659661 -18.989463 -26.901385 -21.077356 -18.168365 -17.762623 -27.745360 -32.808619 -33.834526 -34.556276 -34.349695 -34.060709 -32.708936 -33.096652 -37.029343 -38.163785 -36.656362 -39.681211 -42.415614 -39.498161 -45.523654 -46.374342 -41.176809 -40.219619 -35.578747 
-10.309420 -14.960626 10.797195 17.678354 5.149867 5.477431 17.462932 8.568661 -4.414253 -5.605837 -12.810949 -3.583004 -6.094429 0.332137 -4.665019 -3.777575 -13.599882 -18.805313 -18.329945 -16.245671 -16.204862 -24.890159 -27.631435 -29.049264 -29.171254 -30.162199 -28.573347 -29.439010 -29.790035 -31.882296 -33.693077 -33.141818 -35.417785 -36.244984 -30.986676 -36.558414 -37.807017 -38.058792 -37.235914 -35.921082 
-10.816595 -12.872544 12.528566 20.496580 10.748166 7.132394 21.415240 15.061410 -7.399765 2.148780 -5.780449 4.042873 -3.718729 5.343567 -1.387480 5.541170 -1.962331 -9.874203 -9.410173 -8.235541 -11.926992 -20.994175 -26.173237 -27.151171 -28.390991 -29.108273 -29.619900 -30.209691 -30.885735 -31.190949 -31.189861 -27.923884 -30.331943 -32.490866 -30.687957 -33.592085 -34.168830 -34.552614 -34.415992 -31.934598 
-18.321597 -13.653068 13.478121 22.037696 12.625011 6.556160 23.119161 18.092738 2.147489 11.183609 -1.880405 8.067986 -0.531443 5.168064 -1.700208 9.960346 6.645145 1.714252 -0.688402 -1.052680 -3.881871 -13.860101 -22.337294 -28.600530 -33.698970 -35.002078 -35.462865 -36.233497 -36.843111 -35.206521 -31.416941 -24.289180 -31.640512 -35.059865 -29.454647 -38.369455 -41.259785 -41.612662 -41.073112 -35.179010 
-10.079436 -19.657985 13.787943 22.389055 12.685877 6.905633 23.024060 17.189522 5.300249 15.469706 1.101981 9.959547 1.180458 5.599866 -1.857554 4.249324 3.708837 9.798329 6.003072 5.182208 3.496246 -0.828441 -13.561971 -22.302368 -26.560113 -28.433240 -29.646682 -30.488858 -31.353091 -31.799721 -27.124213 -19.403072 -27.743034 -31.857892 -26.229555 -33.090252 -36.381165 -36.474363 -35.781082 -30.952848 
-18.139197 -14.699115 13.995389 22.562055 12.743681 7.270777 22.315968 15.359149 7.586270 17.249127 1.721181 9.426083 0.005426 5.083454 -4.282767 0.513609 -1.513648 2.989704 9.448150 10.506239 8.554150 8.354818 -1.286519 -11.714912 -22.718329 -27.744728 -28.586104 -29.772202 -29.287698 -28.112110 -21.526150 -14.318270 -24.138520 -27.110606 -26.493804 -33.245170 -37.250167 -37.529454 -36.159152 -29.207077 
-26.704330 -17.221115 13.857223 22.541741 12.565443 6.405311 21.553759 14.389263 7.480158 17.751393 2.102652 8.246456 -1.937029 3.266555 -6.097253 -2.252930 -8.421884 -7.463979 2.605556 7.981045 11.688653 8.378208 7.885638 -0.630906 -13.332609 -23.062571 -26.472859 -27.419700 -26.559523 -25.758277 -17.321528 -11.485183 -19.816159 -21.449588 -18.143596 -30.074371 -39.952292 -40.251150 -35.340674 -28.162139 
-16.347141 -16.230728 13.692090 22.539678 12.699629 5.985803 21.295530 14.527724 7.170452 17.287086 1.091920 7.083237 -1.910435 2.434942 -5.831831 -5.333055 -11.984375 -8.794827 -1.244690 1.762408 4.433656 10.265421 6.403351 5.243037 -2.770042 -13.890952 -20.756799 -22.854882 -23.839814 -21.432677 -15.002100 -9.755861 -16.720050 -18.464736 -18.037502 -28.399540 -43.342114 -42.546192 -34.444027 -27.498689 
-24.980732 -19.915718 13.557725 22.510848 12.677248 5.935336 21.204332 14.276037 5.601625 15.508551 -0.953792 6.114188 -2.393515 0.442472 -7.406052 -7.028967 -14.289885 -11.872337 -6.169083 -4.273747 -1.208035 5.182690 8.962138 5.454873 1.932832 -6.572036 -15.298874 -17.930417 -18.558390 -17.975742 -12.851594 -9.526895 -16.449531 -19.119102 -16.658119 -27.684570 -39.736881 -36.368108 -30.299765 -27.792442 
-16.415098 -18.518902 13.549792 22.700785 13.179331 6.013508 21.499193 14.749141 3.607132 12.682420 -3.470915 4.496453 -3.750390 -2.650054 -10.030734 -9.515517 -16.738655 -14.971000 -9.080549 -7.517614 -5.174848 -1.242557 7.694544 7.204964 1.747617 -1.864826 -9.647671 -13.277794 -16.594992 -18.941776 -17.509335 -9.875377 -14.709682 -15.818883 -12.992779 -25.538294 -39.641410 -36.037012 -30.139637 -25.192540 
-13.402607 -12.961107 13.997263 22.820792 12.996488 7.451528 21.933593 14.279865 0.068055 8.294362 -7.046842 3.598160 -6.297012 -3.907635 -12.801647 -11.860184 -17.679577 -16.597359 -10.760576 -10.241794 -8.158937 -3.951109 2.243643 7.972097 3.145894 -0.863265 -7.116075 -13.165266 -16.036330 -17.161096 -15.318763 -6.640881 -9.879942 -13.097280 -12.491613 -22.633055 -43.215560 -30.687625 -25.862319 -24.364545 
-15.696362 -13.399996 14.863013 22.932354 12.383363 9.874488 22.295834 12.921390 -0.669546 3.508702 -9.918079 1.908319 -8.705055 -5.003699 -14.756698 -13.036191 -18.057427 -17.189331 -11.803326 -10.753178 -10.410212 -8.481302 -2.821960 2.997785 3.676718 -2.315488 -5.682499 -10.235748 -13.430737 -17.742440 -16.413106 -11.994212 -12.269897 -14.334258 -14.587114 -25.148506 -39.918989 -27.568443 -23.505382 -25.481278 
-18.166968 -9.780105 15.628041 23.077571 11.849766 10.966498 22.378318 11.977760 -1.984356 0.242462 -12.223161 -0.531656 -12.804558 -6.494688 -17.511111 -14.554911 -17.940610 -18.823345 -14.315212 -12.788061 -13.011564 -12.654312 -6.952433 -0.324274 2.617037 -0.879943 -4.841326 -8.146849 -12.605275 -17.842594 -17.343828 -11.639604 -12.431291 -16.008512 -17.451521 -30.558233 -41.198998 -27.165420 -23.727683 -23.144323 
-15.323312 -9.897195 15.882022 23.092233 11.661261 11.422784 22.240940 11.703107 -3.025324 -1.679632 -13.380501 -3.011563 -13.772529 -7.420094 -17.652776 -16.060099 -18.791916 -18.357615 -14.339189 -14.183477 -15.025150 -13.987520 -9.366046 -5.284329 0.815314 0.465707 -4.504298 -6.993162 -12.680643 -17.550571 -18.638067 -13.095357 -6.899119 -11.977996 -16.608234 -30.567617 -39.643509 -26.660102 -20.114785 -19.955210 
-11.005381 -10.163224 16.117915 23.148577 11.585232 10.756509 21.795338 10.494356 -5.454558 -2.445963 -15.251240 -5.847526 -16.868439 -8.342890 -18.212434 -16.567148 -19.662709 -20.109205 -16.191440 -15.658381 -16.544230 -16.259265 -12.716810 -7.618779 -0.793586 0.929439 -4.258604 -6.751304 -12.260596 -15.357884 -18.098986 -14.844635 -12.571410 -16.724353 -18.247557 -30.107601 -42.195733 -26.558988 -21.886829 -22.569509 
-12.627114 -7.861310 16.359218 23.325400 11.764959 10.748589 21.885461 11.165477 -6.551513 -3.061203 -15.072201 -7.556178 -14.998308 -9.388218 -16.539927 -16.307475 -19.395025 -18.723502 -16.149956 -16.846411 -17.538430 -17.320862 -12.945111 -8.493547 -1.679478 -0.787724 -4.238558 -7.926244 -11.612350 -17.159250 -17.896176 -15.755470 -13.839217 -13.654998 -19.291364 -31.605094 -36.312850 -29.624886 -26.867758 -22.824522 
-16.105787 -8.040227 16.707188 23.353294 11.617509 11.151759 21.874067 10.651738 -5.409788 -2.740691 -12.897036 -8.934593 -15.271859 -10.747821 -17.190837 -15.509232 -18.762116 -18.380468 -16.893662 -16.618555 -17.396529 -17.862429 -14.861322 -10.771252 -1.145380 0.023770 -3.095334 -6.251320 -12.177671 -16.844191 -18.566609 -14.745095 -14.102565 -13.153131 -19.904435 -31.113467 -31.961927 -24.017028 -25.451590 -25.574928 
-8.381062 -7.833813 17.212273 23.312731 11.105620 12.062456 21.845246 9.589699 -4.157512 -1.809888 -15.527861 -11.799550 -17.811071 -11.384310 -19.038628 -19.405079 -19.780484 -20.594942 -18.306034 -17.323274 -18.903905 -20.570941 -14.581007 -11.157524 -2.826219 -0.559557 -2.807705 -5.960954 -11.376724 -16.526816 -18.035188 -11.987031 -9.087949 -13.944980 -25.391848 -40.274067 -37.326176 -23.781403 -24.778658 -23.990858 
-24.980883 -7.615463 17.439104 23.329180 10.888522 13.110041 21.799743 9.001372 -1.980506 -1.814790 -13.371328 -10.154881 -15.112897 -10.707056 -17.003969 -16.222425 -18.062710 -18.799069 -17.615381 -16.067687 -16.592679 -18.587928 -11.945206 -7.350596 -0.391726 -3.098554 -2.702440 -6.409726 -14.566364 -17.177256 -20.722903 -15.547092 -11.314548 -17.513777 -28.983734 -36.380393 -36.177960 -28.638712 -27.387743 -25.194921 
-14.741919 -1.006512 17.173926 21.661047 12.862809 14.404523 19.306458 10.168243 2.044054 -1.213421 -14.209130 -11.986914 -16.892216 -13.952286 -18.708917 -20.312741 -20.036896 -19.060053 -18.971506 -16.815787 -15.857712 -14.912626 -4.327861 -4.674001 -4.690963 -9.665636 -6.649900 -12.154549 -19.520430 -20.874822 -20.687339 -16.277683 -12.077536 -18.015941 -32.105649 -36.661533 -36.088797 -34.409838 -32.566096 -31.711852 
-7.502911 0.425763 14.361357 13.646058 1.671056 7.850100 2.778319 -4.047578 -2.990509 -6.659113 -17.220253 -26.461656 -28.259703 -28.804958 -30.869879 -28.931560 -29.435194 -29.032136 -27.793661 -21.990274 -20.311480 -21.498262 -17.805939 -22.475743 -28.201910 -25.305116 -19.836874 -28.523268 -32.774814 -31.143506 -31.127362 -31.236066 -25.778393 -29.005449 -38.840058 -43.613465 -41.517765 -39.279458 -38.038694 -41.557790 
-14.573491 -2.999854 3.972124 5.148626 0.945185 4.365329 -4.005079 -10.694261 -12.234654 -20.101426 -23.565419 -24.199224 -25.290572 -26.397780 -30.892209 -34.756690 -31.309365 -37.973533 -37.252122 -36.972905 -32.190734 -31.817455 -27.009497 -30.597136 -32.961511 -34.351146 -32.455099 -30.897553 -35.573546 -37.254201 -33.195821 -32.282045 -32.146989 -34.964319 -32.840462 -35.473537 -34.121105 -34.294598 -38.672915 -42.623097 
-7.792783 -6.094641 0.295897 -2.629386 -2.287763 -3.049564 -5.196891 -11.825212 -20.648255 -17.355685 -17.958028 -12.590237 -12.549401 -17.389279 -20.790847 -22.454445 -19.263588 -36.298504 -35.217747 -25.415576 -17.757881 -11.701821 -13.555110 -16.373854 -19.343246 -22.412832 -19.061359 -17.071151 -21.917051 -23.553508 -20.180416 -16.903626 -14.054274 -16.160396 -15.499303 -18.403757 -19.919992 -20.555326 -25.918416 -31.136853 
-5.587556 -2.747411 12.031316 15.694607 6.938923 4.336397 7.613095 0.752665 -8.527041 -21.637231 -17.582367 -20.501051 -20.092487 -19.610243 -22.314099 -27.389180 -23.797296 -26.405007 -26.622599 -26.334648 -18.708648 -14.842357 -9.231507 -9.067833 -15.930209 -20.087547 -14.005369 -17.252209 -20.595824 -19.809242 -17.694394 -14.382240 -13.474429 -17.094697 -17.568189 -21.318420 -21.338477 -19.983645 -26.088123 -30.012124 
-8.795955 -0.895401 16.539512 20.033950 7.074208 13.806665 17.129568 2.223054 0.148974 -7.537193 -13.555955 -18.228395 -14.421869 -18.604725 -19.995240 -25.009798 -24.035366 -22.092319 -22.924568 -21.667821 -19.189577 -19.054616 -15.745504 -9.531314 -7.079096 -14.551457 -12.399583 -12.197411 -16.606728 -20.993819 -23.170045 -15.726974 -11.211777 -18.224908 -26.040914 -34.160082 -31.438262 -26.670675 -29.131211 -28.873459 
-11.955870 -0.678845 17.945162 19.880433 3.531039 16.832579 18.511834 0.869839 5.186697 -5.491297 -9.001312 -14.936125 -12.358450 -17.614846 -16.634303 -23.415413 -24.640238 -21.770834 -21.274794 -21.108969 -21.383777 -21.587314 -15.797786 -10.178143 -4.695682 -7.323826 -8.190007 -4.029388 -10.331139 -21.768622 -24.491572 -14.452223 -7.981115 -16.573725 -30.225557 -41.348559 -36.858010 -26.534487 -24.578766 -23.156523 
-16.831949 1.015083 18.208014 19.525662 2.893126 18.070218 18.581224 1.100962 5.997370 -7.488755 -8.687183 -16.516348 -12.463413 -18.535428 -15.572750 -21.546053 -22.846590 -22.687824 -20.676535 -20.473871 -21.226134 -22.761185 -18.008120 -11.585182 -2.926766 -4.487723 -9.635392 -6.488947 -11.435333 -18.774966 -20.724680 -12.487291 -9.581776 -16.772712 -26.241293 -38.937491 -37.077342 -22.297688 -20.978676 -21.863386 
-13.175205 0.700059 18.101683 19.258835 3.262664 18.185374 18.082163 -0.899204 5.364605 -7.886131 -9.083768 -15.547062 -12.205614 -18.120176 -15.942987 -22.066975 -23.694914 -23.176291 -20.630386 -20.918392 -21.672586 -23.497463 -17.522053 -12.530601 -4.494638 -3.497244 -8.488049 -5.269277 -8.587390 -15.753871 -18.274495 -14.812885 -10.862463 -14.544082 -26.427562 -35.265615 -33.723109 -22.178808 -22.208726 -27.634404 
-16.245262 1.295133 18.098459 18.746807 2.539793 17.792605 17.008687 -2.057118 5.078241 -7.693637 -9.447718 -13.144908 -11.396227 -15.421972 -14.634221 -18.998532 -20.151350 -20.359030 -19.555173 -19.890570 -22.222756 -22.401918 -18.508953 -14.377024 -7.182308 -2.362285 -8.977015 -6.652125 -8.917448 -15.836704 -18.384734 -12.748905 -10.623852 -19.736027 -28.140228 -36.119384 -33.336948 -23.201659 -22.425470 -23.365455 
-24.018588 1.754103 18.085584 17.863297 3.236794 18.211849 15.828256 -2.029236 4.941455 -9.247987 -10.404942 -18.475829 -13.100982 -17.374881 -17.528361 -22.046580 -25.214845 -25.219015 -23.497361 -22.651014 -23.137448 -25.738109 -18.457656 -15.741946 -7.713769 -2.128426 -9.125892 -6.114798 -9.351059 -16.497162 -18.783137 -12.106469 -8.931328 -17.754587 -25.073001 -34.326546 -34.134480 -23.887332 -22.684287 -23.388060 
-16.603572 2.464487 17.899106 17.493230 2.674920 18.439913 15.766677 -1.569196 5.038857 -11.508592 -10.447363 -19.822368 -15.024024 -19.865904 -20.214763 -22.037202 -26.031780 -25.284631 -22.499037 -22.818958 -24.369594 -28.339892 -19.448915 -15.917797 -6.668596 -3.784614 -9.854654 -9.970768 -12.915265 -19.485681 -21.147167 -13.144887 -9.428175 -18.984856 -24.945218 -36.899164 -38.945399 -24.118883 -23.313844 -21.408635 
-14.114551 2.436412 17.929545 17.354600 2.459219 18.690846 16.552737 -0.927541 5.916761 -10.682630 -8.265813 -17.546109 -15.193391 -18.846610 -18.691212 -19.498589 -23.204243 -23.043784 -21.164668 -21.292051 -21.928470 -24.627535 -18.021137 -13.925207 -5.551728 -2.467778 -8.955716 -8.065927 -13.589617 -18.015847 -18.392565 -12.007173 -11.611070 -17.102366 -24.170911 -35.600317 -36.463520 -25.576883 -25.222254 -24.686012 
-16.910458 1.255892 17.744793 17.053115 1.782644 18.859048 17.016403 0.366967 8.038065 -6.585046 -5.344066 -17.778556 -13.115967 -16.721565 -16.891243 -18.223414 -21.617975 -21.144256 -19.254338 -19.443066 -20.153792 -21.693065 -15.010685 -11.057949 -2.018460 -1.002525 -7.654875 -8.157446 -14.563093 -20.194296 -20.470527 -11.775486 -10.679199 -15.745217 -23.106739 -36.865080 -38.983725 -24.468636 -22.931763 -23.513628 
-24.059798 2.605365 17.736162 16.837207 2.741391 19.098143 16.999096 4.187622 11.817101 -4.151383 -2.191947 -15.644965 -11.783902 -16.030994 -17.238306 -18.592484 -22.406864 -20.407147 -18.608810 -17.688395 -18.161707 -18.862830 -12.008155 -6.891137 0.136049 0.034310 -4.103477 -7.594844 -14.879999 -19.471458 -18.511703 -13.256227 -14.074303 -17.024381 -19.354897 -33.519348 -42.428809 -29.243293 -24.932843 -22.557827 
-13.581614 2.835381 17.625210 15.937836 3.656854 19.404560 15.894947 9.251981 16.792749 1.560639 1.037507 -9.277226 -10.582482 -12.289366 -15.916148 -15.504145 -17.405025 -16.682190 -14.961356 -14.450641 -13.849777 -12.674060 -6.246152 -0.096199 1.925608 -0.544398 -3.330564 -10.256746 -15.763760 -19.365598 -13.963461 -8.808716 -11.781380 -19.151988 -18.345992 -30.294410 -38.386163 -26.901860 -20.944480 -19.583968 
-14.590095 2.966955 17.564439 15.501229 3.707794 18.471481 13.729598 12.567772 20.676500 5.879968 3.500867 -6.491884 -5.660020 -6.828477 -11.033718 -12.441749 -12.298748 -12.793768 -11.851166 -10.371167 -9.785611 -8.422080 -1.527082 1.429145 -2.236711 -3.831747 -4.830713 -12.879678 -16.914405 -18.675073 -15.475017 -8.647127 -9.659151 -13.516377 -17.810628 -29.171145 -36.263435 -27.951025 -27.578786 -26.994669 
-16.753927 3.313097 17.222046 14.693180 3.941654 17.366650 11.217700 14.101866 21.021230 7.998567 9.065320 -1.606271 -1.616798 -3.171313 -9.259253 -10.264304 -10.652704 -10.905938 -9.812747 -7.951608 -5.813188 -2.823804 2.014343 -0.201565 -3.488442 -3.265961 -4.940812 -12.009707 -16.603849 -17.717895 -15.280651 -9.510625 -11.775758 -15.133232 -15.974604 -29.134510 -40.156454 -27.532890 -23.965068 -22.887741 
-24.730835 3.490291 17.142167 14.850673 3.222044 16.572155 10.271818 13.392925 18.407062 8.978808 13.737175 1.174844 -0.395036 -0.951106 -5.804348 -5.706849 -7.245039 -8.192913 -6.924760 -3.690697 -0.558279 0.685313 -0.030189 -2.631300 -4.489710 -1.892799 -5.789898 -12.745225 -16.096361 -16.777922 -15.306373 -11.452568 -15.647350 -16.634521 -15.927380 -30.148308 -37.829242 -31.960165 -26.788023 -25.630824 
-19.766051 3.674718 17.186004 14.428227 4.495030 16.596156 9.703336 12.920252 15.335048 11.773911 16.423727 4.755357 2.135903 1.809621 -1.950100 -2.260364 -4.442509 -5.143839 -3.028787 1.071944 3.798495 0.535507 -2.638636 -5.211367 -4.932208 -2.552817 -7.718771 -12.791966 -17.900736 -18.151709 -14.397497 -9.802958 -17.083466 -18.970945 -17.687817 -31.193654 -43.875440 -30.778520 -22.046571 -22.871536 
-21.121069 4.216139 17.010056 13.145033 5.813339 16.828784 8.534231 12.859797 11.726239 14.700173 16.392107 10.190887 6.420672 4.935048 0.146229 -1.459785 -1.597737 -2.150521 0.164411 5.367880 3.797455 -1.631348 -5.668725 -5.841388 -6.162665 -3.880181 -8.725592 -16.680590 -20.468777 -18.709876 -12.064355 -10.181146 -17.957413 -22.281754 -18.167633 -27.589572 -40.709347 -31.500379 -23.308424 -27.180016 
-15.806269 5.362281 16.897822 12.317672 8.455785 16.730023 7.141287 13.077376 8.095697 15.874694 12.873202 14.285703 8.368918 6.023223 2.973379 0.998335 0.339888 -0.245547 3.595301 7.005553 0.517945 -4.968878 -6.326484 -6.022289 -5.649010 -3.659951 -10.116644 -16.909273 -19.402980 -20.018771 -13.806136 -14.236047 -19.958922 -22.602694 -19.398261 -30.915826 -40.619123 -38.405959 -28.392543 -28.708281 
-21.618373 5.962242 16.624460 11.085901 9.887517 16.425494 6.329256 12.978754 6.349188 15.508500 9.307279 14.750956 7.967460 6.310288 4.986430 2.640145 0.641459 2.617782 5.833089 6.171350 -1.478157 -8.356733 -10.500279 -9.992568 -8.291812 -6.086375 -13.531096 -17.791828 -19.819296 -19.066684 -13.988010 -14.909060 -24.198880 -24.944085 -18.351219 -29.719819 -47.722859 -43.733235 -28.982585 -28.545940 
-19.500158 6.509520 16.302584 9.808100 10.663032 15.718777 5.162524 12.762507 5.633169 13.906724 7.821688 13.116896 7.779729 5.866695 6.316670 2.777458 1.455176 4.230362 3.575482 -0.042343 -4.994423 -9.131753 -10.059807 -11.154061 -10.531833 -9.861530 -14.014095 -18.311405 -19.783198 -18.722544 -14.428940 -18.416997 -23.824912 -27.848292 -21.689165 -30.161296 -45.890615 -41.732521 -31.052375 -28.861557 
-19.459342 6.480357 15.988700 9.634888 10.948094 15.054414 5.527163 12.241165 5.038945 13.401055 8.863462 12.884100 8.451768 6.234973 6.563185 2.899190 4.006830 5.036336 2.033537 -3.973144 -10.034983 -13.098773 -13.864882 -14.589742 -12.698885 -9.377455 -14.908693 -19.924456 -20.646154 -18.374651 -14.447314 -19.338359 -25.312496 -24.251760 -20.073704 -29.883619 -44.724393 -44.349065 -34.863610 -32.441714 
-17.358378 6.869599 15.632911 8.193495 11.590602 13.759862 4.965090 10.453760 4.255961 10.240903 9.059412 9.945914 8.578469 4.250928 4.155159 2.693413 5.835041 2.822856 -3.165798 -8.797706 -13.732838 -15.988419 -16.575093 -16.950989 -17.110727 -11.489385 -19.761892 -24.295250 -25.395656 -22.190456 -16.821307 -20.855572 -26.708152 -27.808772 -22.911380 -34.216183 -43.235253 -42.634490 -37.212435 -30.058866 
-12.888849 6.269032 14.913576 11.017664 11.702155 13.082770 3.887194 9.555258 5.544624 9.274247 9.297738 9.824881 5.873919 5.120154 4.885234 5.393348 7.665679 -0.764964 -9.503081 -13.055358 -14.858943 -18.212846 -19.755202 -21.725188 -21.954056 -19.593054 -23.053270 -29.292036 -30.867023 -25.422056 -16.363943 -19.032665 -27.810233 -31.649079 -24.949172 -33.444990 -50.815956 -45.630089 -37.274713 -32.234354 
-6.172062 3.967371 7.092910 7.365473 12.663467 12.358718 4.460298 3.183483 7.397188 9.267971 6.324857 7.276288 6.854563 -0.030119 2.659949 3.834712 4.298966 -4.365828 -12.803950 -17.248506 -21.473452 -25.762450 -25.101676 -28.002382 -26.978615 -19.575224 -26.555950 -34.494149 -30.801427 -28.486689 -21.642012 -24.811163 -31.528809 -32.160387 -27.355119 -36.867730 -47.490237 -46.820492 -35.285640 -30.476708 
-8.224287 7.577522 12.860451 6.343708 10.948866 11.111660 4.735270 7.178210 6.173786 6.806763 5.899021 3.870275 3.885159 2.679769 1.530381 3.303590 2.547747 -11.100994 -16.762631 -21.132514 -27.176517 -27.235881 -28.702384 -34.052894 -30.137356 -23.637215 -26.479009 -33.771664 -31.222847 -29.952268 -25.189082 -30.336654 -36.265010 -34.263669 -29.874385 -40.994438 -48.672033 -47.994036 -36.907558 -31.344216 
-11.637506 6.672950 13.222341 5.955698 12.255130 10.429626 4.814724 6.239221 6.477747 5.554823 5.375232 -0.441962 -1.250109 1.853988 1.940326 2.824277 -1.426016 -17.697188 -21.567123 -24.112088 -27.732879 -29.069815 -30.361986 -33.183348 -32.197951 -27.666196 -30.848750 -34.449750 -32.821787 -30.911225 -26.020840 -30.853643 -35.905117 -32.859612 -29.122663 -42.050388 -48.198012 -46.392904 -40.003500 -36.548262 
-8.278660 6.628690 13.234868 5.016727 11.566917 9.462198 5.188272 5.178357 5.033262 3.225379 2.568910 -1.619046 -1.046048 1.617587 2.499975 1.307830 -6.823165 -19.260174 -25.818308 -24.014513 -26.273968 -29.439046 -29.636131 -32.521137 -31.778407 -27.299953 -30.828025 -34.479257 -37.161797 -33.598072 -31.114175 -31.950686 -36.829819 -35.756554 -31.034188 -42.017855 -53.172246 -47.804132 -38.022626 -36.011001 
-10.342115 6.343495 13.547071 6.311621 11.082335 9.781558 3.897894 5.917446 3.302717 3.021912 0.549216 -3.312771 -2.356682 1.533759 4.156464 1.322505 -12.467698 -25.183858 -28.932852 -28.386633 -29.638138 -33.350780 -32.677702 -36.411031 -34.731524 -25.953605 -28.101786 -38.022240 -40.388664 -34.413173 -30.400306 -35.209262 -40.774220 -35.873468 -35.133476 -46.446565 -50.179696 -46.577729 -38.117057 -38.111424 
-8.691400 6.328394 13.122342 5.167350 10.553659 8.743897 4.206189 5.262427 2.221536 0.555495 -1.763792 -4.122342 -3.347635 1.880571 2.272562 -2.310918 -14.568191 -25.128199 -28.050175 -28.943064 -31.384456 -33.480183 -35.554900 -36.914177 -34.841410 -25.107688 -27.610272 -35.921325 -38.868994 -38.389378 -32.987826 -35.383454 -38.709581 -36.209868 -36.958164 -43.513012 -46.244247 -46.390967 -38.201993 -37.067330 
-9.790198 6.057118 12.374639 4.283234 9.783197 6.889426 3.466573 3.427893 -0.153249 -2.587052 -4.736528 -8.915401 -6.451080 0.616257 0.171796 -6.648889 -19.136868 -30.859869 -34.059888 -31.176463 -33.742781 -35.103227 -36.891674 -38.279477 -38.854068 -33.574787 -31.492721 -37.372256 -39.663291 -39.749437 -32.244896 -34.797613 -40.081048 -39.603843 -37.716522 -42.318272 -44.084352 -44.057129 -42.129759 -39.358966 
-15.213894 4.618356 11.435745 3.124524 8.609526 6.011716 0.352278 1.912154 -2.105814 -4.871222 -6.347130 -7.259958 -5.356662 -2.491617 -4.454748 -9.680187 -22.693469 -30.577634 -32.657654 -33.888144 -35.913532 -36.656524 -38.760090 -40.644745 -41.617604 -30.280121 -30.455621 -41.976423 -41.925764 -39.803615 -32.797092 -36.426377 -41.609253 -40.821209 -37.982236 -46.789409 -50.024109 -47.704850 -39.317724 -36.982473 
-18.958126 3.253549 11.203719 3.982167 7.705778 7.703896 -0.130935 3.704129 -3.803115 -6.585553 -9.538029 -8.728470 -2.218379 0.134704 -1.978173 -15.033338 -28.077329 -34.709101 -40.537096 -37.506436 -37.077034 -36.514645 -42.514368 -47.518809 -46.400743 -38.516043 -35.586521 -46.674973 -45.642542 -42.404716 -34.160346 -36.959807 -46.035274 -38.533840 -37.597019 -51.039480 -56.222641 -51.228073 -39.009107 -39.656539 
-18.801352 2.138590 10.851471 3.544546 6.406216 7.460117 -1.337825 2.884476 -11.043842 -12.725229 -9.616483 -10.032666 -5.387807 -2.136005 -6.639812 -23.816268 -27.624582 -37.978715 -38.627071 -37.309094 -36.689903 -36.348629 -42.075633 -44.681377 -45.558784 -42.676531 -40.276474 -41.969821 -43.374010 -39.633367 -36.122299 -38.975602 -45.029083 -41.583886 -40.482327 -49.828383 -52.185511 -50.480033 -41.497176 -41.216688 
-18.519437 1.818242 10.839065 3.950492 3.361939 5.210621 -4.558914 0.765781 -15.065984 -21.745998 -13.795290 -8.611548 -6.811014 -7.295664 -11.955625 -24.445409 -30.238391 -37.954349 -45.243054 -46.353675 -46.497022 -43.245597 -47.201975 -51.250785 -52.289323 -42.372205 -38.758583 -45.804031 -47.331675 -44.112854 -35.617959 -38.805564 -45.572475 -45.959307 -45.851070 -58.101011 -58.061937 -53.580275 -44.394949 -38.614105 
-14.219338 3.339182 11.123653 3.902793 3.531298 5.910004 -4.602576 -0.194536 -11.920736 -14.869099 -14.422917 -12.503886 -3.166112 -8.144934 -15.603090 -24.520458 -30.738933 -36.313225 -38.669625 -38.999086 -39.630560 -40.553979 -41.579507 -42.651026 -42.698476 -40.980485 -35.716170 -43.077249 -44.412228 -44.332413 -40.057763 -41.267272 -45.490606 -44.001197 -42.260840 -47.616845 -48.681382 -47.960524 -41.360511 -38.860266 
-13.315394 0.551878 10.393021 3.226769 2.287314 5.288552 -5.318048 -1.950442 -12.794739 -28.584771 -17.826342 -9.771939 -4.575936 -4.931066 -13.122072 -31.579070 -35.247664 -40.030218 -39.869424 -41.640318 -42.204637 -42.460467 -44.062307 -47.345089 -49.833284 -45.233195 -36.648525 -45.569904 -48.268442 -47.934204 -40.396723 -43.479800 -48.263444 -45.806837 -41.843908 -53.110541 -55.687143 -52.457762 -41.528858 -38.305477 
-18.387483 -0.419679 10.017726 4.504613 -0.614331 2.666947 -9.550661 -8.083496 -15.520255 -21.113880 -18.213066 -16.086338 -11.754674 -13.148513 -16.741272 -27.509343 -33.583866 -36.370119 -38.400096 -39.843591 -40.299048 -41.145415 -42.486757 -43.244973 -44.226396 -42.743633 -38.343869 -44.369118 -45.895493 -46.125045 -40.914237 -42.571388 -45.908464 -44.905228 -42.754613 -49.185682 -49.753199 -48.596840 -44.751065 -40.574440 
-17.570373 -3.207495 8.835792 4.821713 -6.181872 -4.433078 -12.139160 -18.904695 -22.572403 -25.166161 -27.997160 -25.145584 -15.257765 -6.525289 -14.748716 -28.068459 -38.692411 -43.867708 -43.780963 -48.347485 -50.424580 -50.052386 -49.328606 -52.537027 -55.715954 -51.963968 -46.127662 -54.157866 -53.918034 -51.683787 -46.701216 -47.036003 -52.249721 -52.265290 -49.885092 -57.639399 -60.047469 -56.566725 -51.270905 -50.268814 
-19.863372 -3.742847 7.238366 3.089652 -10.973047 -5.131166 -12.695679 -19.536649 -22.315948 -23.248085 -22.781843 -17.788289 -16.012976 -11.871618 -18.126789 -31.904638 -39.354401 -42.231323 -46.104239 -43.114377 -43.260110 -43.403793 -47.150119 -53.357618 -56.110109 -50.131604 -43.222334 -50.735409 -55.112077 -47.537752 -44.183808 -48.737695 -56.809740 -54.061734 -51.266734 -56.496399 -58.538494 -56.986139 -50.289206 -49.270004 
-15.789022 -8.435873 2.941428 1.240998 -12.305818 -13.616645 -23.221690 -24.576449 -26.342584 -32.270634 -26.206450 -18.346315 -17.443804 -13.321738 -11.905004 -24.098909 -28.151051 -36.235928 -41.956792 -42.348083 -46.992102 -45.810887 -47.222241 -54.221300 -56.902712 -51.226864 -45.195878 -53.046632 -53.472099 -50.203824 -48.464104 -49.908533 -56.816072 -55.723321 -54.971373 -57.779338 -59.842639 -56.406572 -53.489643 -54.655893 
-18.595698 -14.868357 -2.394937 -2.146430 -15.970656 -16.070031 -22.418802 -32.507751 -34.357037 -36.471572 -27.935336 -23.987103 -19.112033 -12.632644 -16.045563 -26.593935 -31.469341 -38.205340 -43.319454 -42.030163 -43.284134 -44.682407 -45.350708 -52.003012 -52.723234 -53.763442 -48.608279 -52.981147 -55.858304 -55.465138 -50.761970 -52.701629 -56.727598 -56.185125 -55.821510 -59.275251 -60.504459 -58.469167 -58.419199 -57.232400 
-23.783245 -15.920207 -2.507053 -2.285642 -14.575449 -20.120976 -26.152036 -34.723533 -38.041156 -38.817296 -31.524289 -29.943256 -28.944288 -21.824460 -22.174108 -24.395278 -32.801371 -41.808146 -39.940909 -43.986493 -46.125459 -49.372165 -50.298380 -55.138865 -61.670023 -58.549957 -52.226943 -57.335925 -58.399873 -58.040419 -53.320396 -60.572657 -63.628168 -63.339312 -60.541564 -67.765971 -67.103257 -64.356605 -65.332110 -65.387716 
-23.441649 -15.930411 -6.145294 -7.292253 -21.303507 -33.933055 -40.044415 -37.560529 -37.214516 -39.402786 -33.505776 -32.475814 -24.140440 -24.681077 -29.174817 -30.057633 -37.385146 -46.426927 -44.127572 -43.849485 -50.221010 -50.253501 -51.635773 -53.804330 -55.446702 -55.645554 -52.922048 -56.930682 -59.156332 -58.101062 -55.490614 -59.355284 -60.688584 -59.784757 -59.890822 -61.675206 -62.712298 -62.192156 -62.469691 -60.907818 
-30.653950 -26.368092 -18.307994 -19.683984 -32.222515 -36.676609 -40.097148 -42.215629 -52.593313 -50.739259 -43.854890 -41.834048 -35.111084 -37.941979 -43.874599 -45.973045 -51.038248 -51.788176 -52.973571 -51.876659 -63.632758 -61.762384 -59.427956 -63.216811 -65.462040 -69.044817 -65.826739 -64.687084 -67.123991 -66.394736 -64.555518 -68.553785 -71.058017 -68.818084 -68.593672 -71.988865 -72.942850 -69.391766 -70.902499 -72.100323 
-52.388493 -47.440045 -45.316105 -44.883889 -46.055249 -49.051934 -53.240720 -57.340247 -61.843043 -66.746311 -64.252686 -67.682065 -71.738608 -69.568149 -70.669259 -63.149076 -65.738458 -79.496489 -86.074424 -80.151087 -81.077186 -81.055809 -80.635348 -81.706632 -87.840120 -90.912088 -86.229279 -84.870106 -84.649352 -88.647905 -89.483964 -91.719315 -93.387172 -92.300648 -88.427295 -92.156834 -89.238310 -89.467330 -94.923321 -92.930020 
NaN NaN NaN NaN NaN NaN NaN NaN NaN NaN NaN NaN NaN NaN NaN NaN NaN NaN NaN NaN NaN NaN NaN NaN NaN NaN NaN NaN NaN NaN NaN NaN NaN NaN NaN NaN NaN NaN NaN NaN 
NaN NaN NaN NaN NaN NaN NaN NaN NaN NaN NaN NaN NaN NaN NaN NaN NaN NaN NaN NaN NaN NaN NaN NaN NaN NaN NaN NaN NaN NaN NaN NaN NaN NaN NaN NaN NaN NaN NaN NaN 
NaN NaN NaN NaN NaN NaN NaN NaN NaN NaN NaN NaN NaN NaN NaN NaN NaN NaN NaN NaN NaN NaN NaN NaN NaN NaN NaN NaN NaN NaN NaN NaN NaN NaN NaN NaN NaN NaN NaN NaN 
NaN NaN NaN NaN NaN NaN NaN NaN NaN NaN NaN NaN NaN NaN NaN NaN NaN NaN NaN NaN NaN NaN NaN NaN NaN NaN NaN NaN NaN NaN NaN NaN NaN NaN NaN NaN NaN NaN NaN NaN 
