NaN NaN NaN NaN NaN NaN NaN NaN NaN NaN NaN NaN NaN NaN NaN NaN NaN NaN NaN NaN NaN NaN NaN NaN NaN NaN NaN NaN NaN NaN NaN NaN NaN NaN NaN NaN NaN NaN NaN NaN 
NaN NaN NaN NaN NaN NaN NaN NaN NaN NaN NaN NaN NaN NaN NaN NaN NaN NaN NaN NaN NaN NaN NaN NaN NaN NaN NaN NaN NaN NaN NaN NaN NaN NaN NaN NaN NaN NaN NaN NaN 
-84.654637 -84.672679 -84.702695 -84.753335 -84.821961 -84.918209 -85.035891 -85.187054 -85.388351 -85.628979 -85.922839 -86.289045 -86.721504 -87.249326 -87.887778 -88.642506 -89.563415 -90.658003 -91.966811 -93.502679 -95.260536 -97.107676 -98.620308 -99.301551 -99.099879 -98.568194 -98.231134 -98.340207 -98.974149 -100.078771 -101.336548 -102.116401 -102.179791 -102.158279 -102.729315 -103.805347 -104.044776 -102.831477 -101.865882 -102.143265 
-34.792188 -26.365210 -22.175166 -20.363281 -20.183737 -22.693532 -28.692287 -35.104429 -33.282166 -37.877458 -44.723164 -38.632814 -43.525979 -46.990541 -47.111377 -47.304995 -46.965095 -50.080557 -49.433993 -50.840166 -51.612437 -52.889055 -53.657429 -54.315345 -54.547355 -55.156791 -55.859467 -56.261301 -56.786817 -57.265124 -57.996203 -58.455407 -58.954152 -59.370433 -59.655608 -59.683259 -60.151039 -60.478471 -60.637547 -60.818613 
-9.311457 -0.633295 4.609561 6.271677 3.489466 3.882302 2.354245 -1.045091 -7.786936 -13.439567 -19.135470 -19.970876 -16.347425 -15.250867 -21.499724 -22.506750 -24.992435 -28.445874 -25.464685 -31.879610 -39.472536 -39.519185 -40.089457 -41.031779 -41.459828 -40.770898 -43.123043 -43.599993 -44.212887 -44.826386 -45.442527 -45.952223 -46.159769 -46.832346 -47.080318 -46.745857 -47.647477 -48.113569 -48.295843 -48.569168 
-6.098674 6.878862 7.033570 9.792386 14.779241 8.313854 11.313840 5.423421 -0.069364 -12.526470 -13.210485 -10.073104 -5.855658 -6.041822 -11.216176 -16.803274 -19.525390 -21.919410 -19.504981 -24.894476 -33.274537 -33.201450 -33.886375 -35.130720 -35.611280 -35.789941 -35.407166 -37.520727 -38.215265 -38.244407 -39.472946 -40.387565 -40.320082 -41.010361 -41.526636 -40.977484 -41.451953 -41.840816 -42.648340 -42.681106 
-10.109848 7.347310 10.009784 8.815963 17.908952 12.148677 11.243525 4.146976 -1.021037 -10.814510 -9.217297 -6.795311 -3.771226 -5.356933 -14.148271 -17.472586 -18.038314 -17.396806 -20.668139 -26.695325 -28.861054 -33.616895 -36.542646 -38.079024 -35.549621 -32.525510 -33.730283 -36.279745 -40.818027 -43.546544 -42.988566 -42.069556 -44.107428 -46.180917 -45.819578 -45.531819 -45.051856 -42.837756 -46.094012 -49.215968 
-12.376607 5.725574 10.914490 7.500189 18.631044 14.415058 11.579305 8.997477 -0.882194 -8.248962 -6.490957 -7.310732 -3.526046 -0.911493 -11.669859 -18.316229 -19.535930 -17.518204 -15.876104 -20.589283 -30.633973 -36.008243 -36.812195 -36.892649 -36.208847 -37.563036 -39.808517 -37.923575 -37.957147 -40.700423 -41.759391 -42.433498 -43.164894 -43.990127 -44.638745 -44.059980 -44.793093 -44.786970 -45.214948 -45.876562 
-16.444383 3.183794 10.932100 6.206887 18.805389 17.194598 11.349591 12.933192 -2.250817 -5.720270 -3.479628 -5.739340 -1.052709 2.311416 -4.866666 -12.873983 -16.551675 -14.469805 -13.668403 -18.890464 -35.519422 -35.121432 -35.408577 -36.623782 -36.539571 -38.391336 -42.723250 -42.319722 -45.108039 -44.571654 -44.873372 -46.584226 -49.970747 -49.367169 -48.232003 -45.148905 -48.397578 -49.783949 -48.185129 -54.420347 
-17.892290 2.915069 11.664419 5.390568 17.640837 18.896148 11.073995 14.921533 -2.758186 -4.450291 -2.980320 -4.565005 -1.238733 -0.918579 0.840291 -6.141885 -13.347859 -12.277053 -8.132973 -13.052162 -24.733855 -30.897592 -33.124101 -33.914232 -33.986957 -34.301645 -35.266878 -35.123775 -35.513637 -36.328035 -37.999245 -38.547162 -38.796398 -39.535968 -39.910433 -39.900192 -40.248509 -40.624362 -40.706685 -41.396874 
-14.581083 4.562415 13.567357 8.223912 16.126268 21.001456 11.789516 17.315988 6.511246 0.570219 -4.989624 -2.777740 -3.710635 -2.292420 4.016659 -0.112260 -1.312961 -6.331438 -5.200378 -5.568748 -16.373841 -23.973888 -27.716107 -27.770388 -29.075234 -29.848958 -29.977197 -30.252699 -31.289977 -32.184430 -32.700574 -33.487398 -33.921890 -34.027704 -34.623337 -34.527535 -35.233170 -35.335829 -35.693181 -36.009430 
-23.322127 1.694817 14.541482 11.566111 11.769423 22.529557 15.760832 18.535505 15.939013 3.125885 0.352144 -2.807588 -5.059875 -3.121523 -0.429109 2.683683 8.377935 4.151587 -0.304937 1.469896 -2.877292 -21.173610 -28.410588 -33.459331 -35.811764 -35.247654 -34.007258 -30.502401 -35.059338 -43.603761 -43.656663 -41.540145 -35.572913 -43.390045 -45.103750 -36.332136 -39.117239 -41.130231 -41.076552 -49.839378 
-18.581411 1.353378 15.193608 13.242505 5.742640 21.335893 17.348623 16.546021 20.705236 4.198358 4.390465 -4.333979 -2.802137 -5.003036 -5.455128 -3.504367 4.978331 6.765801 8.902159 5.023983 5.042522 -7.101964 -17.474631 -24.913039 -28.153506 -28.310512 -28.672252 -24.761735 -25.333843 -32.519440 -36.545371 -34.073021 -28.926004 -35.533858 -36.860769 -31.007530 -33.018600 -36.272547 -34.771480 -38.570191 
-16.738952 -1.094757 14.289974 14.483954 0.683827 18.163961 17.508311 11.821935 21.891538 7.419731 4.654839 -4.192402 -0.384341 -8.214337 -7.669123 -5.214164 -2.742811 0.402246 9.388357 8.036882 6.744111 0.043839 -4.169468 -16.765317 -19.508418 -22.700695 -23.728154 -20.147630 -20.797925 -27.825801 -32.147085 -29.915447 -24.454686 -31.461202 -33.810875 -27.743208 -29.313907 -32.735436 -32.288018 -35.787799 
-13.257131 -5.041154 12.835297 15.274018 1.083667 15.217867 19.058875 7.892299 21.101245 12.030392 4.283770 0.580532 -1.206487 -6.844909 -9.033697 -9.813162 -6.890538 -1.633689 1.571628 5.986177 8.231695 1.822653 1.371926 -4.571063 -11.697551 -16.224894 -18.024246 -15.944132 -17.134267 -23.385145 -35.109252 -27.710288 -20.460393 -26.816924 -32.606415 -24.880682 -25.500254 -32.853305 -32.164814 -42.460847 
-21.979291 -12.191867 9.653299 15.735449 3.796451 12.120497 21.250004 9.981472 17.168273 14.426755 0.557488 3.098339 -6.489278 -4.097397 -10.960088 -10.984122 -8.458093 -5.481333 -3.377131 1.235988 8.063179 3.462113 -0.226748 -1.145149 -4.827039 -10.345064 -14.663428 -14.765219 -14.059876 -16.748763 -31.289669 -22.879251 -17.239210 -22.899112 -28.197805 -21.711216 -22.938716 -29.164182 -29.527196 -37.645238 
-24.762711 -15.847282 9.605964 17.615656 7.833042 14.135642 24.714606 15.893883 7.624141 13.191014 -2.478152 1.338898 -5.707201 -4.114203 -9.300214 -8.058474 -8.815170 -7.513121 -5.188713 -3.482019 2.622335 2.587974 0.377201 -3.281087 -4.562443 -7.389329 -11.700184 -14.791088 -17.115062 -17.164398 -27.143467 -20.054089 -16.241253 -20.147742 -23.861985 -19.584667 -21.347257 -29.428562 -27.474093 -30.728039 
-28.466878 -19.425824 9.750074 19.647415 11.703908 10.530603 26.463390 21.074626 -2.075505 10.180816 -2.037400 -5.570725 -9.334040 -10.745090 -13.218487 -13.304359 -15.536472 -9.447754 -11.132447 -11.760334 -8.911793 -5.998269 -5.494711 -3.436220 -3.239172 -1.606088 -6.807763 -13.164605 -17.629344 -19.399704 -26.256282 -13.172794 -10.225997 -15.940878 -19.010666 -15.860002 -17.859852 -27.308075 -24.123343 -29.860657 
-17.723321 -15.874630 8.130515 20.125239 13.484715 8.486954 26.244369 23.652359 -6.408031 5.203199 -2.051050 -13.851249 -9.436279 -18.931732 -14.869850 -16.615707 -16.078894 -9.486449 -12.940907 -12.731186 -11.504020 -10.909894 -7.664305 -1.845643 0.336566 -1.171341 -4.698213 -10.949517 -15.801966 -16.326448 -24.542314 -9.644316 -7.837771 -13.969563 -18.666114 -16.744944 -17.615957 -25.965379 -24.234423 -30.907536 
-13.729573 -17.590592 4.888411 20.023627 15.266514 3.894703 23.988517 25.309460 -1.526572 1.511113 -0.532102 -10.780827 -6.320474 -13.790447 -12.488453 -17.164338 -16.738938 -13.615865 -15.022639 -13.754092 -14.284952 -13.308283 -9.346961 -1.749772 2.495702 -0.151510 -6.211168 -13.714482 -18.222890 -16.827398 -20.872482 -8.390387 -7.226070 -16.198536 -19.742393 -16.402619 -17.903728 -25.723414 -23.237574 -27.665025 
-24.206489 -22.748380 4.498062 20.230317 16.072272 -0.786029 21.899341 25.041922 -0.309131 1.444523 0.479852 -9.861337 -6.223698 -13.376910 -14.033037 -17.579278 -17.296604 -17.481979 -16.981021 -15.934914 -17.992039 -16.621896 -12.374332 -6.387401 1.296243 -2.042567 -7.373246 -13.681335 -18.342750 -22.456448 -20.315490 -10.155597 -9.476806 -15.596143 -21.011960 -18.617953 -20.436514 -25.487069 -23.627008 -26.938824 
-12.883470 -11.683596 6.127817 20.881150 16.609006 -1.277417 20.884916 23.906992 -1.241739 1.181341 -1.083619 -15.130314 -8.895807 -18.986710 -17.425415 -22.908387 -21.036926 -16.513876 -17.873928 -16.688787 -17.905696 -16.797671 -12.600365 -5.643576 4.016060 -1.211213 -5.110725 -11.880266 -18.634613 -21.057371 -18.540602 -6.767920 -6.712492 -16.104889 -21.426947 -17.945781 -19.417293 -25.581674 -21.886235 -27.879314 
-18.459611 -13.156450 8.578511 21.211433 15.108407 1.860393 21.259331 22.141756 -5.199954 1.618513 -5.143881 -14.815935 -12.817523 -21.872708 -18.780623 -22.973142 -23.513302 -14.229489 -17.207438 -16.658538 -16.194101 -15.746826 -12.806713 -3.677812 2.821102 -1.298197 -4.730116 -11.071616 -16.346035 -15.529188 -19.163881 -4.522991 -6.972038 -18.256606 -24.124702 -19.385941 -20.929311 -27.587680 -24.222321 -29.814086 
-19.692590 -19.692883 11.060352 21.007833 12.886773 7.746264 23.267835 19.472943 -5.724953 2.072902 -11.429059 -13.845274 -18.580900 -18.604353 -22.081331 -19.500613 -20.689661 -14.054795 -15.284929 -17.242805 -17.456445 -16.513348 -14.987662 -5.573176 0.430000 -1.710158 -4.090820 -10.658332 -16.659577 -17.695237 -19.942685 -6.610733 -7.884182 -19.709281 -24.070899 -19.186708 -21.708098 -27.442876 -26.354464 -32.598858 
-21.437707 -14.759400 12.651151 19.916071 11.859414 10.255169 21.691558 15.105811 -6.027207 -0.406745 -13.657337 -15.496706 -18.750843 -16.546875 -20.939428 -17.790340 -19.261059 -16.787531 -15.834462 -18.324781 -18.838134 -16.844971 -10.580735 -4.103942 -0.012736 -1.819111 -4.127466 -12.540580 -17.273537 -16.437790 -23.679589 -7.870866 -11.108466 -21.027739 -25.371881 -20.334227 -24.188231 -29.678848 -26.426112 -33.843475 
-19.767888 -2.302421 13.982001 13.756707 3.612880 8.494479 12.184747 5.506725 0.499584 -7.707573 -12.250800 -19.492211 -22.339108 -23.030196 -25.517944 -23.101480 -23.889720 -21.502166 -21.576270 -22.189750 -22.663613 -19.760916 -12.345899 -11.178743 -9.439104 -9.156718 -15.211790 -20.792735 -23.952474 -25.863859 -32.398133 -18.476343 -21.400431 -33.497282 -36.391962 -30.914472 -34.715633 -40.141661 -36.786110 -41.361400 
-24.512747 0.121922 12.799399 10.912247 3.110906 6.506667 -2.108653 0.529350 1.853546 -10.382367 -12.295587 -20.529268 -26.068146 -31.621097 -33.023522 -34.095472 -28.591011 -25.726418 -28.747011 -31.274502 -29.446072 -32.404752 -31.503349 -29.310747 -36.410009 -36.035655 -42.438613 -47.057264 -44.124842 -41.110206 -48.653137 -42.727697 -43.030190 -48.036171 -48.780204 -48.869463 -50.557475 -50.753482 -51.142673 -51.420942 
-14.967360 2.069742 11.487540 5.910257 4.400838 8.656088 1.304484 1.480312 -3.137954 -8.646235 -14.109079 -18.782921 -27.839746 -31.613324 -35.007067 -34.801282 -31.777007 -29.760329 -32.417554 -34.117420 -32.110187 -39.434956 -40.705607 -40.719098 -39.427709 -38.294536 -41.132562 -43.302934 -42.157097 -40.974701 -45.945486 -40.904260 -44.759661 -50.595207 -50.743332 -49.138061 -49.934444 -49.934352 -49.180614 -52.451167 
-8.020558 5.092354 8.849283 7.462128 8.153644 4.082242 -1.921931 -4.765972 -9.721594 -13.709127 -22.517148 -23.899362 -25.333181 -26.854990 -29.612737 -29.384171 -28.045731 -26.437103 -28.378163 -31.394833 -24.801950 -24.920077 -27.058913 -26.122554 -32.836193 -29.441204 -24.044612 -28.478807 -25.242918 -22.910704 -23.534366 -22.158152 -25.945121 -31.176412 -28.812430 -28.686569 -32.166841 -34.042833 -33.925385 -35.970507 
-13.562026 1.887912 11.728871 7.016539 7.482355 14.469496 4.214659 2.835304 -5.274284 -13.479328 -24.201798 -25.652156 -25.040565 -25.671083 -25.099185 -25.990007 -25.801104 -23.965850 -24.036691 -25.047122 -21.298669 -17.756201 -15.429862 -19.870296 -21.165213 -16.282002 -17.940959 -20.136535 -18.256289 -15.355945 -18.642995 -14.468436 -18.720873 -25.843305 -19.926488 -21.971421 -22.353916 -23.474555 -25.830565 -26.538073 
-12.571463 4.479172 14.618927 10.512103 15.607537 20.714842 9.394929 8.484946 -0.256497 -8.598110 -16.369008 -19.190692 -20.690078 -21.421563 -22.706078 -23.718723 -21.608502 -19.995593 -18.325488 -18.131275 -17.444381 -12.904761 -6.794063 -7.500362 -9.999192 -7.122264 -11.002394 -18.132113 -17.904357 -12.285532 -18.261282 -13.857771 -14.440611 -20.026841 -23.529186 -18.717214 -23.069407 -28.654921 -26.301102 -32.685304 
-14.169724 5.695560 14.955978 10.329111 19.612058 22.666133 8.636360 9.794027 -2.096623 -10.551488 -20.070625 -24.658150 -21.488286 -23.258093 -24.082187 -23.921440 -23.661775 -20.518507 -18.680735 -19.559470 -18.834458 -16.840845 -11.491151 -4.092225 -8.651123 -5.297472 -4.804265 -12.819707 -15.827171 -17.864731 -27.650973 -13.139407 -13.153054 -22.451338 -23.802381 -17.891683 -24.545862 -28.744589 -24.692594 -31.026156 
-12.389000 5.951309 14.284505 9.260869 21.848286 22.876009 8.057816 9.374021 -6.703567 -11.191147 -22.630419 -26.483160 -20.358855 -24.476476 -23.790418 -22.410464 -25.864015 -20.962837 -20.378189 -21.858025 -20.833248 -20.002189 -14.132680 -5.937068 -6.959753 -7.639987 -6.216761 -10.587951 -13.764557 -15.727288 -26.700528 -10.733365 -10.767292 -21.029032 -20.189910 -13.428756 -19.383696 -22.854103 -21.163779 -29.825043 
-13.763227 6.096308 12.781620 8.785571 23.556372 22.702983 8.781918 9.236962 -8.599898 -13.252454 -21.898973 -24.220004 -21.060843 -24.249471 -24.360297 -24.833237 -27.847764 -21.326140 -21.452037 -22.076329 -21.396018 -19.643125 -15.087075 -5.826971 -5.206139 -8.498185 -5.933875 -8.656540 -11.641757 -13.163150 -24.595522 -10.154774 -9.730941 -18.471533 -19.266215 -14.047326 -18.659528 -22.242405 -21.103719 -26.360368 
-9.665923 6.191164 10.917605 10.599872 25.024101 21.906145 10.545152 8.059168 -7.163340 -14.476182 -22.272335 -22.690768 -23.732573 -24.916714 -25.011383 -25.854154 -26.135843 -20.736332 -20.098448 -21.752087 -21.783138 -20.200852 -16.183670 -6.398985 -4.211012 -8.522447 -5.981369 -8.317164 -11.436438 -14.081787 -24.901551 -11.304589 -10.206578 -18.651984 -20.464597 -14.720460 -20.246163 -23.207471 -20.290574 -26.845899 
-9.406309 7.345386 10.649425 12.382619 25.661690 20.591751 13.306458 6.614472 -0.503810 -9.628364 -18.950479 -18.839201 -20.617028 -21.055138 -21.488292 -22.431194 -23.061320 -20.577216 -19.847793 -20.107730 -21.511211 -19.697937 -16.190732 -6.245008 -3.975513 -7.371330 -5.476074 -9.638410 -13.115141 -16.026946 -27.337141 -14.236224 -11.711047 -20.294850 -21.279858 -15.661165 -21.608744 -24.753730 -22.188224 -30.881477 
-6.357873 8.605078 11.268169 15.794666 25.547195 17.501976 15.595125 5.730500 4.013421 -11.588485 -13.914345 -15.070287 -16.169620 -18.622914 -19.781815 -19.926707 -21.364584 -18.785917 -18.641708 -18.803047 -18.698935 -17.226340 -14.692859 -4.678941 -5.274834 -6.208093 -6.136567 -10.271792 -11.853379 -15.218695 -24.902890 -15.732403 -11.848036 -20.829357 -24.357761 -18.377085 -22.978910 -24.971423 -23.096423 -29.614173 
-3.977893 9.962837 10.942890 17.037563 23.423604 16.412783 17.873775 8.321371 5.286008 -8.676800 -14.076851 -17.233474 -17.521962 -21.918137 -22.565747 -21.356570 -22.068276 -19.780447 -18.186113 -18.797422 -19.274957 -17.619405 -12.235707 -3.779571 -5.528576 -6.300680 -6.577371 -9.572996 -11.024197 -13.984733 -27.670471 -15.967547 -11.305195 -19.954448 -24.261539 -18.272425 -21.936274 -26.037573 -24.663991 -30.861879 
-3.979540 11.037624 11.253366 17.097032 20.593469 18.261004 20.252825 11.490434 4.619167 -6.662325 -11.508520 -15.865505 -18.051380 -21.499744 -22.681785 -19.222116 -20.985740 -18.139840 -17.263354 -18.162973 -18.355950 -15.774519 -10.066642 -1.631448 -3.254591 -3.631039 -4.869417 -8.753249 -10.162389 -14.248345 -30.310553 -18.935255 -13.382550 -19.151192 -20.466021 -16.051564 -22.004411 -25.123589 -20.905309 -28.635556 
-1.335783 11.812975 10.899537 16.376282 17.076534 19.930905 21.496281 13.554985 3.147515 -5.246801 -7.907951 -12.761291 -16.797221 -19.629668 -19.986663 -17.327842 -20.558077 -17.110298 -15.671347 -17.182557 -16.526172 -13.995149 -5.969179 -0.248389 -1.631146 -2.232372 -6.069425 -9.957952 -10.213186 -13.941268 -31.712243 -21.122925 -13.574043 -19.108601 -22.723992 -16.645015 -20.406611 -24.740823 -23.091155 -29.293542 
-1.042325 12.688016 10.576466 16.498985 16.158681 19.481020 19.452874 16.676544 4.888251 -2.039325 -4.843490 -11.158161 -15.181839 -19.963972 -17.629979 -16.628834 -19.148423 -16.726474 -14.490436 -15.684272 -14.370523 -11.767118 -3.895806 -0.683859 -1.278732 -2.658617 -9.235504 -11.964763 -11.180063 -13.695440 -30.455775 -24.493024 -16.266521 -20.147069 -22.261900 -17.474138 -21.205090 -25.746197 -25.149715 -31.040602 
-0.045491 13.233648 10.077452 16.414637 16.211354 17.473448 14.837403 19.647377 9.129852 -1.171496 -4.528516 -9.935520 -14.758356 -17.789645 -17.414782 -15.202520 -15.804802 -14.136987 -13.316690 -14.270243 -12.887133 -8.130826 -0.949525 -2.392037 -1.630757 -3.751725 -9.656382 -11.694227 -11.446956 -15.454174 -29.699958 -24.378827 -15.474451 -22.011511 -22.889661 -17.114882 -20.512976 -25.168354 -25.707186 -33.992135 
-0.598028 13.359815 10.468000 15.825983 15.002203 16.725333 18.733193 21.274560 8.809962 0.533846 -3.655131 -11.212569 -14.123498 -15.735679 -15.818084 -16.095172 -18.384450 -16.509585 -15.779776 -16.731944 -15.022306 -7.828729 -5.587000 -10.110174 -6.681730 -5.135430 -10.080665 -13.863268 -13.212444 -16.663589 -30.349276 -24.940102 -15.427139 -20.167711 -24.275307 -20.024170 -23.268573 -29.016348 -24.534161 -26.359230 
-0.108652 13.608360 10.405816 16.051079 14.268253 14.866955 15.357570 23.031671 11.518742 0.573182 -1.623299 -7.528957 -13.144899 -13.966526 -14.517405 -13.909891 -14.881232 -12.932149 -13.641711 -12.142886 -8.326841 -2.019288 -1.790980 -6.865228 -2.845844 -3.417512 -10.253147 -12.991004 -13.013710 -16.627323 -33.372443 -28.179016 -15.961206 -18.579196 -22.597174 -15.992878 -17.660602 -25.650717 -22.664540 -24.924142 
0.960682 13.334611 10.489136 15.087976 13.072543 14.093261 15.148122 22.309491 16.362123 5.945066 -0.361712 -7.537861 -14.144189 -11.795020 -13.134408 -12.781201 -13.129337 -11.946055 -10.739674 -8.464145 -3.688098 0.113122 -2.971149 -7.226924 -2.249896 -6.919832 -14.330254 -15.463807 -15.722125 -21.459918 -33.659181 -30.569973 -18.551735 -20.744327 -24.123474 -19.663668 -19.650021 -26.012326 -25.747123 -32.875809 
-0.190572 12.586930 9.830306 14.011422 11.630535 11.887662 11.735623 13.811429 13.354146 8.976461 0.898387 -5.922836 -9.791284 -9.272716 -11.275862 -10.630692 -11.691873 -10.304571 -7.674075 -3.789720 -0.022427 -3.288924 -9.005833 -8.608580 -3.989952 -9.353225 -15.094316 -16.107562 -15.779496 -23.342913 -34.193093 -33.711380 -22.402481 -24.329736 -26.235912 -21.373966 -25.213952 -26.085794 -25.064118 -35.170778 
-0.713346 10.943937 8.562474 12.969109 9.985495 10.689107 9.605453 12.306954 17.363086 10.554354 2.762981 -5.048829 -7.329513 -7.712587 -8.820067 -9.876860 -9.298478 -7.406763 -3.493606 0.106942 -0.671831 -9.167829 -12.612990 -9.476042 -3.682579 -10.802279 -15.049822 -15.321218 -16.012998 -23.359097 -33.265562 -35.777436 -24.573498 -24.277506 -25.865799 -22.381216 -21.286742 -24.861586 -26.478847 -37.837686 
-1.435407 9.473071 7.310664 12.602520 9.566598 9.969604 7.803065 10.653954 17.993404 11.753424 4.367930 -3.267495 -5.968179 -7.672039 -8.578207 -8.642340 -7.657099 -4.435800 0.519616 2.048400 -3.026523 -12.085196 -14.835406 -10.269300 -3.659807 -11.003786 -15.229040 -14.719357 -15.302088 -23.806615 -34.269325 -36.181655 -26.379723 -27.031625 -29.448264 -24.915261 -21.739490 -26.290652 -28.460777 -36.229248 
-0.123336 10.034387 8.852392 13.357553 10.494656 10.833145 8.471138 10.964246 17.134057 12.253231 6.345064 -0.596337 -3.994074 -5.216687 -7.594866 -7.188088 -6.537383 -2.688795 2.300625 0.968068 -5.724886 -11.869816 -14.019947 -10.190534 -4.799635 -11.174144 -15.802146 -15.467671 -16.607246 -25.372133 -37.572565 -39.683772 -30.508390 -31.211271 -29.986153 -21.331223 -23.941270 -30.937720 -31.563928 -39.174704 
0.726303 11.441433 10.554952 14.223123 11.821814 12.183267 10.935950 12.419195 18.249100 13.690797 7.651988 0.478260 -5.284279 -5.100171 -6.103031 -5.327543 -4.618455 -1.693819 1.370767 -1.052168 -8.273111 -12.749275 -14.597257 -10.184393 -5.519344 -12.481619 -18.212122 -17.375055 -17.783379 -26.299475 -37.767795 -37.222826 -25.604384 -26.715074 -30.238430 -22.593854 -22.050443 -32.088297 -35.059642 -39.505335 
0.214019 11.235285 10.251766 13.562624 10.465081 11.160844 9.231852 10.620850 16.546923 14.442050 8.410073 -1.506513 -4.189477 -4.508283 -4.975819 -4.843118 -2.371649 1.124585 1.369293 -3.887150 -11.347964 -15.966488 -17.078844 -12.681015 -8.019351 -13.985841 -17.177268 -15.319137 -16.742734 -25.759342 -36.733846 -34.716336 -25.266905 -28.791393 -32.929865 -22.920204 -23.039383 -29.486939 -29.749977 -38.027041 
-0.047772 9.986638 8.280313 12.101247 8.481662 9.363331 6.843600 7.682279 13.710245 14.914231 6.708667 -4.374702 -4.575650 -4.955586 -6.136089 -4.780906 -1.065491 1.630676 -2.213781 -9.496795 -15.810931 -20.295968 -21.175833 -16.637803 -9.548763 -16.141882 -21.188679 -16.124442 -18.389857 -28.238075 -34.803669 -34.277374 -27.558091 -31.138700 -32.071187 -23.241853 -24.846445 -32.592816 -29.690602 -36.117692 
-1.029824 9.040135 7.718296 12.208024 9.273766 9.329680 6.879556 8.067599 12.483532 13.508637 8.109413 -0.890375 -2.854046 -3.110553 -3.563447 -0.457113 2.860458 0.997936 -4.578132 -11.792529 -16.107079 -19.664050 -20.151906 -16.975328 -9.501373 -14.571767 -19.411285 -16.410650 -18.904867 -28.027790 -34.596528 -35.119976 -28.682012 -28.859049 -31.255534 -24.471030 -23.747368 -29.806241 -27.245187 -36.438839 
-1.125403 8.721395 7.543212 11.983260 8.806755 9.125251 6.322936 7.101631 12.371250 14.680136 6.831004 -2.496390 -3.102765 -3.982134 -4.181584 -1.135950 3.991062 -1.111621 -8.608886 -14.496166 -18.220605 -21.397152 -22.265852 -17.810401 -9.084369 -14.409115 -21.813758 -16.293352 -17.302410 -26.797110 -34.494786 -35.212225 -29.058373 -31.562752 -34.626995 -26.592485 -25.770994 -31.769648 -29.641534 -37.764862 
-1.127714 8.819606 7.991784 11.804852 9.062600 9.362024 6.983203 7.483164 11.606255 13.043005 6.811033 -1.294058 -2.927933 -3.408642 -1.351787 3.144843 2.147414 -4.591626 -12.656661 -17.309105 -19.872111 -22.375922 -22.514076 -17.634256 -10.405202 -14.837013 -20.046477 -16.620485 -19.469110 -29.635604 -36.246848 -35.923998 -29.326264 -35.080728 -37.446369 -26.292775 -27.996728 -35.065449 -31.221108 -39.718902 
-1.100404 8.674457 8.017018 11.099230 8.158381 8.117100 5.582106 5.886046 10.921925 13.761064 5.259090 -1.365710 -1.993559 -3.217944 -3.380213 3.121369 0.570731 -5.294059 -12.476959 -16.805072 -21.009755 -23.117062 -22.935298 -19.775078 -11.469955 -17.377295 -22.784878 -19.543974 -21.528641 -33.511082 -41.977962 -39.426758 -33.273597 -37.331125 -36.291753 -27.817634 -30.253311 -34.724951 -35.356607 -43.947248 
-1.655560 8.071513 6.838356 9.377648 4.859537 4.934609 1.891083 2.775622 8.584863 11.376218 1.128564 -6.953975 -6.362207 -7.199202 -6.292434 -0.464457 -3.555830 -12.407709 -19.503521 -24.050808 -27.913261 -31.006021 -30.749840 -26.434854 -16.070470 -22.720666 -29.443594 -26.499520 -27.558437 -37.412309 -44.820766 -45.348014 -39.778427 -38.574308 -34.630426 -29.262678 -32.969279 -37.695512 -38.163981 -46.145175 
-2.107979 7.516840 6.536751 9.310852 5.927558 5.348802 3.463198 5.844088 9.502394 9.834491 2.252051 -2.921512 -3.970016 -3.096018 -2.967500 -2.551764 -9.987747 -15.956574 -19.569831 -23.074514 -27.295719 -32.079994 -37.045255 -28.219589 -18.724721 -21.583155 -25.140998 -21.401560 -25.781805 -36.569449 -44.148643 -47.583943 -37.494372 -43.972060 -36.324913 -24.560764 -26.101092 -29.451389 -29.369637 -48.589175 
-3.024029 5.779445 4.160360 7.324506 0.502975 0.526894 -4.253826 2.917912 8.328904 8.090198 -2.281564 -10.635378 -12.360307 -9.344358 -4.753437 -5.243339 -16.383591 -21.465679 -26.714722 -30.215984 -33.788937 -37.125768 -37.958124 -32.056466 -21.546539 -26.194231 -30.939328 -24.520589 -27.871316 -39.697689 -45.032054 -44.535945 -38.892508 -43.959955 -40.652237 -29.228484 -29.343612 -33.533270 -32.620295 -47.523287 
-2.054845 7.146113 6.552520 10.020824 6.966090 4.554125 1.095638 5.664962 8.840546 5.504429 0.289895 -2.012171 -2.011348 -0.883447 -3.586904 -10.347922 -16.580602 -20.403224 -24.280035 -26.988534 -29.453006 -31.444448 -32.243771 -27.098499 -19.028812 -20.810173 -25.564033 -20.771809 -24.514024 -37.510502 -42.258362 -42.291811 -37.859915 -41.911551 -41.715683 -34.057300 -32.272034 -38.717157 -36.376644 -44.903506 
-2.261218 7.587887 6.656830 10.079869 5.696593 5.307038 0.799644 5.710650 11.183765 2.505827 -1.391500 -5.125411 -5.935303 0.016750 -4.758180 -14.766646 -20.890573 -23.110939 -27.219704 -28.847322 -31.832833 -34.839819 -34.273330 -29.481278 -20.856468 -23.997036 -29.133382 -21.148348 -24.950707 -39.183021 -43.586613 -43.378571 -39.791380 -43.432809 -42.057645 -34.470079 -36.066317 -38.431731 -35.014470 -45.501034 
-2.324685 8.413950 7.690606 10.866905 7.737787 5.940610 2.066008 3.909157 10.027123 1.482660 -0.248725 -1.577098 -1.331356 -3.854135 -6.077198 -14.417985 -19.890054 -23.931788 -26.833597 -29.752135 -32.060857 -32.225429 -33.164117 -29.466299 -25.947345 -28.662465 -32.260774 -26.590032 -29.644822 -39.786345 -42.504909 -42.754099 -40.265978 -43.249722 -43.065582 -36.655396 -37.565276 -37.118099 -35.781649 -45.343523 
-1.267510 8.642774 6.654625 8.954839 3.615940 2.131917 -4.125633 3.536676 6.345902 -1.612473 -4.479462 -6.833326 -4.170564 -3.727400 -11.911146 -19.799376 -26.869832 -29.567993 -30.245102 -33.180675 -35.973077 -35.954781 -36.538663 -34.283103 -29.503015 -32.394834 -37.619506 -34.620733 -34.726310 -41.035409 -43.168420 -43.123292 -40.046253 -43.568009 -41.376703 -39.261032 -41.060891 -40.598121 -38.436294 -44.963983 
-2.603224 8.676214 7.506566 8.812710 5.960558 3.625688 -0.488317 1.564233 2.239365 -3.858860 -4.081933 -2.876620 -5.206990 -9.022944 -13.532343 -19.045340 -24.340814 -27.105462 -25.621440 -28.654744 -34.199591 -34.121747 -34.830158 -33.200721 -29.554290 -32.472752 -42.735856 -39.070115 -38.717187 -41.654413 -49.631819 -50.164839 -45.734393 -48.401613 -43.731330 -37.235227 -40.002638 -43.224033 -37.567208 -48.714050 
-2.458607 7.195915 3.405064 4.148990 -0.509391 -2.360197 -10.293471 -2.882797 0.076458 -8.389056 -7.754627 -9.062178 -5.004746 -12.757094 -17.788727 -27.223580 -30.870584 -32.917802 -32.646857 -34.442400 -40.944241 -42.380057 -42.274379 -36.645573 -30.548355 -37.033568 -47.816371 -41.039630 -37.361422 -45.334062 -57.214384 -57.004657 -53.356702 -51.557775 -48.243183 -40.987129 -43.356251 -44.038891 -42.941050 -54.435716 
-4.749038 7.331965 5.997654 5.420492 4.289196 -0.743966 -4.313367 -1.857697 -2.616819 -4.949460 -7.745501 -9.050736 -9.948839 -18.066972 -22.854660 -26.231188 -30.391191 -32.437613 -33.936599 -38.671942 -40.446945 -40.371506 -40.430256 -33.806877 -27.343656 -37.404388 -48.163687 -41.444578 -40.678177 -45.921875 -52.562675 -53.186134 -49.015922 -53.028291 -49.378895 -45.431399 -46.040096 -47.504949 -46.889875 -55.376944 
-3.817630 6.083954 4.765965 4.614512 1.122119 -8.080387 -10.994720 -5.153338 -7.000969 -12.122481 -17.696201 -16.083742 -15.009850 -15.432552 -24.820458 -27.596208 -33.221273 -33.811668 -33.888191 -39.332434 -42.209509 -46.421919 -44.023585 -39.051553 -32.229682 -40.702028 -48.808811 -46.147903 -46.244947 -50.229257 -55.254360 -55.113807 -52.202787 -55.110933 -51.901457 -43.975838 -47.648755 -47.742440 -45.367935 -56.518245 
-10.136256 -1.568135 -4.964408 -7.097027 -5.709443 -14.469414 -18.487832 -16.673307 -19.788111 -28.201727 -24.519313 -24.682798 -25.738667 -27.668985 -31.622348 -33.944088 -34.971713 -35.915191 -37.585251 -42.498090 -42.435682 -46.482105 -45.865264 -42.135557 -43.432833 -43.101354 -47.434833 -46.904340 -45.581433 -49.657701 -56.414272 -56.206088 -51.559601 -52.040512 -52.396483 -51.014767 -53.629343 -53.492610 -51.675359 -57.603995 
-9.349592 -2.729236 -2.905859 -7.042842 -9.752162 -13.152991 -20.935321 -27.872269 -26.339139 -20.849090 -20.602806 -17.099949 -25.421231 -21.689226 -21.189233 -27.165241 -29.045459 -26.469301 -27.933676 -34.294869 -34.971579 -41.633209 -40.261127 -35.871928 -33.062480 -36.580031 -46.372899 -42.217701 -38.271872 -42.886603 -49.897979 -47.033128 -44.647496 -47.869265 -48.661616 -49.060525 -51.814805 -50.684142 -50.582085 -56.085186 
-13.596452 -13.373036 -17.324260 -26.739447 -20.580639 -19.883947 -23.637294 -30.979947 -31.570923 -28.910752 -31.188877 -25.653443 -26.879989 -25.804986 -28.100771 -31.975954 -33.163343 -35.543069 -39.213701 -41.660707 -43.288107 -44.073142 -45.838234 -44.769262 -45.584988 -52.911222 -58.101224 -52.979959 -48.541445 -50.644259 -62.866879 -58.613741 -57.337089 -59.006765 -59.023811 -62.595560 -65.114418 -64.361151 -63.063902 -69.826120 
-59.849539 -53.178623 -53.996274 -59.742336 -57.382068 -65.529480 -70.071480 -67.822771 -63.915889 -63.049491 -62.654187 -62.597294 -57.542501 -58.890297 -69.768861 -75.042621 -73.307582 -73.772403 -72.838631 -78.364076 -74.460106 -74.708859 -79.078617 -79.174250 -78.600535 -81.307192 -79.827004 -78.654862 -78.093942 -79.375133 -79.598112 -79.590293 -82.486829 -84.935031 -86.076675 -83.352441 -84.182447 -82.942708 -83.798021 -86.715151 
-61.949692 -59.259704 -61.142194 -64.441711 -63.468858 -62.773257 -66.995379 -67.007685 -68.320697 -75.011802 -76.802262 -76.394455 -72.881697 -72.647854 -75.975568 -76.614919 -77.032330 -78.878916 -79.230876 -82.729400 -83.711394 -81.036584 -81.689775 -84.582485 -88.733772 -85.547743 -84.372272 -88.085198 -87.417190 -85.997070 -87.651139 -88.701865 -88.909256 -90.888487 -90.403555 -92.591072 -90.777440 -92.094164 -91.733797 -94.823410 
-66.592672 -69.683651 -66.701913 -65.768204 -69.027811 -68.102790 -68.023587 -72.431539 -70.531364 -73.584114 -77.528140 -79.897074 -85.630787 -88.079278 -83.479833 -81.867354 -79.437696 -80.868284 -81.919674 -88.365180 -89.564561 -88.495514 -84.256583 -85.256346 -87.918098 -92.217389 -88.719831 -87.104237 -89.576553 -92.389083 -89.925798 -90.223692 -92.542266 -90.805956 -91.378588 -92.423569 -91.293089 -92.914029 -92.523280 -95.306014 
-107.826214 -107.881741 -107.928021 -107.923586 -107.863036 -107.801865 -107.813486 -107.888423 -107.923047 -107.844646 -107.785076 -107.860651 -107.918098 -107.823502 -107.815170 -107.919750 -107.845109 -107.841635 -107.916568 -107.820634 -107.902481 -107.827113 -107.881896 -107.823454 -107.881345 -107.846403 -107.867142 -107.881606 -107.856261 -107.846309 -107.852834 -107.865048 -107.871779 -107.861358 -107.849578 -107.864038 -107.865315 -107.852151 -108.284588 -110.082643 
NaN NaN NaN NaN NaN NaN NaN NaN NaN NaN NaN NaN NaN NaN NaN NaN NaN NaN NaN NaN NaN NaN NaN NaN NaN NaN NaN NaN NaN NaN NaN NaN NaN NaN NaN NaN NaN NaN NaN NaN 
-67.576805 -63.727824 -62.592377 -64.164210 -67.562643 -75.171286 -81.447298 -74.000250 -67.049204 -65.927729 -68.860960 -70.894663 -69.375533 -74.071038 -86.821922 -84.310832 -78.916599 -77.497835 -81.511227 -83.889276 -84.082980 -83.838385 -85.646353 -86.100534 -87.835505 -85.232756 -86.267693 -84.889020 -86.161263 -86.378312 -90.861455 -84.649235 -88.661174 -92.660807 -93.562565 -96.832314 -90.206575 -92.300349 -92.472036 -93.287463 
-68.188715 -58.915009 -58.420508 -63.356486 -61.345257 -62.525983 -68.815465 -69.083516 -61.530428 -65.068773 -67.607031 -71.281060 -69.094633 -72.265541 -84.074942 -83.414542 -79.498340 -77.901058 -79.633005 -83.019699 -84.861671 -86.263201 -84.380339 -82.138803 -83.663564 -84.471151 -82.819445 -81.227290 -82.678636 -85.473663 -89.897105 -84.976633 -87.269470 -89.905689 -87.871092 -89.620742 -89.835856 -90.657948 -91.957981 -90.902252 
-74.911222 -74.130529 -74.559193 -75.983685 -76.040550 -75.424427 -76.806384 -78.592987 -78.104666 -80.586578 -83.219246 -84.178696 -91.489768 -93.177082 -93.632920 -92.059897 -88.123874 -88.408584 -88.402493 -90.767941 -96.241904 -102.325054 -96.660206 -93.017282 -92.947659 -96.394006 -101.791304 -97.759427 -95.386924 -97.900815 -103.301372 -98.819586 -98.705406 -104.306956 -100.321329 -100.595635 -103.583798 -101.016079 -106.330637 -102.827490 
NaN NaN NaN NaN NaN NaN NaN NaN NaN NaN NaN NaN NaN NaN NaN NaN NaN NaN NaN NaN NaN NaN NaN NaN NaN NaN NaN NaN NaN NaN NaN NaN NaN NaN NaN NaN NaN NaN NaN NaN 
NaN NaN NaN NaN NaN NaN NaN NaN NaN NaN NaN NaN NaN NaN NaN NaN NaN NaN NaN NaN NaN NaN NaN NaN NaN NaN NaN NaN NaN NaN NaN NaN NaN NaN NaN NaN NaN NaN NaN NaN 
