-164.583800 -164.582803 -164.581147 -164.578359 -164.574596 -164.569345 -164.562966 -164.554841 -164.544134 -164.531498 -164.516300 -164.497706 -164.476224 -164.450645 -164.420617 -164.386292 -164.345995 -164.300098 -164.247555 -164.188220 -164.121052 -164.045225 -163.961909 -163.869109 -163.766769 -163.655373 -163.534829 -163.406233 -163.269270 -163.125161 -162.974911 -162.821191 -162.666250 -162.511955 -162.361737 -162.220160 -162.091331 -161.980189 -161.892589 -161.835052 
-30.528849 -23.208470 -23.315554 -24.182545 -20.546283 -24.883356 -35.176703 -38.769242 -36.589117 -41.017047 -39.721404 -43.449996 -43.353988 -40.027017 -50.248844 -47.549425 -51.901193 -49.736451 -49.058068 -53.411429 -52.700985 -55.061589 -56.679309 -57.917984 -57.927026 -59.741405 -59.157120 -59.577754 -60.642109 -63.439535 -62.612080 -62.032204 -63.234252 -63.071903 -62.644213 -62.629469 -63.518962 -63.682938 -65.516597 -65.310672 
-24.113182 -12.508802 -1.818948 1.762459 -1.416762 -9.578140 -7.037222 -9.293157 -13.805171 -20.686693 -26.044515 -25.099540 -21.317323 -20.454577 -28.751130 -33.461197 -37.055679 -36.999704 -38.685039 -40.833314 -46.969929 -53.895013 -48.759522 -57.344932 -51.709508 -52.715018 -54.249109 -55.214988 -53.382647 -49.185097 -48.545707 -54.114484 -60.838936 -56.747297 -52.682574 -53.272429 -52.369828 -48.487660 -51.147864 -54.889988 
-18.390431 -9.525616 5.574811 8.001890 2.094990 4.171061 4.193330 -4.174655 -6.386521 -11.682683 -12.484848 -15.387669 -13.731863 -13.447819 -17.800057 -19.459604 -25.311779 -25.897946 -27.967614 -38.106023 -38.845020 -44.485059 -46.648475 -49.597244 -45.727821 -46.334971 -51.649584 -50.860667 -49.600459 -49.071721 -42.404226 -48.452747 -53.808422 -52.917496 -46.819379 -46.042925 -49.370438 -45.792351 -49.160183 -53.043733 
-19.697788 -6.351369 7.583839 5.734591 -9.135399 7.713270 3.674430 -8.652530 -3.165469 -13.879150 -10.836869 -8.579475 -6.825389 -13.926492 -16.305657 -21.757939 -27.336121 -23.961984 -23.920041 -31.011490 -38.611651 -42.551500 -39.311532 -36.246010 -35.062190 -36.722020 -36.614740 -40.677968 -44.957275 -44.886505 -39.644817 -43.807443 -49.421643 -51.840362 -49.038160 -49.374394 -49.086443 -49.795579 -44.999161 -45.993422 
-20.297549 -3.774211 9.000638 6.378567 0.462096 12.943853 6.455192 -1.621034 -2.594026 -10.078205 -9.563019 -6.741102 -4.238346 -13.143940 -17.440141 -20.542410 -22.923951 -18.625417 -24.264041 -31.994070 -36.738202 -43.668742 -44.579112 -38.121682 -33.951685 -37.115294 -38.644552 -39.230577 -39.250812 -40.768119 -39.471612 -41.896816 -43.103358 -45.782454 -46.783352 -46.744798 -45.266551 -48.245292 -46.926778 -52.154390 
-21.596031 -2.751073 10.158549 7.398492 3.856852 15.846289 8.961312 -0.118568 -0.910973 -6.153706 -4.828316 -1.255522 -2.066885 -3.820582 -10.224300 -15.117879 -17.359942 -14.445313 -22.311104 -30.425462 -29.323553 -32.370455 -37.056374 -38.069603 -37.792817 -39.327766 -39.391605 -38.782251 -39.381320 -40.195919 -37.488167 -38.755347 -41.698291 -42.817150 -42.785903 -43.120641 -43.615635 -44.043971 -42.304433 -44.334018 
-23.562130 -3.597117 10.883410 8.792265 2.822433 18.611468 13.785065 2.625676 4.905421 -5.383263 -0.271171 -3.405665 -0.708092 3.635109 -0.162672 -10.675449 -15.586946 -12.054147 -14.348345 -24.057789 -31.032243 -33.153599 -35.571271 -37.262890 -36.316347 -37.757041 -38.571666 -40.344450 -40.099946 -39.369432 -38.457681 -40.310564 -40.798736 -41.095767 -41.817232 -42.949704 -42.995364 -42.954474 -42.650753 -43.300952 
-21.290008 -2.867130 11.578535 10.849163 2.617785 20.125604 17.220360 3.436963 10.913879 -1.907541 3.395720 -3.594520 0.794024 4.381916 5.381875 1.573093 -1.714539 -4.255243 -5.329032 -21.474831 -28.924821 -31.423406 -34.981547 -36.417404 -36.962322 -39.735337 -40.996101 -40.455515 -40.726025 -39.787674 -36.896879 -39.550444 -43.573625 -43.471021 -44.282847 -43.083965 -43.473931 -43.844859 -44.910433 -45.703192 
-14.758328 -4.203994 11.941392 12.313152 -0.810163 19.601556 19.950099 6.772479 16.270627 5.527975 5.515610 -2.245747 1.529110 -1.217774 5.203653 7.385192 8.577960 2.722946 3.982766 -4.693789 -16.926747 -23.840110 -30.172897 -34.306529 -37.654864 -39.410660 -40.423739 -40.340225 -38.108897 -35.576820 -32.556961 -38.685806 -44.810873 -47.315909 -46.095777 -44.001198 -44.755656 -42.501807 -41.368033 -48.213383 
-18.467059 -6.040807 11.543010 13.957257 0.350612 17.712935 20.853776 6.765498 19.459077 12.758393 4.141429 1.154315 0.821800 -2.053732 2.372542 3.067335 9.749110 10.152701 9.931990 6.166748 -1.291127 -13.450145 -24.432552 -31.299486 -32.333458 -35.094569 -36.190933 -36.702514 -29.979060 -24.929476 -22.757568 -29.962382 -41.108167 -41.932895 -41.010447 -37.478881 -43.774619 -46.866619 -46.850370 -48.412191 
-20.764979 -10.594526 10.335427 14.839689 1.860313 14.285925 21.361602 8.490043 19.087281 17.624952 1.394680 3.594081 -2.502689 -0.318799 0.063313 -0.995425 2.583582 9.159677 11.862218 10.525412 8.176730 -0.332289 -13.606098 -19.824710 -24.200046 -26.787508 -27.676574 -28.583217 -22.627668 -16.831626 -15.663127 -21.847041 -32.197075 -32.139734 -31.517421 -29.970018 -34.112791 -33.853944 -32.698964 -35.382836 
-18.027883 -13.204652 8.366049 14.933044 3.435929 9.467517 21.185814 11.794556 15.951796 20.008087 1.266395 4.464705 -4.448823 1.129976 -4.232904 -1.109061 -1.657413 2.907174 8.891037 13.455134 10.870590 5.702751 -1.201864 -13.253225 -19.215467 -23.778890 -25.326681 -24.995366 -17.861588 -13.202868 -12.922441 -20.829034 -31.121728 -29.857979 -28.673319 -25.713281 -32.890238 -32.419915 -31.743691 -35.265767 
-23.148609 -26.247833 5.575928 15.226278 6.425523 5.228809 21.579711 16.299423 9.168169 19.973746 4.627535 3.406840 -2.697275 -0.786502 -5.144362 -2.350381 -6.719621 -3.685608 4.756245 9.324080 11.768706 6.665790 3.896445 -5.517389 -14.032635 -18.480454 -20.277618 -22.386861 -15.234888 -9.744070 -9.852908 -17.680303 -32.705350 -27.828486 -26.069437 -23.250618 -34.102470 -31.982087 -29.805426 -43.607835 
-24.109999 -18.475926 3.353862 15.608452 9.385877 3.663212 21.652705 20.619199 4.405934 17.843970 8.365718 -0.976071 1.031752 -5.727112 -3.575325 -6.923125 -8.451622 -5.245686 -0.929003 3.977884 11.367803 8.272766 6.110271 1.302099 -8.635890 -13.988884 -16.406635 -19.037342 -12.080255 -6.272143 -7.844311 -14.716957 -28.667556 -23.784184 -22.351380 -20.947570 -32.473328 -30.165549 -26.611276 -43.091612 
-13.313186 -15.288450 1.189256 16.032616 11.239854 -2.282202 21.116337 24.047227 0.828531 12.914778 9.861995 -5.240852 2.087684 -9.834920 -2.851271 -11.754648 -7.556211 -6.603632 -5.782583 0.767326 7.278957 7.213419 7.270301 3.679357 -6.419068 -12.287760 -15.289282 -18.100295 -11.090192 -5.935176 -6.906314 -13.892943 -25.527487 -21.669215 -20.302991 -19.426580 -29.389226 -28.375372 -24.838598 -34.296466 
-13.474373 -14.011372 -2.200496 15.796373 12.888741 -5.467169 20.180734 26.452406 6.836687 6.949310 8.661953 -9.917949 1.253023 -9.590175 -3.317637 -10.913940 -7.055360 -8.729661 -4.709179 -1.021062 2.274511 6.071153 8.428646 5.713547 -2.534570 -9.905927 -14.689824 -18.829625 -11.947962 -5.620535 -8.245626 -13.830247 -26.637117 -22.190552 -21.179021 -19.646705 -29.103269 -27.310814 -25.240897 -35.849759 
-28.281807 -28.090825 -4.517575 15.138269 13.926965 -6.854278 18.780721 27.722913 10.799032 -1.831721 6.170557 -10.923879 -1.002786 -9.200045 -5.279266 -9.511401 -8.220002 -11.837113 -4.208060 -4.827374 -2.277104 4.119466 6.832115 5.142141 0.050253 -8.181892 -14.159593 -19.053306 -13.349095 -7.649657 -7.981803 -14.771893 -26.786479 -21.846772 -20.596893 -19.142827 -28.804871 -27.536036 -25.969002 -38.465965 
-20.395980 -16.315244 -9.190541 14.501731 14.717346 -4.433708 16.903115 28.237041 14.253194 -8.471969 2.972248 -8.958378 -5.670092 -9.895930 -9.145201 -8.713472 -11.993863 -12.391435 -5.846941 -7.958088 -4.029735 2.437188 4.791264 4.508376 0.457552 -7.988288 -13.965389 -18.844088 -12.630780 -7.882373 -9.452885 -13.624167 -27.435448 -22.106685 -20.051320 -19.399015 -29.441209 -25.812023 -23.855525 -35.712096 
-21.743180 -21.031106 -12.152215 14.029441 15.796770 -1.780543 13.635579 27.499464 16.924039 -10.197262 2.092678 -7.136808 -11.597293 -10.466722 -12.288757 -9.313263 -14.591357 -12.683121 -9.688228 -9.730256 -4.809923 0.097153 3.155464 5.435033 1.722422 -6.727674 -12.372187 -18.295255 -13.355809 -7.282342 -10.206797 -14.179175 -25.226102 -21.237856 -20.319671 -20.242666 -29.135899 -28.185050 -26.551141 -31.620630 
-27.351107 -21.192169 -12.508067 14.268926 17.078865 0.057963 6.577162 25.172304 17.557067 -12.951955 2.067076 -5.044198 -14.195191 -10.193901 -20.101449 -13.926136 -19.191639 -15.552940 -14.441322 -13.182966 -8.126651 -5.711000 -1.901378 3.955245 -1.178164 -8.888859 -13.596291 -19.398926 -17.210456 -10.743667 -12.453464 -17.614399 -27.157568 -24.029625 -21.578279 -23.921231 -30.249182 -29.456900 -27.161075 -36.007212 
-15.220934 -14.923791 -9.663754 14.858876 17.509386 0.210807 4.141660 23.898467 17.111748 -12.230122 1.928415 -6.321716 -14.270235 -10.173880 -23.917202 -16.661507 -24.201540 -17.862114 -16.313643 -14.786421 -9.072141 -7.278026 -2.401364 4.479933 -2.166599 -7.074386 -11.613512 -17.691466 -15.028181 -9.851980 -12.558990 -17.578772 -27.446233 -22.904327 -20.376564 -23.241919 -32.343980 -29.813977 -26.347642 -40.914589 
-12.496745 -11.479100 -10.719779 15.628580 17.437288 0.279554 4.659883 23.031160 15.390579 -12.382384 2.241429 -7.191025 -14.638106 -11.429605 -23.089338 -17.032704 -24.295143 -19.219960 -15.918860 -15.435146 -9.218269 -7.365023 -1.592441 4.095655 -3.251228 -3.776659 -9.482711 -16.695962 -15.544863 -9.024938 -11.529618 -16.860352 -25.036125 -20.402171 -17.672141 -18.895680 -28.786044 -28.064490 -27.076638 -37.484328 
-15.169926 -14.201741 -7.700251 16.395218 16.867513 -2.380575 7.369817 22.429423 12.213825 -11.300635 2.536435 -12.058441 -11.731872 -12.970747 -20.897959 -18.037170 -22.735787 -21.732482 -14.301399 -16.009203 -10.884459 -7.212271 0.131606 2.332297 -1.808601 -1.898593 -8.322975 -16.257123 -14.485170 -9.328475 -12.067065 -14.736449 -26.295225 -20.837632 -18.169891 -18.953106 -30.487526 -27.288933 -27.781652 -42.029042 
-16.559717 -24.346551 -2.348596 17.103004 16.270860 -4.238257 11.039609 21.578580 7.897767 -7.016722 2.047395 -15.638909 -10.503851 -15.213736 -17.568905 -20.248654 -19.865160 -22.519248 -14.905231 -15.332318 -12.993544 -7.265464 0.181006 -2.064794 -0.684226 -2.706850 -10.444173 -18.377073 -17.389412 -14.526233 -15.301124 -17.198623 -29.760624 -27.660914 -23.567549 -22.666049 -34.342621 -30.328262 -30.042425 -42.103163 
-19.467501 -13.688976 4.533500 15.700480 11.870853 3.939761 9.907295 15.885270 5.663224 -6.009196 -2.479547 -9.493877 -14.740563 -14.804758 -18.943837 -23.954086 -22.574668 -23.387413 -17.539831 -13.664735 -11.008101 -7.950368 -2.587071 -8.105833 -4.353229 -9.066130 -18.473500 -24.295374 -22.597068 -19.337248 -18.606575 -21.127489 -34.435170 -34.650801 -31.982967 -30.796165 -34.648810 -34.689258 -34.497162 -38.637508 
-23.522738 -25.667736 5.547699 14.624978 8.391536 -4.715574 3.239641 -0.140527 -9.334745 -10.225900 -15.455002 -26.360273 -25.830713 -27.874252 -29.393246 -33.161352 -34.814320 -33.765825 -28.174219 -28.524584 -22.973631 -23.889941 -24.600178 -31.926128 -26.255419 -31.025015 -34.813450 -38.169197 -37.506859 -38.164354 -38.042357 -37.823234 -41.013636 -41.991816 -43.183491 -42.734501 -42.962949 -43.142289 -43.354646 -44.604956 
-21.999586 -23.062072 4.647058 11.680030 1.731434 -9.553091 -1.017280 -10.022327 -19.762926 -18.864331 -28.353707 -28.834896 -35.922394 -36.311004 -42.214862 -46.856003 -46.455207 -44.491678 -39.915881 -40.326540 -41.152452 -46.322984 -45.354647 -42.480311 -39.743895 -45.185429 -52.031779 -53.191222 -54.079132 -53.196196 -51.650480 -54.229469 -57.146885 -56.574138 -54.923040 -54.001937 -58.133113 -59.317119 -57.786033 -59.182307 
-20.429468 -16.297156 4.038656 7.465768 -9.053542 -9.176133 -6.095434 -11.725387 -13.157861 -18.167118 -30.138434 -30.032358 -37.098757 -42.547838 -47.576569 -48.567516 -43.968252 -42.922679 -40.057391 -38.877677 -43.371212 -45.969873 -46.473590 -42.854437 -39.953093 -42.933306 -47.895221 -48.855492 -47.617013 -51.279531 -51.314881 -52.144362 -55.406010 -57.691871 -58.712282 -54.413291 -57.343553 -55.919933 -58.325218 -59.865354 
-13.631379 -7.174911 1.653315 5.432947 -5.606528 -12.178865 -8.525062 -15.346426 -13.802547 -21.416527 -28.938031 -24.794442 -32.220129 -28.383727 -27.676556 -27.676421 -24.409997 -25.921921 -32.445995 -34.327286 -25.165494 -18.253984 -27.074414 -25.229148 -21.226472 -22.886185 -23.169736 -21.735313 -20.554119 -22.435483 -23.088162 -22.895943 -26.368594 -30.482838 -27.704640 -25.196271 -24.840514 -22.862691 -25.239997 -30.735935 
-17.265313 -3.011775 6.707053 11.227078 8.300703 9.800388 12.846533 4.393274 -12.319732 -14.020474 -20.876231 -19.764334 -26.837457 -22.412611 -23.287395 -23.537216 -28.421142 -26.894610 -26.765913 -26.363989 -22.738493 -14.925426 -13.490959 -15.422117 -14.656096 -15.773000 -19.132036 -20.601261 -18.873321 -17.321381 -18.308777 -16.315341 -19.502527 -22.311099 -16.045714 -20.467170 -15.625878 -14.744514 -17.238465 -21.570919 
-18.401972 -8.636645 10.388796 15.829821 4.851667 14.114613 19.908396 6.245950 -4.874263 -10.742925 -16.820116 -21.272244 -18.285834 -19.662906 -19.772044 -21.017704 -22.073742 -22.930343 -22.521365 -19.819124 -19.208867 -14.603894 -9.134834 -10.995396 -10.817342 -9.814301 -18.772831 -26.814645 -26.916253 -22.015328 -21.892255 -20.698059 -26.327751 -23.244169 -18.525415 -17.365917 -21.955634 -22.873649 -25.584404 -30.173382 
-17.750003 -5.816226 12.627516 14.711489 0.854925 18.293967 21.061387 3.875566 -2.214231 -13.100338 -14.491570 -19.663631 -14.115854 -18.597715 -18.063164 -22.462759 -20.680736 -20.378035 -18.854146 -18.320075 -18.036563 -15.085913 -7.870224 -6.752820 -7.955597 -6.675524 -11.886493 -23.513271 -22.814468 -17.648308 -20.748056 -25.139550 -31.820677 -24.183636 -17.498890 -16.173402 -23.383780 -24.425103 -23.421056 -35.322350 
-20.433298 -2.284172 13.525150 13.398438 2.555751 20.864365 19.613538 -1.879069 -0.164870 -14.195166 -10.959440 -17.704030 -12.715779 -18.212893 -17.993150 -18.403300 -20.922662 -20.505389 -18.761127 -18.908999 -18.348610 -15.684130 -8.498534 -4.867268 -8.371887 -7.915648 -9.081120 -18.764391 -19.261611 -13.192543 -15.599304 -21.871989 -27.607366 -20.081507 -14.327562 -14.534366 -25.733535 -22.486032 -21.891210 -32.989223 
-15.525392 0.535265 13.883209 11.863324 7.077485 22.607156 17.491805 -0.213771 -0.474954 -13.304663 -11.265162 -14.727062 -14.043650 -19.048543 -22.236734 -21.380308 -25.389850 -23.277975 -21.313773 -19.996043 -18.926736 -16.042302 -8.243403 -3.532423 -10.211194 -8.856546 -8.072647 -16.626317 -16.581059 -10.651297 -13.474266 -20.068574 -28.823385 -18.101663 -13.896986 -16.429656 -26.165335 -22.783436 -22.103029 -35.329264 
-25.761256 1.572149 14.235050 10.935469 10.971973 23.158797 15.315299 1.205183 -1.010149 -11.777356 -13.432881 -13.412828 -16.620794 -18.485362 -22.264449 -23.627375 -24.765753 -23.486076 -22.148966 -21.367610 -18.999385 -16.430381 -9.322362 -3.585015 -7.842754 -9.916827 -7.523538 -14.414097 -15.406697 -10.815508 -13.710260 -19.331183 -29.818191 -18.046182 -13.564541 -15.195426 -26.011816 -22.904561 -22.545533 -36.098548 
-16.872504 3.302300 14.359143 9.441483 13.615212 23.084803 12.247104 3.125119 -3.390833 -10.149333 -15.424016 -12.244854 -18.623441 -20.137007 -21.830320 -24.102579 -24.573784 -23.648760 -21.136858 -20.356083 -17.906750 -15.187044 -7.622549 -1.233387 -9.604822 -8.496421 -6.305156 -13.112848 -12.587477 -6.885935 -10.357180 -18.625421 -28.725306 -17.639691 -13.799106 -15.678132 -25.549170 -21.256517 -20.762016 -36.056624 
-11.670686 4.563338 14.421469 8.735698 16.308816 22.565023 9.853469 5.730906 -4.663376 -7.899864 -16.026385 -12.182200 -19.045554 -22.599839 -20.215734 -22.824452 -25.094447 -21.997817 -20.086644 -19.041947 -17.169131 -14.013906 -6.341528 -2.162156 -6.090326 -6.661318 -4.774465 -12.323743 -12.319941 -6.307222 -9.842314 -17.672264 -28.097884 -17.806825 -13.581377 -14.989522 -25.125282 -21.319751 -20.687286 -36.500568 
-12.241120 6.005843 14.436143 8.283510 18.032402 21.473392 7.796590 8.293885 -5.680091 -5.978663 -12.930763 -13.766737 -21.247931 -20.613611 -19.875370 -19.878075 -23.493554 -20.753239 -19.338414 -18.185837 -16.015044 -12.847289 -4.846810 -0.378623 -6.888199 -6.228247 -5.283717 -12.678088 -11.136675 -4.878945 -8.900897 -17.674819 -30.776404 -17.804569 -13.089302 -14.536683 -25.140451 -20.940991 -18.909031 -35.752941 
-14.645098 6.875354 14.436997 7.808080 19.223743 20.094633 9.371678 10.415587 -3.264807 -4.701447 -12.384985 -15.995074 -18.639677 -18.971623 -19.751393 -20.008656 -22.688876 -21.582367 -19.331843 -17.749409 -15.897702 -12.762686 -4.390739 -2.037697 -6.387743 -5.309903 -4.838806 -12.537951 -10.772857 -5.103906 -8.896026 -18.406288 -30.409044 -17.788806 -12.021662 -13.333260 -25.725431 -22.544908 -20.511789 -35.337201 
-13.282776 7.898743 14.749236 8.603338 19.692926 18.641653 10.668302 12.539399 -1.603850 -3.347842 -10.214157 -16.476452 -17.615028 -17.063821 -18.724324 -20.942684 -22.181871 -21.478344 -18.811149 -16.609699 -15.128380 -10.784500 -2.466459 -1.072184 -4.796483 -4.425384 -5.963267 -13.017310 -10.540068 -4.342700 -8.433068 -17.973840 -28.568360 -16.828687 -11.667935 -12.056201 -22.329664 -18.891764 -17.998711 -35.336377 
-10.254139 8.864458 15.070972 8.815856 19.896906 17.790830 13.859835 14.891670 0.915067 -2.546541 -8.690104 -15.743879 -15.226726 -15.012045 -16.960217 -19.544072 -21.058852 -20.021814 -16.517235 -14.457659 -12.194625 -7.576468 0.746382 0.540364 -2.865116 -2.131401 -4.878757 -12.509397 -10.047365 -3.774195 -7.704314 -17.460155 -30.016168 -18.536880 -14.195749 -14.744794 -23.832378 -20.139751 -19.585856 -35.874884 
-10.515856 9.708917 15.387268 8.157170 19.921029 16.530294 17.499080 16.724824 1.281810 -4.694497 -6.979542 -14.060583 -12.914471 -12.645427 -14.492740 -16.787501 -18.086646 -16.672876 -14.516901 -13.750260 -11.027167 -6.485876 0.544238 0.205426 -2.086759 -3.004732 -7.038861 -14.161211 -10.466181 -4.272592 -8.212099 -17.863070 -30.871084 -18.630271 -13.105443 -14.813523 -25.615434 -20.312441 -18.767544 -35.118713 
-7.690112 10.459385 15.357006 9.909075 19.397622 15.619741 20.735392 19.346436 5.839114 -2.706943 -2.530329 -8.796801 -11.316379 -12.151039 -13.770282 -15.413082 -17.096851 -15.834845 -13.844611 -11.418268 -8.788106 -3.267759 2.490977 1.484538 -0.472688 -2.007993 -7.617715 -12.816554 -9.188795 -3.292063 -7.033954 -16.704832 -30.643580 -18.086130 -12.270993 -13.380459 -24.849891 -21.971972 -21.072855 -36.795714 
-6.775955 11.000351 15.088788 10.110154 18.450622 13.759105 22.398346 19.863174 11.780375 3.081150 1.257099 -5.317404 -9.085883 -11.769465 -12.879672 -13.998115 -15.325218 -14.684737 -11.207633 -8.759343 -6.338584 0.771405 5.169779 2.190615 1.187116 -2.651011 -9.244408 -13.891198 -10.213240 -4.235562 -7.141987 -15.358995 -29.668233 -20.105791 -14.375859 -15.886912 -24.718414 -20.030108 -20.757719 -34.685266 
-7.222011 10.895149 15.006948 9.182231 17.906517 13.025070 21.740594 18.198951 16.966381 8.070762 3.649709 -3.841025 -7.213419 -9.048317 -10.776514 -12.655217 -13.428438 -12.231916 -8.693604 -6.482275 -3.484302 3.288392 3.371291 1.541910 1.411192 -4.859906 -10.478096 -15.362478 -10.389803 -3.805802 -7.243109 -16.414617 -32.845072 -22.736184 -17.941022 -18.153390 -25.925348 -23.843764 -22.250025 -34.949345 
-7.562122 9.552182 14.128811 10.859520 17.387898 11.411930 19.976155 16.271144 20.538910 12.245930 4.752006 -3.518523 -5.357058 -7.198939 -8.345054 -10.854997 -10.318121 -9.616869 -6.445882 -3.556022 1.809504 5.953116 1.259470 1.910804 2.354875 -5.028531 -10.916136 -15.216520 -10.549852 -4.226417 -7.306707 -16.790090 -30.410790 -21.935762 -18.123477 -17.814147 -27.062359 -25.085793 -22.471169 -32.634390 
-7.138204 3.892100 10.675844 11.275890 15.814464 8.919826 17.054842 17.128243 17.953122 12.197675 7.354909 -1.826697 -1.981982 -7.772444 -7.915136 -12.523996 -12.236448 -10.876826 -7.454153 -3.457311 0.931230 2.883269 -4.368061 -1.456375 -1.321004 -10.290054 -15.845812 -19.835051 -14.443525 -9.102127 -13.480370 -22.043405 -36.318872 -26.079781 -21.973333 -22.872130 -31.877374 -28.872773 -23.641940 -36.100860 
-9.120860 8.885624 13.132056 8.294756 16.339780 10.966777 16.648476 16.943024 24.274006 16.142802 9.787786 3.365370 0.140919 -2.270452 -3.834708 -6.879205 -7.748258 -6.084465 -1.144729 4.349192 6.288595 1.666451 -1.872848 2.046940 -0.908220 -8.366664 -13.171377 -16.978137 -11.833699 -6.440076 -7.933208 -18.003366 -34.908867 -26.148981 -20.755222 -20.679420 -29.904608 -24.677129 -20.418222 -33.264119 
-7.552917 9.719548 13.293864 8.877321 15.726658 10.128398 14.778789 13.645189 24.776335 17.206668 14.048917 6.373274 1.137312 -2.008100 -2.967502 -4.148212 -4.908943 -4.156772 2.636191 8.070519 6.389374 -0.385395 -2.315745 2.023209 -1.355731 -10.926735 -14.569161 -18.167819 -12.060043 -5.099076 -7.281103 -17.244097 -33.835930 -27.712634 -21.597002 -23.753762 -27.164361 -22.490558 -23.686486 -36.380516 
-6.989689 10.400307 13.045856 9.515473 15.376019 10.185390 14.415321 14.160107 21.743322 19.623330 16.262467 6.062253 -0.145994 -1.393540 -1.135008 -0.947348 -2.589270 -0.248378 7.087664 9.394867 4.633379 -0.836859 -2.404913 2.997343 -2.631922 -11.064113 -16.468825 -20.194162 -13.049661 -6.185242 -8.713371 -17.956838 -34.584911 -24.510989 -19.525199 -19.498649 -29.140605 -25.708985 -25.031978 -41.682003 
-6.463653 10.550805 12.463457 9.998502 14.854221 10.252977 14.198415 13.656431 16.603245 22.351650 16.695344 5.779688 3.252856 2.448029 1.117553 0.254941 0.000209 3.045499 9.425059 7.044063 1.216244 -3.693350 -3.406771 1.958823 -4.418156 -13.410307 -18.071778 -21.387468 -13.652092 -6.945468 -9.503564 -17.895744 -36.457817 -30.192275 -23.503362 -19.721503 -26.401722 -27.733481 -29.254122 -41.494140 
-5.370141 10.429214 11.378556 10.321829 14.111390 10.312646 12.919549 12.597651 14.145941 23.908333 17.057288 10.545889 5.912434 4.227258 2.595687 2.342617 2.456988 6.052589 9.281592 3.327357 -2.283953 -5.254759 -4.471409 0.217697 -5.794989 -13.325645 -17.421607 -21.087990 -14.843005 -8.533332 -10.049140 -18.157136 -35.799408 -31.255122 -23.489229 -20.742910 -30.577390 -31.615793 -27.921747 -40.993379 
-6.295990 10.058722 11.081638 9.469928 13.797653 9.484099 12.583070 11.645186 14.261012 23.803184 16.066145 11.540996 6.371789 4.697173 3.485759 3.259909 3.833296 8.666875 8.150848 1.817049 -3.598237 -6.404099 -5.006539 -0.980614 -6.873147 -15.352210 -18.649409 -20.510507 -14.401212 -9.477828 -11.681550 -20.609324 -37.532505 -30.041133 -23.055167 -22.329680 -33.147757 -30.640301 -28.603964 -40.820918 
-5.818100 9.889813 10.341547 10.006192 12.910845 10.129925 11.433699 12.227010 14.905406 23.133680 16.891747 11.369163 6.345322 3.948373 2.768730 4.294672 6.170901 9.948900 7.309056 1.017502 -3.694913 -6.557749 -5.863165 -0.306280 -5.873627 -14.331243 -19.173989 -22.944722 -17.381202 -12.755983 -15.645005 -25.176826 -38.497696 -31.411319 -28.019379 -25.819802 -27.845495 -26.006799 -28.134233 -42.376131 
-4.610555 9.705370 9.540993 10.110998 11.468055 9.918153 9.855809 11.666735 15.679049 20.955402 16.684486 10.015023 4.802187 2.143333 3.071640 4.804452 6.368713 8.088710 5.231612 -1.412945 -4.886370 -7.500389 -6.061941 -0.519075 -5.784901 -14.776828 -18.084140 -19.813258 -11.951802 -9.418808 -13.035983 -20.540289 -37.786092 -38.944134 -29.035164 -25.361095 -29.699077 -30.436836 -30.461552 -44.487059 
-9.176293 7.387845 9.917199 8.018284 8.899939 9.290345 6.569670 11.359927 15.141522 20.054045 16.043356 8.971989 3.071918 1.764796 2.571426 4.197452 6.169680 6.127455 2.167805 -3.806125 -7.888576 -11.317527 -10.704248 -4.274643 -9.480504 -17.642175 -20.600365 -22.963201 -15.312673 -13.905941 -18.007508 -25.644151 -35.903945 -35.497039 -28.917214 -25.525430 -30.853083 -27.564632 -30.867024 -38.455809 
-3.853664 8.167877 11.536298 9.276411 9.925931 11.593981 9.235515 12.232360 14.118596 19.488299 15.665946 9.938773 4.742969 2.432293 2.722987 5.020474 7.448839 4.741098 -1.322975 -5.866124 -9.591864 -12.684100 -11.140325 -6.381262 -11.116520 -19.101162 -23.248351 -25.792655 -19.015581 -16.959658 -20.677825 -27.540472 -32.579862 -32.666374 -29.916825 -27.366082 -33.718522 -33.179394 -31.477478 -36.049496 
-2.587811 10.237742 9.571098 10.789984 11.268410 10.750306 9.918215 12.022670 17.740502 20.232248 17.669725 8.622342 4.472742 2.839843 4.208995 6.949403 9.057761 5.509197 -1.507498 -4.984564 -8.320846 -10.701052 -8.962665 -1.986349 -6.776745 -13.713668 -17.258471 -17.324794 -11.343300 -10.578643 -13.427041 -22.109460 -39.263333 -38.358819 -29.921639 -25.512039 -28.893996 -31.830186 -32.071982 -42.292501 
-3.557404 9.977746 9.049678 11.157874 10.760946 10.616160 9.397558 11.398545 18.279628 18.619528 16.104404 7.735364 3.578959 2.394396 4.245573 7.634279 9.198601 4.529126 -2.412069 -5.272200 -8.611775 -10.675879 -9.223039 -2.727082 -8.260782 -16.436729 -19.571056 -19.792771 -13.385951 -12.788962 -16.262123 -23.222174 -36.678306 -33.721568 -27.781033 -24.533867 -32.879788 -29.469750 -31.316390 -40.067981 
-2.067584 10.092815 8.011467 10.969520 10.171531 10.725600 9.244939 11.324932 19.129393 18.087155 15.645785 7.031977 2.604798 2.426874 4.740082 9.309111 9.762330 1.844592 -3.547691 -6.867852 -10.708633 -13.531468 -11.067126 -4.441913 -9.348508 -18.063443 -20.979648 -19.896333 -13.955843 -14.894338 -20.156392 -27.659889 -39.381109 -34.844267 -30.459335 -32.987527 -34.824109 -29.945234 -34.168377 -41.825861 
-3.474036 9.420436 7.105983 11.083721 9.452345 10.434566 8.667026 10.816657 19.260067 17.227427 14.436373 5.456778 2.424580 3.078449 4.191181 9.694850 8.724435 0.088128 -5.446191 -8.335376 -12.903605 -15.559893 -13.513338 -5.723558 -10.485674 -17.950833 -21.233111 -20.577988 -14.960801 -16.043343 -19.326736 -27.065742 -42.974429 -44.633707 -34.583344 -28.214880 -37.266708 -32.742512 -30.861184 -45.141839 
-1.483212 9.546678 6.491081 10.933992 9.004706 10.129457 7.876997 10.796592 18.637852 16.749597 13.061791 3.750060 2.243533 3.477259 5.660072 9.592759 5.232342 -4.805416 -8.550638 -10.666935 -14.985743 -16.230166 -14.091218 -6.456499 -10.049101 -19.058351 -22.327136 -21.038002 -16.294272 -16.728471 -20.224464 -28.781545 -45.026336 -41.501514 -30.432100 -28.938732 -36.228154 -35.966964 -34.073614 -46.043927 
-2.633432 8.966734 6.297664 10.583499 8.364454 9.807739 7.901529 10.864616 17.923226 17.434387 12.405050 3.571295 2.719403 4.097279 8.174464 10.897473 3.477055 -5.357089 -8.588977 -12.208038 -16.189718 -18.506733 -16.022508 -7.585245 -10.563014 -18.737769 -22.371331 -20.510638 -14.434721 -16.757278 -21.919327 -30.922570 -42.014910 -39.119059 -35.257362 -30.875870 -34.229233 -35.768938 -37.194328 -43.478378 
-1.579917 8.745407 5.830028 9.778475 7.466974 8.671410 7.504671 10.045156 16.368581 17.321077 11.082377 2.632787 2.595233 3.198292 9.041360 9.075576 -0.308663 -7.596603 -10.775895 -14.056936 -17.970699 -20.241094 -18.299855 -11.099021 -12.084074 -20.093498 -23.457102 -21.908907 -17.012677 -19.489171 -23.382284 -32.728988 -36.923417 -36.199135 -34.364335 -32.941192 -35.598252 -36.516215 -36.564288 -39.012101 
-1.787756 8.126947 5.812235 8.970512 6.076983 7.559206 7.754120 9.326145 15.171959 17.164216 9.868101 2.539725 1.870222 3.332908 9.631503 7.861513 -2.935689 -10.348284 -13.165445 -16.848203 -21.468892 -23.187307 -20.804970 -11.813561 -11.263473 -20.616803 -25.446071 -22.753212 -19.115136 -21.038707 -23.650317 -32.819180 -40.391508 -38.730000 -35.744084 -33.643488 -38.186972 -37.592454 -37.940083 -42.231806 
-1.899770 7.647550 5.647801 8.166936 4.912833 6.591548 7.777204 10.515336 15.018149 16.791394 8.652244 3.891148 1.029872 4.897881 7.955472 2.038202 -7.042514 -13.882405 -15.817803 -18.294149 -21.673252 -23.581527 -21.713658 -13.835848 -12.678686 -22.495894 -26.404791 -25.100208 -21.665243 -22.904484 -24.929413 -32.135444 -35.015347 -35.345100 -33.166891 -30.913463 -34.443706 -33.059338 -33.316492 -37.200264 
-1.315704 7.589094 5.547980 7.666603 4.837481 5.587819 7.100144 10.277667 14.319151 15.260906 7.008373 2.967692 1.664335 6.729424 8.945132 -0.524937 -9.818214 -16.158007 -17.579734 -20.324884 -23.874189 -26.159992 -25.228436 -18.466874 -15.257041 -23.948078 -29.220951 -27.900293 -23.160804 -24.149554 -27.017460 -35.545721 -41.303096 -41.675775 -41.098481 -38.773482 -39.296056 -39.560940 -38.376268 -43.329542 
-1.748651 6.895627 5.377162 6.450330 4.113666 4.166834 6.709773 10.247960 13.123623 14.150950 7.373318 2.028288 2.608686 6.741951 5.921527 -4.613786 -13.871629 -17.800025 -20.711715 -23.617671 -26.897530 -29.060162 -29.459743 -22.920438 -17.186062 -23.741727 -28.231996 -25.937805 -23.494319 -26.707585 -31.984932 -39.921640 -42.687602 -43.508928 -43.033753 -40.996687 -40.601719 -39.160460 -41.499739 -45.713383 
-1.735536 5.743593 4.326379 5.193601 2.715213 3.025307 5.564278 9.191689 12.522590 12.388647 6.605020 2.436900 3.905847 6.572835 2.692347 -9.610650 -18.346451 -21.303271 -24.962985 -27.832791 -31.427404 -32.250327 -31.859060 -27.434351 -23.176831 -28.870569 -34.300304 -30.699538 -30.185394 -32.252408 -35.097759 -40.977843 -43.418228 -43.854158 -42.748153 -39.808946 -41.283795 -40.023920 -37.625782 -44.971639 
-2.979138 5.007850 3.587132 3.867450 1.897925 2.018793 3.685435 6.619660 10.121751 9.979064 4.571191 2.449021 3.088749 3.518661 -0.173188 -12.311241 -20.880781 -26.086909 -29.757082 -33.064713 -34.808052 -36.223229 -37.119627 -32.280055 -26.837343 -29.695463 -36.083075 -38.275079 -36.169772 -38.504569 -42.046599 -47.857555 -48.079489 -48.349295 -46.279788 -41.833960 -44.583224 -44.459952 -45.964960 -50.016925 
-2.486218 4.869460 3.306604 2.514378 0.258666 -0.689541 0.936524 2.786779 7.499359 5.637194 2.602987 -3.363849 -1.494801 1.283306 -2.511830 -13.131505 -23.734194 -31.448488 -36.052911 -40.382390 -42.017497 -42.611790 -46.120776 -39.643581 -34.789630 -40.054818 -45.523369 -46.852599 -38.617543 -35.980028 -43.637962 -51.157498 -54.314730 -52.247659 -47.043799 -44.548283 -47.125652 -44.607661 -43.620567 -54.654334 
-2.417932 4.309898 0.977832 -3.113813 -6.236249 -7.253782 -8.736409 -7.710717 -1.950885 -3.582463 -8.262137 -10.776773 -8.059947 -5.803947 -9.047964 -19.513557 -37.698564 -41.393614 -41.407455 -40.955438 -46.235597 -47.553273 -48.194654 -45.715583 -39.127385 -38.941651 -45.636967 -47.739837 -46.384318 -41.394551 -41.797089 -48.769608 -56.097728 -54.681161 -48.270409 -46.957877 -50.100752 -45.604061 -48.492475 -57.101125 
-1.298113 2.958777 -4.054644 -12.703888 -11.083268 -16.554113 -20.401261 -17.990456 -11.629278 -13.388615 -17.382517 -14.326916 -15.688933 -16.022202 -19.527269 -27.745523 -40.150490 -39.360714 -37.952237 -43.493851 -51.230602 -52.551728 -52.015784 -52.335938 -44.179264 -39.187802 -52.943390 -53.752639 -46.768294 -44.640620 -46.803263 -52.563350 -59.664935 -59.035937 -52.962862 -52.919354 -55.042612 -51.948989 -51.028563 -60.742434 
-3.387353 -2.442440 -6.799763 -15.805329 -16.739330 -19.449866 -24.401662 -24.262542 -23.361074 -18.051731 -18.826114 -21.561545 -18.461870 -28.752373 -33.996145 -32.163450 -36.659502 -38.112061 -39.099068 -45.154278 -46.266428 -51.170485 -51.983552 -53.073106 -49.426333 -47.185373 -52.960903 -55.737179 -48.595550 -45.645285 -47.544477 -57.850833 -63.379128 -60.958373 -58.149706 -57.747641 -58.850950 -57.725303 -54.480168 -61.868895 
-29.012431 -29.574170 -30.806441 -32.996421 -36.177643 -41.831923 -48.458045 -45.948488 -41.871666 -40.888172 -41.119898 -41.983798 -44.477140 -49.589575 -54.166902 -51.751278 -53.501320 -57.404848 -56.393112 -59.574938 -59.316704 -63.570691 -62.727199 -64.745816 -62.551866 -66.781614 -68.365780 -66.175637 -67.121502 -64.686628 -70.199646 -69.633283 -70.156951 -69.706762 -71.619647 -71.542817 -72.019711 -71.809867 -72.572296 -72.400917 
NaN NaN NaN NaN NaN NaN NaN NaN NaN NaN NaN NaN NaN NaN NaN NaN NaN NaN NaN NaN NaN NaN NaN NaN NaN NaN NaN NaN NaN NaN NaN NaN NaN NaN NaN NaN NaN NaN NaN NaN 
NaN NaN NaN NaN NaN NaN NaN NaN NaN NaN NaN NaN NaN NaN NaN NaN NaN NaN NaN NaN NaN NaN NaN NaN NaN NaN NaN NaN NaN NaN NaN NaN NaN NaN NaN NaN NaN NaN NaN NaN 
NaN NaN NaN NaN NaN NaN NaN NaN NaN NaN NaN NaN NaN NaN NaN NaN NaN NaN NaN NaN NaN NaN NaN NaN NaN NaN NaN NaN NaN NaN NaN NaN NaN NaN NaN NaN NaN NaN NaN NaN 
NaN NaN NaN NaN NaN NaN NaN NaN NaN NaN NaN NaN NaN NaN NaN NaN NaN NaN NaN NaN NaN NaN NaN NaN NaN NaN NaN NaN NaN NaN NaN NaN NaN NaN NaN NaN NaN NaN NaN NaN 
NaN NaN NaN NaN NaN NaN NaN NaN NaN NaN NaN NaN NaN NaN NaN NaN NaN NaN NaN NaN NaN NaN NaN NaN NaN NaN NaN NaN NaN NaN NaN NaN NaN NaN NaN NaN NaN NaN NaN NaN 
NaN NaN NaN NaN NaN NaN NaN NaN NaN NaN NaN NaN NaN NaN NaN NaN NaN NaN NaN NaN NaN NaN NaN NaN NaN NaN NaN NaN NaN NaN NaN NaN NaN NaN NaN NaN NaN NaN NaN NaN 
NaN NaN NaN NaN NaN NaN NaN NaN NaN NaN NaN NaN NaN NaN NaN NaN NaN NaN NaN NaN NaN NaN NaN NaN NaN NaN NaN NaN NaN NaN NaN NaN NaN NaN NaN NaN NaN NaN NaN NaN 
NaN NaN NaN NaN NaN NaN NaN NaN NaN NaN NaN NaN NaN NaN NaN NaN NaN NaN NaN NaN NaN NaN NaN NaN NaN NaN NaN NaN NaN NaN NaN NaN NaN NaN NaN NaN NaN NaN NaN NaN 
NaN NaN NaN NaN NaN NaN NaN NaN NaN NaN NaN NaN NaN NaN NaN NaN NaN NaN NaN NaN NaN NaN NaN NaN NaN NaN NaN NaN NaN NaN NaN NaN NaN NaN NaN NaN NaN NaN NaN NaN 
NaN NaN NaN NaN NaN NaN NaN NaN NaN NaN NaN NaN NaN NaN NaN NaN NaN NaN NaN NaN NaN NaN NaN NaN NaN NaN NaN NaN NaN NaN NaN NaN NaN NaN NaN NaN NaN NaN NaN NaN 
-77.284923 -77.441225 -77.703508 -78.151943 -78.774067 -79.674112 -80.826280 -82.404712 -84.716832 -87.901534 -92.631285 -97.996466 -95.890893 -92.191230 -90.586471 -90.725544 -92.689395 -97.351460 -103.125415 -98.530973 -95.286622 -95.775470 -100.523603 -105.183038 -99.260235 -98.471977 -104.157106 -104.563132 -100.389571 -104.916472 -105.471650 -102.667652 -108.275090 -104.169911 -108.041253 -105.923582 -108.775805 -107.034217 -110.135126 -109.002944 
-64.154042 -64.312400 -64.578258 -65.033187 -65.665181 -66.581575 -67.758933 -69.381904 -71.789980 -75.213395 -80.931572 -91.460534 -84.876325 -79.506676 -77.634317 -77.728000 -79.777213 -85.091937 -94.386863 -86.177044 -82.322828 -82.794548 -88.189049 -94.725117 -86.398815 -85.476385 -92.127514 -92.474385 -87.392550 -92.632465 -93.190602 -89.749856 -96.733325 -91.350753 -96.263600 -93.375553 -97.198584 -94.736549 -98.972094 -96.926078 
