NaN NaN NaN NaN NaN NaN NaN NaN NaN NaN NaN NaN NaN NaN NaN NaN NaN NaN NaN NaN NaN NaN NaN NaN NaN NaN NaN NaN NaN NaN NaN NaN NaN NaN NaN NaN NaN NaN NaN NaN 
NaN NaN NaN NaN NaN NaN NaN NaN NaN NaN NaN NaN NaN NaN NaN NaN NaN NaN NaN NaN NaN NaN NaN NaN NaN NaN NaN NaN NaN NaN NaN NaN NaN NaN NaN NaN NaN NaN NaN NaN 
NaN NaN NaN NaN NaN NaN NaN NaN NaN NaN NaN NaN NaN NaN NaN NaN NaN NaN NaN NaN NaN NaN NaN NaN NaN NaN NaN NaN NaN NaN NaN NaN NaN NaN NaN NaN NaN NaN NaN NaN 
NaN NaN NaN NaN NaN NaN NaN NaN NaN NaN NaN NaN NaN NaN NaN NaN NaN NaN NaN NaN NaN NaN NaN NaN NaN NaN NaN NaN NaN NaN NaN NaN NaN NaN NaN NaN NaN NaN NaN NaN 
NaN NaN NaN NaN NaN NaN NaN NaN NaN NaN NaN NaN NaN NaN NaN NaN NaN NaN NaN NaN NaN NaN NaN NaN NaN NaN NaN NaN NaN NaN NaN NaN NaN NaN NaN NaN NaN NaN NaN NaN 
NaN NaN NaN NaN NaN NaN NaN NaN NaN NaN NaN NaN NaN NaN NaN NaN NaN NaN NaN NaN NaN NaN NaN NaN NaN NaN NaN NaN NaN NaN NaN NaN NaN NaN NaN NaN NaN NaN NaN NaN 
NaN NaN NaN NaN NaN NaN NaN NaN NaN NaN NaN NaN NaN NaN NaN NaN NaN NaN NaN NaN NaN NaN NaN NaN NaN NaN NaN NaN NaN NaN NaN NaN NaN NaN NaN NaN NaN NaN NaN NaN 
NaN NaN NaN NaN NaN NaN NaN NaN NaN NaN NaN NaN NaN NaN NaN NaN NaN NaN NaN NaN NaN NaN NaN NaN NaN NaN NaN NaN NaN NaN NaN NaN NaN NaN NaN NaN NaN NaN NaN NaN 
-74.134787 -67.965003 -61.968318 -61.370737 -64.336870 -66.129811 -68.944764 -73.907560 -77.649279 -79.932787 -79.792496 -75.299559 -78.356395 -89.106545 -83.800440 -79.710726 -80.445007 -84.425709 -84.159421 -78.421601 -78.143929 -82.506879 -85.280164 -83.971097 -89.753520 -84.003665 -85.448980 -88.983804 -87.621144 -85.172677 -90.911583 -88.453027 -87.112470 -88.184648 -89.833827 -94.431550 -95.532840 -95.129059 -92.204956 -95.857087 
-10.587905 -7.888567 -6.100663 -6.166809 -8.913462 -16.865143 -27.719873 -25.152246 -31.938465 -28.334143 -33.696573 -31.981990 -32.686700 -32.779097 -36.919133 -39.284586 -39.403315 -41.515032 -43.071501 -43.727585 -44.388955 -45.300428 -46.304379 -46.813636 -47.704062 -48.043701 -48.663636 -49.186044 -49.980019 -50.418447 -50.276949 -51.285122 -52.093778 -52.438341 -52.747691 -53.151246 -53.338042 -53.442780 -53.889790 -53.890565 
-6.520631 2.864531 8.505162 6.730443 7.811994 -0.188798 -5.578388 -13.506299 -20.414364 -23.782858 -27.672269 -24.692647 -19.884854 -24.101595 -27.561745 -35.172978 -35.511349 -38.074778 -43.652845 -44.089342 -40.240614 -46.120224 -50.734586 -52.185014 -49.584000 -52.502436 -51.028628 -51.733336 -53.676581 -56.107555 -49.848706 -49.159771 -53.525860 -53.471347 -57.190680 -57.269586 -51.065964 -52.142386 -51.869807 -54.389149 
-7.856937 7.637699 8.513922 6.687059 11.627823 5.811867 4.165476 -5.625863 -9.158557 -22.714127 -22.349464 -17.739340 -16.272740 -19.280614 -21.988239 -27.775198 -29.689074 -33.822298 -39.726379 -35.412915 -33.865048 -43.655740 -45.303057 -51.642596 -48.943124 -47.236681 -50.904715 -47.242162 -51.838997 -51.991887 -45.760981 -44.217187 -48.770815 -48.121165 -48.112684 -44.302416 -42.885929 -43.420997 -49.366478 -53.132436 
-8.776420 8.701394 11.472786 8.674460 14.910018 5.485896 5.884210 -3.677769 -7.695212 -19.169178 -18.311759 -15.946472 -13.324876 -15.532904 -23.082803 -24.925002 -25.759522 -32.770586 -32.913396 -31.693659 -31.166565 -34.979658 -35.202683 -36.220745 -37.562473 -38.086344 -39.298089 -40.020027 -40.214526 -39.628230 -40.055024 -39.936695 -42.061925 -42.519977 -42.655130 -39.851131 -41.421332 -40.969464 -42.735260 -44.409126 
-5.824977 9.836144 12.934869 8.084625 18.046098 12.180009 6.475771 -0.590048 -5.127294 -10.871962 -11.832116 -10.404607 -7.885181 -4.673127 -15.554047 -25.099719 -25.436996 -29.136893 -26.937811 -26.792877 -31.771005 -38.035062 -39.974018 -39.910931 -41.797695 -41.178276 -42.913613 -45.325332 -45.438050 -41.218767 -40.042948 -37.457433 -43.467330 -45.388190 -42.667350 -42.888986 -38.694017 -42.097390 -44.708924 -47.308911 
-7.711827 10.780129 14.409085 10.343859 20.353759 15.103956 12.044834 6.377681 -2.964336 -9.869411 -9.951417 -7.872218 -3.926107 -2.092370 -9.369694 -16.300566 -20.797984 -25.638387 -24.316054 -18.568197 -28.177650 -33.282924 -33.689710 -35.234314 -35.316804 -36.383440 -37.561518 -37.128188 -34.512129 -35.754620 -33.118171 -32.076413 -38.430653 -41.514964 -42.370154 -41.358673 -40.516985 -39.976361 -39.101681 -40.103747 
-7.324094 10.828283 15.923580 9.636739 21.382306 17.736020 14.546700 13.502622 -1.757786 -4.884959 -6.582883 -9.570593 -2.144378 5.606678 0.764289 -6.312711 -11.845634 -16.626626 -13.164992 -10.388820 -18.618019 -27.867213 -28.865775 -29.959307 -31.302311 -31.488268 -32.214706 -32.579300 -29.810165 -31.048982 -32.047180 -31.720577 -34.735762 -36.342024 -36.637386 -36.573380 -36.818263 -37.429709 -37.010931 -37.316043 
-11.553289 9.820538 16.893926 10.454304 20.689520 20.642584 13.943253 18.265146 4.061086 -0.171382 -3.959468 -6.923739 -6.437034 3.943443 2.308906 2.416866 -5.441320 -12.992014 -10.807159 -6.474908 -16.505958 -24.257803 -27.203164 -28.936704 -29.744849 -30.597693 -30.927221 -30.595700 -27.026112 -27.828959 -29.843644 -26.122702 -31.004706 -34.699454 -35.097983 -35.167831 -35.084004 -34.658294 -36.000146 -36.078894 
-7.622756 7.557877 17.033044 11.618920 16.983449 21.026853 11.003645 20.785255 12.605880 3.667980 -2.569077 -1.519290 -6.223284 -0.054370 4.333353 8.770130 5.767031 -4.443317 -6.003111 0.038605 -4.445039 -17.728278 -28.077291 -32.810774 -35.447799 -37.443223 -38.464543 -33.777243 -20.730975 -23.987312 -25.800532 -22.448140 -34.845255 -47.045118 -46.645475 -38.806128 -34.533583 -36.282716 -43.332828 -42.189958 
-26.051206 5.080298 17.049650 13.150676 10.066851 19.725092 13.040190 21.460575 19.635871 7.202999 4.617898 0.935597 -1.704778 -0.096404 2.434140 5.735407 11.551243 3.452599 -0.973701 1.718451 1.214978 -7.777189 -21.203420 -29.093919 -32.626934 -36.746085 -35.005414 -28.108148 -19.398978 -24.536821 -29.370345 -24.422753 -31.286302 -48.662299 -45.219976 -31.984069 -28.966485 -30.530542 -38.772347 -38.966102 
-12.194631 2.898771 16.248794 15.293451 3.065490 17.889476 16.663317 16.686363 22.575875 7.362608 8.111391 -0.337907 0.572632 -1.053458 -0.729991 0.651120 7.809697 6.040356 6.312326 4.491583 6.426148 -1.685254 -14.463728 -22.955445 -28.953431 -29.923704 -30.312870 -24.317651 -17.287521 -20.884947 -25.004098 -19.072185 -24.283638 -44.226667 -44.553340 -33.783255 -32.258349 -31.846906 -34.642041 -35.026774 
-21.359180 -4.825032 14.031980 16.696199 1.259642 17.030737 21.398110 10.753831 20.426022 11.380413 4.912029 3.802340 -4.515337 -3.840507 -0.576482 -3.293115 -1.126382 4.718890 6.623639 8.105914 4.286517 4.591282 -6.484788 -14.819592 -22.991151 -24.631328 -24.448534 -18.167373 -13.482790 -17.785678 -22.741587 -19.161150 -23.604413 -36.104799 -36.741947 -33.431331 -32.522161 -34.848011 -37.509888 -35.809921 
-23.040081 -11.826333 11.256773 17.665424 6.117904 15.544455 24.939433 14.781165 12.550213 13.412285 0.266383 6.559055 -4.883700 -1.147424 -5.598773 -6.724328 -4.879008 -3.724002 1.731909 9.183177 5.188412 4.895242 2.115595 -6.803348 -13.702390 -19.283606 -19.006197 -15.032495 -9.554001 -13.832743 -18.137873 -12.794312 -17.789976 -35.477103 -36.850945 -29.832063 -30.363322 -31.673116 -36.187651 -36.114520 
-17.703493 -13.948393 7.675838 17.476071 8.887406 11.826954 26.542221 20.433578 -1.367866 10.754317 -2.154729 3.832360 -0.209791 -0.222971 -5.407843 -11.016626 -11.489146 -7.403360 -5.770382 2.707636 5.777174 5.145375 3.869833 -1.362933 -8.124081 -15.663354 -17.061735 -15.436172 -10.143839 -12.019544 -15.021308 -12.024034 -15.815924 -34.899863 -34.418320 -25.834321 -29.980294 -30.938102 -34.472792 -35.509490 
-24.550160 -22.454266 2.358682 16.416231 11.260982 8.305298 26.243803 23.714261 -2.937765 8.286330 -0.755718 -0.294649 1.308811 -4.118321 -1.568144 -10.948925 -10.106986 -11.079397 -11.815241 -7.930405 0.044432 4.250848 3.244770 -0.805618 -5.637760 -14.688522 -17.174792 -16.134982 -11.553058 -12.112812 -14.689360 -13.181224 -17.483612 -37.755653 -40.047062 -29.634661 -32.169691 -32.645006 -35.832974 -34.514255 
-20.398368 -16.868082 0.783188 16.742195 13.788756 3.471676 23.946702 25.109649 0.531133 1.894353 -0.536413 -8.457749 -0.991925 -8.135454 -2.141066 -11.773053 -7.785135 -11.858505 -11.714411 -8.181823 -3.529250 0.611183 4.092226 0.649450 -4.032677 -12.345109 -17.954264 -17.535665 -14.115893 -13.630906 -15.167248 -11.547307 -16.355848 -38.066760 -38.961324 -32.425320 -35.613036 -36.011773 -35.239656 -36.870584 
-27.842111 -21.174825 0.223596 17.852703 16.170216 0.434520 18.247784 23.666693 5.261541 -13.371889 -4.585462 -17.543324 -5.844606 -12.569025 -10.524296 -14.992825 -11.413325 -15.755822 -11.033077 -11.284407 -8.572537 -1.485191 4.057890 1.717693 -2.493059 -8.586919 -16.640313 -17.208317 -15.135245 -11.561130 -14.359868 -10.137696 -13.573911 -34.099601 -40.563927 -33.071682 -36.999827 -35.441792 -32.378315 -32.144249 
-15.493380 -16.682415 -3.548838 18.016577 17.603902 -2.358160 8.265089 20.088204 6.518483 -14.156256 -3.668432 -18.103182 -9.047663 -12.042894 -16.932035 -16.615537 -15.659377 -16.661202 -12.871737 -15.378134 -11.340930 -3.064717 2.893038 1.608357 -2.406666 -7.555106 -16.430878 -17.651821 -16.697622 -13.236044 -14.666187 -13.009039 -16.093852 -35.367677 -40.323968 -31.638807 -35.439548 -33.280454 -33.521676 -33.951115 
-19.071553 -25.554056 -5.026569 18.289852 18.406831 -2.103978 4.871280 18.123600 6.224509 -16.234627 -3.923910 -16.355366 -11.408038 -10.538216 -21.375027 -16.661413 -17.477577 -16.423119 -15.333173 -16.810701 -12.377603 -5.576318 1.376956 2.775307 -2.536674 -6.139672 -15.330354 -17.575318 -17.911200 -15.445013 -17.631176 -12.996524 -17.077112 -35.762041 -37.568600 -26.894468 -33.909653 -34.498105 -34.109849 -35.818506 
-42.426665 -28.372679 -4.296547 18.658351 18.816408 -1.882798 2.138153 16.017602 3.838365 -15.006947 -4.030419 -16.684524 -10.964556 -11.331796 -20.094371 -17.641415 -17.857252 -17.566719 -17.019985 -18.783215 -14.573008 -6.880417 1.135939 2.376828 -3.414712 -7.043973 -16.650641 -18.938246 -18.460641 -16.302122 -17.777156 -12.838429 -18.250188 -37.944604 -35.995589 -25.307213 -32.181546 -31.205249 -29.949316 -35.015303 
-16.151988 -17.894154 -2.098063 19.405421 18.765886 -2.007390 4.320530 15.517907 1.434539 -16.378208 -6.492434 -20.028516 -9.488971 -13.851837 -18.779650 -19.424519 -16.872621 -19.183244 -16.369792 -19.545232 -15.998078 -8.919573 -1.298879 0.864614 -0.184904 -5.709073 -15.603810 -19.536618 -19.066011 -16.481989 -15.137178 -13.763911 -18.512922 -39.743120 -36.597957 -29.805215 -38.093109 -34.473234 -31.742284 -36.853941 
-34.438164 -21.597684 2.616531 19.846356 17.184939 -7.489727 7.317819 14.785964 -1.907508 -12.683019 -8.540987 -18.828208 -8.129204 -17.893312 -15.720052 -20.745670 -15.885983 -20.601913 -18.774766 -17.785713 -17.052906 -12.317967 -4.808869 2.733040 0.800918 -5.472388 -14.703824 -17.963504 -18.796230 -15.734464 -17.079724 -15.502361 -19.926768 -37.434404 -36.842722 -32.328429 -36.637763 -37.156114 -35.408521 -36.997562 
-26.858607 -22.135495 5.406214 20.000764 15.531136 -10.199726 8.464835 12.644182 -9.053704 -11.693826 -13.742256 -19.307803 -9.113573 -22.127419 -14.077510 -22.023851 -17.321554 -20.410520 -19.848214 -17.422217 -17.223251 -13.016236 -5.188487 3.227430 -1.035413 -5.857425 -16.112554 -17.982110 -19.190597 -17.303799 -18.105767 -17.308248 -21.238729 -40.900484 -40.487311 -34.437430 -40.140831 -38.959056 -33.745477 -38.941524 
-23.214682 -18.182851 7.705833 19.608375 13.520708 -6.127406 9.616193 9.528194 -17.878197 -12.759005 -15.877917 -15.876925 -10.965734 -20.530789 -15.004772 -22.113015 -20.463038 -21.086083 -23.122235 -19.853220 -17.121236 -12.103333 -2.565386 0.258252 -2.081699 -8.346691 -23.392994 -25.398803 -22.775407 -18.986033 -19.662865 -20.462455 -26.394955 -44.431697 -44.352773 -38.257704 -44.022248 -42.182421 -40.774306 -42.587071 
-21.609575 -13.526705 10.060973 16.467522 8.789704 -3.251915 8.013574 3.631393 -12.312374 -12.423280 -14.850349 -13.111589 -13.551609 -14.344117 -16.573361 -21.735720 -22.011799 -22.445725 -25.279702 -22.855197 -18.629839 -10.885255 -3.912860 -6.011833 -5.066228 -11.844279 -25.091079 -26.935609 -22.779106 -19.213768 -21.358449 -26.322150 -32.303707 -39.036218 -40.398752 -38.021823 -41.054222 -42.186153 -41.665011 -43.030954 
-16.466855 -6.084189 12.042790 15.049563 4.135748 0.330774 7.021231 -1.907738 -16.956925 -17.276830 -21.045781 -18.202627 -26.064175 -20.475802 -26.571027 -28.707902 -30.082063 -31.340122 -30.538359 -30.231296 -24.587741 -21.537203 -20.141736 -21.602543 -22.454759 -31.571460 -36.420884 -39.458369 -39.104575 -36.345540 -37.631676 -40.905046 -43.363692 -46.924851 -47.517097 -47.608942 -48.252167 -47.600704 -47.819298 -48.176876 
-20.103841 -2.913280 13.252503 13.512099 -3.588769 1.677491 0.897842 -11.483865 -10.889383 -20.767189 -21.151019 -24.018745 -27.412782 -33.730105 -37.571576 -36.741432 -37.479804 -38.601671 -38.461632 -38.339071 -37.315577 -39.943475 -38.529109 -40.143876 -40.827934 -41.658080 -45.018554 -45.667497 -46.546397 -47.355249 -47.211768 -47.366144 -47.904078 -49.062397 -49.110578 -49.138203 -49.947613 -50.185388 -50.323695 -50.594507 
-21.598654 -0.085238 13.093082 10.987593 -4.228198 -0.757175 -12.137429 -12.927181 -14.758669 -24.314947 -30.777476 -26.812441 -30.024884 -35.712347 -36.057944 -37.402925 -39.299423 -39.481246 -38.792469 -38.722329 -36.485335 -42.500726 -40.234925 -41.684383 -43.765870 -45.131253 -45.705782 -46.790285 -46.949969 -47.402296 -48.211512 -48.047012 -48.738721 -49.202109 -49.455962 -50.209155 -50.638497 -50.644825 -50.934931 -50.948396 
-7.571095 3.875241 8.270040 8.161185 -0.657190 -2.891271 -8.707966 -11.110656 -15.715142 -20.242431 -18.863855 -18.357774 -20.326847 -22.426970 -27.422465 -30.753855 -34.985571 -33.885025 -30.863473 -29.590577 -25.297702 -23.530967 -30.433298 -34.742522 -23.610096 -34.043510 -35.702674 -32.629578 -32.901650 -35.083903 -37.406407 -36.455149 -34.317300 -41.345746 -41.155690 -42.802197 -42.637906 -41.867962 -44.472141 -45.669309 
-7.497283 3.464452 12.627549 12.206098 4.182936 10.054636 3.449558 -10.946831 -15.586618 -14.209855 -14.788555 -17.727647 -20.111326 -20.268080 -26.566131 -23.659403 -27.631220 -27.301331 -27.505674 -29.014659 -20.285494 -11.288712 -15.940388 -22.119006 -11.801977 -19.457636 -19.099478 -18.706696 -22.462958 -24.678995 -24.904352 -23.010777 -23.337541 -30.233857 -28.344735 -24.644897 -30.053124 -29.330139 -29.872345 -36.370563 
-19.467525 3.787060 16.486951 13.949326 7.811605 18.412356 11.756554 -6.549003 -9.529551 -17.539924 -15.917747 -17.473952 -20.360274 -21.917767 -27.514115 -29.254159 -23.762223 -22.954119 -22.604074 -23.287536 -17.952839 -6.465456 -3.709112 -11.640758 -9.544174 -11.216087 -22.458366 -25.210826 -28.507455 -25.315898 -23.728199 -25.506583 -26.554591 -27.428916 -26.483836 -19.721340 -23.374131 -24.761002 -27.038386 -27.992868 
-28.928472 4.776634 17.859679 14.579799 10.100051 20.421554 10.684582 -13.495907 -16.563442 -15.774346 -17.742440 -16.379834 -20.984976 -18.312078 -22.893662 -24.642371 -21.800868 -22.229946 -23.000840 -21.344099 -18.951718 -10.422346 -2.963556 -9.131058 -8.797927 -7.526755 -18.894793 -23.280637 -22.836135 -18.607978 -21.893950 -26.546159 -28.554385 -33.323762 -31.426405 -24.934887 -28.699978 -27.422654 -26.373375 -29.794481 
-19.622352 5.770943 18.033317 13.789943 11.471814 21.115548 10.927063 -6.798171 -15.356433 -14.013769 -16.463467 -14.411496 -19.435968 -17.563660 -22.780878 -21.431885 -19.365715 -21.055511 -19.856200 -20.651433 -17.525910 -11.590717 -1.819428 -5.200153 -8.136204 -5.182413 -14.988214 -21.755615 -20.793055 -14.865893 -16.194389 -24.458075 -27.562904 -35.720544 -30.879922 -23.654733 -27.776176 -29.877489 -32.527684 -32.538073 
-20.401230 6.209237 17.910211 12.980100 12.955218 21.421358 9.524671 -6.180807 -14.008787 -14.701183 -19.473720 -14.732575 -19.677384 -18.220154 -20.589134 -21.463763 -21.056343 -22.236118 -20.882824 -20.544941 -18.262018 -11.984051 -2.303395 -4.847509 -9.269267 -7.072914 -14.288592 -19.745145 -17.974205 -13.709657 -16.308965 -19.948938 -23.077034 -31.739993 -29.614735 -25.969671 -31.783306 -28.379960 -26.575921 -31.476712 
-18.609206 7.253806 18.102074 12.843451 14.784205 21.899451 8.556295 -6.465622 -11.379041 -13.201967 -14.837037 -14.434908 -18.019721 -19.079383 -17.855613 -19.596509 -19.298385 -18.834128 -19.598721 -20.583388 -18.509667 -13.096699 -4.130953 -5.538846 -11.214877 -6.577376 -13.565269 -19.209233 -18.616343 -13.589975 -16.383137 -21.474175 -24.621419 -32.630964 -31.130695 -22.913862 -27.103238 -27.672563 -27.487602 -31.800964 
-12.472303 8.143476 17.977915 12.417708 17.166255 22.322578 7.282565 -6.235623 -16.057171 -13.308175 -18.481196 -15.237017 -19.381826 -19.964722 -20.215605 -23.594084 -19.743029 -20.178262 -20.745428 -21.484832 -20.517538 -15.392352 -5.070847 -4.205257 -8.313634 -5.981700 -11.937135 -16.460288 -15.705853 -11.186440 -15.199382 -20.002070 -25.484065 -35.994221 -30.372163 -20.347678 -28.708712 -29.341537 -29.948894 -33.815020 
-14.845651 8.639156 17.482644 10.861131 19.484650 22.523619 5.477698 -4.877840 -10.052658 -10.933342 -13.058521 -14.242809 -17.284607 -18.024289 -19.908649 -19.806691 -19.022618 -19.409229 -20.285347 -19.288521 -18.053212 -13.341533 -2.875426 -1.819945 -6.485539 -5.815478 -13.659440 -18.171983 -15.906798 -9.731320 -12.042099 -19.225506 -23.072198 -33.005222 -31.893733 -24.574585 -29.860304 -30.565441 -29.040777 -30.266965 
-13.195666 9.226871 17.008973 11.146028 21.225476 22.384622 4.479303 -1.542926 -14.323109 -13.150734 -15.734865 -17.635825 -19.912697 -21.449252 -22.037729 -26.261640 -22.502689 -22.559710 -23.813634 -21.896780 -19.767753 -12.536129 -4.292678 -3.371138 -7.942635 -6.600312 -13.029941 -18.788945 -17.620418 -11.387076 -14.373572 -18.632515 -21.204683 -38.243107 -38.465060 -29.608762 -31.077683 -28.694943 -25.933504 -29.968629 
-12.599441 9.665138 16.463158 10.759483 22.575889 21.825110 3.913671 -0.588017 -14.315107 -13.520720 -16.525201 -23.176788 -21.553556 -19.742526 -24.326524 -26.532355 -23.814724 -22.208611 -22.330128 -21.095826 -18.361250 -14.211918 -3.805791 -5.466820 -8.036658 -7.097447 -13.817629 -18.282572 -16.855498 -12.086222 -15.338977 -21.315635 -24.404244 -38.352665 -30.932587 -25.601388 -31.349467 -31.140761 -29.624576 -31.660965 
-9.973337 10.067600 15.982409 10.036733 23.695320 20.926112 5.935717 2.056739 -12.580460 -13.417546 -15.334709 -21.518116 -23.817787 -18.687319 -23.429312 -22.226339 -20.790456 -20.459418 -21.062807 -19.980591 -17.624323 -10.481262 -0.355949 -2.230550 -4.277551 -5.001928 -13.796169 -19.275739 -17.031476 -9.953101 -12.516512 -18.618515 -24.337432 -34.773159 -28.901324 -21.403693 -29.839945 -32.630370 -31.986511 -32.768897 
-6.851351 10.673361 15.460902 12.387192 24.366920 19.691257 8.832910 3.491748 -7.278586 -12.333300 -17.079932 -23.136186 -21.533014 -18.044338 -19.777196 -22.413128 -21.368679 -22.134102 -21.378551 -19.993634 -17.035947 -9.829471 -0.190360 -2.820734 -6.113947 -8.600938 -17.947057 -19.234922 -15.101436 -9.089401 -13.206514 -20.213048 -21.809272 -39.629482 -29.643026 -20.985625 -27.728997 -26.481019 -30.533211 -31.183263 
-6.606350 11.080117 14.713871 13.471512 24.393878 18.117772 11.231465 5.137728 -5.356992 -11.723424 -17.416431 -18.197599 -15.657858 -14.922745 -17.059668 -20.879088 -20.803856 -20.968078 -20.135237 -17.923966 -15.043940 -8.449529 0.588529 -5.958455 -5.059314 -8.126075 -15.886328 -18.712398 -16.018044 -9.845701 -13.341016 -20.493045 -25.485232 -37.555502 -32.159570 -23.829885 -30.615992 -30.283544 -30.198410 -31.052959 
-6.048498 11.420116 14.485401 13.990613 23.825534 16.776847 14.680908 7.492703 -2.810418 -12.469869 -17.637446 -15.462047 -13.933869 -15.362553 -17.872877 -21.008530 -19.852124 -19.861086 -18.084897 -15.491240 -13.106757 -2.788356 3.104029 -5.503159 -5.408460 -11.049201 -18.435799 -19.074858 -16.312498 -13.139242 -20.046881 -23.727137 -26.906389 -34.994193 -28.570500 -20.607558 -27.317445 -28.203132 -26.555976 -30.335217 
-3.891471 11.762414 14.282064 13.982819 22.441442 14.679679 18.945300 10.498455 -0.822751 -12.548145 -14.074133 -11.822643 -12.509291 -15.034894 -16.905786 -18.087142 -18.080022 -17.985019 -17.260731 -15.772470 -12.863089 -3.435866 -0.785906 -4.356408 -6.826671 -13.975971 -20.232637 -21.101262 -15.768885 -10.618164 -15.250246 -20.854392 -23.798032 -33.016276 -27.820996 -18.745721 -26.603887 -29.982078 -32.428177 -33.412281 
-2.090244 12.267392 13.837172 13.917218 20.374445 15.699907 22.997681 14.735216 3.150245 -9.119642 -12.497260 -11.354623 -11.758351 -13.320220 -14.776215 -17.177343 -18.016932 -17.455108 -16.023004 -12.724762 -7.614316 2.179743 0.900725 -0.031095 -4.869769 -16.709104 -23.718405 -23.178481 -18.155233 -12.970976 -18.393571 -22.817531 -24.590115 -37.598193 -30.847659 -22.050780 -27.626352 -26.267685 -27.686729 -34.005476 
-3.263803 12.647185 13.756383 13.664732 17.473716 17.125156 24.546063 15.864702 9.175722 -3.981466 -6.524955 -9.636790 -10.461271 -12.942066 -15.284852 -17.093919 -15.167189 -13.717631 -10.057242 -6.653954 -0.854177 5.158289 1.087506 1.331335 -5.680899 -13.292694 -19.272965 -22.335203 -16.337556 -10.915502 -14.865857 -21.454037 -26.343393 -36.009170 -33.621769 -23.349380 -27.698858 -31.274966 -31.423138 -34.993908 
-3.566924 12.837377 13.495157 13.165418 16.463607 16.645127 22.770979 17.567857 14.683116 -0.008438 -1.322056 -3.800989 -8.494316 -9.558599 -11.350451 -12.472398 -11.488520 -9.711758 -6.990425 -2.237356 4.390147 2.101561 0.150126 0.747635 -8.691031 -17.247819 -20.729117 -20.187003 -14.984222 -11.783710 -14.957613 -19.172277 -21.924887 -37.233687 -35.207820 -26.804668 -23.893860 -26.359153 -29.648849 -30.709777 
-2.669401 11.549891 12.716316 12.943613 15.684744 14.233946 17.444021 19.508629 17.972816 3.356002 3.135741 -1.521171 -5.744649 -5.666005 -5.817843 -8.657533 -9.924980 -8.942128 -6.377797 0.500687 2.424283 -1.441127 -0.658699 0.759351 -12.521060 -20.789196 -21.718070 -19.755170 -13.249490 -9.445536 -14.453725 -20.277960 -23.695770 -37.433683 -31.795997 -17.460242 -20.640241 -26.698858 -28.562927 -30.354934 
-2.910245 4.598892 9.546020 12.203703 15.512922 7.678088 14.316559 16.470463 19.287255 5.480889 1.442484 -4.221983 -5.170577 -6.022488 -6.972903 -11.136957 -9.649960 -7.765507 -2.161245 2.034836 -2.808191 -7.453695 -6.896718 -7.197391 -20.306426 -27.866018 -26.252149 -27.832531 -19.012657 -13.624417 -18.466653 -23.466344 -27.048781 -40.282823 -32.917104 -18.469052 -23.291135 -29.229548 -31.684587 -34.264768 
-0.236490 11.256410 11.781626 12.626985 14.013289 8.885709 12.732020 20.890524 18.596529 12.802389 7.110860 1.390012 -2.617775 -1.643327 -1.945346 -4.647426 -3.662322 0.192959 4.192221 2.167234 -3.583167 -4.953219 -0.619505 -4.799218 -16.278017 -21.399187 -22.685647 -19.590354 -12.548478 -14.262435 -20.380473 -22.550599 -26.476072 -39.542116 -38.531189 -24.059344 -22.403873 -24.684687 -28.394768 -33.067332 
-4.302009 11.671093 11.355616 12.305044 14.262877 10.788060 11.664525 20.356445 18.399830 16.437739 8.705220 2.485160 0.655880 1.450768 0.902757 -1.417287 0.032822 5.306211 5.069277 -1.151974 -4.265005 -4.215597 0.786831 -3.681598 -13.985734 -17.494039 -19.596427 -15.539141 -8.916534 -11.194415 -18.648016 -23.388528 -27.832729 -32.369713 -31.162532 -21.146017 -20.108400 -23.518159 -31.656567 -33.506703 
-4.040963 11.692654 12.383559 11.628926 14.504386 10.008440 10.992204 18.498654 16.819596 14.984442 9.101521 4.458677 -0.240265 1.088756 1.023485 1.261330 3.917284 7.619706 2.446365 -4.520312 -8.163555 -6.690279 -3.157640 -7.569867 -17.891830 -20.719285 -23.263510 -17.438187 -11.032393 -14.871673 -20.800831 -20.949829 -25.287058 -37.151485 -33.413183 -23.426783 -21.480754 -26.583252 -34.501343 -37.092842 
-2.954341 12.300614 12.275702 11.987230 13.345948 9.363421 10.426395 17.827341 15.433017 15.294479 9.944005 6.005813 3.411319 3.296024 2.545925 3.205151 7.012042 6.501775 -1.529880 -5.419099 -9.075462 -8.927238 -4.240829 -6.258574 -15.674977 -18.540046 -19.445156 -12.891521 -9.018484 -12.527918 -17.561175 -21.752494 -26.864503 -40.901344 -38.212322 -25.663506 -24.021080 -28.827362 -37.071180 -35.621107 
-2.477636 11.610678 11.473947 11.852232 11.871682 8.874102 10.040247 17.502371 15.427531 14.754442 9.591166 4.763486 3.880052 3.767478 4.327017 7.302758 8.290512 3.066157 -4.077356 -8.605702 -11.832352 -11.747585 -4.743161 -5.434106 -18.307575 -23.033919 -21.986174 -13.715995 -10.119019 -13.719881 -20.462157 -24.927549 -31.890299 -42.856217 -37.129969 -26.626141 -24.663747 -31.079761 -34.866925 -41.382332 
-4.976816 7.074006 11.781942 11.360637 7.338741 9.792135 9.964935 16.362277 17.425426 13.605501 10.867553 2.972398 4.387769 4.051454 6.356358 10.781135 9.152355 -1.574455 -8.286140 -12.083218 -15.241065 -14.418551 -10.469297 -8.263741 -16.676935 -23.075461 -25.532620 -19.387668 -15.662103 -21.822531 -29.730303 -30.418423 -34.118157 -40.563324 -38.688498 -26.631713 -27.499329 -29.333319 -36.113164 -41.074747 
-4.012415 8.943372 11.475466 12.437454 11.520879 9.472841 10.382717 16.872100 13.857058 12.402521 8.381043 3.620683 1.069687 1.552333 5.889747 6.945645 1.030198 -7.743230 -12.138229 -15.330565 -20.472551 -20.589391 -14.553183 -10.553110 -17.062184 -20.482493 -20.654323 -15.205726 -14.997506 -21.363265 -29.572568 -30.273733 -35.697066 -44.583288 -40.268363 -27.969028 -26.852725 -28.700461 -39.055158 -41.801201 
-1.900403 11.592684 11.076475 12.570867 12.410355 9.246326 10.617399 19.001990 14.469440 12.532048 8.456347 3.563524 3.228788 5.652349 10.161513 8.269981 0.650991 -7.999221 -12.531349 -15.854950 -20.492879 -20.046783 -16.070344 -8.602348 -12.136910 -20.041642 -22.576400 -15.068734 -13.799863 -19.376596 -24.621059 -27.153261 -31.254978 -42.919886 -40.724710 -28.647510 -26.265106 -30.953997 -42.049800 -42.021430 
-3.008695 11.443829 10.608970 12.332648 12.481063 9.508595 11.549500 19.346369 14.284758 12.512078 8.351920 4.052232 3.983009 8.349793 11.845200 8.118458 -3.311044 -9.224794 -14.787198 -18.225394 -20.947666 -18.872484 -16.594558 -9.519311 -9.557613 -18.133280 -22.253240 -16.126521 -14.526136 -17.308014 -21.165142 -24.545686 -30.405992 -39.648894 -38.284511 -24.852372 -22.404620 -27.046103 -38.456034 -40.120981 
-2.371920 11.277771 10.083875 12.555225 12.250590 9.491401 11.905752 19.630286 14.689471 11.494780 7.652243 3.417372 3.369751 9.101647 11.216442 5.921133 -5.922032 -11.632013 -16.132145 -19.371776 -22.143454 -20.378593 -18.028147 -10.876206 -10.297808 -18.182685 -20.934027 -14.073512 -13.577960 -17.782530 -22.058680 -25.735208 -32.673302 -45.933290 -40.988746 -25.647110 -28.311916 -32.839221 -39.194104 -42.469788 
-1.740048 11.099864 9.079175 12.519734 11.295209 9.023159 12.298659 18.996976 15.972890 11.591845 6.199636 4.279892 4.364731 9.668801 9.529637 2.872276 -7.799604 -13.774194 -17.960062 -20.559527 -22.955223 -22.772352 -20.321608 -14.112696 -10.622523 -17.344897 -18.468353 -12.258246 -14.489477 -22.937173 -26.271533 -26.190532 -29.947029 -37.597230 -37.867507 -32.761564 -30.128656 -29.288751 -37.279505 -38.204487 
-0.715284 10.849793 7.960055 12.291175 10.117264 8.716648 12.765530 17.463734 17.780006 11.072018 4.142338 5.108834 5.057922 9.990426 10.328208 0.446138 -10.607007 -16.977334 -20.658447 -23.135738 -25.223047 -23.199588 -21.093726 -13.953460 -9.483502 -16.549003 -20.861947 -15.088902 -15.775408 -21.634780 -28.065646 -29.777458 -32.175175 -45.848862 -44.638856 -34.056858 -29.423072 -32.222538 -39.021634 -40.367902 
-0.024899 10.426012 7.576593 11.433414 8.610794 9.172965 12.627973 14.860677 18.510000 9.844760 5.831011 4.376008 4.400894 8.758027 8.900064 -4.731136 -12.405273 -17.546343 -22.457758 -26.290649 -27.158213 -25.923871 -25.223512 -19.846467 -13.272268 -19.220908 -22.306532 -15.367220 -15.594709 -20.948600 -26.061785 -31.061514 -34.152398 -39.691826 -38.577768 -27.307020 -25.886294 -27.830159 -35.346593 -40.609992 
1.067832 9.962343 7.711561 10.335214 8.110900 9.550859 13.020515 16.286587 18.461289 7.979350 6.184462 3.481751 3.316530 8.454584 6.259035 -7.563199 -13.722947 -19.132000 -23.227028 -26.253035 -28.855567 -29.345388 -27.164001 -24.215918 -16.730432 -22.191087 -22.919783 -14.349872 -16.056911 -24.484242 -28.309899 -34.295910 -40.347285 -48.178567 -44.387415 -28.047638 -23.279341 -25.424789 -37.129102 -45.535224 
1.587055 9.298161 7.785717 8.715530 8.357888 9.053502 12.414355 18.092036 16.592092 3.354096 3.955659 0.339452 3.109181 7.862681 3.203072 -7.794848 -18.601226 -23.382187 -27.403862 -26.780003 -28.975238 -30.990806 -31.347714 -27.997331 -20.654860 -22.569914 -24.710757 -17.738264 -21.331129 -29.422056 -32.315988 -33.104830 -36.018400 -39.503877 -39.896648 -35.871290 -30.500486 -33.299546 -37.796471 -37.908559 
1.775847 8.777989 8.151478 8.450100 8.365159 9.105486 10.951237 17.196541 10.389123 3.037135 1.105839 -0.303061 2.213689 5.909456 1.653714 -13.078778 -20.358963 -25.403653 -29.081385 -29.655985 -30.253770 -30.120670 -27.409081 -28.392501 -29.550872 -25.964385 -26.091531 -20.803791 -22.727744 -26.944715 -31.074721 -34.944564 -40.799544 -46.596885 -47.038373 -40.247358 -39.711832 -36.353944 -36.824917 -43.860564 
1.837118 8.115885 8.486828 7.954053 7.002422 6.624177 9.836336 12.380856 10.820508 3.655075 0.874491 -1.841479 -0.702838 3.731715 -0.925565 -10.720064 -21.006683 -28.440436 -34.633948 -36.602906 -38.831209 -39.786281 -40.764213 -37.866594 -32.953955 -36.356713 -36.554793 -28.862542 -28.067963 -31.438472 -37.023651 -35.109216 -38.065292 -45.576678 -46.382793 -37.699212 -37.283771 -35.569947 -36.849920 -41.812547 
1.874799 6.728966 7.618323 6.131370 3.204160 3.029533 7.137818 10.754860 10.904916 -4.040484 -5.574883 -5.503515 -0.683701 2.081277 -9.123898 -19.109746 -25.443038 -32.742550 -39.414773 -40.238611 -40.651577 -39.921045 -37.610954 -30.815790 -24.551610 -31.102965 -33.130348 -27.492565 -30.566981 -37.121921 -36.346397 -38.966546 -41.973130 -49.793464 -47.329260 -37.209116 -38.045382 -39.391315 -40.918353 -45.115307 
1.790612 4.528849 4.310901 -1.408139 0.216402 0.472271 3.862375 11.727105 8.198388 -3.660870 -6.333217 -8.798412 -1.072759 0.776662 -15.410573 -22.668862 -27.470492 -31.378236 -35.454554 -35.852210 -37.200233 -37.238012 -37.010739 -35.816346 -29.183129 -32.774629 -34.169508 -31.336841 -35.267739 -39.993750 -41.179584 -41.091526 -43.437782 -44.765913 -45.160105 -40.154555 -39.896968 -38.358577 -41.463085 -44.430192 
1.430986 3.301748 2.484383 0.962065 0.891588 -0.250367 4.351841 10.987580 5.592174 -5.097240 -6.418099 -6.744534 -4.277240 -4.916191 -18.778441 -23.227304 -27.827251 -32.785486 -35.448915 -37.035894 -38.122399 -38.465149 -37.569812 -36.876348 -28.254657 -28.588577 -32.532111 -31.415845 -38.265267 -42.702212 -42.609465 -41.916586 -44.124874 -46.123367 -46.399414 -42.948202 -42.853385 -41.543000 -43.088443 -45.708293 
0.427526 4.024891 4.697068 2.576968 0.841975 1.160623 5.028558 7.842991 2.300446 -10.052485 -8.829078 -5.575083 -8.373146 -13.198843 -24.142698 -32.956291 -38.091037 -38.589792 -46.053569 -50.688787 -49.656284 -47.700096 -51.681534 -43.564271 -30.201074 -25.138262 -28.478393 -23.867939 -31.443915 -42.836393 -41.162905 -49.140112 -50.078039 -57.843073 -53.542234 -48.477308 -46.923543 -45.182662 -48.010131 -49.813746 
-0.030272 3.623857 3.126505 -2.270442 -2.941497 -0.738460 1.920217 4.533992 1.828452 -9.072343 -4.996710 -7.853950 -13.078744 -17.073766 -32.663308 -36.188030 -38.550920 -45.881382 -47.517914 -48.127566 -46.550867 -47.626888 -47.533295 -47.534626 -38.460706 -36.800553 -41.993339 -35.424011 -38.572718 -48.049227 -50.361501 -47.319011 -53.371436 -57.622203 -57.033165 -49.758697 -49.173081 -47.067262 -49.463685 -49.864217 
-0.649696 -0.758452 -2.116472 -4.396101 -5.520138 -4.215111 2.323950 6.668322 -0.913520 -13.887690 -8.959566 -12.415628 -11.456599 -16.759232 -31.821120 -35.264095 -43.207913 -45.929228 -51.031328 -50.728075 -51.338213 -53.110207 -51.570314 -50.175534 -39.596437 -38.122651 -46.833365 -41.856334 -44.778042 -51.432082 -51.165972 -48.887762 -54.921910 -56.325409 -56.844199 -51.685957 -53.294890 -49.444409 -50.859685 -51.637263 
-0.327205 1.066184 -0.575557 -3.006111 -3.525657 -0.625566 5.130194 5.584152 -4.642793 -12.177862 -11.892033 -11.755851 -18.565745 -23.974309 -23.754061 -30.214091 -36.321436 -42.000317 -44.812170 -47.359096 -46.795477 -48.508779 -48.036579 -49.752817 -36.166291 -31.643004 -43.892576 -38.863400 -41.077369 -50.861362 -49.928700 -49.063087 -51.011574 -55.967933 -54.552710 -51.326974 -50.880863 -49.488461 -50.042697 -50.607208 
-0.200062 0.939669 -6.240470 -12.168456 -6.554581 -5.810439 -1.487993 -2.858379 -10.904319 -15.053084 -16.028403 -10.999926 -16.719555 -25.893752 -30.212706 -39.669322 -43.930928 -42.894195 -48.700527 -50.186090 -50.801490 -52.072431 -51.178897 -44.421851 -39.092152 -37.289511 -42.805992 -43.960727 -45.842529 -51.250823 -54.011861 -52.673686 -55.609895 -58.535873 -55.994614 -56.019239 -54.311843 -49.917955 -47.671464 -50.503893 
-1.109534 -3.746335 -6.896584 -8.776604 -4.402489 -4.672188 -1.064618 -2.029507 -11.408227 -18.082826 -16.353468 -8.532781 -16.108070 -25.414699 -34.482491 -44.597221 -48.546138 -49.529167 -54.419636 -56.149781 -53.528500 -55.285892 -53.196289 -47.400260 -41.644905 -35.697897 -43.563757 -41.739950 -45.996375 -51.394134 -53.355172 -52.208173 -52.810425 -60.053368 -59.034046 -57.448431 -55.981986 -50.894343 -49.308593 -48.411263 
-2.062406 -3.212242 -6.625224 -2.586061 -6.790775 -8.854432 -9.831541 -17.050228 -17.948560 -20.802828 -20.385555 -12.910098 -11.372128 -25.129942 -34.125949 -43.374883 -45.779923 -52.198372 -58.986333 -54.514055 -53.598027 -53.151580 -49.211105 -53.367668 -49.798485 -43.204104 -47.795631 -45.607842 -46.670198 -44.356562 -53.122768 -54.650377 -54.760805 -57.027309 -55.583625 -57.286392 -54.478727 -47.813609 -45.015296 -44.248982 
-1.655423 -4.391400 -9.639746 -11.545289 -8.279136 -15.898681 -13.460246 -20.711601 -27.751248 -26.189482 -19.179983 -13.987233 -19.433466 -25.616872 -31.735268 -39.159190 -45.925682 -47.798179 -52.918999 -53.909953 -53.944578 -54.584413 -53.678463 -53.277964 -44.969136 -43.433372 -50.356054 -46.547229 -50.669266 -51.851376 -56.004832 -54.444880 -57.996352 -59.037446 -58.909663 -56.859404 -57.689382 -53.453305 -48.814420 -50.741918 
-1.717276 -3.142940 -12.941221 -6.870849 -7.236812 -5.599448 -1.666569 -5.224149 -19.156500 -18.499466 -16.604968 -15.789321 -21.655405 -26.826519 -28.772937 -36.573881 -41.878642 -47.044119 -49.309783 -51.113333 -51.910820 -50.739452 -47.473211 -48.872511 -42.213536 -41.106035 -47.440960 -45.340482 -49.788325 -51.361788 -52.504181 -50.611940 -53.047355 -55.913297 -57.606820 -52.258417 -52.087008 -47.305464 -44.733029 -47.737837 
-5.137759 -8.469306 -11.921833 -13.567793 -17.582590 -9.567073 -7.764107 -10.095669 -19.706901 -23.305435 -17.010906 -20.310493 -19.846775 -27.527786 -39.610544 -45.488790 -43.775340 -48.430091 -55.857405 -54.533889 -56.044742 -56.820435 -59.963230 -57.019470 -47.959119 -43.392784 -51.316825 -48.574465 -50.278814 -55.265385 -56.739986 -55.479392 -58.723281 -60.739809 -59.015388 -58.145563 -56.347395 -52.545247 -46.954785 -48.504723 
-8.868060 -10.998260 -17.225390 -14.119422 -13.008979 -15.826885 -10.545140 -14.299199 -30.209748 -29.211879 -20.895192 -18.645413 -22.192499 -33.849991 -44.558981 -44.019987 -47.158908 -48.607784 -51.949059 -55.262196 -56.498006 -59.913367 -56.648331 -52.865077 -48.692270 -45.900070 -53.408940 -50.802028 -50.848695 -54.781503 -58.657997 -58.287539 -62.661860 -66.526891 -65.671890 -62.838782 -58.317173 -56.351223 -51.971452 -54.392031 
-17.930029 -14.590950 -18.402736 -23.558576 -26.917266 -30.067453 -26.944344 -28.391910 -33.467895 -39.874161 -33.044450 -32.389547 -28.713323 -33.882170 -44.735600 -50.789291 -55.701267 -57.714974 -58.686002 -61.996632 -61.100709 -60.451251 -58.616485 -58.952395 -57.648282 -62.904430 -60.653630 -60.094355 -58.978187 -62.342624 -64.531050 -62.616615 -65.371670 -70.468906 -68.434323 -65.725714 -65.090911 -64.314346 -60.045603 -64.037373 
-37.956357 -35.846075 -31.178892 -29.866552 -33.389821 -40.688295 -41.871776 -41.425897 -55.131356 -48.741800 -44.336544 -41.963669 -39.526946 -47.481158 -56.640045 -58.296530 -61.494326 -62.862470 -64.478003 -63.800959 -63.440229 -63.902921 -64.319263 -64.911572 -66.217001 -68.058801 -67.672180 -70.684507 -68.885260 -70.170345 -72.219070 -72.122775 -72.153292 -72.389720 -74.182996 -74.134344 -73.228580 -73.529738 -73.051026 -74.446884 
-45.636540 -48.307451 -50.277160 -49.454371 -47.709676 -50.509476 -53.405415 -51.819052 -63.555688 -66.242514 -61.050117 -57.349712 -61.979515 -72.068470 -72.272438 -72.847521 -75.114850 -77.546219 -80.380568 -80.431089 -79.354330 -75.830804 -79.844995 -80.167889 -78.697100 -76.467189 -79.851557 -78.315176 -81.277728 -77.966625 -76.079495 -78.608533 -82.294433 -83.162097 -78.476391 -79.751339 -80.777510 -81.864437 -82.131006 -83.783744 
-72.848813 -68.929894 -69.153293 -73.846025 -71.448895 -75.895016 -74.294261 -71.085304 -75.118216 -74.750610 -79.636690 -78.236866 -78.081393 -75.840396 -76.860229 -78.243437 -81.510968 -88.281998 -84.894128 -82.022422 -80.150788 -80.478954 -83.205158 -85.227596 -84.257724 -84.797730 -87.566939 -85.520900 -85.089688 -87.095134 -87.258365 -86.939494 -91.238435 -93.550014 -87.334665 -82.894019 -84.641950 -90.546163 -87.529949 -85.465206 
-150.425994 -150.435052 -150.449977 -150.474724 -150.507459 -150.551735 -150.603386 -150.665800 -150.742092 -150.823319 -150.908388 -150.993990 -151.068501 -151.123985 -151.147976 -151.127534 -151.051509 -150.915586 -150.721563 -150.484149 -150.223428 -149.967237 -149.750717 -149.596076 -149.520075 -149.518349 -149.548623 -149.523640 -149.327934 -148.882552 -148.223109 -147.500585 -146.873988 -146.396045 -145.906445 -144.999513 -143.390858 -141.375477 -139.526145 -138.255254 
NaN NaN NaN NaN NaN NaN NaN NaN NaN NaN NaN NaN NaN NaN NaN NaN NaN NaN NaN NaN NaN NaN NaN NaN NaN NaN NaN NaN NaN NaN NaN NaN NaN NaN NaN NaN NaN NaN NaN NaN 
NaN NaN NaN NaN NaN NaN NaN NaN NaN NaN NaN NaN NaN NaN NaN NaN NaN NaN NaN NaN NaN NaN NaN NaN NaN NaN NaN NaN NaN NaN NaN NaN NaN NaN NaN NaN NaN NaN NaN NaN 
NaN NaN NaN NaN NaN NaN NaN NaN NaN NaN NaN NaN NaN NaN NaN NaN NaN NaN NaN NaN NaN NaN NaN NaN NaN NaN NaN NaN NaN NaN NaN NaN NaN NaN NaN NaN NaN NaN NaN NaN 
