NaN NaN NaN NaN NaN NaN NaN NaN NaN NaN NaN NaN NaN NaN NaN NaN NaN NaN NaN NaN NaN NaN NaN NaN NaN NaN NaN NaN NaN NaN NaN NaN NaN NaN NaN NaN NaN NaN NaN NaN 
NaN NaN NaN NaN NaN NaN NaN NaN NaN NaN NaN NaN NaN NaN NaN NaN NaN NaN NaN NaN NaN NaN NaN NaN NaN NaN NaN NaN NaN NaN NaN NaN NaN NaN NaN NaN NaN NaN NaN NaN 
NaN NaN NaN NaN NaN NaN NaN NaN NaN NaN NaN NaN NaN NaN NaN NaN NaN NaN NaN NaN NaN NaN NaN NaN NaN NaN NaN NaN NaN NaN NaN NaN NaN NaN NaN NaN NaN NaN NaN NaN 
NaN NaN NaN NaN NaN NaN NaN NaN NaN NaN NaN NaN NaN NaN NaN NaN NaN NaN NaN NaN NaN NaN NaN NaN NaN NaN NaN NaN NaN NaN NaN NaN NaN NaN NaN NaN NaN NaN NaN NaN 
NaN NaN NaN NaN NaN NaN NaN NaN NaN NaN NaN NaN NaN NaN NaN NaN NaN NaN NaN NaN NaN NaN NaN NaN NaN NaN NaN NaN NaN NaN NaN NaN NaN NaN NaN NaN NaN NaN NaN NaN 
NaN NaN NaN NaN NaN NaN NaN NaN NaN NaN NaN NaN NaN NaN NaN NaN NaN NaN NaN NaN NaN NaN NaN NaN NaN NaN NaN NaN NaN NaN NaN NaN NaN NaN NaN NaN NaN NaN NaN NaN 
NaN NaN NaN NaN NaN NaN NaN NaN NaN NaN NaN NaN NaN NaN NaN NaN NaN NaN NaN NaN NaN NaN NaN NaN NaN NaN NaN NaN NaN NaN NaN NaN NaN NaN NaN NaN NaN NaN NaN NaN 
-76.642454 -74.214072 -73.745880 -74.689804 -75.418016 -76.244444 -79.701006 -83.762893 -81.414937 -82.640913 -86.257953 -84.371529 -78.428358 -82.337462 -86.045717 -88.176694 -88.643609 -90.427528 -86.649258 -90.189115 -89.253168 -87.926914 -88.866969 -89.237688 -91.835742 -87.205032 -90.304610 -92.671689 -91.382409 -92.187600 -90.777601 -94.347806 -95.169010 -95.834006 -90.435767 -91.763468 -96.086077 -95.434853 -97.033400 -95.977617 
-25.788930 -20.726889 -16.468597 -15.836518 -20.209405 -26.576338 -29.832316 -35.032643 -34.574692 -38.627967 -42.884945 -39.847652 -43.476604 -40.725761 -36.845878 -42.221165 -44.832707 -48.422427 -54.121831 -53.329690 -54.682449 -53.635121 -56.977512 -60.313924 -63.221447 -61.735763 -62.669329 -63.983860 -62.995731 -66.241066 -67.929938 -67.122242 -66.476454 -70.831268 -69.563006 -67.819751 -69.711935 -69.325365 -68.343238 -71.983898 
-14.198131 -13.269152 -0.015529 9.334336 8.215688 0.365481 -0.316280 1.994600 -4.680761 -14.420589 -22.486188 -15.419554 -12.104208 -14.644739 -16.801271 -20.386559 -25.009529 -30.146450 -32.011046 -33.286408 -32.869803 -32.343818 -32.151324 -37.195779 -37.771178 -39.818590 -39.798421 -41.205305 -40.124294 -42.788427 -42.416339 -40.647188 -43.240940 -43.941346 -42.892157 -44.529913 -45.151657 -43.863750 -43.213864 -43.339571 
-26.640036 -12.760119 8.250645 17.171822 11.492084 2.968953 13.671612 10.439744 -3.237077 -12.715561 -13.151667 -5.596016 -7.842160 -2.013984 -2.861617 -13.497590 -20.761435 -21.317323 -24.728370 -20.471759 -23.721300 -30.285632 -29.935508 -33.538581 -34.312903 -35.324927 -35.974569 -37.191114 -37.547984 -37.581773 -36.919109 -35.514385 -40.447087 -39.168387 -37.478417 -39.521001 -38.751915 -35.312124 -33.956430 -33.087543 
-21.820606 -20.938617 9.107171 18.715635 9.722184 0.767675 16.389507 13.328637 -12.352149 -11.788552 -17.819881 -2.184029 -5.867570 -0.143948 -1.678165 -9.393769 -13.634184 -15.768313 -15.582423 -16.924970 -16.988682 -31.762375 -31.388134 -36.962737 -36.661772 -36.134785 -36.945881 -37.227722 -39.512655 -43.230102 -40.472938 -35.941407 -38.244923 -40.910700 -36.092631 -39.390699 -38.661453 -37.993591 -38.650959 -35.160534 
-11.895984 -16.561492 10.321770 20.796306 12.658741 1.746320 19.749817 16.798410 -13.608858 -6.911139 -15.308870 1.834254 -3.762474 6.016364 5.017736 -1.811449 -9.207919 -10.522153 -12.915637 -12.491659 -13.213499 -26.122425 -28.832554 -33.789997 -37.386481 -40.021896 -37.455103 -38.727471 -38.406778 -39.823137 -38.895055 -36.029823 -37.170836 -40.281111 -32.772604 -40.858492 -45.416642 -44.038136 -39.270135 -33.890733 
-10.588730 -16.161710 11.391932 22.083194 14.097844 1.870745 21.358707 19.393641 -5.474172 2.525081 -9.543767 1.749316 -0.662620 6.496518 6.767993 4.453485 -0.910501 -6.048375 -8.386085 -8.645949 -7.659441 -26.886135 -32.130464 -33.652731 -36.356622 -39.177049 -38.099667 -40.237776 -41.233759 -41.013394 -36.963254 -30.944385 -34.248398 -40.017329 -33.890073 -41.765045 -46.269570 -43.918463 -43.409331 -35.278127 
-12.443251 -15.708850 12.079990 22.740256 14.796725 2.782219 22.354998 19.987615 -6.366562 7.796444 -3.279001 4.768544 2.147662 4.704862 4.330321 8.241872 7.148565 -2.582030 -5.326108 -4.660832 -2.376040 -19.290399 -27.375816 -31.425623 -33.913675 -34.745726 -34.955454 -37.785327 -38.498549 -38.976301 -34.863529 -26.309584 -29.631782 -33.943761 -29.589796 -39.947442 -43.452532 -43.350565 -41.754631 -31.041537 
-21.856208 -22.482003 11.186290 22.871219 15.819860 1.465631 22.055114 21.480522 -2.218858 11.838750 3.493342 5.291952 5.902749 2.600381 2.933989 8.204676 9.809373 4.807390 1.781742 1.976561 5.019486 -10.342347 -19.889564 -26.675473 -31.196372 -34.341629 -35.141065 -35.783967 -35.337684 -34.041892 -29.362121 -21.726709 -27.788774 -32.882404 -27.028304 -38.741539 -43.547534 -44.281299 -41.779177 -30.590881 
-29.196221 -18.021861 9.953987 22.810083 17.106987 -1.551119 20.982445 22.548210 -2.214024 14.086315 8.455445 2.500963 7.511736 -2.809715 2.268091 -0.160754 1.672158 7.391205 8.805485 8.359025 8.208716 0.002967 -8.500623 -18.170369 -28.981313 -30.029140 -30.647161 -31.036445 -30.876080 -29.581283 -26.261342 -21.479595 -26.848778 -30.387787 -22.994579 -34.552527 -40.191116 -39.958189 -39.092486 -31.459928 
-21.456542 -17.015047 8.511557 22.628450 17.887988 -2.869889 20.071862 22.986112 -1.085366 14.899183 11.843114 -0.417560 7.170152 -4.935184 2.026948 -6.679804 -3.797348 1.998897 3.950027 13.574804 9.090240 4.272854 3.205766 -8.708453 -19.990955 -25.214020 -28.783332 -30.763528 -30.742886 -28.284219 -21.719251 -15.278573 -22.350139 -28.620242 -21.825672 -31.788512 -38.821486 -39.377098 -35.252616 -31.370686 
-18.952577 -16.080172 6.484055 22.275180 18.328561 -4.741182 18.433318 23.289959 1.074103 14.202173 14.305274 -3.325344 6.401849 -6.519690 0.033243 -10.837066 -6.637303 -5.665721 -3.919170 8.783295 8.477671 9.345930 7.173989 2.018327 -8.198555 -18.866046 -22.478824 -24.613517 -26.155665 -25.112902 -18.279335 -12.326414 -18.992349 -24.630414 -19.953293 -29.048104 -34.727079 -34.945430 -32.157200 -27.486499 
-8.673905 -14.107925 4.958896 21.851689 18.697434 -5.179768 17.333117 23.560773 3.443394 12.834624 14.599983 -6.730118 5.513165 -7.323803 -2.866206 -12.823058 -9.922472 -11.204138 -8.249383 -0.880201 3.793793 9.050399 7.727491 6.415067 -1.242220 -11.964611 -21.513047 -25.424950 -25.866016 -26.098981 -17.101953 -9.142868 -17.251806 -19.341976 -16.886304 -27.871710 -43.919735 -41.491817 -31.307234 -26.675558 
-17.366823 -26.038928 3.673301 21.555631 18.711503 -4.904648 17.367643 23.670540 2.741117 11.063671 13.324961 -5.499734 4.495331 -8.105598 -4.674921 -12.001393 -10.964056 -12.391578 -9.254318 -3.720455 -2.736652 1.045228 9.124223 5.519183 1.425839 -6.066403 -14.400076 -17.214115 -19.203145 -19.852637 -16.953489 -9.657733 -15.585947 -19.831058 -14.874172 -22.591491 -28.666037 -28.396437 -27.216028 -24.500584 
-10.669114 -10.366824 3.365784 21.694941 18.856284 -2.390737 17.865572 23.762020 3.347015 8.528105 10.872341 -8.757236 2.569822 -9.241483 -6.568512 -15.634296 -13.016021 -14.526508 -10.430287 -7.361662 -6.871444 -2.200636 6.837996 7.773983 4.073471 -3.393388 -11.301088 -15.625058 -19.552929 -17.613228 -18.677001 -11.175340 -14.920768 -17.432361 -14.270040 -24.683185 -40.419717 -35.083489 -28.472208 -25.370667 
-10.542149 -20.203615 3.799335 21.981721 19.353404 -3.211244 17.488155 23.713139 2.786436 4.908554 8.138217 -8.991062 -0.201663 -11.714336 -8.753543 -15.859647 -13.953738 -15.263532 -11.559189 -8.766059 -9.442386 -5.969538 0.844103 7.177754 4.176199 -2.326260 -9.561084 -14.588504 -19.668299 -21.489742 -17.957546 -8.526603 -11.320598 -18.373609 -17.414569 -27.108445 -32.730303 -28.921252 -25.829868 -23.378967 
-13.294968 -14.035419 4.563717 22.436657 19.965749 -3.296553 17.066667 23.411357 3.511734 0.371860 4.619692 -14.335383 -3.982381 -12.891037 -10.655954 -16.621033 -15.194363 -16.916125 -12.394766 -11.752902 -13.047135 -10.074826 -3.630520 1.072575 1.516373 -1.735022 -6.809806 -12.383074 -18.182032 -20.581465 -20.460588 -9.923686 -12.124393 -20.261973 -19.639337 -25.675535 -35.485615 -27.422112 -23.309038 -23.249260 
-16.800337 -19.053977 4.804453 22.881361 20.310961 -4.123899 16.511602 23.070612 2.993660 -3.554477 1.361910 -17.227842 -8.485554 -16.836382 -11.894238 -19.768799 -17.404376 -19.055302 -13.875102 -13.893013 -15.292111 -12.899545 -6.115904 -2.748562 1.469388 -1.590692 -8.197074 -13.930119 -15.015699 -21.821495 -21.218229 -9.863720 -9.646289 -16.034025 -15.630172 -28.750737 -36.990210 -25.246953 -20.130604 -21.430500 
-18.643721 -17.540079 5.811256 23.187640 20.532998 -4.580516 15.806213 22.833685 3.030332 -5.225266 -1.071090 -22.817663 -12.315052 -22.273463 -13.975638 -22.105479 -18.964664 -20.925612 -15.320354 -14.762633 -17.329133 -15.381272 -8.080368 -6.059347 -0.067883 -2.046919 -8.133714 -12.201229 -17.077708 -19.618277 -20.378631 -13.942300 -13.561274 -14.674517 -19.026353 -32.469344 -40.192284 -27.165736 -23.756595 -22.192437 
-17.551151 -17.668556 6.527714 23.392250 20.450237 -4.775871 15.712838 22.428202 2.506759 -5.340658 -2.086174 -20.571217 -14.564438 -21.459510 -15.213647 -20.345399 -18.651732 -19.772102 -16.156194 -15.270213 -17.561892 -15.983455 -10.901301 -6.567466 -1.320245 -2.665321 -7.959844 -11.399675 -15.841252 -18.180092 -19.515111 -15.775396 -17.676412 -17.118933 -20.830691 -35.054661 -35.932864 -26.282171 -25.439042 -24.956109 
-9.268607 -19.238317 7.150445 23.750871 20.325889 -3.437272 16.292663 21.868759 0.313905 -8.291717 -4.883451 -15.528080 -13.363469 -18.131540 -13.801567 -19.318436 -17.587369 -18.177215 -16.777402 -15.984918 -17.470412 -15.599817 -10.629759 -7.579106 -2.405528 -2.641034 -6.605516 -8.650349 -14.675610 -19.691937 -19.331871 -14.837125 -13.039806 -14.794333 -19.902869 -32.240040 -32.638575 -25.061057 -23.421068 -22.758923 
-11.805811 -11.797653 8.399081 24.033120 19.622692 -3.364422 16.927902 21.013558 -2.822388 -7.515774 -6.659468 -18.196971 -14.089159 -20.635604 -13.986472 -22.785072 -19.885188 -21.922405 -20.948918 -17.664112 -19.477588 -17.680971 -13.230299 -7.026104 -2.215918 -3.617325 -4.926416 -8.754823 -14.349572 -20.490662 -22.882451 -17.933791 -12.524247 -18.914187 -25.144745 -41.074885 -36.879284 -25.023852 -23.411114 -26.668493 
-11.584588 -10.517217 12.276588 23.465080 18.637158 4.742550 17.770729 18.828621 -1.006230 -5.850965 -6.873024 -15.798702 -13.987670 -18.329793 -13.919051 -20.355345 -19.139716 -20.263332 -20.050190 -17.418809 -17.286494 -16.373352 -6.209067 -2.846666 -1.353052 -8.622917 -9.574593 -9.625668 -19.024233 -24.109542 -23.394118 -18.718161 -11.376821 -20.211307 -32.396008 -35.459787 -35.793354 -28.807203 -28.788683 -28.424036 
-8.209853 -4.284961 13.511819 17.771659 6.891566 3.263210 10.032299 8.042221 -2.617384 -3.874964 -10.231244 -17.016922 -18.567931 -19.784687 -21.019346 -25.224638 -24.881508 -25.451849 -27.636595 -23.474793 -22.344389 -18.355066 -10.622315 -12.438453 -19.707812 -19.051183 -19.320337 -23.749369 -26.539950 -28.150502 -27.647855 -23.160437 -22.863912 -25.794517 -31.362285 -34.694979 -36.182713 -30.553045 -32.629386 -36.031236 
-11.277776 -6.148897 8.600992 12.797551 2.360658 -2.446220 -2.266060 -5.404871 -11.683719 -18.702939 -28.471642 -25.264068 -28.620172 -29.038800 -29.854715 -33.678294 -34.299485 -33.224347 -32.012310 -32.303386 -31.093606 -30.999159 -27.509860 -29.642898 -30.506200 -26.569688 -29.314154 -30.437060 -32.856090 -35.571648 -33.685124 -32.458150 -30.493416 -32.722007 -36.617534 -39.108648 -37.672609 -37.075180 -39.330175 -39.861744 
-13.495983 -14.789135 1.166322 2.491623 0.186915 -6.887078 -12.173642 -8.771454 -16.942119 -17.847992 -19.173629 -21.435993 -16.947059 -20.462355 -22.068016 -27.417471 -20.219432 -23.156243 -24.006161 -24.749788 -22.386610 -17.069748 -16.467388 -20.020022 -25.340658 -26.980937 -23.586711 -20.309402 -21.429835 -22.415843 -26.479246 -24.171446 -24.802938 -21.694103 -23.014533 -24.322650 -24.703284 -28.960289 -32.347090 -32.823618 
-5.609878 -6.331331 6.604520 11.323910 2.617035 -4.490377 -2.239242 -3.891064 -17.115549 -13.895042 -12.131073 -9.975272 -7.735543 -8.277206 -15.417377 -21.831540 -16.372580 -24.294352 -25.225726 -21.515227 -13.474110 -8.766781 -10.305593 -14.641221 -21.677863 -23.271028 -12.768331 -9.893204 -10.963960 -11.221905 -14.274019 -13.582863 -11.102140 -12.715929 -18.604321 -19.710032 -19.563629 -20.044948 -21.410100 -24.351633 
-7.915613 -7.079012 12.682899 20.346576 12.756035 1.808225 13.337562 8.646837 -15.413951 -23.759582 -19.944541 -16.946102 -19.941605 -19.319910 -20.765149 -19.472561 -24.105676 -24.603864 -20.329398 -20.308442 -19.421129 -16.427292 -8.580040 -10.701147 -11.602814 -18.403957 -9.528078 -11.886811 -16.215313 -17.085759 -15.787789 -12.747088 -9.244547 -15.338414 -22.130291 -27.382307 -26.433068 -23.338076 -25.113146 -24.109363 
-17.628625 -11.626797 15.339280 22.506901 11.589466 10.027438 19.720682 9.946577 -11.144978 -9.967301 -15.391935 -12.935700 -19.898549 -12.867273 -20.318491 -17.696938 -21.580480 -20.466809 -17.691499 -17.259322 -18.653773 -19.059576 -13.911398 -7.329667 -2.458623 -9.361131 -8.109367 -6.513641 -12.026426 -20.499714 -23.185174 -19.202210 -11.804250 -19.173207 -27.669442 -34.435725 -33.023706 -23.094460 -22.085668 -21.027472 
-14.147091 -4.684499 17.386220 22.972886 10.428878 12.794026 21.420189 8.952797 -4.667735 -4.851325 -14.602862 -10.924148 -17.599158 -12.163060 -21.025460 -21.666779 -22.445731 -21.783510 -19.877664 -19.946494 -19.142495 -22.298586 -16.208927 -11.025033 -2.828757 -5.127701 -7.239550 -5.747613 -9.939922 -19.578679 -21.582938 -13.073965 -9.675558 -17.884156 -28.794896 -37.588442 -33.759484 -25.235625 -22.605452 -21.021923 
-10.343055 -4.444080 18.109159 22.739643 9.374189 15.048641 21.267327 5.876699 -0.231816 -2.879422 -13.810428 -11.266472 -13.498289 -13.586710 -19.013328 -22.619505 -20.966122 -21.038951 -20.409741 -20.005707 -18.987657 -22.808118 -15.025100 -13.116715 -4.988148 -2.461967 -8.111552 -6.069322 -9.216789 -15.784717 -18.162035 -13.931148 -13.069235 -17.931320 -27.433724 -35.822360 -32.152569 -21.570823 -20.084164 -23.005195 
-13.454582 -0.519615 18.751305 21.672029 5.804677 16.553912 20.024874 1.878816 3.889681 -2.788091 -11.483152 -13.936179 -11.662952 -15.562093 -18.697014 -21.553803 -21.055216 -21.047533 -20.532543 -19.877953 -20.579425 -20.288367 -15.390726 -11.337633 -4.213884 -0.715661 -8.079592 -4.240769 -6.230566 -13.394500 -15.519339 -12.755677 -9.563750 -19.499804 -25.789354 -32.791843 -31.472778 -22.613215 -21.510585 -22.275009 
-16.828383 0.821174 18.955184 20.166298 4.184299 17.982761 18.571878 -0.543415 5.257476 -5.907718 -9.393583 -15.120666 -12.206066 -17.104619 -17.241473 -21.922737 -23.625302 -23.318735 -23.312740 -22.324562 -21.252168 -21.559974 -16.526826 -13.291657 -7.617686 -2.095364 -7.376882 -6.883107 -7.775900 -13.419400 -16.535532 -13.820348 -10.451468 -16.311505 -22.596793 -34.625029 -34.858919 -25.791217 -23.443358 -23.795304 
-18.969445 3.321743 18.771762 18.346356 4.293336 19.103384 16.763073 0.534593 5.741721 -9.294640 -10.231357 -18.335405 -13.688935 -18.917204 -18.118337 -22.525819 -25.950915 -25.602190 -22.340499 -22.453972 -23.031497 -24.966529 -17.463564 -14.320788 -7.957570 -1.814552 -8.182935 -7.472966 -8.489597 -14.468999 -16.600249 -11.130053 -8.308266 -13.412731 -21.786362 -35.840891 -37.854504 -23.553888 -22.080242 -26.612203 
-15.945063 4.214506 18.335255 16.174543 5.656903 20.207169 14.716992 1.730826 6.638458 -10.723077 -10.561562 -17.243331 -15.637178 -16.184752 -18.890509 -20.307118 -23.383343 -23.195101 -21.610634 -22.296033 -22.987113 -24.706169 -17.070370 -13.581694 -7.401831 -2.259079 -8.124605 -7.318266 -7.283220 -13.603622 -18.161643 -15.629880 -10.795919 -15.504075 -22.385816 -37.733060 -38.402644 -22.556485 -23.681884 -23.795676 
-19.458043 4.919793 18.080492 14.852489 8.766033 21.138309 13.946445 6.668216 6.959430 -10.492640 -11.031536 -15.703965 -18.451771 -14.878997 -20.485450 -21.406934 -22.094802 -22.142464 -21.513444 -20.752850 -21.605225 -22.971775 -16.862216 -11.661695 -4.771842 0.635064 -6.384082 -5.492057 -8.357031 -15.071406 -16.118272 -9.485182 -6.632732 -11.773081 -20.200248 -35.052644 -37.056369 -21.626455 -22.493602 -22.731908 
-19.082959 6.004609 17.740397 13.116084 11.455466 21.709217 12.389279 10.682290 7.021267 -9.538947 -14.818017 -13.112078 -16.949858 -14.672656 -19.113488 -21.465460 -21.882837 -21.042996 -20.362371 -20.532116 -20.967742 -21.865235 -13.853840 -9.245305 -1.880067 0.172130 -5.517882 -6.193333 -11.316179 -15.364273 -16.097277 -9.761809 -7.523502 -12.909204 -22.237186 -38.290114 -40.937329 -25.167084 -23.672032 -23.670565 
-14.853863 7.006133 17.567153 11.841644 13.423055 21.810783 11.067646 14.133825 8.109107 -6.706646 -12.054373 -11.484560 -14.092571 -13.995149 -14.471327 -17.492523 -19.314112 -18.597957 -17.843414 -18.606052 -19.340543 -19.459768 -12.489186 -7.818087 -0.687868 -0.934163 -3.413240 -7.206040 -13.185690 -16.842490 -16.024834 -10.785806 -12.049942 -18.106161 -21.294798 -32.049943 -35.180959 -27.334260 -25.774079 -21.783443 
-17.054603 8.037554 17.956529 12.181013 14.360141 21.338888 10.672625 17.295116 10.495285 -3.272200 -12.773229 -9.865889 -14.286968 -13.393606 -13.095227 -16.694278 -18.383358 -18.695812 -16.789770 -16.368132 -16.536938 -16.019579 -11.545687 -4.441819 2.475933 -1.509846 -2.760183 -8.424685 -13.984087 -17.802235 -15.306861 -11.064161 -12.453193 -13.768547 -15.815035 -31.650623 -42.347382 -27.272126 -23.198499 -22.792813 
-14.170587 8.668408 18.014631 11.464477 14.882694 19.658490 9.706813 19.812805 12.403230 2.782089 -3.959340 -4.003320 -7.536424 -10.920523 -10.345579 -13.968599 -16.120347 -15.741108 -16.039501 -14.857276 -14.323193 -12.944474 -6.054105 0.804534 1.082202 -2.442697 -2.889169 -8.748637 -13.326165 -18.875579 -17.390254 -10.243141 -10.182075 -12.542825 -18.907910 -28.387195 -32.558432 -28.372579 -25.806273 -22.273665 
-12.844460 9.325112 17.777543 10.881239 15.045876 17.948020 9.476666 19.090107 9.574071 10.454000 1.917269 -0.176616 -5.340996 -6.727496 -6.384801 -10.725524 -11.581884 -12.350230 -12.722735 -10.838026 -10.045232 -5.971164 1.330035 2.584304 -3.575651 -2.988726 -2.477653 -7.954251 -12.755720 -15.739352 -12.431882 -10.864530 -13.716581 -14.845704 -16.996747 -33.319121 -42.036999 -30.058865 -26.474104 -26.904553 
-9.074900 9.739796 17.565555 9.989282 15.805215 16.594243 10.558622 16.329278 9.642679 15.485977 8.696812 3.603910 -1.618047 -3.702670 -4.578431 -7.707050 -8.798180 -9.799076 -9.286478 -7.455882 -3.980281 0.276533 3.918823 1.305076 -3.475377 -3.137680 -3.659139 -9.108521 -13.381666 -16.459986 -13.517075 -10.760614 -13.758284 -12.903109 -12.464856 -27.636237 -45.425425 -33.434289 -26.833552 -25.099322 
-5.894760 10.381580 17.329773 9.603786 16.398125 14.824967 10.683248 11.894935 11.499484 14.521065 14.591235 9.091909 1.900386 0.478465 -3.479990 -5.080713 -6.885730 -8.107527 -6.379200 -4.059348 0.545454 1.139347 0.259547 -2.782989 -6.829294 -3.304670 -6.240565 -13.579275 -18.158396 -19.182947 -15.173837 -12.136454 -17.998172 -17.661712 -13.321044 -24.565047 -46.448543 -36.710351 -24.828019 -25.958863 
-4.044622 10.523164 16.602849 9.325732 16.500676 12.996272 11.017426 10.325587 12.124074 10.726980 17.052934 9.171805 4.751598 3.722791 0.443455 -2.267937 -4.904721 -6.548354 -4.128051 -0.177638 2.799842 -0.973309 -3.955306 -7.128229 -7.296299 -7.201265 -11.449370 -18.822720 -20.041307 -21.014132 -16.758506 -15.744517 -18.968798 -18.319302 -16.224787 -28.622766 -47.362519 -40.546134 -33.484107 -28.924074 
-5.138027 9.869262 15.538412 8.288983 15.928925 11.657094 10.673415 8.699773 11.078197 8.568216 16.368241 9.567320 8.598183 7.704595 3.251817 -0.938039 -3.402481 -4.409437 -1.568229 3.651573 0.458658 -4.455743 -8.158122 -9.258328 -9.973426 -7.835315 -15.184261 -20.335686 -20.034978 -19.807565 -16.033034 -15.227098 -21.865717 -21.668804 -20.801369 -30.119225 -46.570173 -45.329177 -35.903739 -33.280040 
-7.495967 9.557868 13.801783 5.684702 15.446071 10.223903 10.638086 7.339790 10.659396 8.364428 15.412199 11.382203 10.225035 7.781408 4.174369 0.065286 -1.325395 -1.114187 2.085403 3.808810 -2.084352 -7.534173 -11.976235 -13.299122 -13.382297 -8.289787 -12.935855 -18.026312 -20.176040 -20.902536 -16.706095 -18.975888 -23.167486 -23.083687 -21.308777 -29.685311 -48.505584 -47.027929 -38.375849 -32.636987 
-8.478748 9.131126 12.072670 7.017657 15.144863 9.176833 10.433367 6.352440 9.355232 8.357835 12.643962 11.298765 9.443106 7.757493 5.981744 1.075644 -1.184107 -0.399955 0.048853 -4.346140 -6.889251 -12.874521 -14.664282 -14.231953 -15.552418 -9.736354 -16.308716 -22.064202 -23.223546 -21.412096 -15.943367 -18.966214 -23.815044 -23.773201 -19.936296 -28.564839 -44.205054 -43.685367 -35.247088 -32.915283 
-1.126748 9.484438 8.500626 7.068055 12.456515 9.567587 9.454532 7.954720 8.156405 9.638230 11.678823 11.175948 8.896277 8.184298 5.581768 2.544470 1.704611 3.989184 0.072020 -5.727076 -10.341560 -16.587914 -22.428663 -22.218324 -21.794641 -15.248480 -17.822178 -23.212267 -25.648206 -21.652799 -16.888709 -21.001142 -28.142914 -26.834606 -24.965170 -31.413815 -47.405133 -48.513023 -37.974510 -31.268130 
-1.070564 11.048218 14.634599 7.720072 12.864805 7.882484 5.535554 6.354488 7.501732 8.152560 13.072925 9.741693 8.172295 7.320436 2.638457 1.298042 3.075142 4.108802 -3.998488 -12.394481 -13.587594 -17.976832 -21.069748 -20.800900 -19.693234 -15.725655 -17.422228 -23.719614 -26.432770 -21.856953 -18.679091 -23.480238 -29.342519 -26.095473 -22.850557 -35.021767 -50.801119 -49.747021 -35.754367 -32.051261 
-4.887805 10.294983 13.531198 7.634019 14.918097 7.394614 9.383178 4.586339 8.749731 9.181689 11.757072 10.254159 6.842983 5.044329 2.680955 2.233458 4.470547 -0.035395 -7.786880 -12.155637 -14.243018 -19.166709 -19.877563 -21.635538 -22.061830 -15.880919 -19.997458 -23.174954 -26.301381 -27.698994 -23.369902 -25.598902 -34.514663 -29.395727 -24.235202 -35.493088 -44.959906 -44.220763 -35.494619 -32.379105 
-5.713459 9.977261 12.422224 7.831983 14.429739 7.153050 8.849569 3.930458 8.177824 9.909991 7.042750 6.612179 6.073225 3.987957 1.916310 1.243105 0.662401 -5.469378 -12.505346 -15.407504 -17.182001 -19.592919 -22.233270 -23.445929 -23.859492 -17.211298 -21.765794 -25.553876 -29.496442 -29.629680 -26.662638 -29.693077 -35.071636 -30.889975 -25.243283 -33.818922 -51.624444 -48.985788 -38.028861 -37.157596 
-7.167325 9.464301 11.894796 7.529235 14.021236 6.402880 9.289620 5.429858 9.295543 9.897631 7.173210 3.785111 4.479544 2.729460 2.574717 3.399378 2.231791 -13.573236 -18.473872 -19.396599 -22.189744 -24.216837 -27.634643 -32.344971 -30.495008 -22.031044 -23.871891 -30.708782 -33.500701 -36.809887 -32.518874 -30.136195 -35.127813 -33.187241 -31.247000 -39.183000 -51.086620 -47.190709 -38.501956 -34.202752 
-6.799327 9.286695 11.857121 7.596657 14.185225 6.328383 9.543459 5.313579 9.103939 8.733847 4.990447 1.123463 3.298415 2.570068 2.889887 3.605269 -0.375633 -16.051299 -19.673207 -22.255716 -24.033335 -26.335994 -28.343794 -30.975439 -29.265803 -21.221310 -24.566277 -32.702130 -35.098969 -33.569430 -28.527087 -29.656694 -35.678836 -32.914609 -27.504739 -40.522570 -49.950740 -49.057257 -40.672688 -36.614053 
-6.011175 9.328898 11.422534 8.507330 14.251747 6.751088 9.688828 5.909892 8.941696 8.543036 4.313146 0.254145 2.282410 3.031412 4.609069 3.352168 -3.719965 -15.418111 -19.271592 -21.193563 -23.663379 -26.593449 -29.466862 -29.374603 -28.172796 -24.418270 -26.917256 -29.506029 -32.158055 -31.629369 -24.082957 -28.063410 -31.700727 -28.937453 -27.961647 -36.419051 -38.022986 -38.059249 -35.805868 -33.963701 
-6.716644 9.123707 11.028940 8.829929 14.197431 7.447089 9.614908 6.537289 8.778484 7.487913 1.877109 -1.958443 0.335552 3.370392 5.510568 0.172952 -11.114345 -20.791936 -24.359690 -25.677107 -26.888477 -28.408657 -30.858677 -34.230809 -33.187012 -27.913841 -30.426493 -36.644317 -39.189134 -36.641329 -33.543527 -34.945419 -38.339475 -34.343942 -31.599878 -43.601574 -48.580460 -46.059597 -38.340924 -34.473855 
-7.172475 9.399851 10.303319 9.368307 13.937168 7.111974 8.843616 7.519783 7.810756 5.982890 0.200565 -1.688188 1.168913 2.501952 5.234755 -1.589346 -17.005688 -25.769220 -28.165271 -29.799022 -29.866605 -32.925136 -34.969280 -41.900850 -39.253557 -31.843681 -31.149381 -38.430507 -41.617958 -40.950487 -36.248438 -34.992122 -39.090032 -35.651817 -34.880732 -46.901846 -53.926486 -51.533678 -40.384001 -36.893429 
-5.633347 9.031822 9.889583 9.315938 13.109542 6.484298 6.949826 6.083288 4.487237 1.508035 -4.571196 -3.810816 -0.401247 3.876519 4.686857 -4.998829 -21.264006 -28.080734 -35.160095 -31.937863 -32.317975 -34.975165 -38.759254 -40.844804 -40.595772 -30.984525 -33.169019 -39.752375 -45.145244 -41.847862 -30.828817 -34.269536 -40.622441 -38.008799 -37.240478 -49.203390 -56.717409 -50.873807 -41.339679 -37.630416 
-6.911480 9.239175 9.367311 9.681121 12.234194 5.662398 4.974690 5.989018 3.181812 0.706987 -3.219653 -6.179025 -2.471834 2.005839 0.776648 -10.502223 -20.852437 -31.247360 -33.701931 -34.540831 -35.323206 -37.184091 -37.508024 -40.351989 -40.289178 -34.495788 -34.556968 -37.135976 -41.861496 -42.108463 -33.254698 -36.911000 -41.941089 -37.714666 -34.610736 -44.307552 -47.175763 -45.624803 -40.943835 -38.600207 
-4.330417 9.408484 9.142123 9.404933 11.486347 3.995379 2.013086 3.847253 -1.363343 -5.715265 -3.841804 -5.495027 -1.669753 1.328833 -1.868493 -14.137187 -24.922640 -30.397685 -32.287781 -33.877652 -34.661752 -35.644199 -36.341886 -37.611921 -37.969498 -36.977907 -34.085854 -37.476161 -39.985451 -39.937660 -33.103556 -37.940632 -40.799491 -39.087623 -34.927196 -41.789885 -43.787505 -43.815112 -41.246651 -37.597478 
-5.438749 9.224555 8.763642 9.752975 10.350956 1.707822 -1.336329 3.240141 -4.083255 -8.616559 -9.101494 -6.904302 -2.046268 -1.894669 -5.321569 -18.726830 -31.372765 -38.372344 -41.705752 -41.012047 -42.364962 -41.948875 -44.003442 -50.281339 -47.797872 -42.027531 -35.838241 -43.632520 -46.022851 -45.663142 -34.103314 -38.094117 -48.780497 -41.814636 -37.674486 -49.512714 -56.131724 -53.703777 -45.707492 -42.447422 
-5.149382 9.164687 8.854621 9.159268 9.470863 0.204154 -3.087671 0.534693 -6.051130 -10.384496 -7.869728 -6.845393 -1.877140 -2.574401 -13.181362 -20.706260 -28.935588 -39.904830 -45.058183 -51.088404 -48.732847 -45.833518 -44.536827 -53.916429 -51.254589 -43.926848 -38.194936 -45.699551 -47.817412 -45.473087 -38.398931 -41.318243 -48.064696 -40.414716 -39.530820 -51.327251 -59.273014 -55.799940 -43.739118 -41.505618 
-5.814305 8.963669 8.390145 7.436392 7.132193 -2.686810 -3.515288 -2.641273 -7.709462 -12.384416 -9.278238 -8.781908 -4.082499 -3.736717 -12.238767 -20.625423 -31.323011 -39.656008 -41.082075 -42.355897 -42.127533 -43.306254 -43.755319 -45.720605 -46.395022 -44.375132 -41.379119 -47.405221 -48.561116 -46.165974 -37.221718 -42.876890 -45.372964 -44.037919 -41.481557 -48.864306 -52.289061 -51.470087 -45.946047 -43.279247 
-4.433326 8.780864 7.484171 6.615077 7.327945 -0.941486 -2.936979 -1.506043 -6.096569 -15.701749 -13.959657 -16.025182 -9.362809 -5.817814 -14.429513 -29.776622 -43.868610 -41.480983 -42.747769 -51.238326 -51.490910 -48.544251 -50.025282 -52.496513 -51.587733 -41.571956 -37.029431 -46.364334 -54.681060 -48.920449 -36.761355 -41.373201 -46.518788 -44.948081 -40.528005 -53.767019 -60.493977 -57.400970 -42.375687 -37.887130 
-5.181328 7.875363 7.002839 5.268937 5.371680 -6.600384 -9.574074 -6.911640 -13.047577 -15.705484 -14.495157 -12.024826 -10.474398 -17.053618 -17.705115 -29.019507 -38.314464 -42.901180 -43.187780 -44.874588 -45.735273 -46.319543 -46.477950 -46.610100 -47.851892 -43.877743 -42.854693 -47.927205 -50.155333 -49.964339 -42.975835 -44.260919 -48.267131 -44.117898 -44.371784 -50.474422 -52.549223 -52.502288 -48.888534 -48.489269 
-4.964054 7.244505 5.725549 4.392896 4.804710 -7.104749 -11.321776 -14.267172 -21.340110 -25.133011 -14.921580 -10.227481 -8.887218 -11.477779 -25.031453 -33.800029 -41.691987 -43.522716 -45.879577 -45.152308 -45.790302 -44.148921 -44.645665 -48.826595 -49.354074 -46.586624 -44.673378 -49.821388 -50.533633 -49.273180 -43.828685 -47.025099 -50.980845 -47.735731 -46.500571 -52.888161 -54.728786 -54.439791 -49.373924 -45.750039 
-7.421753 5.941366 5.064893 1.773892 1.981544 -11.081397 -17.174330 -18.830886 -22.454128 -27.417011 -24.238924 -18.388709 -15.134977 -11.563494 -15.220156 -22.098252 -37.749414 -38.691566 -46.607986 -46.181237 -45.793253 -49.095196 -46.241763 -51.092730 -53.153896 -47.205666 -46.312584 -53.123587 -53.869411 -50.479313 -47.959477 -51.969159 -54.188266 -50.586357 -48.323309 -56.107613 -57.548502 -56.860919 -55.317417 -51.628916 
-9.997961 4.010591 4.016436 -2.547684 -1.070627 -14.104738 -24.449526 -25.159509 -31.250083 -28.916650 -27.030756 -19.598472 -20.727037 -12.915654 -11.705984 -19.008962 -31.710196 -41.027117 -45.806949 -44.860225 -51.676527 -49.120285 -46.110883 -55.566268 -55.051706 -50.192885 -48.675943 -56.036957 -59.278297 -53.920567 -51.822555 -53.018385 -55.622832 -52.921986 -51.995168 -59.170168 -60.931366 -59.253595 -56.924684 -55.976184 
-13.367201 1.635552 1.173068 -8.201128 -6.475511 -15.911472 -25.287292 -33.511406 -32.464087 -27.459166 -28.534063 -31.756312 -21.266494 -17.665143 -15.407099 -20.304697 -33.697342 -41.745424 -43.151972 -42.617099 -54.356064 -54.864928 -51.674309 -58.867498 -59.244368 -52.595147 -48.891039 -57.118061 -61.989019 -57.376516 -55.392100 -56.741074 -58.922873 -59.648976 -60.417564 -63.791078 -62.190997 -60.490672 -57.568300 -60.504853 
-12.906890 -3.608375 -3.184462 -10.389531 -11.800784 -19.910493 -33.338474 -33.107883 -38.067065 -35.433047 -30.835208 -26.810650 -22.571140 -25.322925 -27.669181 -31.490326 -32.871822 -42.908464 -50.360773 -51.146078 -54.492831 -56.149284 -58.311389 -57.678105 -58.830223 -55.596375 -54.443797 -58.310123 -61.165030 -59.841617 -57.395827 -60.991283 -63.139832 -63.059569 -63.586354 -64.175813 -63.695313 -63.523960 -63.037309 -63.247012 
-23.341362 -17.210340 -18.241124 -25.111050 -33.248759 -35.869667 -39.322969 -38.783481 -45.237113 -45.543286 -46.543150 -39.250317 -40.987328 -42.063101 -48.126066 -42.456680 -43.340159 -54.875188 -56.181615 -56.409777 -60.088022 -62.662935 -63.448522 -62.850902 -65.186969 -65.172602 -63.519742 -65.464740 -67.487935 -66.838973 -68.557362 -69.089550 -69.717618 -70.148668 -70.651129 -71.180490 -71.045979 -71.587394 -71.000082 -71.387847 
-51.584171 -51.732529 -51.980707 -52.402642 -52.983155 -53.812311 -54.854827 -56.246748 -58.205016 -60.740041 -64.230616 -69.566860 -78.129103 -79.545995 -74.766731 -73.426982 -73.472938 -73.167873 -72.226868 -71.962204 -73.369423 -76.456002 -77.771071 -76.406496 -76.637916 -77.964706 -78.074155 -79.168219 -81.371763 -81.246012 -81.395926 -81.124447 -81.550095 -81.740210 -82.157265 -82.459821 -83.304925 -83.224090 -83.240060 -83.562147 
NaN NaN NaN NaN NaN NaN NaN NaN NaN NaN NaN NaN NaN NaN NaN NaN NaN NaN NaN NaN NaN NaN NaN NaN NaN NaN NaN NaN NaN NaN NaN NaN NaN NaN NaN NaN NaN NaN NaN NaN 
NaN NaN NaN NaN NaN NaN NaN NaN NaN NaN NaN NaN NaN NaN NaN NaN NaN NaN NaN NaN NaN NaN NaN NaN NaN NaN NaN NaN NaN NaN NaN NaN NaN NaN NaN NaN NaN NaN NaN NaN 
NaN NaN NaN NaN NaN NaN NaN NaN NaN NaN NaN NaN NaN NaN NaN NaN NaN NaN NaN NaN NaN NaN NaN NaN NaN NaN NaN NaN NaN NaN NaN NaN NaN NaN NaN NaN NaN NaN NaN NaN 
NaN NaN NaN NaN NaN NaN NaN NaN NaN NaN NaN NaN NaN NaN NaN NaN NaN NaN NaN NaN NaN NaN NaN NaN NaN NaN NaN NaN NaN NaN NaN NaN NaN NaN NaN NaN NaN NaN NaN NaN 
NaN NaN NaN NaN NaN NaN NaN NaN NaN NaN NaN NaN NaN NaN NaN NaN NaN NaN NaN NaN NaN NaN NaN NaN NaN NaN NaN NaN NaN NaN NaN NaN NaN NaN NaN NaN NaN NaN NaN NaN 
NaN NaN NaN NaN NaN NaN NaN NaN NaN NaN NaN NaN NaN NaN NaN NaN NaN NaN NaN NaN NaN NaN NaN NaN NaN NaN NaN NaN NaN NaN NaN NaN NaN NaN NaN NaN NaN NaN NaN NaN 
NaN NaN NaN NaN NaN NaN NaN NaN NaN NaN NaN NaN NaN NaN NaN NaN NaN NaN NaN NaN NaN NaN NaN NaN NaN NaN NaN NaN NaN NaN NaN NaN NaN NaN NaN NaN NaN NaN NaN NaN 
