NaN NaN NaN NaN NaN NaN NaN NaN NaN NaN NaN NaN NaN NaN NaN NaN NaN NaN NaN NaN NaN NaN NaN NaN NaN NaN NaN NaN NaN NaN NaN NaN NaN NaN NaN NaN NaN NaN NaN NaN 
NaN NaN NaN NaN NaN NaN NaN NaN NaN NaN NaN NaN NaN NaN NaN NaN NaN NaN NaN NaN NaN NaN NaN NaN NaN NaN NaN NaN NaN NaN NaN NaN NaN NaN NaN NaN NaN NaN NaN NaN 
NaN NaN NaN NaN NaN NaN NaN NaN NaN NaN NaN NaN NaN NaN NaN NaN NaN NaN NaN NaN NaN NaN NaN NaN NaN NaN NaN NaN NaN NaN NaN NaN NaN NaN NaN NaN NaN NaN NaN NaN 
NaN NaN NaN NaN NaN NaN NaN NaN NaN NaN NaN NaN NaN NaN NaN NaN NaN NaN NaN NaN NaN NaN NaN NaN NaN NaN NaN NaN NaN NaN NaN NaN NaN NaN NaN NaN NaN NaN NaN NaN 
NaN NaN NaN NaN NaN NaN NaN NaN NaN NaN NaN NaN NaN NaN NaN NaN NaN NaN NaN NaN NaN NaN NaN NaN NaN NaN NaN NaN NaN NaN NaN NaN NaN NaN NaN NaN NaN NaN NaN NaN 
NaN NaN NaN NaN NaN NaN NaN NaN NaN NaN NaN NaN NaN NaN NaN NaN NaN NaN NaN NaN NaN NaN NaN NaN NaN NaN NaN NaN NaN NaN NaN NaN NaN NaN NaN NaN NaN NaN NaN NaN 
-52.845831 -48.724210 -47.324553 -47.953185 -50.185291 -51.878416 -50.944248 -50.481537 -51.431755 -51.433942 -51.641472 -52.076591 -51.999635 -52.628876 -52.990775 -53.333894 -53.829166 -54.227824 -54.759058 -55.321346 -56.109753 -56.895642 -57.407627 -58.313753 -59.061749 -59.884795 -60.543118 -61.199980 -62.105136 -62.650779 -63.318585 -63.811296 -64.379747 -64.668108 -64.953944 -65.306040 -65.765002 -66.098541 -66.104191 -66.222828 
-13.917267 -9.098056 -6.952276 -2.222813 -0.701930 -0.323149 -1.444293 -6.023946 -12.579368 -18.045293 -18.275777 -18.438151 -18.706627 -24.630599 -29.745912 -33.781483 -34.977119 -27.694757 -30.920785 -31.577142 -33.424777 -36.185321 -39.956572 -45.715828 -46.853019 -46.529115 -45.356152 -48.134148 -49.248470 -49.707882 -51.800582 -52.838234 -52.835262 -53.575540 -53.102087 -52.800806 -54.069281 -54.505727 -54.944771 -55.082153 
-2.806493 5.752878 6.594619 10.914563 10.457550 9.388205 5.615161 4.227770 -0.433269 -6.277831 -7.829698 -5.964389 -8.961493 -12.100116 -14.621675 -18.191892 -22.141656 -21.247671 -19.120797 -26.507634 -34.533135 -37.246626 -38.464130 -40.321256 -39.009392 -37.204046 -41.636268 -43.435342 -43.584441 -44.164752 -45.576871 -45.348550 -46.074196 -47.094672 -47.653482 -46.721856 -46.615576 -46.766317 -47.196880 -49.523154 
-3.064836 9.836112 8.974258 14.577891 14.347478 12.167356 9.830234 6.726183 -0.573497 -2.976148 -4.865105 -3.353801 -4.703257 -7.511427 -13.316908 -19.287035 -15.581978 -16.937039 -20.327057 -20.528300 -23.139017 -28.857248 -34.849182 -36.684218 -32.501856 -31.478006 -35.071950 -39.165398 -42.870532 -44.104884 -46.175454 -46.025188 -47.907933 -46.020256 -43.472380 -38.464936 -40.291865 -44.781622 -46.759999 -49.978816 
-3.403268 11.487369 11.229964 15.374220 16.929143 12.601457 12.129304 6.608126 1.699752 -0.998176 -1.878040 -3.036914 -1.173527 -5.337704 -16.982269 -20.321962 -17.894961 -17.179016 -19.026797 -19.177929 -22.610119 -27.004071 -31.728822 -36.537584 -37.242426 -35.591626 -33.378071 -30.779306 -31.575370 -33.504416 -37.774739 -42.350754 -42.544388 -44.663069 -45.035900 -43.059597 -43.835060 -45.465973 -46.409280 -46.789434 
-3.358508 12.385911 12.549078 15.598746 18.575399 12.551628 12.843646 8.036698 3.915567 -0.277283 -2.203951 -2.623659 -0.299941 -3.239120 -14.652322 -19.269830 -16.211604 -12.259832 -14.626418 -27.052669 -33.322245 -34.678637 -36.809635 -36.070666 -32.048227 -30.218614 -33.819571 -35.861442 -37.243607 -40.740409 -46.744516 -45.731253 -46.959258 -47.012190 -50.718893 -51.862223 -49.585348 -47.849152 -46.717837 -47.585860 
-2.966986 12.382933 12.993326 14.622462 18.967089 10.967086 13.159136 7.327441 5.403325 -0.892446 -4.100904 -3.088524 -0.610900 -2.510222 -8.571816 -15.773086 -15.367718 -14.587533 -16.534957 -21.788012 -26.576511 -31.315359 -34.191047 -38.322978 -39.656069 -37.053158 -36.737765 -33.776970 -38.052568 -43.466905 -45.945174 -43.752546 -48.639093 -50.780214 -49.584812 -47.399904 -45.310908 -43.412714 -42.204490 -50.636354 
-6.828713 10.916735 13.014653 12.421731 19.763882 11.789919 16.650091 9.783721 6.226355 -0.005108 -3.438283 -2.671208 -0.537994 1.969351 0.589436 -7.741224 -13.155822 -10.860350 -9.300315 -16.224352 -26.249951 -26.605496 -28.387402 -29.887695 -30.312778 -30.391195 -31.357366 -32.594334 -33.147144 -33.676459 -34.059759 -34.158716 -34.704017 -35.426083 -35.613857 -35.236816 -35.988047 -36.699996 -36.814486 -36.878359 
-7.515710 9.219828 12.971086 10.215908 20.069363 15.163164 20.170167 16.202500 5.850623 1.183443 1.418446 -0.898302 -3.155924 -0.761513 5.242669 1.922009 -7.032324 -8.524420 -3.457625 -8.686255 -18.599400 -26.973481 -34.591077 -38.278498 -37.371958 -37.959748 -38.640578 -36.484144 -40.501306 -44.095812 -47.131364 -48.076819 -45.830287 -46.612014 -48.435940 -41.419594 -43.060958 -43.715831 -45.889769 -50.339225 
-13.400079 5.244099 12.136808 9.137897 20.148659 17.404477 20.974063 22.603561 7.307002 3.479994 3.440040 -1.779926 -0.475617 -0.777594 4.205700 6.550400 7.189070 0.384351 -0.541354 -0.297485 -11.596222 -20.661476 -27.352656 -31.175828 -31.503257 -31.980713 -31.924001 -29.068749 -32.738289 -34.788753 -35.381733 -35.464935 -35.295116 -36.703442 -36.955615 -35.702529 -36.403228 -37.409340 -37.428845 -38.150765 
-14.254776 3.707057 11.932067 7.181097 19.044352 18.076194 19.493298 24.669797 11.242294 10.028543 5.545192 1.505095 0.479382 -2.528789 -1.864915 -0.062506 10.319391 10.953842 6.549860 4.366607 0.715759 -10.111191 -19.621590 -25.469307 -28.014223 -28.013024 -28.309685 -24.460126 -28.359011 -33.019264 -34.754032 -34.858203 -32.857738 -35.548578 -35.948378 -30.214227 -32.015866 -36.234455 -35.629042 -37.849668 
-14.225671 6.463808 13.427721 6.784945 17.469865 18.432709 16.800109 22.936060 12.619688 16.185375 8.204067 5.138766 1.952620 -3.504205 -4.590016 -4.483724 -1.530274 7.280429 10.711876 8.800391 5.561822 0.905071 -9.407232 -19.302365 -23.491989 -24.720423 -24.034335 -18.586195 -21.287901 -30.223295 -36.211867 -36.083172 -32.209067 -37.662333 -38.328837 -29.112689 -30.102133 -35.489282 -35.222080 -39.693185 
-10.077735 5.576441 13.612390 7.813903 16.364943 19.307757 13.999002 21.594815 13.437230 18.229793 7.106414 6.556202 1.142484 -3.919015 -6.750862 -5.316614 -4.372965 -1.673632 6.032103 8.523182 6.420804 2.543095 -1.115162 -9.415564 -15.235476 -18.131763 -19.309815 -14.703232 -17.178458 -26.101673 -35.679256 -35.076325 -29.252155 -35.171182 -37.856175 -27.497579 -28.811900 -35.657699 -36.648104 -40.760372 
-12.777433 3.922167 13.466536 7.993680 15.363180 19.307734 12.755509 21.750163 12.889172 18.958446 7.960773 6.740271 0.213327 -3.945314 -7.829719 -6.698308 -6.286688 -5.510040 -0.873532 4.535185 8.533171 4.941103 0.015818 -3.304463 -7.601338 -12.969850 -14.582802 -13.107602 -13.992031 -20.153247 -34.676464 -35.444942 -25.681010 -28.389448 -31.594920 -23.878221 -26.362516 -32.304924 -30.401148 -40.376984 
-20.758480 4.093643 14.253166 8.903460 14.029163 19.905944 11.193434 19.971380 12.624217 18.930761 9.291866 7.315393 -0.499639 -2.337087 -10.741963 -9.579854 -8.167203 -6.560278 -4.765071 -0.447849 4.767242 6.740203 0.730241 -1.332354 -2.211806 -7.178311 -12.355294 -11.768287 -11.550226 -17.266022 -29.818033 -32.407120 -24.354791 -25.941702 -26.770803 -21.245751 -23.798885 -30.494958 -28.104696 -34.647995 
-16.207435 2.781187 14.512415 9.881450 11.752293 20.349129 10.919745 19.472250 13.760089 16.730807 9.802736 6.911623 -0.669953 -0.739573 -11.755257 -13.807532 -11.836930 -8.080096 -6.310878 -6.575005 -0.456372 5.390164 2.237335 -0.511411 -1.695599 -2.642233 -7.823235 -9.741218 -11.195735 -13.478478 -28.170136 -27.335601 -20.643580 -20.937385 -23.222312 -19.029008 -21.069813 -28.918054 -28.082281 -35.928157 
-22.086969 2.731090 15.077170 11.208092 10.766075 21.152518 12.379811 19.325322 15.714249 13.139507 10.277958 4.815321 0.094724 0.903091 -11.571831 -15.654219 -14.666538 -9.926567 -8.430509 -10.154054 -6.301788 0.452086 0.253597 -0.592989 -1.142658 -1.537240 -5.223415 -9.598181 -10.481478 -13.009494 -24.700059 -25.465965 -19.693142 -19.169900 -20.580505 -18.612582 -21.384951 -27.143099 -24.761091 -28.340802 
-32.658488 2.707339 15.523826 12.043581 10.035395 21.597604 13.480495 18.493601 16.816870 9.908274 10.056160 2.814558 0.400977 1.366340 -10.673408 -17.838953 -18.777587 -13.133013 -11.197424 -12.869446 -11.336032 -4.740551 -1.704100 -1.588586 -1.839003 -0.882603 -6.075604 -8.666782 -10.988979 -12.084405 -25.627684 -23.107610 -17.814996 -19.140557 -20.537861 -18.093657 -19.193632 -25.186135 -24.304223 -28.209985 
-25.840194 2.395371 15.587864 12.550322 8.974735 21.462928 14.230148 17.995094 16.927312 8.717821 9.444141 2.318900 0.434987 1.027924 -9.946642 -16.277992 -21.185353 -15.370818 -13.180425 -15.336251 -15.686838 -9.642098 -4.341606 -1.700240 -1.542805 -0.146311 -2.924418 -7.077673 -11.840181 -12.167343 -25.930576 -21.089390 -17.125405 -18.276799 -17.587068 -14.567009 -17.281237 -24.048581 -21.796279 -25.887199 
-21.055348 2.543891 15.683351 12.172550 9.768572 21.790725 14.030634 19.413510 17.196898 8.882147 7.686481 2.073145 -1.590499 0.062367 -10.909993 -16.323249 -21.611091 -14.886641 -13.186948 -17.468746 -16.757225 -12.487210 -9.151520 -1.487937 -0.799159 -0.699562 -2.474129 -8.455948 -11.675060 -13.402073 -24.989726 -19.205414 -16.773564 -17.612401 -16.995053 -14.472633 -16.867326 -24.587067 -20.930724 -24.540064 
-25.809223 2.869928 15.685502 11.935868 11.223074 22.173631 13.432252 19.745783 16.963044 8.181451 6.598632 1.953022 -2.350394 -0.245640 -11.891551 -17.677752 -22.180368 -15.121604 -13.832689 -19.182732 -18.947018 -14.695486 -12.732550 -2.202650 -0.919788 -1.846554 -2.785186 -9.101395 -12.873483 -14.334449 -26.022238 -18.800713 -14.716394 -16.710685 -17.498717 -14.134857 -16.567227 -24.307857 -20.289698 -23.244806 
-18.645856 3.696038 15.806057 11.467382 13.147700 22.467682 13.193025 19.877366 15.056377 8.598936 4.274172 2.940709 -2.452369 -0.958049 -8.800212 -17.514654 -23.503101 -16.380220 -14.653371 -23.541057 -20.558224 -16.320139 -12.892797 -2.337307 1.180542 1.000967 -0.246454 -7.120573 -11.601915 -13.858897 -26.324035 -17.767155 -16.560699 -16.903554 -17.866039 -14.386839 -16.812809 -24.588342 -22.605811 -26.803174 
-10.837427 5.065775 15.952611 11.108726 14.975773 22.572708 12.275875 19.652606 11.674905 9.165662 1.590174 3.328531 -3.939824 -3.931680 -6.188723 -15.669572 -20.490673 -17.685409 -16.336936 -21.372021 -22.700410 -19.309139 -14.762890 -5.815459 0.144257 1.093192 -1.509406 -8.105112 -13.553142 -14.644617 -27.939263 -18.888820 -17.715324 -18.456215 -19.904956 -14.525013 -16.554016 -24.647911 -22.465576 -23.462021 
-15.645405 5.114251 15.808561 10.664647 16.260916 22.671792 12.453347 19.570577 10.283730 8.765540 0.517489 3.200121 -4.375634 -5.078419 -4.436363 -14.054024 -20.588789 -19.318351 -16.831985 -17.953736 -26.152397 -21.077198 -16.448336 -8.273508 0.439065 2.202394 -0.376832 -6.284428 -11.233235 -14.060058 -26.145460 -18.355014 -17.346488 -19.516191 -21.339181 -16.904380 -18.263719 -24.178149 -22.295172 -28.612498 
-11.358485 5.950763 15.341603 9.647661 17.887352 22.585868 12.804284 19.252233 8.239902 8.717698 0.649930 2.955273 -3.836631 -6.135931 -2.854718 -12.617722 -20.168121 -21.173399 -16.464061 -16.842623 -25.853233 -23.325555 -20.453830 -10.033662 1.392257 1.710454 0.101203 -7.158127 -11.814058 -14.497649 -25.033089 -18.324127 -17.494812 -20.135908 -21.003153 -17.339528 -19.029478 -24.867666 -22.521670 -30.893486 
-13.499398 6.325279 15.093951 9.086891 18.476602 22.171622 12.226861 18.671754 6.382001 8.615799 -0.002818 1.950271 -4.115196 -4.643321 -3.303244 -14.605183 -22.438433 -21.438877 -16.942229 -19.907623 -29.002306 -25.103937 -22.063990 -10.995581 -3.260275 -0.179636 -2.664955 -9.913460 -14.738024 -15.730946 -28.277617 -20.170118 -19.169694 -22.858004 -24.069414 -21.086515 -24.715048 -29.021414 -25.985327 -30.745983 
-11.018393 6.105007 14.800056 9.079340 18.801393 21.907225 13.175547 18.870231 6.946357 8.631089 1.244021 1.671523 -3.723233 -4.630679 -3.099748 -14.478476 -22.486433 -20.280406 -15.719841 -18.980993 -26.818129 -22.011132 -19.038385 -6.948020 1.033672 2.658255 0.564912 -6.992811 -11.637577 -13.395135 -25.943601 -19.496929 -17.086782 -20.704724 -21.080411 -17.610574 -18.533595 -23.652776 -22.697246 -31.655116 
-16.097186 5.719751 14.070451 8.784157 19.991203 21.003240 12.569708 17.476392 4.850305 7.311125 1.051187 -0.282464 -4.324640 -3.041054 -3.244926 -12.761619 -22.361543 -20.375199 -15.880987 -19.253834 -23.956824 -22.674127 -19.876285 -10.698045 0.224855 1.737330 -2.351455 -8.508061 -12.620335 -14.560104 -25.444260 -18.753430 -18.065545 -20.594890 -20.386228 -15.966864 -18.697462 -24.456210 -21.596996 -29.095527 
-13.444402 6.299897 13.382518 8.386874 20.686846 20.387183 12.844554 16.466314 5.377309 5.890036 2.295709 -1.569834 -4.480013 -2.471521 -4.837771 -13.065948 -24.219791 -21.627954 -17.657988 -20.407165 -26.856659 -25.757687 -22.079823 -12.914040 0.311999 1.395695 -0.858406 -8.200833 -12.938235 -13.711967 -26.121232 -18.380535 -17.467951 -20.499616 -20.493792 -16.726315 -19.392413 -25.787412 -22.892815 -26.047758 
-14.411735 6.584403 12.936031 8.105131 21.461267 19.881106 14.054045 15.910059 5.323877 4.316257 3.397501 -1.952963 -3.639295 -2.271650 -6.200660 -12.249752 -21.379814 -20.476798 -17.374849 -17.084094 -26.218218 -27.376521 -26.800381 -13.165782 -0.878343 2.238147 -0.866793 -8.259522 -11.747061 -13.984189 -26.289746 -18.135842 -17.161227 -23.367562 -22.534174 -18.170746 -21.555740 -26.340566 -24.250135 -27.697314 
-14.246083 6.691094 12.711583 7.984524 22.289398 20.054955 14.961234 14.968875 6.290256 3.672647 4.194901 -3.250864 -3.670722 -3.015630 -7.012732 -12.733693 -20.292901 -22.451367 -18.028569 -16.174994 -28.097553 -31.760357 -26.908108 -12.801368 -1.275525 2.609601 -1.473936 -7.983682 -12.390482 -13.692069 -25.637552 -18.411934 -18.457778 -25.857469 -25.535818 -20.055252 -23.736178 -27.235115 -24.023015 -30.063651 
-8.930113 7.412565 12.613915 9.248291 22.626679 19.414271 14.885132 13.453187 7.274420 3.653343 4.096411 -3.182618 -3.921364 -3.352513 -6.028553 -11.416428 -19.559729 -22.351791 -18.460030 -17.805582 -26.963324 -30.176760 -24.777707 -12.062759 -0.392653 0.621768 -3.133369 -9.877743 -14.039385 -15.321214 -26.325945 -18.997588 -19.363504 -28.389136 -28.075672 -22.560424 -25.985167 -30.725723 -27.314340 -28.644512 
-11.383755 7.767574 12.884005 9.908009 22.599389 18.185748 14.766763 12.393354 9.669212 4.557422 4.164123 -2.539545 -4.087570 -4.456176 -5.359422 -11.822232 -19.509150 -21.394972 -18.349456 -20.246673 -29.564906 -28.680733 -21.702896 -11.541316 -3.062870 -2.522298 -3.845260 -11.447960 -14.359304 -15.317890 -25.124502 -20.322742 -19.863365 -29.258258 -28.730436 -21.856707 -24.696425 -30.128336 -26.159370 -32.732012 
-12.875838 6.580799 13.009123 8.441898 22.510141 18.844544 14.534234 13.165684 8.764601 4.325352 3.817091 -3.517132 -4.639107 -3.772340 -5.861827 -12.773095 -21.068626 -22.145187 -18.252734 -19.273844 -28.663832 -24.978725 -14.473596 -6.901114 -5.094278 -3.094378 -4.075767 -12.528520 -14.941465 -15.672991 -26.476022 -18.976345 -20.291670 -34.318080 -31.297782 -25.959645 -30.459396 -33.521316 -33.990418 -34.912923 
-13.410274 6.427146 13.469214 10.482091 22.793120 18.892487 12.628328 12.491011 2.167053 0.399263 1.625807 -4.783652 -6.740569 -3.875274 -8.057279 -12.271786 -19.725056 -21.417447 -19.310176 -16.069455 -20.334252 -17.363866 -13.131716 -9.687721 -9.941805 -10.748647 -13.881864 -21.652266 -22.511049 -20.222443 -31.193809 -20.884547 -22.627154 -32.916641 -31.368279 -31.180041 -36.598442 -40.201447 -39.869185 -41.083381 
-12.803090 7.365675 14.275344 10.752086 23.650451 22.376814 13.473723 14.403932 -1.382626 -2.125458 -0.238701 -5.562090 -6.332881 -3.122724 -8.306292 -12.915244 -19.223108 -20.277821 -19.977053 -12.767246 -17.113004 -19.085700 -19.235959 -13.218704 -8.471894 -9.357638 -23.928289 -31.440631 -31.546268 -28.587388 -32.543754 -22.942705 -24.837830 -31.610071 -29.556291 -31.638201 -36.153290 -36.256807 -35.853301 -36.883831 
-13.428203 6.914761 14.361571 10.230422 23.656517 23.218618 12.925907 15.045341 -0.155633 -1.475907 -1.571755 -5.471526 -7.521469 -3.006725 -7.117620 -14.399471 -20.060699 -21.131281 -20.283699 -11.956466 -19.090791 -23.019820 -19.779564 -13.652299 -8.421261 -11.573694 -25.512691 -40.945234 -39.099592 -34.612474 -40.243573 -25.658230 -26.009428 -33.759624 -30.222145 -33.409325 -47.391964 -42.345235 -38.758257 -48.635713 
-12.745589 6.064431 14.373043 10.770110 22.913107 23.482542 12.752427 15.063630 -0.024916 -0.153371 -2.844855 -4.786020 -8.440980 -4.099578 -7.134174 -14.429453 -20.163013 -22.653470 -21.361086 -12.982743 -18.423654 -22.738377 -19.193947 -13.857270 -8.774586 -11.222068 -27.394829 -37.160053 -37.584180 -29.847029 -40.560378 -26.872914 -26.966634 -34.082776 -30.033466 -32.952652 -44.096122 -41.894538 -37.179913 -44.943656 
-13.196751 5.413664 14.324697 9.261556 20.453830 22.911330 10.286205 14.366987 0.407526 -0.248972 -5.887588 -4.256244 -10.740109 -7.519744 -5.798045 -15.124163 -20.417170 -25.381166 -18.802622 -14.933135 -19.206372 -22.635653 -21.117972 -14.910373 -10.250500 -10.340064 -26.879668 -38.763415 -39.000304 -31.353036 -39.811156 -27.909505 -28.305199 -34.535574 -31.542799 -34.119617 -45.830239 -44.822085 -41.350709 -47.145638 
-12.952222 4.559013 14.783928 9.082539 17.636257 22.677988 9.465246 12.943782 1.748671 -0.549692 -7.782615 -4.667980 -12.231867 -10.163011 -5.609989 -16.682708 -21.302958 -24.370165 -18.731225 -14.267100 -20.719067 -23.006540 -22.747736 -16.708865 -12.528229 -12.640815 -23.469273 -38.314788 -41.806359 -31.807270 -42.150307 -29.706131 -27.023829 -35.122052 -30.521894 -34.379294 -46.083984 -45.556410 -40.900002 -54.806890 
-15.654937 4.240670 15.295584 10.630326 16.107600 22.451169 10.234988 12.004248 2.681317 -0.444335 -6.807825 -3.659015 -10.889712 -9.237985 -6.962492 -15.836538 -19.114489 -20.653349 -18.124327 -12.235537 -19.971088 -23.966037 -20.557535 -16.582160 -11.678002 -12.493561 -27.143499 -38.676496 -39.936430 -30.560823 -39.477581 -26.749246 -25.462458 -32.959080 -29.623193 -32.725102 -47.765196 -44.416058 -38.861482 -48.582178 
-15.114468 4.283400 15.999957 11.618546 13.332908 22.167737 11.625148 11.602649 5.236088 -1.748518 -5.940165 -4.017423 -9.553164 -7.931174 -10.601919 -16.267442 -20.549094 -20.064598 -20.408836 -11.865593 -20.136557 -25.937502 -21.453245 -17.166827 -12.896530 -10.710236 -27.379761 -35.536463 -33.935121 -27.410795 -36.287258 -26.348813 -27.344502 -34.845427 -30.503680 -31.798196 -39.583033 -38.921142 -36.747455 -40.709210 
-22.210771 3.768484 16.198076 12.403399 11.009192 21.451219 11.998784 9.160027 6.148278 -4.191627 -4.630802 -7.892326 -9.620849 -6.566132 -14.370579 -18.099616 -23.504275 -24.761316 -19.360733 -14.866987 -20.239318 -23.230623 -21.452030 -17.314876 -12.218668 -13.619294 -27.472093 -40.643703 -36.314757 -27.978647 -39.820830 -26.439886 -27.264552 -36.937424 -33.129196 -34.518381 -49.309085 -45.676861 -38.732525 -52.379828 
-23.162577 3.282483 16.176624 13.775986 8.939165 19.653306 12.609947 6.121557 6.092425 -5.865339 -3.070466 -10.515691 -11.043618 -7.501166 -13.868941 -20.401148 -30.505863 -23.966217 -13.757716 -14.939797 -22.754243 -24.204428 -23.171386 -18.499725 -14.120299 -15.402561 -32.736190 -38.374102 -37.313377 -29.673108 -40.065264 -28.336337 -27.999386 -35.225247 -30.236740 -30.364185 -46.689785 -44.972993 -41.905453 -49.231494 
-16.606018 0.800103 14.432107 12.286853 2.407753 14.122751 9.468366 -1.270650 1.615087 -10.459246 -5.805804 -15.752120 -16.323743 -11.956333 -17.942770 -24.082030 -29.505988 -21.143617 -18.794685 -17.645631 -27.542048 -29.428546 -26.550023 -19.832948 -15.661658 -18.610784 -27.619703 -36.113422 -38.496014 -33.071054 -40.075203 -31.406393 -33.741578 -38.375322 -35.275081 -36.402650 -43.536104 -41.953052 -40.683015 -44.587165 
-13.229814 -2.820684 9.009086 8.916156 0.692207 4.435120 0.927352 -7.958641 -8.371102 -16.822982 -16.355326 -20.713156 -22.291460 -17.401317 -27.281779 -32.949029 -37.137210 -26.122205 -31.943397 -27.628278 -31.170341 -36.302030 -33.999282 -28.329767 -21.856767 -26.384950 -38.969612 -49.757044 -44.803386 -39.215103 -51.004871 -42.413655 -37.684324 -42.932199 -40.342559 -44.511938 -54.454280 -51.403479 -46.918727 -54.144063 
-13.492537 -1.831981 7.332346 5.646294 1.560435 0.002057 -10.978339 -16.873136 -18.089799 -24.823965 -26.675681 -26.189751 -30.094064 -23.628844 -22.398088 -29.869372 -34.119825 -32.559753 -33.498653 -26.919145 -35.471370 -38.882545 -35.065342 -32.531987 -26.029146 -28.520808 -39.271751 -45.906755 -46.263139 -42.786280 -47.064756 -45.147206 -43.060778 -44.980932 -41.850422 -46.834092 -51.060650 -50.412552 -48.960068 -51.311435 
-24.019062 -6.844365 3.850930 0.139631 -6.216161 -7.153003 -21.082368 -20.986596 -17.933481 -20.028630 -21.298658 -29.709399 -32.606410 -26.803941 -26.005492 -34.425639 -41.202072 -38.025298 -26.705207 -24.308002 -41.111812 -43.665872 -39.664411 -35.173047 -32.999930 -36.107148 -41.116445 -48.503826 -49.543226 -48.097344 -54.528263 -51.296298 -45.091912 -49.755465 -50.669938 -54.009501 -59.119644 -56.855031 -53.228046 -60.605714 
-19.477512 -13.704588 -5.422102 -6.662803 -15.755431 -20.054343 -23.202147 -22.240496 -28.767895 -24.139284 -20.087658 -28.218890 -29.444688 -28.189767 -31.836202 -42.586152 -38.870312 -36.785124 -34.727344 -28.843989 -41.651980 -48.994194 -51.947368 -42.464432 -40.287003 -40.042153 -44.350848 -47.890084 -46.125546 -49.913877 -58.890519 -58.071092 -58.082328 -59.133860 -58.018771 -60.585643 -63.065669 -62.620453 -60.594211 -63.935524 
-24.586055 -24.260317 -20.653190 -20.653664 -24.966320 -31.707664 -39.585890 -39.900328 -42.223153 -38.026645 -37.961600 -44.801759 -50.131534 -46.521333 -43.662614 -44.381810 -44.715705 -47.581594 -54.567101 -51.284021 -53.619073 -60.671262 -56.293764 -48.934811 -46.912323 -51.423058 -51.690373 -54.695719 -54.673112 -59.884189 -66.519791 -66.079373 -66.528332 -68.017490 -67.450327 -70.540259 -69.709852 -69.358967 -70.757018 -71.023400 
-74.485237 -70.752130 -66.605371 -66.545831 -73.240775 -82.126077 -82.714414 -82.566515 -74.580808 -73.284285 -76.389866 -85.916546 -81.381334 -77.907187 -78.978294 -85.789124 -80.105068 -81.334210 -82.203750 -81.937712 -84.346319 -83.503729 -85.516687 -83.759002 -86.285590 -85.385173 -87.192911 -88.074424 -89.527796 -90.361348 -90.039616 -89.964665 -91.079261 -95.150174 -94.883832 -91.002205 -91.145136 -92.867493 -92.712816 -95.197490 
NaN NaN NaN NaN NaN NaN NaN NaN NaN NaN NaN NaN NaN NaN NaN NaN NaN NaN NaN NaN NaN NaN NaN NaN NaN NaN NaN NaN NaN NaN NaN NaN NaN NaN NaN NaN NaN NaN NaN NaN 
NaN NaN NaN NaN NaN NaN NaN NaN NaN NaN NaN NaN NaN NaN NaN NaN NaN NaN NaN NaN NaN NaN NaN NaN NaN NaN NaN NaN NaN NaN NaN NaN NaN NaN NaN NaN NaN NaN NaN NaN 
NaN NaN NaN NaN NaN NaN NaN NaN NaN NaN NaN NaN NaN NaN NaN NaN NaN NaN NaN NaN NaN NaN NaN NaN NaN NaN NaN NaN NaN NaN NaN NaN NaN NaN NaN NaN NaN NaN NaN NaN 
NaN NaN NaN NaN NaN NaN NaN NaN NaN NaN NaN NaN NaN NaN NaN NaN NaN NaN NaN NaN NaN NaN NaN NaN NaN NaN NaN NaN NaN NaN NaN NaN NaN NaN NaN NaN NaN NaN NaN NaN 
NaN NaN NaN NaN NaN NaN NaN NaN NaN NaN NaN NaN NaN NaN NaN NaN NaN NaN NaN NaN NaN NaN NaN NaN NaN NaN NaN NaN NaN NaN NaN NaN NaN NaN NaN NaN NaN NaN NaN NaN 
NaN NaN NaN NaN NaN NaN NaN NaN NaN NaN NaN NaN NaN NaN NaN NaN NaN NaN NaN NaN NaN NaN NaN NaN NaN NaN NaN NaN NaN NaN NaN NaN NaN NaN NaN NaN NaN NaN NaN NaN 
NaN NaN NaN NaN NaN NaN NaN NaN NaN NaN NaN NaN NaN NaN NaN NaN NaN NaN NaN NaN NaN NaN NaN NaN NaN NaN NaN NaN NaN NaN NaN NaN NaN NaN NaN NaN NaN NaN NaN NaN 
NaN NaN NaN NaN NaN NaN NaN NaN NaN NaN NaN NaN NaN NaN NaN NaN NaN NaN NaN NaN NaN NaN NaN NaN NaN NaN NaN NaN NaN NaN NaN NaN NaN NaN NaN NaN NaN NaN NaN NaN 
NaN NaN NaN NaN NaN NaN NaN NaN NaN NaN NaN NaN NaN NaN NaN NaN NaN NaN NaN NaN NaN NaN NaN NaN NaN NaN NaN NaN NaN NaN NaN NaN NaN NaN NaN NaN NaN NaN NaN NaN 
NaN NaN NaN NaN NaN NaN NaN NaN NaN NaN NaN NaN NaN NaN NaN NaN NaN NaN NaN NaN NaN NaN NaN NaN NaN NaN NaN NaN NaN NaN NaN NaN NaN NaN NaN NaN NaN NaN NaN NaN 
NaN NaN NaN NaN NaN NaN NaN NaN NaN NaN NaN NaN NaN NaN NaN NaN NaN NaN NaN NaN NaN NaN NaN NaN NaN NaN NaN NaN NaN NaN NaN NaN NaN NaN NaN NaN NaN NaN NaN NaN 
NaN NaN NaN NaN NaN NaN NaN NaN NaN NaN NaN NaN NaN NaN NaN NaN NaN NaN NaN NaN NaN NaN NaN NaN NaN NaN NaN NaN NaN NaN NaN NaN NaN NaN NaN NaN NaN NaN NaN NaN 
