NaN NaN NaN NaN NaN NaN NaN NaN NaN NaN NaN NaN NaN NaN NaN NaN NaN NaN NaN NaN NaN NaN NaN NaN NaN NaN NaN NaN NaN NaN NaN NaN NaN NaN NaN NaN NaN NaN NaN NaN 
NaN NaN NaN NaN NaN NaN NaN NaN NaN NaN NaN NaN NaN NaN NaN NaN NaN NaN NaN NaN NaN NaN NaN NaN NaN NaN NaN NaN NaN NaN NaN NaN NaN NaN NaN NaN NaN NaN NaN NaN 
NaN NaN NaN NaN NaN NaN NaN NaN NaN NaN NaN NaN NaN NaN NaN NaN NaN NaN NaN NaN NaN NaN NaN NaN NaN NaN NaN NaN NaN NaN NaN NaN NaN NaN NaN NaN NaN NaN NaN NaN 
NaN NaN NaN NaN NaN NaN NaN NaN NaN NaN NaN NaN NaN NaN NaN NaN NaN NaN NaN NaN NaN NaN NaN NaN NaN NaN NaN NaN NaN NaN NaN NaN NaN NaN NaN NaN NaN NaN NaN NaN 
NaN NaN NaN NaN NaN NaN NaN NaN NaN NaN NaN NaN NaN NaN NaN NaN NaN NaN NaN NaN NaN NaN NaN NaN NaN NaN NaN NaN NaN NaN NaN NaN NaN NaN NaN NaN NaN NaN NaN NaN 
-78.366977 -78.389755 -78.427650 -78.491572 -78.578190 -78.699632 -78.848075 -79.038686 -79.292366 -79.595365 -79.964993 -80.424954 -80.967123 -81.626758 -82.421292 -83.354024 -84.479471 -85.791488 -87.305990 -88.971886 -90.660378 -92.096618 -92.981531 -93.366088 -93.585618 -93.956643 -94.539624 -95.036408 -94.956345 -94.258389 -93.551314 -93.447447 -94.214354 -95.538069 -95.952763 -94.840779 -94.041945 -94.913604 -97.467619 -98.033743 
-22.546424 -19.757319 -18.190187 -20.834230 -29.927161 -30.996079 -27.980108 -31.809091 -36.798579 -38.885372 -46.101976 -45.713907 -50.036548 -45.335563 -44.379941 -49.783032 -50.462506 -50.837100 -53.629707 -51.506476 -57.793860 -55.308192 -58.457680 -59.293456 -60.217546 -60.506327 -61.573389 -62.158771 -62.142674 -63.277676 -63.402595 -63.764138 -64.289351 -64.223188 -63.923235 -64.750318 -65.506835 -66.188121 -66.387588 -66.699689 
-10.940259 -9.363445 -14.099670 2.946932 8.399446 6.506331 -3.637139 -14.068776 -11.740812 -19.216580 -23.022161 -28.521899 -24.312177 -25.256201 -23.779473 -26.188120 -35.877599 -35.183798 -35.988494 -38.638775 -41.371996 -40.935393 -43.165625 -45.008441 -46.257274 -46.787131 -48.034217 -48.400207 -48.482404 -48.998443 -49.837653 -50.494216 -51.011582 -51.346551 -50.584816 -51.608462 -52.339814 -52.579595 -52.640620 -52.697733 
-17.453779 -20.119422 -16.247759 8.569805 19.250066 15.072831 2.199633 -4.528078 3.689008 -1.976127 -16.696045 -15.898615 -12.275496 -14.175541 -6.712788 -14.712109 -22.024030 -27.218947 -23.616730 -28.513237 -29.102043 -32.259188 -37.053650 -40.124567 -41.300318 -41.732369 -42.922503 -43.358570 -43.367789 -43.612316 -42.998870 -45.545375 -46.195999 -46.477339 -45.284311 -47.072794 -47.328137 -47.619835 -47.921702 -47.977368 
-15.975879 -24.594791 -21.841556 7.278152 19.759190 10.696685 -12.682133 -4.696392 8.139083 -3.760430 -16.859522 -11.451897 -15.691462 -15.062683 -6.635465 -20.948313 -15.568813 -20.469483 -24.158538 -26.433099 -24.424231 -29.858676 -30.704642 -32.091391 -32.694460 -33.303856 -33.850200 -34.384107 -35.297793 -35.660731 -35.787915 -36.689946 -36.968153 -37.460613 -37.358612 -37.916635 -38.434932 -38.769404 -38.971969 -39.136211 
-17.277854 -13.310169 -13.161407 6.637218 21.781232 17.015174 -4.411187 -13.325878 8.188586 2.611609 -19.168798 -8.292935 -6.993245 -16.563781 -3.996992 -10.655181 -12.458721 -14.626590 -18.712097 -19.605465 -23.226535 -26.799850 -34.930917 -39.979070 -42.907003 -44.158334 -44.382501 -44.577477 -43.964976 -40.642707 -44.810009 -48.234005 -46.851379 -47.753260 -46.141623 -48.629532 -54.670739 -53.979762 -49.928089 -49.134752 
-23.347900 -23.872296 -21.641897 7.420375 24.088827 21.550952 -0.320056 -19.105873 8.681578 8.100439 -16.960657 -7.700374 -2.404216 -20.440607 -1.892236 -2.651037 -13.758801 -9.105097 -18.148285 -12.461822 -22.187858 -20.831107 -32.753653 -37.933906 -40.333376 -40.477500 -40.936502 -40.920507 -39.832034 -36.811509 -37.583796 -43.369037 -42.497785 -42.846797 -41.559444 -44.206198 -46.026640 -45.954341 -44.473248 -44.551856 
-22.173779 -29.886718 -25.513375 4.981621 23.669474 22.394444 -0.065335 -18.144511 9.096728 10.211762 -15.749715 -8.329621 -0.028381 -18.826646 -2.528426 0.224570 -13.177707 -4.572277 -16.730446 -8.001166 -19.903262 -16.845219 -35.401545 -38.665438 -41.413532 -42.315571 -44.120199 -44.438492 -42.529858 -36.301278 -35.402976 -46.006667 -44.765670 -46.544535 -42.425055 -49.576965 -51.282498 -51.199777 -49.708690 -49.330359 
-25.924748 -25.233360 -25.121843 1.877018 22.437534 22.437534 0.033310 -23.622042 8.117844 11.681791 -14.036583 -9.741695 0.606149 -17.350765 -6.030895 -0.547182 -15.433566 1.320522 -9.657940 -6.015795 -18.351748 -14.277243 -31.880031 -33.608137 -34.862399 -36.257015 -36.927920 -37.591975 -38.216608 -35.015576 -33.593785 -39.973538 -40.008961 -41.361658 -41.263357 -42.312782 -42.735952 -43.032480 -43.588696 -43.369322 
-19.131498 -18.828556 -20.807861 0.264785 21.320114 22.903600 3.118684 -16.301782 6.678717 14.384937 -5.213711 -11.205203 -0.062733 -12.644811 -9.405863 -0.182870 -15.129110 5.838927 4.325154 -1.928068 -7.426271 -8.833133 -18.522286 -25.512141 -26.867773 -28.068542 -29.108096 -30.006979 -30.762183 -29.399366 -30.150647 -32.330686 -32.981954 -33.391733 -33.972098 -34.398816 -34.880983 -35.081712 -35.204549 -35.277132 
-11.917032 -13.790430 -12.322946 -2.203051 20.506496 23.564045 5.928438 -18.843172 4.080251 16.464263 1.062262 -19.251291 -1.242502 -7.717104 -16.502247 -0.825452 -13.751185 2.207508 3.632030 0.143824 3.822992 -5.743752 -8.605733 -23.471678 -27.423038 -28.798182 -29.990646 -31.344116 -32.533104 -28.411856 -29.269270 -35.084541 -36.191310 -37.533407 -37.205866 -38.550120 -38.931027 -39.222553 -38.759114 -38.843146 
-13.841576 -13.192512 -12.982280 -6.628251 17.665829 23.615737 8.944256 -16.361176 -0.574172 17.491513 8.356208 -18.482370 -0.211148 -1.314893 -20.501215 -0.479944 -7.336997 -4.856622 0.293952 -0.178606 9.929975 -1.173021 1.361337 -16.566610 -20.927101 -23.134183 -27.679043 -30.355477 -31.309196 -25.782587 -23.513988 -35.193339 -35.179552 -35.073627 -41.209333 -43.037576 -44.448040 -44.370527 -39.604688 -37.894694 
-10.903940 -14.587089 -13.494202 -8.323338 15.651392 23.408911 10.492753 -21.383671 -7.223890 17.713462 12.777087 -17.039517 0.221473 4.200146 -18.007766 -1.370276 -2.641985 -11.699828 0.325977 -10.415220 7.449009 -3.063589 6.538968 -8.609597 -9.720606 -16.746596 -22.787472 -25.089243 -25.647048 -21.355481 -17.561469 -30.722838 -28.667331 -28.689181 -38.127946 -39.638506 -40.392316 -40.125221 -34.769500 -33.274320 
-14.251069 -15.062920 -15.655785 -16.414595 13.857619 23.080422 11.408242 -19.639048 -15.092039 16.521805 13.961194 -16.627772 -1.528082 6.513025 -16.439414 -3.861411 -0.732948 -17.988479 -0.569317 -14.596031 -0.600997 -9.446935 7.062084 -3.746387 -1.704089 -14.090285 -19.632394 -21.748011 -24.641438 -21.003909 -17.168837 -25.842369 -29.302427 -32.375103 -38.384480 -41.331990 -43.554796 -42.994870 -33.917508 -31.422069 
-23.148912 -22.632746 -22.798198 -19.757791 12.331441 22.708416 11.773874 -20.290104 -13.138063 15.979343 13.191764 -15.210931 -2.060161 7.357143 -13.528422 -5.508845 -1.091415 -20.637599 -2.577982 -16.708890 -5.454346 -12.440121 6.187583 -2.441414 1.061338 -7.455000 -12.289529 -17.074293 -21.154379 -19.041148 -14.030657 -21.067811 -26.832597 -31.976041 -35.067719 -37.624225 -38.368461 -38.160074 -31.519644 -30.280088 
-25.209203 -18.469364 -21.031617 -19.037267 11.968119 22.859015 12.434074 -20.526037 -16.327019 15.346803 12.959974 -18.242030 -2.212032 8.571554 -12.624587 -5.761284 -0.226448 -20.895049 -3.599495 -17.035854 -8.217514 -14.509909 2.006656 -3.818468 2.430488 -4.071155 -7.587290 -12.503451 -17.763754 -17.122454 -12.224435 -17.594657 -24.223956 -30.374930 -33.772748 -34.950310 -36.167647 -35.736565 -27.878820 -27.432067 
-22.272065 -18.308274 -18.288907 -17.829866 12.628107 23.374225 13.060901 -20.316103 -18.862416 15.030611 12.059905 -17.357829 -1.045825 9.129848 -12.450876 -5.768789 -0.246485 -21.090800 -4.028298 -16.270176 -9.792393 -15.658613 -2.370724 -5.404874 2.713874 -3.429056 -6.020276 -8.593231 -16.692333 -17.853570 -13.556932 -17.118962 -23.531615 -33.282859 -36.229702 -38.070505 -44.701985 -41.363199 -27.437209 -26.288997 
-30.733255 -26.624107 -28.832470 -18.284033 12.861231 24.001123 13.528254 -16.582728 -10.643303 15.171396 9.271449 -16.296348 -2.012917 7.744509 -14.132954 -7.900433 -1.338365 -25.407962 -6.037838 -18.223801 -12.916231 -19.766552 -6.719457 -9.052757 2.490074 -3.431088 -5.419939 -3.993064 -11.997101 -17.525140 -14.743179 -15.872260 -21.955957 -33.204759 -36.593022 -35.474360 -46.417662 -41.795880 -25.458371 -24.795719 
-23.787818 -28.205265 -25.187746 -15.767418 14.554739 24.960579 14.686277 -17.240028 -12.426388 15.655934 12.785701 -11.110098 -4.283052 6.128297 -15.681204 -11.171223 -3.144163 -26.762892 -8.081963 -19.324750 -15.438821 -20.861576 -10.358277 -10.572281 -0.202600 -1.914355 -3.413063 -2.512456 -7.850573 -16.382311 -16.139835 -14.506548 -20.110698 -33.490448 -35.632839 -30.952396 -42.822466 -39.007303 -24.033262 -23.408225 
-21.842763 -20.601830 -29.027045 -19.877277 14.417723 25.026456 14.441381 -19.255102 -12.814289 15.669207 12.521734 -16.829298 -4.295737 6.072434 -14.076097 -9.378734 -4.308143 -23.368552 -8.064892 -19.014665 -15.263540 -21.011466 -12.096024 -11.123889 -1.892520 -0.079441 -2.286614 -2.023742 -6.142463 -14.482048 -14.051803 -13.374237 -19.187860 -31.333551 -34.185409 -30.541681 -38.699729 -35.804921 -23.101254 -24.053866 
-12.369950 -15.362759 -13.645158 -12.150607 15.308310 24.964570 13.696940 -21.530179 -9.263123 15.602496 9.949765 -17.545791 -1.915028 5.700517 -15.949006 -8.263935 -5.692472 -23.583600 -8.676179 -22.381446 -15.819409 -24.510294 -14.294736 -11.413946 -5.607905 1.787935 -2.529156 -3.062376 -5.283889 -15.399044 -15.142665 -13.338107 -20.273734 -33.623327 -35.566117 -31.730551 -42.377954 -39.174085 -24.454463 -23.472511 
-11.041684 -10.911166 -12.291766 -9.731535 16.994132 25.133678 12.616863 -17.920039 -4.335744 15.501817 6.907845 -18.935949 0.100002 3.801262 -19.154816 -7.655993 -8.697460 -21.216590 -9.889162 -26.074817 -16.983648 -25.547359 -16.351595 -10.992462 -8.745016 2.427362 -1.302027 -1.939323 -3.899909 -13.727852 -13.778559 -11.405757 -19.468323 -33.862671 -35.445324 -33.231540 -44.996136 -39.334504 -22.567863 -23.597051 
-10.562065 -11.827732 -12.861206 -5.849472 18.833675 25.228825 10.958098 -16.440236 -1.204469 15.194234 3.175428 -18.593046 1.369360 0.158139 -22.459017 -7.797483 -13.828937 -18.203188 -12.607627 -23.299615 -18.500112 -23.997141 -20.921811 -10.131043 -9.610988 -0.420587 -0.869850 -1.385134 -4.133363 -14.082524 -14.713426 -13.385900 -19.936690 -31.815701 -33.850991 -33.481141 -38.970518 -36.597616 -22.570244 -23.889481 
-10.492973 -13.735073 -13.195479 -3.771773 19.940483 24.968885 8.675803 -13.812336 0.530168 14.597692 0.363684 -16.091811 2.806201 -1.521041 -22.564728 -8.489881 -17.194123 -15.962547 -15.752096 -23.476841 -20.812689 -20.933885 -21.796108 -11.104298 -8.473566 -3.519372 0.439428 -0.606847 -5.535686 -14.279104 -15.181028 -13.922492 -19.705200 -31.033178 -34.569885 -33.317917 -36.151976 -34.713883 -26.754254 -26.520615 
-11.550011 -12.454216 -14.874597 -0.338331 21.771294 25.085793 8.020000 -20.585207 4.330529 13.993373 -2.804639 -13.473111 4.540321 -4.130419 -17.906453 -8.876805 -20.723900 -14.591361 -18.966739 -18.706861 -21.348450 -19.347658 -20.257038 -13.961551 -5.056878 -2.641223 1.674597 1.186329 -5.732579 -13.239817 -13.253448 -11.227830 -18.128139 -31.395251 -34.703817 -33.380680 -39.706750 -37.461004 -24.281854 -25.484739 
-21.347355 -19.550339 -20.749552 4.892413 24.253407 24.237264 3.988568 -16.041953 8.807746 10.808050 -10.176058 -5.809988 4.526324 -10.938741 -14.442620 -13.525517 -23.584915 -14.616656 -26.827347 -19.189849 -26.055414 -22.013419 -20.614837 -15.811554 -5.071673 -0.976688 1.120797 1.179596 -3.441984 -13.518968 -13.062345 -10.432290 -18.210080 -32.786179 -36.413769 -33.261680 -43.602046 -39.661390 -24.025154 -25.496961 
-19.835427 -19.551282 -17.228418 9.577247 25.850614 22.858431 0.201320 -7.901979 10.905724 4.458540 -20.881346 0.036800 1.589025 -18.388765 -10.632956 -17.977448 -16.587469 -17.599411 -20.560314 -23.399483 -23.721332 -24.368121 -20.423223 -12.698812 -7.943742 -2.266329 3.053639 3.321198 -3.538523 -13.186200 -12.863380 -9.597597 -16.844732 -31.858686 -33.629959 -32.115780 -38.960888 -36.864119 -24.110602 -24.264343 
-12.255441 -12.533903 -15.873605 13.600408 25.974730 19.206762 -3.604751 -0.538308 12.182091 -0.541540 -13.089099 1.935444 -5.219299 -12.701687 -9.220782 -17.372106 -13.202465 -20.595222 -16.022961 -22.205930 -23.422562 -20.915037 -18.845968 -12.680020 -6.812399 -1.904797 3.780782 4.100754 -2.775046 -13.084016 -11.783646 -9.491401 -17.294432 -31.600014 -34.523669 -32.307359 -39.212892 -37.619292 -25.767244 -26.593300 
-22.667139 -17.525826 -9.247170 17.806107 25.189468 12.357384 -13.300978 6.852496 10.328849 -9.535334 -2.081888 0.847423 -14.133088 -5.875076 -12.587964 -16.986633 -16.328663 -20.851731 -21.199824 -26.816812 -27.343750 -22.607977 -20.277678 -14.028168 -7.334059 -0.492625 6.427868 5.512739 -3.125452 -13.260371 -9.643575 -7.291456 -16.459455 -31.029601 -37.517557 -34.294613 -46.544679 -41.044200 -24.614704 -24.736581 
-26.066028 -21.846728 -2.689879 20.924219 23.553801 9.064346 -1.018599 10.294796 3.089279 -9.108156 3.924218 -4.095043 -8.629842 -5.305645 -16.363909 -17.902660 -21.008875 -20.328425 -20.876282 -24.120218 -24.749067 -22.974799 -21.311262 -14.488163 -6.509289 0.417640 5.584099 3.673399 -4.950486 -12.728925 -10.208890 -8.250375 -17.024861 -30.678309 -33.287402 -31.845229 -40.357463 -37.315680 -25.290776 -26.753818 
-15.142725 -18.799027 4.407746 22.051709 19.824670 -1.598878 4.527509 9.531885 -3.610208 2.018660 1.522809 -12.507056 -5.555507 -13.031386 -14.641532 -22.359637 -16.746766 -21.699035 -19.702809 -27.882693 -26.611249 -23.632513 -23.118776 -15.015744 -6.346673 0.776019 4.555348 2.989934 -4.149451 -12.862146 -9.887722 -6.933371 -16.798824 -32.043535 -36.996064 -35.267140 -48.434641 -43.841710 -23.466545 -24.504108 
-28.636725 -21.654608 8.915348 21.464366 15.731173 -5.694343 8.014719 6.439158 -8.547980 7.639655 -0.046745 -11.979471 -9.741583 -14.824481 -12.238805 -21.851047 -20.393582 -22.386734 -25.402134 -26.692721 -27.298331 -26.567950 -25.394117 -16.366509 -8.296676 -0.749153 3.175575 2.581286 -4.593353 -13.793400 -9.901748 -6.849084 -17.714028 -31.532636 -34.798556 -32.782828 -42.726895 -41.310285 -24.691714 -24.688484 
-24.237285 -17.030642 11.166240 19.522364 9.444822 -1.843508 10.364717 5.289721 -1.266459 9.258455 -5.857611 -11.870926 -15.293576 -8.369948 -14.742565 -25.753298 -24.143350 -23.393532 -21.177993 -26.549709 -30.695285 -28.849538 -26.785968 -17.152555 -9.103121 -1.711337 2.711145 1.202285 -8.039085 -15.433110 -11.192384 -8.491065 -19.313383 -32.870992 -36.354667 -34.638084 -51.009759 -44.635331 -26.058763 -27.987958 
-22.326470 -13.117878 12.395220 19.118121 7.481504 -0.363674 9.477961 -0.526021 4.407343 8.429775 -11.394271 -14.808334 -17.090744 -7.345561 -20.885095 -32.358340 -22.534379 -25.455545 -24.985986 -35.133116 -32.831321 -30.619303 -27.678249 -18.937582 -10.117400 -2.272687 0.835581 0.097502 -9.117731 -16.805070 -12.247689 -10.708360 -22.196004 -35.295250 -38.054834 -36.891450 -47.637183 -44.856992 -28.084591 -27.026762 
-19.287072 -11.671592 12.939659 18.928834 7.217339 -0.119365 8.378473 -5.744579 5.858497 5.899661 -17.200564 -16.472592 -15.841073 -10.270129 -29.524127 -33.067948 -22.650206 -27.253169 -29.723880 -33.529247 -31.810395 -31.186074 -29.830685 -20.371394 -11.499205 -3.633718 -2.440156 -3.176052 -12.872804 -19.752357 -15.240357 -12.489393 -25.650709 -39.238879 -35.790402 -36.330540 -53.599054 -47.170717 -29.770728 -31.408535 
-23.487427 -8.607257 13.005288 17.024845 1.835001 3.161585 8.525004 -5.656404 6.872803 3.918794 -14.991770 -12.975689 -14.337397 -11.752293 -23.674893 -24.913774 -20.857005 -24.467286 -26.777630 -27.805880 -31.314917 -30.537537 -26.216799 -17.289343 -7.716229 -3.290227 -4.794470 -5.329721 -15.558568 -22.345988 -16.184195 -14.542970 -25.843215 -35.652728 -33.817158 -34.775141 -39.544488 -39.655208 -31.329331 -33.849502 
-28.749231 -7.565700 13.078715 16.460695 0.378879 6.118110 8.260020 -5.728054 6.132987 1.519412 -11.844909 -14.128511 -13.793668 -14.598109 -21.519999 -26.377601 -22.697757 -26.220845 -26.370864 -26.610146 -28.152508 -21.461154 -15.816051 -13.912792 -12.849944 -13.324174 -10.352190 -12.594407 -25.202314 -28.049234 -20.085309 -19.253508 -29.792358 -38.651323 -37.976926 -38.433606 -44.408927 -44.497897 -35.108297 -37.412029 
-17.393467 -7.567691 13.808864 18.004356 7.208208 6.237376 10.275228 -2.764371 2.903694 -4.232140 -11.205940 -14.303735 -16.856287 -17.138448 -20.032182 -26.446819 -30.009836 -33.280746 -30.897491 -30.580943 -29.306827 -17.100816 -20.202793 -18.508507 -26.231300 -27.716780 -23.326837 -26.757512 -37.825784 -38.819103 -28.873836 -28.600826 -32.886322 -37.686997 -40.683129 -44.079879 -48.566083 -47.514136 -33.951735 -38.838815 
-16.688984 -4.674961 14.225055 17.010131 2.412278 8.319200 10.534733 -6.328563 2.769614 -4.957149 -7.904276 -11.085896 -17.509852 -18.266739 -16.848836 -25.865242 -30.100467 -31.358275 -28.338335 -28.818732 -24.446300 -17.019351 -20.781002 -19.203134 -25.161584 -27.802847 -22.809308 -28.608396 -38.550573 -37.362651 -30.477119 -32.442765 -31.617548 -34.070157 -36.357378 -38.647336 -41.777129 -41.351558 -34.133822 -37.190561 
-17.003861 -4.209758 13.737254 14.858392 -2.693157 9.478301 9.888426 -7.161755 2.976546 -9.410224 -7.676575 -14.461130 -19.141509 -21.659630 -16.420888 -33.546270 -37.418100 -34.600514 -35.433666 -37.666026 -27.396180 -19.712513 -20.101414 -21.920731 -25.528573 -29.367810 -25.366192 -32.495288 -49.520095 -44.150797 -31.810251 -33.087179 -32.995879 -36.381555 -38.413909 -43.393587 -54.410759 -49.739907 -34.466046 -39.878652 
-31.789776 -2.932536 13.382761 13.503934 -3.517374 10.776320 9.505584 -5.791142 2.837864 -10.221970 -7.542954 -18.941776 -20.476767 -20.142776 -17.066483 -33.738845 -36.180976 -34.910896 -37.756523 -42.793433 -29.938737 -19.979669 -21.204684 -21.191056 -26.006433 -29.842625 -25.599349 -32.098622 -53.808451 -45.686399 -32.363978 -34.593993 -33.208104 -36.763905 -38.044297 -44.264049 -58.515174 -52.665191 -35.248223 -39.807180 
-21.767319 -3.840263 12.851162 12.908894 -3.214463 11.081535 9.380975 -5.852645 2.073609 -11.795179 -8.492483 -19.716089 -20.554731 -19.233786 -17.140711 -32.601765 -34.117183 -33.307843 -36.500495 -39.281219 -29.484143 -21.688265 -22.510535 -22.287129 -27.015113 -30.984656 -27.121947 -33.714564 -44.572825 -41.932701 -32.410563 -35.228853 -33.776557 -36.757733 -37.392723 -41.287692 -49.404518 -47.946489 -36.429573 -41.305130 
-21.381033 -3.223391 12.106521 11.684044 -3.667566 10.973123 8.422271 -7.199674 0.783863 -14.905766 -10.246550 -24.077346 -21.885580 -18.507838 -18.664596 -32.002938 -33.740108 -34.221469 -35.943245 -36.310414 -28.543096 -23.281113 -25.027826 -24.344329 -30.008502 -32.187210 -26.263792 -36.045067 -45.660725 -41.685872 -31.200584 -36.199713 -36.125162 -38.458111 -37.859832 -42.605390 -49.586325 -49.193233 -38.309560 -42.083872 
-23.150041 -4.213081 10.125849 8.590142 -3.266827 10.366343 6.240341 -5.039430 -0.342703 -13.876212 -11.234164 -22.372444 -23.753524 -18.425246 -21.504456 -34.747888 -36.815815 -37.259231 -36.960729 -33.500820 -27.407890 -24.891357 -28.547025 -27.866456 -34.027912 -37.299248 -30.225499 -40.277105 -51.271024 -44.689949 -37.279954 -42.795761 -42.705970 -43.632347 -42.035975 -46.549755 -56.860116 -55.362925 -47.138177 -49.379679 
-18.965334 -6.860247 7.470202 6.445680 0.488144 9.282391 2.994674 -5.676821 -4.354979 -16.857890 -15.363009 -29.791663 -29.233696 -18.787180 -26.902041 -37.428243 -40.535611 -43.105879 -38.616095 -37.494416 -31.131493 -30.531322 -31.957469 -34.214544 -36.975619 -39.878030 -36.560194 -44.361396 -49.432064 -46.368702 -39.068783 -43.948118 -44.033895 -46.132562 -46.533775 -48.700100 -53.768093 -54.193783 -50.036905 -49.638347 
-20.189917 -4.132978 7.275545 7.111347 2.026242 7.260524 2.556448 -9.223340 -5.210376 -14.386022 -17.127486 -26.211612 -23.461995 -24.417517 -27.246485 -36.147508 -38.424195 -39.152070 -39.570106 -39.584754 -35.635135 -31.943602 -34.477356 -35.414411 -39.883707 -38.406417 -37.854021 -42.979313 -45.699163 -44.364145 -39.927188 -45.530838 -47.864333 -47.467064 -47.848938 -48.620542 -50.060282 -50.268783 -48.433642 -48.180863 
-21.067302 -6.363308 6.500344 8.203970 2.874248 1.899424 -0.951542 -13.175416 -10.476641 -20.877563 -25.709578 -33.559037 -30.083840 -26.628229 -30.405835 -42.144979 -44.459468 -45.232023 -45.671293 -45.015795 -38.538657 -37.650088 -44.711898 -47.302071 -45.529265 -46.401075 -41.513529 -44.782718 -52.355710 -50.033590 -46.900330 -52.650497 -53.766061 -54.710393 -49.510422 -53.614596 -57.806410 -57.863574 -51.375082 -54.690638 
-7.239162 -3.180256 5.170649 4.529192 -1.134021 -1.925252 -9.003960 -19.066963 -14.683162 -21.823374 -27.292599 -29.653390 -29.550848 -29.263130 -34.509848 -37.609858 -40.594888 -41.975146 -41.890550 -44.378248 -43.031127 -44.976897 -44.758704 -45.474690 -48.542860 -49.485179 -45.870017 -49.508415 -52.516039 -52.083719 -51.559305 -54.389171 -53.527025 -54.340928 -52.375598 -54.541374 -56.120355 -55.952943 -53.186806 -55.567215 
-11.589405 -9.539262 -8.028669 -8.107975 -11.051595 -18.399573 -24.165238 -24.135552 -23.640333 -26.167428 -30.094044 -31.684817 -31.982193 -34.189297 -37.553522 -39.590049 -42.037280 -44.032924 -45.661825 -49.624457 -50.356795 -50.908622 -52.986184 -51.581917 -52.325462 -53.784607 -53.603260 -56.932911 -56.876635 -56.940098 -57.716861 -58.862891 -59.016813 -59.203275 -59.639009 -60.626300 -60.729370 -60.924922 -61.504379 -61.395643 
-74.667957 -62.507470 -53.874411 -49.894889 -57.233925 -64.990185 -67.051386 -75.212568 -67.740678 -65.332484 -72.158749 -75.442189 -79.473817 -79.622226 -76.771004 -75.355883 -75.822658 -79.578347 -77.408882 -75.647180 -76.810760 -76.238384 -79.309561 -80.997264 -82.625693 -82.771250 -80.755256 -81.332061 -84.068357 -84.729375 -87.503934 -87.325408 -82.049331 -86.788996 -87.167658 -88.766088 -86.162862 -87.976420 -88.359452 -89.346252 
-68.506585 -64.310259 -64.380916 -62.384916 -65.966192 -68.088093 -72.549451 -70.244679 -67.528407 -68.084356 -74.218750 -79.840727 -75.732071 -77.136301 -74.460197 -74.400431 -80.233526 -76.935407 -76.954309 -84.045574 -85.128042 -83.651283 -83.766532 -84.411023 -86.425110 -89.413408 -88.375062 -83.735163 -86.710436 -86.318865 -86.750279 -88.979648 -92.475049 -90.765736 -90.618710 -90.116702 -88.995567 -91.775285 -92.968469 -94.622936 
-76.661224 -75.882380 -75.316292 -75.383054 -76.340977 -78.228959 -79.784109 -79.758545 -79.461616 -81.192629 -86.541837 -92.242171 -90.714382 -96.295783 -91.275982 -87.935292 -90.988486 -89.057545 -90.261594 -98.366997 -101.213569 -97.473718 -93.938028 -94.415693 -97.523511 -104.202884 -99.843457 -96.148752 -99.630157 -102.944087 -99.668056 -100.456365 -106.527620 -101.357647 -103.570627 -105.005510 -102.597316 -106.916031 -104.230133 -108.166121 
NaN NaN NaN NaN NaN NaN NaN NaN NaN NaN NaN NaN NaN NaN NaN NaN NaN NaN NaN NaN NaN NaN NaN NaN NaN NaN NaN NaN NaN NaN NaN NaN NaN NaN NaN NaN NaN NaN NaN NaN 
NaN NaN NaN NaN NaN NaN NaN NaN NaN NaN NaN NaN NaN NaN NaN NaN NaN NaN NaN NaN NaN NaN NaN NaN NaN NaN NaN NaN NaN NaN NaN NaN NaN NaN NaN NaN NaN NaN NaN NaN 
NaN NaN NaN NaN NaN NaN NaN NaN NaN NaN NaN NaN NaN NaN NaN NaN NaN NaN NaN NaN NaN NaN NaN NaN NaN NaN NaN NaN NaN NaN NaN NaN NaN NaN NaN NaN NaN NaN NaN NaN 
NaN NaN NaN NaN NaN NaN NaN NaN NaN NaN NaN NaN NaN NaN NaN NaN NaN NaN NaN NaN NaN NaN NaN NaN NaN NaN NaN NaN NaN NaN NaN NaN NaN NaN NaN NaN NaN NaN NaN NaN 
NaN NaN NaN NaN NaN NaN NaN NaN NaN NaN NaN NaN NaN NaN NaN NaN NaN NaN NaN NaN NaN NaN NaN NaN NaN NaN NaN NaN NaN NaN NaN NaN NaN NaN NaN NaN NaN NaN NaN NaN 
NaN NaN NaN NaN NaN NaN NaN NaN NaN NaN NaN NaN NaN NaN NaN NaN NaN NaN NaN NaN NaN NaN NaN NaN NaN NaN NaN NaN NaN NaN NaN NaN NaN NaN NaN NaN NaN NaN NaN NaN 
NaN NaN NaN NaN NaN NaN NaN NaN NaN NaN NaN NaN NaN NaN NaN NaN NaN NaN NaN NaN NaN NaN NaN NaN NaN NaN NaN NaN NaN NaN NaN NaN NaN NaN NaN NaN NaN NaN NaN NaN 
NaN NaN NaN NaN NaN NaN NaN NaN NaN NaN NaN NaN NaN NaN NaN NaN NaN NaN NaN NaN NaN NaN NaN NaN NaN NaN NaN NaN NaN NaN NaN NaN NaN NaN NaN NaN NaN NaN NaN NaN 
NaN NaN NaN NaN NaN NaN NaN NaN NaN NaN NaN NaN NaN NaN NaN NaN NaN NaN NaN NaN NaN NaN NaN NaN NaN NaN NaN NaN NaN NaN NaN NaN NaN NaN NaN NaN NaN NaN NaN NaN 
