-31.961948 -27.761793 -26.651682 -22.609865 -23.091930 -31.495364 -27.782483 -29.874598 -38.321206 -38.388490 -36.296224 -35.551270 -40.743624 -44.429931 -40.151871 -43.940624 -45.894178 -45.361167 -46.382946 -50.981041 -54.241949 -57.060008 -59.615742 -62.511616 -61.014971 -61.087960 -62.859871 -62.110648 -62.312589 -65.116333 -65.171938 -64.491575 -64.717387 -66.039826 -66.492290 -64.534239 -63.151076 -65.066162 -66.507507 -69.122762 
-23.936726 -10.602024 -2.558253 -0.803370 -7.170965 -8.639133 -7.576614 -17.185269 -22.544677 -21.175099 -29.770010 -24.804027 -22.919363 -29.684019 -29.367336 -29.924339 -32.402234 -31.201377 -34.800724 -42.582766 -41.508965 -44.047462 -48.324919 -47.484158 -46.590336 -49.246804 -49.471125 -49.896588 -50.698304 -49.279860 -46.526429 -46.439168 -52.417008 -52.004884 -51.942746 -49.801125 -49.589191 -50.562946 -50.516605 -54.140266 
-20.130767 -4.293953 7.491862 6.339879 1.050638 6.856734 4.652633 0.338927 -3.683089 -8.286436 -12.572781 -10.779409 -11.335278 -19.257854 -17.366533 -23.815477 -21.512447 -23.766050 -27.012183 -29.442559 -34.900732 -37.631470 -40.097857 -42.723654 -44.034503 -46.127870 -48.986129 -50.365082 -49.336506 -46.134683 -42.931857 -44.655264 -51.949058 -49.297461 -46.956992 -44.290696 -45.202953 -46.475379 -48.006389 -52.400512 
-20.898541 -1.679654 8.912495 3.141168 5.466307 10.801759 1.466715 6.227949 -0.868402 -2.742393 -9.671762 -6.577007 -9.976870 -9.027006 -13.211970 -17.612076 -23.134593 -26.266069 -26.282809 -31.058344 -40.152464 -41.580719 -44.609120 -43.512888 -45.850192 -45.505669 -43.340101 -48.432979 -46.717725 -41.549967 -40.779126 -43.285291 -48.635725 -49.286707 -47.840741 -47.463852 -44.450586 -43.530376 -44.430306 -47.926147 
-16.023120 0.704516 9.623489 3.265868 8.091847 11.497060 0.453531 4.594175 -5.440062 -1.934079 -7.833331 -6.620247 -10.517559 -15.845339 -18.770748 -18.454104 -23.903303 -23.186058 -24.862059 -32.659786 -35.023139 -36.501640 -38.201334 -37.918779 -37.650887 -39.099555 -38.275890 -37.240072 -36.248771 -36.307106 -38.243404 -41.198693 -42.402392 -41.389934 -41.628227 -41.608118 -42.591396 -40.862372 -40.665385 -44.287105 
-16.853403 1.500446 9.659984 2.506305 9.454409 10.803360 -1.921532 2.515303 -7.961849 -3.011296 -5.211513 -6.078189 -8.467776 -15.121870 -17.439465 -21.965679 -27.771578 -24.014024 -27.347437 -32.346095 -37.288834 -40.523055 -42.744866 -41.165538 -40.875391 -42.996629 -40.165276 -40.885912 -40.355175 -38.579077 -37.948659 -43.814142 -48.687977 -48.488386 -46.811210 -45.188594 -46.296361 -48.198812 -48.529652 -50.072540 
-14.382791 1.922795 9.748011 2.426087 10.207908 10.878993 -0.389788 3.440340 -4.271637 -2.146698 -6.479514 -5.677993 -8.396131 -15.506683 -17.153768 -17.763089 -19.843332 -24.785518 -28.471741 -31.977819 -34.413676 -36.601914 -37.779166 -38.789283 -38.739928 -39.153074 -39.165426 -40.259809 -40.152517 -41.158415 -38.457386 -40.451068 -46.534970 -46.677226 -46.448519 -45.646377 -44.485532 -43.789646 -45.824110 -47.744995 
-14.686326 1.317099 9.500052 3.735766 10.074164 11.621826 1.469122 4.309029 -8.070827 -2.824227 -5.711142 -5.031999 -10.977004 -12.882337 -15.422977 -16.756916 -15.884020 -20.676602 -25.907046 -31.325746 -31.242604 -30.522783 -32.817488 -32.040411 -31.146211 -31.424252 -31.907152 -33.099595 -35.343151 -42.441697 -39.253619 -39.684658 -43.787737 -43.870887 -43.241570 -43.143460 -42.572585 -40.932157 -42.767990 -47.443114 
-8.743743 0.573869 3.788845 5.261328 9.029820 14.483301 7.019027 5.569576 1.747144 0.897816 -2.668267 -2.444179 -4.710569 -6.285825 -11.432639 -12.980546 -13.970926 -17.499788 -26.384403 -32.517705 -34.834846 -36.803069 -38.137222 -37.052108 -34.387534 -34.945709 -32.581036 -33.244533 -35.297938 -39.443872 -36.903299 -36.528824 -41.091568 -43.280198 -42.502299 -43.093100 -41.195067 -40.978702 -41.637940 -44.371597 
-12.663285 1.632792 10.235840 5.500104 10.456284 16.709827 8.521079 15.267947 8.574852 3.794866 -1.211134 0.515780 2.547211 2.981857 -8.483151 -10.445267 -14.064282 -16.135917 -26.218356 -28.851322 -32.975916 -37.697849 -41.736602 -43.396101 -39.924543 -44.388085 -46.592439 -49.789846 -46.250091 -43.072763 -37.686707 -39.557446 -49.963112 -48.137167 -46.280791 -45.769166 -49.046502 -51.597461 -47.661450 -51.683523 
-16.205436 0.427487 12.300867 8.527486 8.844669 18.973247 10.913838 18.560130 18.915541 6.753643 3.559699 3.374257 2.384032 10.639073 1.152387 -5.167682 -7.384163 -5.165805 -13.391776 -19.241708 -24.796512 -27.204031 -28.371498 -29.402041 -30.117989 -30.841468 -31.594799 -32.155883 -32.423087 -32.512332 -31.264912 -33.515389 -35.138305 -35.311861 -35.794213 -36.033964 -36.409148 -36.454439 -36.267124 -36.804798 
-17.935306 -1.251337 11.689735 9.687729 4.690952 18.069440 12.565372 17.091113 24.514796 12.645609 12.023780 5.973399 8.456169 14.049951 8.863178 2.158141 -3.146936 -2.160961 -4.672448 -7.954056 -18.304429 -25.907349 -30.628300 -35.319253 -38.691925 -38.809721 -38.804288 -42.480983 -41.107264 -33.924672 -33.350334 -40.365946 -44.440432 -45.129086 -44.675299 -38.621482 -43.342930 -42.894190 -41.686790 -46.714877 
-18.959769 -3.417179 10.188867 10.427938 -0.381100 15.454152 12.931056 12.751319 24.489662 12.918930 19.009573 11.740272 14.054801 14.745075 15.722470 6.323405 -0.093216 -1.944448 0.683941 0.182289 -6.319147 -15.642117 -21.377916 -27.773075 -32.032084 -32.778944 -32.380175 -33.339192 -31.884150 -27.353723 -26.947391 -36.618730 -44.095250 -44.982662 -40.123321 -34.463947 -38.271278 -39.497823 -41.939607 -46.646548 
-26.637996 -9.494816 9.338570 11.151753 -4.424258 12.283899 14.519920 5.620835 21.637625 12.743003 20.661571 17.806284 14.299822 12.214458 18.721826 8.461407 3.607662 -1.917987 -0.672639 -1.278236 -2.573079 -6.830522 -16.621020 -23.739816 -26.855389 -30.592706 -29.454731 -29.282143 -26.454096 -23.043997 -22.602311 -29.238438 -34.534118 -33.050273 -32.026207 -29.585988 -32.881015 -32.825666 -35.302543 -36.634320 
-23.664589 -11.565385 7.741674 11.546671 -2.982447 9.317689 14.966657 2.132643 18.796497 14.583099 18.750072 21.781902 12.146582 12.146990 19.151573 12.490104 6.474329 -0.644724 -2.153748 -2.081633 -2.332158 -0.885225 -9.939742 -16.911069 -20.675508 -24.438583 -24.759223 -24.852473 -21.792895 -19.122597 -19.131613 -25.380614 -28.477878 -27.082135 -26.438248 -24.234838 -29.600361 -29.765260 -30.364214 -31.268799 
-27.525567 -15.230645 5.613202 11.227199 -1.695858 5.618709 14.867403 3.786564 15.679565 16.624076 15.035562 23.904853 10.404584 13.681579 17.637913 17.313028 6.445446 1.340927 -0.629354 -1.270532 -4.350720 -1.589260 -6.116493 -13.288517 -17.317005 -24.918076 -27.120903 -24.317436 -19.441521 -15.255693 -16.570375 -24.765649 -32.895354 -26.994479 -22.546310 -21.525513 -30.501027 -31.526390 -33.136586 -34.990230 
-20.129000 -17.191632 3.194082 10.523989 -1.200876 1.601366 14.142868 5.115622 12.048001 17.770814 10.572086 24.216608 11.798265 14.981731 14.156674 19.977990 5.620144 1.722658 0.341684 -1.557719 -5.422334 -5.566968 -5.353405 -8.430081 -13.796419 -20.964908 -26.355482 -24.585706 -17.283941 -12.911317 -15.367120 -24.879908 -35.051956 -26.239722 -19.932593 -18.459494 -31.372981 -32.879720 -34.498275 -45.164693 
-10.771504 -10.947032 1.224144 10.278823 -0.083422 0.705968 13.573965 7.065128 8.525049 18.545034 7.467797 23.411168 14.635792 15.357862 11.469890 20.582030 6.875242 2.447791 0.302174 -2.843104 -5.545357 -8.368729 -8.312469 -5.636460 -11.211062 -18.049311 -23.127268 -23.619309 -16.140934 -11.766574 -14.704423 -23.118494 -30.183543 -23.485726 -18.760854 -17.682698 -29.004606 -31.501150 -32.406485 -35.494343 
-27.027794 -26.219573 -0.201657 10.135206 1.697184 -4.358170 12.698407 8.560142 4.945508 19.002037 6.634203 21.918956 17.366069 14.422527 11.532943 19.707187 9.726637 3.170201 -1.575850 -4.599877 -5.795127 -9.312429 -9.309012 -3.131676 -9.523841 -16.279933 -20.806693 -22.156614 -15.653782 -12.272476 -14.417424 -23.204403 -30.445228 -23.859006 -18.524732 -16.060852 -27.157832 -28.879942 -28.999659 -33.157424 
-21.878531 -26.417275 -0.398490 10.371495 2.891776 -7.936143 11.884957 9.509161 0.502498 18.882108 8.854747 20.845425 19.672134 12.761591 13.671515 18.191393 12.432722 4.131295 -1.711328 -3.315232 -4.011232 -8.310642 -8.599078 -2.479798 -6.073029 -14.585557 -19.303453 -21.248422 -14.090887 -10.316223 -13.508668 -22.915973 -29.155429 -21.784857 -17.003783 -15.463543 -25.922269 -28.328161 -28.939402 -31.231482 
-12.183434 -12.444913 0.315506 10.473636 4.874758 -7.160972 11.322182 11.008797 -2.482383 18.985234 11.502298 19.136471 21.914717 10.583355 15.450119 15.335017 13.911921 3.427760 -3.026920 -3.977081 -4.683143 -9.279044 -9.659859 -4.125549 -4.459318 -12.506623 -17.709301 -20.364965 -12.787643 -9.560203 -12.898628 -21.294198 -27.641293 -20.730646 -17.031641 -15.571553 -27.197063 -28.204442 -28.239015 -31.364831 
-14.052541 -11.473925 0.093487 10.563820 5.230679 -7.493851 10.967237 11.323911 -3.236485 18.911620 11.846016 18.282572 22.377084 11.009899 15.344377 14.353968 14.479362 3.706680 -2.706348 -3.474872 -4.375882 -9.358555 -10.934272 -6.739997 -4.940311 -10.897281 -16.003296 -20.542219 -13.642015 -11.043563 -13.142699 -20.743894 -26.992308 -22.332095 -17.152889 -16.193015 -26.279658 -27.803484 -27.874642 -31.591926 
-31.746063 -25.206563 -0.818444 10.755741 4.322535 -7.933432 11.481800 10.722789 -1.825271 18.997567 10.666008 19.468945 21.912935 11.199652 13.569528 15.637086 14.163688 5.029784 -1.131656 -1.664425 -3.149127 -8.067226 -10.717203 -6.784690 -4.191331 -7.662390 -13.808456 -18.746222 -12.312186 -8.539974 -10.424328 -18.194802 -23.894938 -19.683285 -16.566459 -15.370716 -23.338708 -23.335932 -24.083261 -26.637899 
-26.877025 -27.044814 -0.414527 10.569225 2.734264 -6.186389 12.006608 8.870478 1.661747 18.416824 7.841436 21.312103 19.645497 12.781086 11.038753 19.723877 13.644227 5.981623 0.497295 -2.597662 -4.159287 -9.071806 -11.869790 -7.346584 -3.597291 -7.578189 -14.162778 -20.004517 -13.127160 -9.059250 -11.275784 -20.092656 -29.921643 -20.911379 -14.561978 -13.235366 -25.755160 -27.105648 -26.923428 -34.644873 
-24.114363 -23.697275 0.887909 10.215576 0.532758 -3.656083 12.437424 6.766814 5.367113 16.752345 6.248300 22.529622 16.130733 15.510138 10.788643 21.975976 11.194785 5.984547 3.461708 -1.085473 -4.146291 -7.928833 -10.425488 -7.464397 -4.058330 -8.086050 -14.574296 -19.187965 -12.309199 -9.740355 -12.351426 -18.978621 -23.361037 -19.698408 -14.922516 -13.613610 -23.517115 -24.215867 -24.784624 -26.362749 
-24.238557 -19.616643 2.133506 9.832085 -1.424503 -0.614099 12.572902 4.067181 7.553650 14.278837 7.188276 22.316662 12.260344 17.589560 13.899165 22.126432 10.152302 5.255444 3.795796 -1.940250 -5.650305 -9.418916 -12.522330 -10.729382 -6.260524 -7.727823 -14.688665 -21.666100 -13.728449 -10.175054 -11.709142 -20.642401 -32.433792 -22.012134 -16.306927 -15.855964 -28.020054 -29.424266 -31.952557 -40.812659 
-26.826003 -15.499943 3.755731 9.451955 -3.339802 3.750227 12.200065 1.919225 10.555328 11.183136 12.800669 20.683631 13.388019 18.478910 17.589128 20.150096 13.151929 5.622685 3.224082 -1.510140 -4.864104 -9.255963 -12.096649 -8.838038 -4.129766 -6.210731 -13.104817 -20.719688 -14.145195 -9.666647 -11.226689 -20.410069 -33.431627 -23.039278 -16.620718 -15.712808 -29.502906 -28.931289 -30.789646 -39.210696 
-16.164792 -11.894134 5.828983 8.635038 -3.709577 7.518130 10.848242 -0.888107 12.437415 6.394251 17.440647 17.249963 19.269360 17.368252 19.564088 16.156893 14.562619 5.505366 0.469421 -2.864281 -5.185221 -8.780236 -12.485680 -9.393584 -4.980421 -7.075427 -12.507021 -19.541944 -14.166942 -9.149508 -10.683963 -19.945772 -34.134743 -22.447840 -14.861994 -14.677974 -28.242229 -28.678124 -31.335401 -45.115364 
-20.661517 -6.679854 7.423419 7.235494 -5.182573 10.346428 8.177852 4.123161 11.578635 8.046602 18.825508 16.751496 22.559114 15.869559 16.143286 18.579192 13.530487 6.293797 2.869680 -1.495983 -4.606010 -8.584787 -11.492376 -8.469475 -4.609127 -6.669180 -12.182120 -19.552516 -14.017211 -9.724316 -11.380321 -20.888702 -35.484345 -24.048482 -16.136987 -14.958031 -28.700528 -29.436818 -31.044578 -43.736581 
-20.336169 -4.631612 8.474256 5.247830 1.047224 11.664118 4.798732 8.518615 7.292792 12.262406 13.770848 19.273386 18.897961 15.715219 16.593639 18.630632 15.166749 6.519688 1.671324 -2.485783 -5.519741 -9.240410 -12.536263 -9.616130 -5.701831 -6.787850 -13.105539 -19.494458 -15.927199 -10.943479 -11.449391 -20.281045 -34.702573 -27.426289 -19.518650 -19.116918 -31.334671 -30.825951 -32.701315 -42.826674 
-17.503239 -1.122842 8.734793 2.877898 5.704381 10.108092 2.736318 9.767948 5.564730 12.741570 12.131705 18.841411 18.493843 17.062521 17.907192 18.517108 14.722815 4.736897 1.275750 -2.532595 -6.278336 -10.125949 -13.117277 -10.226732 -6.210088 -7.776179 -13.425143 -18.977972 -15.932785 -10.083986 -10.267999 -19.131109 -30.526667 -24.126731 -18.138458 -19.145976 -28.804064 -30.044183 -29.232518 -33.038472 
-18.763166 2.410458 8.771824 1.683259 8.255364 7.028590 4.880836 7.015621 7.471612 9.174430 14.243584 14.779877 18.809673 14.443008 15.117848 16.998025 14.327678 5.729076 1.873524 -2.389396 -6.947906 -10.858266 -14.419536 -11.165998 -6.267659 -8.812343 -15.153869 -20.103015 -16.734136 -10.620563 -10.713555 -19.110818 -34.927347 -26.511660 -19.174527 -21.452462 -31.459353 -30.087597 -29.390029 -41.294365 
-11.284879 5.016694 8.633751 2.980682 9.399488 4.748426 7.122874 4.920718 7.743148 9.107910 12.843038 15.815991 17.031773 16.645951 15.455796 16.201400 13.733573 7.777544 2.265600 -3.402058 -7.125374 -10.138585 -15.154058 -11.030270 -5.266924 -7.658370 -13.346760 -18.242660 -16.890145 -11.696839 -11.057909 -17.498577 -32.016187 -27.475650 -19.385345 -20.396842 -32.151520 -29.176897 -31.568126 -42.355877 
-8.041253 6.228984 8.588554 3.948828 9.066902 2.749906 5.774854 2.453724 5.025065 9.130429 8.396771 12.609450 15.306258 14.170135 12.572711 13.832881 13.081709 7.002307 2.039625 -2.964790 -6.924461 -10.032528 -13.322054 -8.083982 -3.613524 -8.271896 -14.916249 -21.228435 -19.006316 -13.580072 -15.349075 -21.916156 -33.052991 -26.244011 -21.529194 -23.297406 -31.065428 -31.211246 -29.500876 -45.552146 
-7.573903 6.070539 7.837106 4.639804 8.074189 2.746952 4.331797 3.273524 3.303309 7.289303 7.760444 8.688950 12.118583 13.609713 11.775550 12.224213 11.738732 7.032098 1.032776 -3.646721 -7.878075 -11.554714 -14.028016 -9.731964 -5.504135 -12.197523 -19.372430 -25.992111 -23.509032 -15.860788 -15.031969 -21.348305 -36.383653 -30.740521 -22.216678 -21.878363 -30.589733 -31.655840 -30.395918 -41.510795 
-8.613967 6.091289 5.897322 4.945639 5.961070 2.536613 1.720154 2.921312 1.247484 4.794999 6.570290 5.764325 8.768356 10.757480 9.334599 7.940478 8.002599 3.828383 -0.670604 -5.883276 -10.524896 -14.745821 -16.073076 -14.140985 -10.425813 -17.492842 -23.877943 -30.887323 -27.839539 -24.520376 -21.571683 -27.121695 -37.292889 -34.281764 -25.212623 -24.556850 -34.309319 -34.491454 -31.226140 -43.094783 
-6.519282 5.516203 5.296297 3.786608 5.502831 2.612646 1.692374 1.388310 0.510945 1.990602 4.301469 4.691035 7.190556 8.716214 8.870339 6.990176 5.507086 5.377984 1.343441 -3.464770 -9.252603 -12.321603 -14.632035 -9.696086 -10.374986 -17.908206 -21.965356 -26.374070 -26.542453 -20.073482 -17.413379 -23.455945 -37.961891 -31.384955 -25.701756 -29.499799 -33.816787 -36.203572 -32.935095 -47.312553 
-10.412783 5.084419 4.769980 2.158624 4.808000 -2.338490 -0.428257 -2.014964 -3.898200 -0.543102 -6.550909 -5.073839 -1.131275 3.180587 0.878942 -2.877410 -3.560713 -3.760831 -5.714925 -11.638337 -18.515562 -20.629094 -20.009142 -17.343654 -18.200205 -29.078383 -32.599502 -37.585055 -35.213347 -27.676416 -24.048986 -26.220992 -37.826052 -32.769425 -28.054259 -28.989589 -34.343318 -31.712463 -33.687615 -41.885096 
-6.915597 5.107870 4.136286 3.973165 3.412422 -0.286352 -2.447668 -2.678929 -2.364252 -0.393001 -2.663129 -6.183887 -6.503905 -4.543677 -0.486912 -6.940971 -13.390814 -9.827354 -6.052755 -10.454672 -17.572026 -21.580402 -22.869944 -25.632664 -30.471425 -35.220542 -40.960427 -41.437289 -39.955285 -34.392907 -23.383967 -24.704478 -38.470726 -36.655056 -29.862699 -28.253265 -38.425139 -33.319909 -34.261116 -42.513344 
-5.702027 0.499906 -0.892124 -2.874193 -7.018407 -8.776653 -10.695891 -14.168401 -19.250473 -12.318601 -14.736106 -10.744225 -14.007422 -15.091304 -7.193516 -14.286962 -17.651832 -8.582732 -4.580093 -12.933871 -24.812840 -27.600087 -30.510059 -34.680872 -35.287541 -40.839316 -40.197895 -43.838004 -45.862297 -38.941762 -30.589581 -29.945847 -38.677276 -41.226801 -35.614972 -39.724505 -43.676507 -42.869946 -38.589701 -40.975434 
-14.665449 -15.982419 -22.101179 -22.879124 -27.129506 -33.397809 -32.301012 -24.621896 -23.479702 -25.176918 -25.977742 -23.753577 -25.081572 -22.900324 -22.096331 -28.184771 -27.944386 -16.379317 -17.744708 -33.191578 -37.728460 -37.213564 -42.107965 -45.564139 -46.226433 -50.835798 -50.425188 -51.601732 -52.587913 -50.230203 -44.409032 -45.142233 -47.462029 -47.029271 -45.481241 -51.716920 -54.234401 -52.956199 -47.005981 -50.265985 
-20.457771 -20.151266 -28.186311 -29.469728 -28.870199 -33.899616 -38.562459 -37.805467 -36.778692 -36.816205 -32.890265 -25.530620 -27.011461 -32.484959 -38.029402 -42.218072 -45.152868 -42.201158 -41.037453 -46.254056 -49.909836 -56.118823 -59.069730 -66.646915 -69.244045 -67.898733 -66.245724 -69.811037 -68.230090 -65.339581 -65.345209 -64.944992 -66.568883 -68.635305 -68.425446 -69.338931 -69.541486 -69.445895 -70.190694 -68.568796 
-27.709749 -27.619192 -38.681771 -37.607116 -34.702097 -40.068427 -44.865340 -45.587244 -46.714212 -42.489424 -40.682956 -37.193052 -33.020283 -37.233497 -39.747957 -45.999311 -45.475124 -42.315722 -51.494286 -54.315573 -58.429664 -65.492166 -65.337541 -67.961630 -66.663504 -70.029094 -71.910780 -70.478164 -69.008597 -65.945440 -70.217618 -70.395755 -73.995650 -68.903706 -69.953803 -72.098478 -71.462579 -71.275198 -72.225571 -72.075343 
-31.531280 -30.987192 -32.430056 -36.338319 -36.735275 -42.080734 -45.476000 -42.299812 -48.716104 -44.294007 -41.535679 -39.087786 -43.479357 -41.388000 -43.229247 -44.616692 -46.336361 -46.410865 -54.034520 -56.618478 -60.801175 -66.470687 -65.148558 -67.834655 -68.139886 -68.774997 -71.723159 -69.457537 -71.141097 -71.126793 -72.240907 -70.615708 -72.380750 -71.633295 -69.957479 -71.186469 -72.290126 -73.646292 -72.719926 -73.218553 
-33.970233 -36.019596 -41.003171 -41.537371 -47.489548 -47.904881 -49.582360 -46.596787 -46.374339 -39.946250 -42.894674 -47.540714 -49.174846 -45.861720 -47.847287 -54.195710 -54.117074 -58.416350 -57.694650 -57.822768 -70.763325 -70.459474 -69.725514 -70.506334 -73.720514 -74.705747 -71.920141 -73.693101 -76.357369 -74.396198 -73.881110 -72.225525 -73.001833 -72.633598 -73.530517 -71.583380 -73.290994 -74.070002 -72.402276 -76.137363 
-36.552194 -34.683620 -39.370071 -45.575063 -53.221545 -52.269699 -46.662056 -49.360950 -47.822895 -45.159764 -42.891381 -48.468184 -48.910450 -53.264081 -59.803396 -61.294010 -56.611196 -58.490664 -64.246996 -64.113050 -70.278585 -70.131650 -77.263881 -77.115219 -71.748771 -71.378623 -73.496420 -72.588622 -74.128657 -75.718045 -76.186113 -74.851786 -74.975206 -77.747984 -75.513881 -75.688703 -75.587753 -76.772008 -75.565126 -77.076072 
-36.029077 -43.560734 -46.098311 -51.536857 -53.471369 -60.806732 -56.894664 -56.589649 -55.981456 -53.925568 -57.319121 -55.308676 -59.077129 -63.440409 -64.448465 -62.106403 -65.491953 -64.675947 -62.840085 -65.829261 -73.869777 -73.026242 -77.098291 -77.125463 -76.080816 -76.325699 -76.501366 -76.253411 -76.677349 -75.418298 -76.401203 -74.964958 -75.205334 -75.716467 -75.578551 -76.294476 -78.867151 -77.378515 -77.174536 -78.332711 
-46.745325 -42.380806 -41.204583 -45.218936 -53.505817 -60.679335 -56.997253 -59.251948 -55.922093 -51.640756 -55.271296 -59.912881 -59.052941 -65.631658 -72.311998 -70.211547 -70.930244 -69.360274 -70.359523 -69.699560 -68.352947 -70.367955 -71.159703 -76.374969 -78.119187 -77.564350 -76.034918 -77.529935 -78.845557 -78.243343 -76.774381 -80.831517 -77.403484 -77.352484 -76.790585 -76.946579 -78.372669 -79.599804 -78.325916 -78.853101 
-19.012541 -19.274381 -20.228784 -21.611890 -22.454189 -21.748388 -20.886551 -20.438957 -21.141003 -22.291654 -22.673965 -24.210242 -25.711207 -25.355831 -27.454858 -27.034717 -25.407705 -23.305278 -21.097681 -18.746247 -17.725997 -17.732787 -22.285794 -25.012617 -30.042865 -33.506617 -37.422378 -39.911608 -42.075932 -41.611691 -44.885712 -45.484807 -49.774244 -52.571286 -50.403664 -54.144199 -53.882636 -55.646285 -56.075473 -57.382407 
-10.486442 -9.662431 -12.123655 -15.663004 -16.247757 -13.510864 -11.069233 -8.809478 -9.989594 -13.730464 -11.490467 -15.425307 -17.247088 -12.550704 -16.197708 -15.708975 -16.315024 -14.609960 -11.339666 -7.870228 -7.246702 -5.324062 -13.116187 -13.518773 -19.944469 -23.985183 -25.821085 -28.905805 -32.070296 -30.016072 -30.876712 -29.675236 -32.477371 -35.574269 -37.657048 -37.459534 -37.343514 -37.372100 -41.067867 -39.625299 
-19.485921 -22.010623 -25.713551 -25.153629 -22.193306 -24.366772 -23.015090 -13.125039 -14.061093 -17.098341 -23.309138 -24.695200 -20.837024 -18.595741 -18.289685 -20.736128 -29.073394 -26.830433 -20.772063 -15.561890 -13.900804 -12.644381 -15.071006 -19.434909 -21.422193 -21.058351 -25.707628 -28.507157 -32.889461 -31.545825 -27.603199 -25.577385 -29.767633 -31.303175 -28.852298 -31.266419 -34.471685 -30.321637 -33.667281 -37.550748 
-20.151871 -18.634926 -22.001471 -25.637776 -29.152848 -29.091093 -21.845540 -17.627919 -14.329495 -16.043271 -22.820494 -26.424819 -25.802355 -28.420782 -31.686924 -27.471735 -28.484511 -24.697761 -19.075992 -19.658303 -18.256900 -15.871295 -15.159810 -20.750203 -22.627955 -24.462347 -30.242135 -31.887244 -26.399003 -26.528491 -27.265881 -26.830862 -27.639297 -29.986427 -29.547254 -32.509222 -36.788603 -34.766055 -31.974199 -35.611900 
-25.131389 -23.206114 -26.696168 -29.345865 -27.774210 -25.145960 -20.482064 -18.972427 -20.328078 -20.940024 -25.425197 -32.052021 -25.889763 -27.331342 -29.765332 -34.385566 -36.582677 -28.252260 -23.765914 -20.426699 -16.706783 -17.509382 -20.519363 -20.315302 -24.137218 -23.225021 -32.655576 -38.172850 -33.047263 -29.078321 -33.713012 -33.643200 -35.411246 -31.436085 -31.896635 -37.972293 -38.663999 -39.603767 -34.707247 -39.403650 
-51.716552 -50.778029 -50.602598 -51.214237 -50.889407 -51.071827 -50.716654 -51.413287 -49.792774 -50.943882 -50.841126 -50.725806 -50.770317 -50.444718 -50.342843 -49.932782 -49.730869 -49.389321 -48.975677 -48.716185 -48.709006 -48.833001 -49.220807 -50.262690 -51.457808 -53.351222 -55.765456 -58.826003 -61.947023 -65.037432 -65.681361 -63.972215 -62.668957 -62.930649 -64.150802 -65.633740 -69.107129 -71.444604 -67.176669 -65.286963 
