NaN NaN NaN NaN NaN NaN NaN NaN NaN NaN NaN NaN NaN NaN NaN NaN NaN NaN NaN NaN NaN NaN NaN NaN NaN NaN NaN NaN NaN NaN NaN NaN NaN NaN NaN NaN NaN NaN NaN NaN 
NaN NaN NaN NaN NaN NaN NaN NaN NaN NaN NaN NaN NaN NaN NaN NaN NaN NaN NaN NaN NaN NaN NaN NaN NaN NaN NaN NaN NaN NaN NaN NaN NaN NaN NaN NaN NaN NaN NaN NaN 
NaN NaN NaN NaN NaN NaN NaN NaN NaN NaN NaN NaN NaN NaN NaN NaN NaN NaN NaN NaN NaN NaN NaN NaN NaN NaN NaN NaN NaN NaN NaN NaN NaN NaN NaN NaN NaN NaN NaN NaN 
NaN NaN NaN NaN NaN NaN NaN NaN NaN NaN NaN NaN NaN NaN NaN NaN NaN NaN NaN NaN NaN NaN NaN NaN NaN NaN NaN NaN NaN NaN NaN NaN NaN NaN NaN NaN NaN NaN NaN NaN 
NaN NaN NaN NaN NaN NaN NaN NaN NaN NaN NaN NaN NaN NaN NaN NaN NaN NaN NaN NaN NaN NaN NaN NaN NaN NaN NaN NaN NaN NaN NaN NaN NaN NaN NaN NaN NaN NaN NaN NaN 
NaN NaN NaN NaN NaN NaN NaN NaN NaN NaN NaN NaN NaN NaN NaN NaN NaN NaN NaN NaN NaN NaN NaN NaN NaN NaN NaN NaN NaN NaN NaN NaN NaN NaN NaN NaN NaN NaN NaN NaN 
NaN NaN NaN NaN NaN NaN NaN NaN NaN NaN NaN NaN NaN NaN NaN NaN NaN NaN NaN NaN NaN NaN NaN NaN NaN NaN NaN NaN NaN NaN NaN NaN NaN NaN NaN NaN NaN NaN NaN NaN 
NaN NaN NaN NaN NaN NaN NaN NaN NaN NaN NaN NaN NaN NaN NaN NaN NaN NaN NaN NaN NaN NaN NaN NaN NaN NaN NaN NaN NaN NaN NaN NaN NaN NaN NaN NaN NaN NaN NaN NaN 
NaN NaN NaN NaN NaN NaN NaN NaN NaN NaN NaN NaN NaN NaN NaN NaN NaN NaN NaN NaN NaN NaN NaN NaN NaN NaN NaN NaN NaN NaN NaN NaN NaN NaN NaN NaN NaN NaN NaN NaN 
NaN NaN NaN NaN NaN NaN NaN NaN NaN NaN NaN NaN NaN NaN NaN NaN NaN NaN NaN NaN NaN NaN NaN NaN NaN NaN NaN NaN NaN NaN NaN NaN NaN NaN NaN NaN NaN NaN NaN NaN 
NaN NaN NaN NaN NaN NaN NaN NaN NaN NaN NaN NaN NaN NaN NaN NaN NaN NaN NaN NaN NaN NaN NaN NaN NaN NaN NaN NaN NaN NaN NaN NaN NaN NaN NaN NaN NaN NaN NaN NaN 
NaN NaN NaN NaN NaN NaN NaN NaN NaN NaN NaN NaN NaN NaN NaN NaN NaN NaN NaN NaN NaN NaN NaN NaN NaN NaN NaN NaN NaN NaN NaN NaN NaN NaN NaN NaN NaN NaN NaN NaN 
NaN NaN NaN NaN NaN NaN NaN NaN NaN NaN NaN NaN NaN NaN NaN NaN NaN NaN NaN NaN NaN NaN NaN NaN NaN NaN NaN NaN NaN NaN NaN NaN NaN NaN NaN NaN NaN NaN NaN NaN 
NaN NaN NaN NaN NaN NaN NaN NaN NaN NaN NaN NaN NaN NaN NaN NaN NaN NaN NaN NaN NaN NaN NaN NaN NaN NaN NaN NaN NaN NaN NaN NaN NaN NaN NaN NaN NaN NaN NaN NaN 
NaN NaN NaN NaN NaN NaN NaN NaN NaN NaN NaN NaN NaN NaN NaN NaN NaN NaN NaN NaN NaN NaN NaN NaN NaN NaN NaN NaN NaN NaN NaN NaN NaN NaN NaN NaN NaN NaN NaN NaN 
NaN NaN NaN NaN NaN NaN NaN NaN NaN NaN NaN NaN NaN NaN NaN NaN NaN NaN NaN NaN NaN NaN NaN NaN NaN NaN NaN NaN NaN NaN NaN NaN NaN NaN NaN NaN NaN NaN NaN NaN 
NaN NaN NaN NaN NaN NaN NaN NaN NaN NaN NaN NaN NaN NaN NaN NaN NaN NaN NaN NaN NaN NaN NaN NaN NaN NaN NaN NaN NaN NaN NaN NaN NaN NaN NaN NaN NaN NaN NaN NaN 
-51.275085 -51.687276 -52.854998 -55.991223 -59.293622 -55.013831 -51.733070 -52.116472 -58.378817 -61.244716 -57.491698 -60.360095 -56.070949 -52.670488 -52.921665 -56.767483 -62.341277 -58.022775 -56.684817 -50.439213 -44.148297 -45.731017 -44.440166 -42.622184 -45.307754 -48.626336 -45.472571 -44.991431 -51.672173 -52.006864 -57.778850 -60.845119 -59.912008 -63.957437 -66.546857 -63.638631 -65.856278 -64.308046 -69.217438 -75.264556 
-35.657575 -39.716744 -40.161469 -35.372512 -34.877912 -35.385695 -35.271925 -30.129483 -31.262683 -38.396310 -38.965250 -40.477134 -39.028689 -39.014910 -35.186093 -37.668372 -41.840182 -40.181959 -33.372666 -26.105659 -22.783917 -21.842089 -25.400515 -24.558995 -21.101893 -16.955541 -21.276705 -23.270457 -29.151988 -34.922546 -35.544160 -36.668480 -39.447809 -42.277279 -38.103099 -38.174356 -40.091166 -39.893736 -46.676953 -52.845653 
-30.072786 -28.790491 -32.201374 -31.510086 -34.982270 -36.121732 -38.389966 -29.988976 -27.442503 -27.681229 -33.550573 -31.849787 -35.017244 -37.640752 -39.301768 -32.281301 -31.561520 -28.106672 -20.453742 -21.767270 -19.914230 -15.735255 -13.852761 -16.752357 -13.970090 -11.605178 -15.221566 -16.371266 -13.416267 -18.943696 -23.353704 -24.954186 -24.111820 -27.479598 -25.658498 -24.796238 -29.394731 -30.019512 -32.880620 -38.217284 
-26.119573 -30.303414 -28.114958 -36.404357 -35.069053 -41.004909 -29.884281 -24.907764 -22.779435 -27.044343 -31.334243 -28.908144 -32.268797 -34.954950 -28.459899 -28.973713 -28.657981 -25.320486 -16.507355 -16.079116 -9.746621 -12.919131 -9.327453 -7.491542 -6.944453 -4.246836 -10.283748 -9.491804 -9.530065 -12.321551 -17.356997 -20.969491 -22.063602 -19.463844 -18.418670 -18.461032 -20.912259 -23.583107 -26.604597 -32.305794 
-21.692131 -26.091977 -34.870187 -45.407491 -39.751297 -35.307553 -29.354190 -26.680568 -21.276050 -26.829995 -23.429860 -24.020578 -30.144216 -28.982345 -25.321379 -21.273705 -24.181500 -23.352084 -18.223069 -17.189547 -9.852003 -7.424539 -11.621149 -3.216913 -1.231425 -2.000844 -2.513221 -3.514740 -2.608007 -7.167201 -12.983866 -13.846149 -15.643723 -13.598821 -14.061483 -11.823576 -14.209054 -15.249064 -24.001412 -28.012831 
-25.805614 -30.019357 -33.431761 -34.423911 -32.462547 -27.930018 -30.123938 -25.307254 -27.755240 -31.023838 -23.839117 -23.352179 -27.735639 -30.767387 -27.084837 -21.974800 -26.417572 -21.449659 -16.988659 -21.065409 -15.028303 -9.589061 -8.187269 -4.386522 2.792995 -0.101151 -1.026101 -1.123745 -3.100386 -5.421608 -10.873150 -12.718122 -10.138755 -13.653721 -10.630181 -9.995537 -12.921571 -14.745258 -22.507246 -28.001872 
-22.615891 -23.628296 -22.058575 -25.510788 -27.199040 -27.954296 -22.410585 -21.224486 -30.543512 -28.501375 -27.652424 -29.983439 -32.123384 -34.132422 -29.513618 -20.885365 -18.012556 -18.538097 -14.387984 -16.257861 -10.750799 -13.814801 -9.323172 -3.124600 0.152156 1.206671 -0.963304 -5.429606 -2.285675 -5.843239 -9.792534 -8.934691 -9.701893 -11.623985 -9.322705 -7.606267 -7.985095 -10.204033 -17.791867 -23.121250 
-21.259577 -19.737639 -21.447831 -31.368439 -20.615061 -21.779471 -23.854707 -23.699843 -19.008459 -22.166312 -28.917081 -27.048620 -26.379542 -26.874297 -23.164992 -20.471801 -17.983414 -18.071779 -14.777402 -11.646464 -8.772560 -12.631007 -6.187291 -2.295770 0.086696 2.718368 2.652643 -1.108349 0.171162 -2.234880 -5.626507 -8.585606 -8.021082 -5.111552 -2.229108 -3.536731 -6.997680 -7.572819 -12.280696 -19.019611 
-25.487582 -21.989941 -21.756124 -28.011986 -32.637811 -24.904307 -19.364329 -21.711133 -20.217504 -24.605031 -30.361860 -20.774634 -24.087214 -26.934289 -21.265222 -19.027117 -15.938704 -15.141376 -13.790933 -16.805002 -10.256023 -10.941926 -7.693558 -1.187398 1.463328 4.738347 0.161212 -0.707569 0.337034 -3.080917 -5.092472 -3.277689 -5.621996 -6.097031 -3.647542 -2.558493 -4.643473 -7.598109 -11.343715 -18.532891 
-28.981402 -25.523807 -27.908358 -26.792544 -27.392707 -35.603492 -30.228222 -19.807949 -19.396905 -25.035452 -21.760437 -19.769637 -21.120640 -23.636732 -25.168269 -18.986273 -13.115230 -14.520497 -11.286052 -12.032040 -7.024979 -5.271024 -7.516931 -1.809080 3.910579 3.779113 -0.359986 0.984994 -1.455108 -1.991113 -3.121900 -2.564648 -8.925573 -4.343820 -1.259247 1.902775 -1.131839 -6.454380 -11.443663 -17.347706 
-29.372495 -30.289390 -27.207615 -29.773854 -30.000478 -30.050876 -25.036598 -24.824767 -25.487490 -24.699934 -25.742878 -24.590870 -20.419616 -19.549610 -24.825451 -23.515568 -17.540677 -16.560697 -17.081722 -11.851146 -8.816345 -8.375876 -9.168443 -7.517709 -1.119710 2.454796 1.631462 3.628751 2.380544 0.607350 -4.461990 -4.441793 -5.287052 -6.077024 -5.851286 -3.048571 -3.840908 -7.777475 -12.640848 -16.374934 
-21.211930 -25.765485 -26.834707 -25.139687 -25.906071 -25.059244 -23.912493 -27.375523 -25.624837 -21.817679 -22.471032 -21.981145 -21.201857 -22.736148 -23.108774 -17.299291 -18.864035 -20.214332 -17.603876 -15.489919 -10.756389 -9.014076 -7.833928 -0.886410 0.938726 5.106799 3.042007 2.011172 2.923486 -2.285888 -3.773592 -3.601961 -5.474293 -8.475022 -4.278945 -6.836807 -4.503708 -6.731907 -11.170339 -16.239147 
-21.376089 -22.808183 -22.297933 -27.556128 -28.463754 -24.318697 -23.698554 -21.425837 -21.962471 -22.770116 -24.571787 -25.102693 -22.887609 -24.188929 -22.942607 -23.255032 -15.443491 -18.289266 -17.856893 -16.488224 -8.758248 -6.596965 -10.676983 0.395983 3.123528 5.291185 3.082910 -0.371687 1.109029 -5.355266 -1.819791 -4.497656 -7.509551 -7.141192 -2.576604 -1.319275 -5.141114 -5.944608 -11.226957 -14.362957 
-22.367378 -28.023063 -27.673333 -30.614481 -23.513803 -27.404211 -24.721375 -27.501664 -20.672535 -20.446223 -28.111302 -28.102698 -28.920796 -19.548575 -24.187325 -23.793458 -19.940979 -16.765299 -15.596642 -18.260610 -17.047797 -13.004443 -10.336871 0.733049 3.858919 5.296549 3.086982 -2.988131 -2.382002 -3.404233 -3.277784 -2.435318 -4.689067 -4.442779 -0.236290 0.632469 -2.836753 -5.193591 -12.072158 -17.790174 
-19.439248 -19.715962 -20.484510 -27.738470 -20.747880 -21.298621 -26.263168 -17.712390 -20.389433 -29.697781 -32.779441 -26.497500 -25.303142 -27.906231 -25.049842 -28.125729 -23.963597 -19.450357 -16.458322 -14.033409 -6.761700 -6.778432 -5.870333 -2.791461 1.470577 6.472528 5.803609 0.038627 1.380816 0.602624 -0.096587 -1.854565 -7.723036 -4.647102 0.862834 1.075885 -0.625703 -2.671643 -8.650371 -13.950584 
-22.423440 -29.646016 -24.946416 -30.023183 -29.113342 -26.942814 -27.328252 -20.461433 -22.095226 -29.971438 -26.804390 -21.282776 -24.786345 -23.543587 -21.084043 -20.768831 -14.774975 -14.886694 -17.723579 -14.388597 -10.032628 -7.409654 -9.802613 -5.626177 0.318189 4.685319 2.954952 0.736729 4.065688 0.197492 -3.417894 -2.066200 -4.649316 -4.665952 -1.439290 0.668150 -3.134602 -4.444777 -9.508654 -14.252572 
-32.333012 -24.373034 -26.394139 -29.799503 -27.456319 -29.922646 -23.076460 -24.324158 -25.262378 -29.173913 -23.261734 -21.853939 -24.360656 -19.893595 -22.610177 -20.544935 -16.973952 -14.076219 -13.986643 -9.200051 -7.696529 -3.225108 -3.817299 -1.993839 4.159299 3.854916 1.743263 0.072061 0.198806 -1.766466 -3.143680 -1.239197 -1.247915 -2.417663 -1.654754 0.983447 -3.764939 -4.565936 -10.499804 -13.395607 
-25.245181 -18.870165 -19.077771 -23.342468 -18.516749 -20.985140 -17.774715 -20.251040 -21.513914 -18.261592 -20.725569 -25.535328 -24.899825 -21.853853 -18.431580 -14.562578 -15.673354 -12.241640 -11.200830 -8.984122 -7.402495 -3.546672 -2.792516 2.951464 6.159848 4.140196 1.264611 -1.110028 -1.674293 -2.359978 -4.915501 -5.577661 -2.792978 -3.344716 0.592180 -1.602775 -6.027453 -5.073286 -6.643770 -13.224136 
-8.579531 -2.294330 4.139199 5.453121 -1.768335 -7.419587 -6.716156 -9.226750 -20.609970 -21.682221 -18.155405 -17.167629 -15.622110 -18.293818 -17.404523 -15.565223 -16.646105 -10.732614 -6.865659 -9.790324 -5.180533 -3.110922 -5.157568 -0.747821 4.955846 5.373131 1.487405 -0.676030 -4.067520 -4.209434 -5.238963 -7.129087 -6.942882 -4.938148 -3.732743 -7.015862 -9.746737 -10.032436 -14.260150 -16.217254 
-9.673004 -2.802032 12.642203 15.183829 5.709565 12.144975 12.386452 -1.608034 -8.826213 -16.170265 -18.553695 -20.724968 -19.271095 -18.540107 -19.940113 -22.932536 -19.709261 -16.978200 -11.303839 -8.797546 -9.291984 -8.757638 -7.377250 -6.374366 -6.253148 -6.125959 -4.357781 -9.428476 -11.595623 -12.396927 -15.039283 -13.013365 -17.262099 -18.912443 -15.388118 -17.053145 -16.265568 -18.768708 -21.679515 -26.214589 
-18.612784 -7.045184 13.395846 17.287658 4.904950 16.353990 20.997298 7.350503 -4.969063 -6.186244 -16.808630 -13.852471 -16.487930 -15.820513 -19.177568 -21.973440 -20.910010 -16.595033 -13.566752 -11.111306 -8.689789 -2.749773 -2.354409 -4.112666 -1.129949 -6.489855 -11.231717 -9.987914 -13.454418 -21.931884 -24.440431 -16.165555 -15.746925 -23.194827 -25.179366 -20.393721 -25.383982 -26.802899 -26.767718 -30.319343 
-23.623657 -12.608534 11.821988 18.440700 6.376825 13.852523 23.340165 11.457890 -3.923186 -2.378976 -15.005115 -11.184771 -16.918370 -13.490298 -17.954152 -16.735405 -17.661015 -15.924515 -12.017124 -10.356774 -5.836347 1.363187 -3.011626 -4.269444 -1.027412 -7.718389 -11.914648 -11.408450 -14.603049 -21.826082 -24.216648 -14.128280 -15.217730 -24.782774 -25.927580 -18.938818 -23.937817 -25.640753 -24.546282 -32.217203 
-12.601282 -11.624126 11.973513 19.824274 9.934452 10.970283 23.968758 15.143300 -6.323764 -0.340766 -14.686901 -11.290096 -17.890722 -13.691591 -18.388982 -14.426170 -15.967336 -15.060790 -11.006253 -10.813484 -6.154539 -0.869906 -2.415157 -3.608947 -1.877491 -14.280656 -18.741202 -16.884777 -16.753460 -23.600335 -28.306417 -16.513965 -15.402980 -26.866668 -27.503122 -19.165508 -23.602289 -26.655376 -23.726423 -35.108092 
-12.489068 -14.671113 12.626698 20.604785 10.825140 10.883947 24.077769 16.434236 -4.899907 1.090232 -15.808121 -13.072685 -20.262023 -14.364702 -21.178747 -14.446358 -17.273382 -15.211800 -10.324457 -9.426095 -2.863645 -4.667773 -8.023709 -5.950210 -0.846724 -14.829298 -20.875647 -18.925547 -19.285466 -22.273017 -28.251965 -16.329903 -16.123869 -25.853754 -29.430366 -22.321583 -26.844306 -30.067095 -26.037502 -40.452473 
-17.607093 -20.564602 11.818359 21.004641 11.812591 7.167723 23.167789 17.372971 -7.159700 1.690059 -13.260715 -14.618435 -18.468376 -14.139871 -18.124274 -13.047086 -16.281323 -12.448117 -7.600235 -4.801932 -3.652099 -9.732367 -14.227978 -10.708644 -3.274266 -15.112211 -21.277732 -20.724968 -22.032392 -25.061820 -27.181326 -13.218720 -16.333985 -27.366516 -29.437125 -22.025350 -26.571891 -29.669284 -25.960832 -38.657323 
-22.582920 -23.488642 11.444224 21.377254 12.850462 5.543076 23.042955 18.972435 -9.391127 2.644802 -9.953498 -12.872432 -18.000431 -15.076356 -18.442611 -13.705258 -15.164151 -9.620677 -4.774166 -3.095836 -5.747980 -15.789682 -19.161106 -13.933545 -5.439533 -14.443961 -21.667481 -22.217502 -24.460502 -30.525261 -25.113801 -13.301049 -16.010567 -29.697314 -30.214060 -21.840466 -24.796451 -29.790817 -25.737999 -37.588079 
-22.104111 -24.530087 11.018514 21.545907 13.357625 6.725035 23.317105 18.859250 -7.845839 2.144203 -11.085448 -13.012409 -16.868181 -14.902972 -18.948025 -14.033839 -15.744110 -9.295570 -3.395390 -7.104613 -9.478919 -14.051309 -18.182370 -15.758307 -6.456602 -13.822684 -22.299650 -22.550280 -26.726405 -28.058325 -25.759005 -11.733271 -14.846505 -27.544831 -28.727245 -20.715968 -23.999792 -28.652620 -26.097561 -38.304517 
-21.370405 -17.752401 11.984929 21.848898 13.559351 7.227525 23.795304 19.760054 -7.431408 2.562574 -10.853676 -12.504326 -18.536323 -14.274210 -17.977424 -13.503535 -14.231018 -8.667767 -3.248992 -3.525257 -7.045700 -16.396759 -19.631591 -16.108413 -7.081190 -15.297267 -22.253968 -24.144499 -25.762997 -29.149623 -22.805331 -9.636480 -12.878136 -28.307412 -29.984620 -21.162931 -24.092093 -27.446814 -24.373968 -37.711622 
-19.378430 -10.230168 13.117056 21.317876 11.113697 10.481890 24.284437 17.279394 -3.407267 2.246540 -13.483498 -10.886531 -16.709042 -10.898512 -15.170261 -10.254043 -9.764257 -4.829813 -0.322289 -10.580877 -15.821649 -20.946520 -20.857710 -16.364066 -8.555414 -16.315308 -23.486904 -23.602414 -25.257910 -24.997889 -22.860416 -8.374154 -12.830452 -27.130755 -28.615028 -19.754953 -24.224139 -26.059584 -21.276338 -36.607789 
-17.068312 -7.514444 13.789328 20.244879 7.994172 13.710917 24.353487 13.114304 -1.284112 0.128861 -16.456104 -10.266929 -16.477209 -9.706452 -13.013438 -9.766865 -6.804494 -4.503390 -3.021614 -12.201589 -18.415248 -21.502285 -21.762269 -18.047539 -12.674445 -17.071854 -23.963734 -23.948574 -25.779418 -27.034367 -22.699311 -9.011695 -13.155955 -29.393746 -29.642002 -21.145869 -25.114687 -27.327824 -23.456225 -40.067748 
-23.894449 -6.818064 14.330990 18.751372 6.234190 18.340029 24.550065 10.238674 2.712301 -3.860764 -10.995990 -11.069537 -11.431094 -11.452709 -10.218845 -9.190855 -4.887970 -1.853877 -7.176104 -13.104571 -18.215765 -22.002895 -22.802121 -19.257051 -11.687726 -17.621713 -24.272461 -24.157645 -26.785788 -28.101670 -24.442036 -11.452057 -15.493821 -28.983740 -33.167033 -23.522496 -27.992033 -30.283516 -25.946229 -41.442155 
-23.008384 -1.286233 14.797853 16.042902 6.419072 22.501365 23.058676 6.561695 7.212181 -5.712795 -6.993313 -11.113847 -6.374303 -10.075670 -9.504483 -4.216556 -2.002271 -0.256042 -9.850373 -15.693553 -20.268849 -23.305436 -23.414767 -19.618209 -14.181390 -19.941780 -24.655583 -23.816680 -26.677306 -28.579144 -23.810692 -13.189670 -18.271095 -28.178406 -31.096694 -25.284139 -28.668472 -28.575467 -24.938131 -34.336236 
-15.252102 2.818278 14.528534 10.793097 9.420845 25.152460 19.376413 6.735669 8.603394 -7.401099 -9.969273 -9.173898 -7.539317 -9.578261 -9.199969 -3.627973 -0.291293 -4.702916 -12.454290 -18.524005 -22.916148 -27.308210 -26.693905 -22.105302 -15.785013 -23.693149 -29.143212 -26.840207 -29.596826 -31.422762 -30.964480 -16.098104 -18.098890 -32.144921 -34.014111 -25.255003 -30.114460 -32.759808 -29.306093 -43.907415 
-21.608206 4.419970 15.084457 10.545197 17.567909 26.918067 18.630787 13.362440 5.491968 -3.735960 -9.118783 -6.131231 -9.481940 -8.638605 -8.453350 -4.919181 -1.796379 -2.634042 -6.757050 -12.817062 -18.413288 -21.979916 -21.369827 -19.736925 -12.434415 -18.203630 -26.194204 -24.643186 -27.940228 -29.120705 -30.390550 -19.840913 -19.329839 -29.846666 -30.459053 -24.451789 -28.335284 -29.192399 -26.445349 -33.374453 
-18.068256 6.158712 15.116966 11.427372 22.109414 25.710068 15.709233 16.874932 3.349710 -0.972667 -7.410692 -7.819567 -8.232052 -10.971563 -10.643969 -5.587594 -1.936042 -3.483690 -8.976177 -15.799237 -19.643795 -22.179389 -23.034839 -18.169088 -12.362489 -19.350780 -24.903768 -23.100857 -24.816359 -29.035065 -30.046386 -16.430542 -16.717193 -29.609785 -29.686803 -21.221739 -27.072618 -28.904436 -25.726152 -34.943282 
-10.934536 7.457543 13.456978 11.426634 23.678252 20.968194 15.251127 15.848250 1.108880 -2.914729 -5.362305 -8.829916 -9.418471 -10.478345 -8.482469 -1.811946 -3.448688 -7.855702 -14.793748 -20.091631 -24.239866 -27.433761 -26.780147 -21.703644 -15.190119 -22.813482 -27.578941 -25.751570 -28.999032 -36.504340 -35.251421 -18.676890 -19.382625 -36.421113 -35.694784 -27.615840 -32.196861 -33.382834 -31.468317 -44.119732 
-10.033084 7.670648 10.319207 12.405782 23.771076 17.741155 18.934412 13.744388 3.871346 -6.362620 -8.962611 -8.940434 -10.590496 -9.900015 -6.537677 0.972074 -4.576766 -11.898323 -17.598242 -21.555645 -24.581433 -27.320592 -26.980271 -23.403485 -15.716774 -21.966582 -26.195645 -25.526128 -27.899989 -31.236686 -29.656519 -20.028462 -20.442247 -30.958624 -31.560024 -25.827847 -29.572930 -29.750032 -26.996395 -34.430606 
-3.142961 9.361868 11.099472 15.157100 22.580936 15.003851 19.099350 8.917423 6.034243 -4.870433 -9.002796 -8.740354 -9.627792 -9.502014 -2.506233 -2.029825 -10.129868 -16.297329 -22.587261 -26.965061 -29.064684 -31.710184 -32.006877 -25.684251 -18.934760 -23.741058 -29.792255 -26.682870 -30.045198 -37.219890 -35.154878 -23.433232 -24.094582 -37.578467 -37.755057 -30.391460 -34.937347 -33.560691 -30.051066 -43.805686 
-4.505253 10.364673 10.852034 16.595783 20.320922 17.137734 18.782159 8.393536 3.754842 -7.959209 -9.927293 -10.467429 -8.999697 -7.529691 -2.248386 -5.275763 -11.886146 -17.779999 -24.322149 -29.575885 -33.384905 -37.293256 -32.815282 -27.998051 -21.846854 -27.213160 -33.283343 -29.292428 -33.375051 -41.057043 -42.261658 -27.208657 -25.988092 -38.474831 -38.749603 -30.124321 -34.758917 -34.584898 -32.327434 -46.070263 
-2.682336 11.305504 10.823221 16.703211 18.834929 17.934628 17.925151 8.407553 0.091741 -7.470505 -8.870853 -12.162297 -13.055036 -10.737231 -8.309820 -7.380739 -9.616378 -13.776901 -22.527144 -26.797573 -29.495207 -33.809613 -33.220622 -29.388216 -25.269432 -29.998879 -38.148133 -35.424746 -39.211368 -44.547805 -46.241881 -35.309734 -30.181457 -40.082363 -44.513223 -33.696960 -37.034905 -35.748084 -31.695504 -44.792712 
-3.545120 11.504762 11.197709 14.618194 16.161832 14.211119 13.978548 1.061639 -6.863950 -9.231961 -11.625999 -16.889446 -20.130232 -16.688721 -12.676301 -9.397128 -13.822867 -19.750639 -25.724252 -29.375583 -31.827495 -34.974250 -35.868532 -32.380569 -25.513722 -31.908754 -34.502735 -31.383589 -36.305086 -42.315397 -42.753141 -35.196718 -30.592199 -40.197108 -40.774290 -33.633902 -38.951946 -38.178252 -36.632439 -46.027163 
-2.452945 11.551606 9.997781 14.620964 15.715329 14.938124 13.039792 2.818203 -2.067183 -7.427463 -10.065125 -16.559381 -16.040049 -12.862856 -7.302813 -4.529729 -11.320678 -17.576691 -24.839425 -28.065928 -30.703935 -31.701840 -31.552099 -27.600773 -23.207420 -29.264130 -31.716173 -29.537819 -32.748941 -37.655090 -38.041086 -33.262322 -29.283236 -36.713172 -38.822240 -32.685450 -36.757067 -36.509421 -33.931404 -41.062788 
-2.674526 11.206117 7.330022 13.073407 13.068032 13.954135 11.185273 2.943285 -3.578081 -13.080855 -15.267139 -18.498744 -18.488411 -13.224847 -6.163831 -7.750136 -19.359273 -25.205490 -31.007951 -34.606798 -35.756260 -38.791597 -37.165431 -31.422941 -24.913394 -32.644101 -36.734020 -31.784421 -35.802946 -46.664842 -48.149996 -37.667417 -32.416110 -44.464959 -47.631310 -39.995901 -41.406829 -40.912570 -38.949555 -49.757677 
-4.696873 10.381738 8.917667 10.955493 9.578873 10.529667 5.174283 -1.604384 -5.147081 -9.506819 -13.616736 -14.778966 -14.746499 -12.267745 -10.817284 -16.559779 -23.937224 -31.958312 -33.042113 -34.947165 -37.946946 -39.138499 -39.340384 -36.551245 -34.628915 -37.084757 -39.040031 -34.916688 -38.143592 -44.208314 -45.167411 -43.736340 -41.108219 -45.670219 -46.293146 -43.123384 -44.319101 -44.095188 -41.356049 -47.100676 
-1.236376 7.871543 4.564239 4.987551 7.099148 9.592780 8.169354 -0.014180 -5.962855 -16.500060 -17.670767 -19.686167 -18.856636 -10.058297 -11.939929 -18.627019 -27.042701 -32.558611 -33.574144 -36.216059 -37.474690 -38.272295 -39.693621 -38.425591 -31.350434 -38.298377 -41.004561 -34.936030 -37.895329 -44.339901 -44.840580 -43.568394 -38.792091 -45.681635 -46.057328 -44.485599 -45.329732 -46.665552 -45.543951 -47.522351 
-3.246962 7.447263 8.561104 6.907969 9.408665 8.640473 5.543666 2.414100 -3.026567 -9.577928 -12.433025 -14.695455 -12.349493 -10.378300 -15.308334 -17.504313 -22.283791 -26.082801 -31.318431 -37.193491 -41.023345 -40.325588 -40.041387 -37.025820 -30.858382 -39.369140 -42.139050 -41.391477 -43.947830 -49.102683 -53.108583 -46.708625 -44.750144 -53.954960 -51.496019 -43.398975 -47.192923 -49.244422 -48.397603 -55.409271 
-2.622280 3.003679 -0.903912 0.535683 3.622884 2.360470 2.576731 -0.828446 -7.340374 -18.965301 -21.871650 -25.305571 -17.488502 -13.989982 -20.465897 -20.368300 -28.124871 -30.706929 -38.099633 -43.884127 -48.163152 -49.365794 -46.374242 -43.119522 -33.987367 -39.272873 -45.880784 -42.804626 -43.892994 -50.964977 -55.410699 -52.019011 -46.958749 -52.510208 -52.462243 -47.021351 -44.828489 -45.354130 -44.127110 -53.303664 
-16.850898 -1.486744 5.024854 0.043542 -2.105953 -3.217517 -5.659733 -11.827943 -16.990522 -18.284184 -22.705356 -26.361175 -28.242477 -21.462658 -20.718820 -25.967458 -28.665214 -32.759011 -35.407919 -41.814632 -45.930223 -46.982440 -50.201158 -45.620816 -37.723829 -41.792560 -45.611283 -41.797156 -45.578128 -50.088998 -55.455547 -54.832277 -46.941810 -52.602579 -51.453272 -44.852681 -46.749057 -46.767486 -42.812045 -51.022406 
-8.353598 1.756988 2.277038 1.794829 1.857809 -1.754762 -4.547605 -5.303257 -16.811326 -24.503125 -27.092003 -25.767188 -23.094618 -20.876784 -23.505201 -27.552801 -33.868607 -31.210843 -38.486760 -42.541863 -45.830823 -43.813023 -47.857528 -41.896362 -35.399788 -37.716625 -42.290756 -36.172958 -41.359824 -52.336714 -53.471152 -58.110178 -48.095170 -55.943875 -54.304339 -46.972198 -48.546633 -51.974305 -48.529100 -53.374535 
-9.577949 -0.068222 4.456230 -1.639024 -2.037405 -4.382780 -7.125985 -8.898509 -8.008425 -13.297638 -13.114673 -16.766433 -19.899385 -15.951466 -23.022428 -25.865663 -32.504532 -34.770463 -36.054376 -41.665332 -41.598504 -44.491482 -42.797383 -43.398333 -38.436990 -41.561834 -46.478085 -44.345345 -42.955991 -49.759841 -52.845234 -54.502330 -53.202384 -52.935845 -53.700582 -49.853881 -50.509827 -51.275850 -51.553434 -55.847197 
-5.864065 0.951623 -0.214501 -4.224835 0.791384 -2.194115 -8.852528 -2.378589 -5.937067 -15.296914 -13.343752 -18.659669 -16.023795 -16.284901 -18.453813 -23.354912 -32.156053 -34.848118 -39.364243 -39.595022 -43.097130 -49.190935 -44.924227 -47.056151 -39.578976 -41.185487 -48.242973 -43.888486 -45.416432 -50.810950 -54.392114 -56.252707 -51.981783 -56.212483 -56.462842 -52.219374 -53.690490 -51.182530 -51.176463 -57.930259 
-8.541863 -2.627884 0.246470 -4.843955 -6.348356 -6.724961 -9.260113 -11.801785 -17.077885 -25.499492 -23.422227 -20.561683 -28.675882 -21.283977 -16.262592 -24.814518 -34.925158 -29.555807 -28.379630 -34.700785 -42.236258 -45.294147 -42.216212 -43.663387 -38.238675 -41.032510 -43.740413 -42.406596 -44.578768 -48.573390 -52.861698 -51.790519 -49.562875 -52.242565 -52.089841 -53.272394 -53.762023 -53.261620 -52.321610 -54.747888 
-9.770388 -1.505973 -0.688614 -11.235713 -7.304829 -9.616708 -15.808123 -9.175437 -16.501865 -25.685716 -27.341245 -26.804445 -26.372506 -18.812603 -20.872995 -26.521844 -30.871653 -26.000353 -34.776992 -36.838370 -41.036188 -47.548822 -47.358534 -39.747813 -34.550175 -38.208528 -43.617531 -44.861529 -42.964122 -46.142866 -51.559326 -50.688216 -47.713846 -48.283953 -46.074037 -46.995380 -51.857348 -52.016760 -51.282579 -53.869870 
-19.424032 -15.498339 -14.449853 -19.299111 -29.702832 -27.875556 -30.198813 -23.012302 -24.701300 -30.637536 -36.964189 -36.140647 -31.003884 -31.318929 -29.787732 -29.643635 -32.913417 -33.293891 -39.011911 -42.310025 -45.439779 -51.891873 -52.267012 -42.740844 -39.457379 -44.369294 -48.032658 -50.332860 -47.308829 -49.388599 -54.048088 -54.324235 -56.451261 -56.177424 -53.882498 -51.771752 -56.095413 -59.893543 -58.049390 -60.358153 
-50.832664 -48.404585 -50.515577 -53.655583 -61.295367 -63.885174 -65.822456 -62.781561 -64.196803 -60.929148 -66.084110 -71.924292 -65.596874 -60.480796 -62.127614 -69.055754 -71.207491 -75.902014 -74.302336 -72.356913 -77.969704 -79.749478 -80.914637 -81.102837 -78.607018 -82.967139 -84.367131 -82.636475 -80.832847 -80.038599 -80.503172 -83.392461 -81.667557 -84.043644 -86.390638 -85.524242 -83.056392 -84.847679 -84.515088 -84.042787 
-58.109608 -55.488412 -58.268872 -60.220050 -56.327674 -58.169794 -66.989127 -73.827001 -69.608803 -64.354780 -66.727154 -70.193025 -67.665451 -70.562388 -74.413516 -73.558842 -72.881752 -73.067194 -73.495039 -78.279229 -77.415056 -78.077612 -82.564447 -81.205771 -79.638667 -78.543736 -80.340299 -84.015818 -83.725556 -82.358436 -83.491824 -83.378651 -86.490511 -86.148904 -86.662397 -85.955277 -88.209328 -89.144323 -87.465584 -91.085296 
-67.012845 -66.226139 -62.586728 -68.174512 -66.628144 -64.659638 -73.974381 -72.584334 -75.231940 -72.677506 -75.585087 -73.601235 -72.845017 -74.326231 -74.715673 -71.748390 -73.698699 -75.410535 -78.182352 -78.304843 -77.042510 -78.806485 -78.371280 -81.060393 -85.572706 -85.774317 -85.012722 -86.677817 -89.710933 -89.410666 -88.066224 -87.678989 -86.022172 -88.206579 -86.499986 -87.580535 -92.115109 -89.326366 -92.282086 -92.641708 
-81.961920 -82.108234 -82.352989 -82.768885 -83.339975 -84.150726 -85.155036 -86.449235 -88.105208 -89.762879 -90.872836 -90.795497 -89.829504 -88.788264 -88.198724 -88.305809 -89.301562 -91.446863 -94.975130 -97.785023 -95.908729 -93.669742 -93.527986 -95.978732 -102.059749 -103.990048 -100.253532 -101.717441 -110.167899 -106.612528 -102.575889 -101.464381 -101.494128 -106.358557 -104.253770 -104.349494 -107.918253 -104.527537 -108.531314 -107.013593 
NaN NaN NaN NaN NaN NaN NaN NaN NaN NaN NaN NaN NaN NaN NaN NaN NaN NaN NaN NaN NaN NaN NaN NaN NaN NaN NaN NaN NaN NaN NaN NaN NaN NaN NaN NaN NaN NaN NaN NaN 
NaN NaN NaN NaN NaN NaN NaN NaN NaN NaN NaN NaN NaN NaN NaN NaN NaN NaN NaN NaN NaN NaN NaN NaN NaN NaN NaN NaN NaN NaN NaN NaN NaN NaN NaN NaN NaN NaN NaN NaN 
NaN NaN NaN NaN NaN NaN NaN NaN NaN NaN NaN NaN NaN NaN NaN NaN NaN NaN NaN NaN NaN NaN NaN NaN NaN NaN NaN NaN NaN NaN NaN NaN NaN NaN NaN NaN NaN NaN NaN NaN 
NaN NaN NaN NaN NaN NaN NaN NaN NaN NaN NaN NaN NaN NaN NaN NaN NaN NaN NaN NaN NaN NaN NaN NaN NaN NaN NaN NaN NaN NaN NaN NaN NaN NaN NaN NaN NaN NaN NaN NaN 
