-22.996422 -24.033312 -28.310335 -30.645415 -31.276045 -32.821361 -26.142060 -25.618512 -24.674568 -25.331169 -34.703709 -30.353796 -28.019234 -29.146509 -25.081828 -21.167046 -27.433114 -31.131449 -25.625768 -24.478071 -23.823181 -26.101482 -22.608631 -23.637968 -25.748780 -24.663598 -27.944930 -27.934037 -22.539072 -19.163811 -16.484884 -15.207186 -13.922967 -12.125697 -9.650561 -7.599967 -4.052606 0.076366 1.082293 -0.775879 
-15.263104 -20.713896 -31.563244 -39.564734 -29.996012 -24.706328 -21.018853 -16.626280 -20.637843 -19.514611 -26.951715 -26.917865 -22.934439 -19.828341 -19.335370 -20.972618 -23.256942 -24.065220 -22.745684 -23.997743 -16.811082 -22.338524 -20.664713 -21.746946 -23.086550 -23.506950 -25.233229 -24.485974 -21.205791 -20.567690 -16.358319 -10.934991 -7.691416 -4.219790 -4.869480 -2.983001 1.545140 2.193747 5.224212 3.437835 
-15.812387 -21.897604 -32.275752 -32.393795 -36.378693 -25.328190 -21.443665 -22.447374 -24.310121 -24.197984 -23.081640 -23.270776 -22.877851 -23.095974 -23.734145 -20.853340 -24.226598 -27.526726 -24.157223 -29.020919 -18.919805 -20.041064 -26.220325 -23.738024 -24.065046 -24.664958 -21.008886 -21.199664 -21.270764 -16.630942 -14.967931 -15.640949 -12.291144 -6.364856 -4.689307 -3.602015 0.422992 2.059047 4.165237 1.946698 
-12.704109 -21.997131 -28.243064 -28.935399 -35.078699 -28.514050 -25.474874 -22.685355 -25.787858 -24.708838 -30.007545 -24.771080 -18.962581 -15.537522 -22.064136 -19.096523 -14.248759 -18.499148 -25.463504 -24.874799 -15.793517 -14.608889 -20.413072 -18.342832 -20.546412 -19.070267 -20.465816 -22.523448 -20.517503 -16.589500 -16.700622 -15.009398 -11.492371 -5.009725 -4.153400 -3.022950 -1.585004 0.897847 -1.430393 -1.371223 
-12.761636 -13.479123 -21.527243 -24.847796 -25.611132 -27.049307 -21.449700 -16.125970 -22.771303 -22.548144 -18.972100 -17.597551 -18.542751 -10.990386 -12.468639 -10.562446 -11.751258 -16.540480 -25.898913 -21.223206 -14.233451 -12.686858 -13.983391 -19.050978 -19.490283 -18.412794 -16.064717 -21.727328 -19.751786 -21.038608 -16.614024 -11.880289 -9.319218 -7.888587 -6.484310 -5.751798 -2.964449 -1.085900 -0.227428 -3.615041 
-15.097666 -11.088633 -16.754152 -21.235599 -21.254792 -20.059525 -12.927575 -11.060310 -18.747546 -16.827657 -19.327430 -25.147746 -22.717931 -19.855848 -17.932156 -13.171549 -15.171481 -24.183851 -26.062269 -19.696282 -6.684906 -11.148161 -16.165512 -20.090511 -21.954556 -18.981833 -16.288857 -20.672933 -22.208603 -18.556818 -17.318988 -15.590370 -13.579191 -12.843017 -11.976984 -10.318307 -6.104068 -6.250392 -9.528269 -13.218224 
-14.570601 -12.761760 -11.214437 1.903084 1.414033 -6.427771 -15.248362 -17.300441 -12.414679 -15.093457 -21.092876 -19.833629 -23.090434 -22.409289 -21.362967 -15.395516 -25.074886 -28.907623 -24.785281 -21.450860 -10.237920 -13.651314 -21.192179 -24.948144 -27.980981 -24.917218 -16.920616 -24.210725 -30.947234 -28.291947 -25.784505 -25.460147 -27.275377 -26.888098 -22.940644 -21.773413 -21.931312 -23.585422 -20.885086 -24.097110 
-14.047608 -16.776885 -1.077887 16.634216 21.157365 14.501615 3.052782 7.995584 12.504117 1.889020 -2.449710 -0.442268 -8.118602 -10.757967 -10.882447 -14.751069 -15.600734 -17.105949 -16.331459 -16.011177 -9.667217 -10.137764 -17.349916 -22.159764 -25.256001 -21.706538 -14.547748 -21.148636 -26.811423 -27.440406 -27.858521 -28.204781 -34.459715 -34.808031 -32.842124 -23.394280 -27.745117 -32.043114 -30.737850 -28.666465 
-14.740501 -15.760912 -5.647476 20.271181 24.885344 11.139284 1.762619 17.640436 20.720451 1.401969 6.220681 6.115051 -8.653910 -2.359565 -11.637039 -11.715764 -16.746264 -9.511621 -14.557157 -11.908386 -4.329164 -3.693498 -15.103471 -18.002052 -16.673679 -15.359916 -8.432054 -11.441580 -20.405285 -23.455358 -20.209655 -20.994836 -30.527325 -35.671561 -28.828347 -20.068939 -22.808882 -36.327648 -29.534919 -24.100529 
-26.225791 -25.779324 -18.211471 19.574005 24.889335 10.111958 -7.831075 16.555854 18.939331 -7.525855 7.172712 9.527584 -13.921058 -1.836859 -12.585985 -14.604474 -18.176314 -10.177147 -16.423865 -14.245763 -9.456078 -6.381635 -11.374858 -14.028593 -14.975337 -13.797834 -8.577229 -8.247568 -19.357004 -20.588892 -15.322985 -16.035159 -27.696961 -39.102649 -26.685325 -20.510011 -23.810850 -36.650869 -31.407154 -25.289615 
-16.357014 -16.106393 -16.418340 18.570682 25.030936 11.258523 -11.753022 13.577745 17.644243 -6.315018 6.328227 12.255388 -10.967405 -0.766827 -6.922537 -14.349140 -14.501314 -10.859668 -13.155950 -13.919033 -11.444928 -5.339680 -10.175573 -11.405214 -12.536063 -11.710315 -6.346834 -7.063739 -18.109883 -19.112110 -17.106399 -18.752400 -25.365451 -36.742564 -25.929490 -16.421308 -22.758398 -36.719176 -33.221565 -27.993927 
-28.216737 -25.130716 -18.557235 17.156422 24.637333 11.703988 -12.830461 11.776705 17.111837 -6.330045 4.829593 13.239574 -10.622287 0.373203 -4.419931 -14.032985 -12.617596 -13.248282 -12.481393 -16.483336 -16.573827 -7.639630 -8.313538 -11.463204 -14.497688 -13.182793 -6.668251 -9.446439 -18.865190 -19.692392 -15.721192 -16.556051 -25.119616 -37.665211 -27.515473 -18.822459 -24.668033 -37.544861 -34.974329 -25.792139 
-16.777472 -15.075413 -14.755361 15.638808 24.288367 12.706895 -12.795676 9.764492 17.112622 -3.750786 2.732017 14.020397 -5.072214 0.391607 -1.885593 -15.061496 -12.639007 -13.823495 -10.628867 -17.709364 -18.498199 -8.644155 -8.483441 -8.585040 -15.864890 -12.414516 -7.548735 -12.448838 -15.672173 -16.694168 -14.856031 -15.142576 -23.730637 -32.985081 -25.963926 -19.943037 -24.921017 -34.958616 -32.447815 -27.370161 
-17.714954 -25.942743 -17.357802 14.370990 23.789174 12.994975 -12.988446 7.962674 17.502674 -0.755975 1.071292 14.383462 -3.454000 -1.539874 -0.770736 -20.703341 -16.956302 -18.510621 -12.363950 -22.597581 -21.366418 -12.573914 -11.563042 -12.161447 -12.019363 -12.412911 -7.106541 -9.488229 -15.299327 -15.398179 -13.074483 -15.667727 -23.347833 -36.632617 -31.372852 -22.423692 -26.307065 -39.612066 -32.280119 -25.333012 
-12.440675 -16.594611 -14.181782 13.966525 23.434620 12.572810 -13.256590 7.734733 17.070991 -1.671042 1.723766 14.081271 -3.874367 -2.481680 -3.661365 -17.784425 -17.855354 -18.199655 -13.347937 -19.036797 -19.394895 -12.186181 -10.045713 -6.581311 -11.164410 -11.171410 -7.360507 -12.644952 -16.282943 -17.120276 -15.148697 -17.159236 -27.497104 -34.607371 -29.974338 -25.514252 -27.318086 -35.684496 -30.512327 -23.105228 
-12.763006 -18.762437 -14.981526 15.278081 23.633410 11.443849 -15.773280 9.137691 15.850451 -6.032786 2.769139 12.963694 -8.323754 -2.048159 -3.717425 -18.276962 -17.419309 -17.673091 -16.761028 -21.005695 -21.387574 -15.660105 -10.211905 -8.944738 -12.789871 -13.245082 -7.884703 -10.829247 -15.270078 -15.618119 -15.583026 -18.167431 -27.188095 -36.213888 -30.934283 -23.615012 -27.132471 -38.057909 -33.782292 -27.140869 
-14.985915 -28.532631 -15.330378 17.166729 24.285983 11.225122 -11.831640 11.351914 14.794223 -9.861172 6.245894 11.790684 -9.976185 1.120788 -4.621108 -14.218202 -16.136124 -14.443583 -16.310332 -18.958244 -20.332047 -16.504931 -9.184568 -9.244537 -11.867158 -12.498535 -6.020111 -9.610108 -18.058094 -18.403779 -15.797527 -18.686202 -26.723442 -34.881744 -30.814584 -24.231319 -28.394042 -35.822041 -32.697155 -24.554317 
-19.928965 -19.261827 -10.295726 19.744516 24.892818 9.683838 -8.909411 13.585226 12.801912 -9.069757 9.242968 8.133994 -10.309988 1.913151 -10.459727 -12.197295 -18.414955 -13.667060 -19.490560 -19.611167 -19.608550 -19.399482 -15.194384 -6.424691 -8.231076 -12.823990 -7.868266 -8.547191 -18.186227 -17.508666 -13.622657 -16.944113 -27.724020 -41.738324 -28.034628 -18.794725 -25.787987 -42.680202 -35.753575 -26.743208 
-14.442741 -14.608288 -2.362654 22.783880 25.407117 8.111404 -0.747682 15.347347 8.449878 -5.625603 11.351306 1.436655 -3.354170 0.167092 -12.178658 -10.663401 -21.292968 -15.743911 -19.826239 -21.793665 -19.585951 -19.299600 -14.464233 -7.144419 -11.748281 -10.039762 -4.020330 -6.455341 -14.836030 -17.014052 -17.091248 -20.276451 -27.117084 -41.510384 -27.674325 -18.709411 -25.184706 -45.138681 -36.127757 -28.177008 
-17.923440 -16.082189 5.880053 25.308785 24.711489 4.530428 7.693338 15.308346 2.040986 5.662610 11.012328 -0.871743 2.720992 -3.483713 -0.397788 -7.193530 -17.791764 -16.816310 -14.293891 -17.577795 -19.558392 -18.940672 -11.322683 -7.466307 -10.351138 -9.035286 -5.033131 -9.596167 -13.468515 -16.567506 -17.158222 -21.464013 -29.663168 -35.748046 -31.270727 -23.481888 -26.577545 -37.217016 -35.964092 -29.478806 
-12.153091 -10.980870 13.180244 26.474564 21.757546 1.750818 12.101515 11.560112 -0.592217 11.005580 3.904399 3.348800 4.924663 0.483603 4.257994 -9.412445 -19.545675 -13.837273 -16.052579 -17.683691 -17.264643 -17.419608 -11.467423 -5.497358 -9.095668 -9.889848 -7.383046 -14.360484 -17.763039 -16.569571 -12.201574 -17.997352 -28.546650 -41.790545 -30.031872 -20.778529 -27.381830 -40.684020 -37.861252 -30.144101 
-14.312543 -6.608148 18.242480 25.643301 15.623390 5.085313 14.140333 5.296153 9.579552 11.352219 1.248784 8.802333 0.977543 4.177681 -0.867128 -7.428310 -19.047574 -16.989557 -15.525799 -14.882466 -16.470563 -15.902102 -11.621404 -6.038490 -6.812271 -8.961078 -6.084865 -11.637143 -16.946612 -15.543416 -13.482846 -18.932121 -31.895200 -39.019421 -27.720985 -22.714300 -29.639717 -39.113547 -37.860786 -31.460032 
-11.676077 2.592162 21.327013 23.690200 8.100748 11.072544 13.668022 5.609843 16.821153 9.336835 6.165375 5.245340 0.378399 -0.092987 3.843670 -6.110719 -16.014563 -12.924950 -13.182332 -15.025265 -15.872235 -16.383500 -11.511281 -5.128833 -4.611648 -7.474373 -3.303839 -9.412976 -15.068153 -14.441116 -14.225573 -21.576561 -27.947016 -30.815191 -25.959776 -25.369627 -29.574460 -32.306480 -32.545575 -28.252843 
-11.700139 8.093648 22.961308 21.718611 6.243192 13.649748 9.748785 11.579616 17.017841 5.094329 4.232596 -0.012768 0.568034 3.906293 2.604043 -7.596886 -17.950748 -16.809709 -15.745727 -17.496910 -17.625583 -17.640412 -12.963703 -6.055864 -4.218445 -6.122795 -5.170436 -13.680185 -17.489348 -15.020674 -12.189332 -19.609446 -31.091226 -44.957939 -31.451164 -25.252636 -29.749599 -43.865399 -42.852084 -34.105324 
-10.736878 12.574473 23.679167 18.905444 8.504325 12.507688 5.456148 15.527545 10.317764 2.326877 -3.158302 2.348408 0.120464 0.988662 1.055807 -7.509327 -18.414215 -18.977835 -17.068515 -17.821912 -19.984856 -19.701491 -15.232427 -6.986919 -1.474194 -2.663206 -3.065968 -15.053987 -16.285215 -13.056053 -11.833365 -20.875077 -31.324612 -34.402669 -29.928612 -22.685377 -26.734597 -34.929740 -34.704842 -29.827390 
-8.407932 15.344796 23.761274 16.248125 10.312342 10.553609 7.979210 14.849410 3.861307 2.756203 -2.127682 -0.798733 -2.335741 0.672534 2.426672 -7.380766 -20.744107 -21.120437 -20.348669 -19.155149 -21.439132 -20.161570 -14.503781 -7.175446 -0.625441 0.777857 -0.778748 -13.369555 -16.909659 -12.749134 -9.460398 -19.957051 -33.191604 -38.306501 -29.929164 -21.758636 -29.884640 -39.440796 -39.308851 -35.113537 
-4.988655 16.610977 23.159321 14.826326 11.434505 7.132390 9.322664 10.323381 6.194931 2.035095 -3.254221 -4.677994 -3.340678 0.639126 0.609735 -5.393755 -17.474959 -25.013567 -23.343020 -22.312528 -25.320278 -23.861714 -16.788818 -10.291932 -2.057491 0.757495 -2.613369 -15.373826 -18.216219 -15.953082 -11.379635 -20.127023 -33.544434 -44.540408 -35.019575 -19.969444 -23.733852 -44.173062 -41.824399 -36.102573 
-0.734855 16.916750 21.575299 11.264338 12.198480 6.970823 9.707110 4.902226 8.650969 0.782790 -5.324431 -4.874515 -4.340822 -3.504573 0.270606 -8.369470 -22.932058 -27.186047 -25.564326 -23.972422 -26.019210 -31.293418 -26.006957 -18.601441 -7.142638 -1.657046 -5.050856 -16.914274 -21.347076 -17.675791 -13.601905 -21.187896 -33.000615 -37.797668 -33.171989 -25.940717 -30.240298 -38.936314 -39.026589 -37.387045 
1.228997 17.068934 19.862075 10.043517 12.908222 5.535829 10.016455 4.282053 9.313495 -3.445281 -9.765743 -6.110152 -8.192851 -3.264669 0.011574 -8.781421 -20.015382 -27.398425 -25.753239 -23.169637 -25.696264 -30.591992 -34.231341 -23.669967 -13.338152 -5.090760 -9.322943 -21.916688 -25.975840 -21.263913 -17.389971 -24.495308 -35.073545 -37.139452 -37.127669 -30.694061 -32.894378 -39.179736 -38.923367 -38.732993 
1.341376 17.320396 19.238701 11.602563 14.530953 7.508458 9.498668 5.132280 7.281056 -11.921476 -15.251457 -7.921147 -9.314700 -2.258081 -2.819942 -10.527785 -24.360001 -31.065901 -28.433213 -26.113104 -25.879764 -28.942713 -34.807772 -30.558834 -20.159555 -12.463238 -17.846142 -30.392611 -30.400315 -26.636631 -24.760289 -33.592298 -46.368748 -48.427997 -45.287702 -34.443410 -37.583252 -47.707868 -47.790678 -48.371666 
0.743577 17.371718 19.074788 12.306503 15.694810 7.350549 8.573751 4.585177 6.662221 -9.889701 -14.147669 -9.576411 -10.726083 -2.878069 -2.941187 -9.077965 -21.834206 -31.277671 -28.071295 -27.330916 -24.728933 -28.264211 -35.143376 -33.448173 -22.191795 -17.301637 -23.747651 -36.289543 -35.339817 -28.712998 -25.006766 -34.744841 -50.829616 -54.558708 -48.513766 -40.528008 -42.651428 -52.721129 -50.725121 -51.125888 
0.393902 17.209915 19.414872 11.915493 16.120913 7.292196 9.458681 3.931747 6.336541 -9.208989 -14.055950 -8.688522 -10.564831 -3.417175 -3.630270 -10.069207 -22.052657 -29.047446 -26.785873 -24.435872 -24.436758 -30.807832 -34.381703 -32.790041 -26.405714 -20.780832 -27.886032 -38.570553 -37.469181 -27.557126 -24.588697 -34.799916 -41.228447 -42.052121 -42.256117 -39.053684 -40.971660 -43.202594 -43.121591 -43.387798 
0.693988 17.118667 19.393112 11.422826 15.748711 7.672341 9.576350 2.878019 6.365206 -9.122376 -13.197740 -10.073758 -10.142373 -3.383941 -3.749481 -9.375390 -21.989387 -28.540757 -27.026247 -24.975550 -23.855242 -28.586617 -34.240325 -34.054973 -29.071155 -24.767901 -29.201031 -37.201398 -37.229393 -31.021026 -28.251330 -37.195350 -40.800543 -41.910326 -41.572943 -40.855102 -41.560784 -42.782490 -42.948658 -43.187755 
-0.571963 16.686257 18.871559 11.723098 15.589931 7.731893 8.774796 4.044642 6.246786 -10.371698 -13.770866 -10.315725 -10.574031 -3.008348 -3.404989 -9.310598 -23.378472 -32.209148 -27.276657 -25.410376 -24.776954 -30.442212 -38.572328 -37.357874 -30.716269 -25.680861 -30.793274 -44.785976 -40.733450 -32.446423 -28.305966 -36.921201 -45.768814 -50.512732 -48.237988 -46.377219 -45.463214 -51.073057 -50.166093 -52.571395 
0.551470 16.858621 19.021980 11.631692 15.359141 7.172764 8.296322 3.714166 6.099101 -9.966618 -15.964326 -11.219357 -11.819774 -3.341653 -4.690814 -11.318813 -24.123770 -31.481688 -27.510646 -27.238234 -24.728272 -29.518111 -38.717177 -35.628256 -30.560727 -27.221481 -32.374857 -46.531868 -40.481036 -32.646581 -30.364748 -40.509936 -47.890635 -51.354218 -51.604466 -44.943234 -45.275784 -51.979055 -54.903691 -55.099676 
0.078262 16.773312 18.782170 11.634993 15.525280 6.551350 7.637264 3.057513 5.528829 -10.830252 -15.918641 -12.694600 -11.819939 -4.069663 -4.134201 -11.324783 -24.716413 -29.610154 -27.473875 -24.878749 -23.355157 -28.090990 -34.440229 -36.446388 -30.748462 -25.864091 -32.441701 -39.453211 -39.091723 -33.241167 -32.048579 -38.977312 -41.345214 -42.111197 -42.541245 -42.118442 -42.562496 -43.283434 -43.354131 -43.491686 
-2.639771 16.163499 19.941881 10.524357 14.112027 6.206913 7.695903 3.260422 3.977467 -10.088821 -15.264739 -12.307266 -13.212265 -6.337637 -4.207004 -14.207802 -27.191378 -29.813268 -27.566518 -25.613909 -24.807280 -29.283793 -32.745515 -35.014428 -30.296488 -28.071569 -32.514835 -38.682789 -37.513656 -30.028366 -27.240358 -37.233851 -39.838881 -40.736575 -41.440516 -41.055442 -41.158370 -41.642967 -42.422429 -42.562906 
-2.057158 16.088059 21.003352 10.706168 10.255010 6.276623 7.105570 3.860405 0.447002 -8.663561 -18.287335 -10.732217 -10.875813 -8.844781 -3.694945 -11.561383 -23.769760 -26.626138 -25.675250 -25.503298 -24.659738 -28.619930 -32.164354 -33.324197 -29.414086 -26.758199 -32.157672 -40.313538 -39.539772 -30.171144 -27.791519 -38.098304 -42.175886 -43.013598 -43.272913 -41.803947 -41.941615 -44.259152 -44.278199 -45.073153 
-3.669151 15.401105 21.219680 11.535033 8.322362 4.893212 5.158631 3.426628 -0.837206 -8.786374 -20.049767 -11.110614 -10.677138 -8.714922 -5.843482 -15.445669 -25.649441 -27.422947 -27.488535 -25.880472 -26.483181 -29.838769 -35.313176 -36.672403 -33.887359 -26.112254 -32.225704 -41.512202 -40.549521 -30.079672 -29.475097 -39.526164 -45.908402 -47.342688 -47.781317 -44.603074 -43.428080 -47.658553 -46.670756 -48.128760 
-3.571299 13.983783 21.528057 12.851035 2.217318 3.449885 -2.039671 4.275533 -5.159691 -9.684363 -20.249929 -16.042831 -10.498189 -10.212951 -10.405849 -17.329234 -24.708953 -25.304904 -26.331525 -24.419386 -25.663735 -28.812570 -31.044557 -31.683350 -30.286434 -24.015317 -28.144812 -34.287384 -35.208264 -31.148097 -30.794945 -35.057038 -36.966566 -37.308463 -37.578001 -37.235843 -37.680671 -38.600310 -38.987013 -39.080939 
-6.068058 12.804141 21.450915 13.975645 4.574873 4.371675 -2.151741 3.483917 -9.911775 -14.634170 -16.987872 -17.055043 -11.515345 -8.326497 -9.304065 -20.308219 -27.573930 -26.881652 -27.128618 -27.051585 -28.498460 -29.075210 -31.202481 -31.773978 -31.926823 -30.455196 -31.237462 -34.529008 -34.677965 -33.499401 -33.293962 -36.522627 -37.298302 -37.962044 -38.297853 -38.340870 -38.181925 -38.925718 -39.351640 -39.484180 
-8.572885 10.929534 20.829780 14.715215 -2.536019 1.086353 -4.333430 1.924882 -7.920348 -16.191240 -22.425568 -22.028130 -20.544799 -13.164545 -10.297359 -22.913853 -31.088343 -30.951740 -26.892695 -27.706438 -28.331804 -34.953018 -35.138305 -33.759764 -34.150676 -27.904811 -30.566886 -41.208094 -39.649407 -34.428894 -34.768007 -40.467067 -44.761522 -45.462030 -46.311730 -40.649028 -42.002349 -46.135049 -45.743705 -47.073100 
-10.080628 7.695781 18.881291 14.624558 -3.766715 -4.862604 -8.284899 -5.332116 -9.932532 -21.333026 -25.905743 -17.224955 -14.505848 -16.255584 -14.492951 -23.161744 -33.761671 -34.643553 -28.580198 -27.941409 -24.583210 -29.195694 -36.849343 -38.132397 -35.369245 -31.314413 -34.487498 -42.849150 -43.404546 -39.033637 -33.002624 -38.436265 -46.931567 -48.363496 -46.572816 -41.053292 -42.454999 -47.691592 -49.210879 -49.836148 
0.866261 7.370981 11.920373 9.084004 -0.493291 -6.270419 -8.882733 -11.695764 -13.678624 -15.357101 -18.762901 -17.778596 -18.734995 -15.636831 -20.583249 -30.823996 -32.077564 -33.888223 -29.908833 -30.093474 -31.804345 -33.758872 -35.956886 -41.155530 -41.498511 -37.496642 -39.883637 -42.141712 -44.356205 -43.751871 -44.202822 -49.300740 -49.869236 -50.763829 -50.120438 -48.229993 -48.144141 -51.508453 -52.061551 -51.902426 
-17.315161 -16.493775 -15.094611 -15.309022 -16.244417 -18.487263 -22.665003 -29.366873 -28.685503 -26.378614 -28.804537 -36.589831 -35.112854 -33.031191 -36.311369 -37.220032 -40.551435 -41.750029 -40.471926 -42.338669 -43.827254 -43.676377 -44.054931 -45.856408 -47.049404 -47.043651 -46.749900 -47.300190 -48.594654 -49.398937 -49.578565 -50.285108 -50.823329 -50.846850 -51.314837 -51.870936 -52.344852 -52.713186 -52.823121 -52.688074 
-67.717960 -58.409000 -54.769341 -55.353445 -61.760114 -70.123924 -69.866753 -72.623431 -70.397774 -76.369350 -77.151476 -79.018734 -81.532583 -79.395024 -78.964583 -86.005691 -85.885198 -85.375507 -85.427244 -86.645677 -83.821152 -85.148616 -88.329921 -87.301840 -87.354931 -85.369975 -85.569402 -89.282301 -88.506364 -88.249587 -96.265644 -96.251450 -94.230405 -92.722237 -93.985330 -93.008816 -92.821806 -92.528075 -95.018143 -97.623067 
NaN NaN NaN NaN NaN NaN NaN NaN NaN NaN NaN NaN NaN NaN NaN NaN NaN NaN NaN NaN NaN NaN NaN NaN NaN NaN NaN NaN NaN NaN NaN NaN NaN NaN NaN NaN NaN NaN NaN NaN 
NaN NaN NaN NaN NaN NaN NaN NaN NaN NaN NaN NaN NaN NaN NaN NaN NaN NaN NaN NaN NaN NaN NaN NaN NaN NaN NaN NaN NaN NaN NaN NaN NaN NaN NaN NaN NaN NaN NaN NaN 
NaN NaN NaN NaN NaN NaN NaN NaN NaN NaN NaN NaN NaN NaN NaN NaN NaN NaN NaN NaN NaN NaN NaN NaN NaN NaN NaN NaN NaN NaN NaN NaN NaN NaN NaN NaN NaN NaN NaN NaN 
NaN NaN NaN NaN NaN NaN NaN NaN NaN NaN NaN NaN NaN NaN NaN NaN NaN NaN NaN NaN NaN NaN NaN NaN NaN NaN NaN NaN NaN NaN NaN NaN NaN NaN NaN NaN NaN NaN NaN NaN 
NaN NaN NaN NaN NaN NaN NaN NaN NaN NaN NaN NaN NaN NaN NaN NaN NaN NaN NaN NaN NaN NaN NaN NaN NaN NaN NaN NaN NaN NaN NaN NaN NaN NaN NaN NaN NaN NaN NaN NaN 
NaN NaN NaN NaN NaN NaN NaN NaN NaN NaN NaN NaN NaN NaN NaN NaN NaN NaN NaN NaN NaN NaN NaN NaN NaN NaN NaN NaN NaN NaN NaN NaN NaN NaN NaN NaN NaN NaN NaN NaN 
NaN NaN NaN NaN NaN NaN NaN NaN NaN NaN NaN NaN NaN NaN NaN NaN NaN NaN NaN NaN NaN NaN NaN NaN NaN NaN NaN NaN NaN NaN NaN NaN NaN NaN NaN NaN NaN NaN NaN NaN 
NaN NaN NaN NaN NaN NaN NaN NaN NaN NaN NaN NaN NaN NaN NaN NaN NaN NaN NaN NaN NaN NaN NaN NaN NaN NaN NaN NaN NaN NaN NaN NaN NaN NaN NaN NaN NaN NaN NaN NaN 
NaN NaN NaN NaN NaN NaN NaN NaN NaN NaN NaN NaN NaN NaN NaN NaN NaN NaN NaN NaN NaN NaN NaN NaN NaN NaN NaN NaN NaN NaN NaN NaN NaN NaN NaN NaN NaN NaN NaN NaN 
NaN NaN NaN NaN NaN NaN NaN NaN NaN NaN NaN NaN NaN NaN NaN NaN NaN NaN NaN NaN NaN NaN NaN NaN NaN NaN NaN NaN NaN NaN NaN NaN NaN NaN NaN NaN NaN NaN NaN NaN 
NaN NaN NaN NaN NaN NaN NaN NaN NaN NaN NaN NaN NaN NaN NaN NaN NaN NaN NaN NaN NaN NaN NaN NaN NaN NaN NaN NaN NaN NaN NaN NaN NaN NaN NaN NaN NaN NaN NaN NaN 
NaN NaN NaN NaN NaN NaN NaN NaN NaN NaN NaN NaN NaN NaN NaN NaN NaN NaN NaN NaN NaN NaN NaN NaN NaN NaN NaN NaN NaN NaN NaN NaN NaN NaN NaN NaN NaN NaN NaN NaN 
NaN NaN NaN NaN NaN NaN NaN NaN NaN NaN NaN NaN NaN NaN NaN NaN NaN NaN NaN NaN NaN NaN NaN NaN NaN NaN NaN NaN NaN NaN NaN NaN NaN NaN NaN NaN NaN NaN NaN NaN 
NaN NaN NaN NaN NaN NaN NaN NaN NaN NaN NaN NaN NaN NaN NaN NaN NaN NaN NaN NaN NaN NaN NaN NaN NaN NaN NaN NaN NaN NaN NaN NaN NaN NaN NaN NaN NaN NaN NaN NaN 
NaN NaN NaN NaN NaN NaN NaN NaN NaN NaN NaN NaN NaN NaN NaN NaN NaN NaN NaN NaN NaN NaN NaN NaN NaN NaN NaN NaN NaN NaN NaN NaN NaN NaN NaN NaN NaN NaN NaN NaN 
