NaN NaN NaN NaN NaN NaN NaN NaN NaN NaN NaN NaN NaN NaN NaN NaN NaN NaN NaN NaN NaN NaN NaN NaN NaN NaN NaN NaN NaN NaN NaN NaN NaN NaN NaN NaN NaN NaN NaN NaN 
NaN NaN NaN NaN NaN NaN NaN NaN NaN NaN NaN NaN NaN NaN NaN NaN NaN NaN NaN NaN NaN NaN NaN NaN NaN NaN NaN NaN NaN NaN NaN NaN NaN NaN NaN NaN NaN NaN NaN NaN 
NaN NaN NaN NaN NaN NaN NaN NaN NaN NaN NaN NaN NaN NaN NaN NaN NaN NaN NaN NaN NaN NaN NaN NaN NaN NaN NaN NaN NaN NaN NaN NaN NaN NaN NaN NaN NaN NaN NaN NaN 
NaN NaN NaN NaN NaN NaN NaN NaN NaN NaN NaN NaN NaN NaN NaN NaN NaN NaN NaN NaN NaN NaN NaN NaN NaN NaN NaN NaN NaN NaN NaN NaN NaN NaN NaN NaN NaN NaN NaN NaN 
NaN NaN NaN NaN NaN NaN NaN NaN NaN NaN NaN NaN NaN NaN NaN NaN NaN NaN NaN NaN NaN NaN NaN NaN NaN NaN NaN NaN NaN NaN NaN NaN NaN NaN NaN NaN NaN NaN NaN NaN 
NaN NaN NaN NaN NaN NaN NaN NaN NaN NaN NaN NaN NaN NaN NaN NaN NaN NaN NaN NaN NaN NaN NaN NaN NaN NaN NaN NaN NaN NaN NaN NaN NaN NaN NaN NaN NaN NaN NaN NaN 
NaN NaN NaN NaN NaN NaN NaN NaN NaN NaN NaN NaN NaN NaN NaN NaN NaN NaN NaN NaN NaN NaN NaN NaN NaN NaN NaN NaN NaN NaN NaN NaN NaN NaN NaN NaN NaN NaN NaN NaN 
-82.521389 -82.580198 -82.678125 -82.843482 -83.068121 -83.383800 -83.771074 -84.270535 -84.938188 -85.738566 -86.716064 -87.926368 -89.326377 -90.934561 -92.632786 -94.118483 -95.129976 -95.608942 -95.936707 -96.536026 -97.612537 -98.886433 -99.330854 -98.497377 -97.555855 -97.680846 -99.575070 -103.371351 -103.975249 -100.697420 -100.044475 -102.986675 -103.663792 -99.194086 -98.300812 -102.751236 -111.506478 -106.773146 -106.281605 -105.563392 
-34.505222 -43.654407 -44.213452 -41.423392 -41.785121 -48.673603 -47.224852 -48.843046 -44.489926 -42.068786 -46.226116 -45.107894 -46.992540 -58.162212 -57.308240 -57.227297 -60.666509 -56.578566 -52.590032 -45.327471 -49.728402 -56.053647 -54.503586 -51.359084 -56.112050 -60.127097 -52.658521 -56.213380 -56.865931 -56.802516 -58.362437 -64.312950 -66.525912 -58.825091 -55.892352 -55.634944 -55.444605 -60.681929 -60.580841 -60.768078 
-19.944694 -21.199018 -22.586660 -23.411029 -26.675389 -35.761073 -28.224382 -23.694885 -28.398687 -30.215142 -32.390666 -29.987446 -29.935946 -37.773066 -35.434321 -38.116558 -37.364909 -41.001403 -42.149172 -26.612731 -23.919151 -34.667555 -36.878890 -35.182588 -32.692167 -34.800720 -34.434420 -36.291397 -35.702132 -32.052274 -32.302326 -35.386578 -33.517853 -29.410679 -28.896369 -30.170131 -28.966838 -33.222116 -33.490836 -36.759156 
-23.438017 -20.572356 -28.575403 -31.865489 -26.174062 -26.057055 -23.583832 -22.994401 -19.665455 -29.029278 -28.241777 -25.909263 -22.987799 -26.686578 -25.326683 -30.647493 -23.170245 -27.316256 -32.742166 -27.702462 -17.191116 -23.087001 -26.441662 -28.222518 -27.362336 -29.588517 -27.794160 -26.673912 -27.022161 -25.726084 -22.843138 -22.001090 -22.699534 -21.735159 -16.902113 -16.792443 -15.801245 -19.360591 -23.171696 -26.972562 
-22.684259 -28.432556 -28.411070 -25.871037 -19.869059 -19.125189 -21.654454 -24.305221 -18.797349 -19.539294 -23.554634 -21.947240 -19.292436 -27.912557 -28.698586 -25.632008 -23.351253 -31.431666 -31.964415 -24.958578 -15.899414 -19.534622 -22.973053 -26.517271 -26.737240 -26.181887 -24.670883 -24.314653 -25.949879 -21.926511 -19.307228 -20.796603 -18.793782 -16.749736 -11.238172 -6.752409 -6.249627 -8.659844 -14.431644 -18.951646 
-29.751463 -30.386295 -30.374828 -33.334951 -28.914479 -26.695685 -23.439978 -20.610542 -19.905606 -25.803881 -24.577963 -26.324364 -27.579559 -24.817465 -23.191043 -22.488152 -21.054481 -22.712076 -23.332054 -22.666865 -14.915294 -19.826311 -24.601401 -24.088229 -25.601443 -25.948939 -22.508459 -24.593394 -21.754116 -15.734267 -15.577496 -16.663851 -14.497856 -14.712511 -9.350950 -5.504075 -4.106481 -3.925528 -10.835840 -13.075797 
-32.168223 -32.294228 -28.654743 -32.813293 -33.655886 -30.312161 -25.241214 -22.877022 -21.521495 -22.845266 -22.479752 -26.057794 -22.354391 -24.274503 -26.546080 -21.484996 -18.152748 -22.077188 -20.140355 -24.163265 -15.867142 -18.786425 -25.767335 -26.353194 -27.000806 -22.212084 -21.219742 -22.470136 -21.050398 -16.929555 -16.637511 -15.660672 -13.834239 -11.907213 -5.999922 -5.489563 -1.214988 -3.217188 -6.023274 -7.846053 
-25.615416 -24.846611 -25.239122 -35.565739 -34.784232 -32.426667 -27.234760 -24.896189 -21.350606 -25.894500 -25.382075 -27.640742 -29.112370 -26.907304 -24.995381 -21.609329 -25.735959 -24.136795 -21.678075 -25.892284 -21.898323 -22.416343 -23.378937 -24.105664 -26.313691 -23.143463 -20.481914 -17.793897 -17.987524 -15.971831 -17.880578 -16.833955 -11.498312 -7.977952 -7.238425 -4.499183 -0.940488 -2.184064 -3.255474 -4.547130 
-24.651749 -23.626170 -25.647249 -37.842789 -26.992628 -24.024788 -22.660032 -23.918967 -23.814265 -25.852901 -29.710742 -30.789492 -25.865741 -28.664782 -27.045645 -24.031952 -22.063823 -27.294681 -27.993726 -26.216411 -21.163969 -23.578242 -26.675168 -27.339644 -26.451042 -22.842340 -21.986936 -23.379375 -28.134639 -22.759186 -17.028095 -19.360359 -17.220976 -12.297710 -5.748791 -0.317723 1.742060 1.124197 -2.440810 -4.973694 
-24.051086 -23.633395 -23.294608 -30.349872 -26.040955 -28.414197 -24.769148 -21.857721 -25.216910 -30.596112 -27.761829 -29.734086 -29.037304 -27.729979 -25.276765 -22.307665 -17.166204 -22.476484 -22.502210 -25.489533 -18.187505 -21.424125 -22.575170 -22.701346 -23.904396 -24.248097 -22.314122 -22.749814 -22.995477 -17.536706 -16.375657 -15.701909 -13.751571 -11.831383 -5.375919 -1.533546 2.019251 2.026048 -2.918015 -5.419558 
-25.217895 -24.410789 -24.762383 -33.844134 -34.963426 -35.903708 -28.829440 -29.053599 -27.806611 -27.243407 -29.597818 -31.462562 -27.785156 -27.394308 -28.112952 -22.188883 -19.097546 -23.007419 -21.238792 -25.325281 -19.726767 -21.097108 -26.540182 -24.412043 -26.965173 -22.640522 -22.120218 -24.145171 -24.025739 -19.454534 -18.108341 -16.002100 -13.318677 -9.118986 -4.005817 -3.573072 1.811592 0.527670 -2.704564 -3.555497 
-32.819884 -28.312270 -31.991965 -34.675049 -28.758700 -31.375853 -26.720872 -22.375496 -21.696540 -23.447963 -24.195136 -28.225604 -33.785110 -29.110290 -22.989176 -20.198777 -23.611173 -22.672783 -20.713007 -25.690201 -22.682664 -21.289236 -22.854160 -23.065651 -26.062873 -23.263531 -21.348827 -17.843127 -17.881663 -17.728882 -17.015356 -15.648465 -8.600995 -4.623789 -5.866505 -2.643030 1.919681 0.224080 0.412172 -1.394277 
-34.802083 -31.476470 -34.701276 -42.835291 -41.823301 -26.181518 -20.924123 -26.772942 -26.879567 -29.998481 -30.390746 -37.375382 -36.104383 -24.863127 -20.784567 -22.550573 -25.877068 -23.059036 -23.030468 -27.569877 -21.126286 -19.567567 -23.467353 -22.301680 -26.334036 -16.297302 -17.345039 -23.323100 -22.714642 -17.499266 -18.272982 -15.357346 -11.657216 -9.182549 -4.642336 -0.282600 1.843965 0.819491 2.800754 0.375113 
-20.504241 -25.775700 -27.249865 -36.632516 -34.208809 -25.379262 -24.876986 -27.293051 -25.614681 -30.141790 -23.627945 -24.233927 -26.476094 -23.538334 -19.188828 -18.253231 -16.570712 -22.884500 -24.602371 -25.087381 -21.952200 -18.959667 -20.585530 -21.084517 -25.721680 -19.867943 -18.646324 -18.971121 -19.488160 -14.378358 -20.105542 -13.264983 -8.755198 -5.931108 -4.516953 -1.657043 0.751459 1.323117 1.511850 -1.090185 
-29.730511 -25.874168 -27.166477 -32.994700 -27.567271 -21.777320 -22.376971 -21.271574 -24.269297 -20.943090 -22.221369 -30.939898 -27.401187 -22.979301 -22.143244 -19.447830 -24.206937 -24.367571 -26.795753 -26.859029 -20.969830 -19.468495 -24.070173 -22.408208 -24.514654 -18.955327 -15.786352 -19.196036 -19.785308 -16.271464 -14.500640 -12.434741 -10.266733 -8.374389 -6.096845 -0.085463 1.795397 -0.866632 -1.224847 -2.938758 
-27.724097 -27.953329 -25.733216 -25.577170 -25.292982 -27.664290 -23.312323 -16.212625 -18.505706 -26.795363 -17.825580 -21.908897 -24.159216 -26.319256 -23.322672 -18.398983 -20.914768 -22.791093 -25.660966 -25.417811 -17.514381 -17.759635 -19.515679 -24.606273 -20.864805 -15.182116 -11.121240 -17.629309 -17.815431 -14.704107 -13.963455 -13.190168 -12.057388 -7.351797 -1.920379 1.624312 2.794145 0.908091 -2.427555 -4.389106 
-14.492193 -18.648322 -24.485231 -15.552229 -11.526011 -14.633676 -12.456076 -10.604675 -12.928866 -20.979564 -11.858262 -20.037737 -17.999064 -18.096503 -22.761702 -19.845771 -21.296746 -24.220546 -30.112277 -23.362637 -15.917337 -17.306447 -14.517638 -22.460978 -17.823700 -14.286667 -15.083091 -20.056114 -17.006929 -8.648006 -9.536516 -11.874511 -10.955555 -5.027018 -0.932049 3.011415 2.421490 3.628584 -0.324887 -1.239361 
-7.703193 -9.897940 -1.174027 2.366093 -1.334683 -4.405285 -8.100260 -10.198983 -12.845524 -16.167824 -14.544571 -19.520161 -22.026540 -15.405378 -14.881308 -19.356344 -18.655406 -18.160378 -22.821376 -21.709919 -12.342095 -15.218240 -15.565755 -22.627080 -15.766382 -13.276539 -16.539783 -18.974018 -20.968558 -9.569651 -8.745830 -11.157215 -9.135668 -8.396445 -0.901824 1.987961 -0.593821 -0.300253 -6.500571 -6.896337 
-7.729564 -1.674609 11.580229 16.363762 12.684773 14.792864 15.455754 7.251052 1.432965 -4.311399 -8.203672 -11.319975 -15.071720 -16.712317 -18.390134 -23.065274 -19.380914 -14.439099 -14.270176 -18.094898 -13.491258 -10.008745 -18.380204 -19.189101 -16.905460 -10.364010 -13.937439 -21.374223 -23.229791 -15.994699 -15.521602 -13.923577 -12.302022 -16.707113 -8.635397 -10.920007 -12.872743 -13.684401 -15.730552 -15.688515 
-19.650467 -9.704758 12.649204 17.213492 4.540261 12.912538 21.079461 9.562257 7.528728 6.071983 -4.538997 -2.009693 -9.014083 -8.688146 -19.996897 -22.366526 -19.899668 -16.695831 -15.325178 -13.867570 -11.738823 -3.982022 -9.278101 -15.405553 -15.910299 -9.777246 -10.177441 -21.892445 -23.369502 -21.116440 -29.095465 -14.283504 -13.766973 -21.246015 -15.479004 -12.008847 -17.515052 -24.611190 -23.952476 -30.041708 
-14.251768 -12.081289 12.144551 18.129900 6.239081 11.139728 20.950550 8.325815 8.930173 11.709410 -1.665272 2.411321 -8.090207 -3.385093 -18.540755 -21.376219 -18.150358 -16.288188 -13.771928 -13.140481 -10.326740 -4.318704 -6.280448 -10.299106 -12.365570 -6.716465 -5.218792 -14.862259 -21.895338 -20.022308 -28.774622 -13.593371 -12.687439 -19.449697 -17.312661 -13.533654 -17.830028 -24.469583 -24.086712 -30.721342 
-23.660710 -12.406398 12.148852 19.579413 9.370249 9.443972 22.013643 14.594682 7.775752 15.230977 -2.181366 3.272463 -7.313409 -0.391155 -12.239248 -14.630192 -14.703437 -14.727687 -11.231622 -13.860970 -11.508985 -4.060311 -0.978339 -8.430131 -11.645034 -6.636254 -5.303610 -13.879811 -18.004711 -19.959674 -29.430262 -15.269268 -12.790827 -19.242655 -19.963804 -14.562765 -16.376078 -22.925332 -19.354602 -26.061641 
-16.027885 -13.323342 12.396836 19.932838 9.022562 8.708249 21.113748 11.280993 10.049934 17.055925 -1.223562 4.501845 -6.949232 1.369848 -11.653752 -15.502670 -15.175836 -14.860924 -11.074420 -14.960691 -13.003665 -5.714669 -1.342686 -5.417955 -9.108907 -6.597032 -6.175333 -12.624325 -17.115997 -20.069113 -27.858512 -14.525362 -13.045073 -17.763364 -16.100271 -11.736724 -13.783171 -21.563373 -19.538057 -25.355753 
-20.361967 -14.373266 12.618845 20.058242 9.023169 7.233308 19.998148 10.471720 10.343661 17.349990 -1.367460 4.814689 -6.196565 2.291456 -10.923832 -16.754915 -16.611336 -15.808358 -11.948656 -17.238895 -15.229047 -8.417546 -2.734487 -3.816760 -8.809459 -6.909530 -5.754695 -11.826207 -15.855976 -18.377300 -27.444231 -15.216907 -13.986007 -18.622200 -17.341948 -12.412756 -13.044061 -20.727235 -18.383001 -24.300979 
-21.003547 -15.914253 12.582008 19.905797 8.812191 8.073289 19.616454 9.395316 11.357504 16.918935 -1.219232 5.444367 -6.132702 2.821799 -10.970874 -16.109453 -16.555296 -16.155270 -12.422157 -19.765598 -15.808432 -9.194227 -3.172886 -1.744183 -8.215650 -6.587041 -4.287423 -9.136386 -14.567496 -16.594157 -25.100867 -13.106446 -13.099528 -17.075743 -14.893139 -11.021748 -12.872547 -19.188189 -17.202120 -25.323140 
-23.845747 -12.203740 13.068780 19.195431 6.777581 10.149012 19.349850 7.099106 14.202846 15.653496 -0.797876 6.063515 -4.302926 2.416388 -11.639240 -15.664057 -16.813870 -15.619733 -13.622425 -20.211596 -14.685635 -9.774542 -2.504584 -1.358796 -7.477878 -5.225675 -1.672461 -7.569344 -15.977593 -14.835075 -23.788892 -12.565378 -14.765117 -15.522276 -14.416438 -11.638953 -12.546711 -19.299509 -18.123416 -25.209859 
-14.672835 -8.203279 13.614816 18.241858 4.622364 11.662122 18.957048 5.139166 15.916382 13.667698 1.760033 5.401996 -2.757141 -0.313623 -10.083054 -13.921502 -18.444735 -15.354743 -16.907893 -16.355547 -15.628617 -11.758279 -6.156641 -3.550866 -7.141491 -4.319314 -1.213715 -10.949969 -16.104021 -13.427380 -25.887056 -15.885590 -16.321875 -18.028842 -17.088335 -13.501199 -15.072591 -21.089457 -19.420076 -23.728784 
-19.291625 -6.362146 13.687391 16.743322 1.189975 13.744436 17.755707 5.278235 18.045922 12.695314 6.278484 5.030003 1.049387 -1.137528 -6.596623 -14.006019 -18.131004 -12.485856 -12.876392 -13.736821 -13.198115 -8.724370 -1.808469 -0.251104 -3.745596 -0.865584 -0.712900 -7.955011 -12.780542 -13.898329 -24.679322 -16.619167 -15.567510 -17.795347 -16.068996 -12.768851 -14.837507 -22.618301 -20.848777 -27.041309 
-19.869750 -2.946242 13.704519 14.521917 2.032616 16.513982 15.524270 8.332457 20.472958 8.554912 9.833671 2.588865 2.920115 -3.594237 -3.132921 -15.259779 -16.302282 -11.574847 -10.950064 -16.529368 -14.118406 -8.327279 -2.093944 0.444498 -2.506120 0.374583 0.622520 -7.215537 -12.510411 -13.071013 -25.670355 -16.937800 -15.274792 -18.060308 -16.477958 -12.871274 -14.798243 -22.132658 -20.486324 -27.833867 
-14.357806 0.538004 14.044784 11.108754 6.606153 19.403800 13.056810 14.332511 19.931215 7.449251 9.854418 2.379939 2.080472 0.437451 -2.451838 -12.465758 -16.286727 -15.269305 -12.737509 -18.266081 -14.912399 -10.903032 -5.822852 1.179396 -1.088558 0.996359 0.461541 -7.095714 -13.024601 -13.019985 -26.354034 -19.016530 -17.161390 -16.595649 -16.390078 -13.642856 -16.280970 -20.357738 -17.774126 -25.641445 
-18.633208 3.634107 14.781893 9.853330 13.981874 21.975341 13.488926 18.174439 14.142183 9.482804 4.545279 4.422793 -1.330548 -0.451476 -3.987462 -12.961331 -20.656059 -16.840880 -14.187819 -19.529281 -20.975346 -15.759199 -9.830508 -1.487049 -1.020969 1.072674 -0.158757 -9.174494 -13.728792 -15.637117 -27.305499 -19.667419 -17.382021 -18.894221 -18.237743 -14.567983 -16.252511 -21.930596 -20.073554 -23.308683 
-15.397218 6.281157 15.413910 10.510561 18.630473 20.925980 12.833315 17.094926 8.631247 8.944440 3.746304 3.308778 -1.341143 -2.655466 -1.950325 -11.204750 -19.602142 -21.310104 -15.408214 -17.728768 -25.653228 -21.535685 -15.640441 -5.377742 0.124965 0.873838 -1.130981 -10.288211 -13.328625 -14.297315 -26.641788 -22.384375 -20.425755 -20.221829 -19.198131 -15.378819 -17.452606 -23.916193 -22.760583 -26.552016 
-15.347518 6.720970 13.213658 8.347521 20.165532 18.237567 12.509443 12.610514 6.175727 5.061939 4.294919 -1.727228 -2.371508 -1.205511 -4.033770 -11.299674 -20.149801 -20.336163 -16.824967 -16.921615 -26.955663 -28.008368 -21.501152 -11.090677 -2.218199 -0.032505 -5.586219 -11.954167 -15.631796 -16.111722 -28.124663 -24.103294 -23.402470 -28.799496 -23.053677 -18.593524 -23.050114 -28.683602 -24.830644 -26.614892 
-8.653545 8.414733 10.840748 10.616684 21.352183 16.332289 14.266401 10.777334 11.301905 5.115894 4.474941 0.205392 -4.010897 -4.174566 -5.579452 -13.018674 -19.782333 -21.763303 -17.551358 -19.891532 -30.792227 -27.645259 -21.237439 -12.344546 -8.011886 -5.491538 -10.078041 -16.130257 -17.747368 -20.461368 -32.303391 -26.207553 -24.553330 -33.470511 -29.046299 -24.007396 -28.461184 -33.857142 -29.601901 -33.177868 
-8.053598 8.845352 10.000264 13.864932 21.113009 14.248152 13.105178 9.876423 12.552256 4.096093 0.011904 -0.677783 -6.709719 -5.079039 -5.326542 -15.323617 -22.128202 -23.424741 -19.754036 -19.563127 -29.781308 -30.338032 -22.738463 -13.748267 -4.949731 -4.705635 -10.879749 -17.594741 -20.507172 -19.336039 -31.939694 -27.956913 -25.234172 -31.440915 -27.805375 -24.812755 -31.396089 -34.941345 -31.608360 -35.755366 
-5.373317 10.000549 10.588608 15.607631 19.695543 12.082240 10.937477 10.876676 9.847690 2.952249 -0.273050 -3.056882 -8.126505 -5.478040 -5.260063 -14.017235 -20.999068 -23.409596 -19.353319 -18.066499 -26.073799 -34.837010 -30.010111 -14.167805 -4.091510 -2.665097 -11.055848 -18.478248 -20.076413 -21.595568 -34.584577 -29.761577 -27.097108 -36.687593 -27.241632 -23.559389 -28.186496 -32.678551 -30.159622 -34.394961 
-5.554490 10.611735 10.737728 15.805698 18.327964 10.366427 7.989309 9.600337 5.169827 -0.597670 -2.567362 -7.702914 -11.382464 -9.390575 -6.164183 -13.800679 -19.785655 -19.816571 -20.227157 -18.993194 -25.071823 -28.939836 -27.471752 -18.584276 -9.843624 -7.433700 -15.166140 -24.066907 -24.936164 -24.144176 -32.755489 -33.266896 -30.229743 -34.903986 -29.662696 -25.179198 -28.717352 -33.633777 -30.562982 -36.399397 
-3.481320 11.202483 11.289566 16.280524 17.443362 10.797520 8.895926 9.576064 2.588660 -1.680071 -2.031922 -7.977004 -10.765279 -7.481109 -4.366997 -12.801409 -19.479235 -20.875058 -20.260546 -18.032641 -22.212816 -25.048649 -23.738868 -16.581839 -12.190369 -14.857360 -25.751396 -32.675615 -31.608961 -27.831586 -41.240704 -34.090197 -29.951196 -37.682946 -36.105196 -35.099615 -40.807053 -45.191689 -40.748075 -47.004489 
-1.503471 11.681328 11.377886 16.899050 16.988373 12.069802 9.032005 8.860684 -0.097770 -4.294928 -3.078259 -7.987456 -12.238619 -6.981724 -5.667695 -14.307327 -19.991043 -23.503654 -22.998575 -17.540009 -21.648419 -24.693277 -22.737036 -15.716531 -11.400124 -16.748461 -33.654550 -39.532992 -36.620596 -30.297912 -40.097436 -36.543642 -31.476532 -39.589773 -37.468710 -37.436957 -44.959875 -43.231923 -40.042887 -44.733595 
-0.632115 12.448464 12.011866 17.814103 17.607565 15.062201 11.283272 7.801109 0.993577 -2.397892 -3.946377 -8.006040 -11.897347 -5.518182 -7.720693 -14.111411 -19.210543 -23.172798 -22.538873 -19.563791 -22.923626 -24.144759 -22.747020 -16.700807 -11.063839 -15.962524 -33.033313 -39.943809 -36.938023 -32.288414 -40.569401 -35.538301 -30.171048 -37.746670 -38.618701 -41.475119 -43.827728 -42.241469 -38.191194 -43.879207 
-0.648726 13.006382 11.790885 18.252060 17.507075 14.725969 11.048195 8.393844 1.448714 -3.135063 -4.429630 -9.179326 -13.709165 -5.508487 -6.663801 -14.453092 -19.512600 -22.317821 -25.070138 -20.159695 -24.737700 -26.752389 -23.275107 -15.724848 -10.475641 -14.717701 -33.501805 -40.366035 -37.188576 -31.948398 -39.421876 -36.729217 -31.185440 -38.188755 -35.972403 -37.980988 -44.626661 -44.507487 -43.611110 -45.160828 
-0.038485 13.426129 11.713839 17.965587 17.297255 14.713516 10.233671 7.120859 1.166521 -3.572861 -5.375259 -9.457274 -12.550119 -6.064073 -9.596355 -15.982235 -20.347376 -21.543345 -20.754725 -19.117431 -22.890863 -24.509606 -21.617323 -14.877789 -10.078340 -13.372470 -32.280038 -44.404149 -44.203286 -34.934180 -45.903155 -36.042367 -29.622731 -34.924523 -28.924350 -33.113875 -48.078081 -48.244806 -42.487355 -48.233978 
0.319687 13.255923 10.231988 17.102987 16.341037 13.298638 8.765410 5.034453 -2.410458 -5.024372 -7.090783 -11.408636 -15.149460 -7.057639 -9.431911 -17.595500 -21.599536 -23.322598 -21.931044 -20.152371 -24.225765 -26.251425 -22.764689 -16.888087 -12.249192 -14.123818 -31.875948 -38.888464 -39.624664 -33.680908 -40.079903 -36.226442 -30.090506 -37.805289 -33.241559 -36.323292 -43.518679 -43.452258 -43.061543 -44.123454 
-1.088909 12.946765 8.931221 16.436549 15.664927 13.942661 9.206416 5.546264 -0.459045 -5.216994 -5.918638 -10.182582 -13.082248 -7.009066 -9.077489 -15.158689 -19.727666 -22.196326 -21.213082 -19.020493 -23.062850 -24.754953 -22.787706 -16.648446 -11.129321 -14.163644 -29.889753 -33.466902 -34.039543 -32.486139 -34.971005 -33.944622 -30.041790 -35.316382 -33.724668 -33.501751 -38.113356 -38.051013 -38.008129 -38.670517 
-0.774626 12.673599 8.919009 16.029835 14.221021 14.217474 8.578817 4.451021 2.289957 -3.780373 -7.885394 -9.719622 -12.506455 -7.413641 -7.299427 -13.986046 -20.297745 -23.531863 -23.645928 -18.678340 -24.174221 -27.170190 -23.068089 -15.870522 -10.142180 -14.560558 -33.636673 -44.328970 -45.339927 -34.332914 -45.333029 -42.042152 -33.146916 -38.790454 -34.347536 -36.343409 -50.320469 -46.505260 -41.237029 -50.993331 
0.677172 11.997712 9.112480 15.282924 13.344499 12.591317 6.200348 0.288561 -0.414677 -5.892165 -11.120684 -9.713202 -13.749680 -9.618166 -7.428530 -15.190223 -21.486104 -26.339595 -25.773319 -19.406237 -25.543868 -28.971495 -24.774844 -17.950928 -14.816313 -16.324140 -32.631298 -38.404438 -37.910026 -35.225107 -40.340376 -39.779706 -38.333198 -40.737207 -36.582410 -37.556024 -42.359743 -43.709159 -42.958479 -44.046947 
-0.923979 9.339782 6.055542 9.774136 11.630743 7.587104 0.015952 -1.237604 -2.788687 -12.466417 -12.280747 -13.140772 -19.293534 -12.725440 -11.924222 -19.432125 -27.427152 -29.907486 -28.678576 -21.644448 -28.153972 -32.445539 -30.138388 -22.944812 -16.981670 -21.654135 -38.964756 -42.431458 -42.203512 -39.833438 -43.766699 -43.908542 -37.611987 -41.686200 -38.385570 -38.979002 -45.348748 -45.054960 -43.037498 -46.700246 
-6.078031 6.852738 6.708391 6.316059 3.088793 -2.245197 -5.436708 -6.821153 -7.627121 -12.282914 -11.167388 -16.234676 -18.085822 -13.558080 -13.672262 -19.381039 -27.014896 -29.490601 -25.389527 -24.380613 -29.991944 -30.023939 -26.828093 -24.219026 -21.360470 -24.801543 -37.804481 -46.499605 -44.485332 -44.900116 -50.632921 -50.764859 -42.318990 -44.349733 -38.998016 -40.938429 -52.849649 -47.974900 -42.897538 -51.402004 
-4.321187 5.867517 3.001916 0.267710 2.710827 -1.780068 -13.958644 -9.683722 -8.591975 -17.824419 -13.817463 -19.889123 -22.865648 -15.933932 -16.008160 -21.336902 -34.117673 -34.574848 -25.942938 -23.035893 -30.223421 -31.777554 -30.855938 -26.577549 -23.107539 -26.489288 -34.014505 -43.861475 -40.230472 -39.952062 -50.028342 -52.619227 -45.547701 -46.485332 -42.466787 -44.071493 -53.637075 -51.662469 -47.623025 -53.292035 
-8.844451 3.764927 3.651025 -0.042338 -5.039761 -10.710076 -13.959156 -15.079965 -14.362424 -18.940448 -16.208952 -20.118711 -25.431871 -25.004515 -26.255015 -34.372234 -39.630815 -35.735069 -31.275602 -26.130244 -33.582379 -32.084363 -34.008438 -25.012682 -28.499665 -31.843980 -34.061494 -35.953964 -33.994822 -33.484647 -45.379131 -51.275737 -47.658849 -44.944537 -45.930936 -45.631975 -51.272428 -48.598563 -47.344793 -52.184435 
-11.426666 1.958624 0.782764 -6.510986 -5.526816 -16.660962 -24.581080 -18.402244 -11.944980 -21.486068 -17.590793 -25.596014 -27.305748 -26.024388 -23.944098 -32.709819 -38.034828 -32.231670 -32.881147 -31.696187 -32.960443 -32.020146 -35.405034 -32.500111 -33.050725 -34.724170 -36.201147 -37.200678 -34.927691 -38.428148 -49.418642 -55.802261 -53.165900 -50.625807 -49.269193 -48.441874 -53.063234 -54.241747 -54.246703 -56.123748 
-11.649124 -1.923630 -1.994790 -14.397499 -12.272597 -18.180293 -29.465076 -20.752519 -17.407273 -22.528646 -19.981351 -23.718822 -25.524366 -27.249943 -29.922205 -35.973811 -39.621202 -37.241737 -35.179417 -32.405275 -33.859686 -37.736575 -41.055918 -38.389992 -37.295565 -37.762122 -39.639504 -41.283140 -41.251859 -44.127373 -53.517121 -53.617711 -51.626718 -50.523633 -50.695150 -53.972801 -56.672215 -57.172156 -54.850631 -59.420014 
-5.461718 -0.737477 -0.772648 -4.478663 -4.792894 -8.806687 -18.548464 -16.495164 -18.998863 -22.289841 -24.444484 -25.301626 -27.164322 -28.580528 -23.761100 -32.948543 -41.510551 -36.948244 -32.266771 -34.817607 -36.329427 -42.713327 -44.148464 -34.697442 -34.790555 -39.444266 -45.520077 -48.829843 -47.400866 -47.517373 -53.902873 -47.575051 -42.867605 -45.273342 -47.866677 -51.496688 -54.300067 -54.009711 -53.763365 -56.343074 
-13.519953 -14.107141 -17.034610 -21.593888 -18.654772 -18.436438 -23.175208 -28.780970 -37.083514 -29.715518 -31.541128 -30.163466 -32.194057 -31.946800 -32.352992 -39.832455 -43.160658 -45.303093 -46.188242 -47.398122 -46.781645 -47.519507 -48.616859 -48.887586 -44.540729 -45.438936 -49.830437 -52.016446 -52.612554 -53.308390 -54.293726 -51.476025 -48.988314 -50.395126 -53.477593 -56.825011 -56.679241 -57.535044 -58.064070 -58.094832 
-52.343744 -45.992859 -45.182473 -52.311146 -57.044408 -62.428661 -65.810161 -70.783004 -63.284392 -60.240592 -65.443125 -65.381276 -65.619466 -69.411322 -74.518613 -74.664652 -75.047768 -84.496165 -74.933537 -75.942401 -78.357924 -77.945236 -78.293819 -74.242114 -73.286721 -73.393723 -75.424310 -83.138329 -79.088061 -78.983318 -82.976905 -80.604824 -80.164653 -81.649933 -82.666221 -86.936933 -86.374507 -81.726153 -81.534404 -85.027556 
-61.145522 -52.451877 -55.491741 -58.504794 -58.522188 -60.234855 -66.571770 -69.245756 -64.533746 -66.987948 -73.985417 -73.952311 -67.969685 -64.654068 -72.010748 -74.197463 -77.030429 -79.874612 -78.431719 -80.361544 -79.787162 -77.049485 -75.391489 -78.765925 -77.024270 -79.813237 -78.395262 -79.878791 -80.874071 -81.224201 -82.879875 -82.805223 -82.833819 -87.230989 -83.832506 -85.041317 -88.076135 -87.439026 -85.646079 -88.938693 
-61.561040 -57.916326 -56.973646 -67.299326 -58.565305 -61.736396 -73.370363 -68.919441 -68.953041 -72.564369 -75.917520 -73.821602 -71.455426 -70.353661 -76.107425 -75.689048 -78.389189 -80.445127 -85.605250 -84.662296 -83.518023 -78.566153 -80.281496 -81.499848 -85.162989 -87.467256 -87.330103 -82.845777 -83.176233 -88.541707 -88.073291 -88.382730 -86.533617 -88.999987 -87.934489 -89.847803 -92.227132 -89.442579 -92.229891 -93.347533 
-66.803304 -65.807365 -65.784321 -68.763327 -66.954318 -68.123063 -71.328446 -71.153068 -74.224536 -79.339082 -81.999105 -86.906089 -85.007771 -79.478903 -80.111832 -79.968913 -83.422833 -89.395451 -92.937482 -86.019064 -84.243509 -86.090383 -91.947604 -91.831162 -87.478563 -89.280458 -97.605156 -91.129394 -90.343320 -97.257533 -92.274969 -94.137340 -95.980385 -93.623154 -97.549092 -95.062046 -97.999417 -96.972336 -98.047189 -101.169610 
-69.889028 -69.942197 -70.030876 -70.181071 -70.385939 -70.675714 -71.034250 -71.502026 -72.138252 -72.920489 -73.911758 -75.211750 -76.860774 -79.088337 -82.252537 -87.183787 -96.739361 -94.229519 -87.352958 -84.419369 -83.246805 -83.376248 -84.854344 -88.348526 -96.547942 -98.062437 -90.204413 -87.789755 -88.466471 -93.062959 -101.850678 -93.538252 -90.564329 -93.337352 -102.005109 -94.613097 -93.078420 -100.500910 -97.734749 -98.583699 
-74.703108 -76.307153 -75.822962 -75.700764 -76.374084 -76.449683 -76.763700 -77.329087 -77.977852 -78.652895 -79.481696 -80.483629 -81.781818 -83.903426 -86.834466 -91.727444 -99.805503 -96.465203 -91.017236 -88.195045 -87.046124 -87.909012 -90.227652 -90.651322 -89.719848 -91.092002 -93.996508 -91.952355 -89.140429 -92.683298 -97.036071 -91.067482 -92.934578 -93.527717 -92.088431 -96.573931 -92.336212 -97.141621 -94.058638 -98.639692 
-86.528727 -86.847631 -87.388025 -88.322237 -89.631798 -91.455460 -93.329886 -94.185521 -92.706597 -90.328168 -88.343680 -87.032234 -86.511694 -86.865397 -88.306527 -91.070389 -93.866110 -91.903795 -88.496902 -86.847778 -87.262785 -90.242481 -93.748083 -90.153177 -87.227616 -88.182539 -92.919141 -90.944856 -87.603029 -90.362998 -92.874581 -88.330274 -91.390337 -91.841623 -89.433973 -93.921382 -90.009575 -94.410278 -91.746013 -97.027216 
NaN NaN NaN NaN NaN NaN NaN NaN NaN NaN NaN NaN NaN NaN NaN NaN NaN NaN NaN NaN NaN NaN NaN NaN NaN NaN NaN NaN NaN NaN NaN NaN NaN NaN NaN NaN NaN NaN NaN NaN 
NaN NaN NaN NaN NaN NaN NaN NaN NaN NaN NaN NaN NaN NaN NaN NaN NaN NaN NaN NaN NaN NaN NaN NaN NaN NaN NaN NaN NaN NaN NaN NaN NaN NaN NaN NaN NaN NaN NaN NaN 
NaN NaN NaN NaN NaN NaN NaN NaN NaN NaN NaN NaN NaN NaN NaN NaN NaN NaN NaN NaN NaN NaN NaN NaN NaN NaN NaN NaN NaN NaN NaN NaN NaN NaN NaN NaN NaN NaN NaN NaN 
NaN NaN NaN NaN NaN NaN NaN NaN NaN NaN NaN NaN NaN NaN NaN NaN NaN NaN NaN NaN NaN NaN NaN NaN NaN NaN NaN NaN NaN NaN NaN NaN NaN NaN NaN NaN NaN NaN NaN NaN 
