NaN NaN NaN NaN NaN NaN NaN NaN NaN NaN NaN NaN NaN NaN NaN NaN NaN NaN NaN NaN NaN NaN NaN NaN NaN NaN NaN NaN NaN NaN NaN NaN NaN NaN NaN NaN NaN NaN NaN NaN 
NaN NaN NaN NaN NaN NaN NaN NaN NaN NaN NaN NaN NaN NaN NaN NaN NaN NaN NaN NaN NaN NaN NaN NaN NaN NaN NaN NaN NaN NaN NaN NaN NaN NaN NaN NaN NaN NaN NaN NaN 
NaN NaN NaN NaN NaN NaN NaN NaN NaN NaN NaN NaN NaN NaN NaN NaN NaN NaN NaN NaN NaN NaN NaN NaN NaN NaN NaN NaN NaN NaN NaN NaN NaN NaN NaN NaN NaN NaN NaN NaN 
NaN NaN NaN NaN NaN NaN NaN NaN NaN NaN NaN NaN NaN NaN NaN NaN NaN NaN NaN NaN NaN NaN NaN NaN NaN NaN NaN NaN NaN NaN NaN NaN NaN NaN NaN NaN NaN NaN NaN NaN 
NaN NaN NaN NaN NaN NaN NaN NaN NaN NaN NaN NaN NaN NaN NaN NaN NaN NaN NaN NaN NaN NaN NaN NaN NaN NaN NaN NaN NaN NaN NaN NaN NaN NaN NaN NaN NaN NaN NaN NaN 
NaN NaN NaN NaN NaN NaN NaN NaN NaN NaN NaN NaN NaN NaN NaN NaN NaN NaN NaN NaN NaN NaN NaN NaN NaN NaN NaN NaN NaN NaN NaN NaN NaN NaN NaN NaN NaN NaN NaN NaN 
NaN NaN NaN NaN NaN NaN NaN NaN NaN NaN NaN NaN NaN NaN NaN NaN NaN NaN NaN NaN NaN NaN NaN NaN NaN NaN NaN NaN NaN NaN NaN NaN NaN NaN NaN NaN NaN NaN NaN NaN 
NaN NaN NaN NaN NaN NaN NaN NaN NaN NaN NaN NaN NaN NaN NaN NaN NaN NaN NaN NaN NaN NaN NaN NaN NaN NaN NaN NaN NaN NaN NaN NaN NaN NaN NaN NaN NaN NaN NaN NaN 
NaN NaN NaN NaN NaN NaN NaN NaN NaN NaN NaN NaN NaN NaN NaN NaN NaN NaN NaN NaN NaN NaN NaN NaN NaN NaN NaN NaN NaN NaN NaN NaN NaN NaN NaN NaN NaN NaN NaN NaN 
NaN NaN NaN NaN NaN NaN NaN NaN NaN NaN NaN NaN NaN NaN NaN NaN NaN NaN NaN NaN NaN NaN NaN NaN NaN NaN NaN NaN NaN NaN NaN NaN NaN NaN NaN NaN NaN NaN NaN NaN 
-37.431543 -37.874763 -38.615130 -39.863020 -41.571782 -43.951427 -46.817064 -50.274669 -53.950438 -56.376357 -57.302627 -57.448257 -57.601844 -58.208544 -59.133334 -59.917960 -60.604697 -60.696892 -58.747804 -55.491054 -53.301916 -54.679616 -62.883140 -66.908703 -66.789189 -68.844071 -68.587801 -66.528824 -67.947667 -67.419707 -74.813301 -71.797872 -65.317748 -68.631184 -70.855645 -70.804045 -69.470309 -73.209472 -73.892282 -76.559603 
-12.986740 -14.325950 -20.735235 -26.937540 -23.773831 -29.694505 -26.105016 -23.636610 -30.896321 -30.508559 -29.046404 -28.767575 -36.179020 -38.742722 -35.750604 -33.454084 -31.171493 -37.135210 -30.596632 -29.729192 -20.992051 -26.674183 -33.876785 -35.860125 -39.857614 -37.232462 -34.607875 -41.196890 -45.680660 -45.297853 -40.243974 -35.140216 -36.328219 -37.285733 -35.142064 -35.811697 -36.669139 -34.833920 -36.858122 -40.252390 
-12.997321 -16.107877 -21.589389 -26.404739 -21.804968 -24.192954 -28.619268 -21.766021 -17.164747 -20.902915 -28.415200 -29.184116 -27.606969 -26.736274 -26.430182 -28.041340 -27.918212 -29.902644 -24.725309 -15.957832 -7.465376 -16.026269 -18.856319 -25.182984 -30.509617 -26.177513 -21.588623 -26.552599 -27.660118 -29.030333 -25.562927 -24.714923 -21.109814 -19.716942 -17.133838 -17.951278 -19.396674 -16.844972 -15.145633 -19.331407 
-24.816669 -20.062514 -25.617798 -26.955755 -25.727359 -23.600117 -17.933077 -20.278010 -19.931825 -24.619621 -25.664209 -18.712032 -22.786438 -22.852221 -20.054005 -22.018712 -22.209928 -24.434570 -24.769762 -19.865222 -10.490570 -13.730929 -17.121743 -21.419312 -25.431356 -20.782447 -19.758945 -21.199863 -21.716800 -23.087084 -19.966259 -14.672066 -12.659288 -15.471449 -13.752936 -11.948390 -10.565251 -10.049425 -7.579397 -13.095805 
-21.017495 -20.942498 -22.601171 -22.505217 -22.943674 -25.761118 -24.168325 -17.973120 -14.312213 -21.094713 -19.947453 -15.153666 -16.447769 -20.903205 -20.883136 -17.966902 -16.327810 -19.402740 -19.468844 -20.468294 -9.275942 -10.183651 -16.341536 -18.471534 -19.898625 -20.382663 -20.297648 -18.018250 -20.877722 -20.126334 -16.208898 -12.096785 -14.354558 -12.382104 -8.691063 -4.731870 -4.760537 -6.398614 -4.116434 -7.466105 
-15.357200 -24.104385 -25.014723 -25.117204 -28.829649 -30.656544 -24.925843 -22.400938 -23.661793 -19.326922 -19.081253 -17.612093 -13.051484 -12.231597 -18.091177 -22.346909 -18.250710 -20.543691 -22.297422 -17.457146 -10.077018 -11.556689 -16.433980 -20.778777 -25.218470 -23.308933 -16.882366 -12.772438 -15.894065 -15.737112 -17.792876 -14.030604 -11.874766 -12.767815 -12.568739 -8.543891 -4.432591 -4.560349 -1.414274 -2.541526 
-13.169895 -16.888080 -24.703385 -26.692216 -25.142902 -20.120606 -21.577484 -22.376640 -24.193688 -20.836580 -22.673642 -19.262304 -18.203630 -18.395810 -18.494052 -16.596267 -17.436181 -23.105998 -23.666888 -22.368065 -17.044648 -17.159794 -16.126803 -17.529409 -20.393366 -19.410463 -18.880454 -17.040800 -15.350313 -19.209765 -16.129533 -12.958253 -10.159382 -15.281083 -14.318289 -14.336263 -6.916874 -3.829504 0.348257 0.871860 
-16.856640 -16.507026 -15.254106 -23.387080 -23.356514 -19.694602 -23.489506 -19.577540 -16.548825 -19.746999 -22.995077 -20.155302 -14.803365 -17.545532 -16.492376 -19.907314 -15.104837 -21.780371 -23.178156 -21.858312 -13.959212 -14.995204 -18.756420 -16.420779 -18.599632 -18.272249 -18.925303 -19.026989 -18.726635 -22.316470 -17.333431 -15.537564 -13.349305 -14.454611 -11.472672 -9.682927 -5.818075 -1.250684 3.043712 3.366515 
-13.823780 -19.176011 -20.901190 -23.989282 -29.937567 -27.535117 -23.919055 -27.086735 -30.387979 -29.648822 -28.026961 -21.942226 -19.572837 -15.985457 -16.461522 -20.803504 -21.668077 -21.643493 -24.098739 -21.611102 -17.300964 -19.967241 -20.931303 -21.088334 -19.876303 -22.156276 -17.784818 -17.965686 -17.744893 -22.498504 -19.859751 -16.914737 -12.709020 -14.636057 -7.982761 -7.528229 -2.848632 -1.465125 3.796475 4.385838 
-19.304095 -20.178563 -26.259089 -28.305272 -26.758087 -30.308007 -31.125153 -28.715613 -25.206449 -27.553054 -28.690091 -32.068880 -25.626558 -21.624187 -23.041631 -22.740543 -19.881679 -22.353397 -22.997750 -23.070466 -24.330612 -24.691373 -27.555166 -20.224693 -24.288170 -27.257577 -24.977657 -21.506422 -23.042636 -24.952368 -20.777756 -17.664337 -13.219959 -14.961670 -13.781643 -8.623553 -5.880016 -2.758601 -0.169420 3.455390 
-15.992563 -20.729758 -27.946608 -30.979229 -23.803343 -28.089602 -24.964409 -26.617871 -25.526218 -25.176079 -35.535329 -31.354155 -25.505577 -16.617819 -20.155085 -24.934918 -24.974543 -26.032883 -23.173170 -27.284462 -24.557165 -25.649252 -24.612760 -20.369801 -21.963100 -26.628870 -26.642282 -27.245659 -23.708361 -24.186557 -23.465461 -17.087653 -14.411014 -13.900116 -13.366282 -9.569566 -6.177011 -2.008692 -1.639782 0.219818 
-16.445298 -21.677748 -22.321118 -30.749092 -29.275649 -31.586830 -28.955929 -20.941826 -22.431477 -32.318647 -32.265242 -25.877913 -27.498847 -25.294999 -23.933016 -26.315637 -25.030848 -26.310053 -28.351888 -24.081479 -17.504882 -19.694436 -23.044741 -27.635574 -27.622767 -23.495244 -24.491551 -23.481594 -22.387587 -20.344543 -20.195044 -19.958833 -19.242633 -16.192184 -11.985549 -8.410265 -3.581553 -2.769226 0.896066 2.165558 
-17.312508 -22.179489 -24.428415 -34.942640 -35.273422 -29.230155 -29.252914 -23.871968 -28.393903 -37.048003 -29.711377 -22.579855 -23.329850 -16.893965 -18.063868 -21.257259 -17.249294 -19.849002 -22.245147 -22.428335 -21.281419 -20.493285 -21.042511 -24.134466 -24.421439 -24.712197 -24.802266 -22.203384 -20.376324 -22.617799 -22.016378 -19.281198 -14.166509 -14.222599 -13.780334 -11.194387 -9.488005 -4.288653 -1.096601 4.659806 
-15.167653 -21.990144 -33.624098 -35.377929 -28.662892 -29.585042 -29.772873 -32.931960 -31.002666 -30.114611 -26.663343 -26.272707 -25.044060 -17.540590 -20.858770 -22.255897 -23.359351 -22.564287 -25.570817 -19.687926 -16.150791 -18.778627 -19.639134 -22.155977 -20.374796 -28.839857 -25.928036 -20.910283 -21.566523 -22.009373 -21.772305 -16.184973 -12.498658 -14.600799 -12.902819 -9.808866 -8.236259 -4.153865 -0.585945 1.931466 
-12.544431 -18.297117 -24.533285 -28.234336 -26.257640 -30.638640 -32.006254 -28.664268 -33.298672 -23.944908 -26.556403 -28.346044 -24.173966 -23.089557 -18.196362 -17.415030 -20.137931 -21.689516 -21.378820 -21.231030 -16.571144 -17.205746 -17.511471 -18.557269 -18.332103 -22.095261 -24.147161 -19.569934 -23.679249 -22.799366 -23.550695 -20.907391 -11.836153 -11.831490 -9.957793 -12.881399 -10.256230 -5.697666 -0.105295 2.893554 
-16.924967 -18.813054 -26.487881 -28.912544 -24.829041 -28.706131 -30.165514 -25.614232 -25.449073 -24.195940 -23.214322 -19.006585 -13.228834 -12.495302 -10.528821 -15.667020 -20.103597 -16.516061 -16.721570 -17.904745 -13.846993 -18.081568 -17.780524 -18.024078 -22.135205 -22.184318 -20.076455 -20.010656 -20.538246 -18.908465 -19.377714 -14.239098 -11.301155 -10.946221 -10.291490 -10.801668 -7.634758 -6.015164 -5.168128 0.234760 
-18.224062 -21.022099 -21.790794 -30.917764 -21.107402 -24.945541 -22.090173 -21.468010 -16.024024 -17.736883 -13.711909 -16.370812 -13.684548 -8.686096 -11.750127 -13.494841 -22.679120 -21.741502 -14.779934 -17.057085 -10.896101 -16.249087 -19.729175 -17.215381 -18.599818 -19.825607 -16.767276 -15.268438 -16.172898 -12.707715 -15.802711 -14.226823 -8.220610 -12.341536 -10.027636 -10.008455 -3.536158 -3.150848 -1.503119 2.383641 
-12.534571 -15.378835 -19.045655 -16.583661 -16.164781 -28.750570 -18.555767 -16.833118 -16.133204 -18.299381 -20.416727 -21.203543 -12.770234 -10.595034 -9.017863 -14.552001 -16.348972 -23.595437 -21.844584 -15.668221 -5.533148 -9.278235 -15.403823 -14.319277 -18.464146 -15.852287 -12.101835 -9.410500 -12.005096 -12.119415 -11.529486 -11.909153 -5.122061 -8.163004 -11.901834 -7.070531 -5.859259 -3.759145 -1.240348 -2.563898 
-4.853273 -10.017819 -8.367680 6.722988 15.444227 15.851694 9.553466 1.307437 0.500356 -2.928268 -8.829280 -11.487878 -13.433365 -13.134126 -16.052358 -13.093901 -17.011070 -15.642184 -13.360973 -12.893632 -6.932376 -12.422764 -15.307148 -19.592977 -19.966267 -24.401484 -16.099591 -16.677949 -18.441300 -17.179572 -16.691862 -17.690385 -12.126687 -15.366815 -14.567723 -13.808442 -12.099220 -12.760351 -10.912346 -10.181699 
-2.858384 -8.844952 -10.074154 9.119890 23.624736 22.180935 8.752356 4.387728 15.942162 13.550200 -8.606725 -1.260882 1.936178 -11.125086 -6.773920 -7.214794 -14.298908 -11.077594 -11.150939 -8.662269 -0.705407 1.736209 -4.408898 -16.056506 -16.418403 -16.640695 -9.590325 -9.834859 -16.419369 -21.577391 -21.039131 -19.611706 -18.758363 -17.404480 -20.719442 -22.340196 -25.366486 -21.082893 -17.666492 -17.007730 
-10.386618 -16.960581 -21.262190 5.155861 22.649227 19.311930 -2.480997 -8.022677 20.045623 19.023532 -6.754151 3.333006 5.418374 -17.091206 -1.197937 -7.020561 -13.998325 -12.165630 -16.493006 -11.432408 -4.388701 -0.949546 0.607493 -8.432765 -12.088406 -11.401636 -5.708829 -5.373698 -12.073822 -21.493407 -19.553385 -13.449639 -7.360024 -11.291051 -21.362873 -27.812592 -30.880510 -25.046647 -18.617829 -17.407096 
-9.820680 -14.988662 -25.179446 4.887601 21.570187 17.519336 -5.009102 -5.401926 22.573905 20.311888 -5.743037 6.769005 8.072339 -13.673379 1.833852 -6.009112 -11.654572 -9.752258 -13.812824 -11.396793 -8.158760 -7.392191 2.239715 -6.589556 -10.811948 -13.180493 -6.182488 -1.526833 -8.006096 -15.034348 -17.219191 -11.596274 -4.339873 -8.905182 -17.394653 -24.769859 -29.842040 -24.860492 -17.544596 -17.437343 
-12.792862 -12.867771 -22.960799 5.735430 21.392663 16.006786 -7.521758 -3.150258 23.053082 18.019291 -11.486155 8.288577 8.640969 -13.028059 3.101391 -6.760713 -10.912397 -12.474410 -12.163165 -13.243482 -8.743877 -8.542813 4.242633 -4.321278 -9.229089 -10.869119 -6.681788 -0.863580 -7.207957 -12.257956 -12.984464 -11.558828 -8.018835 -10.048183 -18.685100 -26.914735 -33.659002 -25.600140 -21.012150 -20.028564 
-8.531904 -21.058882 -18.817907 8.715929 22.370059 15.585107 -8.594885 1.709017 22.587906 14.238468 -9.970399 11.217056 7.382664 -9.204425 3.004499 -11.474703 -11.811967 -18.251008 -14.015220 -17.154623 -9.824277 -7.422866 0.549381 2.147312 -6.879254 -9.746104 -5.227528 -0.383125 -5.018287 -10.365772 -13.153742 -9.965003 -7.750378 -9.974721 -14.797617 -26.768660 -34.104464 -26.903887 -21.396060 -23.897823 
-12.387263 -20.877336 -17.495948 11.554412 23.675742 15.532387 -9.902462 6.418538 21.566391 10.186709 -7.207825 12.890999 4.921452 -6.014478 2.092487 -14.538010 -11.431484 -20.132946 -16.200428 -20.132494 -11.127033 -9.572819 -3.564923 5.319855 -5.522066 -9.082904 -5.214052 -0.698155 -5.930986 -11.230773 -14.018095 -7.672734 -3.050343 -9.635660 -15.747015 -26.266502 -31.492671 -25.871824 -22.592905 -23.175070 
-9.098631 -14.544199 -13.411838 14.763322 24.865977 14.824940 -11.833421 9.040091 19.936183 3.570259 -0.319673 13.611519 -0.757205 -2.089054 1.336259 -17.629660 -14.517700 -20.959683 -14.920554 -16.597684 -15.600977 -11.174004 -2.489984 4.004102 -0.653681 -6.100980 -5.732737 -0.883393 -2.895545 -11.599345 -16.135861 -11.231845 -9.630537 -11.785337 -18.153800 -26.254052 -33.754783 -28.204794 -22.860800 -22.223299 
-21.587040 -26.235172 -15.510291 17.904587 25.929385 13.927945 -12.285793 12.076407 17.841398 -4.747443 4.159254 12.495344 -7.736534 1.511219 -2.517264 -16.537647 -16.995574 -20.307093 -17.675227 -15.895161 -20.444899 -16.496227 -1.273668 0.264006 1.605199 -5.827735 -5.754002 -2.111765 -2.871076 -8.871758 -13.008071 -13.405570 -9.605302 -10.256712 -15.763924 -26.840837 -32.665478 -27.700440 -22.555353 -21.934408 
-15.327415 -25.466525 -10.906449 20.558409 26.521963 12.642860 -8.526964 13.933512 14.949747 -7.560483 9.552027 10.031200 -11.093914 2.561834 -9.075698 -16.405149 -25.133582 -20.923276 -22.827134 -15.935830 -17.057453 -14.306152 -2.548138 2.955473 0.813382 -4.708755 -3.637046 -0.484491 -3.311787 -11.093095 -16.040629 -14.621695 -8.654714 -9.328023 -14.220554 -26.521370 -36.080780 -28.695607 -19.554892 -20.604182 
-21.713920 -25.827804 -5.088710 22.882558 26.117008 9.355374 -3.356283 14.708343 9.306479 -5.339313 13.922948 7.300670 -5.442627 0.307604 -13.590932 -13.173131 -26.659248 -26.014086 -18.876801 -18.646288 -14.321169 -13.131772 -5.245963 2.163311 2.726533 -3.840478 -3.563486 0.488114 -2.372286 -10.784441 -15.514692 -14.180558 -10.318626 -14.034900 -15.278492 -31.096729 -35.843173 -27.557017 -19.624256 -19.955641 
-7.964127 -15.037173 2.927643 24.646707 24.657655 4.769677 3.361204 13.786338 -0.000363 6.255167 14.726137 -0.495358 1.157858 -4.965158 -7.311568 -11.181816 -22.869290 -25.044308 -16.476160 -15.285417 -14.156685 -13.228785 -5.116203 0.951042 2.785757 -2.656801 -3.798533 0.492716 -3.469850 -10.802828 -12.208247 -9.500220 -7.007694 -12.737718 -15.813216 -26.675586 -34.498148 -25.336001 -22.301608 -23.671706 
-25.523652 -14.987727 9.905054 25.264754 21.930477 -1.443266 7.635804 11.083357 -4.481616 12.291736 12.344267 -2.818997 1.864921 -8.384228 -2.202511 -13.494136 -17.956216 -17.986403 -17.351883 -13.152680 -14.084289 -13.557730 -4.974905 -0.089700 4.364063 -2.495545 -3.907068 -1.438647 -7.089451 -11.981347 -15.308524 -10.460321 -8.716712 -12.478276 -17.232728 -26.940153 -34.307379 -26.772606 -25.379589 -25.827341 
-19.468094 -12.938792 14.209685 24.517387 16.660487 -1.110121 11.162017 7.348695 -0.930890 14.398289 6.129097 1.994935 -0.593321 -1.202020 -0.762390 -14.341227 -19.813814 -18.388339 -15.702237 -15.970065 -14.263224 -16.033324 -4.932028 -1.139807 2.462412 -2.736293 -4.657030 -3.191928 -7.017699 -12.200332 -16.333965 -10.805271 -8.486499 -11.062171 -14.717516 -30.393944 -40.002062 -26.738393 -24.607602 -23.047459 
-18.551495 -5.906078 17.839324 24.470826 12.791791 4.365041 12.952765 2.196723 7.555546 11.312380 0.034792 6.484970 -1.657353 2.019684 -4.975380 -9.312109 -16.598342 -17.634328 -14.051644 -14.888479 -15.840111 -15.155588 -6.913929 -1.934756 2.210230 -1.027402 -4.932677 -1.756747 -2.802371 -12.359124 -15.477183 -10.513029 -8.370719 -9.081927 -17.319607 -30.638965 -36.177399 -27.234453 -21.790583 -22.017256 
-21.325334 0.923048 20.571616 24.038640 10.628379 11.387312 13.792742 1.928351 11.473897 3.929343 6.193161 2.180477 -1.881684 -3.119622 -1.674304 -10.677911 -16.716146 -20.161117 -17.169463 -17.007711 -17.885066 -16.123847 -6.451729 -3.686902 1.886564 1.059715 -1.952233 -2.840799 -6.493476 -14.876734 -17.698859 -12.014965 -11.532439 -14.660415 -19.325515 -31.856261 -41.709774 -29.187090 -22.281949 -22.271486 
-9.287518 5.902624 21.317125 21.177634 5.392145 14.918511 11.770444 5.454440 11.951815 2.819200 8.998463 -1.523679 -1.966071 -3.521953 -1.773291 -8.970351 -15.978043 -20.543543 -18.115335 -19.083804 -21.015599 -16.918842 -7.910306 -5.109704 0.895227 1.004560 -0.380581 0.381730 -6.210849 -12.146191 -13.098314 -7.780002 -6.137968 -10.984467 -17.326333 -33.569464 -41.239506 -27.815302 -24.137894 -24.841367 
-10.397923 8.011529 20.829766 16.970575 6.910743 16.676560 7.597413 7.751165 7.768467 5.060767 5.722476 -1.318516 -6.413056 -3.022303 -6.065591 -7.819180 -14.815136 -22.931715 -20.938209 -21.058817 -26.046446 -21.037174 -11.030605 -7.786904 -1.605783 0.527485 -2.527545 -1.837826 -7.020734 -12.371892 -17.144954 -14.009897 -12.621586 -17.586135 -24.234769 -37.934603 -44.477764 -29.824054 -25.537587 -26.695757 
-13.179606 9.110067 20.191559 15.215038 10.053475 17.231580 6.772151 7.300238 2.968574 6.496392 1.669678 1.516654 -4.385146 -5.704845 -3.453435 -8.672057 -16.286095 -26.952521 -22.165853 -25.616343 -30.991623 -22.991482 -12.132015 -10.061997 -5.637355 -2.751445 -3.515736 -3.020509 -8.356202 -14.988623 -16.379263 -12.790369 -12.266360 -14.976288 -19.927569 -38.193701 -45.103140 -33.017997 -26.852368 -26.032333 
-3.552370 12.274668 18.654874 12.829599 15.135628 15.150435 4.469105 2.212310 -1.462508 4.289611 -1.156206 -2.260199 -7.181343 -6.253391 -2.614365 -7.923214 -16.110132 -22.434619 -24.393065 -25.572926 -31.028273 -23.817343 -16.681519 -13.974926 -7.799463 -2.512969 -2.417732 -6.159646 -11.730021 -18.385499 -20.063748 -16.652284 -11.261693 -16.385180 -21.262393 -37.811460 -48.365190 -39.653610 -31.754766 -26.807765 
-3.566195 12.742086 18.944236 11.477330 17.986762 13.893137 0.182893 -0.717382 -3.143516 -0.872827 -4.486339 -6.398597 -5.283707 -6.824287 -5.198714 -9.067539 -15.899958 -25.207757 -25.121123 -24.059745 -27.174504 -24.244778 -19.421035 -18.407127 -15.429782 -10.818937 -5.536130 -7.325688 -16.155762 -23.892672 -22.816287 -21.456834 -17.409893 -22.232958 -28.551143 -38.304334 -41.047977 -39.891844 -38.016847 -34.720057 
-5.012714 11.813968 19.272492 12.612205 17.595468 16.546242 2.430748 1.241882 -3.218017 -2.433822 -5.704413 -7.736394 -6.560172 -9.697023 -8.275639 -6.641566 -13.475470 -23.965658 -24.978137 -22.598921 -24.195369 -20.711290 -17.263454 -17.638335 -14.473236 -11.098845 -10.469937 -12.528166 -17.850187 -23.853415 -27.736673 -20.840135 -17.184351 -21.374355 -29.753990 -38.911587 -40.404620 -37.584982 -36.732662 -36.605357 
-6.342763 11.988360 18.429727 11.187150 18.540638 15.516605 2.471536 -0.910079 -4.693095 -7.367593 -4.650205 -7.690816 -7.126140 -11.832399 -7.373795 -7.663157 -13.852887 -22.491247 -25.580430 -21.108434 -22.347472 -19.080381 -19.041874 -23.275200 -20.634181 -16.806569 -15.694629 -21.220419 -26.998094 -31.125992 -31.593682 -27.161499 -23.846771 -28.093486 -33.709978 -44.043857 -47.797110 -42.001449 -40.925001 -40.639168 
-8.899276 11.891770 17.606889 10.009857 18.995376 14.947743 3.151377 -0.736023 -4.334127 -8.230191 -5.543192 -8.663484 -8.704250 -11.499886 -6.088341 -10.202206 -16.422564 -20.052317 -21.712356 -20.420583 -20.120593 -18.288161 -19.728971 -27.056830 -30.239157 -31.544999 -30.802013 -31.847097 -42.742342 -40.130174 -38.727439 -37.087982 -31.539700 -36.196013 -40.826070 -44.959142 -46.447131 -46.268251 -45.564824 -44.062318 
-6.537316 11.631235 15.671817 9.039610 19.227979 13.092667 3.073413 -2.021843 -3.127543 -8.384237 -7.258165 -5.302148 -9.750400 -11.126049 -5.249441 -10.349519 -15.794074 -22.327635 -25.293002 -20.306740 -19.204987 -18.876100 -18.882032 -24.262657 -30.857483 -35.502972 -33.147874 -38.562004 -42.071014 -44.070348 -42.424150 -42.661742 -37.570364 -40.668204 -44.450975 -49.554392 -50.884151 -47.183384 -50.545183 -49.600391 
-4.953844 11.566901 14.447202 10.821316 19.496287 11.831035 2.278044 -3.364240 -1.872907 -8.897385 -8.121670 -5.089766 -13.292212 -12.246670 -6.288260 -9.788228 -15.683692 -24.413016 -27.181998 -21.296327 -19.551234 -19.839032 -18.942040 -27.962308 -34.255243 -35.142710 -35.306115 -39.660422 -42.030014 -41.460014 -40.187774 -39.003872 -37.858758 -42.301133 -44.475753 -45.440125 -46.119760 -45.110764 -45.936266 -45.694341 
-6.215937 11.173809 14.599292 11.152541 19.026547 9.761416 1.160487 -6.481114 -4.230442 -12.186999 -12.208664 -7.481407 -12.172433 -14.174724 -10.114963 -11.647983 -19.876986 -25.246136 -26.571363 -22.567411 -23.715635 -21.893971 -23.127948 -29.142401 -34.222066 -33.224640 -34.095899 -36.177848 -36.769717 -36.694074 -37.681748 -37.626968 -37.544290 -38.278978 -39.188143 -39.696723 -40.048111 -40.050866 -40.411607 -40.475269 
-6.562502 11.291541 15.229588 7.270852 17.173325 10.232307 -2.017569 -6.236929 -9.223518 -13.386217 -13.751177 -9.940850 -14.284125 -18.888032 -11.031975 -16.845987 -24.161322 -28.350504 -29.055831 -28.019973 -27.059451 -25.314968 -25.769892 -31.628737 -35.318396 -35.408826 -35.887126 -37.361627 -37.999597 -38.602993 -38.987397 -39.064763 -39.551316 -40.046233 -40.533541 -41.053352 -41.179060 -41.494083 -41.768192 -41.802784 
-5.627943 11.513358 14.189672 11.099874 17.280064 7.807933 -3.662877 -10.130104 -10.986577 -17.987140 -15.633709 -10.800769 -16.434251 -15.398813 -11.838189 -14.931388 -25.715954 -32.522947 -30.180923 -26.043514 -28.211044 -26.332210 -29.000925 -36.184230 -41.696505 -39.684030 -38.174453 -42.600042 -46.091725 -46.461157 -46.576404 -45.737307 -44.769823 -47.198622 -47.538155 -48.257447 -48.836342 -47.567944 -48.721563 -49.087328 
-5.080363 11.190863 12.621710 10.632217 16.239817 4.629445 -6.342960 -13.910527 -13.840255 -23.458242 -26.175735 -19.535321 -17.565590 -19.078525 -16.510605 -21.035193 -32.664916 -37.517105 -35.405912 -33.392050 -35.744464 -35.837279 -33.408354 -39.068491 -46.296617 -41.799171 -42.260578 -50.140277 -56.206429 -54.468405 -51.477260 -49.293191 -47.049091 -51.169808 -51.842321 -56.403398 -55.996985 -54.525660 -54.623451 -50.127703 
-5.165483 10.522626 11.949151 10.210900 14.494279 2.054706 -9.972161 -17.021937 -17.595132 -30.966058 -29.732736 -31.158426 -26.942902 -29.904145 -24.564825 -26.333970 -33.029286 -36.298113 -34.588720 -29.204987 -34.683068 -38.279218 -37.813886 -42.636804 -47.198054 -53.325612 -49.087745 -53.480832 -57.785626 -55.149725 -50.094220 -47.447726 -48.723168 -55.213479 -55.905369 -55.338659 -57.643551 -54.448313 -55.581726 -54.272225 
-6.296696 9.747823 12.702640 5.804164 12.198213 1.635069 -13.235397 -19.301805 -19.228721 -27.548966 -30.738583 -26.683624 -29.416675 -30.257817 -26.694001 -26.924018 -36.215470 -38.426969 -36.471205 -29.321994 -28.615490 -28.372870 -28.809489 -39.491986 -44.274214 -45.055432 -44.531353 -46.536643 -47.723655 -47.769924 -47.453193 -46.950698 -44.737928 -49.152560 -50.152104 -50.237333 -50.638804 -50.901401 -50.965998 -50.863514 
-7.857238 8.892766 11.771455 6.463477 11.035414 0.331767 -15.796597 -19.069472 -19.359256 -26.153654 -25.589036 -22.641728 -29.972916 -31.906724 -26.357932 -28.791772 -38.799318 -41.802094 -39.560122 -31.394692 -29.310094 -28.276273 -32.215298 -36.244939 -44.263206 -46.175151 -45.663094 -52.022705 -54.229441 -53.652185 -51.822565 -52.070153 -48.207497 -54.179066 -54.695191 -55.061570 -54.432389 -53.138600 -54.118581 -54.165018 
-11.354614 6.368585 10.742160 5.232448 6.869943 -2.055896 -15.464863 -22.823185 -30.323734 -28.728999 -29.102875 -24.516000 -29.691258 -26.587813 -24.753831 -31.993279 -36.820903 -36.801276 -31.168392 -27.101243 -31.385523 -33.061951 -37.810115 -41.407595 -43.808650 -45.095559 -45.029552 -46.582942 -47.464341 -47.993171 -47.959910 -47.475306 -48.728404 -49.847835 -49.945021 -50.545815 -50.750588 -50.761822 -51.208313 -51.074769 
-10.611831 3.292613 8.472022 -0.473217 -4.136909 -8.710589 -19.189069 -23.861119 -36.076629 -31.817954 -33.335458 -30.433399 -28.591152 -28.421960 -27.498315 -32.669797 -42.765003 -40.535043 -36.524110 -27.026440 -29.917428 -35.249815 -35.938978 -42.480116 -47.553180 -47.636654 -45.844170 -48.404058 -50.934969 -51.508070 -50.066646 -49.318075 -52.084280 -53.274612 -53.822908 -53.530354 -53.665724 -52.509880 -54.747400 -54.684309 
-12.428691 -0.125318 3.134235 -6.950420 -7.815635 -13.329274 -29.959774 -35.169089 -34.857399 -35.054965 -34.754734 -31.537986 -33.802236 -36.937817 -39.479209 -43.717050 -47.504085 -45.753074 -32.923424 -31.522138 -34.129714 -37.859862 -38.384835 -50.195534 -56.625544 -51.894902 -51.264508 -60.065200 -59.660942 -60.651000 -58.735646 -54.377134 -58.222681 -63.413713 -60.917838 -59.636414 -64.023711 -60.120391 -61.785465 -63.352161 
-15.167474 -8.007810 -5.114249 -15.106084 -24.212898 -26.695779 -38.653998 -37.525942 -37.020629 -43.088028 -38.459747 -31.840267 -33.565844 -39.226543 -38.513837 -43.150090 -51.546086 -47.456349 -37.610434 -36.617445 -32.501334 -40.370056 -41.558730 -49.727339 -56.403566 -52.629131 -54.972118 -61.016903 -61.872225 -61.187089 -60.571037 -58.985667 -62.146228 -63.777990 -63.076154 -63.295935 -63.400068 -63.709365 -63.164123 -65.743045 
-23.761577 -19.918454 -22.445607 -27.627769 -29.655925 -34.622037 -42.277402 -43.108778 -44.515624 -47.624241 -49.801106 -45.439466 -41.002057 -43.280628 -42.422417 -48.702310 -59.364333 -54.586150 -51.267410 -46.116102 -41.490924 -48.488287 -53.589678 -59.185977 -63.721916 -62.938305 -64.752579 -66.743180 -67.658171 -69.584762 -67.750310 -68.731740 -69.073871 -70.107394 -71.370473 -71.627662 -70.480145 -69.110764 -71.672955 -71.948241 
-51.818528 -52.144298 -52.694564 -53.644455 -54.990181 -56.995124 -59.703598 -63.803855 -71.395016 -80.336040 -73.386342 -71.093556 -72.683377 -79.226850 -84.515338 -76.305843 -74.212255 -75.937652 -82.821432 -86.146199 -77.490726 -75.827050 -80.288206 -85.924903 -80.572387 -81.485279 -81.439451 -82.359630 -84.740147 -85.527824 -84.836443 -85.861176 -85.048398 -88.036028 -89.575315 -88.952436 -86.868972 -87.775847 -86.736466 -88.520137 
NaN NaN NaN NaN NaN NaN NaN NaN NaN NaN NaN NaN NaN NaN NaN NaN NaN NaN NaN NaN NaN NaN NaN NaN NaN NaN NaN NaN NaN NaN NaN NaN NaN NaN NaN NaN NaN NaN NaN NaN 
NaN NaN NaN NaN NaN NaN NaN NaN NaN NaN NaN NaN NaN NaN NaN NaN NaN NaN NaN NaN NaN NaN NaN NaN NaN NaN NaN NaN NaN NaN NaN NaN NaN NaN NaN NaN NaN NaN NaN NaN 
NaN NaN NaN NaN NaN NaN NaN NaN NaN NaN NaN NaN NaN NaN NaN NaN NaN NaN NaN NaN NaN NaN NaN NaN NaN NaN NaN NaN NaN NaN NaN NaN NaN NaN NaN NaN NaN NaN NaN NaN 
NaN NaN NaN NaN NaN NaN NaN NaN NaN NaN NaN NaN NaN NaN NaN NaN NaN NaN NaN NaN NaN NaN NaN NaN NaN NaN NaN NaN NaN NaN NaN NaN NaN NaN NaN NaN NaN NaN NaN NaN 
NaN NaN NaN NaN NaN NaN NaN NaN NaN NaN NaN NaN NaN NaN NaN NaN NaN NaN NaN NaN NaN NaN NaN NaN NaN NaN NaN NaN NaN NaN NaN NaN NaN NaN NaN NaN NaN NaN NaN NaN 
NaN NaN NaN NaN NaN NaN NaN NaN NaN NaN NaN NaN NaN NaN NaN NaN NaN NaN NaN NaN NaN NaN NaN NaN NaN NaN NaN NaN NaN NaN NaN NaN NaN NaN NaN NaN NaN NaN NaN NaN 
NaN NaN NaN NaN NaN NaN NaN NaN NaN NaN NaN NaN NaN NaN NaN NaN NaN NaN NaN NaN NaN NaN NaN NaN NaN NaN NaN NaN NaN NaN NaN NaN NaN NaN NaN NaN NaN NaN NaN NaN 
NaN NaN NaN NaN NaN NaN NaN NaN NaN NaN NaN NaN NaN NaN NaN NaN NaN NaN NaN NaN NaN NaN NaN NaN NaN NaN NaN NaN NaN NaN NaN NaN NaN NaN NaN NaN NaN NaN NaN NaN 
NaN NaN NaN NaN NaN NaN NaN NaN NaN NaN NaN NaN NaN NaN NaN NaN NaN NaN NaN NaN NaN NaN NaN NaN NaN NaN NaN NaN NaN NaN NaN NaN NaN NaN NaN NaN NaN NaN NaN NaN 
