-29.159036 -29.487605 -32.326190 -32.448931 -31.172952 -31.482911 -33.747787 -32.861365 -25.407320 -24.898629 -28.557741 -33.772696 -32.776079 -27.454933 -26.142876 -23.643468 -25.249247 -26.155758 -25.055851 -23.335958 -27.267589 -31.424360 -29.915896 -29.599824 -32.339758 -31.339031 -27.456040 -28.702058 -27.924170 -18.505901 -17.827205 -22.465876 -16.770281 -10.242252 -8.509981 -5.731319 -15.247221 -11.041582 -13.515877 -19.428195 
-23.464638 -22.219666 -30.675077 -35.229842 -35.659114 -40.470316 -29.531964 -23.102616 -24.723911 -25.932364 -22.891592 -28.140644 -33.120608 -25.643834 -30.003495 -29.452319 -29.159402 -23.545152 -22.008145 -23.003339 -22.190764 -24.923002 -21.501445 -25.889393 -33.574675 -29.581415 -24.393675 -23.804767 -20.431135 -17.142424 -17.816795 -16.932868 -13.673118 -8.866917 -7.281992 -2.845984 -6.464164 -10.825874 -10.953695 -12.031773 
-25.525346 -25.928143 -26.904937 -31.258382 -29.563948 -39.387344 -32.772613 -26.659000 -25.408316 -29.398717 -27.110694 -26.539824 -25.507050 -26.828105 -24.517550 -23.563129 -24.206118 -24.596213 -23.819194 -19.976953 -22.236803 -25.667023 -25.413544 -27.405060 -25.843292 -22.014483 -24.355695 -22.916046 -23.311134 -15.908975 -15.092298 -15.561112 -12.355648 -9.096573 -3.778312 -1.967590 -3.489118 -8.078682 -9.701043 -8.248722 
-17.551412 -21.022155 -27.541732 -30.129035 -27.186002 -30.176007 -27.041481 -22.734740 -22.789687 -29.318728 -24.711791 -24.818113 -26.154952 -25.303858 -26.909578 -26.617399 -21.641324 -22.506494 -27.243728 -22.971021 -22.933710 -21.518850 -22.721002 -25.512820 -25.641316 -24.029998 -21.674717 -21.810164 -20.921468 -15.926368 -17.397971 -11.973823 -9.679574 -4.800646 -1.479827 -1.105265 -1.518753 -2.542985 -3.818673 -8.222877 
-18.063763 -27.483774 -31.203163 -30.294437 -32.718060 -32.840284 -27.751686 -31.537207 -30.520127 -33.854376 -33.811278 -28.122056 -27.370273 -25.530351 -26.709909 -26.448747 -26.837269 -22.147555 -19.360350 -22.728765 -22.613120 -20.465486 -21.496092 -22.728531 -25.208614 -26.669258 -19.789139 -22.856170 -18.719929 -14.071144 -16.209423 -13.878463 -8.428637 -4.163767 -0.285945 -1.120021 -1.666968 -1.467119 -3.407554 -7.411480 
-19.425202 -29.847209 -35.496779 -31.460641 -29.013392 -32.272082 -26.200501 -23.822144 -28.516996 -30.595591 -24.876963 -29.964876 -28.556533 -28.459488 -22.155804 -23.167583 -22.937293 -23.008436 -22.246145 -22.324398 -24.465368 -21.922705 -21.405327 -22.039397 -23.714558 -30.205195 -23.983482 -23.659633 -19.695563 -14.943091 -12.366364 -12.442519 -10.124978 -7.394459 -4.787914 -0.637589 2.018576 -1.692843 -3.441889 -5.737164 
-27.002473 -33.897420 -35.939902 -37.338155 -31.819577 -31.290838 -26.907664 -19.684186 -22.108188 -21.382150 -30.112020 -30.341157 -25.050069 -24.433042 -24.409134 -25.789050 -24.271227 -22.251867 -20.235602 -21.016286 -19.365896 -25.887531 -25.312363 -24.475590 -22.930286 -23.444164 -22.382292 -22.063778 -19.605910 -17.721457 -15.871678 -10.763784 -6.516972 -3.404469 -3.220170 -1.081190 -0.031360 -3.449878 -4.301671 -6.643958 
-30.670570 -37.083220 -36.822131 -38.071710 -38.888690 -28.193708 -21.666968 -19.566638 -23.688548 -26.414982 -25.286020 -26.577476 -27.481664 -29.564122 -29.728228 -25.628678 -28.845539 -25.737445 -21.639580 -22.598693 -19.304718 -22.534590 -26.160800 -23.910119 -25.361711 -23.257354 -20.716523 -19.068760 -18.005812 -13.813474 -16.718393 -13.979350 -8.780183 -3.727276 0.081571 0.059674 -0.611576 -4.210979 -3.389349 -5.932827 
-33.870217 -34.186931 -31.280810 -35.226817 -39.055495 -36.829075 -33.523184 -33.018136 -34.869317 -33.780991 -35.072127 -31.277916 -31.839823 -28.560924 -29.928184 -29.074403 -24.392498 -22.022514 -21.362612 -31.799304 -23.240433 -24.266907 -26.308648 -23.740397 -25.070442 -26.963873 -20.983118 -22.044328 -23.179147 -16.364789 -17.045116 -12.376896 -7.173653 -2.867212 -1.108583 -1.506940 -3.695596 -4.037934 -7.392371 -9.849009 
-28.659186 -29.517046 -33.527075 -30.010522 -30.745689 -31.801113 -26.398558 -27.778254 -31.889558 -31.710433 -24.868014 -31.715155 -30.928780 -29.254241 -22.770033 -22.405421 -20.570543 -21.602311 -20.519992 -23.691075 -24.235477 -21.091593 -22.369538 -23.132960 -23.019905 -26.946079 -20.474683 -23.344331 -19.104594 -15.343852 -10.300882 -8.774076 -6.202620 -5.760729 -2.435539 -0.216595 0.711813 -1.953803 -2.840060 -4.894537 
-27.388558 -32.633288 -38.471664 -32.631396 -28.832390 -28.953545 -24.569363 -20.774224 -21.219527 -17.818163 -24.703037 -24.338597 -22.809805 -22.919885 -24.498373 -23.641161 -24.009192 -23.065213 -18.849745 -18.254007 -17.532399 -26.159452 -24.522915 -23.687453 -22.524097 -20.500835 -19.657639 -20.769844 -15.374120 -12.890425 -11.243492 -5.522991 -1.888821 0.724191 -0.616318 -0.571861 -0.112139 -3.723715 -4.256014 -7.175916 
-21.797105 -27.679255 -28.850521 -28.104991 -32.942392 -23.167882 -18.344679 -18.113300 -21.763960 -19.585491 -18.528085 -22.521121 -24.679894 -26.712973 -27.965875 -24.039078 -26.808392 -28.001076 -18.999826 -19.005320 -17.797135 -21.468828 -26.946354 -22.882561 -24.698793 -20.712211 -20.394757 -18.054856 -13.022730 -9.191475 -10.497051 -9.080526 -4.941018 -2.071788 0.351311 -1.844497 -4.198725 -7.133673 -6.308001 -10.821914 
-16.490265 -22.586650 -25.304508 -26.587331 -28.875099 -25.806237 -22.123063 -19.508522 -21.179202 -21.010525 -26.316602 -24.542305 -21.694077 -21.984943 -30.255086 -29.378472 -21.496150 -22.363502 -22.168957 -20.721597 -20.964269 -22.735304 -27.882551 -23.370535 -21.247033 -17.454285 -20.226375 -17.582611 -13.247423 -9.382829 -12.238374 -12.888334 -9.266769 -8.179696 -10.957409 -12.212797 -13.061822 -12.884953 -18.496220 -19.458994 
-12.523960 -14.996859 -13.823689 -6.656854 -6.734089 -14.609291 -16.305492 -16.203950 -20.969437 -21.877940 -25.190930 -21.649737 -19.969356 -16.374717 -21.682339 -21.231041 -22.397496 -18.837815 -22.499851 -18.756368 -22.275689 -24.007187 -26.426613 -23.328622 -19.545506 -21.109599 -19.063578 -15.534763 -12.640497 -12.046158 -16.218382 -15.948282 -16.887133 -18.107754 -18.431685 -20.226316 -21.019986 -23.051811 -23.822831 -28.782801 
-13.169972 -7.744682 -8.418472 -10.554204 -11.824926 -9.861428 -13.734926 -11.203259 -21.497655 -19.398899 -21.033606 -24.862952 -26.117508 -24.512440 -27.484847 -25.973689 -19.041920 -20.681594 -25.887614 -21.919334 -29.231152 -28.331067 -27.003857 -25.069718 -21.060887 -21.548780 -21.728508 -20.541309 -13.832402 -15.455114 -17.297055 -16.794992 -15.381639 -15.479766 -21.268227 -15.568923 -20.673197 -21.588890 -22.158639 -25.556974 
-13.388153 -1.072064 1.042353 -0.892690 -2.641839 -13.765114 -12.476750 -16.718632 -24.872967 -22.215604 -25.905756 -17.719665 -21.160418 -28.656164 -26.578467 -25.065108 -28.881871 -27.481520 -23.135630 -19.967252 -25.181020 -28.887201 -28.365215 -24.668380 -21.733046 -20.757684 -16.452200 -13.502008 -9.384374 -8.270759 -13.909576 -18.895026 -14.734254 -14.098082 -19.223302 -16.424681 -17.670950 -20.895373 -19.698776 -23.559634 
-6.387264 0.122848 4.878528 7.933670 -2.433677 -4.703125 -5.331385 -9.168257 -14.858365 -20.643188 -15.177164 -17.571437 -20.615334 -19.749246 -20.728482 -26.521865 -19.001513 -24.385622 -22.126633 -22.454823 -21.487612 -25.036956 -27.516655 -22.412452 -17.595348 -21.943704 -21.793759 -18.824059 -17.768729 -17.925970 -17.283178 -18.714463 -20.199645 -19.694225 -21.532102 -24.767222 -23.089313 -25.320898 -24.746520 -27.299017 
-18.071812 -2.296175 13.307742 15.758850 8.267828 12.454447 10.313916 -3.253409 -6.003334 -13.291513 -14.099068 -21.316401 -16.998315 -21.172532 -20.476208 -18.214490 -20.528920 -22.884795 -25.128472 -27.839237 -29.352656 -30.758799 -26.298845 -24.123888 -26.727410 -30.593347 -34.395053 -32.207528 -32.768574 -31.782658 -28.563061 -25.367727 -26.156281 -29.682990 -29.144890 -30.579642 -32.232033 -31.995618 -32.781983 -36.234916 
-15.846271 -7.329919 14.404413 19.105334 7.732578 9.378599 15.384029 1.088802 -2.975574 -5.692645 -22.039307 -20.665980 -22.373106 -16.495652 -11.466287 -15.336341 -16.809563 -26.208279 -23.079170 -22.105193 -26.561488 -29.801288 -26.768293 -17.996046 -16.438342 -28.131819 -40.569351 -37.376679 -36.180111 -34.964791 -40.183253 -33.849090 -32.819242 -36.200038 -33.280775 -36.282048 -44.284178 -42.793643 -42.841253 -51.230632 
-20.164997 -8.828353 14.690154 20.646396 8.893738 9.675615 18.629847 6.708296 -2.772669 -2.442211 -16.584374 -16.180349 -14.196495 -8.247991 -1.980410 -6.447314 -16.382391 -20.283974 -18.968361 -15.138794 -20.271990 -22.409794 -21.734444 -13.395105 -9.458858 -18.198826 -29.517947 -28.940736 -29.411017 -24.675314 -33.110688 -28.412924 -27.655271 -30.911965 -28.574906 -30.410491 -36.021040 -35.603144 -34.949865 -36.893510 
-17.109238 -7.120957 15.397527 20.696338 7.237236 11.759408 19.684349 5.781880 -0.239759 -1.453398 -18.390965 -13.932198 -5.803044 -3.993093 -0.403751 -3.643271 -13.014609 -17.812965 -16.242044 -12.048065 -18.834757 -20.026950 -20.238040 -12.184419 -6.944717 -13.767875 -29.723619 -26.808678 -27.221329 -21.748556 -32.491027 -27.497612 -26.764720 -29.511684 -26.746949 -28.504680 -38.214515 -37.824560 -36.659042 -39.935390 
-14.736658 -8.569678 15.194538 21.738303 10.790137 9.232172 19.407322 9.122994 -5.323174 -3.334062 -13.830249 -2.230527 -3.311187 4.625439 -2.117777 -3.457431 -14.068829 -15.955819 -15.289144 -11.779917 -18.595708 -20.174066 -19.400204 -13.451069 -8.410402 -11.854294 -27.354985 -26.025778 -26.791277 -22.747936 -32.976249 -25.142251 -24.677765 -30.123172 -28.493243 -29.622971 -40.523192 -36.747994 -33.793949 -42.491231 
-22.434535 -11.270037 14.788371 22.818270 12.870124 6.025774 18.829542 10.087623 -8.898606 -8.576826 -13.155911 3.942795 -2.292549 7.390687 -4.135352 -3.770429 -14.303132 -16.372585 -12.802788 -15.681912 -18.722022 -19.608870 -16.904623 -14.450398 -10.844170 -13.014168 -23.910268 -24.051013 -25.113245 -24.951650 -32.069549 -24.640643 -24.878945 -30.344930 -26.544295 -26.844884 -35.787848 -34.297574 -32.908537 -37.756137 
-24.614075 -10.638938 13.847216 22.237976 14.584152 8.468527 16.109527 17.327597 10.637866 11.501562 5.829214 7.664220 1.309946 10.230414 0.301134 -0.234130 -9.354041 -12.983869 -12.090025 -14.323100 -18.317296 -18.663784 -17.252939 -14.878470 -11.030150 -13.161773 -25.183225 -19.800504 -19.717128 -20.223679 -31.365125 -30.558175 -30.150137 -32.422826 -28.250527 -26.806840 -32.472786 -35.231236 -32.048483 -39.584699 
-29.108402 -17.039201 11.802455 19.878055 9.058449 3.071737 16.705360 13.577542 13.322324 23.322268 13.362635 13.391530 5.568791 15.106608 9.929469 10.912034 2.135578 -3.521828 -6.846286 -12.596662 -14.852509 -16.588739 -16.693906 -15.437195 -17.239451 -18.819927 -17.624791 -18.207498 -17.038153 -18.853862 -32.131899 -35.794400 -33.295637 -29.827691 -22.973585 -19.222326 -22.054844 -29.931512 -29.721217 -38.688123 
-29.114347 -19.468714 10.729223 19.550371 9.761826 1.263284 16.009843 9.941294 12.090696 25.028888 11.312371 14.100569 6.831461 13.462004 6.107281 17.379015 9.758145 1.418957 -2.602113 -9.323882 -13.015554 -14.888206 -15.615019 -15.392306 -18.149804 -21.560199 -15.807083 -20.224932 -20.332632 -16.444671 -30.578602 -35.732973 -33.441730 -28.106817 -21.033774 -15.869359 -15.917282 -23.916031 -27.120546 -36.692460 
-21.303801 -28.578810 9.690070 19.264290 10.260012 -1.796593 15.205953 10.185188 11.066291 24.409934 9.201387 14.046491 7.813956 11.792153 6.365068 16.229243 9.483199 7.370749 -0.238927 -6.860011 -10.801554 -12.998286 -14.870581 -13.014805 -15.763564 -21.927411 -15.002862 -19.847000 -21.340067 -19.289194 -32.841522 -41.647193 -36.260481 -28.648257 -19.288520 -13.452319 -13.289578 -23.046799 -25.365051 -36.901306 
-31.426008 -25.966165 8.745826 18.791739 10.045551 -2.281376 15.080030 11.210238 9.809119 23.859140 9.647918 15.860189 10.603458 11.732142 7.786410 13.768861 7.209212 11.151776 2.294497 -4.240795 -7.484814 -10.878259 -13.054334 -8.245140 -10.217156 -17.284903 -15.782348 -20.320199 -21.804294 -20.739565 -31.398449 -36.071195 -31.590395 -27.352521 -19.143164 -12.433813 -12.352000 -21.288347 -25.893535 -38.004619 
-24.083549 -24.006173 7.959625 18.691890 10.549536 -3.007869 15.247884 12.370864 6.928161 23.759149 11.266308 15.250917 13.118643 8.990751 8.029985 12.476026 8.651047 12.118125 1.529176 -2.046981 -4.845193 -9.459339 -13.120093 -6.053602 -7.868248 -12.632270 -15.822665 -18.424196 -19.778855 -21.499303 -32.457403 -34.388495 -28.302424 -25.755853 -19.248162 -11.399291 -10.867811 -19.986530 -24.073352 -36.078701 
-31.877995 -28.354335 8.214399 18.698940 10.755418 -2.936630 15.050007 11.775401 6.835780 23.803713 12.302162 14.978145 12.505320 8.773798 6.695395 10.818124 7.574348 13.249904 2.882447 -1.851037 -4.935992 -9.236774 -12.645862 -6.700010 -9.074716 -13.578218 -16.436550 -18.895396 -20.268146 -21.231226 -32.152169 -34.016487 -27.154199 -24.320348 -18.000210 -10.781288 -10.052236 -18.407774 -22.833325 -35.435368 
-32.462952 -28.429684 8.137593 18.139601 9.228229 -2.344801 14.725630 10.014360 8.334714 23.050442 9.865022 16.231947 10.696237 10.570628 6.181046 10.647326 8.793614 14.945174 4.620214 -2.054708 -6.198314 -9.420961 -11.853033 -5.780199 -8.467328 -11.761730 -16.029073 -20.287436 -23.143228 -21.851380 -30.672838 -33.451326 -27.875447 -25.053726 -17.740758 -10.124677 -10.048242 -18.316063 -25.748578 -37.648771 
-27.644287 -24.857938 8.649814 18.136001 8.960703 -1.783343 14.758719 9.212527 9.156207 22.582472 7.803461 16.756097 9.883746 11.108892 5.279647 9.164249 8.019928 15.656136 6.674906 -0.664748 -5.437799 -8.596590 -11.259948 -4.836204 -7.094699 -11.617345 -15.317247 -20.144235 -22.265560 -19.198444 -28.303318 -32.507014 -27.941989 -23.357794 -16.075664 -10.189191 -9.768615 -19.725289 -24.156326 -34.305866 
-26.432035 -20.428649 9.485390 18.199265 8.148655 0.767771 14.930045 7.705138 11.759562 21.927053 7.617051 18.179965 8.842975 13.063758 5.031731 8.878460 9.153395 13.876552 10.542460 1.357663 -4.329101 -7.494833 -8.689878 -5.013613 -3.970168 -9.390095 -14.753793 -18.143408 -17.532481 -15.095884 -26.094588 -30.240401 -25.545900 -20.698548 -13.315720 -8.058256 -8.678837 -18.935572 -21.917814 -31.520791 
-28.877405 -14.519514 10.541972 18.011932 7.148032 4.037068 15.011751 5.381957 13.997343 19.635501 7.801468 19.241469 7.784598 14.225975 5.315737 9.229352 9.840409 10.232818 13.703905 4.689783 -1.331351 -4.901965 -6.051938 -4.892840 -3.098085 -8.061837 -13.158501 -14.677144 -15.060377 -15.592716 -27.303809 -34.405766 -26.229941 -21.910199 -15.910987 -10.317118 -10.769442 -22.513973 -26.550192 -35.415698 
-21.922010 -7.625778 12.166767 16.877268 3.455027 7.812989 13.786139 2.803397 16.527824 14.819196 16.186060 19.339738 11.754579 13.502218 7.314830 7.069072 8.918338 12.792053 14.757279 8.437660 2.060734 -2.774166 -5.630669 -3.949491 -1.807462 -5.580927 -9.952845 -14.150907 -16.848284 -16.530420 -27.507508 -31.840175 -24.697719 -22.226943 -15.740082 -9.305673 -10.472859 -19.926166 -22.980076 -32.693922 
-20.691506 -3.713318 13.238159 14.419539 1.254017 11.191532 10.186815 4.748804 16.880278 9.213709 20.883756 15.664852 14.891714 7.212367 3.752610 3.881173 4.688634 10.422343 13.490362 10.404926 2.896645 -2.017122 -4.650217 -4.763830 -2.966348 -5.162639 -9.769321 -13.311025 -14.714345 -13.986643 -25.609665 -31.253198 -24.795120 -19.225541 -12.844766 -8.946930 -10.415220 -20.181003 -23.183223 -29.612625 
-12.981730 -0.778437 12.774223 9.883945 1.159792 13.728527 7.396341 10.250823 15.682306 13.542609 21.408864 13.275021 14.336948 6.656085 2.393982 3.689716 3.162494 5.613814 10.469491 11.760292 5.508566 -2.001873 -5.815495 -4.536833 -1.333958 -2.794664 -8.847973 -11.796485 -12.826911 -11.571983 -22.856509 -29.231537 -23.265077 -17.674161 -11.783044 -10.845823 -12.479334 -21.784898 -23.248223 -30.391574 
-23.544011 1.813010 13.464849 9.202543 6.643089 16.454825 8.908988 13.922386 11.491811 18.832110 16.941024 13.286013 8.965329 7.938130 1.209224 0.049876 -0.009335 2.366194 6.627891 9.805424 7.909592 -0.643839 -5.434787 -4.529885 -1.172516 -1.687105 -8.050816 -10.886796 -12.328396 -10.857419 -23.221415 -29.680144 -22.350851 -18.541917 -12.707921 -11.217860 -12.644223 -20.589274 -22.362300 -27.588473 
-12.466175 4.502507 14.531596 9.896348 12.266099 17.073138 9.274572 14.852146 10.056826 20.928723 15.204305 14.488167 7.747207 4.205094 -2.779673 -2.004124 -2.284683 0.161464 3.118479 7.047560 7.732078 0.175982 -5.350071 -4.564532 -0.814387 -3.290679 -8.099616 -13.632172 -13.808534 -12.936023 -24.241198 -29.566192 -20.303202 -17.297469 -13.348476 -12.094182 -14.713444 -22.708643 -23.088771 -27.024570 
-11.718481 6.452090 13.185429 7.896869 15.815633 14.936868 11.523228 12.649992 15.718174 18.315595 16.420964 12.107550 7.773268 2.344172 -2.152673 -2.438265 -3.316021 -1.642803 1.728268 3.953306 7.635185 1.341301 -4.725909 -5.718482 -2.440051 -2.145815 -8.225595 -11.635803 -12.274481 -11.419138 -23.374646 -28.158601 -20.496449 -17.640888 -15.482002 -12.960952 -13.775777 -20.924087 -22.441575 -28.262895 
-9.428341 6.872665 10.519135 7.459706 17.658065 12.138744 13.075110 10.691497 17.705668 14.806372 16.830796 9.478386 4.022591 1.378608 -6.345913 -5.872842 -5.817009 -4.413501 -1.647503 0.281215 5.103014 2.620937 -3.839475 -3.843995 -0.404673 0.641275 -7.486249 -11.419671 -13.393317 -14.953829 -25.227218 -28.155748 -19.889327 -17.306523 -14.364113 -11.549021 -13.328168 -22.425482 -23.901791 -29.915397 
-7.529640 7.693492 10.299779 9.607562 18.094507 11.612620 13.374313 11.843331 18.320578 16.029186 14.428973 8.691717 1.996215 -2.626294 -6.209096 -5.200174 -6.178909 -4.442799 -2.687411 -1.118891 3.706987 3.668924 -2.178321 -5.083045 0.276527 0.211879 -6.495315 -10.434542 -11.634106 -13.460133 -24.979796 -27.625122 -20.306747 -18.474700 -16.158312 -12.920585 -14.148297 -21.056884 -20.822164 -28.539309 
-7.606520 9.020109 10.412089 11.740817 17.785381 10.736057 12.540727 14.007617 17.107589 17.380203 12.603657 8.224198 1.693931 -4.047890 -6.531448 -7.368860 -7.289751 -6.175538 -4.444914 -3.106519 2.559373 2.395508 -3.743909 -5.673433 -0.558371 0.310797 -6.689628 -10.491124 -11.257737 -12.183247 -24.888056 -25.581557 -18.617671 -17.992027 -17.040130 -14.693755 -17.311774 -24.831149 -23.897146 -28.308542 
-5.712608 9.912059 10.468636 12.737767 17.366773 10.620910 11.382498 14.755771 15.537053 18.066941 11.984001 7.302229 1.293554 -5.115903 -9.325040 -7.822621 -7.632835 -6.956345 -4.090739 -2.348504 2.358868 1.083833 -5.506448 -6.547454 -1.500809 0.091054 -6.910361 -11.036639 -11.121588 -11.752980 -25.660545 -26.481982 -18.570909 -19.279528 -19.408494 -16.498558 -18.388879 -23.231328 -23.057746 -31.630364 
-3.453774 10.729398 10.063920 13.390774 15.467537 9.973541 8.799310 14.946180 15.300324 18.680098 12.450793 4.492901 -0.583207 -5.694419 -9.735840 -7.056774 -8.494103 -6.411753 -4.099280 -1.566241 4.288034 -0.040726 -6.504708 -7.381383 -1.585549 0.779281 -6.758578 -11.317942 -12.403755 -13.512048 -26.905361 -27.987056 -18.646105 -18.892704 -19.084049 -15.349329 -16.659649 -22.532252 -21.165134 -27.707841 
-2.682398 11.486264 10.445007 13.869355 14.036752 9.390383 9.641147 15.185107 15.879972 17.840161 12.634890 3.754784 -2.612444 -6.888252 -7.113511 -5.580484 -6.117193 -3.739608 -2.149520 0.047354 2.171578 -5.170296 -10.029314 -10.297386 -4.663256 -2.376571 -11.080973 -12.633379 -12.637496 -13.411330 -26.822976 -27.748787 -19.892295 -19.628969 -17.379973 -13.629380 -16.887209 -23.304498 -22.516187 -32.484339 
-2.535606 12.395182 11.434975 14.532823 14.658642 10.860702 11.375999 18.034949 15.679868 13.408746 10.230318 2.210319 -2.754680 -5.545804 -4.793872 -2.201652 -1.154658 -1.098517 -1.554247 -1.776114 -6.490475 -16.260202 -20.436903 -19.381059 -12.992582 -11.788725 -17.574498 -17.885464 -19.281328 -22.314727 -32.820065 -31.993927 -28.558921 -29.377066 -23.513714 -17.636343 -21.503842 -30.120559 -27.013245 -36.286312 
0.118083 12.964696 11.795603 15.186537 13.783217 12.451870 12.618474 16.462467 15.829696 11.442320 8.251458 1.817140 -2.181573 -0.500743 2.038433 3.864323 1.212271 -2.470159 -9.314479 -14.977186 -17.975963 -22.528183 -23.291757 -21.409579 -12.592887 -9.380856 -16.532478 -18.158728 -19.865714 -23.824213 -31.732803 -32.908896 -30.205265 -31.052535 -29.444859 -20.170922 -23.662114 -30.138510 -26.223879 -34.969855 
0.444447 12.632456 11.490808 14.621942 11.895961 12.414938 11.731912 12.724703 16.908465 12.667301 6.972830 1.535783 -2.842569 1.122762 5.346718 5.300496 -1.692153 -8.996620 -12.938525 -17.968590 -22.406822 -26.283163 -27.106837 -23.340119 -14.455560 -9.643248 -16.006220 -17.884605 -20.057503 -25.035680 -36.023712 -38.429464 -32.181064 -35.259046 -32.334627 -20.513770 -23.414033 -30.940490 -26.791848 -39.380596 
-0.179277 11.489989 10.308260 13.064301 10.178277 10.901436 10.485038 12.060608 16.047011 11.176644 5.868388 0.132624 -1.312892 2.041632 4.852599 1.210972 -8.465117 -12.546557 -17.184387 -23.047836 -26.454176 -30.673210 -31.206194 -27.563926 -19.838541 -10.814271 -14.678389 -15.769063 -18.337152 -25.961797 -35.579945 -36.292985 -30.259479 -34.354614 -34.233000 -24.619353 -26.378194 -28.637719 -28.215098 -40.748304 
-0.374908 9.355778 8.293440 11.861713 9.330470 9.938786 9.069582 9.523014 14.804701 10.609258 3.680293 -1.396045 0.710079 4.862332 0.985058 -4.296520 -12.073237 -17.843555 -23.495835 -26.876931 -29.369658 -31.263823 -31.018885 -29.452988 -25.389348 -15.520203 -16.026157 -16.444243 -19.524112 -26.003154 -36.234080 -38.294056 -32.700592 -37.966715 -37.971200 -29.325157 -30.976907 -28.970442 -28.447241 -41.568635 
-1.486309 6.572654 6.504981 10.741398 8.063047 8.800156 6.797223 10.945987 10.876122 9.778686 0.157353 -1.054592 3.332247 5.587631 -3.066343 -9.002327 -15.654960 -19.192120 -23.582409 -28.472631 -30.169151 -32.635954 -32.979664 -32.317410 -28.316465 -18.514441 -15.373707 -17.111177 -21.197802 -29.279870 -41.136072 -40.169442 -34.653414 -38.945115 -40.154141 -32.147939 -33.808278 -29.909453 -29.197216 -45.873368 
-0.604591 7.091321 7.922220 10.308769 8.284986 7.344438 5.448106 10.526510 9.440482 8.035336 1.291483 0.806029 2.316176 3.276387 -8.507325 -12.504139 -18.415706 -21.982853 -26.254398 -29.657924 -32.919688 -34.720434 -35.574678 -34.486393 -30.912558 -20.764354 -17.971417 -19.932135 -23.887605 -32.174756 -40.971671 -43.257289 -36.024433 -39.696324 -38.471806 -29.919702 -36.095966 -32.029425 -30.312317 -45.343759 
-1.051539 8.059959 7.123088 9.676003 5.997119 7.528579 5.729306 10.374511 10.812671 6.124950 -2.006504 -3.125160 3.394817 0.977779 -11.602937 -16.788683 -21.649066 -25.919379 -30.134747 -34.138006 -36.342040 -40.746788 -41.459936 -39.594526 -36.837700 -23.675138 -22.953984 -24.622048 -27.798195 -32.242466 -44.647790 -46.752770 -37.169975 -42.772897 -40.615184 -31.729876 -37.808450 -33.758761 -30.267675 -49.487582 
-1.605349 6.978514 6.364046 8.744274 4.890240 5.652496 2.483465 8.925482 6.037107 3.050892 -0.407687 1.535204 2.672725 -3.558565 -13.286131 -17.372121 -22.111619 -25.154062 -29.931014 -33.421872 -35.368469 -37.311671 -38.026945 -36.505940 -36.406340 -31.596410 -27.150906 -27.951187 -29.152958 -33.704214 -42.776788 -43.124437 -37.668688 -43.599453 -43.311364 -38.652563 -38.356852 -38.298361 -35.724562 -45.310473 
-1.337610 4.521002 4.379494 6.646484 4.804062 1.205715 -0.254772 7.517012 9.064634 4.939409 -0.081611 -0.128640 3.505486 -4.529491 -15.183068 -18.326695 -23.149294 -26.751359 -32.342965 -36.810334 -40.118262 -42.602965 -42.567741 -40.274079 -39.379502 -31.597654 -24.437064 -26.249670 -27.990145 -36.213378 -52.177415 -50.168902 -39.382184 -47.731735 -46.454369 -39.201713 -39.442198 -38.831032 -36.156283 -53.369123 
-2.505300 5.979780 4.731435 7.595861 1.869529 2.110675 -2.909898 0.932810 3.791257 -0.437265 -1.290269 -4.212480 -6.465178 -10.622692 -20.389493 -21.961591 -26.675924 -28.775569 -33.523853 -38.015813 -42.085826 -42.079306 -40.403081 -38.935870 -41.719145 -43.042870 -33.617857 -29.437555 -29.742813 -37.044325 -50.236861 -50.926285 -43.607264 -45.986053 -42.909063 -36.274207 -40.804335 -39.781127 -36.320696 -53.272193 
-1.176021 5.762885 4.065178 7.732140 5.849957 3.995193 -1.526347 5.746781 8.209929 5.132041 2.745593 1.532114 0.970180 -8.263627 -16.873408 -19.076103 -23.894119 -25.945868 -29.599320 -33.738222 -38.909862 -39.652607 -37.312020 -34.660904 -36.669960 -39.560759 -27.068843 -24.418318 -24.373058 -31.670171 -48.897085 -48.828987 -38.771452 -45.602849 -42.109402 -32.469277 -37.708276 -44.541879 -42.117728 -54.087046 
-4.259767 6.061447 3.741407 3.837107 -2.618807 -1.155224 -5.622744 -6.030849 -7.203776 -7.996339 -4.288961 -10.734910 -7.383476 -12.018250 -20.439412 -23.302563 -26.752830 -28.962796 -30.995547 -34.606186 -38.852325 -39.376830 -39.893245 -38.451961 -37.056159 -40.316883 -38.703370 -38.700068 -37.779546 -36.766030 -45.127431 -46.523053 -46.267833 -45.992911 -41.839499 -40.550735 -44.419846 -42.061286 -39.061881 -48.766749 
-2.065150 5.646307 4.186433 5.524874 4.309396 -1.121765 -5.732210 -1.082084 0.805523 0.600823 0.735454 -1.463804 -2.620080 -6.284320 -14.415262 -18.637875 -22.978852 -24.012220 -25.680517 -29.992925 -36.088515 -39.162772 -37.913190 -34.934590 -31.836932 -37.064388 -40.052620 -41.033682 -37.134479 -34.956552 -50.198720 -51.630937 -45.155447 -45.306316 -38.496548 -36.974133 -43.761268 -40.046405 -37.638619 -50.163362 
-8.394356 3.950425 -0.209992 -5.117765 -10.654423 -10.252343 -15.101384 -16.177251 -12.067455 -15.234086 -9.606007 -16.412027 -15.442641 -17.507016 -23.100069 -27.627099 -31.786976 -28.304971 -31.999163 -35.932409 -38.899971 -42.036121 -40.857159 -42.080971 -40.829284 -43.379492 -43.018724 -42.805948 -37.725291 -39.227232 -48.213752 -50.819306 -42.668574 -40.440230 -37.656117 -33.663163 -39.913306 -38.925853 -36.378203 -46.722804 
-2.859656 5.022219 3.034250 -0.528670 -2.708536 -6.479084 -14.705314 -13.487707 -11.307129 -9.204174 -7.930662 -8.542111 -11.397830 -14.091073 -19.839008 -23.257373 -26.943786 -25.562684 -25.541330 -25.610583 -33.022711 -36.298417 -41.532220 -37.165025 -35.514791 -38.935175 -39.306069 -41.305939 -33.603442 -34.903715 -44.892720 -49.608156 -43.557680 -42.088896 -37.180937 -35.382570 -42.781490 -43.699982 -43.544428 -48.010742 
-6.498251 -0.071997 -3.455539 -15.433637 -15.177216 -12.070549 -16.132413 -17.684614 -19.580283 -19.702470 -17.379510 -17.350009 -13.051911 -15.311423 -24.736897 -33.419194 -34.661702 -33.845539 -32.230972 -30.296712 -37.732960 -39.713911 -38.300484 -30.963281 -33.650535 -41.159975 -40.791373 -43.477913 -39.919562 -35.782194 -43.147378 -47.972569 -44.731981 -42.113518 -42.646179 -43.530118 -47.347794 -44.947819 -45.014276 -47.764254 
-17.228434 -15.626274 -15.991106 -19.143001 -21.640896 -21.450225 -22.311763 -25.739765 -26.805021 -28.644128 -34.849276 -42.202695 -36.683960 -34.199517 -38.897292 -40.496688 -42.419116 -42.543216 -43.158254 -43.075886 -45.540360 -48.596683 -48.347400 -44.684738 -47.260907 -52.552444 -52.562467 -56.284731 -50.318358 -48.000050 -54.286495 -58.868814 -58.122634 -56.250931 -58.164936 -58.146978 -60.431807 -56.213443 -56.093190 -61.078648 
-54.747041 -46.645311 -49.041461 -57.837346 -62.403554 -68.805766 -67.266653 -66.471126 -62.143553 -64.757848 -56.509313 -57.931698 -59.470543 -60.180526 -67.476126 -74.034146 -72.661198 -71.852130 -73.577619 -74.827876 -78.635742 -77.767481 -75.638469 -72.926684 -77.376726 -78.150956 -80.659035 -82.955923 -80.806290 -79.556114 -82.020969 -81.431028 -79.701962 -80.202226 -80.125671 -81.761240 -83.245785 -84.329819 -83.238110 -86.592630 
-57.400218 -51.325301 -52.992082 -62.691277 -70.075470 -72.023289 -73.883827 -68.050401 -64.300650 -63.022959 -63.109365 -66.392970 -65.603233 -67.494552 -69.501794 -74.244955 -81.071758 -73.884867 -69.802480 -74.685127 -73.254860 -76.474200 -77.844269 -77.658321 -76.798436 -78.717350 -75.016267 -80.301215 -83.119591 -83.497525 -79.769431 -83.091965 -83.719717 -88.185916 -86.691257 -84.262302 -83.805901 -85.175923 -86.952085 -85.840740 
-64.574261 -64.600202 -65.446747 -68.581410 -69.281487 -72.211841 -77.562774 -77.606142 -64.768333 -67.711736 -66.060579 -71.741492 -71.912568 -76.720477 -83.417600 -77.551117 -80.403795 -78.855861 -73.291818 -74.147143 -72.878454 -78.462607 -79.272805 -81.096749 -81.156046 -76.941394 -75.804817 -81.606086 -80.970157 -81.896937 -82.809108 -84.403601 -85.183341 -84.594202 -87.480352 -89.787165 -85.329290 -86.719521 -89.093130 -86.681108 
-67.509388 -69.420553 -67.759166 -70.295221 -76.255491 -83.979389 -75.893810 -76.320076 -70.788884 -70.551831 -74.160186 -74.749699 -73.485314 -77.655989 -82.567699 -83.480711 -79.442038 -79.922989 -84.626018 -79.308517 -81.581275 -84.875140 -80.961970 -83.093071 -85.781011 -83.850616 -84.291823 -84.253519 -83.436475 -83.118173 -82.797700 -83.227171 -83.390064 -83.976527 -85.935324 -87.356271 -89.189933 -91.556791 -92.530308 -91.451447 
-72.160052 -73.578830 -76.365677 -83.208018 -89.107446 -78.177011 -74.165209 -72.619516 -73.170362 -76.499217 -84.522582 -80.811253 -75.512277 -75.191492 -79.398938 -82.504061 -77.705504 -78.389906 -84.032717 -79.097133 -78.938619 -86.484544 -79.606938 -81.874616 -85.795116 -83.076054 -90.138868 -89.920089 -89.920875 -89.350512 -87.099573 -88.966847 -88.078988 -91.214431 -89.561368 -89.477075 -89.578695 -91.657224 -93.719859 -92.855655 
-105.488174 -105.489377 -105.491386 -105.494799 -105.499464 -105.506088 -105.514299 -105.525007 -105.539519 -105.557187 -105.579136 -105.606895 -105.640017 -105.680691 -105.729781 -105.787266 -105.856146 -105.935988 -106.028904 -106.135773 -106.259708 -106.404446 -106.570930 -106.767415 -106.999291 -107.271312 -107.590171 -107.961469 -108.398730 -108.916960 -109.537433 -110.279218 -111.171082 -112.268187 -113.655077 -115.445605 -117.826117 -121.070148 -124.390555 -124.232037 
NaN NaN NaN NaN NaN NaN NaN NaN NaN NaN NaN NaN NaN NaN NaN NaN NaN NaN NaN NaN NaN NaN NaN NaN NaN NaN NaN NaN NaN NaN NaN NaN NaN NaN NaN NaN NaN NaN NaN NaN 
-73.019588 -71.276505 -75.663595 -76.254741 -70.925738 -72.655735 -77.505372 -75.900210 -78.978714 -74.351942 -74.583439 -81.237867 -81.679010 -80.736811 -81.798141 -85.220909 -83.636392 -85.687737 -83.347310 -79.281676 -83.004926 -80.536207 -82.889437 -84.532970 -84.256951 -85.583143 -85.823979 -84.013975 -84.082096 -83.052627 -84.142931 -88.420068 -93.970241 -92.150731 -90.743100 -93.440932 -95.424082 -92.103905 -91.545969 -96.959213 
-65.105036 -63.571383 -65.155567 -66.140288 -63.618018 -66.568950 -70.003266 -70.222516 -72.051400 -69.762786 -70.888831 -78.867277 -78.497566 -77.575863 -74.452787 -77.276291 -79.930509 -75.056918 -75.756953 -72.539750 -72.933438 -75.694525 -77.468675 -85.748252 -83.257473 -80.600739 -82.432564 -83.025365 -83.025720 -82.269769 -81.571149 -84.680135 -90.200768 -87.330086 -83.900235 -83.019038 -86.301171 -87.665966 -90.001806 -95.111588 
-73.000552 -72.152452 -75.226268 -79.264421 -80.430165 -78.626294 -74.097900 -72.476202 -71.575017 -73.561822 -79.058576 -84.956148 -76.495450 -73.054489 -73.692470 -79.517722 -82.454035 -75.546476 -75.360705 -82.255706 -80.644405 -77.592951 -84.082812 -84.211028 -82.933884 -91.351702 -89.425196 -97.718116 -100.935080 -98.206409 -90.421848 -90.227629 -88.308634 -87.239861 -88.665438 -89.750300 -92.438414 -99.475617 -106.364932 -99.085226 
