NaN NaN NaN NaN NaN NaN NaN NaN NaN NaN NaN NaN NaN NaN NaN NaN NaN NaN NaN NaN NaN NaN NaN NaN NaN NaN NaN NaN NaN NaN NaN NaN NaN NaN NaN NaN NaN NaN NaN NaN 
NaN NaN NaN NaN NaN NaN NaN NaN NaN NaN NaN NaN NaN NaN NaN NaN NaN NaN NaN NaN NaN NaN NaN NaN NaN NaN NaN NaN NaN NaN NaN NaN NaN NaN NaN NaN NaN NaN NaN NaN 
NaN NaN NaN NaN NaN NaN NaN NaN NaN NaN NaN NaN NaN NaN NaN NaN NaN NaN NaN NaN NaN NaN NaN NaN NaN NaN NaN NaN NaN NaN NaN NaN NaN NaN NaN NaN NaN NaN NaN NaN 
NaN NaN NaN NaN NaN NaN NaN NaN NaN NaN NaN NaN NaN NaN NaN NaN NaN NaN NaN NaN NaN NaN NaN NaN NaN NaN NaN NaN NaN NaN NaN NaN NaN NaN NaN NaN NaN NaN NaN NaN 
NaN NaN NaN NaN NaN NaN NaN NaN NaN NaN NaN NaN NaN NaN NaN NaN NaN NaN NaN NaN NaN NaN NaN NaN NaN NaN NaN NaN NaN NaN NaN NaN NaN NaN NaN NaN NaN NaN NaN NaN 
NaN NaN NaN NaN NaN NaN NaN NaN NaN NaN NaN NaN NaN NaN NaN NaN NaN NaN NaN NaN NaN NaN NaN NaN NaN NaN NaN NaN NaN NaN NaN NaN NaN NaN NaN NaN NaN NaN NaN NaN 
NaN NaN NaN NaN NaN NaN NaN NaN NaN NaN NaN NaN NaN NaN NaN NaN NaN NaN NaN NaN NaN NaN NaN NaN NaN NaN NaN NaN NaN NaN NaN NaN NaN NaN NaN NaN NaN NaN NaN NaN 
NaN NaN NaN NaN NaN NaN NaN NaN NaN NaN NaN NaN NaN NaN NaN NaN NaN NaN NaN NaN NaN NaN NaN NaN NaN NaN NaN NaN NaN NaN NaN NaN NaN NaN NaN NaN NaN NaN NaN NaN 
NaN NaN NaN NaN NaN NaN NaN NaN NaN NaN NaN NaN NaN NaN NaN NaN NaN NaN NaN NaN NaN NaN NaN NaN NaN NaN NaN NaN NaN NaN NaN NaN NaN NaN NaN NaN NaN NaN NaN NaN 
-93.448831 -93.750911 -94.264610 -95.164286 -96.469208 -98.507971 -101.515300 -107.055446 -117.361580 -106.566639 -100.711643 -97.378124 -95.385529 -94.329231 -94.207516 -95.208633 -97.869124 -103.779119 -112.456882 -103.571690 -98.904552 -97.192491 -97.807984 -101.959752 -111.761044 -106.879427 -103.516468 -103.694445 -108.533830 -113.160090 -112.631596 -115.793713 -111.104186 -107.120103 -110.941628 -108.652902 -105.456599 -109.190381 -107.460915 -110.857647 
-18.178303 -17.460356 -18.975896 -21.868408 -25.621277 -27.039553 -28.296023 -26.880540 -28.758489 -31.586556 -32.624327 -39.931882 -39.330229 -38.704143 -40.087931 -35.898305 -40.856845 -39.017956 -41.445966 -34.732154 -30.157526 -26.438882 -34.208805 -42.304208 -39.758272 -40.272320 -37.163453 -41.788532 -44.798179 -49.251716 -42.751295 -44.319771 -46.249424 -46.343766 -44.074982 -45.846300 -45.818376 -48.074407 -50.620590 -53.889514 
-12.776391 -17.218338 -20.251192 -23.285517 -26.053704 -25.084048 -31.553116 -25.572686 -20.719662 -28.573741 -19.214406 -20.998046 -27.459025 -24.554417 -28.829140 -28.367022 -28.873062 -31.129016 -24.760658 -19.481099 -9.344266 -14.568703 -18.384965 -30.036564 -30.754227 -27.814032 -21.174031 -30.412806 -31.498741 -34.207424 -28.334687 -22.860448 -26.695868 -25.212841 -22.969007 -20.557436 -21.442420 -22.308585 -25.686351 -26.592458 
-17.422945 -24.796443 -27.817763 -26.156206 -25.774447 -24.978463 -23.039017 -17.290038 -15.312094 -26.815412 -15.722838 -23.606191 -20.395203 -18.367047 -23.820219 -22.740940 -24.916950 -27.041890 -26.495698 -15.060697 -6.603974 -16.557573 -14.260243 -24.614351 -24.322294 -25.574500 -21.807024 -24.526237 -27.538687 -23.752864 -19.246758 -16.947195 -17.718355 -17.185511 -13.704938 -10.818343 -13.702879 -9.112382 -11.728057 -14.689403 
-14.835336 -18.916968 -24.094590 -24.926912 -22.158634 -22.251965 -24.087953 -19.013185 -17.887312 -22.452584 -22.848335 -21.285877 -23.162655 -16.824114 -14.427830 -20.797058 -22.587491 -23.550429 -22.425193 -15.468510 -7.985388 -16.663512 -16.157264 -24.065156 -22.714963 -23.558420 -21.279594 -22.147807 -26.886914 -24.350008 -17.177535 -14.051105 -11.685144 -16.223959 -7.723219 -6.605269 -8.957317 -7.708726 -9.748645 -9.837563 
-13.690449 -13.865284 -22.343498 -28.839221 -22.232505 -20.347548 -24.885573 -22.896900 -16.352356 -20.237369 -25.230344 -17.925072 -23.013505 -18.766667 -16.114565 -23.269540 -26.132520 -18.717890 -21.653234 -24.201420 -14.731110 -16.547235 -19.384919 -18.650900 -18.511860 -22.221159 -14.879920 -18.363850 -20.139128 -20.737839 -14.719058 -13.286145 -8.408813 -12.426772 -5.357268 -8.029038 -6.269882 -4.998692 -1.941381 -3.599554 
-10.750198 -19.195385 -24.367602 -27.052644 -25.194703 -23.689535 -27.317180 -20.251177 -19.756185 -22.902315 -20.874986 -18.846289 -20.631379 -17.849861 -18.043015 -21.385685 -23.299305 -24.678301 -25.155559 -19.173680 -13.952187 -20.756246 -23.089533 -16.677236 -20.444236 -22.773233 -18.864824 -19.829855 -18.034092 -22.533964 -16.535941 -11.158472 -7.207009 -10.737586 -6.903977 -3.605436 -2.208335 -2.029807 -2.176918 -5.733345 
-11.298751 -13.536279 -24.332645 -26.086497 -24.085432 -24.063673 -22.217132 -21.676884 -25.061160 -26.825120 -24.160040 -17.355437 -15.186183 -17.487039 -22.663206 -24.295373 -25.545504 -25.580122 -32.607314 -22.672898 -15.361562 -15.020011 -16.646995 -26.651915 -28.590277 -25.945470 -24.036799 -19.562832 -21.409131 -19.916250 -19.759337 -14.977471 -8.661725 -10.309088 -7.686723 -6.895572 -1.854737 0.424258 1.873028 2.329280 
-14.155221 -15.638004 -25.968905 -29.605863 -28.997473 -23.788614 -27.028385 -21.263249 -26.182550 -32.961561 -29.887141 -27.949358 -22.670040 -19.953442 -19.952393 -20.292600 -24.681906 -21.143773 -29.600712 -21.877150 -20.100608 -23.835683 -21.336992 -25.303889 -20.425228 -23.652929 -24.682275 -23.408125 -25.147926 -23.569968 -24.461104 -17.068137 -13.373249 -11.753695 -7.643250 -5.155612 -4.701201 -3.327195 -0.232440 0.804835 
-15.618926 -21.839712 -28.603482 -27.404081 -25.647640 -26.290781 -24.553887 -23.259423 -33.654797 -26.373477 -25.412095 -25.641241 -25.515411 -16.985390 -16.374257 -20.014775 -21.428925 -28.921887 -27.807971 -22.127900 -26.601407 -23.656545 -17.074271 -22.450841 -23.057181 -26.562938 -25.173545 -21.333922 -28.150970 -23.918793 -23.166152 -13.524781 -9.762616 -11.247174 -8.252765 -3.814000 -2.162360 0.156636 4.298664 0.763557 
-15.507071 -16.267187 -26.609519 -32.177734 -35.885426 -24.419460 -21.455091 -22.162944 -28.118556 -25.023518 -23.661436 -30.772009 -24.374042 -19.394247 -20.598522 -25.070958 -24.848065 -26.125168 -24.624675 -21.552194 -24.075949 -25.910697 -24.102608 -24.838562 -27.944499 -28.320540 -23.835905 -20.875390 -24.549469 -25.633816 -23.999837 -16.558746 -10.746766 -12.885111 -10.080943 -4.923354 -2.098560 2.513538 5.530476 3.170732 
-12.569174 -19.823170 -34.788029 -37.758619 -37.869922 -30.379739 -22.315983 -22.457386 -29.903595 -27.624424 -26.677009 -27.193544 -25.978282 -26.409605 -27.425089 -23.422372 -22.560516 -25.024896 -27.449106 -24.245466 -26.481948 -28.188155 -28.843079 -22.335751 -23.036201 -25.833770 -23.700519 -20.848097 -24.167590 -24.485318 -22.548464 -18.458571 -13.331485 -15.346101 -12.749062 -11.210610 -3.577871 -1.714034 3.318370 2.926411 
-14.322954 -18.730676 -30.745032 -32.850494 -44.764287 -43.146334 -34.466364 -26.216617 -27.039619 -29.102915 -28.977850 -29.416607 -26.107953 -24.123086 -26.296819 -21.779286 -23.645145 -25.236183 -25.311686 -23.570443 -22.592043 -23.490394 -22.098598 -24.830524 -26.568782 -32.863874 -23.806565 -19.800966 -24.357146 -25.498868 -22.023306 -16.876952 -11.622032 -15.863596 -12.014501 -8.923803 -3.616152 -1.399421 4.374738 2.636344 
-16.141801 -23.739030 -34.373200 -33.896768 -29.776302 -29.189823 -25.597699 -22.453448 -25.704214 -25.275989 -26.528232 -24.534109 -22.630568 -25.272369 -24.068987 -19.154966 -25.562599 -25.678183 -31.010799 -19.453633 -17.607145 -18.069008 -20.670697 -20.759021 -22.020202 -25.605217 -23.055410 -18.649639 -20.605349 -21.493518 -22.574938 -19.397215 -9.969081 -12.204183 -10.745553 -9.892739 -1.674115 -2.828755 1.815628 1.883691 
-18.449561 -18.100554 -29.319234 -36.446911 -31.116826 -23.819692 -17.712576 -15.750766 -16.581400 -22.681629 -20.341684 -17.987361 -24.316271 -20.644868 -16.380545 -17.902096 -20.885026 -23.059682 -23.932216 -19.779760 -17.070471 -17.506414 -21.490748 -17.694156 -20.671028 -22.029074 -22.655384 -20.844215 -17.880216 -15.279269 -19.317288 -18.525837 -8.991929 -9.643175 -6.564925 -4.903212 -1.108521 -2.168680 2.081820 1.487975 
-12.403816 -24.039710 -24.864491 -27.736838 -26.484406 -29.066436 -19.084247 -17.280039 -17.136447 -21.152613 -24.543160 -24.410301 -16.569915 -12.080837 -11.585981 -16.071417 -22.675235 -24.378995 -19.924339 -14.207616 -12.702252 -17.186159 -18.686987 -17.465998 -20.816603 -25.519931 -18.249109 -15.840071 -20.236168 -20.267962 -18.768735 -11.060468 -7.886022 -11.996002 -8.041315 -2.714359 -0.168583 0.895451 -1.867060 0.771561 
-7.303672 -12.043238 -19.290084 -18.570490 -17.042379 -27.725239 -23.637531 -14.379966 -14.074713 -20.408036 -19.176344 -19.103658 -18.971195 -13.613470 -14.505944 -18.833644 -25.332514 -29.390866 -20.366559 -14.189577 -11.353734 -16.041398 -18.878538 -23.272060 -22.796622 -20.311931 -13.327308 -15.295673 -21.966378 -21.545949 -14.119010 -8.157796 -7.563349 -9.821109 -1.734473 -1.314532 -3.897170 0.130422 -4.267993 -6.672037 
-5.643633 -7.469223 -11.253451 -15.482546 -17.709194 -28.380099 -25.976695 -22.014330 -19.303140 -20.998775 -23.812920 -24.779542 -24.377706 -25.470951 -29.034859 -25.659203 -28.376755 -28.515379 -24.121852 -24.466598 -21.828556 -22.873457 -21.982057 -28.872774 -31.036082 -27.472985 -22.775846 -24.737161 -20.248755 -18.830526 -14.889661 -14.447733 -15.995261 -19.305612 -15.358984 -18.280935 -20.330931 -20.412470 -19.987017 -22.333193 
-10.098546 -11.487967 -17.277026 -15.608260 -15.668793 -27.430523 -28.660094 -30.829494 -25.106984 -32.732358 -31.234920 -27.715732 -28.901950 -30.599753 -27.718901 -32.989424 -38.503000 -39.188671 -31.998303 -31.253213 -25.535730 -29.504364 -29.429627 -35.038216 -37.968605 -35.747252 -37.338455 -36.494534 -34.979632 -30.376725 -31.504517 -33.400302 -35.701861 -31.567025 -30.776294 -33.957039 -33.014507 -33.028226 -32.738383 -36.568493 
-9.823354 -8.912664 -11.958330 -3.178694 5.324296 1.581597 -5.721344 -17.058154 -20.393759 -23.327863 -20.952280 -23.291575 -23.243709 -26.559932 -26.112993 -29.073773 -31.371433 -29.289895 -29.545630 -33.869353 -30.479078 -27.682794 -30.254835 -34.635632 -33.778567 -35.669125 -36.174465 -36.626536 -36.699461 -36.447484 -38.586907 -39.079773 -39.139711 -39.833723 -40.288185 -40.956524 -40.520850 -39.336475 -40.716969 -41.171550 
-16.005958 -12.637780 -9.263014 13.387380 22.212741 18.238219 5.752481 -7.674826 1.030628 -7.837925 -18.159690 -16.973221 -19.386078 -20.403220 -16.527037 -25.012083 -14.677845 -20.700786 -20.786932 -22.002923 -25.018544 -22.258437 -21.162295 -27.052995 -31.871005 -32.711549 -33.622881 -34.583337 -36.174194 -34.093518 -34.835420 -35.603143 -37.249706 -38.148247 -38.423148 -38.761533 -39.048509 -38.642953 -39.123265 -39.020357 
-15.405589 -14.469684 -16.563178 17.733640 26.979578 16.753943 -7.302263 0.948686 9.212702 -4.885860 -14.942602 -5.895965 -16.719138 -8.759956 -7.314755 -13.168917 -6.645681 -20.955967 -20.424378 -18.741221 -19.572225 -16.228555 -19.289796 -24.217681 -28.357943 -26.380026 -29.940804 -33.235929 -32.470299 -28.043775 -30.055870 -32.734481 -35.845387 -36.766326 -36.900033 -37.543417 -37.837374 -37.444085 -38.076146 -36.854171 
-5.892997 -11.100476 -13.235573 18.558802 27.913640 17.278255 -7.619502 3.164154 11.205693 -7.513246 -13.639916 -3.134879 -20.972096 -4.003354 -6.761411 -8.836182 -2.687904 -21.399415 -19.201263 -17.540294 -18.540440 -14.582274 -20.481482 -24.802701 -27.479100 -24.126567 -29.352316 -38.335624 -36.051299 -24.385598 -26.727843 -28.242633 -41.159204 -44.449890 -41.693836 -44.590074 -47.051064 -44.155104 -47.357868 -40.763678 
-7.377654 -14.561685 -4.993734 17.793281 27.537911 19.208108 0.802413 3.710784 11.349453 7.509499 4.307091 9.722211 0.103045 5.644281 3.004817 -1.779745 2.515235 -14.711024 -15.247716 -14.651739 -16.431325 -13.895760 -18.724651 -24.976218 -26.678989 -27.137745 -19.664544 -16.600831 -22.341041 -22.984929 -22.019710 -27.316753 -35.730556 -35.187412 -35.091086 -38.174002 -42.852300 -42.155691 -40.789639 -38.666958 
-7.338127 -14.237912 -9.620840 13.642604 25.327939 16.608706 -5.578970 6.491723 16.168356 6.416718 6.669616 18.693920 5.670565 13.254559 13.586423 5.675140 10.956430 -8.038460 -12.083138 -11.957709 -14.370527 -11.620885 -22.419268 -25.872072 -25.661671 -23.504644 -15.729857 -8.125319 -9.379933 -16.213871 -12.719897 -17.932197 -28.591561 -28.558320 -25.777232 -30.412797 -34.920490 -36.417482 -33.840018 -32.787895 
-12.405722 -15.437465 -13.692569 15.696490 24.596357 12.799151 -13.481378 7.811867 14.275608 -8.328809 8.451243 18.764079 0.362663 16.369866 15.326831 10.233913 14.568763 -4.540023 -7.117785 -9.482281 -13.003845 -9.525239 -20.562210 -24.071350 -25.057819 -25.428544 -18.504706 -8.774310 -7.015838 -11.827935 -12.322215 -12.935693 -21.741602 -25.809015 -22.348405 -26.821840 -37.226364 -39.439819 -36.285741 -32.182104 
-14.988201 -22.354955 -18.333205 17.442422 24.837845 11.999270 -12.965334 8.418627 13.314783 -7.579252 11.007843 17.811726 -5.094293 16.906965 10.755224 12.179843 14.591134 -3.932629 -4.664080 -7.568973 -12.695390 -10.777445 -19.344140 -24.428762 -25.173561 -25.991785 -19.998220 -11.913392 -5.190257 -11.875348 -11.865932 -14.237350 -20.010150 -22.595524 -25.389432 -28.413776 -38.146950 -41.487519 -39.691370 -32.961069 
-19.781736 -22.935296 -18.267749 17.859520 24.841009 11.476734 -14.916824 8.568190 11.880384 -11.523809 12.653059 17.174484 -8.613940 15.958586 8.082492 12.595816 12.691976 -1.752979 -5.557969 -7.370714 -13.727774 -10.940687 -19.147700 -23.949796 -26.770087 -27.124243 -22.781685 -13.842255 -4.836529 -7.763525 -8.989786 -13.082842 -19.901944 -23.835437 -26.202741 -31.996063 -39.049180 -40.489657 -38.047735 -31.992593 
-23.468562 -20.224789 -21.453741 18.412966 24.616322 10.451145 -15.634307 8.871940 10.286498 -12.046040 14.188018 16.634984 -3.984525 15.798025 5.254639 13.867716 10.400021 1.028717 -6.068449 -6.389389 -10.432607 -10.606260 -16.083239 -20.816843 -22.549863 -22.884918 -20.658946 -13.812038 -7.035835 -7.042778 -8.389014 -10.111600 -18.020004 -24.248795 -24.143893 -27.897006 -31.805512 -32.835478 -32.593819 -27.040692 
-16.528069 -22.144791 -20.105259 19.090026 24.362228 9.128026 -13.942991 9.470293 8.379506 -13.128728 16.279074 15.646657 -0.732107 15.774661 2.702312 13.488323 6.121236 3.822333 -4.715993 -5.144781 -9.224735 -11.568839 -16.269703 -22.540001 -25.193025 -26.063101 -21.764612 -15.474785 -7.801350 -7.499774 -7.781841 -11.358613 -16.767528 -23.960796 -22.307607 -25.830505 -34.857290 -46.372364 -39.146523 -30.013900 
-20.189048 -17.612225 -13.632614 19.887775 24.158965 7.977155 -9.787087 9.985294 6.252900 -7.560358 17.937053 13.918060 4.933044 15.408630 0.830316 13.020319 3.912710 7.985109 -3.394163 -4.538959 -7.450458 -11.557593 -13.916890 -21.323132 -23.458098 -24.294290 -21.226905 -15.815873 -6.356275 -7.198167 -7.767042 -11.539011 -17.627900 -23.714779 -25.965069 -25.868336 -34.521285 -40.260740 -37.753134 -29.268379 
-15.070892 -19.119223 -7.169726 21.108613 23.802142 5.914592 -8.067939 10.664352 3.794558 -2.352986 19.124275 10.331144 9.379020 14.332720 3.525916 11.487354 2.944027 10.026233 -0.610042 -4.143090 -4.750533 -9.942113 -13.512622 -19.072042 -22.439224 -22.476303 -20.297256 -13.301712 -4.909076 -5.830676 -7.368042 -9.007184 -14.387441 -20.670164 -24.667601 -27.055276 -34.841560 -39.331693 -37.317452 -30.573397 
-15.485946 -16.102227 -2.907463 22.162959 23.085364 3.453932 -2.039448 10.966746 0.249424 5.669264 19.041482 4.674632 12.234090 11.023375 6.349690 8.306246 6.514025 8.027100 4.237956 -1.975079 -2.010600 -5.933441 -12.542054 -17.608137 -18.838116 -20.913351 -17.162638 -9.403502 -3.622450 -4.477909 -5.012804 -7.980724 -15.591794 -20.138628 -21.219437 -23.521033 -31.368150 -37.101753 -38.549494 -31.783092 
-9.960445 -14.939933 3.317566 22.711906 21.462340 -0.326068 1.384239 9.635570 -6.573709 11.472696 17.782953 0.706664 12.214352 5.263193 10.332699 3.817849 9.726462 3.804988 8.959626 2.131100 -2.556670 -4.305032 -13.416291 -15.255202 -17.797574 -19.362204 -15.579229 -8.067065 -0.347707 -5.313375 -7.902388 -9.603156 -14.108946 -18.367884 -23.252642 -23.242151 -31.066145 -33.743896 -32.390122 -27.579773 
-21.046250 -18.659267 7.383685 22.345846 18.421169 -5.520833 4.630188 7.433187 -6.696893 14.711211 14.706151 3.138502 10.266526 2.208085 11.059846 2.646364 7.520260 3.810907 5.693637 4.592872 2.459953 -3.987264 -12.098348 -12.565506 -17.625993 -17.773832 -14.966101 -7.383350 -3.319877 -7.662896 -10.409273 -7.091099 -9.327159 -15.557079 -18.348778 -20.648813 -32.456583 -37.154548 -35.043794 -26.475423 
-18.104756 -14.871029 10.591067 21.981105 14.347857 -9.548781 7.831251 6.280121 -3.224824 16.050672 9.126399 7.348505 7.282628 7.459893 10.258497 3.712483 1.483370 1.847706 0.353267 3.552660 4.805344 -0.884960 -6.861699 -10.501442 -14.580286 -16.513502 -13.515494 -8.130395 -4.473537 -8.356670 -11.346903 -10.613703 -11.656749 -16.184865 -16.420267 -20.955224 -34.375277 -37.627539 -31.946683 -25.291359 
-16.566977 -13.919075 13.680503 22.580158 13.009785 -3.141910 9.853920 3.153693 4.829212 14.553267 3.277668 12.240369 4.718923 11.219301 6.222468 3.255881 -4.178098 -3.807574 -1.798576 1.412288 5.781565 4.297700 -2.301600 -6.299969 -10.793317 -13.553853 -11.958110 -8.865006 -8.956855 -11.906942 -11.367250 -7.006206 -8.892902 -14.713288 -14.871757 -19.975238 -36.184090 -39.252778 -30.807679 -23.594808 
-15.819692 -8.448776 16.308309 23.112769 11.977706 2.128819 10.634417 -0.848504 8.821650 10.513685 4.442156 12.605910 5.181014 10.185146 -0.084811 0.510707 -5.841424 -7.313150 -3.466426 -1.335497 2.899707 4.764923 1.383342 -4.369573 -10.082234 -12.663077 -9.358216 -6.609243 -11.642025 -14.745495 -14.763589 -8.728415 -12.348341 -15.786897 -13.385397 -20.125936 -32.346667 -35.471174 -25.989471 -24.276323 
-14.214537 -2.042232 18.550725 22.636608 8.473164 6.979750 11.433221 -1.114288 11.116185 6.741095 9.394713 9.667589 5.736308 5.696803 -0.581819 -5.098226 -6.065966 -8.885172 -8.350644 -5.914397 -1.319967 1.039200 4.174211 -0.878279 -8.858848 -9.821183 -5.867531 -4.724179 -10.739362 -14.811099 -13.667461 -9.048318 -11.501842 -16.498790 -17.042736 -19.357019 -31.610837 -34.490270 -23.660412 -23.825704 
-16.441967 2.059453 19.759527 21.209265 5.658365 11.268596 10.986281 1.731990 11.827516 1.515635 13.533679 7.751027 5.692617 2.287625 0.923902 -5.078839 -8.985125 -10.293394 -9.879709 -6.154260 -4.877234 -2.475379 3.834370 1.900837 -5.627131 -8.789470 -4.174690 -5.640475 -11.787714 -14.505049 -16.415867 -14.641623 -11.831430 -12.290557 -11.914621 -18.950876 -37.055493 -35.728200 -27.043389 -27.679934 
-17.952502 6.592773 20.019112 18.449830 4.778739 12.827043 7.741307 6.228847 9.604422 6.462877 12.247651 3.944460 2.053531 0.320890 -1.151990 -4.341271 -8.984955 -10.722420 -9.884474 -7.748572 -7.657803 -5.988123 3.120524 2.361404 -2.793251 -5.851992 -2.269976 -5.296932 -13.083978 -15.384296 -15.899842 -12.188651 -11.648337 -13.604562 -11.798314 -17.723253 -31.353061 -31.404693 -26.776230 -27.840835 
-8.552256 10.305564 18.172256 13.061388 5.639297 10.807709 8.460143 8.225353 8.103457 10.064262 7.751222 3.313494 -0.096636 -0.155058 -4.031444 -10.126269 -14.667207 -16.042579 -15.306845 -15.451157 -15.112857 -11.297522 -0.886477 1.890148 -4.965990 -9.520882 -6.251939 -9.245178 -13.647807 -18.998421 -18.850088 -11.498190 -9.734321 -17.001437 -14.914128 -18.956224 -36.201892 -36.499241 -31.288179 -29.841230 
-6.419619 11.351199 19.341859 14.896416 14.230808 14.871348 7.338144 8.316144 6.251729 12.316210 7.893064 5.837235 2.548258 0.948008 -2.426637 -9.151538 -12.311504 -13.860647 -12.189432 -11.364238 -9.678360 -5.451667 2.688127 1.776368 -3.407369 -5.888773 -4.458948 -9.304793 -13.455463 -20.092741 -18.690345 -8.511303 -5.318782 -12.224888 -13.721749 -20.020892 -32.958560 -33.695531 -30.045999 -29.622929 
-10.786207 10.122617 19.380368 12.539458 13.247890 16.680952 5.588306 10.622507 4.298546 13.331868 8.836372 10.376595 4.915437 2.529671 0.756009 -6.773367 -10.094814 -10.514189 -9.407337 -6.581158 -3.962358 0.622618 3.793594 0.950051 -2.499002 -4.231139 -3.249079 -7.918372 -15.765604 -19.983892 -17.728415 -6.923814 -4.533901 -11.903846 -12.245966 -17.569234 -32.792416 -41.818393 -31.757521 -30.648337 
-11.059608 10.608031 18.513120 10.921880 14.548987 15.601697 6.174433 9.367206 6.037068 10.763623 11.191485 11.353111 8.620883 4.781161 3.092919 -1.300352 -3.968141 -4.150992 -4.645054 -0.468907 2.917850 1.619230 -0.478925 -4.086167 -9.570733 -10.050985 -6.414271 -8.468308 -13.271031 -16.675272 -19.428283 -13.565072 -15.919371 -16.616648 -13.115051 -18.372831 -36.193778 -41.686496 -32.931473 -32.099881 
-7.744162 11.179425 17.294387 8.637179 16.318088 13.712242 6.932268 5.854068 7.985259 7.053978 14.719440 10.219640 8.995808 7.539812 3.292144 0.051531 -0.581124 -0.829346 1.929059 4.384313 2.645677 -2.773182 -7.650170 -10.510590 -13.609875 -12.603189 -7.337332 -8.891925 -16.056440 -19.815845 -19.846707 -13.716948 -15.098848 -19.439418 -17.102832 -20.950174 -38.388460 -42.498351 -39.535557 -32.910281 
-7.252700 10.880964 15.964294 8.771528 16.970427 12.349448 7.592398 5.355103 8.780422 7.431441 14.042358 9.954116 9.470140 10.704161 6.109974 3.752916 2.422842 4.208226 5.579453 2.343607 -3.511240 -8.957274 -12.466774 -15.632454 -18.160783 -19.608236 -10.748006 -8.170490 -12.498743 -18.163224 -16.736583 -11.882231 -17.885905 -21.747264 -19.674884 -24.398203 -38.750398 -42.882339 -39.771368 -34.614675 
-7.303773 10.278570 14.310320 9.473165 16.765353 9.980053 7.767609 3.359232 8.621590 9.030741 13.094934 11.459905 10.922073 10.677886 7.190394 5.939166 7.105622 6.093687 1.081137 -4.083046 -8.646261 -12.295875 -16.992422 -19.433665 -22.266951 -23.342908 -15.616330 -7.600238 -10.280774 -16.776461 -14.276002 -11.065019 -16.794352 -21.810220 -21.757492 -27.265281 -39.862325 -46.084652 -42.769313 -34.540069 
-7.978140 9.018399 11.393953 7.704089 16.200575 8.269570 8.216164 3.321798 8.771303 10.388277 11.842086 12.092955 10.611845 9.791111 8.511301 8.078149 8.739748 2.075673 -6.157426 -9.658947 -13.132038 -17.679220 -20.737871 -24.017798 -26.918367 -27.271566 -21.866347 -10.629003 -10.779889 -17.443710 -15.748600 -15.153386 -20.702966 -25.498875 -24.775738 -23.762122 -34.309664 -37.936454 -36.659660 -31.905990 
-7.170085 9.070984 11.107961 8.355526 15.481488 7.407794 8.549316 4.393786 8.514799 11.659956 10.548517 11.597987 10.135993 9.683411 9.944632 9.104169 5.863938 -5.751600 -11.225749 -13.527071 -17.859483 -20.125172 -22.512327 -26.421610 -28.748667 -30.113966 -26.188164 -16.252811 -11.719513 -17.406138 -14.526059 -15.745418 -23.394417 -29.558213 -28.273605 -31.552389 -37.555821 -44.223081 -39.524052 -33.803084 
-6.564185 9.762525 12.090930 9.870719 15.034489 7.002770 8.137984 5.174476 7.971909 11.848447 8.895291 9.069751 8.374527 9.469471 9.574406 6.647669 0.325057 -9.988383 -16.794196 -19.193398 -20.749241 -22.612251 -25.349342 -29.431591 -32.407184 -36.011243 -30.178819 -20.548428 -14.200777 -20.517565 -16.726756 -19.084076 -26.853731 -31.329764 -28.004247 -30.435270 -39.509210 -48.305227 -42.323053 -30.212486 
-7.722093 9.768828 11.477249 10.345032 15.072133 7.118957 7.603694 5.851248 7.660409 11.715429 9.227114 8.399082 6.643386 8.896244 9.021535 2.899294 -6.549145 -14.051360 -18.985405 -23.731068 -26.059180 -28.305514 -28.542910 -34.167979 -38.789300 -43.044886 -34.780043 -25.349932 -19.050670 -25.156406 -23.826147 -27.555753 -36.679646 -38.186858 -31.516446 -31.184730 -38.270933 -49.430949 -44.633966 -37.664191 
-7.471192 9.064588 9.588358 10.337201 14.521699 6.999703 6.899098 6.158904 6.086253 10.150498 8.508645 7.115332 6.611797 8.468477 7.031524 -0.054874 -8.420270 -17.558403 -24.008593 -24.495539 -26.397763 -26.930605 -29.477925 -36.899346 -42.013233 -43.725598 -39.207162 -29.881890 -21.850383 -28.017747 -25.966228 -26.019699 -34.912640 -36.429121 -32.287776 -32.461591 -41.408350 -48.673615 -48.186856 -37.418884 
-7.111727 8.822584 9.415685 9.867475 13.460659 5.786221 5.750821 5.680167 4.986059 7.570476 5.946524 4.183406 1.070012 5.294583 2.362518 -5.986789 -14.457437 -22.388794 -26.767776 -28.500187 -31.810481 -31.246812 -35.224285 -41.618493 -42.900395 -45.973090 -43.621419 -31.596703 -23.290747 -27.016683 -30.457570 -28.355791 -34.856272 -31.707534 -29.282077 -33.604724 -41.067323 -49.030241 -48.637242 -35.429792 
-6.203088 8.659412 9.703374 9.191614 12.945772 4.580619 4.839057 4.343634 4.069005 5.712293 4.045155 2.156265 -0.048640 3.725902 -1.658161 -10.462505 -18.411561 -26.290636 -33.039427 -31.949423 -33.545937 -33.053429 -33.524514 -41.522457 -48.231997 -47.514511 -45.624489 -33.082302 -22.905827 -28.892129 -31.066885 -28.464454 -33.087743 -34.716355 -31.040777 -32.525229 -43.890170 -50.612778 -44.706656 -38.447960 
-6.324841 8.359321 8.930051 8.424673 12.139044 3.770437 3.223397 2.677852 2.218096 2.312751 -0.200952 -0.450179 -1.071841 1.719049 -1.855574 -9.808445 -21.474072 -30.933210 -35.651791 -37.758447 -39.387385 -36.200975 -37.509804 -46.921230 -51.310758 -50.855477 -45.410804 -37.722869 -34.029865 -35.986222 -38.089983 -33.005551 -36.462022 -36.892392 -31.781468 -34.202804 -41.859019 -51.614915 -44.476035 -37.393653 
-6.150261 7.904141 8.637498 7.835828 11.533913 2.341552 0.860447 0.382222 -0.789359 -1.503352 -2.818876 -3.955370 -3.556396 -0.647947 -7.160915 -15.700794 -24.894218 -33.106841 -36.175474 -38.288134 -37.737461 -36.756754 -38.697043 -49.217687 -51.403333 -55.238319 -49.456900 -38.250827 -30.169090 -33.284252 -32.771248 -26.129159 -33.746734 -39.661469 -36.011398 -32.691642 -43.784197 -50.695613 -47.877748 -41.952040 
-6.893376 7.225185 8.803654 6.548296 10.553925 -0.109894 -1.733489 -3.338080 -3.057274 -6.289167 -5.006133 -6.043686 -4.776537 -2.323045 -11.043840 -21.923168 -30.296631 -38.628070 -40.365398 -38.757175 -39.329329 -39.727509 -43.146984 -48.601974 -50.540616 -51.500938 -49.062152 -42.236965 -35.864345 -41.348333 -38.166850 -35.296890 -41.955266 -43.109636 -36.523523 -36.100943 -44.786745 -50.544262 -48.544978 -41.349083 
-7.481128 6.962132 8.525831 4.413749 8.569040 -1.862144 -4.482042 -7.564007 -6.948597 -13.013519 -10.992506 -10.790350 -7.353416 -7.628061 -10.887534 -19.437703 -27.016892 -37.559156 -36.921779 -39.332992 -39.587737 -40.972610 -42.164849 -43.400295 -43.967418 -44.591792 -44.931788 -42.667757 -39.372464 -40.327369 -33.756578 -34.495857 -42.908518 -42.739164 -34.544844 -35.054942 -44.230315 -49.234368 -47.578552 -44.692161 
-9.845277 6.157992 8.271993 2.700729 6.394658 -3.259886 -7.843184 -14.584134 -12.568352 -21.046212 -18.097406 -11.926993 -9.817833 -13.495907 -17.391597 -21.237014 -31.193838 -36.293952 -42.881176 -44.810647 -45.406418 -42.364911 -47.237731 -49.664131 -49.669802 -49.790968 -49.771156 -44.210799 -40.672376 -41.466006 -36.706785 -41.493305 -46.438670 -49.229950 -42.002293 -39.684492 -48.338136 -56.322102 -53.384736 -50.532744 
-11.179204 4.212918 6.998075 -2.956146 1.554024 -6.172510 -15.923056 -21.725936 -20.202189 -22.299605 -15.129800 -16.091441 -15.779979 -16.875082 -18.424760 -22.823912 -32.993878 -42.399566 -43.527685 -43.493160 -47.459186 -44.848007 -43.033196 -50.212000 -57.063506 -60.501168 -58.030249 -49.398723 -43.510997 -46.714352 -41.571933 -41.607332 -52.008037 -50.979583 -47.840361 -45.381495 -52.134585 -57.279605 -58.963514 -56.211734 
-12.722160 1.373995 3.966578 -1.274905 -6.278666 -13.195173 -19.467210 -21.653622 -21.918864 -27.180136 -22.156782 -25.010055 -16.743120 -14.692362 -20.720384 -24.325118 -32.096762 -38.120488 -41.948898 -42.201702 -45.879528 -45.253410 -43.871171 -49.550900 -51.650424 -52.496308 -53.023643 -50.519378 -47.470183 -47.106864 -44.060623 -48.479581 -54.613593 -53.880093 -50.874069 -50.724922 -55.204862 -55.169427 -55.268274 -54.674437 
-12.047811 -8.566192 -10.283670 -18.116542 -16.492248 -20.068071 -25.339651 -30.976870 -29.466194 -31.900637 -35.512653 -30.939507 -26.787900 -22.100093 -21.810048 -24.040210 -33.439962 -37.293739 -43.299975 -44.455911 -44.039515 -50.326236 -48.584739 -51.505384 -53.024753 -53.502211 -54.372545 -53.685253 -54.213983 -54.755485 -52.724341 -53.761986 -55.879316 -56.962324 -56.779840 -55.930598 -57.919347 -58.293414 -58.797922 -58.670381 
-64.516730 -59.837525 -57.007030 -54.977718 -53.605263 -52.456372 -51.407045 -50.357528 -49.424115 -48.842140 -48.549416 -48.405421 -48.373347 -48.613477 -49.279500 -50.323705 -51.704689 -53.424636 -55.618411 -58.541421 -61.940732 -65.531727 -67.083275 -66.410009 -65.743563 -66.160339 -67.247287 -68.067221 -68.764619 -70.036937 -71.050044 -71.016457 -71.384987 -71.193223 -70.767438 -70.759425 -71.837354 -72.885877 -72.501737 -72.622981 
NaN NaN NaN NaN NaN NaN NaN NaN NaN NaN NaN NaN NaN NaN NaN NaN NaN NaN NaN NaN NaN NaN NaN NaN NaN NaN NaN NaN NaN NaN NaN NaN NaN NaN NaN NaN NaN NaN NaN NaN 
NaN NaN NaN NaN NaN NaN NaN NaN NaN NaN NaN NaN NaN NaN NaN NaN NaN NaN NaN NaN NaN NaN NaN NaN NaN NaN NaN NaN NaN NaN NaN NaN NaN NaN NaN NaN NaN NaN NaN NaN 
NaN NaN NaN NaN NaN NaN NaN NaN NaN NaN NaN NaN NaN NaN NaN NaN NaN NaN NaN NaN NaN NaN NaN NaN NaN NaN NaN NaN NaN NaN NaN NaN NaN NaN NaN NaN NaN NaN NaN NaN 
NaN NaN NaN NaN NaN NaN NaN NaN NaN NaN NaN NaN NaN NaN NaN NaN NaN NaN NaN NaN NaN NaN NaN NaN NaN NaN NaN NaN NaN NaN NaN NaN NaN NaN NaN NaN NaN NaN NaN NaN 
NaN NaN NaN NaN NaN NaN NaN NaN NaN NaN NaN NaN NaN NaN NaN NaN NaN NaN NaN NaN NaN NaN NaN NaN NaN NaN NaN NaN NaN NaN NaN NaN NaN NaN NaN NaN NaN NaN NaN NaN 
NaN NaN NaN NaN NaN NaN NaN NaN NaN NaN NaN NaN NaN NaN NaN NaN NaN NaN NaN NaN NaN NaN NaN NaN NaN NaN NaN NaN NaN NaN NaN NaN NaN NaN NaN NaN NaN NaN NaN NaN 
NaN NaN NaN NaN NaN NaN NaN NaN NaN NaN NaN NaN NaN NaN NaN NaN NaN NaN NaN NaN NaN NaN NaN NaN NaN NaN NaN NaN NaN NaN NaN NaN NaN NaN NaN NaN NaN NaN NaN NaN 
NaN NaN NaN NaN NaN NaN NaN NaN NaN NaN NaN NaN NaN NaN NaN NaN NaN NaN NaN NaN NaN NaN NaN NaN NaN NaN NaN NaN NaN NaN NaN NaN NaN NaN NaN NaN NaN NaN NaN NaN 
NaN NaN NaN NaN NaN NaN NaN NaN NaN NaN NaN NaN NaN NaN NaN NaN NaN NaN NaN NaN NaN NaN NaN NaN NaN NaN NaN NaN NaN NaN NaN NaN NaN NaN NaN NaN NaN NaN NaN NaN 
NaN NaN NaN NaN NaN NaN NaN NaN NaN NaN NaN NaN NaN NaN NaN NaN NaN NaN NaN NaN NaN NaN NaN NaN NaN NaN NaN NaN NaN NaN NaN NaN NaN NaN NaN NaN NaN NaN NaN NaN 
NaN NaN NaN NaN NaN NaN NaN NaN NaN NaN NaN NaN NaN NaN NaN NaN NaN NaN NaN NaN NaN NaN NaN NaN NaN NaN NaN NaN NaN NaN NaN NaN NaN NaN NaN NaN NaN NaN NaN NaN 
NaN NaN NaN NaN NaN NaN NaN NaN NaN NaN NaN NaN NaN NaN NaN NaN NaN NaN NaN NaN NaN NaN NaN NaN NaN NaN NaN NaN NaN NaN NaN NaN NaN NaN NaN NaN NaN NaN NaN NaN 
