NaN NaN NaN NaN NaN NaN NaN NaN NaN NaN NaN NaN NaN NaN NaN NaN NaN NaN NaN NaN NaN NaN NaN NaN NaN NaN NaN NaN NaN NaN NaN NaN NaN NaN NaN NaN NaN NaN NaN NaN 
NaN NaN NaN NaN NaN NaN NaN NaN NaN NaN NaN NaN NaN NaN NaN NaN NaN NaN NaN NaN NaN NaN NaN NaN NaN NaN NaN NaN NaN NaN NaN NaN NaN NaN NaN NaN NaN NaN NaN NaN 
NaN NaN NaN NaN NaN NaN NaN NaN NaN NaN NaN NaN NaN NaN NaN NaN NaN NaN NaN NaN NaN NaN NaN NaN NaN NaN NaN NaN NaN NaN NaN NaN NaN NaN NaN NaN NaN NaN NaN NaN 
NaN NaN NaN NaN NaN NaN NaN NaN NaN NaN NaN NaN NaN NaN NaN NaN NaN NaN NaN NaN NaN NaN NaN NaN NaN NaN NaN NaN NaN NaN NaN NaN NaN NaN NaN NaN NaN NaN NaN NaN 
NaN NaN NaN NaN NaN NaN NaN NaN NaN NaN NaN NaN NaN NaN NaN NaN NaN NaN NaN NaN NaN NaN NaN NaN NaN NaN NaN NaN NaN NaN NaN NaN NaN NaN NaN NaN NaN NaN NaN NaN 
NaN NaN NaN NaN NaN NaN NaN NaN NaN NaN NaN NaN NaN NaN NaN NaN NaN NaN NaN NaN NaN NaN NaN NaN NaN NaN NaN NaN NaN NaN NaN NaN NaN NaN NaN NaN NaN NaN NaN NaN 
NaN NaN NaN NaN NaN NaN NaN NaN NaN NaN NaN NaN NaN NaN NaN NaN NaN NaN NaN NaN NaN NaN NaN NaN NaN NaN NaN NaN NaN NaN NaN NaN NaN NaN NaN NaN NaN NaN NaN NaN 
NaN NaN NaN NaN NaN NaN NaN NaN NaN NaN NaN NaN NaN NaN NaN NaN NaN NaN NaN NaN NaN NaN NaN NaN NaN NaN NaN NaN NaN NaN NaN NaN NaN NaN NaN NaN NaN NaN NaN NaN 
NaN NaN NaN NaN NaN NaN NaN NaN NaN NaN NaN NaN NaN NaN NaN NaN NaN NaN NaN NaN NaN NaN NaN NaN NaN NaN NaN NaN NaN NaN NaN NaN NaN NaN NaN NaN NaN NaN NaN NaN 
NaN NaN NaN NaN NaN NaN NaN NaN NaN NaN NaN NaN NaN NaN NaN NaN NaN NaN NaN NaN NaN NaN NaN NaN NaN NaN NaN NaN NaN NaN NaN NaN NaN NaN NaN NaN NaN NaN NaN NaN 
-90.338212 -90.365397 -90.410593 -90.486731 -90.589734 -90.733764 -90.909231 -91.133559 -91.430245 -91.781576 -92.205262 -92.724177 -93.322641 -94.027842 -94.839314 -95.729050 -96.698156 -97.665956 -98.556799 -99.281979 -99.815135 -100.218843 -100.619876 -101.170452 -101.963652 -102.979169 -104.018555 -104.721878 -104.924632 -104.902988 -105.080278 -105.658612 -106.626670 -107.990760 -109.584790 -109.782265 -107.948178 -107.153412 -110.646270 -118.653349 
-35.511666 -42.621251 -43.496624 -45.242246 -51.671425 -48.919797 -46.518020 -49.937283 -39.633277 -44.595534 -43.956887 -47.375006 -48.278913 -48.308991 -48.726771 -52.128233 -53.995505 -54.479330 -46.929310 -44.138951 -39.092778 -45.060630 -50.238156 -52.493176 -57.253585 -59.402440 -56.254299 -55.138964 -51.511684 -54.909333 -54.393099 -56.811808 -59.983166 -54.373046 -53.723823 -54.922300 -60.136477 -58.737475 -62.245863 -63.001358 
-19.973608 -23.627549 -27.173469 -32.053580 -32.907826 -31.588590 -28.854102 -25.491558 -19.953864 -22.727288 -25.188190 -27.963487 -30.721186 -31.196834 -31.224963 -32.000086 -35.882022 -34.626310 -30.322665 -22.785659 -24.580636 -28.132889 -39.389573 -36.037888 -36.302246 -36.312191 -33.978842 -34.391879 -28.024309 -25.587638 -33.329138 -32.871302 -30.980158 -25.877018 -27.551415 -27.787922 -29.439487 -29.918792 -36.708180 -39.496632 
-27.503468 -22.591970 -30.410574 -31.601127 -30.661986 -28.475574 -27.584623 -26.297813 -21.179207 -21.010796 -18.775361 -18.813242 -23.759085 -27.397321 -29.155338 -26.989242 -31.922849 -32.434472 -26.658096 -22.074353 -22.724519 -26.141616 -30.320500 -31.588436 -27.755769 -29.808267 -25.544698 -25.173242 -22.020862 -18.005794 -24.448555 -23.984074 -18.048081 -17.776124 -15.573094 -16.039908 -17.045678 -19.525476 -24.596038 -30.545083 
-18.718328 -20.427922 -26.495269 -26.635452 -30.454952 -27.169003 -23.857526 -23.193247 -20.789848 -21.972138 -23.610291 -25.448460 -23.363407 -23.987550 -27.323780 -21.814889 -24.608509 -21.684285 -20.808323 -22.367474 -22.392144 -23.536042 -24.393951 -26.960614 -28.359994 -27.012555 -23.645591 -23.401245 -21.336457 -17.828016 -20.820672 -19.872498 -15.096122 -14.087284 -9.232229 -7.765602 -10.973417 -10.232080 -12.831442 -18.931862 
-21.128854 -34.822126 -32.410974 -32.221578 -33.963204 -30.517644 -23.360024 -21.760188 -28.118982 -31.726763 -31.885682 -33.418560 -30.520311 -30.683768 -25.401455 -26.356571 -25.951608 -27.146720 -26.049883 -25.344335 -21.743416 -22.826673 -26.530648 -31.454674 -30.523515 -25.883155 -21.276935 -20.983319 -20.769032 -13.589883 -20.159646 -20.681229 -15.821866 -11.971504 -8.283979 -7.144165 -6.418029 -8.771474 -9.994835 -16.127815 
-27.045021 -27.832605 -29.261966 -28.996118 -28.765675 -29.835566 -27.720153 -24.586309 -26.589901 -28.872916 -27.329437 -27.045298 -32.994078 -27.027466 -27.733630 -26.222456 -22.108099 -22.576884 -26.448756 -25.373602 -26.618201 -29.467576 -26.198061 -26.903168 -30.591711 -27.154537 -23.957502 -25.807200 -19.231633 -16.173179 -17.663978 -13.922836 -11.754911 -10.121705 -6.605478 -4.792973 -5.610257 -7.032296 -9.298933 -14.879294 
-36.163516 -29.721408 -25.841755 -27.166897 -29.608696 -36.329707 -33.762188 -23.782000 -22.687824 -26.916232 -27.695398 -23.267671 -25.972345 -29.221931 -26.655874 -20.786931 -17.198183 -17.159292 -16.474022 -19.003473 -19.588633 -19.818346 -24.503411 -22.620897 -23.287254 -22.865485 -22.602640 -21.660496 -20.799759 -14.853703 -12.012742 -8.795161 -11.121196 -4.345571 -0.276673 2.993213 0.122648 -4.415630 -6.467658 -8.419551 
-30.295487 -27.096536 -25.640384 -32.675209 -32.895842 -33.322819 -36.512802 -33.145739 -34.793667 -34.064714 -30.906518 -28.179313 -24.025632 -24.228981 -27.973377 -26.740271 -21.108039 -20.303677 -20.774990 -19.557979 -18.754796 -21.887749 -24.722922 -26.950616 -29.202512 -24.694619 -20.685450 -18.201593 -16.095681 -10.813912 -12.683085 -10.159445 -7.695087 -5.762832 -4.540708 -0.814068 -0.760944 -4.806789 -6.103366 -7.215376 
-30.105440 -28.778298 -28.755431 -33.648738 -33.571289 -29.784631 -30.960510 -30.888626 -32.479519 -27.018887 -28.693271 -27.822400 -26.208478 -27.159472 -27.607383 -21.703746 -21.232395 -23.003731 -20.958216 -20.882046 -21.392859 -24.211429 -23.534098 -21.689853 -24.502535 -21.084306 -18.498461 -18.697884 -14.268570 -12.264297 -10.983706 -8.464231 -6.303050 -7.091964 -3.957191 -6.303399 -2.528477 -3.260397 -4.238385 -5.749938 
-22.762874 -21.530563 -22.033822 -30.959765 -37.368531 -29.579977 -26.704362 -24.695323 -23.624794 -26.167872 -25.842378 -27.359075 -22.520131 -23.977036 -23.802405 -25.092345 -18.334784 -21.261279 -20.346818 -20.120870 -18.380500 -18.947764 -24.461281 -20.417177 -20.479642 -18.289030 -17.215827 -19.179255 -16.699827 -14.330863 -10.107067 -10.784232 -8.486978 -6.262563 -1.410652 -0.992097 -1.903870 -1.429009 -2.539481 -4.553747 
-36.658970 -33.418872 -29.822141 -37.564526 -34.962186 -34.430697 -26.037194 -32.240321 -36.854247 -35.042305 -31.233000 -26.266059 -26.109669 -23.682606 -23.480979 -23.113757 -22.592227 -19.107376 -20.158555 -18.203046 -19.407517 -20.578764 -23.372871 -23.724976 -20.628119 -18.584254 -13.243050 -16.718904 -13.087854 -12.884152 -9.941250 -8.520057 -5.954727 -5.138370 3.058932 1.449884 1.458086 -1.332337 -2.324410 -4.266882 
-26.353730 -30.714723 -35.838290 -31.763246 -28.370011 -25.620937 -26.597859 -24.149868 -21.764529 -25.149441 -29.903868 -29.697791 -29.822792 -26.988696 -26.687225 -24.268708 -16.381233 -16.659477 -17.320140 -16.542320 -19.961110 -21.824464 -26.464254 -19.527651 -23.370350 -23.234176 -18.496442 -19.526781 -17.989856 -13.103218 -9.610920 -9.157358 -7.014814 -5.460750 -2.122563 1.178216 -1.516397 -3.941136 -7.582704 -5.828297 
-26.990689 -27.362035 -23.071396 -24.324110 -22.221702 -25.940122 -23.970603 -27.234837 -24.309569 -23.255020 -19.489617 -18.507899 -18.196279 -17.396987 -24.786668 -21.041234 -16.757736 -12.567201 -12.665580 -14.400930 -18.936767 -16.316068 -17.168190 -20.421025 -20.713222 -18.393622 -16.747421 -20.807389 -18.696898 -15.730707 -13.375006 -9.741474 -4.602773 -2.569979 -0.235197 1.536921 -3.241464 -4.223914 -6.983656 -4.393689 
-14.976668 -12.238490 -3.597722 -3.795876 -5.707122 -10.288027 -10.995243 -14.638927 -15.499101 -12.853628 -14.344258 -17.860646 -18.875172 -15.236064 -18.016971 -20.751479 -20.099716 -14.095413 -13.512589 -10.454282 -11.847016 -16.015019 -16.787495 -18.257548 -18.381320 -16.501731 -14.711077 -15.724477 -14.280662 -10.174092 -8.714445 -4.940816 -4.034949 -4.734514 -0.683692 1.453248 -1.604979 -1.717714 -4.705221 -6.627768 
-6.260587 3.632275 12.510865 13.363317 6.853647 12.085341 13.931813 6.556986 6.076949 1.186242 -3.624201 -7.523705 -11.890893 -11.462334 -9.154429 -9.561685 -10.246107 -6.753028 -4.261265 -9.965439 -16.091898 -17.694304 -18.490902 -20.933011 -18.010497 -12.199622 -16.936095 -18.740697 -19.813484 -13.309310 -16.086157 -15.745134 -9.999492 -9.338883 -4.910605 -10.146981 -14.490995 -13.510788 -12.290656 -17.651286 
-11.055675 -0.042229 13.677343 14.353919 0.870792 15.123927 15.598251 11.214578 20.018979 14.169446 8.331866 -0.545730 1.266468 -4.801155 -5.099419 -3.884366 1.017232 3.883850 0.223149 -6.481407 -13.763590 -22.103514 -24.261918 -21.633912 -16.778591 -9.998372 -14.356592 -21.359901 -25.730946 -22.054738 -27.631203 -20.929195 -18.588591 -20.727172 -21.442212 -20.177917 -23.388153 -24.941364 -26.203269 -34.149645 
-27.485835 -4.011896 12.672857 14.325208 -1.679166 10.424237 12.700804 5.093591 23.803361 19.826339 12.216255 8.283821 7.260569 2.232386 2.271902 0.627193 3.348262 9.637796 -0.004390 -6.309558 -12.923148 -19.329082 -19.476352 -18.578416 -12.996147 -6.733558 -9.798715 -16.378045 -21.088313 -19.128204 -28.625284 -25.557611 -20.421444 -25.126304 -23.335151 -16.312802 -17.845241 -22.918177 -22.436607 -35.868029 
-12.452249 -13.369276 10.186444 13.327680 -2.339530 8.808973 12.571284 4.756190 23.666161 16.101135 16.703369 14.628245 9.476785 5.236419 4.574457 4.809895 6.682500 8.635745 -1.584188 -6.646957 -11.675003 -15.689328 -16.418293 -14.547673 -9.103807 -4.345386 -9.541043 -15.552920 -18.470676 -16.083977 -26.842798 -27.584853 -24.400040 -26.644204 -22.087376 -15.803810 -16.874714 -22.763787 -22.052648 -35.436881 
-16.841622 -8.867034 10.267313 15.231072 1.973980 6.689214 14.919252 3.613575 21.067165 19.479776 14.750827 18.796901 8.582722 11.403653 9.394743 9.416044 8.614768 2.198140 -2.150407 -5.285396 -9.726137 -15.468592 -17.754138 -14.191347 -7.048810 -7.950535 -16.191960 -20.311345 -20.378154 -18.672431 -31.853813 -37.831119 -32.893671 -29.313022 -25.791564 -19.225247 -17.444462 -23.272696 -25.821409 -38.501829 
-18.709289 -12.181720 10.012846 15.699364 2.731180 7.585338 15.628938 2.706876 18.409458 18.435591 12.838736 20.027123 9.237647 12.601780 12.019288 9.953455 6.287573 -1.212702 -2.914767 -5.495987 -9.126518 -13.790943 -16.235005 -13.029740 -6.263018 -10.840812 -16.438241 -19.552671 -18.728599 -15.729736 -25.363671 -27.509580 -26.886831 -25.052211 -18.445493 -12.409197 -11.645102 -18.747576 -21.513451 -29.486180 
-20.573748 -13.744027 10.663187 16.184222 3.385785 7.599297 15.548862 1.316407 17.076603 17.511630 13.380494 20.814333 8.566173 13.115694 11.642259 10.942043 6.481033 -0.890057 -3.714613 -5.951743 -9.268100 -13.225898 -17.250570 -12.018298 -7.823921 -12.254093 -17.358808 -22.171262 -21.683342 -14.837567 -28.236336 -34.675441 -31.275302 -26.707447 -19.963838 -13.040566 -13.510907 -19.520756 -21.255239 -34.996498 
-12.572777 -11.528076 11.136893 16.511651 4.085698 6.438790 15.449279 2.991547 16.362144 17.457240 12.017521 20.855453 8.910530 14.293357 12.043329 12.789847 6.616466 -0.765827 -3.612370 -5.991816 -9.317514 -12.771420 -16.359006 -12.487461 -9.983816 -14.202709 -18.393467 -21.662931 -22.265733 -17.342757 -28.390473 -32.189813 -29.731345 -26.187802 -20.252181 -12.010631 -11.863179 -20.421834 -23.100634 -32.965696 
-24.439259 -11.212882 11.059791 16.339555 2.949049 6.756366 14.898555 1.335328 16.304413 16.507656 12.927419 20.593507 9.483727 14.521091 12.636677 12.874763 6.549211 -0.602344 -3.317425 -5.783668 -9.010556 -12.523159 -16.628903 -11.543267 -10.779163 -14.844282 -18.458363 -21.677250 -23.428091 -17.618047 -28.072753 -32.736735 -30.661252 -26.322409 -19.687097 -10.721865 -10.729024 -19.776018 -22.771082 -33.796953 
-21.224430 -9.572332 11.601924 15.454129 1.736523 8.461132 13.562788 1.204872 17.024298 13.022916 16.839170 19.791733 13.114440 13.214497 13.902727 11.214300 8.909250 0.805046 -3.027568 -5.957920 -8.724027 -12.540849 -15.680298 -9.243669 -8.075696 -15.318215 -19.511618 -22.598720 -19.778280 -17.395152 -29.469661 -32.543907 -31.228722 -26.029757 -18.729007 -11.188339 -11.247303 -19.659294 -24.106016 -34.028877 
-21.239648 -6.252345 11.624620 14.212941 -2.941293 8.219749 11.710492 -0.572586 17.406628 10.663391 19.372290 18.053946 14.741687 11.469285 13.334806 9.741432 11.851262 3.600189 -2.282777 -6.453426 -9.634993 -12.828026 -12.849133 -11.082121 -10.347528 -16.188384 -20.408035 -22.475568 -21.687698 -20.964775 -31.553754 -35.794424 -32.863455 -28.396273 -20.833138 -14.570762 -14.875464 -25.201948 -27.200798 -37.327116 
-17.201659 -6.546638 11.261486 13.404669 -2.363045 9.215631 10.622985 1.777549 16.901122 7.911537 20.898117 16.945452 16.183797 11.058431 11.756415 12.352989 13.028893 5.780677 -0.922907 -5.123550 -8.240430 -10.075114 -9.669222 -8.444024 -10.134428 -16.720525 -20.051306 -21.721831 -23.489511 -19.427941 -32.063645 -35.271112 -33.145087 -27.010917 -18.243517 -11.182368 -11.674556 -21.299626 -26.677864 -37.243391 
-14.224313 -4.218275 11.403002 10.871867 -1.126599 10.864634 7.541010 5.971070 16.108696 9.174309 21.708179 14.342427 17.832396 11.024222 10.727756 16.984423 12.146331 6.342237 0.746743 -4.474264 -7.843163 -9.647987 -10.286969 -7.347695 -8.841246 -13.564122 -18.486059 -19.797901 -18.499725 -17.324402 -30.706400 -35.265899 -31.230511 -25.020604 -18.151913 -12.148917 -12.207742 -19.622237 -24.601079 -39.059943 
-13.505565 -0.696719 11.426735 8.305625 1.947965 13.331206 6.270675 9.849522 12.697767 13.375002 19.408885 14.798002 15.912735 13.044190 11.662411 17.268068 12.209505 5.230166 1.032777 -2.794351 -6.212181 -9.470027 -9.845166 -8.723258 -9.455167 -13.778875 -16.994295 -18.858161 -17.054975 -15.941606 -24.442557 -26.078192 -25.507436 -22.924042 -16.201221 -9.871144 -11.509409 -19.049841 -22.938017 -28.524333 
-19.904528 1.333294 12.904189 8.405644 7.020972 15.566190 6.962657 12.105338 7.988854 17.308442 14.978274 16.283407 12.330187 14.614050 13.478269 14.551099 12.800882 5.221449 0.945601 -4.444281 -7.517125 -9.526290 -11.066689 -6.651300 -9.210297 -15.006581 -17.971166 -19.318638 -18.005964 -17.440302 -29.925430 -38.370923 -30.979363 -25.746405 -17.275238 -10.630162 -10.773653 -19.371053 -23.642649 -37.934281 
-16.747114 3.580800 13.510850 8.089864 11.062635 15.168013 6.072214 11.842264 7.669736 16.560779 13.209685 15.754898 13.435126 11.560047 9.494659 15.478359 12.021275 5.180625 0.582833 -4.657677 -8.148764 -10.428634 -10.655920 -8.040556 -10.022343 -14.338106 -19.997913 -18.923189 -18.439487 -17.780629 -26.884833 -31.231331 -29.478954 -25.718714 -17.739600 -11.504908 -11.539721 -20.616852 -24.724911 -33.597084 
-18.968951 4.093683 12.426707 6.657377 12.277750 13.636892 5.580884 9.878986 7.893670 13.055385 13.190662 14.153620 12.887301 7.918342 9.162798 13.934897 10.370528 4.677872 0.935952 -4.473524 -8.683189 -11.744037 -12.258259 -10.029261 -10.913785 -15.889571 -19.399740 -20.572919 -20.304978 -18.535048 -30.101461 -37.421391 -31.666668 -25.396030 -16.953410 -12.064933 -12.907278 -21.286875 -25.981587 -38.431598 
-11.295288 3.138582 9.442954 2.240685 10.669698 10.670202 2.532428 6.015473 4.668312 9.724362 12.160534 11.888993 10.945234 5.981350 4.508918 10.525652 7.367831 1.189088 -4.137181 -9.347552 -13.582423 -16.077961 -15.542097 -11.534934 -14.202566 -18.631278 -23.625874 -24.494472 -24.745697 -24.356993 -36.677213 -39.479933 -36.962202 -30.797877 -20.862311 -15.707036 -15.983254 -24.893471 -29.723718 -40.320658 
-10.314744 -2.537227 6.309570 3.540863 5.042721 4.979575 -0.859337 0.112040 -1.875536 -0.223544 8.559056 4.994904 4.081964 1.668594 1.679086 3.296108 2.154272 -2.304517 -7.690864 -11.628636 -15.596787 -19.459971 -21.820684 -20.334193 -22.992200 -29.364375 -30.543790 -31.162025 -33.606352 -29.917873 -40.502655 -43.375513 -37.168832 -32.410864 -25.661371 -21.719230 -20.902420 -27.802978 -32.459092 -42.821350 
-7.428183 -1.118309 -4.063046 0.588233 1.668348 -3.849220 -11.275236 -4.543162 -6.893701 -0.485293 3.503422 2.268392 1.496770 -1.274250 -3.305418 2.102334 0.452033 -4.311849 -10.302392 -16.367335 -19.992781 -24.190698 -25.236977 -23.218130 -24.182835 -34.023291 -36.098363 -36.713921 -36.328693 -34.042899 -46.726937 -49.289876 -39.924689 -34.416152 -28.579578 -26.226752 -24.813886 -32.175262 -37.885463 -45.924467 
-14.237323 -8.218922 -2.555797 -5.309306 -7.415238 -12.604710 -17.527471 -15.535625 -17.312169 -13.702467 -9.289704 -13.333661 -13.449961 -14.563300 -14.750015 -7.454070 -5.753195 -11.019113 -19.560956 -21.519266 -26.613616 -27.945764 -27.420186 -29.449651 -29.199287 -36.292971 -37.786524 -36.849753 -33.621642 -36.606074 -46.700112 -49.193364 -38.505637 -34.585660 -31.070347 -29.068712 -25.451474 -29.119026 -36.331030 -46.394986 
-12.773004 -7.026499 -1.240512 -4.030822 -8.978006 -12.598507 -15.484763 -16.977766 -18.969414 -10.659079 -9.082654 -11.926380 -14.447336 -17.794133 -21.944975 -6.598724 -4.535548 -7.604645 -13.227037 -15.804133 -24.002639 -25.864797 -28.327788 -27.176650 -26.121833 -32.123193 -36.602226 -36.035432 -34.481466 -33.233861 -42.646694 -48.743075 -40.003342 -37.045797 -30.364114 -28.932639 -26.841285 -31.534707 -35.324002 -42.136568 
-14.397518 -2.621718 -0.326583 -7.036144 -8.642010 -9.161628 -12.080711 -17.968197 -22.119050 -13.428120 -12.104789 -11.511248 -14.724533 -21.346717 -14.090415 -7.619332 -10.240689 -7.174578 -4.639781 -11.281982 -27.964688 -25.602144 -22.601526 -21.535496 -24.908604 -27.456304 -35.307920 -33.598180 -29.470891 -30.374414 -39.038986 -40.937129 -35.749240 -31.143644 -30.491039 -31.525867 -30.199814 -34.641319 -35.374428 -42.629834 
-7.437016 0.924873 1.297934 -3.135671 -4.548503 -6.636618 -9.415466 -13.128536 -13.852881 -8.574503 -10.111572 -14.026828 -11.914814 -15.003170 -12.469489 -9.086467 -5.568093 -0.488388 -3.637606 -13.303004 -26.845789 -26.381016 -21.108184 -23.214475 -30.765273 -37.627291 -38.304067 -37.046058 -32.400392 -32.365468 -38.927211 -39.668077 -38.074070 -34.943431 -36.922106 -38.639207 -37.538002 -40.305238 -41.601042 -44.602561 
-13.247172 -5.669032 -9.019555 -14.214756 -14.509543 -19.937723 -20.836195 -19.979165 -21.193983 -21.761789 -23.241138 -21.006330 -19.826842 -25.358547 -25.128506 -22.200865 -16.936832 -16.297026 -15.404694 -22.374561 -23.640195 -27.882083 -29.808186 -32.582463 -35.738819 -37.433376 -39.900938 -39.305829 -39.588582 -39.793451 -41.023006 -41.112383 -38.815116 -40.795115 -41.977403 -42.112084 -41.803854 -42.814525 -44.191666 -46.606608 
-24.180413 -10.441275 -7.856322 -14.816187 -18.406955 -22.253413 -20.937068 -25.877489 -23.992020 -32.139047 -31.781577 -31.465028 -34.269102 -35.523676 -34.662291 -29.370777 -24.695241 -21.849831 -19.261613 -33.654302 -36.004128 -40.056052 -41.447171 -43.626664 -47.215898 -51.981581 -53.051522 -50.516774 -49.972201 -49.773189 -53.177316 -52.388456 -50.813563 -53.032396 -55.244489 -57.532192 -56.674960 -55.877066 -58.680323 -62.259867 
-28.251317 -15.746348 -17.396550 -23.333380 -26.337457 -30.177634 -35.505136 -38.314994 -35.776664 -39.564173 -47.344210 -46.936975 -48.219232 -55.593797 -53.177420 -53.795497 -47.499281 -41.891191 -41.981547 -51.833908 -57.854173 -59.075356 -60.644283 -62.291542 -64.520333 -67.270602 -69.000890 -66.130952 -65.953866 -67.983069 -68.079588 -68.190361 -67.300335 -66.702333 -68.105639 -71.080324 -68.016096 -69.134830 -70.122395 -71.691698 
-24.769773 -16.756335 -16.101017 -24.099771 -25.812775 -28.512755 -37.374024 -44.359834 -44.722778 -49.675306 -53.440887 -57.685665 -66.292980 -65.033891 -61.162888 -66.295409 -68.756660 -65.678528 -60.577519 -65.001502 -67.185362 -66.852212 -65.112669 -69.621108 -68.497277 -67.818969 -70.991970 -67.540042 -67.678135 -69.051888 -68.198117 -69.294708 -69.065822 -68.574723 -70.866682 -71.970204 -72.197010 -71.723722 -70.507243 -71.351191 
-28.547043 -21.155255 -23.656940 -36.186625 -34.496234 -41.159629 -46.018898 -53.987022 -58.592821 -57.124842 -59.141759 -64.369170 -63.032954 -64.358409 -61.092972 -62.844556 -63.592516 -62.576905 -65.442381 -68.367323 -69.342351 -63.171260 -66.975876 -68.395937 -69.357133 -68.168114 -69.524609 -70.393172 -69.020531 -68.646324 -72.414146 -69.637793 -70.752249 -71.517518 -71.523703 -74.116362 -73.098643 -71.833713 -71.078436 -73.293269 
-31.982597 -24.164913 -22.844264 -34.420859 -37.556923 -41.683163 -54.096805 -57.344507 -63.370876 -61.573947 -63.376986 -65.195883 -66.404435 -70.263055 -62.465245 -64.271059 -66.735128 -65.201001 -66.650756 -70.986545 -69.434207 -68.410641 -71.388366 -69.677224 -69.441585 -71.449015 -73.862329 -74.352236 -74.320592 -74.441191 -73.253492 -69.481273 -71.499136 -72.284500 -76.083015 -75.575770 -72.488957 -71.411011 -73.650433 -76.284727 
-32.903368 -29.173691 -31.870918 -39.542882 -42.260860 -51.135496 -58.253309 -57.274907 -61.253139 -63.750967 -66.275439 -65.763260 -63.303392 -66.707920 -70.851585 -66.271689 -68.231839 -65.272696 -72.941282 -71.662329 -71.289879 -68.372452 -73.204462 -72.534952 -71.528157 -71.998197 -71.335007 -71.133571 -74.493005 -76.667579 -72.515578 -76.208914 -78.969652 -77.671469 -74.314753 -74.724497 -73.250622 -74.470155 -76.600462 -77.829747 
-16.576515 -15.996510 -19.534723 -24.621030 -22.420215 -17.870217 -15.745857 -15.045742 -13.916822 -13.555167 -15.317558 -18.407485 -18.521356 -18.936919 -19.281678 -16.156811 -14.208702 -13.656701 -11.805127 -10.094683 -11.639927 -15.433999 -15.482738 -17.205620 -19.889768 -25.647486 -29.223730 -32.166244 -37.588081 -35.164502 -36.631055 -30.653933 -28.527292 -31.550306 -35.880946 -41.783745 -43.433419 -44.073292 -43.403410 -42.489012 
-17.292438 -10.968819 -13.273555 -12.119185 -9.820348 -15.027057 -7.227387 -7.744933 -5.245545 -8.821564 -8.564856 -17.363457 -14.866024 -13.783411 -16.876115 -11.644213 -9.759130 -10.047203 -7.354792 -4.522756 -6.226498 -12.236551 -10.186707 -13.146688 -15.305444 -22.088625 -25.780835 -27.763209 -32.605696 -27.146476 -25.830154 -24.884100 -21.462165 -22.818599 -26.863975 -27.775282 -32.861618 -29.795967 -32.004769 -31.581243 
-11.610230 -9.936945 -9.850005 -11.705412 -13.418109 -13.861801 -12.388287 -6.923758 -9.340827 -15.199517 -17.643533 -18.137323 -20.607973 -16.967771 -14.541915 -17.100933 -17.511779 -14.753828 -13.418822 -13.883698 -11.136133 -14.564220 -12.376442 -18.991850 -21.642246 -23.614000 -27.771641 -29.716460 -32.620024 -27.780146 -24.788390 -25.093045 -21.288824 -24.462313 -22.986299 -25.115239 -30.162862 -30.953111 -33.771483 -31.913418 
-8.936266 -8.573571 -11.350577 -16.375311 -14.747168 -15.558764 -13.689489 -10.377625 -9.621304 -15.397680 -20.661172 -18.693139 -24.448422 -22.026124 -21.241686 -23.193721 -21.861222 -12.147430 -12.988285 -18.640360 -16.442241 -13.864566 -15.330973 -15.229854 -15.096154 -22.735554 -20.188696 -25.234125 -23.623769 -22.214512 -22.964533 -24.638022 -21.344812 -23.678964 -23.629125 -30.075877 -32.714020 -33.795953 -31.024449 -30.303823 
-12.277503 -13.930746 -15.424039 -21.080938 -17.826027 -18.608348 -17.045862 -7.400850 -7.976180 -18.126775 -19.008960 -19.498749 -22.234130 -24.291386 -24.251311 -25.196425 -24.416994 -19.725901 -20.906516 -18.924343 -16.291673 -20.145293 -21.530722 -15.704690 -18.458223 -24.001629 -26.998280 -29.590674 -23.762591 -26.416320 -28.819518 -26.005109 -23.707442 -26.105346 -28.896684 -30.354310 -34.141988 -35.434694 -37.113817 -38.147916 
-15.042192 -16.592141 -19.655311 -23.855219 -20.068190 -22.267024 -22.657804 -13.985906 -14.297198 -24.823155 -27.263506 -21.874268 -24.051306 -27.315286 -31.236097 -32.613451 -34.361902 -30.976322 -29.751562 -27.880106 -23.166237 -24.346839 -23.406447 -28.888707 -33.196310 -36.483810 -39.054287 -39.453910 -31.947380 -33.381012 -37.886901 -39.221866 -35.224824 -35.669981 -37.409891 -41.143064 -43.361001 -43.498582 -43.986431 -44.113159 
-45.533969 -45.077509 -45.146514 -45.938232 -45.262181 -46.677365 -45.871773 -46.725257 -46.975569 -48.053589 -48.250826 -49.126378 -49.762954 -50.267160 -51.000743 -51.492378 -52.363760 -53.272419 -54.335024 -55.033477 -56.953127 -56.957726 -57.597621 -57.758385 -58.247727 -59.777997 -63.387602 -69.552751 -68.843359 -65.015874 -65.368997 -69.864536 -72.748353 -65.535349 -61.989348 -62.237996 -65.356201 -67.376710 -65.656106 -66.896557 
-65.367218 -66.741471 -69.218793 -75.315596 -65.023837 -66.229916 -63.157892 -61.763483 -62.446523 -65.565657 -68.396858 -71.393572 -68.429471 -75.255137 -79.695150 -76.695426 -71.963268 -71.078495 -74.388350 -72.059458 -71.202069 -67.585540 -74.768427 -74.856389 -73.159814 -72.340475 -73.718412 -77.095531 -80.492400 -78.123418 -82.850235 -80.125830 -80.380264 -82.712910 -81.748235 -84.048675 -82.776151 -83.044348 -85.501025 -87.347590 
-80.764721 -84.857424 -89.869339 -82.529477 -77.258731 -79.849374 -86.853929 -80.302564 -79.555908 -87.144583 -82.739778 -80.362179 -86.061758 -81.163324 -83.984038 -83.115913 -82.934501 -82.910729 -83.966501 -83.037443 -85.245133 -84.134925 -84.026040 -84.090724 -85.571898 -86.105886 -86.213634 -87.589593 -88.477297 -89.008489 -90.464085 -91.247390 -91.369835 -93.626769 -93.358654 -98.311765 -97.852952 -96.864885 -98.193851 -97.776918 
-87.966972 -87.967256 -87.967737 -87.968571 -87.969744 -87.971471 -87.973698 -87.976728 -87.981029 -87.986507 -87.993598 -88.002891 -88.014290 -88.028556 -88.045917 -88.066191 -88.090148 -88.117265 -88.147882 -88.182046 -88.220798 -88.265778 -88.318124 -88.381302 -88.457256 -88.546391 -88.648196 -88.761396 -88.888916 -89.037357 -89.216257 -89.428781 -89.670384 -89.941323 -90.261961 -90.656344 -91.107656 -91.644233 -92.730671 -95.560366 
-107.260208 -107.260492 -107.260972 -107.261806 -107.262977 -107.264702 -107.266926 -107.269952 -107.274246 -107.279716 -107.286797 -107.296077 -107.307464 -107.321721 -107.339076 -107.359352 -107.383322 -107.410464 -107.441113 -107.475310 -107.514079 -107.559044 -107.611337 -107.674435 -107.750322 -107.839457 -107.941354 -108.054686 -108.182244 -108.330525 -108.509175 -108.721700 -108.963670 -109.234729 -109.554668 -109.949001 -110.401681 -110.926771 -111.941850 -114.485939 
NaN NaN NaN NaN NaN NaN NaN NaN NaN NaN NaN NaN NaN NaN NaN NaN NaN NaN NaN NaN NaN NaN NaN NaN NaN NaN NaN NaN NaN NaN NaN NaN NaN NaN NaN NaN NaN NaN NaN NaN 
NaN NaN NaN NaN NaN NaN NaN NaN NaN NaN NaN NaN NaN NaN NaN NaN NaN NaN NaN NaN NaN NaN NaN NaN NaN NaN NaN NaN NaN NaN NaN NaN NaN NaN NaN NaN NaN NaN NaN NaN 
NaN NaN NaN NaN NaN NaN NaN NaN NaN NaN NaN NaN NaN NaN NaN NaN NaN NaN NaN NaN NaN NaN NaN NaN NaN NaN NaN NaN NaN NaN NaN NaN NaN NaN NaN NaN NaN NaN NaN NaN 
NaN NaN NaN NaN NaN NaN NaN NaN NaN NaN NaN NaN NaN NaN NaN NaN NaN NaN NaN NaN NaN NaN NaN NaN NaN NaN NaN NaN NaN NaN NaN NaN NaN NaN NaN NaN NaN NaN NaN NaN 
NaN NaN NaN NaN NaN NaN NaN NaN NaN NaN NaN NaN NaN NaN NaN NaN NaN NaN NaN NaN NaN NaN NaN NaN NaN NaN NaN NaN NaN NaN NaN NaN NaN NaN NaN NaN NaN NaN NaN NaN 
NaN NaN NaN NaN NaN NaN NaN NaN NaN NaN NaN NaN NaN NaN NaN NaN NaN NaN NaN NaN NaN NaN NaN NaN NaN NaN NaN NaN NaN NaN NaN NaN NaN NaN NaN NaN NaN NaN NaN NaN 
NaN NaN NaN NaN NaN NaN NaN NaN NaN NaN NaN NaN NaN NaN NaN NaN NaN NaN NaN NaN NaN NaN NaN NaN NaN NaN NaN NaN NaN NaN NaN NaN NaN NaN NaN NaN NaN NaN NaN NaN 
NaN NaN NaN NaN NaN NaN NaN NaN NaN NaN NaN NaN NaN NaN NaN NaN NaN NaN NaN NaN NaN NaN NaN NaN NaN NaN NaN NaN NaN NaN NaN NaN NaN NaN NaN NaN NaN NaN NaN NaN 
NaN NaN NaN NaN NaN NaN NaN NaN NaN NaN NaN NaN NaN NaN NaN NaN NaN NaN NaN NaN NaN NaN NaN NaN NaN NaN NaN NaN NaN NaN NaN NaN NaN NaN NaN NaN NaN NaN NaN NaN 
