NaN NaN NaN NaN NaN NaN NaN NaN NaN NaN NaN NaN NaN NaN NaN NaN NaN NaN NaN NaN NaN NaN NaN NaN NaN NaN NaN NaN NaN NaN NaN NaN NaN NaN NaN NaN NaN NaN NaN NaN 
NaN NaN NaN NaN NaN NaN NaN NaN NaN NaN NaN NaN NaN NaN NaN NaN NaN NaN NaN NaN NaN NaN NaN NaN NaN NaN NaN NaN NaN NaN NaN NaN NaN NaN NaN NaN NaN NaN NaN NaN 
NaN NaN NaN NaN NaN NaN NaN NaN NaN NaN NaN NaN NaN NaN NaN NaN NaN NaN NaN NaN NaN NaN NaN NaN NaN NaN NaN NaN NaN NaN NaN NaN NaN NaN NaN NaN NaN NaN NaN NaN 
NaN NaN NaN NaN NaN NaN NaN NaN NaN NaN NaN NaN NaN NaN NaN NaN NaN NaN NaN NaN NaN NaN NaN NaN NaN NaN NaN NaN NaN NaN NaN NaN NaN NaN NaN NaN NaN NaN NaN NaN 
NaN NaN NaN NaN NaN NaN NaN NaN NaN NaN NaN NaN NaN NaN NaN NaN NaN NaN NaN NaN NaN NaN NaN NaN NaN NaN NaN NaN NaN NaN NaN NaN NaN NaN NaN NaN NaN NaN NaN NaN 
NaN NaN NaN NaN NaN NaN NaN NaN NaN NaN NaN NaN NaN NaN NaN NaN NaN NaN NaN NaN NaN NaN NaN NaN NaN NaN NaN NaN NaN NaN NaN NaN NaN NaN NaN NaN NaN NaN NaN NaN 
NaN NaN NaN NaN NaN NaN NaN NaN NaN NaN NaN NaN NaN NaN NaN NaN NaN NaN NaN NaN NaN NaN NaN NaN NaN NaN NaN NaN NaN NaN NaN NaN NaN NaN NaN NaN NaN NaN NaN NaN 
-55.416000 -60.466598 -53.767711 -53.703569 -54.043614 -53.863127 -53.864169 -54.805551 -56.499487 -59.818710 -63.277851 -63.332630 -59.791676 -57.522765 -56.918367 -58.584653 -61.457266 -59.977743 -55.026476 -52.813484 -53.343706 -57.721559 -68.561784 -63.813992 -59.105754 -58.004096 -61.840089 -70.079292 -65.269756 -69.593026 -68.352899 -62.333142 -62.572905 -63.662618 -69.675517 -72.425125 -72.897813 -68.621195 -69.108630 -72.999708 
-17.468316 -21.170820 -29.342549 -31.676857 -32.221545 -33.474967 -27.038171 -24.591147 -25.520823 -27.448050 -30.001386 -35.242969 -43.395982 -43.058206 -41.138984 -37.981156 -37.036440 -37.237858 -37.402178 -27.406938 -30.834129 -36.096514 -43.802909 -46.003476 -38.777258 -33.900687 -37.866384 -42.748386 -42.102262 -39.595565 -36.136936 -38.602769 -33.428216 -39.056578 -40.667819 -39.221952 -43.602533 -44.072191 -43.846042 -44.751207 
-9.336711 -15.589592 -21.796181 -28.000461 -30.369469 -34.593749 -26.275789 -22.279188 -25.524244 -31.810010 -28.195841 -36.284526 -34.588178 -39.963617 -43.813988 -35.927587 -35.519208 -29.386920 -33.196400 -25.004291 -28.709440 -26.798095 -36.099607 -38.091258 -27.683763 -23.187097 -30.563045 -30.826496 -31.373696 -27.447367 -21.748720 -24.522004 -24.749851 -25.877461 -26.430601 -25.589927 -27.643933 -31.151751 -32.789426 -34.220224 
-17.860328 -29.773088 -26.954960 -29.749630 -31.896193 -31.996106 -33.374932 -26.974487 -23.418741 -36.385082 -26.787608 -31.340197 -34.837137 -35.563570 -38.624428 -35.966267 -35.048936 -34.260315 -26.883949 -18.655787 -20.203348 -27.596760 -28.969837 -35.951294 -28.020695 -26.339105 -28.628344 -32.304191 -25.778324 -23.264955 -20.810235 -14.601413 -19.230468 -17.400838 -19.216029 -18.814170 -21.504880 -23.728744 -26.012491 -26.136043 
-21.773440 -26.118491 -30.424004 -33.230998 -32.501888 -33.366273 -31.219725 -23.495150 -22.967090 -32.981372 -28.154666 -37.217677 -36.115375 -32.125252 -35.562362 -35.561480 -33.147754 -32.165078 -31.662019 -21.464257 -24.186479 -31.372890 -27.835706 -35.662372 -28.248093 -26.886559 -30.577005 -30.202070 -26.400465 -19.417582 -15.244629 -12.886534 -15.707440 -15.918374 -16.771806 -15.732467 -21.810338 -19.023011 -21.229855 -21.891904 
-18.267741 -24.709905 -34.596555 -38.810692 -36.738026 -34.846653 -35.888043 -32.730187 -33.412456 -34.029988 -35.526979 -33.779158 -38.261585 -34.881950 -30.810251 -36.322572 -33.641263 -28.977784 -26.334666 -21.711750 -22.182275 -29.612763 -29.329605 -34.167754 -25.985817 -23.713051 -25.923317 -27.575413 -26.145697 -18.373223 -11.424320 -7.579537 -8.774921 -14.847457 -12.815708 -15.560359 -20.990444 -20.033410 -19.393547 -18.102659 
-17.464206 -16.988485 -25.124776 -35.133691 -35.738989 -38.091373 -39.370875 -32.771164 -29.227867 -31.054643 -34.803442 -35.240724 -37.389159 -37.875822 -35.061459 -36.343522 -35.374709 -27.045367 -31.485518 -29.460870 -27.880407 -29.460925 -31.196373 -29.202688 -23.603335 -25.663495 -23.126052 -25.144259 -16.934525 -15.761555 -11.683782 -6.975532 -5.126692 -9.466064 -10.243520 -13.375968 -15.904184 -17.361058 -15.430096 -15.971895 
-13.192828 -19.423963 -29.673277 -34.243645 -29.998458 -30.918807 -35.200442 -28.635353 -26.818397 -34.101249 -31.952682 -30.097514 -30.634409 -31.600044 -33.695291 -34.054745 -32.693409 -33.575969 -30.159573 -26.885944 -24.366530 -27.146573 -29.593573 -32.272687 -28.292433 -25.353614 -24.639188 -22.907031 -13.682616 -13.390459 -8.397433 -3.911588 -3.329172 -7.656285 -10.658386 -11.993866 -13.074808 -14.167158 -14.096448 -13.528512 
-13.397598 -15.623411 -24.515741 -35.463347 -35.911068 -33.419036 -30.829220 -30.842279 -41.061145 -35.705179 -38.295591 -37.129999 -29.955203 -31.317970 -31.494961 -34.138884 -31.062466 -28.512237 -35.207848 -26.376903 -23.303535 -24.442468 -24.684448 -34.065258 -27.250856 -24.583349 -26.103412 -22.193736 -16.084188 -7.472872 -9.652592 -2.973623 -2.878578 -4.450010 -6.723009 -10.685543 -10.905354 -11.493728 -11.498087 -10.580047 
-28.767002 -24.416159 -32.264380 -35.767222 -33.519272 -32.678255 -38.497994 -30.155472 -33.949429 -37.738418 -33.189478 -34.361868 -34.915473 -30.943331 -29.058618 -26.409829 -27.870821 -25.010775 -32.932580 -22.841354 -25.224235 -29.150860 -25.134144 -30.491550 -20.667794 -20.675476 -22.885425 -18.097694 -15.525136 -9.599800 -8.762779 -1.503944 -3.649664 -5.401305 -4.723613 -5.878608 -10.926205 -14.065236 -11.373079 -12.753710 
-21.342566 -32.886327 -33.627904 -36.291633 -42.036079 -30.811261 -28.235221 -26.239133 -29.539790 -25.957517 -31.412230 -37.200560 -34.190830 -28.092976 -25.221305 -28.211467 -24.671351 -30.073327 -26.863301 -22.295582 -31.253858 -28.452408 -22.694607 -28.130258 -23.133891 -21.649055 -18.097445 -17.202367 -18.873079 -9.086303 -7.773687 1.091352 2.089764 -3.577611 -5.170655 -4.846425 -7.189635 -8.113860 -6.165607 -11.714692 
-18.932732 -16.275108 -20.565710 -31.059696 -34.908765 -26.600649 -22.485080 -24.032365 -27.683707 -27.606114 -27.600167 -33.459539 -31.996686 -31.019001 -33.696466 -29.378039 -23.984303 -23.957869 -26.327147 -21.513569 -24.585432 -27.034318 -29.728205 -29.226349 -23.104648 -17.292075 -18.527813 -14.232412 -13.547298 -9.336522 -6.470830 -0.420452 -0.342342 -4.045869 -4.995940 -4.058535 -6.763997 -7.329176 -5.608440 -8.791586 
-19.829301 -24.479809 -27.135957 -35.283677 -33.787878 -35.428237 -26.736153 -24.479124 -27.317411 -27.893024 -35.791676 -35.448002 -36.358469 -35.763442 -32.303355 -26.372390 -25.209734 -23.504296 -23.210823 -20.615739 -24.451810 -29.091106 -29.573629 -26.065429 -20.532580 -18.845058 -18.561370 -14.662858 -13.943703 -8.995120 -5.004169 -0.072940 -1.614733 -5.130501 -6.895631 -8.513422 -8.164338 -8.193494 -7.008837 -9.124580 
-16.182788 -18.155664 -21.189695 -27.281914 -36.965306 -47.438286 -36.599279 -30.792951 -24.939831 -23.087558 -30.376623 -35.964129 -32.253165 -29.726895 -35.628409 -27.343835 -26.927303 -25.857298 -26.963660 -21.174129 -21.312593 -21.395832 -21.208884 -27.748071 -22.290698 -20.224135 -16.875513 -14.719159 -11.496190 -8.692325 -4.619325 1.218789 2.110336 -2.220436 -3.316879 -3.843784 -4.490599 -8.184763 -4.499401 -8.936957 
-19.104688 -26.750094 -28.314917 -32.371610 -27.205611 -23.934920 -22.895194 -20.565274 -20.790656 -19.615288 -24.412428 -24.388779 -28.006778 -30.215098 -28.596875 -23.800275 -25.970068 -23.792912 -29.469072 -19.477733 -17.540079 -20.075859 -22.762866 -22.727407 -18.955284 -12.025220 -14.860599 -15.877198 -11.640009 -5.622581 -6.106824 -3.834824 2.138819 0.048756 -2.833759 -4.318838 -5.041934 -9.072213 -8.865225 -10.702741 
-15.735249 -16.646115 -24.707104 -25.050061 -24.332534 -21.825562 -9.347715 -6.614965 -10.184985 -15.271700 -20.058823 -21.709962 -22.374350 -17.876147 -17.652077 -23.253761 -21.153525 -20.892550 -16.424685 -14.401861 -16.774306 -18.931390 -24.745114 -25.110954 -18.851056 -8.283701 -15.677365 -19.443637 -9.746193 -3.491204 -6.994228 -5.440017 0.849794 -0.035328 -1.581458 -2.409926 -5.543606 -10.215837 -7.808926 -10.567844 
-13.431880 -16.559193 -16.742933 -17.085536 -22.780699 -19.785982 -9.417667 -11.944547 -11.760244 -16.989588 -18.992095 -18.706197 -13.937334 -13.626234 -16.168852 -21.235331 -27.601705 -22.649450 -17.227947 -11.978608 -13.174233 -17.555559 -19.675036 -24.531334 -23.475542 -10.145402 -9.503393 -16.121204 -17.984813 -13.214801 -13.322014 -7.005702 -4.851419 -7.792951 -10.606950 -8.085426 -9.443478 -11.441400 -17.371117 -13.760729 
-2.956538 -3.328322 6.528462 11.426422 9.055037 2.022214 -1.875350 5.323405 3.702318 -5.629132 -5.484162 -13.568506 -14.559330 -18.114261 -20.014389 -20.497333 -20.517280 -21.776833 -12.121887 -14.415396 -18.711323 -22.710579 -25.711514 -34.279354 -24.967510 -11.315664 -13.675553 -23.028607 -25.293573 -23.089157 -21.031705 -17.037689 -16.464756 -18.247295 -16.590609 -16.271387 -19.712942 -19.617307 -23.962241 -24.383241 
-2.013253 -1.977377 12.976841 19.260081 11.504125 7.785328 17.247258 17.999567 13.034003 17.244731 6.604616 -1.777841 -5.762891 -2.611566 -8.122057 -6.470215 -3.709592 -1.150082 -4.837066 -10.478022 -13.956562 -21.907209 -17.351075 -21.596661 -20.693973 -16.486451 -12.783322 -20.996770 -17.834745 -16.638696 -21.151195 -20.490533 -21.691513 -28.207989 -27.505700 -18.850507 -22.599675 -26.220624 -25.882436 -28.127883 
-7.716484 -11.038915 10.224934 18.898772 9.065136 3.848957 18.878779 12.945302 11.042060 23.866497 10.317609 3.949932 -2.779624 3.290103 -2.251967 -0.978041 1.857968 2.518237 -5.893792 -11.484720 -14.520146 -16.022160 -16.965540 -16.885272 -17.837675 -8.250923 -8.782478 -14.891807 -12.676101 -14.596962 -20.001783 -21.582757 -24.471747 -35.908218 -31.111496 -20.586883 -24.430595 -25.951706 -29.776685 -32.150916 
-30.563803 -16.215764 7.703542 18.149132 10.264784 0.174560 16.317547 12.502238 10.914710 25.504141 13.762484 8.024883 7.466042 4.739025 2.857003 5.428227 3.649404 4.516038 -7.368527 -10.119553 -13.578533 -19.325886 -14.949153 -15.985621 -15.093539 -8.915920 -7.941986 -13.931099 -13.141672 -14.933494 -20.570480 -19.873647 -22.577511 -40.183945 -34.016847 -22.900783 -26.734135 -29.738460 -36.113738 -38.791652 
-17.545285 -15.734148 6.109529 17.545467 10.241010 -6.076879 12.584264 12.335911 3.081812 23.527754 15.014829 10.008838 13.031292 1.977451 4.649835 5.819684 3.410383 4.239379 -4.130674 -7.173843 -12.261415 -17.831497 -14.088286 -16.737772 -13.578545 -8.714396 -11.181586 -15.510789 -16.167754 -15.544619 -22.082283 -23.026567 -25.776885 -40.263165 -33.257656 -23.849951 -27.964080 -31.151196 -35.181325 -38.076815 
-12.862133 -18.340177 5.351636 17.244600 10.663359 -5.370558 11.842325 11.293793 -2.366423 21.071237 13.185580 10.171276 14.325146 3.373978 6.034396 6.723358 5.240951 0.155949 -6.375514 -7.803194 -12.532091 -16.848639 -18.864510 -20.497677 -16.932895 -9.374548 -7.840090 -13.200613 -13.090713 -16.619536 -28.256181 -24.789216 -26.245356 -39.272651 -35.499638 -25.801623 -27.937640 -32.344418 -35.349216 -39.097556 
-11.320632 -15.696167 5.243943 17.126918 10.338337 -5.979612 11.862056 10.079868 0.467384 20.577499 11.056741 11.191192 13.225476 6.482684 8.058285 7.982504 3.821547 0.319556 -7.698565 -9.730962 -12.438679 -18.365406 -17.353366 -20.536118 -16.873029 -8.111142 -5.680413 -12.221713 -12.942946 -18.048130 -29.894962 -23.762796 -25.248500 -38.018861 -34.076148 -22.506936 -27.907719 -33.575284 -38.018436 -38.162657 
-18.882629 -21.216068 5.901556 17.096048 9.462838 -7.088692 11.410911 8.873978 1.277232 19.758397 9.862219 11.327281 11.873950 7.463428 8.177858 7.932808 4.207509 -0.492460 -7.835466 -9.739631 -12.027496 -19.273889 -19.681250 -22.550110 -19.933625 -13.446202 -7.129796 -8.253426 -10.446156 -16.010848 -29.993937 -22.614056 -23.584946 -35.396347 -32.571551 -27.019751 -30.903831 -35.510375 -36.642552 -38.845181 
-17.927507 -16.904445 7.522990 17.256016 8.455339 -4.590016 11.694283 6.476930 6.094952 19.873468 6.464885 11.577738 7.478817 10.663310 6.898453 10.149827 2.286735 -0.488910 -6.870401 -11.141409 -13.643576 -19.682140 -17.754081 -20.263877 -22.134062 -17.905848 -8.141142 -7.498118 -10.276879 -16.339126 -30.104395 -22.071061 -24.064422 -36.953158 -34.269978 -28.201901 -29.233091 -34.229979 -36.151977 -40.622854 
-15.170965 -14.125838 9.434328 17.309609 7.007935 0.943464 13.409172 5.675436 10.395707 19.638485 3.869634 9.470010 2.603566 12.783341 7.078765 11.894474 1.476531 -1.387736 -5.580882 -9.157636 -14.810725 -17.992631 -16.465994 -17.931902 -23.050675 -17.242722 -8.802563 -5.998266 -8.172506 -15.877948 -27.380340 -22.963371 -23.018650 -34.605451 -30.495479 -22.657338 -26.600433 -34.222792 -35.812830 -36.856144 
-8.880365 -11.073856 11.291707 16.763586 3.933748 5.301964 14.468030 3.717694 14.727960 17.346780 4.983500 8.137115 5.866736 13.126997 10.617281 11.713243 2.630458 -1.964085 -4.085540 -5.741130 -12.558344 -16.853021 -15.946676 -19.193595 -20.508508 -14.545737 -5.271231 -3.428356 -8.020113 -11.724844 -24.420638 -18.491283 -18.905546 -37.268538 -35.494658 -25.536770 -29.937704 -35.841712 -38.340754 -38.718078 
-19.769675 -4.948988 13.108116 15.595483 0.373562 8.654654 13.280723 2.309644 16.696138 12.678525 10.054131 8.053480 12.538503 9.457398 12.506640 8.262855 3.454879 -1.134795 -5.395818 -7.783996 -12.467483 -16.929663 -16.243657 -18.975104 -21.003557 -14.937778 -7.963406 -4.873334 -8.010804 -12.534756 -24.177565 -20.490986 -21.110680 -36.360526 -32.751775 -27.559895 -28.560216 -33.111944 -34.036565 -36.593376 
-13.770532 -0.947048 14.147680 14.141475 -1.349899 10.614149 9.808907 5.255688 13.860333 4.406572 12.857002 7.824896 14.209054 9.878389 11.248443 10.178640 6.247064 0.413317 -6.385709 -10.366405 -14.011679 -18.001981 -17.111015 -21.716983 -23.496180 -17.971805 -9.052024 -6.290638 -10.061980 -15.970910 -30.070774 -23.472858 -22.617400 -39.403889 -33.258108 -27.635736 -30.113771 -32.884818 -34.423722 -34.756596 
-24.470195 3.678054 16.353428 12.917519 1.840383 11.231689 3.356529 9.537645 9.807722 10.752788 12.847605 9.270489 8.982188 10.323650 9.841443 12.226249 5.443508 -1.303967 -6.683170 -10.986278 -14.619174 -17.708582 -17.971101 -21.334917 -24.419374 -18.163582 -7.983920 -6.660983 -10.471446 -15.392625 -26.552837 -23.609621 -22.164997 -36.481249 -32.813741 -27.211143 -27.702112 -32.610949 -34.636194 -37.890368 
-17.686060 8.924529 18.591841 13.162308 6.766051 11.200582 1.838104 10.740202 7.640127 14.770797 9.867800 9.977183 11.197260 12.266436 12.697603 11.306641 7.293011 0.553948 -7.246198 -10.705230 -15.261086 -16.857856 -17.209104 -19.886205 -21.978016 -18.126555 -11.609115 -10.832714 -9.783604 -15.065154 -28.514267 -26.379364 -22.528988 -36.015038 -34.455350 -22.997995 -26.798184 -34.206115 -37.021074 -37.539389 
-7.407219 11.722984 18.387572 11.135798 10.882545 9.915521 7.574545 8.073501 11.415275 14.532515 10.328254 6.399321 11.640585 11.821975 10.558453 12.674916 7.375215 -0.028176 -6.176793 -11.570113 -17.392785 -21.504450 -20.277545 -19.730653 -21.698413 -15.700434 -8.609144 -10.822758 -12.881702 -15.152733 -26.598846 -23.817400 -20.768132 -33.688380 -31.720364 -26.668877 -29.045319 -32.300010 -34.535331 -34.205164 
-1.754758 13.548176 14.837692 6.745059 10.949289 5.157299 9.286279 8.216258 11.240946 9.536262 8.632345 6.446725 9.454487 9.610929 9.595065 10.613526 3.410172 -0.751261 -6.408291 -10.422273 -16.790432 -20.649741 -21.573469 -22.204376 -25.133722 -19.821248 -9.646741 -10.501613 -11.234371 -13.960092 -25.783154 -23.908409 -22.668009 -35.023871 -33.624038 -24.820630 -29.646623 -34.041821 -37.376405 -36.142603 
2.113207 15.910044 14.258593 9.259682 8.420985 5.056173 7.253858 7.986838 9.005866 10.309830 5.957225 5.447655 8.494985 9.867747 9.217803 5.990324 -0.314690 -4.619485 -12.085611 -14.291682 -18.168571 -18.852329 -20.325946 -21.781904 -21.672884 -16.882258 -12.203271 -13.049310 -15.739344 -19.126056 -33.791620 -31.466071 -29.101380 -38.972675 -34.270363 -27.519981 -31.583771 -36.149735 -33.802589 -38.861000 
6.860915 18.257125 15.391471 10.711111 5.641747 4.024541 3.001767 3.106698 4.843898 3.161368 4.340192 1.319506 7.314532 6.537980 5.616272 3.739601 -0.917195 -5.838901 -9.928294 -14.131689 -18.966586 -22.674644 -21.253488 -22.799594 -22.561421 -14.904876 -9.859941 -15.965530 -18.709892 -25.302718 -34.739525 -33.144561 -29.955986 -36.085155 -33.822446 -27.199715 -32.225025 -32.900089 -34.742275 -36.132039 
9.760331 18.560268 14.474414 10.924698 5.368742 4.323151 3.107772 1.131513 1.733374 4.088017 3.507373 3.338433 6.600991 5.579614 3.755913 1.154027 -3.382653 -10.212720 -10.855589 -15.917967 -19.641631 -28.220901 -22.235538 -21.949083 -26.352472 -18.588983 -14.998631 -16.615308 -16.234530 -23.847662 -35.214386 -34.938948 -30.846442 -38.518462 -35.697858 -23.587324 -26.115530 -33.734711 -36.581769 -34.030199 
11.786841 18.765839 14.271412 9.008351 2.893653 -1.593219 0.185132 -0.213852 1.341631 2.429777 -1.785915 -1.846585 2.949133 3.957106 3.803068 -0.319449 -6.962332 -13.623320 -15.973701 -18.878912 -26.868981 -31.576173 -32.550479 -27.483511 -25.168998 -21.090309 -16.684186 -20.650932 -25.279279 -27.132375 -30.442978 -37.963870 -33.461870 -36.371397 -35.150667 -30.400112 -30.832386 -35.501459 -35.844335 -34.984055 
12.915584 19.096807 14.449520 5.672396 -2.991959 -2.674538 -2.935502 -3.507401 -0.761227 1.833453 -0.048899 -3.608674 -0.685809 -1.814737 -4.207219 -3.027346 -4.211594 -8.890947 -13.663594 -24.206220 -31.010975 -24.985068 -24.577141 -30.508206 -32.784681 -22.754204 -21.383444 -24.522812 -28.352881 -30.866628 -38.419846 -36.267151 -35.315615 -42.867539 -40.529749 -30.225047 -32.264134 -33.070654 -37.547465 -34.821584 
13.238796 15.897025 7.863841 1.400031 -4.762227 -4.771523 -9.582075 -10.116846 -7.187700 -3.042550 -3.357058 -5.896604 -3.108255 -4.152412 -7.542658 -8.955087 -6.593537 -7.456469 -14.780752 -20.603123 -27.781991 -26.455565 -23.966913 -26.438710 -25.426268 -19.028772 -23.230339 -27.855528 -30.101521 -32.414070 -40.818824 -33.562822 -34.876907 -39.118823 -38.270421 -30.747722 -30.394146 -33.666362 -33.813631 -34.818801 
12.131799 14.049953 5.152246 -0.425029 -6.933223 -5.473153 -11.638668 -12.345119 -10.038911 -4.499103 -9.500768 -9.792181 -9.049166 -9.617883 -9.767802 -11.866859 -7.306844 -7.408984 -10.656289 -15.043089 -25.024451 -24.548369 -23.378635 -27.415714 -21.587025 -20.190141 -25.188970 -31.191041 -33.578511 -35.263413 -42.119668 -35.864759 -34.709489 -39.101276 -39.372308 -30.478892 -30.713603 -32.888538 -33.433994 -35.652981 
11.230306 15.230484 8.326974 -3.809002 -11.112177 -10.152353 -9.005675 -13.170292 -11.403327 -9.158309 -11.090212 -10.984141 -9.551505 -14.168647 -18.004504 -24.117817 -18.115726 -7.525657 -6.662612 -12.147714 -21.062718 -18.487780 -19.349197 -18.461121 -22.546631 -29.302968 -31.976029 -36.810384 -36.486657 -33.925798 -40.108569 -35.808079 -31.410204 -38.300200 -42.334721 -37.305062 -34.247713 -36.763281 -35.863778 -36.066819 
7.080302 9.441422 0.439958 -6.096331 -11.157747 -16.346621 -12.663397 -13.141498 -12.303663 -15.625649 -15.384477 -22.767350 -16.839006 -19.360697 -18.644621 -22.503759 -23.726471 -18.257849 -5.928230 -11.565321 -21.956478 -21.981528 -20.782281 -27.456556 -32.017707 -40.249771 -38.074952 -41.419492 -41.757966 -39.547996 -35.860622 -35.325613 -35.357558 -40.944131 -44.142360 -41.196750 -38.480586 -41.678123 -37.469126 -37.288132 
-0.508629 2.034143 -4.251015 -15.550102 -26.186206 -23.593261 -20.818390 -14.826525 -13.045779 -12.207325 -22.910293 -29.857487 -22.278868 -23.677293 -26.518407 -31.488691 -29.628547 -20.193543 -11.217016 -16.584358 -23.676116 -32.250347 -31.115563 -34.150453 -37.518907 -40.972800 -47.017159 -44.824339 -45.304778 -44.652501 -41.312809 -34.975135 -34.194814 -39.652268 -46.935598 -44.524227 -41.400869 -45.438568 -42.456577 -42.106131 
-7.294614 -4.421180 -11.401125 -24.110789 -27.576814 -29.334839 -36.905587 -33.646931 -25.020987 -24.305627 -29.792887 -33.884368 -35.934466 -41.740785 -44.302527 -43.015781 -42.436289 -37.094239 -23.938859 -28.805254 -37.783677 -45.002265 -50.956848 -47.975108 -51.620671 -52.644464 -55.178187 -53.504286 -53.905173 -53.094775 -54.434179 -54.047402 -51.847788 -53.611944 -56.683857 -55.351348 -55.880649 -56.739000 -54.963401 -55.534850 
-12.693390 -14.684604 -18.652688 -22.436175 -34.177026 -42.581773 -42.893032 -39.142652 -43.835389 -41.917900 -47.771273 -46.578921 -42.941094 -45.362999 -52.206092 -53.548393 -47.821037 -49.007212 -45.515324 -48.535114 -55.202851 -55.375681 -61.474377 -57.742872 -57.791806 -56.002437 -59.242470 -59.735698 -59.276963 -57.407174 -60.195523 -61.562947 -60.897947 -57.678944 -59.860456 -61.108922 -60.457951 -61.433547 -63.343741 -63.954814 
-13.182408 -13.194176 -20.695114 -33.662311 -37.785626 -45.558359 -47.621040 -45.402889 -47.742965 -47.008535 -50.841731 -50.226387 -51.636456 -48.460837 -51.121185 -51.026933 -51.176765 -54.097719 -56.564887 -57.418914 -60.457662 -59.102326 -58.581420 -62.332828 -59.384804 -60.333190 -61.309525 -61.431180 -61.172754 -63.945048 -62.758962 -60.265809 -57.844304 -59.942881 -62.172906 -62.610893 -60.202250 -60.218450 -63.520058 -66.548624 
-24.994791 -14.936955 -21.434546 -38.171235 -44.573225 -46.487881 -44.994592 -44.152241 -56.599192 -51.997399 -53.357377 -55.242487 -55.429678 -59.717523 -57.917608 -54.544935 -57.284389 -60.627198 -60.213422 -56.730903 -59.292667 -62.775349 -62.255445 -63.321420 -61.003060 -62.492401 -63.552623 -60.955256 -62.799945 -59.417263 -60.979303 -62.760468 -61.478178 -63.466211 -62.824195 -63.179641 -62.034482 -63.356748 -65.323985 -65.599102 
-19.158068 -26.504492 -22.289075 -31.296629 -44.073410 -47.823951 -53.395578 -51.746245 -50.585917 -48.326682 -57.596338 -53.842708 -56.526258 -60.465034 -60.065295 -55.572100 -60.742841 -60.906606 -57.607165 -59.710660 -64.205615 -61.082198 -61.760715 -63.024051 -61.154195 -59.869459 -62.812995 -61.820497 -61.127939 -60.352926 -61.943438 -62.534621 -62.825397 -63.497563 -64.622585 -64.264952 -63.566010 -64.530117 -64.982996 -66.144841 
-18.421420 -27.112676 -32.428023 -37.905452 -46.651897 -48.728784 -50.357883 -53.145572 -53.679470 -57.805497 -64.999503 -58.392563 -55.281587 -62.190345 -59.154834 -56.977187 -59.849780 -59.548655 -65.355644 -62.981998 -64.862411 -60.020875 -60.156989 -60.470471 -62.034411 -60.874900 -59.012336 -64.529056 -61.624788 -59.933287 -61.728391 -64.929693 -62.576734 -59.044648 -65.089426 -60.209868 -62.654371 -64.916884 -62.828988 -65.139595 
-21.338397 -20.785672 -23.332892 -32.898225 -48.350378 -57.881514 -56.403919 -52.644598 -55.242113 -59.918097 -62.257399 -55.967780 -58.676823 -61.712502 -60.656612 -61.739042 -61.595759 -64.876793 -64.035559 -63.386183 -60.116677 -61.559042 -60.886310 -60.963459 -58.207299 -62.046491 -60.023300 -60.825374 -61.534332 -61.838548 -60.237245 -62.533424 -63.303907 -60.809878 -61.801288 -63.021888 -60.772948 -64.000967 -61.258815 -62.856672 
-16.980817 -20.187665 -27.023740 -35.813928 -32.434164 -27.099527 -27.446158 -30.738341 -31.774382 -26.905187 -27.823949 -31.284184 -32.292601 -34.071586 -34.645653 -34.648630 -36.508179 -34.922198 -31.814607 -28.661590 -24.693428 -24.848671 -34.337421 -38.443677 -39.331988 -40.506631 -48.464096 -50.704975 -59.545088 -56.241061 -52.708866 -52.807110 -48.643895 -51.280132 -52.525961 -52.561057 -56.006516 -56.342326 -58.621840 -58.934639 
-9.755028 -16.869227 -27.956472 -22.127220 -18.336116 -16.505477 -17.460205 -17.406971 -11.631887 -13.531284 -15.257032 -19.974969 -23.381804 -20.224871 -18.745895 -19.936490 -21.809880 -22.265640 -18.363647 -15.434327 -7.166958 -9.472484 -19.383765 -24.759238 -26.757219 -26.330421 -33.989626 -36.883897 -42.084812 -39.925328 -39.206654 -35.181741 -31.131685 -35.268643 -39.326208 -40.182933 -40.598190 -41.314853 -41.136163 -41.331029 
-9.595648 -20.721447 -29.546861 -31.288090 -27.778773 -21.811943 -14.906666 -17.256999 -12.698842 -17.557951 -22.198163 -30.561590 -26.719836 -25.911383 -25.777419 -28.310004 -25.218773 -22.660015 -20.756678 -20.110266 -13.017285 -12.915012 -20.735129 -23.359767 -27.307310 -28.003802 -31.112820 -36.220201 -37.643558 -34.104031 -31.553367 -29.188436 -26.915826 -30.403324 -34.336330 -37.398268 -35.652635 -34.850678 -38.081523 -35.668373 
-11.432125 -15.692718 -18.128613 -26.177555 -30.104391 -28.892467 -22.890695 -20.586042 -16.790145 -21.443977 -27.916835 -31.224246 -27.321202 -31.135542 -32.943035 -29.791004 -26.000615 -26.577751 -21.925433 -23.647403 -18.725332 -14.088233 -18.746014 -27.401132 -25.001506 -25.516332 -30.728951 -32.593049 -31.112722 -31.088250 -32.277713 -29.510198 -28.188934 -30.079034 -33.532330 -37.993075 -36.480245 -36.974856 -36.372059 -36.898423 
-8.726365 -13.360839 -24.068113 -33.005350 -34.803449 -24.207822 -18.161462 -20.419686 -16.033201 -19.674658 -30.033085 -34.811179 -43.175365 -37.112175 -30.954893 -35.260736 -37.158790 -35.011960 -30.044083 -26.431202 -19.617142 -19.516716 -19.607967 -25.005769 -26.652936 -25.709528 -32.854688 -33.385472 -34.516343 -33.489390 -33.577519 -31.525416 -27.865078 -30.905792 -39.353043 -40.066680 -41.111933 -41.633336 -38.295077 -38.897910 
-16.651659 -19.364993 -30.665066 -36.096428 -34.579702 -28.626817 -20.444138 -21.174035 -30.261988 -30.624452 -46.957719 -45.445135 -45.208132 -37.272648 -36.337741 -44.082179 -43.114953 -38.728253 -35.650451 -33.537073 -28.945665 -26.623319 -30.707114 -30.727256 -33.777103 -28.551287 -34.686083 -45.556192 -45.739219 -43.765042 -43.341801 -39.459070 -38.911029 -43.671842 -45.288064 -46.062525 -46.607165 -47.461496 -44.185548 -45.635027 
-43.011795 -43.779425 -44.952633 -46.708926 -48.763950 -50.476346 -50.749414 -50.141412 -49.805835 -50.884795 -53.877290 -57.613200 -59.584482 -59.168970 -60.930171 -64.268004 -60.920556 -56.923325 -54.789672 -52.066593 -50.203720 -50.633748 -53.394427 -58.813888 -60.479647 -63.168980 -62.483685 -63.197258 -62.828408 -65.639055 -65.353768 -69.689234 -74.050302 -71.760011 -70.156919 -68.080685 -67.670367 -67.806909 -67.699851 -70.717481 
NaN NaN NaN NaN NaN NaN NaN NaN NaN NaN NaN NaN NaN NaN NaN NaN NaN NaN NaN NaN NaN NaN NaN NaN NaN NaN NaN NaN NaN NaN NaN NaN NaN NaN NaN NaN NaN NaN NaN NaN 
NaN NaN NaN NaN NaN NaN NaN NaN NaN NaN NaN NaN NaN NaN NaN NaN NaN NaN NaN NaN NaN NaN NaN NaN NaN NaN NaN NaN NaN NaN NaN NaN NaN NaN NaN NaN NaN NaN NaN NaN 
NaN NaN NaN NaN NaN NaN NaN NaN NaN NaN NaN NaN NaN NaN NaN NaN NaN NaN NaN NaN NaN NaN NaN NaN NaN NaN NaN NaN NaN NaN NaN NaN NaN NaN NaN NaN NaN NaN NaN NaN 
NaN NaN NaN NaN NaN NaN NaN NaN NaN NaN NaN NaN NaN NaN NaN NaN NaN NaN NaN NaN NaN NaN NaN NaN NaN NaN NaN NaN NaN NaN NaN NaN NaN NaN NaN NaN NaN NaN NaN NaN 
NaN NaN NaN NaN NaN NaN NaN NaN NaN NaN NaN NaN NaN NaN NaN NaN NaN NaN NaN NaN NaN NaN NaN NaN NaN NaN NaN NaN NaN NaN NaN NaN NaN NaN NaN NaN NaN NaN NaN NaN 
NaN NaN NaN NaN NaN NaN NaN NaN NaN NaN NaN NaN NaN NaN NaN NaN NaN NaN NaN NaN NaN NaN NaN NaN NaN NaN NaN NaN NaN NaN NaN NaN NaN NaN NaN NaN NaN NaN NaN NaN 
NaN NaN NaN NaN NaN NaN NaN NaN NaN NaN NaN NaN NaN NaN NaN NaN NaN NaN NaN NaN NaN NaN NaN NaN NaN NaN NaN NaN NaN NaN NaN NaN NaN NaN NaN NaN NaN NaN NaN NaN 
NaN NaN NaN NaN NaN NaN NaN NaN NaN NaN NaN NaN NaN NaN NaN NaN NaN NaN NaN NaN NaN NaN NaN NaN NaN NaN NaN NaN NaN NaN NaN NaN NaN NaN NaN NaN NaN NaN NaN NaN 
NaN NaN NaN NaN NaN NaN NaN NaN NaN NaN NaN NaN NaN NaN NaN NaN NaN NaN NaN NaN NaN NaN NaN NaN NaN NaN NaN NaN NaN NaN NaN NaN NaN NaN NaN NaN NaN NaN NaN NaN 
NaN NaN NaN NaN NaN NaN NaN NaN NaN NaN NaN NaN NaN NaN NaN NaN NaN NaN NaN NaN NaN NaN NaN NaN NaN NaN NaN NaN NaN NaN NaN NaN NaN NaN NaN NaN NaN NaN NaN NaN 
NaN NaN NaN NaN NaN NaN NaN NaN NaN NaN NaN NaN NaN NaN NaN NaN NaN NaN NaN NaN NaN NaN NaN NaN NaN NaN NaN NaN NaN NaN NaN NaN NaN NaN NaN NaN NaN NaN NaN NaN 
NaN NaN NaN NaN NaN NaN NaN NaN NaN NaN NaN NaN NaN NaN NaN NaN NaN NaN NaN NaN NaN NaN NaN NaN NaN NaN NaN NaN NaN NaN NaN NaN NaN NaN NaN NaN NaN NaN NaN NaN 
NaN NaN NaN NaN NaN NaN NaN NaN NaN NaN NaN NaN NaN NaN NaN NaN NaN NaN NaN NaN NaN NaN NaN NaN NaN NaN NaN NaN NaN NaN NaN NaN NaN NaN NaN NaN NaN NaN NaN NaN 
NaN NaN NaN NaN NaN NaN NaN NaN NaN NaN NaN NaN NaN NaN NaN NaN NaN NaN NaN NaN NaN NaN NaN NaN NaN NaN NaN NaN NaN NaN NaN NaN NaN NaN NaN NaN NaN NaN NaN NaN 
NaN NaN NaN NaN NaN NaN NaN NaN NaN NaN NaN NaN NaN NaN NaN NaN NaN NaN NaN NaN NaN NaN NaN NaN NaN NaN NaN NaN NaN NaN NaN NaN NaN NaN NaN NaN NaN NaN NaN NaN 
NaN NaN NaN NaN NaN NaN NaN NaN NaN NaN NaN NaN NaN NaN NaN NaN NaN NaN NaN NaN NaN NaN NaN NaN NaN NaN NaN NaN NaN NaN NaN NaN NaN NaN NaN NaN NaN NaN NaN NaN 
