NaN NaN NaN NaN NaN NaN NaN NaN NaN NaN NaN NaN NaN NaN NaN NaN NaN NaN NaN NaN NaN NaN NaN NaN NaN NaN NaN NaN NaN NaN NaN NaN NaN NaN NaN NaN NaN NaN NaN NaN 
NaN NaN NaN NaN NaN NaN NaN NaN NaN NaN NaN NaN NaN NaN NaN NaN NaN NaN NaN NaN NaN NaN NaN NaN NaN NaN NaN NaN NaN NaN NaN NaN NaN NaN NaN NaN NaN NaN NaN NaN 
NaN NaN NaN NaN NaN NaN NaN NaN NaN NaN NaN NaN NaN NaN NaN NaN NaN NaN NaN NaN NaN NaN NaN NaN NaN NaN NaN NaN NaN NaN NaN NaN NaN NaN NaN NaN NaN NaN NaN NaN 
NaN NaN NaN NaN NaN NaN NaN NaN NaN NaN NaN NaN NaN NaN NaN NaN NaN NaN NaN NaN NaN NaN NaN NaN NaN NaN NaN NaN NaN NaN NaN NaN NaN NaN NaN NaN NaN NaN NaN NaN 
NaN NaN NaN NaN NaN NaN NaN NaN NaN NaN NaN NaN NaN NaN NaN NaN NaN NaN NaN NaN NaN NaN NaN NaN NaN NaN NaN NaN NaN NaN NaN NaN NaN NaN NaN NaN NaN NaN NaN NaN 
NaN NaN NaN NaN NaN NaN NaN NaN NaN NaN NaN NaN NaN NaN NaN NaN NaN NaN NaN NaN NaN NaN NaN NaN NaN NaN NaN NaN NaN NaN NaN NaN NaN NaN NaN NaN NaN NaN NaN NaN 
NaN NaN NaN NaN NaN NaN NaN NaN NaN NaN NaN NaN NaN NaN NaN NaN NaN NaN NaN NaN NaN NaN NaN NaN NaN NaN NaN NaN NaN NaN NaN NaN NaN NaN NaN NaN NaN NaN NaN NaN 
NaN NaN NaN NaN NaN NaN NaN NaN NaN NaN NaN NaN NaN NaN NaN NaN NaN NaN NaN NaN NaN NaN NaN NaN NaN NaN NaN NaN NaN NaN NaN NaN NaN NaN NaN NaN NaN NaN NaN NaN 
NaN NaN NaN NaN NaN NaN NaN NaN NaN NaN NaN NaN NaN NaN NaN NaN NaN NaN NaN NaN NaN NaN NaN NaN NaN NaN NaN NaN NaN NaN NaN NaN NaN NaN NaN NaN NaN NaN NaN NaN 
NaN NaN NaN NaN NaN NaN NaN NaN NaN NaN NaN NaN NaN NaN NaN NaN NaN NaN NaN NaN NaN NaN NaN NaN NaN NaN NaN NaN NaN NaN NaN NaN NaN NaN NaN NaN NaN NaN NaN NaN 
NaN NaN NaN NaN NaN NaN NaN NaN NaN NaN NaN NaN NaN NaN NaN NaN NaN NaN NaN NaN NaN NaN NaN NaN NaN NaN NaN NaN NaN NaN NaN NaN NaN NaN NaN NaN NaN NaN NaN NaN 
NaN NaN NaN NaN NaN NaN NaN NaN NaN NaN NaN NaN NaN NaN NaN NaN NaN NaN NaN NaN NaN NaN NaN NaN NaN NaN NaN NaN NaN NaN NaN NaN NaN NaN NaN NaN NaN NaN NaN NaN 
NaN NaN NaN NaN NaN NaN NaN NaN NaN NaN NaN NaN NaN NaN NaN NaN NaN NaN NaN NaN NaN NaN NaN NaN NaN NaN NaN NaN NaN NaN NaN NaN NaN NaN NaN NaN NaN NaN NaN NaN 
NaN NaN NaN NaN NaN NaN NaN NaN NaN NaN NaN NaN NaN NaN NaN NaN NaN NaN NaN NaN NaN NaN NaN NaN NaN NaN NaN NaN NaN NaN NaN NaN NaN NaN NaN NaN NaN NaN NaN NaN 
NaN NaN NaN NaN NaN NaN NaN NaN NaN NaN NaN NaN NaN NaN NaN NaN NaN NaN NaN NaN NaN NaN NaN NaN NaN NaN NaN NaN NaN NaN NaN NaN NaN NaN NaN NaN NaN NaN NaN NaN 
NaN NaN NaN NaN NaN NaN NaN NaN NaN NaN NaN NaN NaN NaN NaN NaN NaN NaN NaN NaN NaN NaN NaN NaN NaN NaN NaN NaN NaN NaN NaN NaN NaN NaN NaN NaN NaN NaN NaN NaN 
NaN NaN NaN NaN NaN NaN NaN NaN NaN NaN NaN NaN NaN NaN NaN NaN NaN NaN NaN NaN NaN NaN NaN NaN NaN NaN NaN NaN NaN NaN NaN NaN NaN NaN NaN NaN NaN NaN NaN NaN 
NaN NaN NaN NaN NaN NaN NaN NaN NaN NaN NaN NaN NaN NaN NaN NaN NaN NaN NaN NaN NaN NaN NaN NaN NaN NaN NaN NaN NaN NaN NaN NaN NaN NaN NaN NaN NaN NaN NaN NaN 
NaN NaN NaN NaN NaN NaN NaN NaN NaN NaN NaN NaN NaN NaN NaN NaN NaN NaN NaN NaN NaN NaN NaN NaN NaN NaN NaN NaN NaN NaN NaN NaN NaN NaN NaN NaN NaN NaN NaN NaN 
NaN NaN NaN NaN NaN NaN NaN NaN NaN NaN NaN NaN NaN NaN NaN NaN NaN NaN NaN NaN NaN NaN NaN NaN NaN NaN NaN NaN NaN NaN NaN NaN NaN NaN NaN NaN NaN NaN NaN NaN 
NaN NaN NaN NaN NaN NaN NaN NaN NaN NaN NaN NaN NaN NaN NaN NaN NaN NaN NaN NaN NaN NaN NaN NaN NaN NaN NaN NaN NaN NaN NaN NaN NaN NaN NaN NaN NaN NaN NaN NaN 
NaN NaN NaN NaN NaN NaN NaN NaN NaN NaN NaN NaN NaN NaN NaN NaN NaN NaN NaN NaN NaN NaN NaN NaN NaN NaN NaN NaN NaN NaN NaN NaN NaN NaN NaN NaN NaN NaN NaN NaN 
NaN NaN NaN NaN NaN NaN NaN NaN NaN NaN NaN NaN NaN NaN NaN NaN NaN NaN NaN NaN NaN NaN NaN NaN NaN NaN NaN NaN NaN NaN NaN NaN NaN NaN NaN NaN NaN NaN NaN NaN 
NaN NaN NaN NaN NaN NaN NaN NaN NaN NaN NaN NaN NaN NaN NaN NaN NaN NaN NaN NaN NaN NaN NaN NaN NaN NaN NaN NaN NaN NaN NaN NaN NaN NaN NaN NaN NaN NaN NaN NaN 
-59.176779 -61.233779 -64.499414 -69.319523 -68.976303 -61.502555 -57.095012 -54.901412 -53.754674 -52.995276 -53.455877 -55.763390 -59.109376 -66.256080 -69.473732 -63.529563 -59.801250 -57.661294 -56.237504 -56.921409 -60.618109 -67.507011 -66.914860 -67.212098 -71.555454 -66.656483 -65.453767 -71.370639 -65.459456 -62.202928 -65.715547 -63.348416 -66.169716 -60.284412 -68.063936 -71.860122 -68.449518 -70.589761 -67.235600 -71.771286 
-23.194475 -24.582522 -27.429525 -31.559168 -36.909470 -44.085472 -38.099508 -32.724686 -27.220681 -29.115948 -39.372842 -37.522579 -36.682497 -39.779724 -42.085161 -43.460691 -41.328466 -26.391011 -21.972486 -31.028919 -34.850562 -35.643178 -41.223579 -50.854288 -41.708812 -39.974530 -43.552338 -42.576716 -40.658654 -35.429363 -36.773166 -31.250798 -31.917151 -34.846238 -38.186183 -37.093913 -37.487248 -38.479254 -38.858093 -43.253393 
-20.722747 -21.126582 -29.125345 -33.256898 -33.791672 -29.475786 -28.883697 -31.653965 -27.446503 -30.215337 -33.957611 -36.491230 -32.626139 -28.663981 -27.763488 -32.310816 -31.998401 -22.996319 -22.045678 -29.491485 -32.517585 -32.785803 -32.986655 -43.291005 -36.664599 -34.344030 -33.135290 -29.791754 -27.421763 -23.684027 -19.775635 -19.572794 -17.055900 -16.285101 -20.789099 -19.144990 -22.822062 -21.068895 -20.863202 -25.343978 
-18.991143 -19.002823 -26.997809 -33.040206 -32.381062 -36.097358 -31.315015 -25.105198 -27.057841 -36.113239 -28.826283 -30.582941 -33.082562 -24.981784 -27.198629 -29.588518 -27.976788 -23.770476 -23.197130 -26.650476 -27.768620 -28.362613 -27.204540 -33.903384 -39.717685 -33.831863 -27.090188 -22.666474 -18.002728 -16.870581 -13.172601 -12.400811 -13.809903 -12.788363 -16.180581 -14.587713 -13.981413 -16.866005 -17.228745 -18.713913 
-23.351410 -28.211696 -37.901352 -40.597416 -35.580123 -35.115475 -32.470206 -34.262913 -33.098705 -38.874364 -32.863389 -34.527636 -31.132479 -27.844858 -21.602612 -26.127172 -27.083527 -28.448459 -24.316016 -25.076128 -26.431607 -27.512489 -31.049125 -38.418067 -31.304060 -24.858814 -23.237884 -20.267589 -20.446701 -14.191309 -7.716716 -8.025640 -8.817440 -10.700434 -11.947865 -12.866794 -11.942247 -12.293493 -14.166791 -13.896284 
-23.117194 -31.688321 -36.739442 -35.820464 -33.143481 -34.492201 -34.121580 -26.592336 -28.214019 -34.929051 -29.962661 -29.903456 -27.705521 -24.224231 -23.993810 -24.760817 -21.407094 -21.967233 -24.701854 -22.940852 -24.705669 -19.278266 -25.633348 -32.497678 -26.627771 -21.276298 -19.443478 -15.346131 -15.936678 -12.582294 -8.182166 -0.054178 -2.561386 -3.212747 -6.138411 -7.762087 -4.360386 -3.846355 -4.297499 -9.507476 
-38.105925 -34.649425 -36.971077 -37.109305 -37.815330 -32.940522 -28.894175 -30.401708 -32.193469 -36.123140 -36.352375 -33.890348 -27.931684 -24.524887 -21.662229 -24.400186 -23.993669 -20.402859 -18.483090 -18.552839 -22.038580 -18.938351 -23.624739 -32.017792 -26.559625 -23.923890 -17.962254 -18.587737 -14.170014 -10.299933 -7.911619 -4.564428 -2.981936 -3.241213 -5.653537 -8.231883 -6.067069 -0.825000 -2.773393 -8.168109 
-32.979844 -34.354340 -39.103438 -31.525153 -33.588945 -35.930092 -31.510550 -27.716078 -32.050594 -33.578608 -30.870922 -38.379368 -30.390550 -26.378310 -19.678174 -21.036044 -20.169918 -22.933795 -22.768323 -23.202073 -22.087152 -19.049115 -22.075681 -30.278157 -25.466625 -24.908615 -19.649586 -17.315235 -15.756934 -8.202845 -2.165183 0.025320 -1.159430 -4.830503 -7.308156 -3.858879 1.147243 -0.465286 -1.989656 -4.630196 
-28.736639 -30.135682 -37.903860 -31.616299 -31.454259 -31.462343 -33.202827 -26.715763 -24.894447 -27.016800 -32.528681 -32.151174 -26.340015 -22.631774 -21.173980 -23.082363 -24.128358 -22.022951 -18.958956 -21.328918 -18.508214 -22.504060 -22.995856 -32.874900 -25.835364 -22.433899 -19.036842 -16.733843 -12.387082 -9.003364 -2.015718 2.061136 2.183880 -0.425727 -4.961619 -4.045490 0.396729 0.000033 -1.308111 -4.400112 
-25.936627 -34.735930 -41.649546 -36.998668 -39.863999 -27.585844 -25.637361 -25.238086 -26.453355 -28.364953 -30.228591 -32.160921 -27.974719 -26.274127 -25.254343 -23.623714 -24.735546 -23.146676 -20.219688 -18.894381 -17.438307 -20.760477 -26.621496 -34.240267 -27.445068 -19.062850 -17.451299 -13.981023 -10.727688 -6.862314 -2.859365 0.088446 0.386413 0.126158 -2.370329 -2.423044 1.283218 0.510801 0.643502 -2.361926 
-25.146557 -32.893813 -45.421825 -37.894522 -41.468532 -34.782660 -32.850377 -28.796793 -34.201957 -41.659039 -35.541176 -37.028850 -28.266465 -31.183814 -30.027549 -25.518978 -27.791790 -29.062884 -23.966592 -23.614020 -23.898337 -25.248737 -29.922872 -34.839615 -24.312125 -19.774064 -17.354395 -14.447944 -12.431015 -5.705970 -2.282216 -2.001687 0.698864 0.100734 -5.151422 -6.669906 -0.927517 0.789229 -4.368069 -5.669835 
-25.338931 -36.673086 -37.336779 -33.975650 -31.660851 -33.331809 -31.039401 -30.882599 -35.988560 -35.840824 -35.277474 -35.355745 -30.492924 -32.776472 -24.836947 -19.482741 -26.887596 -25.847640 -20.192694 -18.531935 -21.197782 -21.970170 -28.368868 -35.275132 -23.217385 -19.064526 -17.010912 -14.632859 -13.960491 -4.902477 -2.253078 -0.682478 -0.737885 -4.342729 -4.753056 -2.500517 -0.384030 -2.431894 -2.230693 -6.775159 
-30.215377 -37.736700 -36.003744 -35.268463 -33.831749 -31.016392 -34.997900 -33.605880 -31.143259 -35.457260 -37.578384 -33.623151 -31.690377 -26.094054 -23.540067 -18.009541 -19.996899 -17.635371 -18.759436 -21.206054 -22.362250 -18.068281 -23.602113 -28.787687 -19.234216 -15.338366 -16.587392 -13.548084 -8.402097 -3.773936 -1.389350 1.736288 0.698207 -0.460893 -5.642697 0.291600 1.168383 1.130488 -2.231549 -3.158089 
-36.715283 -33.301335 -31.858420 -28.241408 -35.935480 -35.707202 -35.049926 -34.243261 -29.658483 -39.982679 -43.174425 -33.425239 -27.727314 -25.902261 -23.763983 -22.888608 -22.444661 -20.558783 -25.951916 -20.757607 -24.762015 -20.952778 -24.106188 -28.707283 -24.381303 -18.175953 -12.357067 -15.720304 -9.311031 -3.822361 -2.454490 -3.603224 0.715886 1.982362 -4.221576 1.653745 2.522018 -0.941574 0.450212 -2.528436 
-20.288709 -29.796514 -32.056493 -24.434519 -26.650461 -33.442625 -30.989959 -30.496653 -28.063275 -31.733053 -29.882294 -32.638409 -31.184056 -22.239257 -19.217133 -25.422447 -17.655257 -23.009665 -23.668899 -23.619921 -17.670150 -18.762925 -23.130991 -29.274269 -19.042721 -18.441332 -14.796755 -13.713044 -11.647562 -5.667754 1.247116 1.507800 0.489595 1.143028 -1.315371 -0.920155 4.611534 1.534024 1.544184 -2.562645 
-12.910699 -22.338136 -26.792074 -24.640829 -19.227399 -16.492446 -18.351629 -18.877433 -16.576323 -22.820043 -26.263797 -22.979091 -20.122135 -19.365285 -14.614401 -19.394371 -14.939046 -19.148230 -22.729997 -19.506675 -16.386243 -16.886276 -19.452454 -27.367540 -19.475808 -19.100985 -17.247388 -13.673529 -16.065201 -8.828631 0.165915 1.784748 0.318276 -2.889159 -3.628285 -0.114674 3.440856 2.162282 -0.911503 -7.378812 
-10.936817 -18.513191 -18.996752 -17.054019 -16.280876 -18.761214 -14.611771 -12.357371 -14.317202 -17.409064 -18.390910 -23.060272 -20.185224 -15.069559 -12.878834 -15.557112 -14.656170 -18.546076 -16.064300 -13.559671 -10.451496 -14.257220 -19.760413 -27.926327 -18.309984 -17.070454 -18.644644 -16.560909 -16.136528 -11.329527 -6.727906 -4.871132 -3.295888 -5.064743 -6.692265 -3.518617 -1.856511 -2.593142 -6.214115 -14.631523 
-7.018492 -6.503587 6.612726 12.680885 11.523143 6.192594 3.860391 4.787427 3.099763 -3.048177 -7.546216 -11.900248 -14.867137 -11.232841 -12.829834 -13.070820 -13.785918 -15.561901 -13.817279 -16.534689 -19.624984 -22.124949 -24.140059 -29.017778 -24.292842 -21.546057 -25.735349 -26.667043 -22.049167 -15.429129 -13.624721 -10.404903 -13.200146 -16.439110 -19.845011 -18.892425 -14.448495 -14.582798 -16.658604 -18.825283 
-7.514000 -2.173494 14.412470 22.284271 16.908388 10.868806 21.692787 22.021957 12.686312 17.106131 9.055092 1.841398 0.846672 3.269015 1.384430 8.183768 5.574581 4.329052 -4.750721 -9.898315 -13.361396 -17.816046 -19.297432 -21.796165 -8.765084 -9.526200 -14.809625 -18.866100 -17.352160 -14.177148 -23.701323 -14.293460 -12.213241 -12.942745 -15.424786 -23.504638 -21.245156 -24.683339 -26.575181 -24.658799 
-15.162081 -8.275211 10.041564 21.648618 14.937797 5.597726 20.887500 20.673043 11.455988 23.021250 18.197760 2.450009 3.519731 9.810566 14.639449 12.810003 12.529370 8.775641 -0.385288 -3.359718 -9.742126 -11.182316 -14.636630 -17.219175 -5.344901 -3.664695 -8.857835 -11.803998 -10.254877 -9.104909 -23.989888 -15.185649 -10.298144 -11.207480 -13.499300 -21.294530 -17.619627 -25.305566 -30.355030 -23.684208 
-13.826035 -11.686573 5.585742 20.462452 15.221229 -4.767174 16.402281 19.405915 0.404832 20.920058 19.812669 2.984925 9.555112 8.238885 18.512959 11.714866 13.514442 2.180544 -2.117210 -3.571104 -10.687733 -11.033787 -13.727138 -18.464951 -6.582704 -4.150882 -9.191892 -10.674163 -8.602698 -8.456727 -24.987689 -20.540535 -12.617585 -13.548128 -16.425199 -24.784977 -18.549086 -25.243938 -27.993279 -22.165998 
-28.904009 -26.349167 4.948489 19.894333 15.119878 -7.161423 13.892697 16.812910 -5.863548 19.066009 17.981827 4.373897 13.836212 8.098168 19.707506 9.617279 12.867047 -1.647138 -4.261698 -4.809176 -11.750684 -13.805769 -15.665005 -20.128049 -13.019862 -6.794168 -12.564586 -13.961720 -11.450930 -11.719912 -25.606746 -25.041254 -14.639404 -13.534363 -16.090260 -27.596395 -22.458582 -29.215274 -31.705431 -24.050663 
-17.124934 -21.765567 4.805512 19.839105 15.440363 -8.889980 11.956213 15.589627 -6.659774 17.605007 16.522363 5.815808 16.660040 9.456171 20.156139 9.257051 11.513043 -2.909865 -6.286260 -5.276177 -12.411246 -13.325772 -14.973873 -20.007948 -12.277928 -3.853631 -11.089787 -11.949367 -10.389793 -10.543295 -23.278255 -24.243008 -13.079133 -13.289865 -17.582099 -26.533592 -22.488960 -29.305313 -30.435247 -24.535243 
-20.678971 -19.646176 5.838560 20.123964 15.557060 -6.934164 11.887670 14.699262 -4.060531 17.637995 15.517380 9.834139 17.752475 11.303831 19.722084 7.650645 7.966883 -2.660687 -6.149381 -5.824006 -12.395958 -14.399208 -15.324894 -21.205534 -18.248290 -6.091482 -12.449468 -14.148433 -12.656014 -13.547470 -26.933015 -28.194029 -17.741234 -15.917303 -20.570095 -31.655115 -27.572538 -31.898902 -33.683135 -29.575974 
-23.620629 -19.573875 8.576302 20.438974 13.962624 -2.995199 13.675189 12.316998 1.480351 19.275302 11.074619 15.295167 16.561616 14.014975 16.228348 8.081547 4.815442 -0.842654 -7.470422 -9.796091 -13.074431 -13.460574 -16.419294 -22.240223 -16.989021 -8.393043 -10.533852 -11.953703 -9.559524 -10.919064 -27.070933 -28.729061 -18.257391 -15.702789 -20.982291 -29.908558 -24.782058 -32.734977 -33.582968 -30.534208 
-19.204404 -14.397390 11.333128 20.353329 11.058022 -0.078139 14.341464 8.153377 8.384247 19.833717 7.302727 17.780634 12.030203 15.030806 10.342957 12.183013 1.637495 -2.027644 -8.363409 -12.916482 -14.674273 -15.167620 -16.809123 -22.407512 -20.487616 -7.276682 -9.699936 -11.976687 -8.005902 -9.716833 -26.119370 -28.444824 -16.731988 -12.236929 -18.604198 -29.940724 -24.785102 -31.297848 -32.745500 -28.403649 
-25.396563 -8.152023 14.086616 19.623512 7.624444 6.715698 14.463756 3.635214 14.804024 18.222583 11.560153 17.047131 11.768293 15.276284 14.521155 16.277776 0.773109 -4.489200 -8.268440 -10.624222 -14.170202 -15.703969 -17.208357 -22.613739 -20.293181 -8.185843 -9.004566 -11.342333 -7.672201 -9.875711 -25.694760 -27.973849 -18.999698 -14.042661 -19.552272 -27.291918 -24.059637 -30.157678 -30.710257 -26.929484 
-15.214348 -2.791068 15.833581 17.715058 2.325660 11.440495 13.360945 2.234116 16.351053 11.559366 17.092520 14.831798 16.221006 14.310073 19.392511 12.885075 -0.531386 -4.290449 -9.379563 -12.861895 -15.539821 -16.434399 -18.488205 -26.794019 -24.923956 -10.234782 -8.885061 -10.190824 -6.763826 -9.285823 -29.658756 -34.651496 -22.833347 -16.938096 -23.154899 -30.566658 -23.633392 -36.036398 -37.797169 -31.296404 
-21.113994 3.545017 17.518768 15.830493 1.731533 14.795915 10.833741 8.651828 12.309321 10.666114 18.160692 15.178625 16.994336 14.770014 16.220488 12.145595 0.014911 -4.792590 -9.713434 -11.314324 -15.558236 -16.210299 -18.680874 -24.845558 -24.616306 -11.212830 -8.531586 -10.226005 -7.608135 -10.944524 -27.675028 -31.721428 -21.642134 -17.814001 -25.450619 -30.821202 -24.391508 -33.369014 -34.532564 -29.450907 
-15.244647 7.880920 18.742874 14.035341 8.726998 15.054430 7.115932 11.824810 8.674069 14.471811 12.271954 16.363512 13.243410 12.156583 16.968160 12.676621 -0.379442 -3.874722 -9.249640 -12.399581 -15.569694 -16.351157 -19.246432 -26.809290 -25.777343 -10.421605 -7.656643 -8.508503 -4.579142 -8.516481 -29.921101 -36.999654 -19.129052 -13.332524 -21.286599 -30.459600 -23.318390 -34.034633 -34.663094 -29.227235 
-10.715328 10.833920 18.837369 11.628100 12.225267 11.455961 6.894189 10.272537 9.974720 13.261682 13.938442 13.208813 14.108205 13.461357 15.853926 9.614180 -1.182595 -7.062005 -11.661204 -14.543734 -19.029541 -19.480903 -22.740512 -28.329010 -28.217076 -16.484747 -14.596413 -15.483770 -11.184213 -12.991230 -31.623382 -35.814737 -25.365043 -18.563299 -24.780917 -32.839738 -27.972278 -34.757239 -36.221486 -31.865232 
-5.274098 13.371688 17.857157 10.637602 15.243875 9.565964 9.219336 7.472344 12.051275 10.619814 15.188858 15.095566 12.880343 11.428592 15.529459 10.480205 1.266164 -4.164092 -9.106635 -10.423056 -13.704000 -14.084176 -16.943934 -23.018812 -22.371441 -8.895608 -7.168150 -6.887327 -3.824959 -8.423632 -27.819025 -30.935597 -19.257871 -15.635266 -21.296759 -28.988547 -24.793265 -32.058404 -33.444855 -30.465984 
-3.435169 13.543944 15.131506 12.598569 16.236342 8.327551 7.240633 5.751772 6.972592 9.825178 10.439077 12.974143 11.523155 11.847766 13.971528 11.272058 -3.840619 -6.981560 -12.907542 -16.061889 -18.773274 -18.982536 -21.470753 -28.279226 -25.739727 -11.649068 -11.303005 -10.900453 -6.152463 -10.420897 -33.771239 -38.882192 -20.833491 -16.679299 -23.376238 -31.093984 -26.478332 -35.100141 -34.627932 -27.605956 
-0.516042 12.961079 11.387718 14.610285 15.615950 8.826835 7.067115 8.173543 8.000477 9.714714 14.400168 14.294165 10.887397 8.464853 11.533242 9.483780 -3.520858 -9.099892 -12.581145 -16.807232 -19.082386 -17.679876 -20.191741 -25.585403 -24.347451 -10.232480 -10.175243 -9.128691 -5.146316 -11.436049 -34.740272 -39.456353 -20.808576 -18.280535 -27.319073 -30.883145 -24.693538 -37.099662 -35.374336 -25.763994 
0.300206 12.531763 10.109423 15.585715 14.456961 9.226688 6.543549 8.139029 9.345710 10.502943 13.437698 14.164280 11.492244 12.786296 16.901052 12.975773 0.026127 -4.796925 -7.698264 -9.916085 -11.824580 -11.039428 -13.001884 -20.006772 -18.846194 -4.038983 -4.815677 -4.217853 0.060740 -6.475317 -31.378725 -37.657327 -17.959294 -11.946045 -19.173425 -26.578356 -19.820990 -30.502897 -30.762836 -25.760292 
1.456783 11.996613 9.921414 15.298931 11.328662 7.587043 5.344464 5.681824 7.050201 7.092601 10.797502 12.080587 10.759568 8.849042 11.937281 9.679639 -2.711797 -8.273609 -11.282546 -13.418025 -15.606139 -16.764846 -19.283867 -25.202335 -21.829142 -8.942087 -9.339136 -7.833737 -4.121707 -10.947312 -32.649108 -34.858850 -19.461322 -12.961774 -19.943195 -26.124330 -17.726070 -30.082239 -35.375854 -29.254415 
0.663431 12.490649 9.681069 14.504573 11.099173 6.514725 5.195038 6.844549 8.265352 10.124061 14.500837 14.429307 10.879146 11.686910 15.875812 13.104886 0.482709 -3.979596 -7.171580 -9.251017 -12.679132 -13.875145 -15.891706 -21.778924 -16.731017 -4.782349 -6.804247 -5.720938 -2.502534 -9.073934 -31.151093 -32.709039 -21.378175 -15.364298 -20.126227 -28.041524 -22.824843 -34.279973 -31.773600 -30.656995 
1.209497 12.620398 8.968444 14.093960 10.571119 6.297927 4.356012 5.283811 6.746834 9.148774 12.254038 12.044791 8.662309 8.602549 13.057408 10.606372 -1.104990 -6.441164 -12.076905 -13.738215 -16.220304 -16.356795 -17.234126 -22.339546 -20.183360 -12.217721 -13.808502 -13.280685 -10.164103 -16.747451 -31.105522 -30.869316 -19.173882 -15.500034 -21.187417 -27.508441 -28.050424 -33.282649 -32.807154 -29.602212 
1.937187 12.674868 9.376743 13.096032 9.430106 5.834404 4.304427 5.055172 6.968303 10.408287 14.860372 12.887176 8.238697 11.181015 15.618775 12.309279 -0.010367 -4.752356 -9.017975 -10.996480 -13.850184 -12.700499 -13.621263 -21.161453 -13.957274 -6.621496 -9.715483 -10.092277 -6.366420 -12.432807 -37.695594 -35.674225 -16.639083 -12.707923 -23.009627 -27.967783 -25.341750 -33.761287 -30.712577 -26.305983 
1.451960 12.677149 8.837819 11.242462 7.563594 4.387556 1.895537 2.128601 3.218093 5.801826 11.102032 8.263808 6.312636 4.480720 6.924802 2.771140 -4.395307 -10.613104 -13.337691 -16.148902 -19.004421 -19.902459 -23.294797 -24.264994 -19.439210 -16.396958 -17.752213 -18.219663 -19.037918 -23.620756 -35.388880 -36.114242 -23.714261 -20.220837 -24.309257 -29.259228 -24.536970 -35.773234 -38.398746 -34.396568 
3.680728 13.070227 9.285916 9.017499 7.159069 2.947583 2.896665 3.746359 6.447504 9.451705 12.210841 9.496622 7.235277 8.987149 12.926921 9.781634 -3.406988 -8.816902 -11.368396 -14.610838 -18.041427 -16.491654 -19.571525 -24.606927 -14.332354 -11.888929 -13.588368 -12.985693 -18.302063 -24.370419 -37.092598 -38.948184 -31.133702 -27.159024 -26.887998 -34.664895 -28.373510 -40.755902 -43.957902 -36.570818 
1.475885 11.214953 10.455441 3.516709 -3.285886 -3.316389 -3.762454 -1.000167 2.640447 2.240608 -3.008168 -10.119923 -5.530529 -5.322912 -2.794014 -0.737430 -11.088093 -18.163160 -19.298328 -23.476151 -25.532791 -24.571170 -28.556165 -31.586404 -26.981277 -22.723729 -23.474193 -19.871201 -23.063157 -34.316507 -36.456865 -33.875225 -31.956231 -34.133091 -38.804351 -39.609241 -36.378334 -38.129698 -38.823363 -39.321999 
-0.573369 4.126014 2.529317 2.612515 -0.412620 -4.918124 -7.102000 -11.461726 -15.125984 -19.767571 -20.872529 -16.773956 -19.154545 -20.553508 -15.600033 -20.426152 -18.443709 -20.943110 -15.419677 -21.941489 -23.290210 -22.570883 -23.895485 -27.286831 -26.323680 -24.527197 -22.170367 -26.258684 -25.186992 -29.090826 -29.791996 -28.424153 -29.041941 -30.988596 -35.682914 -32.111909 -32.441680 -32.531788 -33.681875 -34.426735 
-16.460882 -11.791453 -11.152211 -13.266124 -13.844784 -27.591252 -27.010979 -18.241694 -19.931751 -28.833842 -32.275833 -26.504253 -22.054056 -22.634248 -20.474466 -28.105453 -23.617694 -18.029546 -17.372453 -15.519214 -13.865282 -16.002821 -17.523828 -28.955503 -25.218360 -17.951073 -16.933235 -21.648382 -20.101415 -19.826273 -20.878792 -22.460343 -28.141439 -28.488860 -29.040029 -27.902928 -24.491931 -25.448478 -26.364237 -23.021221 
-20.372284 -20.639188 -20.246929 -20.492724 -23.375080 -21.011179 -21.008226 -16.788919 -20.030053 -31.117167 -27.499616 -21.437215 -24.434864 -19.987437 -17.739085 -20.647681 -14.489755 -13.294376 -16.378788 -13.624059 -15.550255 -15.966848 -22.540730 -28.321574 -24.489971 -20.782613 -19.931227 -19.488039 -16.030216 -17.702636 -22.871932 -20.226385 -24.107973 -25.528049 -27.817881 -24.579695 -23.518428 -23.507554 -24.272913 -25.044488 
-23.923169 -29.962871 -30.853072 -29.095386 -29.802246 -29.209119 -23.637101 -22.297928 -27.051103 -32.869037 -25.359864 -24.577046 -24.443642 -16.769266 -21.836716 -24.776134 -17.561159 -12.564757 -12.316425 -12.080407 -14.790449 -13.914153 -16.680683 -24.594491 -21.298860 -21.450339 -20.998174 -20.676343 -19.998823 -21.116873 -22.504540 -19.205321 -19.703976 -21.791618 -27.354639 -24.022853 -25.331642 -25.130646 -26.042150 -24.055880 
-20.503773 -25.605010 -26.090730 -27.668968 -21.048787 -24.805716 -24.246309 -27.029761 -26.759037 -24.553829 -25.765139 -31.265369 -26.395788 -21.261986 -19.955141 -22.009527 -19.821305 -12.660055 -13.295425 -11.923337 -14.600128 -15.982039 -17.645301 -21.541537 -20.663997 -21.695549 -21.103520 -20.510671 -19.161890 -19.233588 -21.355399 -20.471408 -19.633855 -22.089654 -23.858168 -25.662501 -25.421075 -22.766812 -21.479882 -24.849147 
-18.398739 -25.207022 -23.860347 -26.824730 -24.058270 -31.977253 -23.609490 -23.049614 -28.194825 -26.331528 -24.049897 -22.066006 -18.911173 -19.632345 -16.570042 -20.378591 -19.077732 -13.410118 -9.676313 -11.654729 -15.671273 -16.346423 -19.347242 -23.138705 -20.922785 -18.279115 -17.404576 -17.893431 -19.161562 -17.759555 -19.438250 -18.896975 -19.858310 -20.568096 -24.089571 -26.970348 -26.267590 -24.518709 -26.136310 -23.047890 
-18.260376 -26.588606 -29.610751 -26.231781 -22.590233 -25.048455 -20.400525 -19.564441 -20.892741 -24.291996 -26.834696 -25.685545 -19.465425 -14.381521 -13.478482 -20.334302 -20.899393 -13.147845 -10.851056 -10.982950 -17.524693 -20.462909 -19.853734 -25.616252 -24.992507 -24.858282 -19.602527 -21.346854 -19.614034 -20.699928 -23.200398 -19.190290 -23.366252 -24.446614 -26.416442 -26.086161 -24.439843 -25.838430 -25.760757 -25.610763 
-9.056594 -15.787395 -16.826995 -17.119830 -16.413866 -21.255942 -20.086690 -23.073686 -23.085607 -22.055594 -20.777181 -24.366957 -23.405641 -15.227776 -23.071371 -27.780072 -21.329176 -16.381085 -12.179719 -10.914899 -14.205880 -14.973520 -17.593029 -25.287901 -19.179805 -21.125918 -18.402840 -17.763090 -19.801612 -19.350933 -22.693272 -19.371578 -21.695105 -23.594356 -27.680118 -24.661681 -24.842823 -26.598538 -27.678391 -27.500641 
-4.110545 -6.624841 -10.690421 -20.833643 -11.314057 -14.981373 -25.212304 -26.332281 -19.489438 -19.735282 -22.263050 -32.258068 -25.547727 -19.902211 -19.072302 -22.471154 -21.705548 -14.954900 -14.091748 -9.864280 -13.347203 -15.413444 -16.397346 -22.254247 -20.273578 -20.148532 -17.929641 -18.990298 -20.857695 -21.684784 -23.823146 -22.426790 -23.957418 -26.856277 -27.954071 -27.752100 -28.073324 -27.714772 -28.278134 -32.542067 
-11.405062 -15.862725 -11.537792 -14.699658 -16.119150 -17.490853 -19.055349 -23.466394 -24.890351 -22.704859 -25.365713 -32.221636 -32.052996 -27.572575 -22.949885 -23.742876 -24.422862 -22.586641 -17.156011 -17.381932 -18.773955 -18.388059 -21.243488 -29.495545 -23.464241 -22.269429 -25.148160 -22.151250 -29.579719 -31.707873 -33.056280 -37.177989 -34.892330 -33.552514 -33.899198 -38.688111 -39.570634 -39.071975 -40.368214 -41.393144 
-18.583602 -30.111547 -28.557429 -26.532772 -26.063670 -29.879630 -35.745194 -41.225121 -43.459878 -45.526927 -40.009707 -42.355462 -41.356918 -43.033794 -45.377851 -47.609703 -45.634073 -41.583971 -34.950475 -35.227737 -38.232199 -41.075809 -41.507779 -47.822073 -46.127312 -42.308643 -42.742667 -48.311912 -50.269284 -50.234921 -54.063868 -53.433064 -56.473370 -53.541011 -53.442385 -56.584702 -56.377851 -57.858283 -61.179329 -58.649861 
-26.085071 -29.649683 -34.275115 -41.566503 -41.843562 -48.207947 -60.188569 -59.402723 -60.912037 -59.163296 -57.854014 -61.521825 -63.007086 -60.290018 -58.557789 -59.823176 -64.984014 -61.600362 -55.865971 -55.172305 -58.000761 -62.964025 -63.221569 -67.785995 -66.904430 -64.468341 -63.921295 -61.740643 -64.046266 -63.283898 -66.931136 -68.090850 -67.813085 -70.787270 -71.182230 -68.690060 -68.285241 -66.909295 -67.891214 -70.190331 
-29.645700 -37.969029 -50.225339 -55.441299 -51.708881 -51.547905 -56.534350 -59.971959 -59.041115 -63.442231 -70.382013 -70.139745 -64.805688 -63.314924 -67.542745 -71.879734 -69.199925 -70.764856 -72.089678 -71.397024 -69.173946 -73.722069 -71.902426 -74.111708 -73.658856 -72.897547 -70.763105 -74.770458 -74.426877 -72.277279 -71.101916 -72.155850 -72.568784 -73.946591 -72.587721 -74.751225 -76.195566 -75.401982 -74.085244 -75.163393 
-22.580764 -37.983846 -44.808084 -48.787390 -48.384964 -55.357213 -53.401655 -59.228549 -60.911013 -62.128784 -63.072687 -63.663383 -62.517750 -66.202290 -65.514100 -67.259733 -68.593256 -63.132927 -66.410259 -69.077582 -71.531941 -69.695249 -69.571912 -68.917419 -71.861205 -69.617159 -69.166286 -72.884421 -70.418795 -70.600908 -72.166778 -70.684101 -72.987690 -75.101022 -73.293915 -76.445620 -73.105694 -72.766272 -73.056530 -73.004398 
-15.431220 -20.618994 -25.058659 -27.545945 -29.274704 -31.781549 -32.348298 -33.287158 -34.539019 -37.368266 -42.819885 -43.417664 -38.418003 -35.724396 -34.962377 -34.609462 -34.695751 -36.426723 -41.203506 -41.682226 -38.302570 -37.471688 -39.306049 -44.423135 -38.186936 -36.915785 -35.519035 -33.155932 -33.388674 -33.328916 -36.159421 -39.662279 -49.479860 -47.743362 -53.606939 -58.066244 -56.449859 -61.565633 -55.222382 -58.962268 
-1.777172 -4.669356 -13.078336 -17.779498 -17.309624 -12.203798 -9.680850 -11.387926 -20.528608 -23.495136 -28.106493 -27.696432 -24.884390 -20.115988 -16.117106 -16.908263 -16.710565 -19.599397 -25.644493 -24.830932 -18.530658 -18.262610 -21.960949 -30.458303 -20.464597 -20.014305 -18.422081 -15.610228 -15.679046 -14.794591 -18.143387 -17.748309 -22.313787 -25.711566 -30.407660 -27.704101 -27.226399 -30.196395 -30.033911 -33.748700 
-1.661865 -7.642064 -27.204074 -34.903509 -32.948742 -18.358309 -16.950827 -17.141270 -16.781093 -24.209408 -28.869551 -31.526088 -26.994578 -22.732194 -22.499297 -28.322846 -28.565246 -26.722874 -33.979726 -28.000370 -15.770684 -21.486603 -28.823959 -37.259844 -24.289518 -22.855605 -23.683515 -22.694258 -21.389919 -19.149269 -20.347959 -18.781994 -17.726837 -21.528081 -25.855953 -22.814679 -24.971446 -25.407659 -25.656452 -30.216991 
-12.065426 -12.189761 -21.106006 -22.928588 -25.717554 -31.506775 -22.336311 -13.892528 -16.489701 -27.696488 -22.401650 -22.692590 -29.211125 -22.678579 -27.381429 -30.164948 -30.436344 -27.868002 -28.590088 -30.019099 -21.933449 -23.357964 -25.115548 -31.878923 -33.389008 -30.519985 -26.311555 -21.744973 -18.804750 -20.396989 -21.195912 -24.626337 -24.407957 -25.195355 -30.745549 -28.382882 -30.380658 -31.656221 -32.466555 -35.181868 
-19.871493 -20.978054 -23.451676 -28.060993 -35.385118 -33.319680 -26.370169 -21.133174 -24.050760 -35.530915 -32.270141 -31.058844 -39.082386 -30.264987 -33.620848 -37.423801 -31.992643 -31.989112 -30.357130 -33.482055 -25.410377 -26.989333 -30.568668 -38.114526 -40.918758 -35.710338 -34.165508 -30.832454 -26.230903 -29.305605 -30.846893 -34.188661 -35.574452 -36.708764 -36.167529 -40.004336 -42.384425 -45.427095 -48.370125 -48.145182 
-67.491898 -67.980831 -68.341235 -69.748078 -69.390569 -68.989367 -69.128087 -68.713506 -68.565797 -68.925031 -68.664674 -68.572887 -68.595060 -68.235587 -69.391520 -68.806253 -69.122796 -69.607910 -69.290805 -69.359475 -68.796757 -69.507981 -70.385639 -70.547011 -70.809352 -71.127352 -71.598127 -72.299032 -72.477206 -73.846337 -74.779431 -75.661394 -76.706786 -78.280722 -79.863000 -81.790897 -83.411195 -84.376116 -83.568408 -82.109082 
-79.777451 -84.734117 -90.071517 -82.086227 -84.105097 -84.602780 -90.093717 -87.600479 -85.377108 -85.344284 -84.403293 -84.524612 -82.474160 -83.685669 -84.741981 -86.465274 -87.248630 -85.583846 -85.292209 -83.918003 -84.440912 -86.103373 -87.458312 -86.779549 -86.097289 -85.991957 -87.599340 -87.923183 -86.661825 -87.773087 -88.034763 -87.735809 -88.295725 -88.730763 -88.978381 -88.888380 -89.501574 -89.808689 -90.745434 -91.176689 
-70.307794 -72.038667 -73.261080 -68.170154 -69.702591 -77.630869 -85.223135 -77.195788 -71.248187 -75.190707 -75.928077 -78.658923 -78.119531 -77.690793 -78.536223 -77.658743 -77.447411 -81.899452 -73.269800 -74.817344 -75.207086 -74.753116 -79.999414 -77.585520 -80.183182 -82.317819 -88.867448 -87.243250 -82.882040 -83.078040 -83.697937 -85.059731 -87.043806 -86.732898 -85.471892 -86.357549 -91.373809 -87.339906 -88.373761 -89.433425 
-71.150043 -74.977482 -79.888365 -72.572047 -67.122943 -71.858701 -83.172215 -81.530116 -70.478894 -71.977345 -79.360998 -76.157285 -77.431708 -75.590068 -73.698183 -76.234728 -77.073644 -77.857972 -74.756234 -76.925095 -74.515072 -77.461466 -83.016943 -79.423507 -80.630553 -84.806182 -85.157504 -81.533957 -86.669423 -82.711093 -81.124288 -86.400558 -87.477787 -87.621497 -85.764234 -88.716245 -88.259995 -88.590974 -89.727782 -92.460251 
-90.479119 -95.069427 -93.679484 -87.569225 -85.226159 -86.109558 -89.374262 -89.404661 -86.876485 -89.288078 -99.643156 -93.296824 -94.905085 -90.870509 -87.617750 -91.820801 -92.182163 -96.056387 -90.245478 -88.845038 -87.445725 -91.313237 -94.662067 -91.656956 -91.099361 -97.142936 -97.300353 -92.627321 -96.489658 -94.033995 -92.579574 -100.733145 -101.444394 -102.172306 -98.925360 -105.130620 -101.723017 -100.618069 -101.527140 -105.141294 
NaN NaN NaN NaN NaN NaN NaN NaN NaN NaN NaN NaN NaN NaN NaN NaN NaN NaN NaN NaN NaN NaN NaN NaN NaN NaN NaN NaN NaN NaN NaN NaN NaN NaN NaN NaN NaN NaN NaN NaN 
NaN NaN NaN NaN NaN NaN NaN NaN NaN NaN NaN NaN NaN NaN NaN NaN NaN NaN NaN NaN NaN NaN NaN NaN NaN NaN NaN NaN NaN NaN NaN NaN NaN NaN NaN NaN NaN NaN NaN NaN 
NaN NaN NaN NaN NaN NaN NaN NaN NaN NaN NaN NaN NaN NaN NaN NaN NaN NaN NaN NaN NaN NaN NaN NaN NaN NaN NaN NaN NaN NaN NaN NaN NaN NaN NaN NaN NaN NaN NaN NaN 
NaN NaN NaN NaN NaN NaN NaN NaN NaN NaN NaN NaN NaN NaN NaN NaN NaN NaN NaN NaN NaN NaN NaN NaN NaN NaN NaN NaN NaN NaN NaN NaN NaN NaN NaN NaN NaN NaN NaN NaN 
NaN NaN NaN NaN NaN NaN NaN NaN NaN NaN NaN NaN NaN NaN NaN NaN NaN NaN NaN NaN NaN NaN NaN NaN NaN NaN NaN NaN NaN NaN NaN NaN NaN NaN NaN NaN NaN NaN NaN NaN 
NaN NaN NaN NaN NaN NaN NaN NaN NaN NaN NaN NaN NaN NaN NaN NaN NaN NaN NaN NaN NaN NaN NaN NaN NaN NaN NaN NaN NaN NaN NaN NaN NaN NaN NaN NaN NaN NaN NaN NaN 
NaN NaN NaN NaN NaN NaN NaN NaN NaN NaN NaN NaN NaN NaN NaN NaN NaN NaN NaN NaN NaN NaN NaN NaN NaN NaN NaN NaN NaN NaN NaN NaN NaN NaN NaN NaN NaN NaN NaN NaN 
NaN NaN NaN NaN NaN NaN NaN NaN NaN NaN NaN NaN NaN NaN NaN NaN NaN NaN NaN NaN NaN NaN NaN NaN NaN NaN NaN NaN NaN NaN NaN NaN NaN NaN NaN NaN NaN NaN NaN NaN 
