NaN NaN NaN NaN NaN NaN NaN NaN NaN NaN NaN NaN NaN NaN NaN NaN NaN NaN NaN NaN NaN NaN NaN NaN NaN NaN NaN NaN NaN NaN NaN NaN NaN NaN NaN NaN NaN NaN NaN NaN 
NaN NaN NaN NaN NaN NaN NaN NaN NaN NaN NaN NaN NaN NaN NaN NaN NaN NaN NaN NaN NaN NaN NaN NaN NaN NaN NaN NaN NaN NaN NaN NaN NaN NaN NaN NaN NaN NaN NaN NaN 
NaN NaN NaN NaN NaN NaN NaN NaN NaN NaN NaN NaN NaN NaN NaN NaN NaN NaN NaN NaN NaN NaN NaN NaN NaN NaN NaN NaN NaN NaN NaN NaN NaN NaN NaN NaN NaN NaN NaN NaN 
NaN NaN NaN NaN NaN NaN NaN NaN NaN NaN NaN NaN NaN NaN NaN NaN NaN NaN NaN NaN NaN NaN NaN NaN NaN NaN NaN NaN NaN NaN NaN NaN NaN NaN NaN NaN NaN NaN NaN NaN 
NaN NaN NaN NaN NaN NaN NaN NaN NaN NaN NaN NaN NaN NaN NaN NaN NaN NaN NaN NaN NaN NaN NaN NaN NaN NaN NaN NaN NaN NaN NaN NaN NaN NaN NaN NaN NaN NaN NaN NaN 
NaN NaN NaN NaN NaN NaN NaN NaN NaN NaN NaN NaN NaN NaN NaN NaN NaN NaN NaN NaN NaN NaN NaN NaN NaN NaN NaN NaN NaN NaN NaN NaN NaN NaN NaN NaN NaN NaN NaN NaN 
NaN NaN NaN NaN NaN NaN NaN NaN NaN NaN NaN NaN NaN NaN NaN NaN NaN NaN NaN NaN NaN NaN NaN NaN NaN NaN NaN NaN NaN NaN NaN NaN NaN NaN NaN NaN NaN NaN NaN NaN 
NaN NaN NaN NaN NaN NaN NaN NaN NaN NaN NaN NaN NaN NaN NaN NaN NaN NaN NaN NaN NaN NaN NaN NaN NaN NaN NaN NaN NaN NaN NaN NaN NaN NaN NaN NaN NaN NaN NaN NaN 
NaN NaN NaN NaN NaN NaN NaN NaN NaN NaN NaN NaN NaN NaN NaN NaN NaN NaN NaN NaN NaN NaN NaN NaN NaN NaN NaN NaN NaN NaN NaN NaN NaN NaN NaN NaN NaN NaN NaN NaN 
NaN NaN NaN NaN NaN NaN NaN NaN NaN NaN NaN NaN NaN NaN NaN NaN NaN NaN NaN NaN NaN NaN NaN NaN NaN NaN NaN NaN NaN NaN NaN NaN NaN NaN NaN NaN NaN NaN NaN NaN 
NaN NaN NaN NaN NaN NaN NaN NaN NaN NaN NaN NaN NaN NaN NaN NaN NaN NaN NaN NaN NaN NaN NaN NaN NaN NaN NaN NaN NaN NaN NaN NaN NaN NaN NaN NaN NaN NaN NaN NaN 
NaN NaN NaN NaN NaN NaN NaN NaN NaN NaN NaN NaN NaN NaN NaN NaN NaN NaN NaN NaN NaN NaN NaN NaN NaN NaN NaN NaN NaN NaN NaN NaN NaN NaN NaN NaN NaN NaN NaN NaN 
NaN NaN NaN NaN NaN NaN NaN NaN NaN NaN NaN NaN NaN NaN NaN NaN NaN NaN NaN NaN NaN NaN NaN NaN NaN NaN NaN NaN NaN NaN NaN NaN NaN NaN NaN NaN NaN NaN NaN NaN 
NaN NaN NaN NaN NaN NaN NaN NaN NaN NaN NaN NaN NaN NaN NaN NaN NaN NaN NaN NaN NaN NaN NaN NaN NaN NaN NaN NaN NaN NaN NaN NaN NaN NaN NaN NaN NaN NaN NaN NaN 
NaN NaN NaN NaN NaN NaN NaN NaN NaN NaN NaN NaN NaN NaN NaN NaN NaN NaN NaN NaN NaN NaN NaN NaN NaN NaN NaN NaN NaN NaN NaN NaN NaN NaN NaN NaN NaN NaN NaN NaN 
NaN NaN NaN NaN NaN NaN NaN NaN NaN NaN NaN NaN NaN NaN NaN NaN NaN NaN NaN NaN NaN NaN NaN NaN NaN NaN NaN NaN NaN NaN NaN NaN NaN NaN NaN NaN NaN NaN NaN NaN 
NaN NaN NaN NaN NaN NaN NaN NaN NaN NaN NaN NaN NaN NaN NaN NaN NaN NaN NaN NaN NaN NaN NaN NaN NaN NaN NaN NaN NaN NaN NaN NaN NaN NaN NaN NaN NaN NaN NaN NaN 
NaN NaN NaN NaN NaN NaN NaN NaN NaN NaN NaN NaN NaN NaN NaN NaN NaN NaN NaN NaN NaN NaN NaN NaN NaN NaN NaN NaN NaN NaN NaN NaN NaN NaN NaN NaN NaN NaN NaN NaN 
NaN NaN NaN NaN NaN NaN NaN NaN NaN NaN NaN NaN NaN NaN NaN NaN NaN NaN NaN NaN NaN NaN NaN NaN NaN NaN NaN NaN NaN NaN NaN NaN NaN NaN NaN NaN NaN NaN NaN NaN 
NaN NaN NaN NaN NaN NaN NaN NaN NaN NaN NaN NaN NaN NaN NaN NaN NaN NaN NaN NaN NaN NaN NaN NaN NaN NaN NaN NaN NaN NaN NaN NaN NaN NaN NaN NaN NaN NaN NaN NaN 
NaN NaN NaN NaN NaN NaN NaN NaN NaN NaN NaN NaN NaN NaN NaN NaN NaN NaN NaN NaN NaN NaN NaN NaN NaN NaN NaN NaN NaN NaN NaN NaN NaN NaN NaN NaN NaN NaN NaN NaN 
NaN NaN NaN NaN NaN NaN NaN NaN NaN NaN NaN NaN NaN NaN NaN NaN NaN NaN NaN NaN NaN NaN NaN NaN NaN NaN NaN NaN NaN NaN NaN NaN NaN NaN NaN NaN NaN NaN NaN NaN 
NaN NaN NaN NaN NaN NaN NaN NaN NaN NaN NaN NaN NaN NaN NaN NaN NaN NaN NaN NaN NaN NaN NaN NaN NaN NaN NaN NaN NaN NaN NaN NaN NaN NaN NaN NaN NaN NaN NaN NaN 
NaN NaN NaN NaN NaN NaN NaN NaN NaN NaN NaN NaN NaN NaN NaN NaN NaN NaN NaN NaN NaN NaN NaN NaN NaN NaN NaN NaN NaN NaN NaN NaN NaN NaN NaN NaN NaN NaN NaN NaN 
NaN NaN NaN NaN NaN NaN NaN NaN NaN NaN NaN NaN NaN NaN NaN NaN NaN NaN NaN NaN NaN NaN NaN NaN NaN NaN NaN NaN NaN NaN NaN NaN NaN NaN NaN NaN NaN NaN NaN NaN 
NaN NaN NaN NaN NaN NaN NaN NaN NaN NaN NaN NaN NaN NaN NaN NaN NaN NaN NaN NaN NaN NaN NaN NaN NaN NaN NaN NaN NaN NaN NaN NaN NaN NaN NaN NaN NaN NaN NaN NaN 
NaN NaN NaN NaN NaN NaN NaN NaN NaN NaN NaN NaN NaN NaN NaN NaN NaN NaN NaN NaN NaN NaN NaN NaN NaN NaN NaN NaN NaN NaN NaN NaN NaN NaN NaN NaN NaN NaN NaN NaN 
NaN NaN NaN NaN NaN NaN NaN NaN NaN NaN NaN NaN NaN NaN NaN NaN NaN NaN NaN NaN NaN NaN NaN NaN NaN NaN NaN NaN NaN NaN NaN NaN NaN NaN NaN NaN NaN NaN NaN NaN 
NaN NaN NaN NaN NaN NaN NaN NaN NaN NaN NaN NaN NaN NaN NaN NaN NaN NaN NaN NaN NaN NaN NaN NaN NaN NaN NaN NaN NaN NaN NaN NaN NaN NaN NaN NaN NaN NaN NaN NaN 
-27.811477 -27.519373 -27.850459 -29.449950 -32.164427 -34.017443 -33.789057 -34.857714 -39.934524 -47.266102 -48.463239 -51.002649 -53.735709 -63.218576 -63.900761 -52.050830 -48.376723 -54.138543 -50.751831 -43.835667 -47.812362 -53.520995 -57.161300 -61.071192 -51.847436 -53.781018 -54.981532 -57.978824 -57.589989 -52.385335 -50.832702 -47.603866 -49.894643 -52.824461 -56.506848 -54.654388 -57.648541 -56.533200 -54.126722 -55.550189 
-10.067925 -10.878246 -15.419439 -18.758783 -23.496250 -25.358740 -20.123443 -21.381590 -26.746722 -33.284160 -32.866532 -41.972875 -38.936828 -39.123027 -39.608024 -38.208605 -34.202598 -35.897420 -24.058023 -24.406306 -31.953711 -34.702020 -34.141771 -41.076393 -37.414026 -39.502127 -38.197752 -40.493285 -35.499608 -33.498612 -28.245212 -27.052115 -28.201569 -29.331280 -31.033266 -31.586662 -32.728149 -33.374605 -32.151391 -33.847195 
-9.340198 -16.890564 -32.574269 -35.080160 -32.209845 -30.841225 -24.439917 -20.141251 -19.822489 -20.251863 -30.540009 -37.920654 -35.043423 -34.229392 -36.046231 -39.698462 -35.847760 -30.764171 -21.574100 -20.496900 -21.954893 -31.422374 -34.164884 -34.465840 -27.054973 -26.459223 -34.411631 -32.469561 -28.240826 -26.610318 -23.582508 -15.167063 -12.878094 -13.325009 -18.091089 -18.450869 -18.701099 -23.464834 -21.741898 -23.060616 
-20.105170 -20.620006 -34.212987 -40.444251 -39.412711 -30.937902 -25.487534 -21.664835 -21.822820 -22.617919 -29.289216 -33.225905 -34.891599 -37.811978 -42.738145 -38.061000 -35.128397 -36.631983 -25.751880 -19.460551 -21.050099 -28.251745 -35.064628 -34.329590 -29.233738 -24.275737 -29.564484 -27.383145 -25.828127 -20.622141 -21.197879 -17.267523 -14.435917 -11.828830 -14.026069 -14.419839 -16.489797 -19.920132 -17.477986 -19.150422 
-12.706906 -20.365446 -31.200268 -35.880433 -42.519467 -42.033761 -39.169742 -31.909694 -32.182843 -31.386438 -35.373165 -38.265811 -32.867817 -33.624449 -40.452967 -37.037565 -27.665470 -30.155868 -31.257870 -26.267267 -25.043653 -27.337989 -33.709688 -30.964948 -25.352507 -21.933524 -27.995908 -27.209039 -23.418471 -18.099153 -18.243061 -12.288042 -8.935507 -6.319682 -10.513081 -11.468331 -15.263456 -16.311051 -19.779898 -18.860040 
-10.184977 -19.169975 -31.640837 -33.877612 -35.152234 -41.332411 -35.441740 -32.602114 -33.847355 -33.004965 -39.905377 -35.965582 -32.801366 -27.951008 -30.427314 -28.861229 -27.781399 -29.289417 -30.066005 -24.786715 -26.701103 -25.891985 -29.443023 -31.911091 -24.286903 -24.459247 -26.522611 -25.507678 -21.138909 -19.074047 -17.023153 -7.746893 -4.618392 -5.801317 -8.438493 -9.977628 -11.712360 -13.771857 -14.134636 -16.591723 
-12.632778 -16.042921 -24.445780 -39.319004 -41.813539 -33.398996 -29.361704 -27.392235 -31.345369 -32.763771 -32.088383 -40.561767 -39.079420 -34.114505 -35.055763 -28.696613 -23.888103 -30.072174 -31.651032 -23.376404 -24.402749 -25.994476 -27.930738 -30.085330 -23.314857 -22.351830 -25.857792 -22.544964 -19.772616 -14.876171 -13.847948 -6.152718 -1.320593 -3.682169 -6.938272 -6.168794 -7.383735 -9.927038 -13.088786 -15.684882 
-16.359636 -21.166490 -23.744904 -32.362086 -33.769230 -34.665502 -32.452466 -29.201988 -31.429841 -27.799075 -31.554511 -33.740238 -35.577484 -36.314132 -30.978344 -23.788549 -29.305479 -30.561482 -24.791414 -22.756057 -26.117152 -26.027336 -28.681150 -30.642949 -22.719114 -19.820061 -22.496021 -20.369748 -19.400519 -14.036580 -12.026015 -5.929066 -2.695999 -3.139441 -4.558831 -4.566995 -6.979411 -10.712708 -8.694594 -11.705246 
-15.655605 -24.897168 -31.889990 -35.954420 -34.498129 -30.356104 -36.295688 -34.013295 -32.339218 -32.057003 -37.305320 -36.433816 -34.915462 -35.080995 -31.743023 -25.861914 -25.389003 -23.286826 -28.687788 -27.055209 -26.113948 -21.725456 -23.593820 -27.654682 -20.075557 -19.051808 -22.550070 -21.991998 -15.414068 -12.589235 -10.271059 -3.841561 -1.617689 -0.198234 -6.875819 -2.580779 -7.578540 -9.958313 -9.473287 -9.519829 
-17.568641 -21.800126 -24.246377 -31.250487 -41.378697 -43.405989 -38.632757 -31.806120 -30.197233 -34.020069 -38.845742 -33.751223 -32.657530 -34.254609 -33.866696 -30.500740 -32.272884 -34.345647 -32.299785 -24.832032 -25.937117 -27.578819 -25.991986 -26.572714 -21.988049 -21.544258 -19.122058 -19.123003 -14.355699 -10.703470 -9.397050 -8.498378 -2.002688 0.734612 -3.134262 -4.378835 -4.823386 -9.124802 -6.679918 -7.797255 
-31.103324 -24.941716 -26.920218 -41.259231 -39.942998 -35.057108 -29.403196 -29.798253 -24.837512 -33.927559 -36.071458 -36.517594 -30.389708 -29.748688 -27.689521 -30.051254 -19.792541 -23.803605 -27.802712 -28.040694 -20.909382 -22.874175 -25.769430 -27.075147 -18.229015 -20.376812 -20.880067 -17.018473 -14.912398 -12.559135 -5.838849 0.345627 -0.230430 0.004611 -1.214665 -4.182480 -3.056567 -7.733805 -6.586113 -10.676068 
-19.672300 -21.580831 -29.798576 -38.098656 -28.417136 -26.901596 -26.549462 -29.073203 -24.074497 -23.634864 -29.880024 -30.115382 -26.491466 -32.327193 -30.223841 -26.563446 -22.511671 -27.528331 -28.571736 -23.674074 -19.676496 -20.909530 -23.609988 -27.324563 -19.737745 -17.363290 -22.019362 -18.173895 -19.518684 -14.224051 -7.915870 -3.094327 -0.413203 -1.804499 -1.511030 -0.396756 -1.655990 -3.963485 -6.437118 -11.903763 
-24.778120 -23.366695 -31.026920 -35.511618 -31.067723 -29.118762 -24.914188 -23.727965 -20.869063 -26.613372 -30.055428 -36.243997 -31.943710 -28.549234 -25.940658 -25.539343 -21.325483 -23.241531 -22.894388 -21.871579 -18.797798 -21.541645 -23.854338 -26.205354 -20.473674 -17.522165 -22.349586 -19.977115 -15.730093 -9.704577 -7.222136 -1.574835 0.195926 -1.685905 -3.966748 -3.686328 -4.275096 -4.666538 -8.835733 -12.020324 
-18.526583 -21.871207 -23.354042 -23.926019 -26.994772 -28.793924 -26.843239 -22.167589 -18.718285 -21.820950 -25.853870 -27.985742 -22.929436 -26.217533 -28.552396 -25.589754 -20.155915 -21.733646 -16.496352 -19.387124 -19.811286 -19.068181 -25.617056 -28.318361 -20.475243 -14.402998 -19.016779 -17.852501 -13.102965 -9.948988 -8.512167 -1.612114 0.637610 0.397788 -0.739033 -5.159371 -3.658377 -6.277499 -8.091865 -10.044518 
-23.550393 -29.414791 -22.237194 -20.340358 -20.276989 -16.103388 -11.331382 -11.919627 -7.502316 -12.063703 -17.984003 -23.330690 -26.684048 -26.924504 -22.235689 -24.271739 -25.640477 -22.350910 -16.452197 -14.981692 -15.815865 -18.058830 -17.872854 -22.299657 -14.434907 -9.400115 -15.610664 -12.540968 -9.516554 -8.448133 -9.720950 -2.454642 3.347097 3.632192 -4.048066 -6.166913 -5.177091 -8.028668 -6.402434 -8.264944 
-9.884325 -13.009916 -7.133506 -8.590800 -10.995161 -7.398219 -3.386466 -2.894389 -10.640243 -16.398687 -22.274579 -25.995535 -24.154259 -19.174692 -16.494214 -24.804661 -22.286530 -17.692525 -13.730701 -15.566810 -16.455833 -15.734383 -20.169785 -21.626775 -16.608382 -2.357732 -11.876210 -22.218810 -20.536737 -15.018617 -15.404918 -8.473270 -4.140606 -6.694729 -8.843895 -8.532710 -9.145702 -11.721406 -8.431640 -10.024872 
-1.138339 2.640380 12.715477 14.620476 10.074981 7.925553 9.758570 10.983403 7.683153 0.525019 -6.069129 -12.336064 -9.719411 -15.254939 -20.630985 -19.445859 -14.729596 -14.912667 -13.734230 -15.368748 -19.937387 -17.657952 -20.485427 -24.564395 -19.635581 -11.266040 -16.293418 -21.799129 -23.689137 -19.383312 -23.432452 -15.953101 -13.621401 -13.995592 -17.965764 -19.642757 -19.639016 -21.060823 -19.932420 -21.294047 
-1.954263 3.624529 17.879612 18.533806 5.449441 17.647483 20.010960 11.282197 20.174512 13.750034 1.883711 -3.603241 0.519670 -5.816393 -6.979444 -11.295658 -7.779946 -0.181612 -1.681126 -9.087425 -14.463381 -17.614824 -19.072243 -21.671329 -16.919208 -7.169207 -10.296371 -18.073973 -19.879972 -13.407662 -14.658814 -15.924632 -22.022305 -27.426341 -29.127471 -20.320146 -23.614984 -24.531664 -28.167280 -28.579998 
-7.237132 0.605086 17.336913 18.411396 1.445922 16.613485 18.774418 7.701974 24.355012 18.813512 10.275648 4.698769 3.089027 -0.894408 -0.043198 -2.383301 1.969876 6.878938 -0.526001 -4.889812 -9.389223 -13.724144 -14.197734 -16.603400 -12.957356 -5.752606 -4.839918 -13.887805 -13.096476 -7.678782 -10.437803 -13.885905 -19.290347 -33.229683 -28.139519 -19.413999 -21.629926 -22.834152 -28.195949 -31.525329 
-11.436243 1.143780 16.751193 17.612723 -0.486374 14.496355 14.485069 7.274004 24.093298 15.881023 15.671707 9.145829 5.627810 -1.385810 2.248441 2.460628 6.298229 8.202951 0.299460 -4.090881 -8.839784 -11.699571 -12.881781 -16.083100 -13.405612 -6.113745 -4.747247 -10.986008 -11.598261 -9.249121 -13.829727 -17.036398 -22.158734 -39.153854 -29.622882 -20.219896 -26.191122 -28.471638 -32.172514 -31.962090 
-16.054038 -2.920453 16.178081 17.775434 1.132422 12.331525 13.774046 6.679171 20.699564 8.983536 15.357346 8.998031 9.012651 3.062470 5.289116 6.240866 7.851922 7.923508 -1.970714 -5.271045 -9.007640 -11.949447 -13.010432 -16.629009 -17.040171 -10.176192 -3.633085 -9.192265 -9.665988 -8.053988 -15.250584 -22.201594 -25.678182 -42.377071 -32.795064 -23.030512 -27.621727 -30.940636 -37.264933 -37.034109 
-16.958575 -1.033131 16.435487 17.857670 1.094233 12.216637 13.128998 4.796979 19.285264 8.249555 14.808854 7.509487 10.613262 4.051291 5.423967 7.504712 4.816013 4.833284 -3.926638 -6.813315 -10.002487 -13.321589 -14.903356 -18.042998 -19.661302 -12.729503 -3.397921 -4.636080 -6.028311 -6.524920 -16.009335 -21.521309 -24.123169 -35.102007 -32.105799 -22.023644 -26.500506 -32.595914 -33.344678 -34.210570 
-19.923175 -0.754206 16.845015 17.631574 0.579430 12.212998 11.944167 6.041550 18.609407 6.493764 14.699214 6.184549 10.984772 3.872513 4.609962 9.307524 4.605559 3.100737 -5.132402 -8.443998 -11.220128 -15.178931 -18.005123 -21.474881 -22.505976 -17.132003 -6.336677 -4.248576 -6.477091 -9.205812 -18.022015 -19.437925 -23.966310 -39.505687 -36.528637 -28.965072 -31.581717 -30.598102 -32.082638 -35.013329 
-18.128824 1.931668 17.544890 17.455932 0.339330 12.450756 10.123615 7.999276 17.986784 6.493293 15.428381 5.617684 10.813565 3.798080 4.248653 10.743134 5.398044 1.839532 -4.875222 -8.134462 -11.481360 -15.891114 -19.589801 -20.908617 -25.032621 -19.790219 -9.404924 -3.663693 -4.997639 -9.042905 -19.683125 -20.512675 -22.904372 -33.142346 -31.254035 -24.011572 -28.523463 -32.302503 -32.254075 -33.494743 
-13.142357 4.182180 18.551985 16.999364 1.039405 12.963521 8.024714 11.234426 16.529265 8.932382 15.977324 6.858739 9.698709 7.030754 6.895251 11.990554 5.632036 0.432840 -5.846864 -8.323286 -13.366800 -17.276031 -18.832996 -21.602162 -25.906437 -19.715831 -10.218959 -3.598556 -4.474973 -9.241741 -20.696325 -21.328149 -24.494730 -37.824673 -33.584025 -23.865695 -29.537887 -33.773117 -33.249856 -34.554421 
-21.758944 6.138878 19.408670 16.642036 4.140202 13.892828 6.626342 13.740405 14.796124 13.113742 15.138222 9.061057 7.790527 10.105236 10.206335 11.897549 5.899638 -0.860406 -5.772168 -9.127643 -13.266999 -15.693540 -18.040720 -21.344092 -24.429035 -19.985787 -11.605356 -2.907215 -2.990557 -7.647761 -20.731725 -22.219380 -23.065834 -41.316340 -36.240507 -24.918082 -28.875391 -31.965925 -36.249985 -38.387507 
-8.473157 8.053546 20.151600 15.899859 6.336468 14.257238 6.075586 15.040661 11.250050 17.391971 12.766534 10.148008 8.107752 11.220198 12.717030 11.321022 6.086860 -0.615136 -5.380282 -7.893302 -11.106326 -14.110410 -16.855804 -20.187065 -23.840647 -19.700480 -9.300481 -1.888609 -3.412169 -8.080049 -19.674613 -19.952428 -20.395905 -33.656133 -32.907565 -28.510473 -30.833227 -33.076485 -34.973660 -35.300614 
-11.704609 10.438463 20.379783 14.463390 9.339559 14.228810 6.183794 14.569574 9.351284 20.221208 10.846165 8.857041 10.035608 10.136123 10.390641 9.753069 4.726648 -1.420168 -6.840209 -8.776319 -12.311121 -16.531944 -19.063074 -22.357291 -25.689680 -20.210113 -9.602837 -3.433177 -5.075069 -10.895055 -22.453326 -22.796942 -23.665790 -41.749721 -39.705567 -28.222396 -31.600373 -32.631509 -32.755546 -37.180715 
-6.467376 12.298336 20.017653 12.229617 12.296630 12.913946 8.573765 12.537108 14.490068 20.610496 12.017581 9.089418 12.628630 9.795260 9.815766 13.003202 3.091796 -2.372011 -6.223745 -8.298490 -11.195903 -14.414588 -16.927483 -19.877994 -24.392459 -17.175062 -7.046993 -2.634571 -4.574669 -8.139822 -19.576422 -21.882849 -21.555121 -38.943642 -38.366532 -30.692499 -33.225730 -34.017518 -34.410358 -39.575849 
-6.070984 13.190988 18.917177 10.203071 13.843051 10.476912 10.161357 9.897221 17.982665 17.062085 13.411083 8.259647 9.414304 10.346727 12.626912 11.240335 4.795064 -1.567703 -6.415054 -9.091453 -12.738049 -15.509281 -18.502868 -20.026001 -23.029198 -17.996100 -7.186738 -5.525015 -6.662820 -8.760744 -19.107453 -20.909346 -21.337121 -36.986632 -36.308650 -30.623848 -33.146584 -33.946715 -36.535786 -38.161264 
-2.949529 14.673368 17.991897 9.590871 14.906497 9.263144 11.763047 10.434300 17.606779 12.204060 13.410236 8.883667 8.874982 9.034414 10.013289 10.582227 2.994851 -4.079118 -6.790118 -9.045378 -11.932565 -16.138462 -17.994741 -21.111031 -25.600002 -18.735199 -8.058660 -6.883431 -6.788151 -10.596572 -23.876342 -24.420382 -24.774607 -37.597435 -34.835294 -28.110570 -33.338469 -36.075826 -37.238187 -38.932158 
-0.928019 16.356619 18.282795 10.524538 15.291918 9.080601 12.350762 11.637960 15.940677 13.770557 10.226854 5.083377 8.072513 8.738443 9.108428 8.848748 -2.537513 -6.497911 -8.643432 -10.611866 -12.395149 -16.154945 -18.803505 -22.939873 -25.975819 -19.301953 -8.143377 -8.963351 -7.717378 -14.926790 -24.271185 -21.064460 -22.518078 -40.305146 -43.334800 -34.210497 -33.422496 -34.808305 -36.513993 -41.183853 
2.388669 18.010567 18.829965 12.113257 13.892517 9.543620 11.355251 15.022690 14.824345 14.657834 6.413147 0.947901 4.591366 6.349693 8.608527 4.220962 -6.153345 -7.925099 -10.106998 -12.351776 -14.213706 -17.531317 -20.890507 -23.684863 -27.128217 -16.352987 -9.830893 -14.389474 -12.896468 -18.333600 -27.627143 -29.990925 -33.161969 -45.135470 -42.839795 -31.417006 -35.679990 -38.992999 -38.993181 -40.586415 
3.349516 18.639682 18.296864 12.212316 9.256670 5.453191 8.784572 13.604136 10.553635 8.954931 -0.888094 -5.799319 -2.020246 1.897258 0.611681 -10.437431 -16.490616 -15.399093 -16.662352 -18.925172 -21.203621 -21.989753 -23.857256 -24.277576 -27.466153 -21.723475 -18.616234 -16.779389 -13.377252 -19.659430 -26.731401 -31.429553 -33.964531 -36.515815 -36.975627 -36.749682 -36.558778 -36.928507 -37.338978 -37.495465 
2.602116 18.129262 18.333272 13.246771 13.347514 6.667431 2.343272 -1.422962 -4.377756 -8.716490 -15.387174 -14.963222 -9.443913 -5.839978 -10.740404 -18.571692 -22.518233 -22.518996 -22.603965 -24.321925 -26.417323 -26.947395 -30.059538 -27.749129 -32.082993 -27.609981 -34.087987 -32.563935 -27.290616 -27.496305 -30.053417 -36.076294 -38.366052 -44.602351 -44.721502 -44.888980 -44.140747 -44.513706 -45.691830 -45.906315 
3.846370 17.993141 17.059256 14.083248 13.554071 4.885903 0.813325 -1.008910 -6.749517 -12.659933 -16.317183 -17.393099 -13.353498 -10.823938 -15.347120 -29.005976 -29.370099 -26.115521 -27.001838 -27.012738 -28.498131 -30.786067 -32.706378 -26.759558 -26.188105 -28.123196 -41.074557 -35.913388 -29.952489 -27.675320 -30.749255 -39.562883 -42.425899 -47.413777 -50.459033 -49.817233 -49.916418 -50.449724 -50.202310 -50.309756 
5.049878 18.584451 17.341256 14.913079 13.084730 5.236006 2.558097 -0.063938 -8.152740 -12.483539 -21.085350 -20.187340 -15.719854 -11.297046 -11.263038 -26.864646 -27.916309 -29.064839 -27.691798 -28.367946 -26.386077 -25.042559 -28.266215 -27.869689 -27.795240 -27.546840 -37.388747 -37.842129 -31.326617 -27.693290 -29.730280 -32.665012 -38.855904 -47.668966 -45.624885 -46.747164 -46.316387 -45.626310 -46.671639 -47.374583 
4.096920 18.397068 16.799526 14.742889 12.703112 4.691616 -0.128723 -1.394057 -7.848080 -12.119725 -19.230127 -20.638709 -19.684434 -12.047666 -13.012850 -20.907940 -23.525769 -27.192663 -29.943132 -31.209750 -29.906186 -28.104743 -28.773956 -27.449716 -26.489286 -26.953621 -40.933872 -35.611398 -28.873150 -28.776237 -31.407616 -36.085129 -38.724341 -44.128206 -44.689421 -44.843201 -45.528640 -45.827800 -46.263259 -46.432845 
4.312833 18.137156 15.927630 14.257863 12.044117 5.225505 0.864708 -1.811661 -8.156307 -13.242938 -20.071512 -24.064637 -18.729724 -10.466680 -14.303067 -22.257976 -26.998306 -30.050054 -33.200838 -35.629740 -32.271074 -29.720686 -30.934738 -30.392542 -32.266810 -28.542948 -39.010683 -39.204695 -32.611117 -30.691328 -28.826728 -34.303525 -44.729768 -48.380734 -50.264035 -48.013442 -50.664601 -50.605808 -49.313743 -52.266818 
7.879971 17.927684 14.177220 13.786630 9.508009 3.175602 -1.167238 -3.145193 -9.354320 -14.234834 -19.479503 -25.267318 -19.769354 -10.948057 -12.847483 -23.257764 -28.864296 -30.991636 -33.307728 -35.959331 -34.232777 -34.407389 -35.238232 -31.066569 -30.184617 -30.580061 -42.028057 -35.443097 -31.533111 -31.506794 -33.299775 -37.899958 -42.651428 -47.250494 -47.320416 -46.677959 -46.701676 -46.530878 -45.470813 -48.016761 
9.099217 18.175579 13.602034 11.812922 5.389466 -0.215431 -3.687415 -7.623209 -15.348943 -23.068166 -24.455799 -22.936667 -24.167090 -15.654279 -16.071987 -27.218360 -28.247564 -29.638284 -30.860571 -31.450876 -32.768671 -32.110845 -33.338158 -32.861875 -32.703366 -31.806523 -36.139743 -35.026647 -33.656480 -33.944247 -34.045521 -35.912998 -38.395186 -39.950910 -40.538086 -40.955416 -41.331398 -41.325126 -41.260492 -41.132500 
10.687947 19.628308 14.541509 12.201415 6.594072 2.486572 -1.282981 -6.657049 -18.035678 -22.285921 -24.520567 -24.693747 -25.021173 -22.073517 -18.303594 -27.346598 -28.766344 -31.106481 -31.828527 -32.179655 -31.543685 -33.222512 -34.193143 -34.052227 -33.315526 -34.586306 -36.984961 -35.422977 -33.478625 -33.457425 -32.183909 -33.692616 -37.758347 -40.996034 -41.363294 -41.891650 -42.119020 -42.364157 -42.102993 -42.509798 
9.403759 20.045212 15.812046 14.444224 9.886259 4.134343 -0.571910 -3.618308 -13.327334 -20.049864 -19.755148 -21.800603 -22.447748 -15.768236 -14.415861 -20.091871 -26.551255 -30.433292 -31.158886 -33.346508 -31.855506 -33.491898 -35.601101 -33.542216 -33.275686 -33.704920 -37.725447 -36.346692 -37.313302 -36.067631 -35.033076 -39.428167 -40.733254 -42.254139 -42.557402 -42.820840 -43.165077 -43.050912 -43.201715 -43.596059 
8.022532 19.987165 16.879345 14.411632 11.056404 4.992377 0.927061 -3.300464 -9.193912 -17.185678 -21.391565 -19.156509 -22.110249 -14.251703 -13.049468 -18.446430 -25.506886 -28.093443 -28.436895 -29.490574 -29.868545 -30.046579 -30.513355 -30.105361 -30.866434 -30.264311 -35.178443 -33.966437 -31.599716 -30.637505 -32.994319 -35.165160 -38.337338 -39.141930 -39.436352 -39.717369 -39.880330 -40.213740 -40.536233 -40.537482 
5.120256 19.212476 17.072796 13.545342 12.262023 5.217546 0.151471 -2.088451 -10.116205 -12.821720 -20.327047 -21.407945 -18.772159 -13.131677 -10.077099 -15.479299 -23.488903 -26.019078 -26.822577 -27.852217 -26.615302 -27.338196 -27.374879 -27.153198 -25.844412 -26.754384 -33.296838 -30.753634 -29.559422 -29.338794 -30.211342 -35.064235 -35.889936 -37.240299 -37.926945 -38.065251 -38.470627 -38.558971 -38.763200 -38.892264 
5.948856 18.969322 15.703402 12.388414 10.299269 4.216504 0.073258 -1.446722 -8.593901 -13.511084 -17.795557 -19.999931 -21.140011 -16.785526 -11.226972 -16.924078 -23.106544 -26.013786 -28.617728 -29.182381 -27.281140 -26.666331 -28.580456 -28.318522 -30.856207 -33.196849 -35.229086 -30.416155 -28.343367 -30.280294 -30.693316 -35.319974 -37.335477 -38.286420 -38.819047 -39.177137 -39.691112 -39.724716 -39.899207 -40.193013 
6.002133 18.728681 15.623782 11.641440 8.375647 2.878364 0.943610 -2.950322 -9.755102 -17.848408 -22.162004 -26.460773 -24.710304 -21.868575 -12.293347 -18.714986 -28.447080 -29.771294 -31.964460 -28.247013 -28.338541 -31.601344 -32.277472 -29.728810 -28.872741 -31.519559 -39.078077 -35.074816 -34.078786 -32.622580 -34.408105 -38.422788 -45.906547 -50.561096 -51.016479 -47.997822 -51.541011 -49.781903 -50.134686 -51.251637 
5.208016 17.956109 16.217047 10.462581 8.111690 3.428842 1.343097 -4.443835 -9.709752 -14.296482 -23.630106 -26.352765 -26.712831 -26.419151 -18.191464 -18.769980 -23.689291 -28.627019 -30.969280 -29.858618 -29.212411 -30.379820 -34.023860 -30.703922 -23.995602 -28.920677 -37.474899 -34.223788 -30.888336 -35.089876 -37.162584 -36.766899 -41.115074 -43.655215 -44.245719 -43.566521 -43.863091 -44.631701 -44.820308 -44.836127 
0.617065 15.918890 15.740164 7.946998 7.370896 1.601126 1.187458 -4.072513 -10.550753 -16.498135 -31.538785 -24.525177 -26.265237 -27.234342 -20.745040 -19.234830 -24.047671 -24.888945 -31.896967 -34.312447 -38.228951 -35.407321 -36.415387 -33.164747 -28.521569 -31.415801 -42.728673 -35.422245 -31.941508 -37.008806 -38.322012 -36.541720 -41.750651 -51.346325 -47.609426 -49.656772 -48.667971 -47.880475 -48.927010 -49.055896 
0.677782 14.448613 14.837953 6.387563 3.909903 -1.720679 0.140183 -8.727340 -9.380709 -18.089480 -25.644408 -26.507512 -27.711011 -27.706777 -26.363058 -18.552861 -19.864791 -27.398681 -27.819930 -30.046749 -33.818514 -34.483819 -31.281489 -27.285182 -25.979206 -30.984660 -39.662387 -40.005760 -35.476668 -36.081261 -40.697346 -37.566220 -40.453046 -47.991860 -48.214424 -48.194446 -48.814480 -47.663362 -49.156011 -50.149435 
-1.727887 6.466529 7.454201 1.227397 -0.393493 -4.900879 -5.814896 -11.014224 -11.491113 -14.018370 -14.926138 -16.582354 -20.195898 -23.564209 -24.768312 -21.629796 -25.377762 -29.334635 -28.553496 -29.765356 -28.604963 -30.114204 -33.047818 -35.313674 -35.564563 -33.297895 -39.648426 -39.370036 -36.798963 -39.175486 -41.463804 -43.539432 -47.272166 -48.049498 -48.755907 -48.237288 -48.299853 -47.977111 -47.246291 -49.965442 
-20.371005 -20.111220 -20.519351 -22.165449 -22.569325 -23.866260 -25.300847 -27.216341 -29.989400 -32.999760 -35.456582 -37.040010 -37.924862 -39.350710 -41.926234 -45.236343 -47.090115 -49.194125 -51.032989 -49.963351 -47.684136 -48.962075 -53.892356 -55.490090 -55.396789 -57.647694 -61.996849 -58.486636 -55.840224 -59.459757 -60.316374 -69.365136 -72.262998 -68.587589 -69.363507 -72.571920 -73.198186 -70.985952 -73.641514 -70.462456 
-48.807248 -43.067133 -40.530671 -50.431757 -59.621118 -60.850392 -62.381507 -60.485049 -64.808050 -69.355802 -76.582151 -72.273263 -70.310853 -77.503693 -78.200393 -80.072217 -79.840892 -77.386487 -79.089556 -75.235501 -75.166065 -76.349153 -80.050728 -82.944296 -75.648222 -77.628738 -78.871774 -79.893751 -79.633538 -80.382718 -80.905387 -81.088608 -82.637278 -83.822249 -84.256864 -84.693765 -83.753354 -84.097646 -85.449296 -86.619877 
-56.179271 -52.594673 -52.672696 -62.578536 -64.799599 -65.736312 -64.570223 -66.985916 -74.004703 -67.771670 -74.168165 -79.039889 -79.409109 -76.245540 -76.541002 -80.698981 -77.834754 -78.725959 -81.029125 -79.153349 -79.185288 -82.023302 -81.411548 -81.673616 -81.788087 -86.648433 -88.739645 -85.990062 -85.194448 -89.534300 -88.110004 -85.222564 -91.228168 -89.390114 -89.888347 -91.132251 -89.431676 -90.232872 -92.992929 -94.081882 
-77.816217 -77.499523 -77.481645 -78.062993 -78.960734 -79.462567 -79.576160 -80.401317 -82.596747 -84.301671 -85.416661 -89.783841 -95.638058 -98.680210 -96.724609 -92.158284 -91.870121 -90.108535 -92.956875 -94.542336 -102.124508 -101.568084 -96.761254 -94.940689 -97.171208 -102.442391 -103.553850 -98.899440 -99.004350 -104.949172 -104.267549 -100.617428 -105.144381 -106.375516 -102.664754 -108.721390 -104.630355 -107.198175 -106.507943 -107.661243 
NaN NaN NaN NaN NaN NaN NaN NaN NaN NaN NaN NaN NaN NaN NaN NaN NaN NaN NaN NaN NaN NaN NaN NaN NaN NaN NaN NaN NaN NaN NaN NaN NaN NaN NaN NaN NaN NaN NaN NaN 
NaN NaN NaN NaN NaN NaN NaN NaN NaN NaN NaN NaN NaN NaN NaN NaN NaN NaN NaN NaN NaN NaN NaN NaN NaN NaN NaN NaN NaN NaN NaN NaN NaN NaN NaN NaN NaN NaN NaN NaN 
NaN NaN NaN NaN NaN NaN NaN NaN NaN NaN NaN NaN NaN NaN NaN NaN NaN NaN NaN NaN NaN NaN NaN NaN NaN NaN NaN NaN NaN NaN NaN NaN NaN NaN NaN NaN NaN NaN NaN NaN 
NaN NaN NaN NaN NaN NaN NaN NaN NaN NaN NaN NaN NaN NaN NaN NaN NaN NaN NaN NaN NaN NaN NaN NaN NaN NaN NaN NaN NaN NaN NaN NaN NaN NaN NaN NaN NaN NaN NaN NaN 
NaN NaN NaN NaN NaN NaN NaN NaN NaN NaN NaN NaN NaN NaN NaN NaN NaN NaN NaN NaN NaN NaN NaN NaN NaN NaN NaN NaN NaN NaN NaN NaN NaN NaN NaN NaN NaN NaN NaN NaN 
NaN NaN NaN NaN NaN NaN NaN NaN NaN NaN NaN NaN NaN NaN NaN NaN NaN NaN NaN NaN NaN NaN NaN NaN NaN NaN NaN NaN NaN NaN NaN NaN NaN NaN NaN NaN NaN NaN NaN NaN 
NaN NaN NaN NaN NaN NaN NaN NaN NaN NaN NaN NaN NaN NaN NaN NaN NaN NaN NaN NaN NaN NaN NaN NaN NaN NaN NaN NaN NaN NaN NaN NaN NaN NaN NaN NaN NaN NaN NaN NaN 
NaN NaN NaN NaN NaN NaN NaN NaN NaN NaN NaN NaN NaN NaN NaN NaN NaN NaN NaN NaN NaN NaN NaN NaN NaN NaN NaN NaN NaN NaN NaN NaN NaN NaN NaN NaN NaN NaN NaN NaN 
NaN NaN NaN NaN NaN NaN NaN NaN NaN NaN NaN NaN NaN NaN NaN NaN NaN NaN NaN NaN NaN NaN NaN NaN NaN NaN NaN NaN NaN NaN NaN NaN NaN NaN NaN NaN NaN NaN NaN NaN 
NaN NaN NaN NaN NaN NaN NaN NaN NaN NaN NaN NaN NaN NaN NaN NaN NaN NaN NaN NaN NaN NaN NaN NaN NaN NaN NaN NaN NaN NaN NaN NaN NaN NaN NaN NaN NaN NaN NaN NaN 
NaN NaN NaN NaN NaN NaN NaN NaN NaN NaN NaN NaN NaN NaN NaN NaN NaN NaN NaN NaN NaN NaN NaN NaN NaN NaN NaN NaN NaN NaN NaN NaN NaN NaN NaN NaN NaN NaN NaN NaN 
