NaN NaN NaN NaN NaN NaN NaN NaN NaN NaN NaN NaN NaN NaN NaN NaN NaN NaN NaN NaN NaN NaN NaN NaN NaN NaN NaN NaN NaN NaN NaN NaN NaN NaN NaN NaN NaN NaN NaN NaN 
NaN NaN NaN NaN NaN NaN NaN NaN NaN NaN NaN NaN NaN NaN NaN NaN NaN NaN NaN NaN NaN NaN NaN NaN NaN NaN NaN NaN NaN NaN NaN NaN NaN NaN NaN NaN NaN NaN NaN NaN 
NaN NaN NaN NaN NaN NaN NaN NaN NaN NaN NaN NaN NaN NaN NaN NaN NaN NaN NaN NaN NaN NaN NaN NaN NaN NaN NaN NaN NaN NaN NaN NaN NaN NaN NaN NaN NaN NaN NaN NaN 
NaN NaN NaN NaN NaN NaN NaN NaN NaN NaN NaN NaN NaN NaN NaN NaN NaN NaN NaN NaN NaN NaN NaN NaN NaN NaN NaN NaN NaN NaN NaN NaN NaN NaN NaN NaN NaN NaN NaN NaN 
NaN NaN NaN NaN NaN NaN NaN NaN NaN NaN NaN NaN NaN NaN NaN NaN NaN NaN NaN NaN NaN NaN NaN NaN NaN NaN NaN NaN NaN NaN NaN NaN NaN NaN NaN NaN NaN NaN NaN NaN 
NaN NaN NaN NaN NaN NaN NaN NaN NaN NaN NaN NaN NaN NaN NaN NaN NaN NaN NaN NaN NaN NaN NaN NaN NaN NaN NaN NaN NaN NaN NaN NaN NaN NaN NaN NaN NaN NaN NaN NaN 
NaN NaN NaN NaN NaN NaN NaN NaN NaN NaN NaN NaN NaN NaN NaN NaN NaN NaN NaN NaN NaN NaN NaN NaN NaN NaN NaN NaN NaN NaN NaN NaN NaN NaN NaN NaN NaN NaN NaN NaN 
NaN NaN NaN NaN NaN NaN NaN NaN NaN NaN NaN NaN NaN NaN NaN NaN NaN NaN NaN NaN NaN NaN NaN NaN NaN NaN NaN NaN NaN NaN NaN NaN NaN NaN NaN NaN NaN NaN NaN NaN 
NaN NaN NaN NaN NaN NaN NaN NaN NaN NaN NaN NaN NaN NaN NaN NaN NaN NaN NaN NaN NaN NaN NaN NaN NaN NaN NaN NaN NaN NaN NaN NaN NaN NaN NaN NaN NaN NaN NaN NaN 
NaN NaN NaN NaN NaN NaN NaN NaN NaN NaN NaN NaN NaN NaN NaN NaN NaN NaN NaN NaN NaN NaN NaN NaN NaN NaN NaN NaN NaN NaN NaN NaN NaN NaN NaN NaN NaN NaN NaN NaN 
NaN NaN NaN NaN NaN NaN NaN NaN NaN NaN NaN NaN NaN NaN NaN NaN NaN NaN NaN NaN NaN NaN NaN NaN NaN NaN NaN NaN NaN NaN NaN NaN NaN NaN NaN NaN NaN NaN NaN NaN 
NaN NaN NaN NaN NaN NaN NaN NaN NaN NaN NaN NaN NaN NaN NaN NaN NaN NaN NaN NaN NaN NaN NaN NaN NaN NaN NaN NaN NaN NaN NaN NaN NaN NaN NaN NaN NaN NaN NaN NaN 
NaN NaN NaN NaN NaN NaN NaN NaN NaN NaN NaN NaN NaN NaN NaN NaN NaN NaN NaN NaN NaN NaN NaN NaN NaN NaN NaN NaN NaN NaN NaN NaN NaN NaN NaN NaN NaN NaN NaN NaN 
NaN NaN NaN NaN NaN NaN NaN NaN NaN NaN NaN NaN NaN NaN NaN NaN NaN NaN NaN NaN NaN NaN NaN NaN NaN NaN NaN NaN NaN NaN NaN NaN NaN NaN NaN NaN NaN NaN NaN NaN 
NaN NaN NaN NaN NaN NaN NaN NaN NaN NaN NaN NaN NaN NaN NaN NaN NaN NaN NaN NaN NaN NaN NaN NaN NaN NaN NaN NaN NaN NaN NaN NaN NaN NaN NaN NaN NaN NaN NaN NaN 
-29.039319 -29.223117 -30.758024 -33.637836 -39.349908 -41.862063 -35.571726 -38.000504 -51.383696 -53.304660 -44.500398 -49.001846 -49.423769 -50.114316 -51.663910 -54.250939 -44.457906 -40.548607 -36.921499 -38.088377 -51.559179 -52.358493 -54.548897 -61.415777 -52.750839 -49.722692 -57.982202 -57.069146 -54.502616 -48.311660 -56.596655 -51.414506 -51.819539 -57.453978 -58.523657 -58.970213 -59.075474 -55.149001 -60.279746 -62.811270 
-17.977469 -18.050835 -27.409169 -26.554856 -21.679334 -18.617070 -17.218469 -20.068271 -26.614807 -30.983733 -33.863936 -34.857202 -40.806084 -34.025861 -32.740507 -39.472428 -31.193652 -28.195876 -22.043635 -19.258071 -31.987051 -35.725434 -37.658074 -43.480985 -35.100313 -34.563280 -36.100987 -33.578228 -29.231167 -25.926192 -26.246015 -25.846813 -29.424388 -32.589314 -36.839200 -32.460541 -31.494310 -35.288460 -41.236989 -41.970647 
-15.326203 -18.656860 -26.054125 -24.427388 -22.922875 -22.475700 -26.223117 -21.043484 -27.305068 -30.060001 -30.789247 -33.653025 -33.522104 -29.021887 -25.749694 -28.371682 -26.479802 -25.199000 -17.137523 -18.436765 -22.283659 -29.878566 -29.943147 -35.674264 -30.727574 -30.699104 -28.788356 -26.895716 -19.591786 -17.163391 -17.157165 -16.073800 -18.430828 -17.933531 -21.742000 -21.874695 -20.141512 -18.335288 -22.241033 -27.497617 
-24.960508 -29.955658 -39.221697 -29.932613 -24.766865 -29.172455 -29.425178 -31.328038 -25.769243 -27.837709 -36.072143 -29.227210 -31.472319 -27.203162 -23.663814 -24.441972 -23.643406 -22.394105 -18.608211 -19.389864 -21.200156 -24.869067 -27.694266 -32.861624 -30.532316 -22.921329 -20.949233 -19.121936 -14.497287 -12.583643 -11.142743 -10.253474 -12.100847 -12.461376 -14.472363 -14.041973 -14.050171 -13.271584 -13.843184 -17.959758 
-32.017612 -36.679232 -35.558892 -35.137519 -30.842372 -35.189352 -26.486384 -32.962319 -31.065081 -33.022109 -37.260224 -32.683983 -38.335557 -29.988801 -27.415916 -28.652858 -25.651375 -27.286971 -22.181934 -22.084897 -22.593714 -25.301181 -28.316731 -32.930641 -27.379915 -21.523060 -22.675026 -20.127525 -11.332808 -10.049953 -5.820067 -4.677921 -6.896907 -11.532084 -15.482910 -14.458757 -11.960508 -11.303231 -13.143138 -12.611149 
-23.252366 -25.301256 -25.832807 -25.281028 -26.846802 -24.155591 -29.871952 -30.236508 -26.871106 -25.700212 -27.974882 -29.345133 -23.016848 -22.472021 -21.245487 -20.050418 -20.167418 -22.577742 -19.682699 -18.363246 -17.586311 -19.347981 -23.179803 -28.078366 -27.353852 -22.069446 -15.703901 -15.161104 -11.632753 -9.425287 -6.303253 -2.762838 -6.892989 -10.579139 -8.144199 -8.204362 -4.014393 -2.648007 -3.336522 -8.783685 
-27.581046 -25.827715 -28.401689 -30.623399 -30.918057 -26.577654 -26.328423 -28.986524 -26.878833 -32.862878 -31.345718 -28.964212 -22.492330 -19.605928 -16.999154 -22.725776 -19.915100 -21.081992 -18.788978 -16.823268 -15.784249 -16.656761 -23.927245 -27.664749 -21.200923 -17.354638 -13.574410 -13.330362 -10.825495 -8.980952 -2.135807 -3.598461 -3.395022 -6.198355 -4.028339 -3.070222 -1.712837 -2.411203 -2.368309 -4.079881 
-27.935267 -26.593121 -33.618997 -29.246563 -31.924465 -31.781402 -27.304685 -29.688925 -40.349186 -30.589316 -30.308312 -34.101092 -35.573838 -21.495948 -18.293678 -23.496340 -22.441116 -17.799428 -24.102974 -18.302938 -18.097102 -18.082948 -25.359043 -28.898948 -24.169547 -18.853600 -12.466670 -10.991668 -8.363982 -6.800856 -2.015923 0.170705 -1.952818 -5.241522 -2.567760 -1.459468 0.252991 -0.497457 -1.830998 -4.154639 
-27.553060 -35.602461 -44.037084 -34.791537 -30.169326 -34.062393 -34.247378 -29.495100 -24.682979 -26.263789 -33.830046 -38.081590 -26.533902 -20.379146 -20.659278 -22.588008 -20.200013 -23.000094 -17.819307 -17.494371 -24.617159 -24.042160 -29.573872 -29.298263 -26.489295 -19.602418 -16.108793 -15.430259 -11.754948 -6.847042 -2.444707 0.630016 -0.378128 -4.814401 -6.866807 -0.984015 0.155128 0.238588 -6.175656 -6.422393 
-30.715258 -40.599452 -35.979889 -35.542216 -32.949501 -37.137766 -30.387361 -27.084082 -31.426221 -32.909874 -33.846682 -33.421980 -26.830825 -20.449011 -20.278447 -26.121989 -27.144496 -23.058358 -20.780342 -19.498935 -17.205154 -21.873289 -22.250833 -30.568468 -25.010225 -16.217367 -12.888008 -16.778768 -9.415073 -5.129940 -0.671230 1.156880 -4.494957 -4.604430 -4.715786 -1.810350 0.175683 0.873194 -3.570493 -3.308669 
-28.827476 -28.859177 -37.340747 -41.174351 -36.815221 -34.527907 -33.202556 -27.855111 -29.338705 -37.048220 -35.558737 -32.135880 -33.110328 -25.997714 -20.120242 -23.629305 -25.060157 -23.703473 -23.009954 -18.874296 -17.403970 -20.959993 -27.986168 -35.189116 -27.255174 -18.921532 -13.465961 -13.158321 -10.112127 -4.471413 -1.976255 -2.784060 -4.940617 -6.459224 -2.607090 0.080693 1.435113 -0.620993 -2.102243 -6.439539 
-40.745400 -37.407558 -36.859974 -38.417664 -46.173341 -39.285546 -42.604379 -31.590444 -33.779167 -31.461581 -32.392806 -38.854253 -32.957276 -24.676091 -20.945301 -25.211239 -21.342273 -18.335312 -22.979082 -20.877649 -23.124025 -20.436019 -26.142759 -28.872238 -26.636229 -20.700450 -15.109739 -12.528544 -11.081025 -7.394151 -2.089629 -0.349467 -2.369227 -4.045316 -4.383842 -0.734828 0.208806 -0.711852 -3.048902 -4.367322 
-35.772767 -40.094545 -46.620193 -41.742154 -32.729694 -35.626280 -32.545738 -30.019891 -27.789207 -27.788966 -34.889129 -39.304394 -28.815283 -19.604821 -19.891370 -24.372186 -22.944779 -22.786839 -19.243120 -21.880537 -27.439246 -26.664436 -28.294159 -29.612756 -28.473924 -18.936840 -15.839881 -16.462331 -11.897925 -6.983383 -3.710384 0.842130 -0.576340 -3.562815 -6.316644 -0.618336 0.144632 1.103767 -4.834907 -7.956404 
-30.360631 -32.680468 -33.847624 -41.174256 -41.823191 -31.943221 -29.002143 -25.106439 -26.657385 -34.741501 -38.758364 -33.854495 -28.826544 -25.400594 -23.286128 -31.442704 -28.441549 -25.161744 -24.269007 -19.749133 -16.717725 -19.266946 -24.452508 -35.627725 -30.404390 -15.385801 -12.021731 -13.982529 -8.816648 -2.425218 0.075660 0.213060 -5.856197 -5.381107 -3.548608 -1.154438 1.320863 0.671707 -2.578920 -4.919350 
-20.459433 -28.570588 -32.096232 -34.869998 -29.816120 -23.981498 -22.242428 -24.650153 -27.985933 -33.137251 -31.131543 -26.443598 -27.205728 -17.182902 -18.386315 -23.127621 -18.139155 -17.630011 -20.106582 -17.949237 -20.160955 -20.576239 -26.174030 -31.705158 -25.299173 -16.854526 -12.461878 -11.129371 -4.640881 -2.443725 -2.304468 1.421253 -3.461406 -5.736188 -5.677478 -1.770776 -1.222070 -0.426631 -2.600511 -6.479571 
-26.990900 -26.204043 -34.752022 -31.322811 -27.420498 -24.648118 -23.892677 -29.523659 -28.175316 -24.868401 -24.713569 -26.274187 -22.968031 -14.359617 -20.631052 -22.163198 -19.990964 -17.471316 -17.463071 -14.565316 -16.060154 -16.795865 -20.688135 -27.603003 -20.850715 -20.259520 -14.516620 -11.800203 -8.813947 -4.990341 -3.236859 -0.262445 -2.082880 -4.631125 -7.845718 -4.609529 -6.019892 -5.376539 -7.103629 -8.011134 
-10.839208 -13.034890 -16.970831 -25.070434 -22.095440 -22.695055 -26.089435 -25.212121 -25.676409 -27.606129 -29.972802 -28.072837 -20.785323 -17.648905 -21.276214 -22.541405 -23.327705 -18.027102 -16.371882 -16.184091 -18.604850 -23.085179 -25.664997 -28.444481 -19.302559 -15.938834 -11.311554 -10.553470 -7.515066 -1.889270 -6.092937 -5.128947 -7.925290 -11.977720 -12.714177 -10.804759 -8.043806 -6.319791 -7.323349 -12.213564 
-1.629263 1.166210 -0.848533 -6.438456 -11.708313 -18.059280 -25.855123 -24.106069 -20.345482 -23.429005 -32.797598 -29.394858 -24.117099 -16.132554 -14.879912 -21.218686 -24.227838 -22.214598 -23.864891 -17.936849 -19.116750 -22.035010 -29.102900 -29.420073 -18.971567 -13.861889 -5.887636 -5.014511 -8.342025 -6.990608 -7.744089 -11.498230 -13.077147 -15.617575 -18.543349 -12.676324 -15.001657 -11.797703 -13.377473 -19.761734 
-6.966566 -9.782938 -9.006570 -14.769351 -15.044540 -18.909250 -24.192811 -24.752006 -26.151027 -32.525024 -42.531642 -38.212557 -32.505422 -33.057796 -31.801634 -34.741592 -31.598622 -31.621441 -36.031070 -37.855620 -30.591229 -33.364283 -40.442586 -43.116076 -35.746099 -33.871760 -20.440107 -24.040332 -26.388427 -28.293975 -28.549168 -29.939499 -32.530262 -34.809555 -36.770168 -37.780437 -37.040891 -35.427109 -33.069924 -36.601155 
-22.583536 -30.852849 -26.598867 -26.497270 -26.363849 -37.253434 -39.552507 -48.142919 -51.101065 -50.606300 -55.574197 -50.393899 -50.299891 -48.646364 -53.170388 -54.322228 -53.061291 -53.451906 -52.809199 -52.696213 -52.726334 -60.974174 -63.720101 -58.669284 -54.284640 -52.330884 -46.135905 -47.687982 -51.455257 -50.635524 -52.018266 -52.244323 -54.514535 -54.893274 -55.954802 -53.786956 -58.149382 -55.765200 -53.310182 -54.755154 
-27.461212 -35.459483 -35.353821 -35.359653 -39.062739 -48.696798 -57.314180 -57.327703 -56.539932 -65.817855 -69.410520 -63.658461 -63.406980 -61.793387 -62.484810 -64.748217 -60.837332 -63.903364 -62.742649 -67.830406 -70.275700 -65.058526 -68.457265 -66.029081 -65.125694 -67.489548 -66.116106 -65.623612 -60.763947 -64.720334 -67.466845 -68.202254 -66.853022 -68.541746 -68.220700 -65.797008 -69.018522 -69.508724 -69.415533 -69.239014 
-28.126207 -36.176941 -46.553457 -47.323373 -54.753473 -61.992327 -58.956702 -59.914788 -58.196000 -58.536834 -64.722931 -60.956780 -67.999853 -64.608336 -69.558380 -67.203990 -68.286496 -70.369430 -70.215307 -70.015846 -71.154531 -71.782257 -70.716580 -68.556583 -64.912233 -73.386647 -72.386075 -72.199491 -71.074434 -68.227558 -72.109418 -69.604062 -70.203170 -73.978360 -72.164408 -74.314316 -73.608369 -74.064071 -73.962120 -74.646127 
-33.165883 -40.435134 -46.566225 -50.464926 -53.100910 -63.745550 -62.911823 -67.037180 -61.522349 -60.338653 -62.981837 -60.273044 -65.291770 -68.090899 -71.045292 -64.719761 -66.736014 -67.376053 -67.671948 -69.913355 -69.749575 -72.442577 -70.181098 -73.304932 -70.815786 -72.963552 -72.859392 -72.377610 -72.567952 -72.604363 -73.304723 -72.814019 -75.150118 -73.007240 -73.998554 -74.516330 -75.192129 -75.110181 -72.956586 -76.547639 
-32.995343 -43.876203 -53.689279 -51.587395 -55.336788 -67.554636 -64.550509 -63.995235 -65.995202 -67.202577 -66.136062 -65.042493 -66.718099 -68.573420 -69.649990 -70.377173 -69.108066 -68.231076 -65.399646 -67.020731 -72.004197 -70.454131 -69.219360 -74.599146 -75.246187 -71.881829 -72.128431 -76.660179 -72.242911 -75.592415 -74.834216 -76.423336 -75.729755 -74.743953 -73.206846 -73.807885 -77.896835 -77.867533 -76.845515 -76.660678 
-34.561735 -37.122886 -48.316834 -49.481319 -62.279459 -58.272242 -61.738546 -63.674674 -67.346119 -67.379707 -64.223771 -65.520917 -63.924339 -65.178275 -66.339117 -72.691120 -73.092080 -71.372247 -69.839163 -67.410746 -71.916759 -72.139447 -71.035893 -68.094534 -70.673582 -73.059669 -72.910951 -71.082596 -73.410115 -70.789681 -70.806442 -73.765599 -74.105044 -72.329607 -73.375671 -76.253698 -77.702460 -75.097704 -75.764864 -72.972379 
-16.770484 -23.344302 -25.112405 -26.320760 -26.693665 -28.050602 -29.198774 -30.520675 -32.840032 -35.427185 -39.055840 -42.357419 -43.259266 -41.630798 -40.336355 -40.241268 -40.938384 -42.422045 -43.783704 -44.527756 -45.721488 -49.234086 -55.743101 -51.450931 -46.858445 -46.103448 -47.917362 -50.433742 -51.357030 -52.097664 -52.456639 -51.313817 -49.717445 -50.986618 -57.194598 -62.046854 -59.847985 -54.608435 -57.825536 -62.402793 
-3.482524 -4.481479 -7.044134 -7.035737 -5.004578 -4.101136 -6.130175 -12.482840 -14.671405 -18.383095 -23.375795 -31.106803 -33.565044 -24.065150 -20.460142 -19.208757 -18.203128 -18.745393 -20.364739 -23.735450 -27.249965 -25.687367 -29.947258 -32.857036 -29.690777 -25.113470 -24.889916 -29.380408 -31.970881 -32.661254 -32.073979 -27.416594 -29.699816 -31.440042 -35.181059 -38.667392 -36.786447 -34.453502 -35.378779 -41.827822 
-5.589890 -16.046988 -15.260912 -20.875559 -11.678361 -10.119559 -5.711814 -10.127945 -19.164592 -23.606862 -28.302598 -29.259785 -24.815326 -17.116252 -11.221777 -12.648973 -13.553435 -12.576231 -9.856112 -12.480493 -19.290843 -18.987614 -22.059965 -31.665431 -28.105009 -25.688288 -24.604606 -27.354629 -27.610629 -30.893556 -32.437793 -30.221500 -30.423771 -31.075193 -33.536360 -34.428781 -35.220005 -31.141513 -33.587991 -36.231589 
-10.747802 -0.409577 6.142023 7.755384 1.459932 -11.111100 -7.795487 -8.842189 -14.580957 -16.440115 -18.054155 -18.293057 -20.618986 -17.636487 -10.522203 -10.696768 -10.953785 -11.539205 -12.830632 -17.028872 -19.433841 -16.605377 -21.294080 -27.758458 -27.968760 -29.654169 -27.620421 -26.076244 -28.969929 -29.152757 -31.666196 -29.201438 -30.283002 -32.438416 -34.465532 -32.719638 -29.832359 -32.271945 -34.501409 -35.675899 
-7.660511 3.580722 18.387808 21.510461 15.623940 16.822877 18.815809 13.220952 6.194670 -4.266737 -9.093047 -9.981799 -10.048066 -10.142974 -5.294061 -3.850698 -6.810815 -12.792975 -11.205549 -12.086752 -12.355475 -14.276563 -19.127105 -25.648221 -17.145953 -17.801242 -18.704212 -18.342297 -20.377084 -23.520885 -28.288523 -24.633299 -25.880005 -27.770658 -28.382819 -31.660581 -28.512298 -33.098790 -35.155666 -28.772025 
-20.147405 -1.499809 18.891638 22.280556 8.587741 20.941487 25.452104 9.931371 6.021784 1.885769 -7.030649 -8.836469 -10.672466 -11.299187 -6.407410 -7.846725 -8.122856 -8.292370 -4.251924 -0.798342 -1.689000 -6.861803 -12.751298 -18.050038 -8.869801 -10.944011 -12.249372 -13.734482 -16.417141 -23.825916 -33.260330 -20.490136 -19.483395 -22.866971 -20.176111 -27.775775 -26.068024 -28.824994 -31.437867 -22.774919 
-23.468762 -5.540388 17.324384 22.032387 7.678559 18.253000 25.371606 11.217571 5.661682 4.137231 -11.141866 -8.512206 -10.777984 -8.359585 -11.690989 -13.230684 -10.851437 -7.312549 -2.871777 1.281054 -4.229245 -7.523878 -12.442105 -19.091020 -6.144136 -9.158654 -11.172186 -12.082206 -14.446238 -21.462776 -28.930826 -20.116267 -16.600892 -21.902045 -21.551435 -27.221550 -23.555807 -26.594447 -29.885722 -24.590568 
-14.668987 -4.546654 17.326223 21.898708 7.909838 16.719967 23.978303 8.297631 6.812095 5.358530 -13.793000 -10.192146 -10.398363 -6.853903 -15.563331 -17.577451 -13.154988 -7.315203 -2.830926 0.045312 -8.002317 -10.214416 -14.605204 -20.950693 -9.114489 -11.600012 -13.573729 -13.295868 -15.120128 -22.087136 -34.971163 -23.116898 -17.962319 -23.001643 -22.154962 -28.054405 -22.948065 -26.827738 -32.474547 -25.364611 
-17.212124 -5.201776 17.486257 21.885804 7.426118 16.334580 23.177833 7.621741 8.082908 5.832172 -11.920568 -9.693736 -8.638520 -5.557548 -17.242868 -20.489113 -14.212452 -6.589176 -2.206282 -0.667402 -9.373545 -11.455691 -14.598465 -18.041639 -9.994560 -13.384189 -13.964063 -13.802659 -16.078691 -24.267699 -37.285690 -25.370425 -20.636354 -24.917693 -22.986909 -28.090306 -22.060492 -26.649205 -31.297891 -23.818044 
-15.534269 -3.950229 17.536350 22.005715 7.572040 15.756930 22.703152 7.576381 8.499085 6.610676 -10.610397 -8.506964 -7.281470 -4.432668 -16.617480 -17.863164 -13.309538 -5.259571 -2.544717 -1.349051 -9.795626 -12.457707 -15.441517 -17.486988 -11.656002 -14.844273 -15.516742 -14.747314 -16.065824 -22.984614 -31.765059 -23.163148 -18.428494 -22.895778 -21.964284 -26.216385 -21.326425 -25.397907 -28.952506 -21.192142 
-18.337362 -4.831823 17.583883 22.010452 7.768683 15.376992 22.487073 7.340816 9.776735 6.585665 -8.963909 -7.604267 -5.892792 -4.363407 -14.206077 -15.426686 -12.149094 -3.311749 -3.447258 -3.090530 -10.315926 -12.390977 -15.177128 -17.201646 -12.797691 -15.612517 -15.533406 -14.643990 -15.825107 -22.977842 -31.066061 -22.937615 -19.653146 -24.331963 -23.606243 -27.161366 -22.415831 -25.663703 -28.577114 -20.735823 
-10.334061 -5.656044 17.187693 21.973043 8.859278 16.285999 23.901432 10.311481 9.232198 6.314521 -10.438066 -7.856551 -7.622676 -5.421433 -12.065572 -12.384075 -8.155122 0.067126 -1.076729 -2.782621 -9.472996 -11.318978 -14.991360 -18.054262 -10.906969 -15.120190 -15.606493 -14.844300 -15.420546 -23.525254 -35.164144 -22.369394 -17.546697 -23.524166 -23.465310 -30.239613 -23.733821 -26.183977 -29.849341 -20.992070 
-21.035368 -5.679692 16.962967 21.676203 7.216456 17.055679 23.880572 8.633894 8.662055 7.315450 -8.808427 -6.747066 -7.637579 -5.086311 -10.853462 -12.176934 -6.572960 2.134011 -2.232982 -7.753365 -11.981211 -13.128862 -16.148817 -18.457803 -12.207948 -15.823535 -16.976436 -15.688821 -15.607163 -21.154809 -29.296022 -21.010821 -16.962745 -22.852597 -21.920254 -27.694351 -22.752353 -26.242762 -29.484377 -22.411855 
-15.016941 -4.722767 17.186027 21.846326 8.017464 15.594481 22.666511 7.074847 9.110981 7.117879 -11.782965 -8.161994 -7.807893 -4.272425 -10.866400 -12.675145 -6.425234 1.209086 -4.496352 -11.534790 -14.852197 -16.217516 -18.437419 -19.515236 -15.437974 -19.354223 -18.537839 -17.386579 -16.802422 -23.744101 -35.646782 -25.997793 -20.223352 -25.986645 -24.816803 -29.108597 -22.809861 -28.107994 -30.677088 -21.647769 
-18.337830 -4.783073 17.600855 21.726315 7.326377 15.763060 22.064406 6.015496 10.154225 6.975265 -8.905387 -7.509561 -5.222222 -3.541530 -9.440512 -9.445472 -3.609222 -4.712219 -8.801637 -13.301602 -16.029191 -16.494567 -18.637984 -17.880273 -18.867214 -20.390226 -18.803242 -16.457295 -16.378468 -24.009236 -35.515341 -24.573623 -20.682910 -25.491830 -23.925165 -28.543503 -22.616150 -26.478407 -31.228618 -23.091247 
-25.552915 -1.126823 18.313947 21.432352 5.925623 17.509771 21.911657 6.409652 12.182647 5.960903 -4.744028 -6.099204 -3.509764 -4.649525 -6.784147 -4.005533 -1.950719 -6.492609 -11.162983 -13.903270 -15.844126 -15.627721 -17.041472 -18.152748 -20.555280 -21.107565 -18.927103 -16.773596 -16.762571 -23.531340 -32.080434 -23.146570 -21.752858 -27.177977 -26.046112 -25.543120 -21.803050 -29.169007 -32.592924 -24.525774 
-17.722190 0.343286 18.999967 21.066694 4.815357 19.157868 21.638653 4.640296 13.617629 3.733220 -1.960263 -6.392532 -2.379679 -6.680655 -3.777029 0.004000 -2.394937 -6.851661 -12.814686 -16.059892 -16.860817 -16.806653 -18.054661 -19.608686 -20.172766 -23.507382 -20.161334 -18.868319 -19.458226 -25.926957 -37.687462 -28.456791 -23.812305 -27.596160 -27.798624 -27.887903 -25.758559 -32.315414 -34.647584 -27.827188 
-12.836612 2.584534 19.339155 20.373599 4.962497 20.281206 20.763598 6.399331 15.239953 2.509707 0.779930 -6.833200 -2.263452 -6.052284 -1.667379 -0.570625 -2.785225 -5.578841 -12.270568 -15.449010 -17.255744 -16.413754 -18.284028 -17.481948 -20.922192 -25.371874 -21.474650 -18.571307 -17.877700 -24.157103 -36.621700 -27.630389 -24.820100 -27.093286 -25.678506 -26.967034 -23.764182 -28.496015 -35.222102 -29.513615 
-17.202447 4.282471 19.867643 18.797862 6.392134 21.727054 18.661797 9.885991 16.193079 0.907732 1.399101 -7.255691 -3.440659 -1.021077 0.326108 3.338600 -6.511965 -9.048461 -13.745194 -15.925179 -16.960833 -16.674956 -18.722737 -16.477791 -20.386285 -27.256059 -24.880239 -22.300724 -21.404535 -25.754739 -32.156098 -29.526824 -25.370670 -26.911801 -25.107704 -27.660412 -24.247345 -30.429075 -32.224174 -27.837251 
-17.092091 8.443529 20.812819 17.056649 11.939781 22.111246 13.980520 15.795493 13.731109 1.751732 -3.574097 -7.884411 -5.194085 2.783548 4.665748 1.550507 -10.458623 -14.684710 -18.005459 -19.299253 -20.918368 -20.129025 -22.146337 -17.423984 -18.029778 -31.563283 -27.628233 -23.755299 -21.596089 -29.101938 -42.991334 -33.415316 -30.175621 -29.881453 -27.761594 -27.646904 -23.663033 -35.253164 -37.808210 -24.331191 
-11.708744 11.433013 21.328759 15.440418 16.352278 20.658853 11.541640 19.273024 10.904780 4.785204 -4.273832 -8.150834 -2.518135 2.424074 6.868527 -4.024300 -11.373370 -17.233171 -18.297572 -18.778428 -21.676792 -20.961726 -21.346763 -15.907846 -16.840554 -25.738277 -25.782293 -24.200197 -24.228649 -25.948450 -29.879308 -28.540832 -27.314603 -29.615301 -28.139121 -26.835896 -24.917530 -31.742758 -32.289028 -27.228332 
-8.543103 13.899739 21.174493 14.459486 19.200787 17.684404 14.148406 18.476394 9.508165 5.761090 -4.746387 -7.308023 -2.709782 6.722663 5.626517 -4.084253 -15.483259 -19.676830 -22.504114 -21.782137 -22.656760 -22.873029 -23.823594 -14.985402 -15.983025 -32.198671 -29.638242 -24.978716 -23.992577 -29.009679 -43.598749 -37.756555 -32.663940 -32.384024 -30.980616 -31.300712 -27.648059 -35.215774 -36.066960 -25.230802 
-2.160441 15.455222 19.797646 14.905346 21.249380 15.494861 15.450823 12.510582 10.916726 3.170821 -4.742075 -8.999218 -2.932369 3.545034 5.095558 -2.586465 -11.860820 -17.603083 -20.014244 -21.537777 -22.954966 -21.583664 -20.081671 -13.670967 -16.908071 -32.383579 -29.872560 -24.912939 -23.998455 -28.314839 -37.029891 -33.474634 -32.693204 -34.026781 -33.414360 -28.154866 -26.935816 -34.446008 -35.736363 -31.689368 
-1.020609 15.496417 17.116249 16.830441 22.089657 14.516607 13.476565 10.758763 11.579509 0.217184 -6.464977 -10.381714 -5.261649 2.053096 3.168078 -5.824090 -10.322396 -12.243488 -16.231694 -19.399649 -20.043995 -18.940861 -17.378117 -12.801864 -15.701518 -31.927424 -23.820789 -18.828013 -19.404008 -26.043796 -42.242232 -37.027226 -32.267849 -27.842212 -27.366995 -28.714584 -26.741455 -34.904161 -38.078286 -31.272319 
0.275112 15.089061 14.219348 18.491713 21.268955 13.507947 10.682780 11.961275 8.219337 0.603292 -6.814180 -12.859279 -9.344733 -4.063549 -4.849766 -4.087227 -9.460986 -15.885507 -19.873794 -20.263317 -22.399352 -23.610319 -20.697887 -19.551523 -22.564209 -33.528179 -30.836633 -28.732949 -27.550707 -33.700573 -39.001304 -35.703880 -31.114196 -30.373205 -29.723883 -30.606602 -27.460321 -38.358653 -37.635055 -30.012457 
1.681106 14.191275 10.853006 20.119014 18.391704 13.178484 11.222537 13.666161 8.126542 -1.719000 -7.327389 -11.259258 -8.273500 -3.495262 -4.427170 -4.661801 -11.651052 -15.857961 -19.387195 -19.465893 -20.204034 -19.541556 -17.856008 -12.735760 -17.195378 -34.660084 -28.599552 -25.197651 -25.772982 -33.086213 -49.694045 -41.121946 -34.547872 -28.211001 -27.329513 -28.642288 -26.715977 -43.501675 -41.775478 -29.024002 
3.177353 12.743652 12.584882 19.098149 14.835484 12.285319 9.244469 10.142608 8.257663 -2.511642 -7.871436 -12.474225 -10.478787 -3.549029 -2.103754 -3.786438 -11.702971 -17.516751 -19.696101 -20.072212 -21.926190 -19.464081 -18.265979 -11.288018 -15.442321 -34.993897 -28.198481 -24.440816 -26.415189 -32.610818 -49.389125 -46.215119 -38.560854 -33.836899 -33.875322 -29.481902 -26.663289 -40.367718 -42.450297 -31.851301 
4.622972 11.179963 12.829475 16.244454 10.506393 8.520815 6.561538 9.008381 5.183303 -1.602024 -9.171996 -15.953075 -12.397343 -7.343224 -5.305813 -3.675644 -8.404415 -13.889958 -18.019798 -19.134094 -18.637190 -17.333157 -17.125010 -10.985163 -16.148735 -30.940313 -24.345862 -24.021250 -27.593163 -33.662833 -47.409780 -48.944649 -40.380521 -34.432047 -33.497033 -28.646283 -27.776306 -39.344667 -40.648555 -31.727381 
4.710737 8.450709 11.202921 12.998375 12.340214 8.533551 6.723494 10.792453 6.329214 -3.338539 -10.210088 -16.860460 -11.386377 -6.675843 -9.650648 -7.611285 -4.193337 -11.291868 -16.690941 -17.615780 -17.362706 -15.973651 -15.280542 -10.926794 -16.481233 -29.929284 -22.350436 -22.864845 -27.852869 -34.285664 -49.263027 -50.162556 -45.838537 -34.516977 -32.549005 -25.448942 -24.841481 -39.666497 -39.991636 -31.571259 
4.695866 8.548689 12.205411 12.816142 12.867123 9.258383 8.194722 9.222871 3.631820 -4.808636 -11.879106 -17.845008 -11.659940 -7.029657 -12.402990 -17.430811 -8.956542 -5.679572 -12.995721 -16.324788 -19.048118 -15.658677 -14.012465 -13.650834 -20.049551 -29.922945 -26.985382 -27.572119 -34.616077 -40.849730 -53.047831 -52.302081 -46.974402 -31.586871 -30.914657 -27.419443 -32.252415 -41.936609 -40.098630 -34.789719 
4.459480 10.090073 13.611659 14.974814 13.712256 10.086920 8.484529 9.788968 6.060126 -3.239699 -10.798649 -14.705589 -10.006299 -5.466063 -9.520276 -13.837249 -9.925313 -9.835434 -11.548759 -13.456912 -15.515412 -14.167452 -16.056796 -20.183177 -25.435599 -27.060801 -24.428334 -25.150372 -28.875987 -36.074697 -47.672149 -46.774803 -45.064955 -36.061613 -32.476844 -32.100514 -33.081080 -45.714446 -43.704917 -34.570460 
-0.050008 5.840904 11.908026 5.885982 2.818647 0.241716 1.007722 3.245651 -3.854417 -17.197490 -19.783111 -24.250645 -20.875483 -14.098385 -19.183055 -25.653875 -17.135918 -17.656492 -21.163420 -24.864459 -27.524270 -24.914770 -24.759872 -25.746460 -33.750781 -38.670530 -37.565092 -37.737278 -40.946984 -47.630271 -59.028618 -59.031727 -51.331714 -35.622496 -32.803120 -31.798474 -31.583513 -45.564429 -41.988269 -37.044975 
3.116939 8.575966 13.108554 12.744911 10.160867 7.226946 5.661771 3.924553 -0.263209 -6.684604 -15.616468 -19.556757 -13.355979 -8.287631 -12.760189 -18.254548 -11.687443 -9.380857 -13.252460 -15.537235 -18.111741 -15.736312 -15.126244 -16.821346 -24.528259 -31.845260 -32.157957 -36.543222 -36.286254 -38.644584 -41.300157 -41.909892 -41.027093 -34.840224 -35.844468 -28.866280 -31.998030 -42.622743 -41.763214 -38.613225 
4.328321 8.960329 11.299135 11.168465 8.093279 0.118397 -2.005989 -3.330010 -11.079584 -15.764787 -26.564882 -25.754889 -21.708099 -15.503314 -19.379225 -29.279703 -24.280104 -18.579764 -21.101702 -23.422056 -25.849325 -25.118940 -21.781155 -23.526075 -25.922186 -38.746434 -41.861209 -41.191314 -42.049886 -43.789470 -44.272992 -44.707977 -45.214203 -37.550079 -34.983791 -34.724851 -34.926531 -45.552392 -45.893861 -46.408903 
3.509863 7.209040 8.534848 9.041190 6.321733 -4.395152 -2.789483 -4.054892 -9.510452 -15.057013 -24.226058 -25.457299 -21.935472 -18.348439 -21.342816 -29.728647 -29.470264 -21.637469 -22.692504 -25.874946 -27.913080 -27.750747 -25.709739 -23.447830 -27.978923 -43.932113 -45.874212 -46.422918 -47.777052 -52.896958 -61.640158 -58.778098 -56.036075 -39.958631 -36.449093 -36.961841 -39.310839 -54.100541 -50.099046 -51.101938 
2.445725 4.954962 9.133862 10.381205 6.940630 2.310970 -0.329163 -0.325713 -4.549086 -11.788814 -22.239920 -23.820569 -17.461610 -11.749877 -15.236305 -26.267615 -29.386491 -21.842556 -15.941730 -21.188541 -24.587687 -25.243937 -25.204323 -23.859776 -27.750210 -40.840467 -41.217290 -41.239409 -42.299003 -44.705277 -46.105356 -46.734060 -46.449571 -35.940573 -33.754785 -33.375581 -37.180084 -47.668594 -45.678852 -45.318586 
4.258719 8.927421 10.544802 9.989818 7.241126 4.346372 1.029931 -1.308407 -8.002614 -14.613327 -22.376137 -30.376732 -23.114207 -16.376157 -17.364246 -26.340827 -33.504220 -26.831355 -25.687428 -29.613572 -29.330772 -31.027485 -33.385456 -25.761127 -28.549967 -39.954477 -49.578103 -55.449014 -55.473401 -56.673719 -56.056019 -58.431878 -53.053139 -48.277350 -40.996020 -30.836896 -35.677465 -55.844510 -51.911776 -44.228939 
3.142906 1.720484 4.572978 5.283646 8.103810 -0.852685 -3.810454 -5.517527 -10.891649 -20.240133 -28.595675 -35.427461 -26.581938 -17.729703 -19.551002 -30.781605 -34.855402 -27.680314 -30.450572 -37.024664 -35.910078 -37.235826 -32.090961 -24.874822 -29.084915 -43.001735 -46.515224 -48.815516 -49.522442 -50.271718 -50.637569 -51.607903 -51.013293 -44.763706 -39.401103 -33.677018 -38.052702 -52.597484 -51.363571 -48.340824 
5.080040 7.091178 8.695529 11.251642 10.628064 5.086233 1.562067 -1.661567 -7.794192 -14.809976 -26.006497 -27.675596 -20.767261 -13.052269 -14.935699 -25.473605 -36.279377 -25.019475 -22.874022 -27.056253 -28.171440 -26.296107 -27.873407 -20.403441 -20.887882 -32.665650 -40.893812 -45.697916 -48.583286 -49.405818 -50.166182 -50.465215 -49.779759 -36.616929 -33.288105 -32.861499 -35.310224 -49.612024 -50.712487 -48.229846 
3.445286 7.806469 8.412242 7.023950 3.695963 -9.889320 -6.219639 -8.199728 -14.565077 -20.287268 -32.603202 -35.151155 -25.497126 -20.007780 -23.137466 -32.496965 -35.727292 -28.525812 -25.526001 -34.133739 -36.112069 -30.280463 -32.420634 -28.075723 -25.873166 -44.595867 -47.672592 -49.601776 -49.446163 -50.262981 -50.507691 -50.978603 -51.412317 -40.389547 -34.980347 -28.024054 -33.463159 -51.095258 -51.842036 -49.851941 
2.365260 5.748326 7.528085 1.948176 0.843475 -4.772560 -9.233985 -9.607490 -16.025819 -23.371247 -32.411530 -33.914176 -27.429748 -20.192559 -25.416830 -35.989144 -42.302322 -31.049762 -27.482542 -36.282378 -37.723005 -32.651217 -32.515734 -32.211859 -29.573968 -39.601237 -49.562835 -56.079768 -59.100475 -58.898889 -60.563787 -59.911361 -62.153428 -42.869316 -39.607148 -34.801993 -38.465311 -58.513553 -57.967205 -52.179956 
1.643192 4.031015 6.010300 6.340171 3.426340 -1.578839 -4.168015 -5.781715 -12.688159 -22.286941 -30.973561 -34.485781 -24.895289 -19.450124 -22.062661 -32.009965 -39.838811 -31.795023 -28.537098 -35.045265 -34.876373 -32.073691 -31.011440 -25.220714 -23.053958 -35.527646 -46.061648 -50.799920 -51.850549 -52.026180 -52.809815 -52.901398 -53.937474 -42.778414 -39.433510 -40.910355 -41.032384 -54.949861 -54.867160 -48.481701 
0.833515 5.601164 5.809453 3.884409 -3.370354 -7.749213 -6.279618 -11.780427 -16.685142 -21.557893 -32.615825 -35.364472 -28.309972 -22.578988 -25.227933 -32.931696 -38.389644 -29.520112 -27.600432 -35.585385 -34.146282 -30.210356 -31.816150 -23.877852 -25.536288 -45.534074 -46.568548 -49.825447 -51.082188 -51.467806 -52.111910 -52.898610 -53.508177 -39.520788 -36.665812 -32.997598 -35.757405 -52.595611 -51.994518 -45.391718 
-6.419433 -4.820248 -7.131747 -5.784360 -9.840972 -12.823228 -18.719808 -20.092359 -25.005332 -34.086957 -42.375767 -42.827006 -34.349181 -24.523456 -30.447271 -44.248408 -43.398104 -35.347566 -33.543216 -40.811417 -44.988333 -43.689839 -42.159296 -30.035997 -29.303303 -50.958478 -55.332092 -61.686661 -61.204551 -64.157054 -64.402420 -64.528457 -62.863190 -46.027574 -40.236658 -38.272426 -45.080933 -59.460426 -60.077334 -55.313943 
-21.561011 -11.258119 -13.577069 -15.049234 -20.767321 -23.176162 -39.050110 -27.482320 -27.455723 -40.624804 -45.069991 -43.692213 -35.722139 -29.547510 -32.622130 -45.487581 -44.555373 -37.111174 -39.029012 -38.604783 -38.527945 -37.266485 -39.536399 -37.995328 -35.168454 -51.252668 -56.554147 -62.030734 -59.956785 -60.163561 -61.532117 -63.514000 -63.189059 -49.645188 -43.196987 -40.347897 -42.240554 -58.307078 -59.591894 -54.751500 
-28.671734 -15.276011 -11.935905 -15.287017 -13.406852 -16.754047 -26.878323 -23.533659 -29.327715 -45.872295 -43.769379 -40.874721 -38.809826 -29.057613 -28.117546 -40.524476 -35.993709 -30.444136 -36.772541 -38.097696 -41.260346 -38.808015 -41.307559 -43.388055 -38.472294 -50.834205 -57.066258 -60.862251 -62.051953 -63.364745 -63.915854 -66.199903 -64.977695 -49.261842 -44.306369 -40.290231 -43.094120 -60.563746 -63.047811 -62.180585 
-20.821766 -22.035735 -28.644890 -23.341502 -23.239237 -29.443932 -30.916207 -30.786125 -37.819324 -48.973804 -42.358792 -43.312973 -38.269740 -25.446141 -31.237937 -47.555198 -39.842383 -30.204784 -33.302528 -38.587982 -40.794932 -38.151019 -37.745330 -41.594006 -35.527181 -52.488253 -60.389172 -64.340176 -63.908001 -66.918495 -63.930422 -62.767083 -65.097970 -54.848827 -48.725934 -45.568240 -51.298243 -65.577165 -67.995963 -64.219322 
-27.140084 -27.909603 -22.904823 -26.986794 -19.115212 -26.304426 -37.235636 -43.052832 -42.406586 -39.803940 -43.772131 -47.844852 -39.853195 -31.327232 -34.399199 -43.328613 -43.318702 -35.195119 -38.013975 -41.672883 -42.468919 -40.333051 -39.691431 -40.161834 -35.378512 -52.037483 -63.796647 -67.232920 -68.766058 -67.530548 -65.794864 -66.131127 -65.844300 -54.489804 -48.589803 -49.177587 -53.240360 -69.090151 -66.225413 -68.731755 
-33.103007 -26.872790 -22.284013 -20.819531 -20.511083 -30.161579 -40.381294 -40.668484 -40.258945 -41.363993 -42.491821 -43.491161 -36.594099 -33.710316 -34.129989 -44.732034 -44.260212 -34.674638 -34.514937 -43.252467 -45.320431 -42.811149 -43.650759 -42.157954 -37.313076 -50.774936 -59.121221 -67.160676 -67.315526 -65.458802 -64.172726 -65.698719 -64.717524 -54.978162 -50.693743 -52.004672 -57.105936 -67.235483 -69.076214 -68.072170 
-27.916303 -29.994557 -27.799719 -30.923165 -22.570567 -26.637591 -34.262320 -39.048530 -37.774744 -39.765017 -38.319189 -42.551132 -39.710890 -32.061316 -33.903540 -46.978827 -45.546945 -34.454904 -34.580357 -42.104013 -47.067436 -45.458455 -45.069986 -47.378564 -48.225943 -59.941819 -61.741555 -67.122897 -63.628184 -63.680036 -63.830588 -64.753532 -65.111756 -58.336899 -53.760312 -52.723066 -56.443900 -68.384871 -68.248376 -65.623355 
-29.683107 -24.992779 -22.994620 -22.110589 -22.570641 -28.738290 -31.540850 -34.721294 -38.642018 -39.588322 -36.251856 -41.156415 -37.385190 -34.010922 -41.577008 -43.597953 -40.849555 -36.052199 -34.569283 -40.699828 -47.494839 -49.627825 -50.232886 -47.323250 -53.032017 -61.099072 -66.861087 -66.894430 -62.128048 -67.774021 -70.809552 -72.976948 -77.115723 -61.078127 -58.352375 -53.526327 -57.504248 -70.180309 -71.417118 -70.896320 
-45.728852 -46.286293 -45.521033 -45.630034 -45.457994 -46.220414 -47.477290 -49.786829 -53.732323 -58.483009 -57.812297 -55.186566 -54.774613 -56.907006 -62.354557 -66.309853 -58.925004 -55.251840 -54.958961 -58.546705 -66.061858 -65.149291 -66.521589 -71.117599 -70.737088 -74.313738 -74.351678 -76.774358 -74.453117 -77.511686 -77.236615 -78.602192 -80.050330 -81.589154 -78.378846 -71.768913 -75.123120 -79.477725 -79.945539 -80.630047 
-67.356434 -68.284778 -68.514707 -70.849426 -72.694171 -77.392614 -80.299979 -84.753929 -79.663631 -80.689361 -85.346070 -85.765856 -80.991875 -79.496640 -83.859620 -80.975029 -73.928808 -72.124249 -73.475224 -77.491981 -80.860195 -81.096742 -87.236882 -81.246205 -83.339836 -85.645393 -86.102207 -86.292625 -85.855553 -88.428134 -89.389690 -90.206673 -89.650481 -88.912695 -87.955607 -86.931867 -89.202914 -92.429242 -95.175246 -96.723081 
-67.069282 -68.129916 -70.633519 -68.301649 -66.650318 -71.852891 -70.853802 -69.911070 -72.621642 -71.409322 -77.792242 -75.038642 -77.413340 -76.047952 -78.949807 -78.462897 -75.372290 -77.668234 -74.669562 -76.555469 -79.807712 -79.836675 -83.710993 -81.518030 -82.300444 -81.260218 -83.586280 -84.784329 -86.618569 -87.794165 -87.627572 -86.093312 -87.147247 -89.994393 -86.312125 -83.429327 -84.888998 -88.772430 -92.574634 -94.749893 
-65.431461 -71.671165 -70.290880 -66.454577 -69.009903 -76.165672 -73.990410 -76.214081 -72.557542 -76.159519 -78.811804 -78.987671 -77.882294 -76.319060 -76.291465 -83.146837 -75.148530 -72.339919 -69.568626 -72.044967 -77.285211 -79.940380 -80.622491 -89.557146 -82.571931 -81.093189 -79.862296 -84.020893 -86.232443 -84.012005 -84.874246 -84.688229 -87.522753 -85.595160 -87.421066 -84.746012 -88.178816 -91.423801 -94.220638 -90.620077 
-87.921122 -88.327487 -89.018933 -90.226800 -91.971107 -94.615917 -98.081411 -101.471344 -100.592872 -97.732549 -95.878648 -95.072985 -95.217834 -96.546157 -100.153862 -106.174993 -99.453929 -93.499099 -91.073448 -91.228527 -94.105016 -99.405641 -102.001361 -103.833838 -109.468979 -112.719954 -103.708955 -101.974928 -108.222709 -107.354519 -102.493823 -104.682951 -105.695237 -105.178013 -107.367826 -105.354174 -112.765129 -113.056721 -114.023144 -110.275948 
-105.288857 -99.899590 -96.998285 -95.155206 -94.233199 -93.896052 -93.697608 -93.049667 -91.711486 -90.392611 -89.709588 -90.064990 -91.653526 -94.226387 -96.163896 -97.437152 -102.725705 -104.157294 -95.671951 -93.539854 -93.444267 -91.953919 -92.274317 -97.313322 -102.088946 -104.786882 -96.363108 -95.889344 -95.738344 -100.842693 -108.079346 -102.510799 -101.823947 -104.221750 -110.631442 -111.065244 -110.785493 -112.538081 -108.295557 -108.470433 
-81.994313 -84.102437 -83.345833 -77.998902 -77.934720 -81.471716 -78.724181 -80.385158 -76.874210 -75.241968 -74.431004 -74.215846 -76.917686 -80.320482 -82.105051 -82.493033 -84.375711 -85.901721 -79.295709 -78.292485 -79.646602 -76.912879 -76.622746 -82.584600 -86.970870 -85.752717 -80.130756 -81.517669 -80.328236 -84.252178 -89.411462 -85.083064 -85.811887 -86.698849 -89.932782 -90.282269 -90.414324 -91.979844 -90.688747 -92.381458 
-82.323641 -83.864491 -91.846065 -83.979236 -82.869747 -90.911404 -83.051127 -88.836917 -83.216046 -88.195687 -83.595440 -84.380474 -84.345187 -84.652300 -86.016317 -84.872941 -84.932524 -86.299121 -85.092843 -84.425878 -85.443446 -84.667513 -84.913546 -86.290097 -86.208346 -86.379301 -85.652027 -87.106912 -86.807588 -86.859767 -87.804396 -87.814923 -88.164126 -88.496077 -89.460571 -89.981917 -90.607964 -91.440108 -92.539023 -95.439913 
-96.989763 -96.990031 -96.990486 -96.991280 -96.992401 -96.994063 -96.996220 -96.999176 -97.003399 -97.008815 -97.015864 -97.025145 -97.036570 -97.050906 -97.068374 -97.088775 -97.112856 -97.140055 -97.170678 -97.204754 -97.243337 -97.288121 -97.340338 -97.403540 -97.479692 -97.569097 -97.671041 -97.784080 -97.911220 -98.059433 -98.238599 -98.451630 -98.693176 -98.963362 -99.283950 -99.679379 -100.129799 -100.669043 -101.805386 -104.917091 
NaN NaN NaN NaN NaN NaN NaN NaN NaN NaN NaN NaN NaN NaN NaN NaN NaN NaN NaN NaN NaN NaN NaN NaN NaN NaN NaN NaN NaN NaN NaN NaN NaN NaN NaN NaN NaN NaN NaN NaN 
NaN NaN NaN NaN NaN NaN NaN NaN NaN NaN NaN NaN NaN NaN NaN NaN NaN NaN NaN NaN NaN NaN NaN NaN NaN NaN NaN NaN NaN NaN NaN NaN NaN NaN NaN NaN NaN NaN NaN NaN 
NaN NaN NaN NaN NaN NaN NaN NaN NaN NaN NaN NaN NaN NaN NaN NaN NaN NaN NaN NaN NaN NaN NaN NaN NaN NaN NaN NaN NaN NaN NaN NaN NaN NaN NaN NaN NaN NaN NaN NaN 
NaN NaN NaN NaN NaN NaN NaN NaN NaN NaN NaN NaN NaN NaN NaN NaN NaN NaN NaN NaN NaN NaN NaN NaN NaN NaN NaN NaN NaN NaN NaN NaN NaN NaN NaN NaN NaN NaN NaN NaN 
