-70.323475 -71.931934 -75.198803 -82.234378 -79.755363 -72.515060 -69.026425 -67.268879 -66.888717 -67.889540 -70.247853 -73.673115 -76.549879 -79.472939 -84.566416 -79.684396 -75.697701 -77.243609 -79.977486 -75.570543 -74.927371 -80.291459 -84.030321 -84.624047 -85.383346 -85.356774 -92.799879 -89.694075 -89.419288 -94.632145 -93.846128 -92.852400 -95.206324 -94.413936 -94.506310 -97.149122 -92.510882 -97.605769 -97.658081 -94.589068 
-32.507653 -37.231400 -46.096851 -43.953342 -42.241726 -40.121151 -41.491585 -38.224327 -35.098737 -40.465682 -46.846233 -48.638780 -47.810140 -47.401594 -43.402200 -45.539181 -45.585054 -47.344241 -43.361492 -47.259238 -38.209206 -40.859716 -45.169195 -47.993219 -49.605376 -54.927280 -56.028935 -52.557283 -52.189046 -52.728649 -52.176124 -50.147322 -51.539064 -52.942749 -55.283532 -54.069440 -53.227672 -50.843643 -56.472311 -59.600455 
-17.797263 -25.778808 -39.166484 -39.197901 -43.702982 -35.295771 -27.895928 -28.545824 -23.881634 -23.167230 -27.504916 -34.133366 -28.887716 -27.040767 -28.606335 -32.153320 -30.873354 -32.094473 -30.290474 -32.093589 -19.400189 -18.868396 -30.466331 -32.353481 -35.231911 -35.088138 -32.977411 -34.973254 -39.684930 -37.690103 -33.404517 -29.271828 -30.324728 -30.285341 -26.687724 -32.194977 -28.778198 -30.874478 -33.529993 -37.218573 
-23.382372 -26.762347 -29.700471 -39.782266 -37.794970 -42.294308 -35.902914 -26.378146 -21.424337 -25.171198 -28.656724 -29.362177 -23.686500 -24.901169 -25.525967 -24.913699 -25.312829 -28.101832 -24.474118 -31.288995 -19.428160 -17.726256 -22.439036 -27.779139 -27.910239 -29.046690 -27.083165 -23.282888 -25.073394 -27.546918 -25.743615 -22.160168 -20.692857 -19.951990 -20.063048 -23.725258 -20.084731 -20.378768 -20.143954 -23.340484 
-28.688378 -41.447284 -39.153357 -32.345729 -29.497231 -30.559985 -26.242746 -29.458506 -19.995768 -21.142199 -27.501115 -32.716811 -33.770781 -29.160744 -20.313986 -24.989571 -29.189055 -32.153024 -29.445520 -32.192861 -20.480124 -19.273372 -20.194080 -22.842013 -28.314036 -28.046648 -27.827677 -21.118739 -25.204753 -25.930171 -23.673601 -17.238605 -16.139397 -19.278678 -20.079233 -19.770700 -19.790288 -18.971683 -16.350778 -19.343433 
-29.695296 -34.787722 -33.496050 -29.374885 -30.093018 -37.021338 -31.600260 -27.185276 -22.580533 -21.777844 -28.385355 -31.961061 -30.260122 -21.921750 -19.851954 -23.083769 -21.551520 -22.435097 -30.382471 -31.220035 -24.211842 -21.686209 -25.380621 -26.443812 -29.657522 -30.484200 -29.258698 -24.905200 -26.344743 -27.714142 -24.831077 -19.901501 -18.307341 -19.048649 -15.988272 -16.409298 -12.476168 -12.300093 -13.891971 -15.820918 
-30.627520 -28.515028 -30.382621 -34.784952 -31.608291 -36.131973 -32.038050 -28.635840 -19.257337 -15.769728 -22.463115 -28.453808 -28.883106 -24.282531 -21.862907 -18.592222 -16.697810 -22.780271 -23.108112 -28.845389 -23.628035 -26.082619 -24.420190 -29.724161 -24.541281 -28.549534 -25.445692 -22.353296 -26.315028 -26.625717 -18.458655 -14.786900 -14.092771 -16.085289 -11.616728 -10.026864 -10.607668 -10.639440 -9.894591 -12.310619 
-28.356891 -35.477230 -29.891316 -42.341476 -44.900516 -41.965821 -28.127046 -24.387408 -21.979502 -19.416439 -21.131026 -27.598964 -23.430418 -25.430608 -21.978700 -18.233249 -21.298280 -21.371463 -28.239454 -34.024815 -24.976867 -18.019549 -26.667776 -28.615644 -26.917907 -26.680435 -24.212166 -17.288824 -24.499331 -24.394144 -16.392358 -19.102822 -12.971156 -17.542643 -12.944157 -10.631614 -10.426807 -11.807249 -11.764379 -12.653069 
-26.893820 -27.716828 -28.299854 -36.714325 -34.217247 -34.370250 -30.852103 -22.725479 -23.261944 -27.372611 -20.868630 -27.607966 -26.080143 -22.067853 -18.593383 -18.040311 -21.730147 -24.578379 -25.945431 -28.510572 -19.889074 -20.752328 -24.586126 -27.163443 -23.516806 -27.175438 -24.853266 -19.949238 -23.285256 -23.776274 -18.889054 -15.687446 -17.352735 -16.225808 -12.303880 -10.652548 -8.674836 -10.400709 -12.874285 -16.436769 
-26.368051 -30.038819 -34.110775 -30.618572 -30.637876 -33.274288 -28.374943 -21.041275 -19.229414 -30.553786 -24.123618 -34.418104 -23.545691 -19.802486 -21.462410 -22.194722 -24.018574 -29.087107 -33.518037 -29.599993 -21.090348 -24.546043 -21.130064 -26.790706 -28.262987 -33.535567 -29.513419 -24.707881 -27.047663 -24.014146 -20.076855 -16.139997 -17.413904 -15.626925 -11.712860 -9.312960 -9.417980 -6.376791 -9.361264 -11.383785 
-25.507112 -28.166104 -33.200111 -31.971953 -30.908490 -31.880299 -31.688714 -24.416565 -22.991813 -26.889902 -30.917987 -29.550354 -25.428598 -17.694609 -14.747874 -19.435462 -24.399335 -27.505027 -29.066694 -29.818267 -18.250773 -24.176611 -23.604772 -29.872245 -29.025797 -32.379064 -28.878760 -24.310668 -29.317639 -26.569966 -19.456652 -15.175049 -14.739038 -17.598277 -9.726358 -8.733724 -9.329616 -9.295386 -12.476001 -12.977315 
-27.210143 -27.641090 -38.028256 -38.797741 -34.310754 -31.302856 -34.365704 -28.989893 -25.742102 -30.088166 -29.783133 -31.785449 -27.011834 -20.292412 -21.207624 -25.954486 -27.036261 -24.628676 -28.762682 -35.808616 -22.706511 -26.743112 -25.946638 -26.317442 -27.205973 -32.051033 -24.094882 -26.686515 -30.052111 -21.714568 -19.650912 -13.825466 -11.579538 -15.572739 -9.582201 -12.222244 -9.129584 -9.777525 -9.779375 -9.920086 
-21.350636 -29.255914 -28.660308 -25.982529 -29.210619 -34.331334 -37.476369 -25.000930 -26.426627 -31.925309 -29.145805 -30.651929 -29.531777 -25.127808 -19.961146 -18.199138 -24.576107 -25.519503 -33.793796 -33.430983 -27.155176 -24.469904 -22.626987 -27.923640 -26.147244 -27.550974 -21.863260 -21.354617 -23.682330 -19.041360 -16.698864 -9.991869 -11.425603 -10.582908 -6.888450 -5.839363 -7.354482 -8.612914 -7.234113 -10.009352 
-22.730339 -54.374380 -43.833913 -31.773804 -38.597143 -35.891061 -29.789671 -28.189807 -34.502006 -28.221039 -30.005316 -36.777717 -33.059140 -22.317878 -19.495688 -23.064884 -24.051578 -33.711265 -38.275278 -35.087064 -31.899257 -27.154651 -22.599940 -29.560024 -29.675154 -27.657134 -19.707638 -19.739933 -24.938856 -16.256041 -13.256460 -6.308269 -5.056567 -8.401602 -7.627154 -6.084365 -5.209903 -4.294371 -3.946108 -10.697950 
-15.653472 -22.054970 -29.702113 -32.929343 -34.742040 -33.547275 -34.060288 -36.459205 -39.786085 -34.736573 -38.978034 -47.362871 -40.532909 -34.376824 -34.306755 -38.540554 -37.954931 -40.019432 -42.869759 -39.209848 -38.761849 -40.245965 -36.587906 -38.266936 -40.132971 -34.436603 -24.892475 -24.120060 -27.371502 -20.570232 -20.828773 -15.419609 -15.252570 -16.713672 -17.787912 -14.528443 -13.410207 -9.070617 -10.106027 -18.304714 
-16.703528 -27.798864 -37.615640 -42.004965 -43.911566 -47.898982 -45.661455 -45.149982 -55.969258 -57.000987 -55.830684 -62.760470 -64.781114 -56.559460 -54.956042 -53.964385 -55.252454 -55.776103 -60.713682 -56.250504 -54.500547 -56.639023 -55.703527 -57.892369 -52.533135 -47.768943 -45.913977 -43.169241 -42.308319 -40.207984 -35.628881 -35.692224 -38.707771 -39.720133 -34.167107 -35.012353 -34.896781 -35.242483 -33.056413 -36.809647 
-20.901086 -31.372474 -38.541854 -44.276114 -45.039952 -55.692289 -56.109672 -51.017372 -55.324478 -56.376027 -58.418284 -60.946377 -61.768614 -62.150420 -61.886543 -62.214878 -66.065912 -64.968262 -67.932058 -66.560675 -66.802102 -65.806124 -63.102579 -66.330420 -66.997020 -68.352169 -63.992958 -62.253088 -63.887473 -61.656296 -57.577691 -53.205523 -54.047885 -53.351762 -50.772461 -49.705016 -51.826850 -49.783723 -54.010792 -53.725924 
-30.965617 -35.178052 -47.223447 -41.523645 -47.961550 -61.168386 -55.607785 -55.050035 -62.310586 -59.161573 -61.271058 -62.062126 -59.113454 -67.593152 -64.435287 -61.690968 -67.394217 -67.672882 -69.150807 -65.368130 -62.899077 -66.011722 -66.309062 -67.913213 -68.530089 -67.644753 -66.566015 -69.229673 -68.965650 -66.734989 -66.726795 -68.565429 -65.433083 -62.248921 -63.951866 -62.873073 -62.905944 -65.426674 -67.368120 -68.014093 
-6.566907 -6.681523 -9.121604 -10.696825 -10.699817 -10.709308 -9.633258 -9.303445 -11.093432 -13.184997 -15.609256 -19.592459 -22.244409 -25.236147 -30.982222 -22.643181 -19.132857 -18.395335 -16.966810 -17.226555 -11.490019 -8.865141 -11.126040 -14.048496 -12.795252 -13.062819 -19.477806 -25.373854 -17.851045 -13.670377 -19.491570 -24.545783 -30.457614 -27.113183 -28.607089 -27.471183 -25.051467 -25.991438 -28.732014 -30.572089 
-3.124289 -3.982399 -10.980900 -11.211813 -10.201062 -11.683841 -7.921868 -5.510244 -10.179840 -11.718744 -14.012044 -20.279845 -22.291194 -19.727255 -18.084595 -18.851999 -16.838211 -18.119074 -15.260647 -15.405258 -6.035194 -5.188501 -8.524815 -10.294556 -9.918253 -8.746076 -12.614867 -8.762068 -2.262045 -6.519653 -6.348509 -13.083957 -16.624283 -15.378802 -15.455480 -15.522793 -11.968659 -9.307394 -13.657205 -15.777929 
-13.722166 -19.545754 -20.149952 -20.934061 -25.338854 -25.446057 -26.186483 -23.020487 -15.550191 -19.218537 -22.458197 -21.970195 -23.813489 -22.318429 -18.832891 -21.877656 -23.033937 -25.446363 -17.203544 -16.516873 -7.594720 -8.493293 -15.403430 -8.018584 -6.689853 -9.957925 -12.812744 -7.864893 -2.651781 -5.436747 -12.262271 -15.029957 -15.866615 -15.827170 -18.967804 -17.605156 -13.960915 -10.238620 -14.286725 -18.403357 
-15.775212 -14.226126 -12.201264 0.288978 4.951020 1.601196 -6.454040 -12.529012 -10.116007 -9.926203 -24.265791 -24.470760 -17.689235 -21.552431 -22.485368 -21.438731 -21.447579 -13.396641 -12.562436 -17.227927 -11.973231 -8.313640 -8.038729 -14.116894 -12.872845 -21.058791 -20.407936 -18.263525 -17.560788 -17.228645 -22.481112 -26.153247 -23.157352 -28.312296 -28.395474 -27.842445 -24.695613 -23.618842 -26.302817 -30.841372 
-12.526635 -8.307398 -7.705431 8.848338 17.579747 11.807066 -2.568575 3.751093 12.142730 2.402361 -14.967511 -3.337537 -6.867317 -13.398923 -9.856871 -15.510414 -9.785788 -9.144719 -3.304226 -7.664411 -8.438224 -9.693473 -14.141471 -20.131329 -28.636239 -30.444281 -28.184359 -29.903203 -29.727117 -26.601396 -28.983447 -34.914006 -35.647646 -39.999815 -38.825688 -37.523241 -35.427658 -32.938755 -34.634226 -39.984080 
-26.552775 -14.803349 -16.107047 5.135729 19.530738 13.564815 -6.513264 0.539063 17.715385 11.073498 -12.205750 4.092372 0.606216 -11.297839 -1.216637 -13.676852 -1.906956 -4.565703 -0.990481 -10.545890 -7.600430 -14.935607 -20.873073 -24.632063 -32.782291 -33.673058 -34.842579 -34.789832 -34.468771 -30.042699 -22.811029 -29.709584 -29.248015 -38.464936 -44.935290 -44.704958 -45.031986 -45.879067 -44.576441 -39.282686 
-21.200582 -20.455783 -26.818488 4.016785 19.954610 15.467492 -6.656390 -4.096029 20.260001 16.686222 -7.556056 10.869438 10.796843 -6.906370 5.681733 -5.819560 3.865433 1.072873 -2.005105 -5.069631 -3.206472 -10.276696 -15.342204 -21.540361 -24.156327 -25.777482 -25.473447 -26.583866 -26.673473 -24.885723 -15.550722 -22.088923 -20.704309 -27.138563 -31.656157 -31.993419 -32.263909 -32.560357 -32.478858 -30.041213 
-26.355782 -22.998588 -22.155234 3.284174 19.507029 14.958858 -7.177606 -4.010455 20.793814 15.487320 -10.365132 13.099988 13.424831 -8.788897 8.009342 -2.701930 6.169197 3.690610 -1.837783 -3.263918 -2.163851 -8.754499 -13.382311 -21.509547 -24.890021 -27.757652 -26.070380 -26.420451 -26.619432 -25.295157 -14.951830 -21.813507 -21.553826 -29.276048 -35.474869 -35.847474 -36.157940 -36.283073 -35.935839 -31.810239 
-22.568314 -25.291802 -30.889696 2.840129 18.990773 14.691446 -10.111879 -8.209107 19.915232 15.225024 -12.533714 13.466705 14.731721 -10.041354 9.251461 -0.116063 5.896125 5.198467 -4.901813 -4.181191 -2.549275 -7.094583 -10.226726 -19.943744 -23.946715 -28.653599 -27.355496 -28.197346 -28.729029 -24.510048 -15.582185 -21.716749 -20.152721 -31.186555 -46.455781 -46.612065 -47.284618 -48.196755 -42.664654 -30.637632 
-22.137538 -23.538394 -22.520769 0.764216 18.323495 14.806879 -8.060554 -9.113265 19.163121 15.870595 -8.925461 13.425854 16.419755 -5.865067 9.691033 3.371238 3.911440 5.852800 -5.704264 -4.009988 -4.860268 -6.256258 -7.039561 -15.155250 -18.814409 -23.909744 -25.378101 -25.504913 -24.440887 -20.371929 -16.209457 -20.768832 -18.606480 -27.438168 -37.697522 -38.370947 -38.579721 -38.713536 -37.942252 -30.838865 
-11.470645 -11.762334 -12.415873 0.759309 18.383674 14.977156 -6.138661 -10.265207 19.202419 15.627053 -10.571704 14.511420 17.590807 -4.142974 11.654151 3.983206 5.170536 6.259696 -7.047508 -6.756886 -7.323053 -9.145550 -5.760097 -10.643411 -12.708741 -20.947275 -22.399207 -23.916939 -23.431549 -19.531048 -15.076370 -20.625324 -17.874707 -24.522958 -39.313888 -42.029650 -42.716201 -43.064565 -41.266074 -32.645424 
-20.437066 -18.192136 -21.247661 1.863367 18.503170 14.328135 -8.304722 -7.132312 19.515763 14.126610 -10.419824 15.408375 16.591714 -7.194906 12.813893 3.464677 5.224361 6.008615 -8.566457 -9.070879 -8.700159 -13.090558 -8.013284 -10.580693 -11.203709 -16.600901 -21.228913 -24.584806 -24.465820 -21.558450 -15.319938 -20.139944 -21.846850 -25.041839 -36.541050 -50.209089 -50.132614 -49.507205 -46.019609 -34.034751 
-24.521059 -29.660618 -30.161774 2.739615 18.838325 14.504824 -8.864685 -6.549629 19.857879 14.770852 -10.258942 15.430277 16.538448 -4.575795 13.064018 4.023261 6.194429 4.920214 -9.268712 -8.959979 -10.495249 -15.550489 -12.479460 -14.012928 -14.418231 -12.463981 -16.030254 -21.954938 -22.859231 -20.856143 -12.034591 -16.236469 -21.525280 -23.188494 -27.884138 -36.007038 -37.376881 -37.710511 -37.334895 -33.030037 
-14.219956 -21.191637 -24.903445 3.805704 19.024950 13.606436 -10.085170 -0.052718 20.333562 12.022254 -6.129697 17.263670 14.928529 0.270479 15.334677 1.994668 9.074025 3.400767 -8.062614 -12.368483 -10.876201 -17.067820 -14.447004 -14.318512 -15.963190 -13.173869 -9.686229 -16.453421 -21.430811 -21.500249 -11.389549 -14.728114 -21.114278 -21.480837 -22.086458 -36.286193 -40.059285 -39.747547 -38.425401 -31.528369 
-22.932608 -20.810023 -20.722956 6.733586 19.304076 11.812431 -15.809334 5.388923 21.025031 8.951728 -2.028099 18.145236 10.067288 7.002588 16.913213 1.192735 11.961450 0.029024 -5.930264 -15.436985 -13.492378 -17.495452 -17.730153 -13.214945 -16.711722 -14.798538 -10.560666 -11.643874 -19.320748 -21.380802 -13.461929 -13.865371 -20.861906 -21.191202 -20.181956 -36.088048 -39.713105 -39.841742 -38.950120 -31.470286 
-20.575719 -24.792324 -19.448953 9.587392 19.309140 9.144644 -11.238337 11.477801 20.673697 3.323929 6.069676 17.956198 3.033709 14.220597 16.332619 4.976354 12.638704 -5.827173 -6.503730 -17.884710 -18.111583 -16.208429 -18.466273 -16.936723 -17.278292 -15.907728 -10.422517 -10.385611 -17.593840 -20.852317 -12.138541 -13.681404 -21.879344 -23.190454 -21.660665 -33.298414 -40.084132 -40.304651 -39.966231 -33.514024 
-26.091213 -27.668882 -16.188012 12.576234 19.128178 6.160139 -7.065798 15.871797 18.801740 -1.675283 12.907079 15.993627 1.515479 18.136678 11.037465 11.914405 10.113797 -6.721661 -9.155783 -14.557675 -18.230236 -15.590064 -18.533344 -20.201889 -19.852850 -17.441886 -12.484820 -8.109475 -14.867621 -20.016672 -12.097905 -12.352022 -20.075865 -21.445887 -19.922277 -30.442957 -34.587184 -34.723108 -34.669277 -33.295320 
-27.079773 -18.041109 -6.627863 15.789474 18.598394 1.871720 2.014340 19.112245 14.294485 0.458711 16.977931 10.459383 10.964807 18.056649 5.983201 14.587291 3.613658 -8.106158 -10.423032 -13.601653 -14.528492 -18.157072 -19.444521 -19.125623 -20.890430 -20.725608 -16.340732 -11.474524 -13.378047 -18.999193 -12.561357 -11.870623 -20.597887 -22.351308 -19.079033 -31.096519 -49.133654 -47.520652 -40.829127 -34.263502 
-11.690433 -16.629981 0.198409 18.835094 17.183577 -1.313818 10.507863 19.011733 6.201740 13.319816 17.636646 6.060935 17.108622 11.254079 10.526272 9.495840 2.140569 0.603614 1.149672 -6.269310 -11.923451 -15.195687 -19.444638 -20.649414 -23.156999 -23.411814 -20.264699 -15.287310 -16.377795 -21.519119 -17.881521 -13.895677 -19.431566 -24.201898 -21.920749 -31.003176 -39.769399 -40.127873 -39.271058 -34.871187 
-16.246669 -18.928247 5.996401 19.610700 15.121047 -2.447637 13.895481 14.621572 2.965012 20.279472 16.215430 11.433324 15.912855 6.190206 9.745021 5.732572 6.245755 6.500269 0.007437 -6.576832 -11.707760 -16.507657 -20.388782 -22.104420 -27.204929 -25.213482 -21.525833 -12.696901 -9.658229 -18.751944 -17.443207 -14.055184 -17.689608 -20.877743 -18.183819 -29.519352 -44.854103 -46.380405 -41.693679 -33.526389 
-20.740521 -15.901659 9.619948 18.122105 9.017720 2.412635 16.268655 11.289981 12.473198 20.909313 9.072054 13.757044 8.405189 9.645264 7.394438 10.385299 6.186151 4.132680 -6.656794 -13.413610 -17.219259 -18.278233 -23.030255 -26.329812 -30.498319 -30.029441 -26.119639 -16.709493 -11.932312 -18.880853 -21.299418 -15.722855 -18.694025 -20.453600 -18.027851 -31.174591 -47.728082 -51.005859 -47.032680 -40.519945 
-24.231156 -9.068420 12.103183 16.720479 2.810571 8.512808 16.061701 6.080103 18.707771 17.384776 7.564794 9.475769 5.367399 9.662351 11.479217 9.248377 5.674296 -2.836459 -10.445777 -17.924392 -20.956795 -23.395060 -27.190398 -33.017513 -37.670250 -35.699615 -30.948677 -21.316230 -14.127633 -21.085086 -24.154244 -18.656183 -18.249854 -20.565202 -19.883670 -32.629957 -50.912131 -54.247641 -45.906961 -40.005252 
-18.675878 -4.100073 13.255141 15.402680 1.034444 11.490048 13.150176 8.649859 21.100936 8.929418 7.645164 3.489935 8.705272 7.648543 12.658081 3.103151 -1.386080 -12.746841 -19.228058 -25.817758 -25.497875 -27.502987 -29.921025 -36.217683 -40.628504 -39.319007 -38.323327 -27.799431 -18.197675 -24.424591 -30.892390 -23.370585 -20.678096 -23.171019 -22.929040 -35.477424 -46.488598 -47.200425 -46.575064 -41.341882 
-17.479090 -1.490631 13.244806 11.393517 0.819365 12.523915 7.254356 15.125064 21.533329 6.806346 4.847567 1.721654 7.042700 8.655485 7.859741 -0.430419 -7.305467 -16.788972 -20.756434 -27.805012 -28.377055 -28.815152 -30.699145 -32.682267 -33.445956 -34.342544 -35.113810 -32.157230 -25.383594 -29.635779 -32.127891 -25.542899 -21.432498 -23.605996 -25.549277 -35.460307 -39.099158 -39.354793 -39.235899 -37.680857 
-17.731529 2.646005 14.049760 9.486271 4.129509 13.963445 7.977834 18.769100 18.459417 11.191212 7.347198 5.071520 4.934988 10.078209 7.733163 3.059718 -6.771402 -16.333127 -22.349652 -25.274205 -26.449216 -27.950478 -29.412403 -30.583275 -31.809550 -32.759335 -33.129689 -31.666946 -27.448009 -29.340792 -30.831154 -24.943660 -21.351357 -24.363816 -27.939036 -34.703147 -37.318481 -37.736514 -38.014298 -37.923238 
-15.698847 4.278590 15.017986 9.866814 7.490019 13.865190 7.874495 20.388863 13.367673 13.026032 5.565236 3.766136 5.616602 8.663114 9.575595 0.905801 -6.929812 -15.774692 -21.740426 -27.652081 -29.211634 -28.814161 -30.312437 -36.594086 -42.303517 -42.546363 -41.167024 -34.627879 -24.755223 -28.513699 -28.609717 -20.311611 -17.977602 -21.841404 -26.102120 -41.364936 -53.518607 -53.863689 -51.937914 -48.449003 
-18.972025 5.078794 14.734052 8.641889 8.718910 12.602042 8.938719 19.922214 11.811691 14.497833 3.166107 1.596039 6.315975 7.716986 10.931985 1.010016 -7.991369 -14.099684 -20.174374 -26.508568 -27.138826 -27.478657 -29.961567 -33.062095 -37.018576 -38.089551 -37.354249 -32.745123 -26.860371 -33.058558 -31.017034 -22.233692 -19.550917 -23.642308 -28.273445 -40.003537 -43.749616 -43.948309 -43.754309 -43.472074 
-15.990148 5.233638 13.550538 6.382175 9.409248 10.850536 8.836070 17.713712 9.988967 16.261989 4.799445 1.187875 4.976526 6.114060 9.958274 7.320830 -1.200052 -12.576375 -19.516329 -23.773898 -24.872722 -25.730102 -27.311365 -32.736789 -36.286965 -35.660154 -33.024760 -25.243771 -20.131119 -29.084401 -31.570005 -25.887308 -24.445256 -26.842988 -32.343206 -41.775026 -50.474822 -52.180682 -52.892794 -52.269804 
-13.590434 5.201405 12.287407 4.189341 9.982642 9.906568 9.079504 14.641478 12.305305 18.664436 9.076441 3.546673 5.762167 6.017701 8.157674 12.222503 9.444248 -1.782898 -11.217395 -16.570508 -19.134230 -20.117770 -21.858713 -24.629122 -26.161923 -24.882789 -20.316802 -11.799877 -12.817442 -20.464444 -18.758893 -16.471430 -19.342545 -24.256836 -30.918039 -40.493903 -41.894443 -42.099101 -42.301657 -42.422740 
-14.984919 5.124104 11.332996 2.800268 10.482493 8.996514 9.063588 11.395339 14.748306 18.731315 12.703293 7.656711 6.586542 4.195478 5.834833 8.941806 12.987300 8.364865 -1.763012 -11.949753 -14.802286 -15.325554 -18.846058 -19.916711 -20.827510 -18.150545 -12.637137 -6.419517 -11.154396 -16.716744 -13.133740 -10.621800 -14.149849 -17.476899 -24.074694 -37.459603 -39.754269 -40.038600 -40.212882 -40.250462 
-16.662526 4.399000 11.158881 3.484819 10.777443 9.087394 8.871451 10.269550 14.839874 15.485225 15.057041 8.826374 6.138520 5.468510 5.992152 7.091001 7.764855 9.190704 3.107062 -8.081006 -11.105616 -12.636282 -15.670436 -17.393465 -19.000146 -15.553733 -11.588537 -9.554054 -14.024914 -17.280937 -13.750642 -12.493693 -16.473664 -20.111021 -27.244108 -40.164843 -41.653432 -42.040958 -42.134562 -41.919865 
-10.873128 5.552136 11.195977 2.908370 10.981795 8.736594 9.085797 9.551903 13.797131 12.778909 16.339788 9.830391 7.762825 6.940358 6.563477 6.749892 7.117591 8.083808 8.683086 -3.891395 -7.809928 -9.661162 -12.150524 -14.190014 -15.034499 -10.450448 -5.764067 -9.597676 -13.762796 -15.639065 -8.329941 -8.933401 -12.446339 -14.909356 -23.718505 -39.731617 -44.465512 -45.631260 -46.044325 -45.441090 
-14.925364 4.348252 10.946385 3.436931 10.653922 8.811697 8.529663 10.160025 12.904438 12.666439 15.718525 9.417805 7.248066 5.815889 5.208914 5.899540 5.620278 5.614346 8.896029 -1.704733 -6.963785 -7.803250 -10.487457 -11.040528 -10.304423 -4.719015 -5.538186 -11.066334 -13.326104 -12.143395 -5.395840 -9.933590 -12.578573 -14.944004 -25.148456 -40.337727 -42.167761 -42.888983 -42.949093 -42.666314 
-16.394759 4.238617 10.832884 3.223928 10.704851 8.847126 8.558812 9.708140 13.114030 12.032131 15.809630 8.784508 7.233564 6.001377 5.168125 5.095552 4.831178 4.803910 7.816051 1.166152 -4.576800 -5.675693 -7.686187 -8.337704 -5.606980 -5.150477 -11.811492 -15.693605 -16.180755 -12.038320 -6.617681 -13.496401 -12.429269 -15.385450 -32.218929 -49.790330 -53.657301 -51.787051 -52.974526 -53.599447 
-14.237670 4.528733 11.261543 3.378188 10.795318 9.061095 8.417760 9.869044 13.254033 12.548497 14.575893 7.935023 6.702949 5.632445 5.136455 5.492174 4.713440 4.946268 7.897299 0.957445 -4.152262 -4.074478 -4.746330 -4.242489 -5.800335 -9.204971 -17.000518 -18.761431 -17.242421 -11.348449 -6.600414 -14.224908 -12.635130 -17.330156 -35.897608 -46.292767 -47.101201 -47.436057 -47.956662 -48.240918 
-11.813816 4.779413 11.376075 3.613029 10.763583 9.063100 8.508161 9.765143 13.576684 12.065904 13.265180 6.009559 5.774820 5.257722 5.021551 5.136091 4.488076 5.055526 8.250811 1.633839 -2.298580 -1.975955 -0.944895 -4.444161 -12.676077 -15.674241 -20.907897 -21.980436 -19.945427 -14.529917 -9.010967 -15.324468 -13.235028 -19.394194 -35.501608 -37.449012 -37.975508 -38.432722 -38.744496 -38.978618 
-17.491052 4.600161 11.181418 3.600156 10.580709 8.851102 8.656487 10.606918 14.304246 14.049088 11.588447 4.271772 4.310676 3.906779 3.810088 3.393573 2.847819 3.309625 7.573260 3.172510 0.642786 1.837159 -2.052816 -9.810728 -17.961330 -23.089282 -26.360421 -26.611309 -25.213863 -19.864528 -13.080509 -18.183063 -16.395234 -22.209818 -46.881523 -50.909801 -55.421463 -54.645346 -53.900620 -48.824695 
-12.261048 3.910665 9.566902 1.185709 9.022034 6.294979 7.583011 8.723999 13.539214 11.882002 8.613380 1.358057 0.584108 0.707329 1.245982 0.863877 0.157839 3.002444 6.317157 2.155215 0.320359 0.033584 -10.200596 -19.400173 -26.217163 -30.060080 -32.681211 -34.416985 -32.518618 -25.961518 -16.361417 -22.608519 -19.292027 -27.746432 -40.943209 -41.710928 -42.062767 -42.273799 -42.354476 -41.747508 
-12.544492 2.168002 9.715012 3.211301 8.406905 8.116766 6.413843 11.509515 12.792940 14.581167 7.699859 3.535034 3.396937 2.278944 2.936216 2.915852 3.255588 5.049704 9.341200 6.744769 4.394099 -1.017735 -12.327465 -20.956147 -25.572418 -29.507386 -31.972916 -32.381817 -30.667788 -26.546676 -17.219662 -21.955000 -21.138731 -30.274232 -42.877515 -42.950143 -43.378009 -43.713775 -43.632387 -41.394658 
-19.508004 1.330255 10.241633 4.005223 7.008016 9.020219 5.944764 13.288240 11.422712 17.013284 4.861450 3.385038 2.565064 0.483665 1.713843 1.646206 1.675712 4.227482 8.602464 6.593842 3.252656 -3.640728 -15.185901 -25.007083 -28.902621 -31.056820 -35.530798 -35.899371 -33.187630 -30.351322 -19.136735 -24.604027 -23.538608 -30.616568 -43.059979 -43.839178 -44.149825 -44.508170 -44.527477 -43.385849 
-20.420788 1.387402 11.121197 5.079445 5.613716 9.388488 5.241441 14.283083 10.205283 17.785032 4.483688 3.034538 1.778430 1.175680 2.560019 -0.087659 0.941368 3.760536 6.745666 5.866810 2.415015 -5.334631 -18.352241 -26.090492 -28.506972 -30.783328 -31.763470 -31.924300 -32.313581 -32.176124 -24.903333 -28.559517 -28.125132 -32.691070 -35.858180 -36.265142 -36.625394 -36.891088 -37.052580 -36.859098 
-27.118175 0.700876 12.008779 7.019674 1.926544 10.126647 4.461616 15.397905 11.870602 17.127563 7.546348 2.078307 0.181881 2.389952 3.448013 -0.693604 0.619663 4.383943 8.528436 6.447950 2.214023 -5.807017 -19.848952 -28.622420 -32.002739 -36.960394 -39.756795 -42.773514 -42.113343 -38.288272 -26.803757 -30.610451 -27.121675 -34.781272 -47.350924 -48.438312 -48.446330 -48.312250 -48.260487 -46.316291 
-20.816866 0.426759 12.898976 9.579314 0.875162 10.881051 5.286111 15.605112 13.787182 11.282215 9.554554 0.914574 0.642149 2.741311 0.565438 0.346045 0.370061 2.368293 6.899682 5.132297 0.620543 -8.770319 -23.058552 -33.142980 -37.339623 -42.656130 -45.718161 -45.601191 -44.281501 -38.915391 -27.384203 -28.656169 -27.611651 -34.974736 -50.303189 -51.837047 -51.036003 -49.986532 -50.282440 -45.529664 
-23.181290 -2.214124 12.458709 11.874246 -3.182290 9.523060 7.529630 11.883795 17.437382 5.490748 8.412282 -0.844349 3.239476 -0.546821 -0.052661 -0.489781 -1.254846 1.732362 5.390581 3.539804 -1.392021 -8.706451 -24.412292 -34.105300 -39.403546 -43.592719 -45.957004 -43.212973 -42.474777 -37.873570 -27.269985 -30.173848 -24.955721 -31.963290 -49.957202 -51.893803 -52.307149 -52.323432 -50.926017 -42.667389 
-22.947330 -6.473443 10.929184 12.876575 -3.196792 6.660838 8.582351 4.756617 17.009962 5.392798 0.137953 -1.739917 2.966355 -1.794134 -0.205745 -4.565427 -4.400201 -0.917861 4.240553 1.887634 -1.660102 -11.502739 -27.353937 -36.406410 -39.517017 -41.847232 -42.114309 -41.597739 -40.465836 -35.394790 -26.366811 -28.782847 -24.760230 -34.403496 -53.314962 -54.571492 -55.505539 -57.325833 -51.780489 -44.505980 
-28.111459 -15.616805 7.754556 13.129719 0.001105 1.545026 9.532397 -0.590514 13.073039 8.430549 -2.176665 0.152258 -2.337389 -1.767344 -4.908799 -6.448680 -5.325152 -5.105724 -1.291715 0.334231 -4.033515 -13.911846 -27.992080 -35.405810 -39.205454 -42.227671 -43.157670 -41.211255 -38.094156 -34.520550 -22.984908 -29.019028 -27.267170 -36.067078 -55.464889 -59.484593 -57.317160 -56.636378 -52.018163 -43.556006 
-31.972393 -27.560740 6.315900 14.211461 3.388989 0.620167 10.576790 0.056378 4.939205 7.905109 -9.055284 -0.852485 -9.812237 -4.426718 -10.457315 -9.669061 -9.951538 -8.164214 -4.461050 -1.299024 -6.157731 -14.904855 -32.007402 -37.249227 -39.950299 -42.565296 -42.683368 -42.158147 -39.555456 -35.458074 -23.970367 -29.796722 -27.683487 -37.132311 -55.762602 -58.614462 -59.024012 -59.651225 -50.036265 -39.667332 
-29.760646 -20.711362 7.346775 15.927067 6.578930 -2.633513 10.559600 4.500065 -3.529286 6.945013 -7.887116 -3.502808 -7.703924 -10.497861 -15.773117 -13.299161 -16.127055 -11.451234 -5.093044 -2.664511 -3.622158 -11.073715 -27.713237 -33.858034 -36.988125 -40.528727 -40.458293 -40.496843 -38.719153 -33.549851 -26.759186 -33.151750 -30.435449 -38.404863 -54.739714 -57.687349 -58.739290 -58.893179 -51.626501 -41.828293 
-22.396749 -14.416652 6.401915 15.591812 9.051854 -8.061331 6.502846 5.116550 -8.698779 2.646387 -6.506487 -10.788553 -7.168021 -21.437988 -22.964870 -24.400464 -22.073432 -17.910699 -16.000025 -10.944689 -7.022986 -13.529243 -24.775831 -34.692300 -40.459645 -43.992651 -43.978781 -42.295242 -38.763793 -34.903311 -27.536852 -33.596195 -32.125435 -39.841512 -55.446928 -58.803440 -60.834800 -61.170712 -55.641983 -47.848538 
-21.018583 -15.346746 -0.461757 9.078508 5.004622 -10.010194 -2.831843 -3.178808 -17.467592 -11.872100 -13.865648 -19.649817 -14.978008 -24.373310 -24.719427 -31.095346 -27.920991 -26.425803 -23.293922 -20.413406 -15.581091 -20.215989 -30.335850 -36.517122 -44.104408 -46.473145 -48.450010 -49.236372 -47.940486 -41.830297 -37.160279 -44.089285 -44.592533 -49.862411 -59.042305 -61.337817 -62.677594 -61.950254 -59.715655 -55.068984 
-24.941723 -12.988886 -5.798947 2.437626 -0.921138 -12.478737 -21.346934 -18.155625 -18.585415 -20.887927 -22.047963 -29.882159 -23.887537 -25.368624 -26.717673 -26.290967 -27.410757 -28.015705 -26.533243 -27.342546 -22.339622 -22.386816 -32.405384 -36.969288 -37.805990 -42.376922 -44.696414 -46.673890 -45.803407 -43.756620 -40.840743 -50.077978 -50.694003 -54.770467 -57.024815 -57.303490 -56.868948 -57.343992 -57.385174 -56.354787 
-18.456938 -19.826087 -11.508943 -2.711924 -4.484983 -21.657287 -30.474254 -25.724066 -31.188622 -39.007858 -31.516515 -37.020138 -30.515332 -29.340237 -31.734301 -35.842014 -34.943642 -31.372202 -26.638331 -31.984805 -28.408070 -27.984088 -30.750416 -40.251295 -43.211641 -52.653749 -51.305206 -49.492684 -48.977218 -46.534143 -44.807444 -51.113044 -53.487604 -60.661912 -62.253106 -63.005569 -62.922262 -63.023583 -62.800507 -62.142421 
-23.402162 -23.394643 -17.362078 -13.269443 -15.659122 -29.989318 -32.856562 -37.060633 -36.465329 -36.156230 -40.137095 -37.703798 -33.760922 -33.308371 -37.962441 -37.415123 -41.460045 -38.526453 -37.929877 -31.017539 -27.061193 -27.401168 -28.590227 -39.270448 -43.379963 -51.054732 -50.479953 -51.836010 -49.805481 -44.840395 -46.266759 -60.173410 -56.295147 -60.445111 -65.719435 -66.317958 -63.629788 -68.373737 -67.399591 -67.844269 
-23.779081 -29.738807 -31.745782 -37.239499 -27.046246 -28.562297 -34.154946 -34.345697 -34.368276 -42.574437 -45.112931 -38.127957 -39.313968 -40.804775 -42.103093 -43.133458 -45.815030 -47.162349 -47.714957 -41.291915 -35.339315 -38.767791 -41.454877 -40.385082 -47.841633 -54.288779 -57.111666 -60.815188 -58.718066 -52.955945 -52.621854 -64.404745 -64.384019 -64.713377 -66.405646 -66.545541 -67.416112 -69.864875 -69.562785 -69.837607 
-47.856895 -49.143784 -49.844915 -49.562349 -50.526066 -49.454160 -49.994930 -50.771139 -53.481377 -60.170718 -66.961879 -60.458639 -59.131076 -61.829854 -63.264274 -62.195100 -64.632072 -68.423307 -71.742681 -62.494786 -57.730641 -59.393144 -63.010748 -63.843473 -66.475260 -74.312468 -74.644340 -76.525626 -77.874974 -72.034631 -73.694498 -83.679184 -85.246440 -85.328415 -84.847441 -84.590975 -90.493096 -88.850404 -88.883464 -88.698894 
-84.639422 -84.832763 -85.157337 -85.712307 -86.483208 -87.598684 -89.027442 -90.982873 -93.817869 -97.517202 -101.592204 -102.663367 -100.980951 -100.160746 -100.988462 -103.226910 -104.622947 -102.932381 -101.663797 -103.201375 -110.658240 -109.417158 -102.110882 -101.289600 -105.757643 -106.814515 -101.950207 -103.432575 -107.980544 -104.163805 -106.522836 -110.900265 -108.058399 -115.923351 -113.524204 -114.059933 -115.930792 -113.612537 -115.035261 -118.865999 
NaN NaN NaN NaN NaN NaN NaN NaN NaN NaN NaN NaN NaN NaN NaN NaN NaN NaN NaN NaN NaN NaN NaN NaN NaN NaN NaN NaN NaN NaN NaN NaN NaN NaN NaN NaN NaN NaN NaN NaN 
NaN NaN NaN NaN NaN NaN NaN NaN NaN NaN NaN NaN NaN NaN NaN NaN NaN NaN NaN NaN NaN NaN NaN NaN NaN NaN NaN NaN NaN NaN NaN NaN NaN NaN NaN NaN NaN NaN NaN NaN 
NaN NaN NaN NaN NaN NaN NaN NaN NaN NaN NaN NaN NaN NaN NaN NaN NaN NaN NaN NaN NaN NaN NaN NaN NaN NaN NaN NaN NaN NaN NaN NaN NaN NaN NaN NaN NaN NaN NaN NaN 
NaN NaN NaN NaN NaN NaN NaN NaN NaN NaN NaN NaN NaN NaN NaN NaN NaN NaN NaN NaN NaN NaN NaN NaN NaN NaN NaN NaN NaN NaN NaN NaN NaN NaN NaN NaN NaN NaN NaN NaN 
NaN NaN NaN NaN NaN NaN NaN NaN NaN NaN NaN NaN NaN NaN NaN NaN NaN NaN NaN NaN NaN NaN NaN NaN NaN NaN NaN NaN NaN NaN NaN NaN NaN NaN NaN NaN NaN NaN NaN NaN 
NaN NaN NaN NaN NaN NaN NaN NaN NaN NaN NaN NaN NaN NaN NaN NaN NaN NaN NaN NaN NaN NaN NaN NaN NaN NaN NaN NaN NaN NaN NaN NaN NaN NaN NaN NaN NaN NaN NaN NaN 
NaN NaN NaN NaN NaN NaN NaN NaN NaN NaN NaN NaN NaN NaN NaN NaN NaN NaN NaN NaN NaN NaN NaN NaN NaN NaN NaN NaN NaN NaN NaN NaN NaN NaN NaN NaN NaN NaN NaN NaN 
NaN NaN NaN NaN NaN NaN NaN NaN NaN NaN NaN NaN NaN NaN NaN NaN NaN NaN NaN NaN NaN NaN NaN NaN NaN NaN NaN NaN NaN NaN NaN NaN NaN NaN NaN NaN NaN NaN NaN NaN 
NaN NaN NaN NaN NaN NaN NaN NaN NaN NaN NaN NaN NaN NaN NaN NaN NaN NaN NaN NaN NaN NaN NaN NaN NaN NaN NaN NaN NaN NaN NaN NaN NaN NaN NaN NaN NaN NaN NaN NaN 
NaN NaN NaN NaN NaN NaN NaN NaN NaN NaN NaN NaN NaN NaN NaN NaN NaN NaN NaN NaN NaN NaN NaN NaN NaN NaN NaN NaN NaN NaN NaN NaN NaN NaN NaN NaN NaN NaN NaN NaN 
