-21.551990 -25.815171 -34.677339 -33.226900 -34.346008 -37.906622 -31.714962 -25.529416 -27.512304 -31.397417 -30.029337 -37.633301 -33.402200 -30.889719 -24.401857 -25.844847 -28.344750 -28.271756 -28.565323 -25.205856 -20.608764 -23.796700 -25.043094 -25.557156 -29.589590 -36.213433 -31.338607 -26.412646 -29.552358 -25.210071 -22.811909 -19.983240 -18.700590 -19.674274 -20.635969 -17.610118 -12.049287 -16.171010 -17.528541 -18.317640 
-21.695773 -25.964210 -35.109161 -29.953378 -36.682089 -34.180383 -27.230097 -26.103282 -27.937593 -27.241425 -27.911663 -35.469982 -32.474167 -24.317747 -20.150211 -21.943113 -22.548385 -28.731155 -28.741239 -31.985004 -24.948381 -21.630730 -23.573343 -28.215694 -28.345857 -32.534115 -30.373436 -24.848521 -27.465165 -27.217712 -19.433013 -18.758444 -16.630720 -17.222225 -15.963723 -15.545259 -12.171692 -12.419200 -13.432175 -15.443801 
-16.084170 -24.125324 -30.211467 -29.128890 -35.668179 -36.972791 -36.923294 -29.459719 -31.096124 -26.144026 -32.852469 -31.253307 -24.058215 -14.557205 -17.263462 -17.148198 -19.055997 -23.700118 -26.818967 -32.277810 -21.029366 -20.169748 -27.543653 -26.899070 -25.841698 -29.366705 -25.098406 -21.688855 -24.224658 -26.590260 -21.105985 -16.498024 -14.681040 -15.058359 -12.623637 -12.047211 -10.207794 -11.140411 -10.880607 -13.177215 
-19.861237 -32.167104 -30.170770 -33.282758 -37.791788 -35.642165 -30.521792 -22.312874 -23.782511 -24.560502 -23.860466 -29.313253 -29.811178 -17.700822 -18.831462 -17.677938 -15.133264 -23.484505 -33.773101 -27.535878 -20.360615 -20.520676 -21.621196 -23.712049 -24.532439 -28.011049 -25.589245 -21.698456 -23.775010 -23.137166 -20.165311 -13.921170 -9.200761 -13.365527 -12.113444 -9.490238 -5.947562 -7.023857 -11.935207 -14.876797 
-21.407955 -36.694504 -30.751686 -31.235967 -31.986549 -32.911926 -27.527055 -24.549832 -27.429111 -20.683313 -21.149418 -28.371001 -28.179495 -25.175910 -19.686922 -13.580554 -23.155753 -25.918590 -24.780491 -27.270847 -18.064581 -20.188634 -25.587257 -26.940455 -26.313336 -27.955771 -21.332937 -18.435042 -25.196842 -21.401871 -17.770336 -13.941022 -11.287204 -15.477663 -10.927680 -8.635244 -7.499113 -10.002182 -8.677889 -11.671440 
-19.523520 -28.937172 -35.707412 -35.055988 -39.046069 -33.301407 -35.055646 -28.727573 -24.101662 -21.478581 -30.929615 -28.122807 -27.507614 -24.140996 -20.387125 -15.698411 -23.489456 -23.992107 -25.484223 -32.492778 -22.337564 -18.380989 -21.232951 -23.328322 -26.070638 -28.703058 -24.905723 -21.356417 -22.994020 -21.703231 -19.625936 -13.274660 -12.291073 -13.264250 -13.427715 -8.500047 -8.112115 -8.154640 -10.798779 -11.689080 
-21.160415 -26.387439 -35.668561 -38.772921 -40.318061 -36.920741 -31.338179 -29.876927 -25.504611 -28.679418 -37.886392 -30.067414 -24.742934 -24.305797 -22.747482 -23.415409 -27.499817 -34.090941 -38.396290 -35.448714 -24.168559 -23.426206 -25.072241 -25.388786 -30.478377 -32.155293 -19.624482 -21.655930 -23.318445 -20.488981 -18.410345 -18.710433 -12.751972 -9.615042 -11.302509 -8.329212 -6.934480 -8.964348 -7.657260 -10.231533 
-24.270690 -40.527454 -37.425102 -34.513177 -35.468626 -35.590701 -30.123668 -29.183719 -29.757194 -27.945046 -35.000975 -37.513338 -33.073611 -28.958933 -23.557666 -29.330434 -29.054512 -36.408185 -38.561401 -37.085606 -25.015084 -28.256496 -28.100465 -29.311866 -28.813272 -30.162175 -21.294374 -21.887849 -23.793117 -20.638202 -12.113312 -10.244641 -10.049085 -7.762578 -8.052606 -9.661738 -4.679241 -6.403210 -5.722501 -9.974614 
-22.529183 -24.846612 -25.999251 -27.176302 -31.223888 -42.314569 -39.404323 -37.176852 -33.683855 -32.598943 -36.557190 -38.444346 -32.936829 -33.527688 -29.607626 -30.435859 -26.514957 -35.141739 -33.325113 -38.859415 -31.412758 -28.026471 -31.341772 -35.624556 -34.475033 -25.650156 -22.576245 -20.449363 -15.919710 -14.607059 -13.437353 -9.716153 -11.064057 -12.446794 -9.837222 -15.368260 -8.952278 -9.117272 -10.534331 -14.711930 
-18.831867 -24.332437 -31.778779 -34.741470 -34.550850 -44.812739 -39.501254 -39.402173 -36.179319 -40.911891 -47.466972 -53.936152 -46.478526 -44.787335 -43.054705 -38.561144 -41.935556 -43.083751 -39.315710 -48.404528 -44.662005 -39.219782 -40.857522 -44.499008 -42.440546 -33.594129 -30.991955 -26.492072 -23.358394 -21.448088 -18.088053 -19.320373 -20.244383 -19.644870 -23.587052 -26.357575 -20.820483 -17.943585 -19.601997 -23.101533 
-19.465653 -31.985550 -39.698705 -42.084785 -42.059692 -46.930210 -47.965473 -49.660766 -55.387281 -54.377508 -56.808368 -57.131381 -57.557296 -54.115027 -52.903776 -56.752111 -56.011724 -57.833831 -56.421138 -58.601493 -58.814867 -55.940949 -59.086007 -56.824043 -56.795677 -54.159042 -51.684270 -50.840314 -49.603017 -46.117425 -45.536740 -44.320180 -42.735177 -42.742559 -41.348071 -42.698458 -43.539597 -44.495439 -43.878795 -43.593693 
-19.643921 -29.579820 -34.860069 -44.798544 -43.982052 -44.267609 -46.759571 -52.422724 -61.262693 -57.042850 -56.927985 -58.908774 -58.702641 -60.434482 -59.378318 -61.095546 -58.298553 -62.006763 -64.596648 -66.631296 -68.259754 -63.866072 -64.366246 -65.574892 -65.746913 -67.788884 -68.169540 -65.905494 -67.594751 -60.889965 -61.650479 -59.108252 -57.558677 -54.818935 -60.407829 -59.786087 -59.400219 -59.367558 -58.454916 -60.009909 
-24.836809 -30.055772 -37.633412 -47.501981 -50.252244 -47.830839 -50.962909 -56.498680 -55.523704 -54.502183 -59.544595 -65.340712 -62.047045 -59.320669 -59.984157 -62.567448 -59.284643 -59.684986 -67.920100 -68.018019 -69.572923 -67.464789 -67.317627 -69.322230 -67.733518 -68.583380 -68.857033 -67.631812 -66.699140 -69.793719 -66.252659 -66.537162 -66.757177 -67.818773 -68.382729 -68.390334 -65.455341 -66.516117 -67.782262 -68.308518 
-10.915490 -9.045788 -11.085050 -12.227298 -11.773982 -11.645716 -9.622572 -7.732189 -9.090772 -12.831872 -15.759793 -17.690750 -16.180818 -16.052100 -16.429393 -16.259506 -17.612187 -20.125798 -22.484551 -23.554759 -20.757229 -20.081572 -19.828011 -16.800929 -17.657107 -16.361765 -14.011150 -12.779843 -13.826037 -13.311899 -17.768791 -25.918518 -26.061287 -30.300732 -31.109947 -31.993049 -31.231213 -25.321813 -27.754663 -28.870083 
-11.955842 -9.140745 -14.214913 -14.868243 -12.186014 -17.051614 -11.393353 -6.177863 -8.040086 -15.741140 -18.606115 -22.482250 -17.170087 -15.777658 -15.391770 -16.471186 -17.807831 -20.473102 -19.141580 -14.568246 -9.885888 -11.854841 -9.237234 -11.300143 -9.807167 -10.150763 -12.264205 -10.868897 -10.954530 -9.723079 -7.189116 -13.501463 -16.931565 -19.988646 -19.144930 -16.378941 -15.878684 -13.051332 -17.865329 -19.940571 
-24.289338 -22.513964 -26.139460 -21.674633 -17.862523 -20.665326 -20.224068 -22.562052 -19.030886 -21.196626 -23.588662 -23.555743 -25.888759 -19.405885 -15.809381 -22.546672 -20.998305 -10.765482 -8.313835 -13.021914 -8.885680 -9.642975 -7.540233 -12.225173 -11.774066 -15.301666 -15.634951 -16.170114 -19.066387 -14.236514 -12.293489 -16.210012 -18.032109 -24.257056 -19.638612 -21.426789 -21.068316 -18.561044 -19.432353 -21.035772 
-15.324180 -15.176376 -12.468260 2.796496 8.063920 4.365719 -4.749153 -7.327657 -3.334342 -7.808383 -22.052981 -17.298932 -16.139223 -22.880506 -19.186990 -21.319643 -18.760370 -12.256827 -15.273817 -14.860225 -14.345069 -14.742401 -13.587383 -16.421699 -17.775398 -23.258331 -21.045025 -25.757430 -22.742328 -23.700460 -23.571472 -26.669703 -28.248522 -30.831858 -28.865614 -32.511487 -29.819211 -30.159490 -27.838462 -29.212786 
-16.179743 -13.462593 -10.197524 10.004104 18.893545 12.568882 -1.556877 5.437976 14.146961 3.369007 -14.269452 -0.892595 -5.714883 -13.051725 -6.634750 -14.687853 -6.488697 -10.107361 -4.011510 -11.528384 -10.773466 -16.695277 -21.857959 -25.482318 -32.051929 -33.073316 -34.000958 -34.687811 -29.845417 -28.228408 -28.563772 -32.141196 -30.036960 -36.931287 -43.333773 -41.948993 -39.098032 -40.878560 -45.654955 -44.032851 
-20.394581 -16.289189 -19.667640 4.808387 19.662683 14.086839 -8.647551 0.847981 17.969519 9.257603 -15.687547 3.007972 -0.477378 -14.577346 0.025127 -10.895127 0.108081 -3.489487 -1.917704 -10.391643 -7.407726 -14.992866 -20.860572 -24.359865 -30.154437 -31.714620 -33.852928 -34.431233 -33.872968 -28.052656 -22.285816 -27.000264 -25.642460 -34.498674 -41.821622 -42.067321 -42.644055 -42.980259 -41.891115 -36.039789 
-20.776983 -23.322575 -23.287366 4.622484 20.049198 15.192336 -7.425614 -6.307864 18.685317 13.495488 -11.608306 7.057998 4.809823 -9.561330 3.502578 -8.752157 4.742372 -0.843051 -5.935601 -9.193367 -5.907825 -13.417247 -17.985442 -20.853839 -23.226345 -24.875308 -25.604398 -26.140244 -26.950286 -26.697430 -19.668538 -23.997513 -23.592771 -28.259526 -30.153676 -30.592512 -30.973209 -31.264283 -31.331775 -30.040501 
-22.536566 -26.624557 -24.585234 4.435373 19.918034 16.110200 -6.347601 -9.181732 19.572397 17.889607 -6.499074 10.169595 13.007674 -4.715129 6.790694 0.101717 6.010049 5.949097 -5.218240 -4.309022 -4.051066 -6.655539 -14.424249 -21.578245 -23.969574 -25.696348 -25.819088 -26.337098 -26.262071 -23.871300 -14.779152 -19.383363 -17.486707 -27.986892 -34.753392 -35.124046 -35.321086 -35.565662 -35.178785 -30.973234 
-25.208087 -30.035532 -33.984288 -0.286225 18.554532 16.446715 -6.854401 -15.435274 18.289350 18.469294 -7.906118 9.561841 16.432979 -5.727907 6.277096 4.088186 0.400940 6.735807 -10.870551 -4.510055 -6.738640 -3.701930 -16.106284 -21.215459 -23.107962 -26.512775 -27.807534 -28.111857 -27.471163 -22.219074 -17.469623 -20.959573 -16.843274 -27.116602 -50.917824 -50.301594 -52.557750 -51.036077 -41.945696 -30.111794 
-20.216544 -25.908785 -29.616250 -1.631765 17.724080 16.443633 -5.223406 -14.708319 16.932498 18.875552 -6.334749 8.981236 18.277633 -2.017066 6.413632 6.058743 -4.463637 5.212016 -11.918071 -4.494126 -10.263368 -4.586064 -12.491558 -15.377586 -17.731213 -25.745979 -27.977702 -27.418789 -26.589840 -20.287087 -16.601829 -23.121407 -18.283017 -25.041186 -44.779041 -47.439206 -48.654420 -49.359711 -41.522706 -31.010755 
-27.556134 -33.139661 -32.636585 -2.290923 17.485049 16.261665 -6.656630 -22.651877 17.353658 18.712100 -8.742883 10.011331 19.339334 -2.091428 7.863704 8.067327 -5.067883 4.455128 -14.222207 -6.686423 -11.758624 -6.046358 -9.535912 -12.152532 -12.637010 -23.226237 -24.774302 -24.357926 -23.642154 -18.271430 -14.768930 -22.889479 -19.310019 -24.447530 -41.542865 -44.224536 -44.373968 -44.755662 -41.324175 -31.573170 
-24.932406 -29.436473 -34.955353 -2.553731 17.400334 16.108230 -7.372560 -36.878624 17.259548 18.526660 -9.813346 10.190314 19.897452 -1.925557 8.736235 9.000187 -7.457879 3.621706 -16.198449 -9.055066 -15.472196 -8.710878 -10.920368 -11.983258 -8.224655 -20.569266 -24.057772 -24.354059 -24.090056 -19.282060 -15.719020 -24.554025 -20.848585 -24.516776 -39.910678 -52.191954 -57.023650 -51.722964 -42.323798 -34.356167 
-18.967822 -24.605254 -25.959505 -2.553420 17.258736 16.048215 -6.531570 -20.235511 17.353383 18.203044 -9.242844 10.498685 20.000193 -0.731980 8.903053 9.717846 -6.145997 2.476493 -15.183125 -10.823235 -16.380708 -10.631483 -12.615973 -13.343143 -5.127999 -15.779462 -20.480904 -23.181186 -22.759537 -18.859542 -14.676949 -20.972212 -20.846801 -23.649748 -32.907945 -48.968709 -53.305028 -51.400627 -45.924167 -33.405813 
-23.614589 -24.708520 -26.852409 -1.419634 17.631853 15.981665 -7.091033 -19.024741 18.343942 18.129547 -10.235982 11.619451 19.578181 -3.237958 9.978654 8.966571 -5.069278 1.687510 -18.226582 -11.710582 -19.134463 -14.725428 -16.639576 -17.977616 -11.006886 -13.886963 -15.989199 -20.096496 -24.427697 -21.864572 -15.360725 -17.155747 -22.763855 -23.749675 -26.680743 -45.971107 -53.387518 -50.983318 -42.990796 -34.530334 
-15.742243 -24.390392 -21.044909 -0.297232 17.960947 15.371426 -7.650032 -12.488528 19.164164 16.836395 -9.288245 13.100355 19.088643 -5.283809 11.556658 7.978772 -5.783559 -1.358021 -18.429672 -14.278756 -18.433838 -17.675593 -19.025456 -21.972408 -19.247319 -14.580036 -13.010004 -16.656416 -23.870234 -23.372583 -14.861467 -15.806119 -23.770602 -23.896080 -24.461444 -42.313087 -47.261242 -47.576200 -43.725142 -33.413859 
-16.788170 -15.814545 -17.550165 1.204433 18.328816 14.673361 -6.490836 -5.807400 20.027805 15.091328 -9.583488 15.029355 17.470018 -3.565036 14.669396 6.374571 -2.706317 -3.109238 -14.827443 -14.275092 -15.140396 -17.285522 -17.314227 -20.143123 -19.783066 -17.291797 -12.086681 -13.091252 -18.558619 -21.625638 -13.454281 -16.403774 -22.980861 -22.618251 -22.862671 -28.818522 -30.210317 -30.511424 -30.645104 -28.974509 
-28.748958 -17.069557 -16.583915 3.610418 18.686491 13.669498 -8.513142 -0.602903 20.943924 13.396613 -10.661967 16.276717 15.305589 -0.804797 16.128351 5.316884 -1.155879 -4.614142 -17.019488 -18.021963 -16.942338 -20.900780 -19.230307 -22.659691 -23.758551 -21.373463 -15.601068 -9.829057 -16.404687 -22.695774 -14.455989 -14.616922 -22.735373 -24.836604 -21.739438 -33.272611 -39.408126 -39.733342 -38.821529 -33.880028 
-21.964753 -17.143122 -22.112705 6.854832 19.365983 11.976116 -12.184860 7.447051 22.124657 10.161460 -2.846586 17.287178 9.814696 7.301008 16.473487 -0.036467 3.401453 -8.468479 -12.572138 -20.926862 -17.991135 -20.077372 -21.247617 -20.114130 -23.869770 -23.217403 -18.052429 -11.326809 -12.331309 -20.505961 -14.045429 -12.072709 -21.705795 -23.985865 -21.416862 -35.291248 -43.563945 -44.305808 -41.813815 -34.389994 
-26.713640 -36.527295 -16.478058 11.089081 19.480756 8.576335 -12.700005 14.239534 21.568374 4.281392 6.508228 15.664559 0.419187 13.814950 14.266492 -1.859018 3.517925 -11.634079 -10.884600 -13.091513 -18.780816 -17.742203 -20.910210 -22.216725 -24.085360 -23.173671 -20.222243 -14.417645 -12.770887 -20.180926 -14.150924 -12.518581 -22.443219 -24.764067 -19.746435 -31.609248 -40.617525 -40.886268 -40.038894 -33.052740 
-29.142383 -29.700221 -13.550566 14.519553 19.455074 4.548087 -5.567961 17.466952 18.056559 -2.546531 13.007059 12.145939 1.139752 15.379569 5.088691 2.124373 0.265169 -0.321002 -4.074126 -3.960828 -11.490179 -14.325988 -17.205646 -18.519527 -21.167544 -21.476131 -18.914946 -13.183569 -15.074661 -19.749252 -17.529562 -10.829973 -14.706381 -21.368801 -20.941007 -32.591339 -48.677880 -51.203887 -44.073188 -35.181091 
-24.001171 -18.739506 -11.333496 16.777184 19.173220 1.263939 0.940512 19.227442 13.060764 0.485940 16.795582 7.879563 9.297579 14.228431 1.233022 7.067412 3.806732 5.552458 -4.714605 -6.975106 -10.686139 -15.846182 -17.310659 -16.743270 -19.108223 -19.131042 -17.122482 -9.972348 -6.854489 -14.791422 -15.647112 -9.964443 -11.056443 -16.405969 -13.929031 -25.866419 -40.439019 -42.486076 -40.465006 -32.767546 
-15.652609 -20.803097 -2.155970 18.640342 18.175362 -2.348940 9.697473 20.146667 7.206110 10.005937 16.009037 0.595314 13.450189 8.843074 7.304682 5.249189 8.430855 1.099817 -6.479199 -14.173167 -17.380343 -17.306666 -20.614999 -23.550983 -25.009602 -25.002692 -23.279066 -17.609177 -10.624995 -15.905421 -17.881524 -11.697404 -11.348892 -17.140650 -16.430924 -26.403337 -43.561703 -50.075639 -42.566838 -33.625163 
-21.193178 -15.757346 3.917645 19.702830 16.599973 -2.418545 15.175523 18.174290 0.410613 14.492124 12.957629 2.925985 12.771325 3.825920 9.905925 2.119028 5.959033 -7.020035 -10.922914 -17.955861 -17.513895 -19.120111 -21.478282 -22.680810 -24.187165 -25.125235 -25.227083 -22.327017 -15.050188 -18.551540 -22.240621 -17.556655 -14.727825 -18.857010 -15.553507 -24.913873 -32.098892 -32.308619 -32.036834 -31.648896 
-26.002387 -21.481007 7.843415 19.056634 12.651216 2.888987 18.274172 15.413100 1.211391 13.827349 5.169745 6.515471 7.990702 6.818551 6.826216 -1.217415 -4.826580 -16.131045 -22.570178 -25.659935 -24.720994 -25.435308 -28.022612 -35.278225 -39.821284 -40.327746 -37.737504 -30.739676 -21.135327 -21.818896 -27.700095 -22.256403 -18.386314 -21.813188 -18.699004 -29.458132 -45.791172 -47.999503 -42.531291 -36.567588 
-17.034300 -16.655992 10.193835 17.477354 5.969247 6.750987 19.295315 11.801120 6.111245 13.014993 -3.429577 5.798917 0.067460 8.270685 -0.895519 -3.337420 -12.901522 -19.137128 -24.709673 -31.449740 -30.538290 -30.352617 -30.614663 -36.520969 -41.452266 -44.415092 -43.485190 -36.887539 -25.345665 -26.903936 -32.185026 -27.820359 -21.818206 -22.633436 -21.270450 -33.304977 -50.139026 -52.057869 -45.989741 -38.512765 
-19.430468 -10.100636 11.978523 17.010525 4.467005 9.333728 18.066269 7.256146 13.564857 13.986963 1.695446 3.209953 2.952493 7.675875 4.404992 1.012960 -9.868237 -19.894665 -25.889718 -30.536863 -29.549602 -31.879872 -32.026006 -33.211694 -34.210579 -34.681108 -35.249413 -34.305958 -25.349048 -26.421047 -30.080073 -22.634121 -18.959427 -21.775711 -23.249949 -35.089293 -40.354643 -40.483700 -39.766014 -36.368743 
-22.472154 -7.590479 12.813369 15.926031 1.777173 10.658714 15.786250 4.128005 18.853098 13.177123 4.178858 2.278976 7.612235 7.465175 9.622704 2.726757 -6.327346 -18.216057 -24.952368 -26.384654 -28.019500 -29.305298 -31.118408 -32.890450 -33.883881 -34.838701 -35.378285 -33.531217 -24.355083 -25.887343 -31.312897 -23.672354 -19.060805 -21.594376 -22.895304 -33.869359 -39.651109 -40.059711 -40.262193 -39.389655 
-21.418997 -3.195166 13.200531 13.586675 -0.579863 11.756243 11.338758 9.100389 21.467491 9.100645 5.999504 -0.790229 7.994451 6.668601 11.492140 2.956177 -5.410901 -13.257429 -19.476445 -25.151707 -27.320380 -28.497116 -32.616919 -35.990733 -39.402261 -40.106417 -41.345833 -32.876165 -25.079126 -27.562805 -30.582705 -22.597695 -18.603399 -22.131994 -25.749835 -33.700979 -46.006962 -47.135873 -45.463516 -43.436751 
-21.882964 -0.638970 13.228761 10.401718 -0.496316 12.091755 6.751521 13.430176 21.912763 7.154859 8.332857 1.203472 4.742927 7.005525 8.791386 9.470615 0.830064 -7.359839 -15.513011 -22.170485 -25.655745 -27.482809 -29.543192 -33.423237 -34.907589 -36.088202 -35.960017 -29.327375 -20.982282 -26.676293 -27.090418 -20.039630 -17.172631 -20.720052 -26.992470 -36.640611 -40.867865 -41.307738 -40.980197 -39.149561 
-22.471276 1.380507 14.426344 11.077589 2.230792 13.639265 7.393744 16.587665 20.235651 13.133762 14.515187 6.438939 3.110431 6.384780 5.844448 10.544776 11.374097 4.544867 -8.829809 -15.051436 -17.897203 -20.643788 -23.683402 -26.808361 -29.237071 -30.689289 -28.574295 -20.257595 -18.472821 -23.968322 -21.500596 -13.863069 -13.108470 -16.415546 -21.818440 -36.306991 -42.118447 -42.528062 -42.544193 -41.205610 
-19.430792 3.523004 15.491055 11.288930 4.429489 13.591292 6.250549 17.269188 13.977967 18.615883 16.868982 9.264424 3.832012 6.789359 7.391094 6.923003 10.335681 7.887957 1.386776 -7.975815 -12.254566 -15.959071 -19.530203 -22.757427 -23.828764 -22.987078 -19.460995 -14.339217 -19.734571 -21.328228 -15.964975 -10.680584 -11.341668 -13.100974 -20.867388 -36.836043 -44.669714 -45.993755 -46.248582 -44.734731 
-21.924988 4.128479 15.505578 10.505044 5.978296 12.564692 4.760683 16.876712 10.721352 20.841105 14.584191 11.842902 5.847985 6.113764 7.098814 5.880122 5.229641 7.177681 5.425781 -5.946217 -10.728765 -12.484567 -15.834294 -20.452535 -19.420114 -16.249368 -12.470282 -13.304132 -19.862553 -21.357943 -14.017201 -12.218433 -14.020070 -14.417677 -21.551732 -40.191596 -49.892699 -51.562995 -49.527689 -47.926922 
-20.370228 4.689593 14.994751 9.102958 7.285072 12.457273 5.527156 16.195988 10.446968 21.214840 13.385758 12.698977 7.091050 6.230558 8.712071 8.175929 8.972036 8.767024 4.706612 -5.702015 -9.045842 -10.283934 -14.459176 -16.386763 -15.352180 -13.123408 -13.388449 -18.591871 -23.498232 -26.025299 -17.904909 -18.222605 -20.516201 -21.935861 -26.632152 -36.483346 -37.890720 -38.249725 -38.453814 -38.387051 
-18.315859 5.614834 14.186100 7.672263 9.138308 11.512679 6.869939 14.018995 11.631925 20.575879 14.606811 13.429194 8.793419 6.514072 8.376315 7.985432 10.301717 9.875404 5.770109 -3.459256 -6.077567 -7.837403 -9.675630 -10.221644 -7.237077 -6.221948 -12.227285 -18.373531 -20.769229 -16.569073 -10.192264 -16.378088 -19.186569 -23.322272 -35.883763 -47.271119 -47.863954 -48.680355 -46.508720 -44.903921 
-12.270344 5.475032 12.391167 4.514192 10.350785 9.698435 8.241394 10.520079 13.765158 17.191838 16.329711 11.614783 8.520509 6.763436 7.127522 8.765687 9.650334 10.105647 8.346650 -0.552255 -4.233866 -3.293641 -4.085571 -3.791962 -5.012706 -10.142621 -16.370194 -19.343130 -17.792962 -13.114468 -7.830928 -16.561524 -14.715607 -19.096166 -35.894672 -39.936547 -40.315988 -40.702459 -40.792856 -40.866050 
-12.730893 4.917432 10.602623 1.928011 10.743387 8.318355 8.977777 10.306166 13.845482 12.112422 15.980111 8.615712 6.895858 6.093197 6.659571 7.958307 8.156873 9.677718 10.334059 -1.409960 -2.621894 -0.591631 -0.010423 -3.912001 -11.462236 -16.835356 -23.495904 -24.159226 -22.183675 -17.307423 -10.516056 -17.918249 -15.451878 -21.639740 -36.607681 -38.108741 -38.215773 -38.492170 -38.658128 -38.387839 
-12.132553 5.243132 9.825087 2.850344 11.810954 8.092137 9.792334 8.896944 14.361914 11.226585 15.760469 6.455638 5.226941 6.210847 6.991556 7.009474 8.491723 11.167227 11.016938 1.405274 0.653330 2.553712 -0.734416 -12.744467 -18.711968 -23.908013 -26.776992 -26.945764 -24.955066 -19.286709 -12.119236 -18.087065 -14.824572 -22.560717 -46.695287 -54.016094 -56.154288 -57.146392 -51.784662 -48.074397 
-11.371431 5.177336 9.584339 2.485035 12.002638 7.036432 9.872870 7.268731 14.741765 11.456334 15.009415 4.579862 3.137637 4.282548 5.651587 5.281135 6.776441 9.733672 8.089744 3.342120 2.861648 1.600320 -9.394472 -18.196971 -23.675763 -28.820095 -31.009370 -30.586058 -28.588776 -24.028400 -14.217083 -19.911893 -16.814709 -25.373335 -43.841342 -45.467457 -45.945674 -46.400709 -46.336685 -46.317858 
-14.184783 5.180367 9.154240 2.595496 11.580134 5.268376 9.672128 7.358887 15.203892 12.939201 14.132684 2.220932 1.019455 2.426134 3.560140 2.785019 4.541632 7.092168 9.178440 4.116890 1.935231 -0.446374 -11.980465 -20.890284 -26.700871 -30.211666 -33.495116 -33.770017 -31.215992 -26.123513 -15.608075 -20.625800 -17.649561 -25.290634 -45.782171 -47.017954 -47.330964 -47.714697 -47.938111 -46.947970 
-12.156116 5.761690 8.478386 3.272133 11.198006 5.381033 9.156888 6.559960 14.290244 11.736973 12.580593 -0.371028 -1.240010 0.135883 1.023169 -0.679524 0.385970 2.104289 6.517691 0.615636 -3.173862 -6.519654 -18.884812 -27.463097 -31.969189 -32.950104 -34.846539 -36.693845 -37.475268 -35.725700 -23.282303 -29.050378 -31.108440 -33.660569 -41.435890 -42.055136 -42.535210 -42.966371 -42.961774 -42.963501 
-10.956387 6.072196 8.372094 4.517112 11.038064 5.260279 8.850566 8.461671 13.615649 13.776850 11.720656 0.773735 0.080393 0.628411 1.825211 1.902086 2.788415 5.854528 9.565752 5.280182 1.427761 -7.060552 -18.328943 -26.149374 -31.246337 -34.878305 -37.012494 -36.931066 -34.671450 -30.545781 -19.929791 -22.795076 -20.613919 -29.427128 -52.399814 -54.145074 -53.492420 -53.706862 -51.023005 -46.367652 
-10.724157 5.999972 8.324061 3.752662 10.338181 2.520150 7.251972 6.612762 11.772560 12.424578 7.841828 -3.656512 -2.798778 -3.559478 -2.287289 -1.423995 -1.090614 2.522464 5.418493 2.183867 -3.510220 -12.081584 -22.988193 -30.338859 -35.959328 -37.497588 -39.452490 -38.893825 -38.215751 -35.093834 -24.050435 -26.904756 -24.914109 -32.788701 -45.148956 -45.896063 -45.947453 -46.240550 -46.175484 -46.141567 
-11.075444 4.851161 7.784430 3.181589 9.397362 3.000712 6.651746 3.748570 9.838980 7.204003 4.847302 -5.080883 -4.817143 -4.599801 -4.095380 -3.922901 -3.468946 0.568430 3.937121 0.109636 -4.093576 -12.936082 -23.365233 -31.209429 -35.491458 -37.667717 -38.880181 -39.918650 -37.508458 -34.332855 -25.832373 -26.786398 -24.040556 -31.584063 -44.986865 -45.819634 -46.049074 -46.190259 -45.897866 -45.677039 
-14.538537 2.569675 6.982822 1.127213 8.223379 2.865574 5.758085 3.858161 11.016219 6.378043 4.860517 -5.817655 -4.989511 -4.184475 -3.455016 -3.695640 -2.390430 1.498371 6.806364 2.972415 -1.365072 -12.001937 -21.953411 -30.496509 -33.908690 -39.319569 -41.401582 -41.430820 -39.979395 -36.350962 -25.913356 -27.932176 -24.092608 -31.877893 -54.643236 -55.811305 -58.633231 -56.952213 -53.963783 -50.989807 
-20.405884 -0.369425 5.989898 0.210352 7.054487 3.165309 5.767449 4.618743 11.352440 5.484937 2.948936 -4.912359 -5.309043 -4.361662 -4.052510 -6.148985 -4.285579 -0.753049 3.174472 2.507587 -3.307623 -12.261437 -23.982425 -32.649014 -36.119380 -40.020378 -41.500259 -41.737764 -40.886589 -38.705630 -29.503510 -31.019763 -29.504467 -37.660044 -49.430002 -50.175663 -50.508920 -50.692311 -50.321019 -49.094985 
-26.474019 -2.376599 5.533647 -2.040927 2.629270 1.713534 1.928337 3.807981 5.777516 4.155855 -4.841195 -8.968120 -6.131805 -7.869313 -8.835960 -9.610488 -8.493156 -6.030096 -0.900705 -2.601721 -6.183837 -13.823457 -27.087487 -34.973754 -39.766639 -45.019583 -48.811455 -50.064203 -49.855873 -46.453633 -33.154527 -39.382604 -37.750793 -43.385868 -57.594636 -61.454087 -61.521618 -61.299970 -60.854718 -53.743982 
-20.035735 -3.228940 5.468250 0.099320 1.480728 2.419408 -1.465906 4.535597 0.631940 3.946162 -6.044431 -8.686086 -8.319162 -10.919983 -11.877258 -13.023758 -14.334447 -12.777222 -7.394334 -6.324093 -11.141781 -17.355784 -31.297237 -40.417582 -44.246320 -47.355410 -49.970782 -51.908652 -51.028451 -48.624552 -38.211404 -41.229879 -42.101424 -46.701527 -60.403441 -59.634916 -60.795569 -59.578567 -55.946212 -47.641688 
-21.787048 -7.803165 2.945316 -2.059494 -4.386837 -1.356710 -7.160349 -2.034282 -7.011382 -2.420894 -13.020958 -17.182205 -16.930543 -18.354625 -19.794483 -24.176211 -22.770711 -22.570690 -17.209531 -14.978413 -18.192179 -22.419260 -34.116109 -44.218758 -46.312629 -47.995788 -48.125677 -49.331764 -49.075718 -50.543693 -42.485669 -46.993602 -45.990577 -50.367180 -59.496732 -63.007888 -65.564680 -64.564670 -59.807637 -49.985871 
-16.245428 -5.272636 3.621527 0.357918 -6.009534 -4.553464 -9.690084 -9.269814 -17.038496 -12.190937 -20.384247 -23.476707 -22.236585 -31.802754 -32.107660 -31.111391 -25.558094 -24.925692 -22.672373 -20.365502 -14.878440 -16.174891 -29.722168 -42.591857 -44.974044 -49.715817 -53.131993 -51.891389 -52.857703 -48.834709 -39.858374 -45.410224 -46.766652 -53.459062 -62.409634 -64.437659 -65.835149 -63.498161 -61.105202 -52.294643 
-19.390508 -11.008910 0.588926 -4.153538 -13.001051 -13.901135 -23.101637 -17.767371 -19.571201 -18.495749 -27.366958 -27.883263 -25.921090 -30.687451 -31.073761 -32.799243 -31.330339 -36.619708 -32.285649 -26.888799 -21.227867 -19.985321 -26.846386 -39.828415 -44.481219 -49.993200 -54.283224 -52.938804 -55.577828 -49.160446 -41.046239 -50.974935 -49.561755 -57.719540 -65.937550 -65.182383 -63.677843 -60.635823 -61.053484 -54.517814 
-16.412023 -12.333843 -4.185209 -5.924488 -14.852336 -22.792389 -27.807412 -23.085290 -25.680251 -30.816205 -33.127349 -33.152828 -31.922525 -30.403544 -31.406579 -33.269807 -32.988797 -35.831409 -32.129591 -30.788974 -22.642957 -23.208629 -27.188465 -38.576132 -44.201541 -53.648950 -57.928594 -57.875245 -55.092343 -49.892960 -48.836398 -56.338385 -55.215483 -61.606007 -67.949611 -70.491025 -67.808806 -66.454753 -68.697069 -66.224578 
-27.086217 -25.135795 -19.849923 -21.847398 -31.195392 -37.215533 -42.388519 -43.263872 -42.507404 -39.603423 -45.019954 -42.657647 -39.382484 -41.968790 -42.494678 -49.296811 -50.493721 -45.864940 -40.863735 -45.161006 -35.782127 -36.505292 -44.046020 -53.437530 -55.452419 -61.413642 -62.745524 -70.140290 -67.187093 -61.835776 -61.594875 -68.906515 -69.188281 -72.016775 -76.524347 -79.875571 -80.471734 -76.282333 -78.733821 -78.805293 
-58.228786 -57.247275 -56.791471 -63.792980 -67.867990 -63.503484 -67.372313 -73.573170 -74.680965 -69.225529 -69.635837 -72.625598 -71.463650 -73.176975 -78.014230 -75.951455 -82.243490 -74.660122 -71.233055 -70.575365 -72.299910 -75.686594 -77.194190 -80.497304 -82.081164 -82.537072 -83.552812 -83.915650 -82.177053 -82.375490 -83.233510 -85.318832 -82.589709 -81.397444 -86.057607 -84.351783 -87.342808 -87.306771 -86.959968 -88.234573 
-71.260902 -72.058103 -69.040280 -73.087971 -76.260570 -72.911885 -77.727474 -75.946208 -79.315769 -77.395214 -78.894139 -77.585212 -79.745725 -79.253237 -80.868934 -80.963234 -80.993745 -80.840188 -80.129854 -79.328642 -80.458344 -82.494649 -83.093403 -83.422982 -84.277527 -84.853049 -86.136528 -87.417580 -88.357560 -89.886719 -92.654848 -95.182199 -92.564281 -92.134645 -96.534301 -93.549330 -92.997300 -92.226538 -91.677706 -94.393882 
-100.551939 -100.555641 -100.561808 -100.572231 -100.586385 -100.606300 -100.630731 -100.662220 -100.704318 -100.754827 -100.816680 -100.893846 -100.984832 -101.095483 -101.228215 -101.383293 -101.569533 -101.786902 -102.042710 -102.341280 -102.693399 -103.111995 -103.602161 -104.191348 -104.901541 -105.756978 -106.795962 -108.064928 -109.660837 -111.739105 -114.617820 -119.034279 -127.459566 -128.396385 -120.194073 -116.287041 -114.119007 -112.973897 -113.011069 -115.260211 
NaN NaN NaN NaN NaN NaN NaN NaN NaN NaN NaN NaN NaN NaN NaN NaN NaN NaN NaN NaN NaN NaN NaN NaN NaN NaN NaN NaN NaN NaN NaN NaN NaN NaN NaN NaN NaN NaN NaN NaN 
-75.099542 -75.738342 -76.837819 -78.791448 -81.701833 -86.061236 -89.796238 -89.049302 -87.441476 -88.205918 -91.757373 -95.704906 -93.288724 -92.329500 -95.756320 -98.474868 -95.467857 -97.357240 -100.555802 -97.729712 -101.028965 -100.584826 -101.132859 -102.575555 -102.449887 -103.482000 -104.404837 -104.127140 -105.761837 -105.884957 -106.198665 -107.016748 -107.649897 -108.126539 -108.589023 -109.098320 -109.602222 -110.053070 -111.027415 -114.948192 
-59.707787 -54.700773 -54.024832 -58.570413 -68.007168 -66.574074 -68.386142 -71.157216 -67.440413 -70.537749 -74.362489 -76.647204 -78.090998 -78.315029 -78.971908 -82.054699 -79.174917 -80.773312 -83.483817 -77.940810 -78.834404 -74.425084 -80.672713 -81.028814 -79.582756 -82.168942 -81.770923 -77.472926 -82.043498 -87.545214 -84.274171 -84.605447 -86.052748 -87.140332 -87.992525 -91.320940 -89.700463 -87.222762 -90.433014 -88.515182 
-68.225076 -57.846825 -58.006348 -60.621132 -65.233797 -69.143772 -72.647479 -71.006274 -72.212463 -69.812841 -69.246901 -69.243610 -71.283446 -74.706005 -77.847934 -76.965469 -76.332384 -79.496959 -75.684858 -74.240550 -75.161158 -72.922630 -75.461314 -74.708368 -75.721795 -76.792895 -76.143737 -74.008615 -79.522997 -81.434133 -84.219797 -82.766599 -84.928836 -82.995306 -84.195904 -86.550273 -84.763317 -83.369524 -84.646558 -84.066206 
-65.591233 -62.166382 -66.832309 -65.706556 -65.828695 -68.598992 -70.451070 -69.137066 -77.044633 -74.974101 -70.815694 -70.985214 -74.878918 -74.496000 -77.316953 -80.203512 -77.993802 -78.068348 -75.232940 -79.178820 -79.595860 -81.063847 -80.514077 -80.297437 -81.896425 -83.752611 -86.481506 -84.424714 -84.653256 -84.192064 -85.106331 -85.208292 -87.879492 -85.683065 -87.751640 -90.122957 -90.064995 -86.442057 -86.460433 -91.714524 
-69.776401 -69.888091 -70.382141 -70.989686 -71.608592 -72.943023 -74.444238 -76.294002 -79.662858 -83.152990 -88.138265 -88.266505 -85.709458 -84.574036 -84.325656 -86.002955 -89.899978 -96.200131 -93.056482 -87.550198 -85.971414 -87.998102 -94.512716 -92.588695 -88.628562 -92.245146 -98.279052 -93.774397 -98.918709 -92.778954 -92.840807 -102.332295 -96.667890 -94.360849 -98.494530 -97.626921 -97.295539 -94.890314 -94.002613 -102.561226 
NaN NaN NaN NaN NaN NaN NaN NaN NaN NaN NaN NaN NaN NaN NaN NaN NaN NaN NaN NaN NaN NaN NaN NaN NaN NaN NaN NaN NaN NaN NaN NaN NaN NaN NaN NaN NaN NaN NaN NaN 
