NaN NaN NaN NaN NaN NaN NaN NaN NaN NaN NaN NaN NaN NaN NaN NaN NaN NaN NaN NaN NaN NaN NaN NaN NaN NaN NaN NaN NaN NaN NaN NaN NaN NaN NaN NaN NaN NaN NaN NaN 
NaN NaN NaN NaN NaN NaN NaN NaN NaN NaN NaN NaN NaN NaN NaN NaN NaN NaN NaN NaN NaN NaN NaN NaN NaN NaN NaN NaN NaN NaN NaN NaN NaN NaN NaN NaN NaN NaN NaN NaN 
NaN NaN NaN NaN NaN NaN NaN NaN NaN NaN NaN NaN NaN NaN NaN NaN NaN NaN NaN NaN NaN NaN NaN NaN NaN NaN NaN NaN NaN NaN NaN NaN NaN NaN NaN NaN NaN NaN NaN NaN 
NaN NaN NaN NaN NaN NaN NaN NaN NaN NaN NaN NaN NaN NaN NaN NaN NaN NaN NaN NaN NaN NaN NaN NaN NaN NaN NaN NaN NaN NaN NaN NaN NaN NaN NaN NaN NaN NaN NaN NaN 
NaN NaN NaN NaN NaN NaN NaN NaN NaN NaN NaN NaN NaN NaN NaN NaN NaN NaN NaN NaN NaN NaN NaN NaN NaN NaN NaN NaN NaN NaN NaN NaN NaN NaN NaN NaN NaN NaN NaN NaN 
NaN NaN NaN NaN NaN NaN NaN NaN NaN NaN NaN NaN NaN NaN NaN NaN NaN NaN NaN NaN NaN NaN NaN NaN NaN NaN NaN NaN NaN NaN NaN NaN NaN NaN NaN NaN NaN NaN NaN NaN 
NaN NaN NaN NaN NaN NaN NaN NaN NaN NaN NaN NaN NaN NaN NaN NaN NaN NaN NaN NaN NaN NaN NaN NaN NaN NaN NaN NaN NaN NaN NaN NaN NaN NaN NaN NaN NaN NaN NaN NaN 
-78.159053 -78.149253 -78.132798 -78.104594 -78.065676 -78.009815 -77.940033 -77.848781 -77.725826 -77.578985 -77.403162 -77.193732 -76.964637 -76.715913 -76.461826 -76.225464 -76.022126 -75.886108 -75.851045 -75.958303 -76.260819 -76.821931 -77.677838 -78.815731 -79.919086 -80.175870 -79.154503 -77.643389 -76.554633 -76.377728 -77.432268 -79.977806 -83.323290 -84.152573 -83.477300 -84.725402 -87.018260 -87.390214 -88.031213 -88.831640 
-31.779155 -41.362792 -45.714299 -35.912293 -33.418510 -32.634144 -28.570311 -26.984102 -29.063385 -32.710758 -32.647879 -36.576728 -38.900897 -42.980234 -40.143698 -35.571848 -35.334036 -35.877171 -34.188767 -30.528190 -31.792624 -34.442080 -36.079533 -35.157952 -26.961524 -31.392901 -30.648323 -31.906933 -31.615615 -30.250098 -32.952707 -34.685787 -37.601073 -42.605322 -41.814575 -42.238224 -41.949003 -43.376349 -44.191867 -47.063217 
-20.576134 -28.533464 -29.845985 -25.152879 -29.320387 -31.648316 -22.404666 -20.717909 -20.198774 -26.343315 -25.732418 -34.172825 -31.211146 -32.241277 -30.283914 -31.491191 -29.966355 -29.603625 -19.610922 -19.575710 -19.364611 -24.890194 -25.620670 -22.314362 -20.018847 -20.081526 -17.120557 -19.004279 -16.049791 -18.378158 -19.104347 -19.852025 -20.393827 -22.822130 -24.847492 -26.467949 -25.160699 -26.985911 -28.432775 -32.725641 
-20.889748 -28.172432 -35.225068 -28.862027 -31.739893 -23.880404 -19.845164 -14.809970 -18.738060 -17.666972 -25.513262 -27.602802 -24.074833 -26.707931 -26.319136 -27.333934 -31.224674 -25.139752 -19.355216 -14.217267 -9.952308 -22.121531 -21.185995 -16.026752 -12.825546 -8.448084 -14.053969 -10.683061 -8.211047 -10.445551 -13.661883 -10.852179 -12.237719 -12.702892 -13.838576 -15.077873 -15.039860 -18.977093 -19.564157 -22.494094 
-24.431549 -24.987868 -25.619671 -25.610133 -29.947957 -28.083719 -21.871569 -20.373511 -23.902942 -23.124534 -22.943466 -24.934923 -25.969331 -27.050674 -30.625422 -23.514362 -27.172799 -26.111058 -20.736543 -21.200930 -12.612616 -19.901388 -23.674113 -13.483885 -9.086906 -7.131542 -5.815002 -3.288042 -4.870683 -3.713452 -9.269921 -13.231440 -14.661155 -12.140722 -12.171940 -12.186239 -11.585073 -14.253372 -18.752094 -21.335118 
-34.554054 -21.697540 -22.025289 -26.456420 -31.843873 -30.159179 -26.128047 -27.030310 -31.205831 -27.401583 -26.969181 -33.603075 -26.154091 -27.560777 -31.788934 -23.339775 -24.072156 -24.436232 -24.267673 -15.559074 -13.136405 -17.959723 -19.842142 -11.615379 -7.851843 -2.753398 -9.272809 -6.611439 -7.326213 -6.440358 -11.391608 -12.746932 -12.618538 -12.125333 -11.152560 -11.030137 -9.076838 -12.500725 -19.741652 -23.301667 
-23.162755 -24.898421 -23.119596 -29.395081 -29.040806 -26.335888 -26.959658 -22.323247 -25.057885 -23.807235 -22.885333 -24.207796 -25.441943 -27.042207 -22.607894 -14.275848 -21.556341 -22.165120 -18.431095 -15.174884 -12.958585 -18.396132 -19.957018 -14.544575 -4.710455 -2.331649 -5.375368 -2.912519 -5.291313 -3.310858 -7.174112 -9.310684 -8.330972 -9.709666 -6.470271 -5.532247 -6.643115 -11.973596 -13.296770 -18.530917 
-19.081820 -22.810730 -25.925791 -31.839692 -30.934865 -23.378916 -22.495402 -19.742772 -22.486678 -26.766624 -28.522431 -25.267999 -25.374399 -26.070417 -24.194022 -15.583163 -18.740326 -15.339008 -20.920889 -21.712762 -17.353353 -16.205712 -13.898549 -9.556904 -1.902014 -0.340278 -5.003290 -3.775908 -0.701450 -2.009674 -6.341260 -7.850499 -8.691811 -7.459424 -9.355845 -3.459044 -6.962389 -9.864725 -13.789960 -17.240792 
-16.796111 -19.800137 -23.969888 -31.725717 -35.646025 -27.794735 -22.451451 -21.996712 -19.796720 -21.309596 -27.139687 -24.656815 -24.090566 -22.178787 -24.411420 -21.218099 -25.305104 -23.166136 -24.942210 -18.551920 -18.287158 -18.568170 -14.545271 -6.391972 -1.892187 -1.944521 -0.235705 -2.420384 -0.422407 0.157600 -5.139491 -12.030684 -8.731233 -5.061168 -5.418385 -3.540260 -3.484864 -7.916363 -10.787490 -14.468330 
-19.039336 -26.216857 -24.690951 -34.136369 -40.580722 -34.662526 -18.748224 -19.113682 -19.576512 -24.905053 -24.934107 -23.989427 -21.535534 -22.612148 -19.978092 -24.321398 -15.324904 -18.610807 -19.847376 -19.276527 -11.401075 -14.492627 -12.959817 -4.514568 3.290536 -2.212098 -3.521626 -0.320289 -1.803283 -6.113189 -3.460190 -4.711462 -8.209292 -6.981364 -3.549878 -4.402892 -2.792477 -8.261144 -11.088864 -16.089079 
-25.333665 -27.294241 -31.972973 -32.858485 -27.141643 -26.365393 -21.513485 -19.039619 -19.145390 -25.043511 -27.662025 -25.788168 -21.402789 -25.652484 -22.876381 -20.106545 -16.782396 -21.389202 -24.112656 -16.994658 -11.487142 -13.345889 -9.586374 -4.476630 1.404461 -1.579482 -3.704636 -0.286886 -7.435415 -8.027720 -5.731551 -7.018440 -7.970035 -8.363850 -2.905183 -0.706575 -2.115659 -5.091897 -11.466249 -18.455913 
-27.524682 -25.844761 -31.191769 -36.106694 -29.455351 -30.872740 -25.914376 -23.214100 -25.844227 -34.329371 -28.275490 -30.022922 -29.826842 -26.052015 -24.718589 -22.251686 -17.455905 -18.590219 -18.670137 -18.312184 -10.223859 -12.512971 -9.325265 -1.440272 1.563952 -2.280540 -3.509317 -2.515268 -4.398824 -5.362987 -5.177071 -6.003372 -7.848355 -8.343523 -4.466703 -3.110992 -4.389129 -5.317908 -12.719006 -20.589328 
-24.981425 -22.808881 -24.907550 -34.512220 -31.872053 -24.877429 -29.565260 -36.692624 -33.216030 -34.714021 -32.904626 -36.162317 -32.871214 -31.474572 -31.309719 -29.022555 -24.869195 -19.785925 -23.172879 -20.780111 -14.720491 -13.958484 -14.772892 -7.562802 -6.099094 -2.937990 -5.406311 -8.773721 -7.553191 -6.995170 -6.215878 -9.246312 -9.267066 -8.828280 -9.749308 -4.937429 -7.843652 -9.094849 -12.484053 -19.569660 
-18.225650 -16.158730 -18.520981 -27.514447 -32.018396 -36.001816 -38.791319 -37.672429 -39.714796 -44.685283 -43.381287 -40.831398 -37.646265 -43.825165 -39.303025 -32.641582 -35.091634 -40.351744 -33.990217 -25.595661 -25.300578 -23.875070 -16.478120 -8.451419 -8.628181 -10.946124 -8.378216 -9.743657 -11.113454 -11.361889 -14.655379 -23.340739 -19.086657 -15.372151 -16.156273 -14.882577 -14.060806 -17.612310 -18.266744 -22.299188 
-26.356391 -26.384619 -25.430891 -34.078550 -38.437327 -45.670641 -41.944579 -51.457440 -51.721066 -50.461436 -58.764762 -52.385469 -50.195778 -51.161629 -50.469071 -47.714584 -39.234649 -43.206713 -41.108361 -40.626395 -30.139070 -30.676953 -29.025189 -24.550814 -16.822108 -23.355209 -22.704924 -22.556449 -23.561567 -28.627000 -28.274420 -31.631972 -34.137386 -30.287875 -30.400967 -31.172564 -29.361935 -33.090186 -34.269469 -39.345706 
-21.607869 -29.627567 -30.204521 -35.563717 -43.738654 -49.077352 -49.120586 -53.898881 -58.994615 -59.845276 -59.378519 -60.297924 -56.854030 -62.915930 -61.692851 -59.439203 -56.795648 -61.897437 -64.052302 -58.468294 -56.064426 -55.382759 -49.895489 -44.483992 -44.845286 -46.629771 -48.350008 -46.875459 -50.418137 -49.179361 -50.726489 -53.224768 -55.667836 -52.159134 -48.789992 -47.972256 -48.075686 -48.564550 -53.126753 -57.505988 
-17.184245 -22.153459 -27.213569 -27.561231 -28.019948 -28.890383 -29.860118 -30.473424 -29.769288 -30.690120 -31.651916 -29.513393 -29.173020 -30.874788 -31.734405 -27.999062 -24.007998 -22.582133 -21.533565 -22.884051 -21.303884 -23.044268 -19.722532 -21.384243 -21.646884 -22.170667 -24.590089 -25.605215 -34.471548 -33.142932 -39.985788 -42.495513 -43.825240 -39.725129 -42.191844 -44.536864 -42.879753 -38.468517 -42.873811 -47.984363 
-8.095675 -14.185416 -15.208655 -15.198375 -20.507218 -17.727390 -16.521187 -17.629615 -15.378649 -20.216504 -22.009072 -18.033441 -16.421064 -19.188736 -22.627373 -16.027270 -11.030532 -10.612702 -8.008462 -12.310128 -8.075411 -9.091566 -5.215318 -8.252625 -6.229606 -7.071837 -10.302796 -8.509191 -12.590616 -13.864515 -16.505932 -18.301929 -17.820800 -15.775844 -20.458895 -19.978088 -16.532292 -15.960305 -19.700616 -25.290099 
-9.009571 -11.328991 -15.568397 -21.388480 -21.338480 -16.594559 -16.497068 -14.819445 -15.607273 -18.420106 -20.070069 -24.857295 -29.435553 -28.526996 -24.532780 -21.023975 -25.562920 -23.130881 -17.229605 -19.041176 -17.426789 -13.631498 -6.628350 -7.535738 -9.361456 -11.336184 -12.978750 -10.054291 -11.697357 -13.860678 -14.483105 -14.399274 -12.742776 -12.877883 -15.413097 -15.049968 -14.721455 -18.023349 -19.706503 -24.701327 
-17.070369 -18.045529 -18.406284 -15.630922 -18.996401 -12.638973 -14.559711 -17.099067 -21.239451 -24.131143 -31.765130 -30.339095 -30.160243 -29.115740 -22.344623 -20.555012 -11.438146 -7.896708 -15.784646 -15.953777 -13.142693 -7.728702 -6.544812 -9.091632 -10.189044 -10.510342 -10.382957 -10.328326 -12.039245 -16.586855 -16.287881 -15.969327 -16.395323 -15.650609 -12.575122 -10.183459 -7.374040 -9.292087 -18.193833 -21.964369 
-10.275542 -1.592640 4.445089 4.029797 0.339822 1.468696 -1.393599 -5.529349 -8.543129 -13.113303 -14.531700 -19.162812 -21.597952 -22.764323 -18.317869 -13.043494 -9.199370 -6.756345 -2.503661 -8.634964 -9.477603 -12.565989 -7.248376 -11.582332 -7.150259 -10.658025 -10.971229 -12.759623 -13.625890 -13.671521 -12.459758 -12.744725 -15.020451 -14.842321 -9.222329 -6.490753 -7.910382 -10.076004 -15.129538 -21.250049 
-11.702572 2.592158 11.790163 10.518511 1.625886 13.444657 13.870765 0.953657 4.397931 -4.625640 -7.062682 -16.855156 -11.905713 -16.612921 -13.765000 -7.123356 -8.475614 -3.449329 -1.709914 -6.378913 -6.369803 -10.448755 -17.507090 -14.792404 -12.178001 -13.220681 -14.001080 -14.125169 -19.568107 -20.137304 -19.916335 -22.748503 -19.937789 -22.457328 -17.789966 -15.085815 -18.782078 -19.991159 -24.323140 -26.603354 
-16.209969 -3.734726 12.159358 14.587947 0.856552 15.854297 21.607492 9.847193 8.319523 1.986094 -4.360378 -4.963975 -4.869991 -7.307005 -6.341653 -4.355592 0.068981 2.209906 -0.844887 -1.072919 -4.232851 -20.197649 -23.130204 -24.857602 -23.596561 -23.810849 -24.238224 -24.285873 -32.130917 -32.619836 -31.151477 -31.830903 -30.935758 -35.084758 -32.656512 -29.736500 -31.697574 -31.868471 -36.365858 -40.763207 
-14.713766 -8.962815 10.701441 15.123490 0.093292 15.154379 23.334927 10.178316 11.897896 8.937762 -0.033219 1.567957 -1.137227 -0.837441 0.126463 3.603584 6.206958 0.571109 -1.675095 -0.979205 -1.997134 -18.981470 -26.642903 -27.709885 -27.467310 -28.502366 -28.902031 -25.270446 -29.353913 -32.166103 -32.869088 -31.889497 -30.099041 -34.123073 -34.947265 -31.918912 -31.562696 -34.221709 -34.198857 -36.073141 
-17.430029 -12.630837 9.918194 15.679007 3.474334 14.451678 23.672688 12.166431 12.418870 13.272213 -2.385537 4.307740 -1.512452 3.099238 6.038094 5.483632 4.766535 -3.307923 -4.903845 -3.035162 -1.538512 -13.554033 -26.494086 -30.517869 -31.843212 -31.762929 -30.026586 -26.828340 -30.077342 -36.920572 -39.042683 -35.658162 -28.978174 -38.091715 -39.883492 -30.440110 -31.682766 -33.525543 -32.299592 -40.833805 
-20.034743 -8.290968 11.275406 16.624937 3.628362 14.112905 23.472990 11.046935 15.112207 16.339821 0.394700 6.657512 -0.716857 4.916187 6.538074 5.281925 3.142660 -3.838406 -4.655504 -4.966876 -1.528185 -8.886215 -22.053643 -29.624458 -30.904804 -30.118214 -29.358917 -25.916196 -28.899056 -39.684602 -47.222756 -38.705424 -28.217807 -38.392903 -42.099098 -27.856295 -29.550372 -34.199575 -32.481149 -45.271532 
-22.381260 -10.161981 11.464926 16.900977 3.706005 14.246677 22.666265 9.999496 18.159180 18.057227 3.325767 8.103002 2.027056 6.751775 9.136052 7.249408 1.588026 -5.460479 -7.112218 -8.110629 -5.774559 -8.053571 -14.943962 -24.563460 -26.203621 -26.562236 -25.931987 -21.864561 -24.518702 -31.108380 -33.263918 -32.086898 -26.883925 -33.505183 -33.941716 -23.804627 -26.271379 -29.985388 -28.293628 -36.754128 
-21.497949 -12.891686 11.081837 16.789442 3.804915 12.923839 21.471851 7.472185 18.815044 19.100259 2.431842 8.082621 2.867062 8.849725 11.700362 8.461047 -2.292853 -8.001286 -9.835715 -10.813017 -12.907323 -11.476413 -11.584496 -17.554424 -24.016279 -24.809027 -23.321697 -19.772484 -23.659731 -34.282303 -44.310631 -37.155054 -28.726060 -38.971213 -39.905459 -25.124601 -26.470890 -29.055312 -26.153703 -41.999571 
-17.956124 -12.219326 11.261888 16.635630 3.894911 12.753885 21.136777 8.367232 19.408615 19.253277 2.870292 8.113760 4.211851 9.447512 9.764685 7.092390 -3.962405 -10.958838 -13.654655 -14.775962 -17.064548 -18.376776 -17.224754 -13.093884 -15.718992 -20.820510 -21.483867 -17.873306 -21.096598 -28.762821 -38.112036 -35.257035 -28.876728 -35.523564 -35.339821 -21.292506 -23.108400 -25.941017 -23.118074 -37.733476 
-12.156835 -8.635750 11.701007 16.018179 3.029184 13.848868 20.262262 6.614748 21.689438 18.137185 5.415080 7.732091 7.323074 9.260563 8.637658 3.740823 -5.029829 -11.550635 -13.509116 -14.638191 -16.957923 -20.280105 -21.448321 -14.154164 -8.807766 -13.116073 -18.221931 -13.950966 -15.593860 -23.013097 -31.736710 -30.044750 -27.237054 -31.743587 -31.508295 -19.744003 -21.916431 -23.552483 -21.268419 -32.945480 
-27.952576 -7.336776 11.835392 14.696840 -0.248152 14.771131 18.564581 7.493068 23.559978 16.146981 8.674131 6.907137 10.322194 7.332038 8.218229 -0.891349 -6.686190 -10.150453 -15.189655 -17.434815 -20.183696 -24.703637 -22.757438 -18.158847 -9.131451 -9.721229 -16.827088 -12.929081 -14.514276 -22.304429 -34.156775 -31.882182 -29.402060 -32.800298 -31.444348 -18.371766 -20.785051 -24.062010 -20.038139 -35.578778 
-12.205269 -4.582177 12.354732 12.852806 -3.840936 15.819918 15.851895 11.247422 23.973371 11.904873 10.444905 3.382900 10.669523 4.626113 7.510929 -2.632618 -8.661309 -10.674699 -17.872559 -22.629785 -25.204633 -26.311607 -25.805413 -22.524573 -17.108324 -8.767562 -13.849013 -15.720427 -18.410364 -22.758025 -36.000852 -31.677477 -28.778301 -32.173535 -28.995970 -19.855007 -22.170351 -24.017670 -22.338016 -39.180908 
-27.630939 -3.048204 12.574533 12.242776 1.381763 16.739966 14.925723 14.229743 24.292587 9.711602 11.099559 4.894525 10.513529 6.765030 8.196773 -0.817870 -6.792844 -9.720677 -15.168086 -19.780023 -22.316906 -23.814456 -23.451112 -21.824175 -13.638370 -7.248325 -15.418599 -16.729878 -18.341031 -22.163933 -33.703961 -30.536997 -27.325421 -31.554427 -27.679374 -19.204017 -22.796786 -24.397521 -21.509403 -36.215818 
-18.385719 0.527506 12.797522 9.269834 6.910793 17.727219 11.570788 22.102894 24.254927 9.481233 8.125620 5.693534 6.361009 11.172672 6.005619 -1.653132 -8.022618 -13.709556 -19.452836 -21.877694 -25.150960 -25.680639 -23.947343 -21.854405 -15.874465 -10.208784 -13.373784 -16.181544 -16.875299 -18.886739 -34.457724 -30.410578 -26.857292 -29.313657 -26.823207 -18.544905 -23.716667 -24.879170 -20.663806 -35.166189 
-11.698287 3.462891 13.673686 8.841301 11.454149 18.511812 14.365216 26.087034 19.390435 8.715968 3.118616 5.113312 5.342041 8.092093 -0.211922 -6.114774 -10.979662 -14.046792 -20.801362 -25.517963 -28.668931 -28.461332 -27.646136 -25.274120 -20.443047 -9.055701 -12.012087 -14.847785 -17.985143 -19.332740 -36.065056 -31.987196 -27.044770 -31.471457 -29.693598 -20.834259 -26.131019 -26.197025 -22.605405 -40.564688 
-18.540480 4.529702 13.764202 8.817004 14.988521 16.518930 17.975126 26.332884 14.553571 7.628335 3.920570 4.249332 7.787924 3.078442 -1.672878 -7.377175 -11.815969 -17.639265 -21.969088 -27.929999 -31.714596 -33.273512 -31.305910 -29.625354 -24.055076 -13.230187 -12.027529 -15.303157 -17.145812 -22.739812 -36.195508 -32.528489 -29.016212 -36.244139 -33.489204 -23.489566 -27.319490 -26.742882 -23.648301 -41.120908 
-13.225028 5.551377 11.429094 7.425686 17.178177 15.768621 22.100584 23.284432 8.020394 3.920909 5.426683 4.630864 7.377319 4.484856 -3.533280 -7.956735 -13.127158 -15.020795 -19.455391 -21.132631 -22.510733 -23.484278 -24.204153 -24.862019 -24.483952 -15.832292 -12.228133 -14.633129 -17.690587 -21.673930 -27.782410 -28.327369 -26.263830 -29.401617 -28.664136 -21.963632 -25.863194 -24.959075 -22.284560 -31.393724 
-11.025697 6.421073 8.527818 8.356659 18.298356 14.744692 23.274554 19.935945 10.101276 3.221058 4.561831 5.584413 4.267084 3.534115 -6.844528 -10.471539 -15.131275 -20.372866 -23.572461 -28.083686 -33.014278 -35.620586 -35.489258 -33.334339 -28.965835 -19.534844 -13.312001 -19.223219 -20.072938 -23.343064 -37.674392 -35.741736 -30.616897 -36.309084 -33.488216 -26.124662 -31.596849 -29.794291 -26.973319 -44.183919 
-8.509370 7.892756 9.856322 10.261487 17.863758 13.550296 21.267046 16.352856 16.711188 8.319262 4.826328 3.874398 5.338285 4.028588 -1.874550 -7.494535 -14.827842 -18.806783 -22.668628 -25.750105 -27.250230 -28.288952 -29.485416 -29.828673 -28.543054 -21.790654 -16.985779 -22.676104 -24.511781 -23.832662 -31.839854 -31.934943 -29.133714 -32.401344 -31.312433 -28.359538 -30.448092 -28.641737 -26.372923 -36.887449 
-5.703221 8.573982 9.797708 12.049664 17.078781 13.102222 16.779367 17.232329 18.366535 7.881735 4.966757 4.774425 5.146853 5.088520 -2.295715 -9.111400 -13.903525 -18.706724 -20.346080 -24.831826 -29.207576 -31.087621 -30.681578 -30.616483 -29.040402 -19.938578 -18.752933 -23.781042 -24.709175 -23.119885 -36.090773 -34.668955 -30.724263 -32.568724 -28.723607 -22.990023 -28.472215 -31.386246 -27.850177 -44.533283 
-4.592879 9.805934 9.985543 13.708796 15.459601 13.328911 12.477276 19.488941 14.597411 7.403794 6.221854 2.735472 2.354789 4.419487 -3.632138 -7.008935 -13.017301 -16.764857 -21.287253 -24.203908 -27.753422 -30.043001 -31.197649 -30.276170 -28.562886 -20.316904 -18.979277 -23.587537 -24.260451 -25.682163 -37.251243 -34.697720 -29.378338 -34.176109 -31.267820 -23.222154 -27.210674 -29.035282 -27.643342 -38.941933 
-1.914785 10.867281 10.420878 14.454452 13.491060 12.637745 12.254880 20.329611 12.456182 7.503826 6.241518 2.051279 -0.030389 1.318039 4.588047 -2.747097 -11.153687 -15.919619 -18.737483 -23.165181 -26.293590 -28.035914 -29.738675 -30.774709 -27.202779 -16.430520 -17.906494 -20.638043 -22.465218 -24.956652 -36.502318 -35.125723 -30.989832 -35.072893 -33.334539 -23.310530 -27.270576 -27.445899 -26.855727 -39.336712 
-0.424154 11.719059 10.936987 14.907355 13.827564 14.035387 14.479804 18.454947 14.570759 10.949053 6.371716 2.038008 -1.659889 -1.245758 2.764413 6.659410 -2.947370 -9.851096 -14.849407 -20.310307 -23.362707 -25.402267 -27.319356 -26.327099 -20.142364 -10.284780 -16.420470 -18.152647 -19.311804 -23.828905 -37.695296 -36.010851 -29.515659 -35.102438 -29.996439 -20.197841 -24.837732 -30.888403 -29.789768 -40.930496 
0.878931 12.038880 11.182165 14.303389 11.955518 12.946642 12.947534 13.747407 17.012856 12.885892 6.519232 0.669575 -5.278471 -5.089037 -1.714745 6.562861 3.597639 -3.774730 -11.273683 -15.622574 -18.971965 -22.130486 -22.052746 -20.235401 -12.396577 -6.615460 -12.540504 -15.519684 -17.287400 -23.776316 -34.771064 -31.430697 -26.875253 -33.549739 -34.502285 -19.656324 -19.903820 -23.125227 -22.672257 -37.436037 
0.502527 11.682309 10.302796 13.760012 11.137205 11.868458 11.705876 14.444215 18.124268 12.440607 6.577926 -0.307073 -4.976852 -3.972720 -2.014515 1.053039 4.205686 3.367752 -5.305154 -11.513939 -15.508533 -19.965232 -20.787577 -17.312050 -7.799766 -6.830001 -13.793030 -12.840330 -16.216616 -22.962437 -32.056699 -31.475168 -25.757285 -31.157521 -27.752368 -19.027397 -22.227651 -27.762185 -27.722945 -38.069779 
0.019367 10.761121 9.209799 13.250154 10.905015 11.059141 10.113564 11.740428 16.932369 13.409646 6.996228 -0.682833 -6.310350 -6.188314 -5.348111 -2.029131 2.283248 3.532779 -5.551018 -10.997352 -16.185596 -18.607873 -19.065350 -15.597958 -7.866707 -12.356893 -16.253933 -14.969843 -18.721181 -27.101485 -35.825826 -35.317635 -29.554091 -36.784244 -33.524865 -25.688456 -28.473638 -31.126931 -32.474834 -42.422288 
0.234026 10.143593 9.518558 12.336774 9.351162 9.373912 8.167781 11.057888 14.675910 12.286390 3.951780 -4.225635 -5.361883 -4.916908 -6.393598 -4.355194 -0.037555 5.491760 -0.305655 -7.233999 -11.634332 -15.449586 -15.005224 -10.072184 -10.076545 -14.179147 -15.990626 -13.063550 -18.392918 -27.237246 -37.876646 -35.022335 -25.409573 -32.462696 -33.677286 -25.551844 -27.641986 -27.825853 -28.308671 -43.290016 
-1.135144 8.185055 7.903009 10.924003 7.705132 7.591917 5.412876 6.887296 8.995333 9.819748 0.471286 -7.077697 -6.962290 -8.218812 -10.979024 -8.116551 -6.568975 -1.633341 -5.100165 -13.965037 -16.908434 -16.280386 -17.345008 -21.445257 -23.684945 -27.240684 -26.281787 -23.103563 -30.678387 -37.324605 -44.319371 -46.732935 -36.333470 -45.524652 -46.283191 -37.709079 -35.626175 -36.234815 -37.913675 -48.801945 
-0.769698 6.900394 7.129341 10.702799 8.780749 7.492749 6.432845 8.951987 11.906248 12.042998 2.615291 -3.066867 -3.554249 -5.522256 -7.112870 -3.717420 -1.764793 4.377966 2.291744 -4.742183 -6.294969 -5.714126 -10.363877 -17.733292 -22.450155 -24.641294 -23.080847 -17.876143 -24.248381 -35.135223 -42.918768 -42.289281 -32.293623 -42.612113 -45.360757 -34.169249 -30.525758 -36.868212 -40.591082 -48.521188 
-1.909452 6.098359 6.831290 9.429045 7.666096 4.957341 2.992613 4.954466 5.678930 6.160771 -7.716323 -7.394581 -8.212134 -12.302681 -14.603812 -12.228072 -6.904556 0.177151 -2.937613 -10.123905 -8.823056 -10.621430 -20.871267 -33.038478 -33.957071 -34.762482 -35.784079 -27.395892 -34.066422 -42.856490 -44.269425 -43.428777 -34.663373 -44.356039 -46.997213 -43.055302 -39.184393 -34.761011 -35.279705 -47.457091 
-0.249481 6.945887 7.819154 8.752578 8.120283 5.798343 3.349563 7.651214 9.871706 5.346838 1.049433 -2.718379 -6.551934 -9.718650 -10.079308 -7.739650 -4.306230 1.463292 1.937108 -1.796298 -2.377020 -10.789953 -21.714176 -29.074747 -32.895304 -32.941807 -33.019005 -28.009967 -31.548959 -42.144076 -45.625093 -43.319283 -36.620060 -44.621261 -47.107016 -40.218900 -40.276041 -42.998603 -42.721707 -47.936333 
-2.194362 3.962098 2.072402 2.084242 2.552899 -1.974644 -6.477717 2.149860 5.140526 -1.064266 -8.857365 -16.451129 -20.884251 -23.296026 -21.735589 -18.548347 -15.265652 -6.212623 -5.417780 -11.625371 -8.512830 -19.110061 -32.940298 -38.004348 -39.215035 -41.408422 -41.201766 -35.605758 -38.770408 -44.016546 -45.119226 -45.068088 -40.422823 -45.383366 -46.535735 -44.196086 -44.282045 -44.720163 -43.536084 -47.765587 
-3.128401 5.090570 5.118030 7.056416 5.635676 3.162736 0.261286 3.929524 4.884611 0.583373 -3.128021 -7.144514 -10.267223 -12.423471 -13.313663 -11.166895 -7.329214 -1.779348 -0.101182 -3.048994 -6.603153 -16.789097 -28.337661 -36.397763 -39.352707 -39.607064 -38.283808 -32.891595 -35.723119 -47.954611 -53.901594 -52.469150 -42.062433 -49.762564 -54.073497 -44.667701 -42.896094 -45.960694 -46.364267 -54.965963 
-2.588482 1.531001 -0.837642 -1.341949 1.511283 -5.826820 -6.354787 0.211265 4.582469 0.113318 -7.711168 -15.498529 -17.408163 -19.222909 -21.269263 -16.526576 -13.135332 -5.002698 -1.960924 -5.268895 -8.665417 -22.521653 -35.458348 -43.886208 -45.573137 -45.832839 -44.697017 -36.604340 -39.666238 -54.176944 -60.922276 -56.631367 -42.193720 -52.350534 -57.281695 -47.242442 -44.968363 -46.641566 -47.108790 -59.361718 
-4.127096 5.171515 3.633748 4.330370 0.368269 -2.304565 -2.741681 0.736470 -1.890133 -1.831165 -4.718552 -9.774430 -13.762237 -15.297326 -16.509972 -13.653755 -10.976077 -5.043607 -1.660619 -4.458049 -8.999646 -20.918362 -31.522674 -36.941597 -41.970800 -43.141783 -39.995283 -35.020949 -41.872270 -52.476368 -55.227691 -53.944265 -47.103759 -54.486390 -57.291404 -46.818254 -44.483884 -45.085510 -45.474414 -59.584949 
-2.260605 2.723951 -1.111870 1.671710 0.920972 -2.682964 -4.062675 1.723158 3.777000 0.667415 -4.315996 -10.780739 -14.415524 -16.671086 -18.032532 -13.807165 -10.591794 -2.660065 2.610605 -0.726708 -4.964514 -20.944352 -32.877695 -38.740342 -42.185531 -42.615839 -40.841947 -33.884086 -40.102018 -52.040054 -55.651457 -54.267991 -44.247097 -54.269959 -59.323747 -46.596680 -43.940358 -47.177687 -49.451838 -60.598909 
-8.259557 3.337766 4.741562 1.302707 -5.362055 -6.161754 -8.257869 -6.947891 -7.989129 -7.924126 -10.719708 -15.143447 -16.169265 -18.616453 -20.957546 -21.146331 -17.207650 -12.207001 -8.934873 -8.279418 -13.941265 -23.959035 -36.947573 -44.156391 -42.086057 -45.682955 -42.891420 -40.719800 -48.086813 -53.222835 -57.139633 -56.379140 -51.263644 -55.690621 -58.984392 -54.322528 -52.171105 -47.123480 -48.566917 -59.355355 
-5.229349 2.468024 0.514798 0.203469 -0.932001 -6.753589 -9.671436 -5.310057 -4.084115 -5.987332 -9.077706 -14.151196 -15.592271 -17.133582 -22.585425 -20.278989 -17.132140 -8.954825 -4.332930 -6.321973 -9.055156 -21.715503 -36.247748 -41.198860 -41.047927 -45.192744 -41.738711 -38.106053 -43.841275 -49.720352 -55.007899 -52.930364 -46.981609 -51.774332 -56.015095 -53.816664 -50.373272 -48.885436 -50.143362 -58.174408 
-7.916854 1.573690 0.807329 -2.741010 -6.238894 -10.257577 -14.042815 -14.428316 -12.434802 -12.799930 -19.375136 -18.497075 -21.390701 -18.583677 -25.826721 -27.604686 -22.105541 -17.281871 -9.395613 -13.063127 -16.185343 -20.182468 -29.161260 -37.105763 -37.822549 -43.342508 -39.712674 -39.001020 -40.107189 -44.932632 -47.311887 -46.883562 -44.307765 -48.817725 -50.915100 -50.065158 -47.323679 -48.013835 -46.575139 -50.525985 
-5.675792 2.253214 0.651631 -2.743645 -2.598904 -10.480571 -16.844685 -13.231287 -9.947397 -15.510023 -14.402500 -19.869745 -20.349440 -17.586749 -25.211404 -29.371846 -22.740881 -15.486155 -7.969299 -9.657653 -11.726873 -16.820230 -30.633577 -35.744649 -36.509787 -38.986283 -39.820833 -35.621904 -36.812607 -44.312345 -50.871990 -46.892912 -40.238522 -45.891488 -54.161022 -56.268053 -51.256820 -50.350399 -47.829488 -53.865273 
-9.117978 -0.418678 -1.271668 -6.969763 -13.485474 -18.150371 -22.442555 -21.012943 -15.523220 -14.426944 -12.144815 -18.795783 -20.250492 -21.514884 -34.036841 -31.937452 -28.401491 -25.662549 -15.299055 -18.005394 -15.566360 -21.199857 -33.846812 -36.356555 -36.371683 -36.723973 -33.915945 -30.570032 -34.522906 -37.720710 -48.219678 -51.130581 -45.186158 -48.033661 -53.636589 -53.985965 -54.474069 -53.409485 -49.338965 -53.445402 
-10.675640 -0.805374 -1.771301 -9.061022 -13.837714 -20.704507 -26.517180 -28.310724 -19.703168 -17.523695 -20.461555 -23.940315 -19.676339 -22.161332 -33.557692 -35.157146 -25.534055 -24.370178 -21.372545 -20.049542 -19.988816 -21.218486 -32.590336 -33.313975 -34.199385 -33.524472 -35.586725 -31.900325 -35.119665 -39.867300 -48.347395 -52.638201 -46.156357 -48.832175 -56.342869 -59.200191 -60.512818 -57.213894 -58.725623 -60.976170 
-15.670506 -4.384815 -5.924300 -18.872694 -20.324871 -20.651643 -28.101571 -30.994934 -24.118029 -25.723786 -27.180921 -24.687762 -22.336379 -19.423737 -29.081831 -31.710484 -31.319462 -25.884492 -24.655062 -21.103206 -22.200367 -22.134306 -31.758454 -36.756277 -35.390671 -38.452225 -37.044230 -34.027140 -36.761797 -42.821224 -52.767550 -53.503095 -48.875140 -53.257298 -59.932979 -64.011113 -59.644494 -58.772367 -59.279637 -64.919430 
-16.755066 -4.528541 -6.305231 -13.975576 -11.442832 -19.835508 -25.880548 -24.210444 -22.053879 -16.048035 -22.014786 -26.810573 -28.741006 -25.800733 -33.460568 -34.579353 -29.494546 -25.321210 -21.418661 -20.134010 -17.516613 -25.283164 -35.784692 -37.921246 -38.468343 -42.596116 -39.692539 -36.099156 -37.654209 -44.286876 -48.997413 -44.130363 -40.128203 -44.207270 -51.149207 -55.056190 -51.155064 -53.989619 -52.732260 -56.168281 
-10.776392 -3.132196 -5.239888 -13.125818 -16.365521 -12.843515 -19.119824 -20.928485 -14.699633 -15.925000 -16.808396 -21.456308 -22.691063 -23.518798 -32.935552 -35.578607 -31.099553 -27.872163 -18.807547 -17.718980 -15.910666 -23.516618 -31.111237 -35.426040 -38.448341 -37.646369 -38.010491 -33.349516 -34.410903 -37.877221 -48.214940 -47.191207 -42.859005 -45.597228 -48.889192 -53.685312 -53.706097 -54.510023 -50.722746 -54.542324 
-11.334588 -6.852213 -8.915932 -20.573233 -21.283535 -19.110339 -28.649072 -27.190551 -20.378444 -18.983708 -21.301725 -24.408482 -22.460157 -26.583356 -35.299903 -40.094269 -33.167690 -33.456510 -26.013350 -28.272346 -26.190461 -30.009952 -38.279568 -36.092662 -36.875239 -37.857535 -38.832072 -35.679348 -36.228049 -39.261398 -49.273228 -55.783307 -51.294037 -50.695034 -57.821379 -62.307185 -61.653751 -59.864204 -61.816003 -62.328829 
-31.810002 -23.959814 -21.334639 -24.719022 -26.180788 -32.840797 -34.892976 -33.611327 -40.373289 -36.611338 -35.659683 -33.460879 -34.580191 -38.211633 -38.855471 -43.140006 -37.653578 -37.940076 -43.025689 -34.696901 -36.265385 -37.989777 -42.132740 -45.232242 -46.189113 -46.094025 -53.449429 -47.215944 -43.019550 -46.243553 -56.443841 -63.465230 -61.772602 -61.982881 -65.516178 -66.123590 -66.490947 -66.672639 -67.324771 -67.738676 
-61.168500 -58.442865 -61.649708 -71.599636 -62.978908 -63.066130 -70.685541 -69.055019 -68.294519 -75.696261 -84.231674 -81.751972 -79.263237 -76.646563 -75.236943 -77.450115 -79.062722 -81.185411 -79.608556 -80.340282 -78.048831 -78.808332 -80.019732 -83.762979 -81.061985 -79.561074 -87.245380 -83.208037 -83.668590 -84.585633 -85.878937 -86.698538 -85.132446 -85.722514 -86.871509 -86.104648 -86.949279 -87.202328 -88.799082 -89.619837 
-74.633739 -74.944450 -74.413741 -76.082304 -76.149458 -76.868256 -78.255743 -78.685245 -81.777779 -84.474622 -89.862874 -90.363700 -90.396546 -90.577673 -87.927343 -87.473985 -89.632250 -93.356006 -92.670264 -92.146227 -89.959408 -90.379635 -93.406939 -93.732516 -91.322220 -91.129500 -93.538567 -93.298401 -92.766144 -93.018260 -93.604401 -93.642092 -93.562539 -93.686219 -93.785313 -93.216087 -93.492532 -93.309948 -93.648292 -93.579855 
-90.554275 -89.993927 -89.937053 -90.556876 -90.973949 -90.430734 -90.130959 -90.822215 -91.153736 -90.507147 -91.092738 -91.618611 -91.125359 -92.124091 -92.047181 -92.653992 -93.140703 -93.791673 -94.407687 -95.635578 -96.298218 -98.076440 -99.835818 -101.880079 -105.199156 -109.818815 -113.117599 -110.784486 -107.274216 -104.755052 -103.455804 -103.114223 -103.425369 -104.801569 -107.772115 -111.534606 -113.025751 -110.049166 -107.522755 -107.250915 
-70.196664 -67.761894 -70.764261 -73.027647 -68.496683 -70.500174 -77.777000 -72.496117 -77.153518 -74.505094 -71.888562 -78.890688 -76.425037 -76.821773 -74.160934 -78.016213 -76.566770 -78.147167 -79.682047 -77.394185 -78.564189 -79.399427 -79.607484 -83.097455 -85.519424 -82.928003 -87.455627 -84.890252 -86.195227 -83.589617 -86.425071 -86.196865 -86.297273 -87.395813 -87.545461 -90.794871 -93.711751 -92.975392 -92.725616 -91.939530 
-71.984014 -68.581240 -70.019778 -71.756482 -70.179383 -73.811071 -72.842212 -73.751141 -71.511230 -73.559498 -77.641025 -80.079497 -76.869773 -76.067061 -74.885795 -77.434065 -77.830433 -76.143024 -78.465320 -78.858534 -76.406025 -77.639900 -79.787448 -81.520948 -83.074139 -83.458884 -84.596948 -86.751507 -87.710495 -84.748715 -86.566245 -89.756387 -87.939846 -87.878590 -87.666263 -89.732202 -90.336759 -90.747102 -92.811049 -92.786496 
-73.907675 -76.792189 -74.563636 -79.596714 -82.798156 -79.441708 -79.433817 -75.484045 -73.372968 -74.179021 -76.182924 -78.298665 -78.366837 -78.489703 -76.394774 -77.648208 -76.441574 -77.548017 -80.670908 -80.326971 -77.762674 -79.807860 -82.923598 -81.187148 -81.546490 -83.987343 -84.257056 -85.200899 -85.591657 -88.639617 -86.444774 -91.350305 -88.812962 -92.465615 -92.259547 -94.554429 -92.889758 -91.587708 -91.210655 -93.220586 
-88.547875 -88.551580 -88.557749 -88.568176 -88.582337 -88.602261 -88.626701 -88.658203 -88.700315 -88.750839 -88.812704 -88.889877 -88.980857 -89.091483 -89.224161 -89.379147 -89.565249 -89.782439 -90.038037 -90.336399 -90.688351 -91.106854 -91.596997 -92.186151 -92.896131 -93.750963 -94.788838 -96.056360 -97.650898 -99.728028 -102.604521 -107.012386 -115.402023 -116.412969 -108.208755 -104.298172 -102.128471 -100.988281 -101.108584 -103.833882 
NaN NaN NaN NaN NaN NaN NaN NaN NaN NaN NaN NaN NaN NaN NaN NaN NaN NaN NaN NaN NaN NaN NaN NaN NaN NaN NaN NaN NaN NaN NaN NaN NaN NaN NaN NaN NaN NaN NaN NaN 
-100.916133 -100.937240 -100.972400 -101.031844 -101.112643 -101.226454 -101.366381 -101.547376 -101.790663 -102.084988 -102.449797 -102.913098 -103.473401 -104.178579 -105.066184 -106.171901 -107.619478 -109.513200 -112.078113 -115.409119 -117.791477 -115.565972 -111.854324 -108.890778 -106.695019 -105.093526 -103.962893 -103.254545 -102.952512 -103.096194 -103.770547 -105.120482 -107.423120 -111.354604 -118.315584 -119.462426 -113.547020 -110.946645 -110.952314 -113.977603 
-77.842497 -74.584364 -76.138035 -85.124386 -79.013082 -75.978690 -81.858137 -80.657619 -76.889373 -84.963137 -77.463289 -80.149763 -80.092438 -79.464879 -82.184297 -82.583321 -83.908074 -86.057707 -84.235658 -85.269868 -87.550524 -89.650589 -91.042851 -87.450476 -85.748152 -84.361256 -83.060871 -82.469752 -82.240799 -82.036235 -82.896122 -84.318425 -86.436021 -90.059652 -96.277987 -96.010665 -91.380543 -89.862183 -89.674300 -93.275857 
-75.517781 -74.309150 -75.170450 -77.405360 -76.554225 -75.689002 -77.972001 -77.830068 -76.302887 -78.181524 -76.220236 -76.734612 -76.861264 -77.101120 -78.566114 -79.747512 -80.864500 -81.510857 -80.848063 -81.428017 -83.484120 -87.650006 -92.699530 -91.304937 -91.698734 -92.896388 -89.177044 -89.554425 -90.064954 -86.549078 -87.345736 -91.192882 -89.676303 -93.983211 -98.083652 -95.703683 -91.615543 -92.909137 -91.893251 -98.132517 
