-28.160497 -39.063009 -49.086500 -40.913394 -38.576528 -38.054600 -29.956212 -32.488405 -28.211317 -35.814436 -31.051299 -31.244096 -31.627520 -26.105270 -25.849115 -30.332664 -22.661759 -27.117356 -31.948110 -35.542485 -23.281138 -25.511820 -30.097804 -27.265509 -20.324749 -18.719545 -21.778229 -20.110591 -14.387313 -12.470225 -7.930565 -4.476397 -11.440425 -11.074364 -11.020902 -13.579895 -12.119880 -15.737300 -16.169524 -18.873101 
-24.325683 -27.547173 -33.561471 -33.087438 -27.775709 -26.742486 -24.666908 -25.280555 -22.108575 -23.525206 -28.368401 -24.896545 -22.244014 -28.473330 -24.509938 -24.733616 -21.989084 -27.854070 -30.721895 -26.956821 -21.494947 -22.917666 -24.038439 -24.712955 -17.149358 -14.954056 -20.872135 -17.268879 -16.469223 -10.295409 -3.838667 -4.459737 -8.998171 -8.641883 -7.644392 -7.234193 -6.344023 -6.725098 -10.434359 -15.451091 
-33.544072 -30.901781 -36.457674 -35.340765 -28.992349 -30.966360 -27.087769 -22.535015 -21.365520 -25.881312 -26.689033 -28.313030 -29.643690 -26.788583 -25.044980 -23.894485 -19.682010 -24.296473 -24.902510 -25.493933 -18.688134 -21.609327 -22.838463 -20.130984 -13.344684 -11.942382 -15.500030 -14.722124 -9.043395 -4.126006 -2.818417 -3.718012 -7.978694 -8.212159 -8.980702 -8.385713 -7.357122 -6.879731 -11.300716 -15.641322 
-25.650329 -29.307652 -31.861253 -28.973558 -31.318230 -30.189068 -24.778789 -24.728142 -22.234626 -21.375400 -23.771446 -25.580887 -26.926805 -26.083306 -25.133287 -22.582057 -19.937056 -21.981137 -20.890541 -25.051033 -18.889961 -17.439747 -23.339978 -19.399877 -12.612180 -8.207244 -11.594143 -12.086857 -6.275727 -1.814780 -0.641288 -2.022349 -6.802774 -7.269841 -6.817370 -10.355817 -7.262084 -7.728001 -11.662993 -13.580965 
-26.448405 -33.857647 -27.951274 -32.662077 -30.369889 -33.756763 -28.617878 -24.491197 -22.705044 -24.202621 -26.366591 -29.805938 -28.887847 -28.343157 -23.682366 -20.285116 -22.711612 -25.200232 -21.470099 -27.738084 -21.423237 -16.549241 -17.569775 -14.347155 -6.321971 -5.622105 -8.389339 -3.757832 1.067560 2.368964 0.807743 -1.493657 -2.344317 -1.864337 -7.588796 -8.980526 -7.304154 -7.195874 -7.586323 -10.329791 
-35.993416 -33.317497 -36.253560 -36.508117 -35.967524 -25.902702 -19.973618 -22.968053 -25.871879 -30.212362 -34.242324 -33.948350 -37.475171 -29.146527 -22.065655 -25.377577 -28.468467 -23.261511 -23.769064 -27.358425 -18.749418 -17.507034 -18.559060 -13.559007 -7.029285 -0.927434 -6.406847 -7.966666 -2.045166 1.650563 0.584529 -0.401728 -3.554603 -6.712041 -7.090532 -6.756212 -6.260021 -5.936594 -4.538610 -7.745382 
-30.736184 -30.625081 -30.888277 -35.863533 -36.569605 -30.154270 -29.991483 -30.218472 -28.459691 -32.118611 -31.213850 -37.096706 -38.341371 -32.644548 -23.499230 -25.458346 -22.630849 -23.990969 -26.736922 -25.600274 -24.490206 -16.374575 -17.516265 -13.894406 -10.922551 -6.036484 -6.529160 -3.914825 1.135285 4.193297 -4.061853 -0.405999 -4.034637 -4.857713 -6.723609 -7.861915 -6.761122 -4.885368 -4.960985 -9.476316 
-26.180324 -31.098818 -31.511790 -34.687210 -34.459382 -28.831942 -30.287359 -36.009647 -40.828593 -36.770266 -38.614420 -41.074456 -41.620770 -40.217394 -29.601249 -34.255438 -31.715829 -29.390562 -31.264362 -29.678928 -27.756767 -28.372130 -28.097049 -18.333516 -9.839620 -8.874635 -8.388663 -6.592133 -1.787437 -0.630132 -0.481114 -0.680511 -7.129567 -9.004562 -11.959970 -7.274850 -6.993393 -8.125904 -9.532148 -14.976380 
-27.375256 -31.564650 -37.635049 -40.810884 -41.591624 -38.094801 -42.120035 -42.488723 -39.091283 -45.098364 -47.389871 -52.356460 -53.008963 -47.303537 -44.863879 -41.268355 -35.217195 -35.824176 -44.979374 -41.931464 -35.415033 -33.646106 -33.114878 -26.854742 -21.597027 -17.178442 -15.942284 -11.985430 -8.969493 -12.703303 -14.082878 -18.294443 -22.081459 -22.787258 -22.235684 -20.567506 -16.419184 -16.029884 -19.896947 -21.241966 
-43.305086 -32.846529 -38.108329 -47.133141 -46.490035 -53.168485 -52.729363 -47.627897 -52.873536 -48.786710 -51.922087 -54.791641 -58.724876 -61.367784 -59.238605 -58.087574 -57.031296 -57.413911 -58.406888 -56.581298 -59.385935 -58.834535 -52.593526 -45.309194 -42.776488 -39.988228 -36.384239 -37.302643 -33.954864 -34.498213 -37.500277 -41.574497 -44.435131 -44.740241 -45.563455 -42.137610 -40.498905 -40.733793 -44.077342 -47.389442 
-39.416500 -42.382150 -37.428773 -42.872042 -50.397310 -49.438019 -50.846926 -49.942675 -56.358383 -67.312038 -56.898966 -63.560611 -62.305576 -65.660054 -62.647775 -60.495447 -64.354643 -61.905403 -66.419571 -65.705104 -65.984914 -65.986585 -68.391758 -67.246770 -60.741598 -58.151896 -56.255134 -54.335245 -57.400934 -57.281154 -53.822937 -63.008220 -62.821600 -64.446913 -61.158175 -61.135216 -63.265816 -64.695865 -67.906697 -68.179568 
-22.404371 -24.623310 -25.076851 -21.591448 -20.295447 -22.849099 -20.400906 -17.294416 -19.579698 -24.123181 -22.459892 -25.745342 -25.540829 -24.887971 -28.225955 -26.008745 -26.818025 -26.730970 -27.273414 -28.412439 -25.098403 -24.057514 -20.374921 -22.299497 -21.621222 -16.618663 -16.163401 -18.147560 -20.420933 -21.982538 -22.595364 -28.173023 -35.583293 -33.342137 -32.868868 -32.175341 -35.295614 -29.081274 -31.339155 -33.291122 
-19.176056 -24.873815 -41.398062 -23.046758 -18.636499 -23.518031 -20.025972 -16.088028 -18.782563 -25.376421 -22.883919 -30.581750 -28.425299 -24.977407 -29.455303 -27.496457 -31.672789 -30.058404 -28.324252 -26.560126 -25.072973 -26.509584 -19.964320 -19.543745 -13.546849 -11.620811 -14.156644 -13.215020 -13.072186 -17.014623 -14.730768 -18.137290 -22.924996 -24.412461 -19.635698 -17.691589 -19.643293 -19.127759 -23.755021 -24.852147 
-25.741344 -31.727432 -35.194204 -37.314236 -34.565577 -34.241775 -35.170084 -40.218284 -34.074002 -39.602280 -43.061155 -35.214716 -42.620640 -36.429177 -31.009596 -36.331004 -37.491569 -26.054091 -24.922743 -28.930478 -27.775811 -24.688731 -14.706510 -8.081645 -4.681482 -8.338162 -4.473948 -9.588601 -11.899994 -12.568841 -10.352435 -13.996488 -16.102964 -17.243659 -12.533738 -14.834930 -12.779357 -12.734034 -11.174854 -13.312475 
-31.686017 -32.528091 -34.356444 -42.178850 -36.235997 -37.181836 -46.270569 -34.815145 -34.952982 -34.614247 -31.569121 -30.899843 -32.412676 -30.788061 -30.007178 -32.142896 -30.958117 -26.611347 -22.811942 -17.391970 -16.590846 -18.302269 -10.712059 0.099845 -0.449191 -5.201915 -5.366841 -7.673988 -5.423758 -11.863726 -11.815002 -11.358366 -12.370923 -13.146527 -11.119519 -8.201867 -7.391938 -7.891070 -10.396842 -15.642055 
-27.493870 -23.873190 -27.786100 -32.050908 -29.101174 -30.868900 -28.481132 -28.030349 -30.737193 -32.237577 -28.733367 -25.073303 -22.900652 -24.551652 -27.148973 -26.034312 -25.575885 -21.179126 -18.504037 -14.157593 -8.339727 -4.009125 -2.684787 -7.023932 -7.206619 -7.987697 -8.704264 -7.635218 -5.668467 -7.888358 -9.709004 -11.405138 -12.291901 -11.727166 -10.706707 -9.127133 -5.658852 -5.029798 -6.439126 -8.437797 
-24.934535 -20.071293 -27.029153 -27.897614 -30.749649 -26.744146 -23.163582 -19.988326 -28.252667 -33.240976 -28.067166 -29.507443 -26.130371 -24.168026 -21.058476 -20.683314 -18.694448 -11.780583 -16.336764 -9.243138 -8.819204 -6.791104 -4.668820 -8.937353 -5.245627 -7.828339 -11.984841 -12.047728 -9.773611 -7.298612 -13.376958 -14.044356 -14.745054 -12.884988 -10.234761 -9.781127 -7.719939 -7.296623 -9.642755 -11.867069 
-18.223142 -20.945154 -19.519747 -16.623595 -22.120719 -28.706064 -24.026131 -17.957962 -27.037608 -26.185751 -24.475836 -27.477979 -28.283780 -19.485315 -15.254482 -13.539400 -8.867334 -9.952419 -10.279833 -4.787032 -9.504224 -9.162450 -5.539859 -9.281854 -6.761500 -10.391327 -12.383381 -10.130109 -13.954073 -13.305404 -15.149789 -13.853085 -17.261244 -16.809082 -12.690319 -9.373045 -10.721252 -12.042182 -11.497970 -15.717370 
-16.578773 -15.357577 -8.123426 3.834701 4.828757 -2.549121 -4.838848 -0.670291 -9.558387 -14.002860 -15.060773 -24.327827 -25.352677 -18.210413 -14.789584 -14.718749 -8.295925 -10.038108 -3.273633 -3.971813 -15.812692 -14.364846 -10.238671 -14.722380 -14.537203 -16.781650 -12.816123 -14.661572 -19.693296 -18.428337 -19.537589 -17.534407 -17.741615 -21.022275 -19.353161 -15.096154 -14.596769 -13.451311 -13.267048 -20.887339 
-14.652027 -21.501865 0.157163 13.153138 10.184212 -1.309638 8.680800 13.273372 -1.241069 -11.668204 -7.244183 -14.251645 -11.099826 -16.102722 -6.354496 -4.062587 -0.662093 -5.925515 -10.307241 -9.306706 -19.710183 -22.049830 -22.401524 -18.643805 -17.045887 -16.776648 -18.257729 -18.351712 -22.849004 -26.472773 -25.167933 -24.516738 -29.033541 -30.376107 -27.089707 -23.433145 -20.815897 -22.151883 -21.905279 -26.001127 
-17.268351 -18.979706 -1.024137 15.310973 12.462876 -7.566141 13.993167 20.634181 2.912058 -3.896165 -2.400567 -13.899641 -4.846757 -9.785390 2.413020 -3.191889 2.675324 -4.967608 -4.627625 -16.394498 -23.078371 -25.853159 -24.478057 -21.623302 -21.620710 -27.097260 -27.904004 -27.914444 -29.541343 -30.826639 -31.964622 -31.120995 -35.958795 -39.615055 -39.553060 -36.991589 -31.437900 -32.644393 -34.059857 -36.804335 
-21.828242 -18.783200 -0.783827 15.538160 12.413841 -9.428061 16.870529 25.316886 8.713522 1.044662 1.680248 -10.813444 0.230426 -6.227833 8.171568 0.915899 6.519264 0.900240 3.356701 -14.745404 -24.045547 -28.862211 -27.968491 -30.616345 -31.097906 -32.467420 -32.366618 -32.997829 -32.713356 -33.123260 -31.736143 -33.819744 -35.430455 -36.177279 -36.458952 -36.107354 -36.983531 -37.157332 -37.188807 -38.324794 
-16.497870 -14.626065 -2.990162 14.813983 11.655888 -11.632784 17.643339 27.161865 11.357202 4.663789 6.357363 -10.361700 5.338554 -2.251534 12.287149 3.492740 7.290881 1.485951 6.502176 -10.242059 -19.682167 -26.697091 -31.992650 -35.206693 -35.305700 -36.245406 -36.383879 -37.448115 -34.604425 -30.877539 -30.003165 -36.217434 -39.767926 -39.306296 -40.896688 -39.116471 -43.711786 -45.088004 -42.677756 -48.660991 
-13.520906 -22.016628 -3.354522 14.478006 11.333466 -9.482356 18.009154 26.589609 8.971263 9.098556 12.377032 -5.715167 8.763037 1.055416 14.918041 4.553103 6.599837 0.070866 5.182004 -3.927360 -10.937021 -20.556078 -29.213003 -31.982842 -33.748121 -36.159240 -36.470209 -34.749210 -32.161758 -28.363154 -27.085414 -32.766623 -37.874842 -37.655773 -38.989988 -34.271189 -39.808214 -39.880975 -39.084103 -42.197268 
-23.361637 -24.050375 -2.571081 14.404695 11.744112 -11.252122 16.646948 25.021843 6.755931 12.045683 16.390365 -2.250070 10.771564 2.359705 16.262931 5.989537 4.975296 -2.644333 1.495766 1.577829 -3.898110 -18.212643 -29.305947 -33.945312 -36.085778 -39.015552 -37.671198 -36.443856 -30.953350 -25.926355 -24.847406 -32.819835 -39.034956 -38.017451 -35.324075 -31.166130 -40.057628 -38.050140 -37.678702 -45.288588 
-22.885181 -28.993787 -3.155227 14.277395 11.759022 -12.496154 15.323459 23.602748 5.114567 13.780868 18.685164 -2.149617 11.136553 2.382601 16.873702 7.936225 4.544085 -4.170830 -1.168299 1.105848 -2.559734 -13.341399 -23.969748 -32.427874 -36.956033 -37.470038 -35.909302 -34.503055 -27.410990 -21.583905 -22.065674 -30.886014 -39.968245 -35.123549 -32.118222 -28.893853 -36.795345 -34.645356 -35.616993 -47.317259 
-28.993418 -25.528579 -3.735674 13.996978 11.633366 -12.732436 14.087511 22.838205 5.431116 14.746152 20.110041 -1.712794 11.066921 2.498150 16.406153 7.365841 4.689642 -4.488241 -1.910849 -1.830477 -4.262115 -6.744295 -19.371960 -28.138778 -33.630789 -36.718353 -34.558899 -33.066674 -24.413261 -18.510558 -20.377105 -30.744313 -39.269251 -32.497432 -29.701946 -25.536343 -35.998326 -35.934946 -36.002660 -46.469349 
-16.236034 -15.964516 -4.003854 13.903704 11.633369 -9.535024 13.488893 22.450776 5.556572 15.709705 21.310507 -0.266979 11.569106 3.204295 16.291412 8.201730 3.382246 -4.939064 -2.507538 -6.683904 -7.997663 -1.568172 -15.413754 -22.557712 -25.552217 -28.104884 -28.035575 -28.682149 -21.828342 -17.079022 -18.998045 -28.587341 -31.894399 -28.314485 -26.203623 -22.702906 -31.054045 -31.600755 -32.272918 -35.010477 
-11.844316 -13.827099 -5.115151 13.860855 11.448501 -8.510512 13.695046 22.033888 4.452477 16.706890 21.683361 -0.097422 11.694738 3.107404 16.137046 6.290223 2.470652 -6.552167 -4.078458 -8.822858 -9.609128 -4.251954 -9.871454 -20.280417 -26.633411 -30.158058 -30.674372 -30.800790 -19.683479 -14.479588 -17.580627 -29.564931 -36.276834 -27.635928 -24.984283 -21.590767 -31.835451 -30.604448 -31.905143 -48.526181 
-23.572366 -24.467191 -2.524665 14.109466 11.065785 -10.807984 14.778662 21.366217 2.347156 18.952149 21.166697 1.304365 12.018227 3.803064 17.112525 4.759453 0.512896 -7.854383 -6.475621 -8.987437 -12.466960 -10.256015 -5.114078 -16.604005 -24.131425 -28.511308 -28.009196 -28.054777 -17.366261 -12.057782 -16.312365 -28.625646 -37.996386 -27.816926 -22.544168 -19.248747 -29.727804 -29.994782 -32.279121 -45.919376 
-17.144462 -16.174201 -0.041432 14.282136 10.163367 -8.037923 16.125084 20.036777 -1.098654 21.107052 19.772094 3.050088 11.431990 6.463932 16.998475 -0.213537 -2.591441 -9.044019 -10.160986 -9.806303 -14.072544 -12.314620 -7.313336 -13.048183 -21.013530 -24.048691 -24.175996 -25.600331 -16.236101 -10.829933 -16.293500 -29.368393 -34.984500 -25.796994 -22.126328 -18.404457 -28.397215 -28.649149 -30.254658 -36.990023 
-20.525161 -18.527326 1.825868 14.511672 9.054549 -5.708223 17.269666 18.273844 0.625190 23.138998 17.491625 5.821239 9.796020 9.890419 15.973052 -2.130967 -4.131914 -8.041695 -10.996443 -10.908912 -13.895899 -15.144178 -10.470558 -8.625864 -15.952672 -20.151213 -21.954922 -24.106526 -12.686582 -10.507279 -16.958877 -26.728190 -29.384939 -24.119761 -20.487565 -18.066925 -27.126097 -27.852946 -28.821893 -32.030495 
-31.181801 -28.658059 3.415112 14.470663 7.098027 -0.926124 18.184627 15.701009 7.596285 24.676538 14.065935 8.261984 6.840442 13.300439 13.235247 -1.941137 -7.297951 -8.556496 -12.568420 -14.007860 -16.443375 -17.930257 -14.532631 -8.111862 -10.812537 -19.367408 -22.550392 -24.750184 -13.103390 -10.306298 -16.052526 -31.586814 -37.680677 -23.739125 -19.833627 -16.934901 -28.716469 -29.951303 -33.345758 -45.272246 
-16.504581 -19.088144 4.652020 14.074645 4.688745 2.571772 18.907248 13.569077 13.156882 25.131834 10.369795 10.540726 4.126248 16.215070 9.726365 -0.258047 -7.900052 -9.504694 -11.784471 -17.030973 -19.644128 -19.487897 -17.273599 -9.790472 -9.213389 -16.713188 -21.616750 -24.394680 -12.873755 -9.816609 -17.382190 -31.223751 -36.224554 -23.416273 -19.103555 -17.360663 -29.934401 -30.691360 -32.568161 -45.663169 
-21.528982 -15.678917 5.595484 13.574564 2.449971 5.597683 19.023476 10.621895 16.841917 24.253271 5.832698 10.668057 4.503707 18.024746 5.913755 0.456342 -7.150472 -9.644629 -10.623927 -15.392996 -18.971165 -19.229927 -19.201806 -14.501844 -9.884832 -15.235878 -20.581208 -23.103241 -12.279245 -10.316755 -16.867536 -26.866509 -29.195691 -22.918686 -19.409170 -18.269392 -27.839528 -28.023865 -29.181328 -31.546296 
-18.908604 -12.732029 6.403899 13.335452 1.296247 7.025805 18.899317 8.659539 18.550378 23.346611 4.399433 11.126525 6.428734 18.059721 2.633155 -1.190518 -8.528693 -11.470862 -12.746530 -18.807173 -22.674857 -22.078838 -20.884800 -16.432089 -11.347109 -14.782989 -21.308034 -22.688118 -13.302613 -11.346183 -18.736595 -32.228998 -34.975297 -26.334088 -21.494879 -20.073539 -30.762412 -30.912753 -35.212712 -39.059318 
-21.609963 -15.233804 7.270487 13.339405 1.172742 8.489017 18.771286 7.984264 20.248973 22.634906 4.072880 10.762725 8.225279 17.597394 1.846157 -1.340924 -7.602270 -11.531238 -13.810385 -17.088455 -20.975117 -20.733811 -19.811780 -16.610477 -11.381215 -12.963740 -20.301129 -23.947205 -12.843850 -9.940249 -18.184073 -29.835754 -33.046768 -25.380236 -20.253006 -18.939246 -28.896285 -27.188235 -30.734643 -36.593096 
-13.588595 -13.799532 7.845412 13.074156 1.282407 10.172644 18.062476 6.365711 22.031094 21.680067 6.101719 9.180049 10.471651 16.902006 1.801894 -3.118019 -7.924996 -12.332584 -14.590449 -16.679202 -21.395208 -20.999253 -20.479496 -16.320909 -10.593320 -12.279573 -18.992958 -24.161672 -11.397171 -9.302339 -17.564414 -32.514994 -41.378541 -26.892626 -20.608198 -18.180465 -29.255001 -28.575268 -31.142938 -44.519953 
-19.444176 -9.876074 7.391099 11.412327 1.742760 13.575307 15.660701 7.736206 24.155090 17.726346 10.444825 7.362594 15.241458 12.839480 5.577630 -2.902179 -8.062273 -12.179991 -15.981258 -18.254854 -22.494374 -22.672282 -23.243602 -19.524441 -14.128764 -13.479833 -19.967842 -24.817434 -13.070894 -10.340684 -17.964800 -31.568493 -35.853955 -27.851217 -23.182472 -23.770578 -31.822310 -30.028244 -33.811744 -39.115578 
-15.277438 -1.558295 3.168031 9.790169 6.713138 16.264565 12.974281 8.594726 23.037476 13.247891 8.817563 2.838932 13.047226 7.273020 3.916702 -5.131418 -13.386173 -15.733378 -17.222938 -20.188576 -23.657053 -27.215072 -28.406427 -27.863134 -21.697728 -19.171788 -24.367380 -29.506792 -20.606596 -20.412397 -26.828002 -36.911177 -42.110219 -33.133905 -28.318320 -25.749029 -29.313801 -27.559061 -35.363102 -45.262549 
-16.526301 -4.180680 10.999375 11.002655 -0.414874 17.355221 15.496023 14.100279 23.454486 10.848343 10.640499 4.718159 13.854291 6.796998 5.025034 -4.464178 -11.235809 -15.389651 -15.552677 -18.120585 -23.846218 -26.841241 -25.377510 -24.188387 -19.187724 -15.119133 -20.073564 -24.571156 -12.782310 -9.559568 -16.168794 -32.035056 -38.152384 -30.554382 -25.175045 -21.571421 -24.808739 -22.562165 -29.640724 -40.415441 
-17.386045 -3.266626 11.935195 11.346356 1.684487 18.155009 14.593988 16.911234 21.769329 3.634631 8.506496 4.685190 10.732209 5.145954 1.382879 -7.518199 -16.967802 -19.626677 -20.448130 -21.682580 -27.858528 -31.775726 -31.621521 -28.807987 -24.107883 -19.036752 -23.434007 -29.116116 -15.377270 -11.717101 -19.547770 -35.855400 -42.508516 -30.286476 -21.112047 -19.286311 -26.614111 -26.965148 -32.852536 -47.562134 
-22.800403 -0.798291 12.653367 11.161237 5.290030 18.596983 13.475890 14.339280 18.754065 3.632013 6.309547 2.074102 6.696809 2.343767 -1.546804 -9.581750 -16.534604 -17.180664 -18.396500 -20.272407 -26.186130 -30.105882 -30.786928 -29.881152 -26.569316 -18.255479 -22.080927 -29.731466 -18.852327 -14.254150 -21.235251 -35.030144 -36.248691 -29.178419 -22.006478 -20.114037 -25.572718 -26.212788 -33.280350 -40.931764 
-16.605017 1.437837 12.934428 8.705468 10.157577 18.552502 9.712312 17.686471 13.425788 5.588964 0.612095 3.088148 2.044355 5.787702 -7.307190 -12.356649 -15.045986 -17.594710 -19.450303 -23.185514 -27.171504 -29.807408 -31.175524 -30.219103 -26.118463 -20.058495 -23.669601 -30.010691 -19.799506 -15.240799 -22.326827 -35.620982 -37.811363 -26.311502 -20.036354 -21.483321 -26.877512 -24.331258 -33.317062 -42.228508 
-20.288443 3.409197 12.478037 6.879818 12.485403 17.212971 9.480145 18.049087 8.152082 5.031225 -1.178859 0.881196 3.484308 2.154562 -3.091330 -8.147715 -15.314247 -21.017684 -22.683336 -26.771277 -27.992643 -29.330963 -32.085283 -27.665815 -23.616011 -21.438328 -25.351229 -33.773909 -22.065370 -16.171198 -22.148270 -32.188223 -32.602194 -25.088722 -19.182051 -20.572804 -25.318172 -25.056834 -34.541574 -42.047925 
-16.806151 4.855691 12.027273 4.793373 13.894363 12.343349 10.667880 15.069445 2.045305 0.138474 -1.742375 -4.418962 0.570535 1.802592 -4.346622 -10.990077 -19.618199 -22.222028 -23.201262 -27.685484 -33.664514 -31.844951 -31.065750 -30.508210 -27.913402 -25.705986 -30.330520 -35.425120 -26.108105 -19.016292 -22.780947 -31.984677 -36.628442 -29.743997 -23.573975 -23.414704 -24.029292 -29.744758 -33.443667 -42.805105 
-8.890621 7.252366 13.077217 5.373141 14.743445 10.599403 13.159360 14.574305 8.589773 3.928454 2.471726 -3.258889 -2.977348 3.870361 2.648674 -1.557420 -14.212098 -17.115106 -16.785652 -20.375452 -26.388833 -28.008004 -30.080661 -29.811307 -21.536492 -20.512180 -24.220393 -25.375332 -19.890286 -16.645800 -21.819775 -31.229936 -34.230572 -30.539535 -22.535252 -21.636247 -25.532298 -22.947981 -27.506299 -41.223961 
-7.574677 9.303284 14.542427 7.970178 15.859605 12.486667 16.263357 18.333403 16.041545 13.288335 8.048425 0.899449 -1.023926 3.592645 6.892413 6.470833 -3.508848 -8.562221 -12.840497 -15.931290 -20.546147 -22.487140 -25.760119 -20.840490 -14.884387 -15.716333 -21.751827 -25.100166 -17.881942 -14.692472 -18.828764 -28.574815 -32.671068 -29.861441 -21.900308 -20.034836 -27.194288 -23.658880 -27.702027 -35.556267 
-7.830295 10.459044 14.844902 8.453192 16.449758 11.681774 16.930712 14.736414 21.686765 16.516704 8.577592 2.501178 0.503523 2.979921 6.382178 7.726540 5.998925 -2.833731 -6.971571 -10.315146 -15.902193 -17.842820 -17.730834 -11.555261 -7.044746 -12.400778 -19.762290 -22.994667 -13.814773 -7.543240 -10.466495 -24.017385 -42.016752 -28.044922 -21.743953 -21.418384 -28.297959 -24.828543 -27.046155 -47.345130 
-5.525805 11.115341 14.524463 9.160398 16.489904 9.885865 15.789258 14.244023 23.870094 16.750736 10.823605 5.385151 1.557131 1.515684 2.265917 6.415620 6.941722 1.111007 -2.668554 -6.773117 -11.428265 -12.862166 -11.817488 -4.905102 -5.108236 -14.340120 -18.936132 -21.740673 -12.460977 -6.684832 -10.485181 -22.194078 -35.749288 -27.496329 -19.930011 -16.630816 -27.283664 -26.800084 -28.874500 -38.809320 
-2.145261 11.323375 13.711864 10.047608 16.158864 9.955557 14.850909 15.283801 22.172712 16.918492 12.203528 4.607856 -0.167943 1.247308 2.823398 4.718819 7.626487 7.019367 -0.094973 -4.110744 -6.949717 -9.503972 -7.306381 -4.618467 -11.604778 -16.937666 -20.156342 -21.333607 -12.868661 -7.765569 -10.500498 -21.378545 -33.433213 -27.529803 -21.517920 -19.149428 -29.661194 -25.923285 -26.668176 -36.897941 
-4.170632 11.067532 12.544551 10.730720 15.077720 10.776843 14.035851 16.761778 19.379853 18.682553 10.973507 2.753378 -0.761291 1.706841 2.590985 2.853757 6.283200 7.811100 2.754643 -1.700020 -4.096657 -4.068174 -4.561572 -9.210824 -14.781327 -20.169967 -21.999825 -22.511514 -14.622054 -8.844807 -11.395325 -21.834058 -35.830758 -31.504285 -26.467203 -23.678996 -32.178056 -27.703792 -27.722002 -43.894360 
-5.294751 10.572393 11.214832 10.804526 13.886664 10.819062 12.960572 17.077457 17.467043 20.091224 9.467321 0.422097 -0.312630 2.567396 2.823127 2.780061 6.851398 9.459320 5.553549 1.189640 0.266550 -0.202671 -7.806426 -14.306377 -19.613675 -23.597150 -24.150365 -23.970997 -16.073807 -10.446815 -12.277260 -22.121064 -38.993312 -33.514908 -27.540817 -26.126768 -33.940326 -32.044980 -30.143352 -45.381511 
-5.521002 10.131357 9.751072 10.817942 12.925151 10.884221 11.879841 17.277179 17.040893 19.901297 7.422872 -0.385225 -0.095003 1.549871 2.099118 2.908517 6.208406 9.927319 6.188053 2.508961 2.971381 -1.848923 -13.783140 -19.181587 -23.770855 -26.814347 -28.020287 -27.108000 -19.103173 -13.125182 -13.983713 -22.736893 -39.886836 -38.622059 -32.397518 -27.116198 -35.771930 -32.800185 -33.797687 -46.000744 
-5.555729 9.759833 8.525564 10.901703 11.910492 10.583239 10.794908 16.879837 17.118389 19.242753 5.929398 0.004043 0.181036 0.660857 1.404644 2.353071 5.316751 9.709104 7.260812 5.007736 4.502210 -6.303210 -16.120599 -21.924554 -25.445601 -28.424457 -29.178952 -29.871689 -22.671798 -15.873259 -15.280079 -23.474109 -38.602981 -38.506284 -33.254103 -28.037752 -36.073081 -36.232148 -35.958785 -43.891402 
-5.165160 9.455671 7.631289 11.063827 10.717919 10.681997 10.650118 15.821983 17.406217 18.244434 5.124398 0.680127 -0.047610 -1.312377 0.101757 1.131412 4.346444 8.730804 7.343218 6.667093 2.842169 -10.418397 -20.306775 -25.310392 -28.371858 -31.244237 -31.627172 -31.739301 -26.499744 -18.222368 -16.650130 -23.966363 -38.994545 -39.806998 -34.516864 -29.632669 -39.343461 -41.025994 -37.462259 -43.043590 
-4.141771 9.086198 7.365095 10.976715 10.216005 10.720467 10.580789 14.304150 17.891249 16.523999 4.943532 0.268589 -0.878032 -1.017637 -0.779729 -0.348583 3.772087 9.282261 8.471681 7.153180 0.374126 -12.356128 -21.522682 -27.431774 -30.438271 -32.978955 -34.516742 -33.486506 -27.967272 -20.882917 -16.141695 -23.020898 -38.328302 -41.139818 -37.465586 -31.632393 -39.369574 -38.533632 -36.610845 -42.716174 
-3.289404 8.486112 6.849779 10.940877 9.398773 10.333297 10.177331 12.052374 18.057945 13.194809 4.194779 -0.024184 -1.689910 -1.827179 -2.441834 -1.089604 2.278390 8.363681 8.887213 6.371539 -1.687424 -14.709026 -22.351141 -27.323429 -29.215757 -31.094011 -32.263344 -32.292397 -29.276197 -23.384917 -17.913683 -24.439361 -34.731129 -36.258608 -35.830751 -33.728524 -37.308238 -37.120300 -37.403509 -38.836462 
-2.984848 8.110437 6.839037 10.593768 8.614900 9.763851 9.751188 12.072526 17.783369 9.803260 1.911977 -1.611606 -2.743388 -2.719634 -2.577766 -1.386880 1.898824 7.917664 8.865665 5.366665 -5.780671 -18.125238 -28.174979 -33.190023 -35.704983 -39.850164 -40.456657 -39.031673 -35.521912 -28.417063 -20.830412 -25.408623 -40.817235 -48.969226 -43.654987 -40.736272 -48.201513 -44.041914 -43.199095 -51.576088 
-2.532281 7.778080 6.530196 10.105768 7.855895 9.004457 9.241138 11.713627 17.394851 8.445794 1.351026 -1.859344 -3.876978 -4.161241 -3.519136 -2.676409 1.067163 7.007468 8.110918 4.085976 -9.119081 -20.608191 -26.676908 -31.362413 -32.521537 -33.783131 -34.755544 -35.924956 -35.314426 -28.797368 -20.793686 -25.050903 -37.442754 -40.076665 -39.939907 -39.145960 -40.935837 -40.668741 -39.940276 -41.646004 
-2.968574 7.268920 6.163176 9.388521 7.092709 7.841839 8.159522 10.917025 16.661640 7.625679 2.016969 -1.850649 -4.251083 -5.136394 -4.499745 -3.709621 0.549330 7.058031 9.085448 3.941169 -7.922077 -19.385649 -26.177785 -29.771879 -31.682227 -32.943911 -33.647899 -34.431971 -34.906810 -29.735786 -21.582462 -25.202178 -36.233518 -38.489971 -38.922237 -38.066163 -39.726904 -40.285954 -39.532353 -39.992172 
-2.825246 6.868092 5.825311 8.489243 5.889828 6.612167 7.267681 10.536039 14.766478 5.888514 1.413656 -3.366241 -5.981606 -6.306798 -5.648856 -5.277053 -1.723704 4.934979 7.494280 4.233753 -6.722912 -19.309706 -28.698544 -32.344372 -34.368821 -39.557780 -40.871304 -39.873356 -38.083488 -32.718977 -24.966166 -29.026672 -42.937697 -44.022974 -45.102827 -43.310097 -45.544255 -45.287233 -40.547180 -45.611203 
-2.329602 6.582449 5.432004 7.795774 5.098561 5.528003 6.577282 10.097153 12.813707 6.437575 0.653388 -4.416507 -6.695270 -6.081418 -5.849800 -6.011842 -3.876679 2.656015 6.050328 2.851703 -9.346484 -23.201424 -33.138486 -36.683195 -38.686025 -42.191480 -43.060610 -42.408792 -40.761265 -33.429656 -25.003560 -28.512875 -41.761543 -48.108461 -49.043363 -43.750474 -46.474392 -44.008927 -42.803106 -51.332851 
-3.829436 6.246466 5.051578 6.919817 3.557178 3.467231 4.983608 7.743187 10.583897 3.893113 -1.341304 -6.371746 -8.796970 -8.222410 -8.390645 -8.544235 -6.392804 0.638233 4.626834 1.572819 -9.839032 -22.920467 -33.633564 -36.290625 -39.642694 -42.606306 -44.321091 -44.558922 -41.853709 -36.077925 -27.857802 -29.228115 -41.077044 -47.104030 -48.178409 -47.178814 -49.753855 -46.737822 -41.699768 -50.333434 
-3.612815 5.945722 4.298129 5.630049 1.650447 0.972010 3.048578 4.667292 6.428615 1.329892 -4.794658 -8.924315 -11.573638 -12.184506 -12.818104 -13.526131 -15.228184 -5.865206 1.015297 -2.077256 -11.370310 -24.316901 -36.743162 -43.682213 -46.027575 -51.943256 -51.427821 -51.147365 -47.035290 -40.777094 -32.255635 -34.055963 -49.321188 -53.136280 -54.976030 -50.154063 -47.730132 -45.740716 -45.356878 -51.009944 
-3.957568 5.653572 3.480072 3.839825 -1.310855 -2.463159 -0.965843 -2.088253 0.998457 -3.174338 -9.164542 -15.228877 -15.757092 -16.703769 -18.999238 -18.803237 -19.681224 -15.361762 -5.855955 -6.880536 -16.742108 -30.564974 -42.230406 -50.488989 -46.796693 -52.632371 -54.566856 -57.226635 -55.217252 -48.022099 -34.571227 -36.103664 -50.023410 -53.906605 -51.023515 -48.063944 -51.842635 -49.649743 -41.929318 -51.183430 
-4.942392 5.379240 3.017855 1.595681 -3.699032 -6.663486 -6.159530 -7.669612 -6.318665 -11.648972 -16.571148 -16.379804 -17.562989 -22.990123 -24.445228 -26.169091 -25.619429 -22.243687 -13.339844 -13.081746 -20.975840 -24.373616 -40.273282 -45.025482 -43.908822 -45.692580 -47.728513 -47.882725 -50.602367 -43.777028 -32.911770 -39.918542 -49.966848 -52.644938 -50.248302 -47.795865 -51.278525 -51.358004 -45.407206 -50.800308 
-6.659731 4.173941 0.472766 -4.582423 -10.924081 -12.341045 -13.138002 -14.479114 -15.544853 -23.050618 -20.311113 -21.237984 -25.032939 -29.484026 -31.130458 -31.438845 -32.014003 -28.177762 -18.353548 -14.303596 -16.012254 -22.547298 -34.030858 -46.633170 -46.598768 -48.568593 -48.436282 -51.203598 -50.494544 -47.516114 -36.908167 -43.039546 -51.773985 -53.062078 -51.427566 -49.793263 -52.397575 -50.865057 -49.557644 -54.960179 
-5.690302 2.076161 -3.782371 -12.225464 -18.537834 -19.888610 -22.655231 -22.381784 -25.524385 -30.995251 -23.445210 -27.566198 -24.726350 -23.770267 -32.720823 -35.868360 -35.962993 -34.298410 -25.447962 -20.153389 -20.059109 -27.618728 -31.069617 -41.827919 -45.371983 -50.332945 -52.864191 -54.856927 -53.264549 -46.235140 -41.426700 -47.280690 -54.595795 -53.870344 -54.067660 -53.704060 -55.201021 -51.106490 -49.493611 -53.453476 
-11.762617 -5.387946 -8.963116 -16.055642 -16.422554 -24.582498 -28.494956 -29.305235 -27.669181 -30.240910 -33.207473 -37.032051 -30.149541 -27.228275 -32.071424 -39.155373 -38.222966 -37.751418 -29.963189 -24.276094 -23.867603 -30.316615 -34.800985 -44.469031 -46.954549 -51.125798 -54.365378 -56.601470 -58.120752 -51.873195 -44.441697 -51.846844 -60.828587 -60.020505 -58.512620 -57.894638 -61.901434 -58.784804 -57.073522 -61.824202 
-28.622339 -27.811363 -27.455633 -28.453848 -31.725698 -38.885300 -42.100980 -42.838240 -51.433516 -45.665012 -49.903157 -47.431579 -49.552075 -42.662878 -45.492048 -55.102415 -53.496604 -53.376532 -48.217512 -38.837227 -38.479059 -48.959467 -53.026832 -57.643513 -59.072606 -64.750383 -67.497541 -67.812563 -68.662512 -70.692794 -66.924786 -69.388406 -71.737771 -71.536554 -72.280606 -72.012432 -72.531154 -72.646786 -72.636534 -72.986178 
NaN NaN NaN NaN NaN NaN NaN NaN NaN NaN NaN NaN NaN NaN NaN NaN NaN NaN NaN NaN NaN NaN NaN NaN NaN NaN NaN NaN NaN NaN NaN NaN NaN NaN NaN NaN NaN NaN NaN NaN 
NaN NaN NaN NaN NaN NaN NaN NaN NaN NaN NaN NaN NaN NaN NaN NaN NaN NaN NaN NaN NaN NaN NaN NaN NaN NaN NaN NaN NaN NaN NaN NaN NaN NaN NaN NaN NaN NaN NaN NaN 
NaN NaN NaN NaN NaN NaN NaN NaN NaN NaN NaN NaN NaN NaN NaN NaN NaN NaN NaN NaN NaN NaN NaN NaN NaN NaN NaN NaN NaN NaN NaN NaN NaN NaN NaN NaN NaN NaN NaN NaN 
NaN NaN NaN NaN NaN NaN NaN NaN NaN NaN NaN NaN NaN NaN NaN NaN NaN NaN NaN NaN NaN NaN NaN NaN NaN NaN NaN NaN NaN NaN NaN NaN NaN NaN NaN NaN NaN NaN NaN NaN 
NaN NaN NaN NaN NaN NaN NaN NaN NaN NaN NaN NaN NaN NaN NaN NaN NaN NaN NaN NaN NaN NaN NaN NaN NaN NaN NaN NaN NaN NaN NaN NaN NaN NaN NaN NaN NaN NaN NaN NaN 
NaN NaN NaN NaN NaN NaN NaN NaN NaN NaN NaN NaN NaN NaN NaN NaN NaN NaN NaN NaN NaN NaN NaN NaN NaN NaN NaN NaN NaN NaN NaN NaN NaN NaN NaN NaN NaN NaN NaN NaN 
NaN NaN NaN NaN NaN NaN NaN NaN NaN NaN NaN NaN NaN NaN NaN NaN NaN NaN NaN NaN NaN NaN NaN NaN NaN NaN NaN NaN NaN NaN NaN NaN NaN NaN NaN NaN NaN NaN NaN NaN 
NaN NaN NaN NaN NaN NaN NaN NaN NaN NaN NaN NaN NaN NaN NaN NaN NaN NaN NaN NaN NaN NaN NaN NaN NaN NaN NaN NaN NaN NaN NaN NaN NaN NaN NaN NaN NaN NaN NaN NaN 
NaN NaN NaN NaN NaN NaN NaN NaN NaN NaN NaN NaN NaN NaN NaN NaN NaN NaN NaN NaN NaN NaN NaN NaN NaN NaN NaN NaN NaN NaN NaN NaN NaN NaN NaN NaN NaN NaN NaN NaN 
NaN NaN NaN NaN NaN NaN NaN NaN NaN NaN NaN NaN NaN NaN NaN NaN NaN NaN NaN NaN NaN NaN NaN NaN NaN NaN NaN NaN NaN NaN NaN NaN NaN NaN NaN NaN NaN NaN NaN NaN 
