NaN NaN NaN NaN NaN NaN NaN NaN NaN NaN NaN NaN NaN NaN NaN NaN NaN NaN NaN NaN NaN NaN NaN NaN NaN NaN NaN NaN NaN NaN NaN NaN NaN NaN NaN NaN NaN NaN NaN NaN 
NaN NaN NaN NaN NaN NaN NaN NaN NaN NaN NaN NaN NaN NaN NaN NaN NaN NaN NaN NaN NaN NaN NaN NaN NaN NaN NaN NaN NaN NaN NaN NaN NaN NaN NaN NaN NaN NaN NaN NaN 
NaN NaN NaN NaN NaN NaN NaN NaN NaN NaN NaN NaN NaN NaN NaN NaN NaN NaN NaN NaN NaN NaN NaN NaN NaN NaN NaN NaN NaN NaN NaN NaN NaN NaN NaN NaN NaN NaN NaN NaN 
NaN NaN NaN NaN NaN NaN NaN NaN NaN NaN NaN NaN NaN NaN NaN NaN NaN NaN NaN NaN NaN NaN NaN NaN NaN NaN NaN NaN NaN NaN NaN NaN NaN NaN NaN NaN NaN NaN NaN NaN 
NaN NaN NaN NaN NaN NaN NaN NaN NaN NaN NaN NaN NaN NaN NaN NaN NaN NaN NaN NaN NaN NaN NaN NaN NaN NaN NaN NaN NaN NaN NaN NaN NaN NaN NaN NaN NaN NaN NaN NaN 
NaN NaN NaN NaN NaN NaN NaN NaN NaN NaN NaN NaN NaN NaN NaN NaN NaN NaN NaN NaN NaN NaN NaN NaN NaN NaN NaN NaN NaN NaN NaN NaN NaN NaN NaN NaN NaN NaN NaN NaN 
NaN NaN NaN NaN NaN NaN NaN NaN NaN NaN NaN NaN NaN NaN NaN NaN NaN NaN NaN NaN NaN NaN NaN NaN NaN NaN NaN NaN NaN NaN NaN NaN NaN NaN NaN NaN NaN NaN NaN NaN 
-52.857625 -57.015927 -59.685565 -60.687626 -65.727393 -71.810144 -69.205181 -72.862313 -79.689274 -78.023976 -78.872755 -77.408650 -81.996609 -87.322355 -89.533267 -83.338885 -80.620931 -79.954595 -79.407083 -81.119431 -81.972040 -83.698032 -87.601625 -79.732284 -84.568575 -83.332722 -80.249894 -85.589028 -90.161472 -89.599606 -86.928305 -92.645493 -91.573718 -90.034281 -92.978015 -92.413824 -90.029805 -84.636315 -85.417292 -87.269251 
-45.819395 -52.223885 -56.012511 -53.668933 -55.521841 -63.239084 -62.338693 -61.593897 -69.450893 -68.025823 -73.709849 -76.203635 -81.385269 -75.796546 -76.568938 -76.626088 -76.126811 -72.164505 -71.701959 -76.503106 -76.495299 -80.849003 -79.512335 -75.406644 -80.193660 -80.942605 -76.495286 -77.568107 -82.131867 -77.439363 -79.018153 -81.057239 -82.150796 -80.632349 -83.017613 -84.113364 -83.921858 -78.266776 -78.961629 -81.344898 
-32.871316 -36.542924 -37.176878 -36.249887 -38.675828 -38.425904 -38.620569 -38.559546 -38.829232 -39.068832 -39.426361 -39.744716 -40.042734 -40.506052 -40.921433 -41.294095 -41.799018 -42.282611 -42.677365 -43.087358 -43.489489 -43.927593 -44.369516 -44.887324 -45.607684 -46.342767 -47.243492 -48.317714 -49.572897 -50.818497 -52.045706 -53.228210 -54.318774 -55.598922 -57.003923 -59.028396 -61.432906 -64.459767 -68.463843 -72.297576 
-5.884094 -6.854916 -11.920088 -14.945434 -15.041650 -16.715482 -15.358693 -12.939264 -13.092968 -9.969047 -10.621801 -14.521876 -20.669847 -23.211558 -25.300182 -20.168094 -17.530927 -21.390482 -33.541662 -34.736731 -22.080932 -14.096879 -23.447741 -19.705820 -15.955433 -15.694207 -15.042377 -20.619135 -20.083381 -16.698620 -17.348655 -25.886251 -24.459876 -21.472259 -18.077195 -18.988310 -19.170026 -23.739441 -22.700327 -26.079790 
-0.515041 -3.525940 -18.295450 -22.936831 -21.344306 -10.271013 -3.892514 -2.928305 -6.055919 -12.099766 -14.034832 -14.581108 -18.471868 -18.807733 -14.904214 -17.529711 -17.212157 -21.638701 -24.694343 -25.231696 -21.909231 -11.192559 -19.628011 -20.658458 -16.360645 -11.022241 -14.037989 -19.622070 -15.506464 -11.167728 -15.451847 -19.952641 -19.302484 -16.185413 -12.642267 -11.096885 -11.281435 -13.755013 -13.284788 -15.487496 
-5.656868 -9.597770 -21.209762 -26.012904 -20.283777 -20.952712 -14.704208 -15.960600 -16.407716 -17.315146 -22.216718 -22.465989 -17.826715 -16.067477 -15.618095 -18.410310 -29.319983 -28.061964 -23.807066 -21.520026 -19.359605 -14.639695 -17.113218 -19.414908 -14.905485 -8.630270 -10.381225 -15.766656 -19.652961 -18.168450 -15.671536 -14.730418 -18.857825 -19.315516 -15.860185 -11.958763 -12.397999 -10.122397 -17.061031 -17.182687 
-18.765736 -16.816401 -17.267511 -17.914899 -21.944965 -23.020151 -25.349302 -15.006829 -13.010337 -15.323475 -18.978522 -18.219292 -20.761917 -21.804204 -24.779665 -24.149685 -27.954074 -26.412116 -19.941706 -22.359282 -21.303233 -13.926292 -14.945125 -22.174849 -15.157880 -7.555674 -11.311806 -18.727624 -18.665715 -19.221747 -18.381429 -18.727446 -21.371015 -21.508109 -17.197085 -16.888175 -17.872743 -16.047310 -18.835210 -20.912339 
-12.651279 -18.771132 -5.116309 -1.558527 -5.988606 -10.914574 -12.857086 -11.002856 -8.245895 -12.454204 -18.726283 -14.387692 -18.410069 -20.528857 -20.571893 -23.217104 -26.502477 -22.682187 -15.763881 -18.751421 -13.687636 -11.960339 -11.136935 -15.799931 -13.556523 -7.973331 -14.296208 -20.468002 -19.306085 -15.401477 -18.362315 -20.901149 -24.478054 -21.408091 -19.412477 -19.630073 -20.494604 -20.494431 -19.552101 -23.700821 
-7.075066 1.479069 12.931933 17.171959 11.331143 -1.457955 7.013019 5.019995 -3.470884 -2.461358 -13.327031 -14.311057 -13.687911 -14.131418 -17.569385 -23.789446 -24.310550 -21.994823 -20.558466 -19.113649 -14.509853 -10.567143 -13.921712 -14.374505 -14.292033 -10.584937 -12.180008 -19.035097 -18.192452 -17.728170 -19.925522 -22.163474 -28.234558 -24.117784 -22.590494 -22.058512 -21.003415 -20.132895 -23.379901 -29.871127 
-12.279920 -3.755664 15.836626 20.398672 7.972344 10.442041 17.572702 8.127813 5.398324 5.329927 -3.362718 -2.912496 -8.295369 -8.395296 -10.315412 -16.312166 -20.319172 -19.818176 -16.316871 -15.468084 -13.081807 -7.141433 -14.074506 -10.805902 -9.116108 -9.494217 -11.171610 -19.022184 -18.401826 -14.573243 -18.522820 -24.484897 -26.520919 -22.714094 -16.892613 -18.008947 -19.635821 -20.616961 -22.181796 -30.756579 
-16.448421 -5.798204 14.527562 19.564794 5.818697 12.237706 21.200096 9.674184 10.041541 11.157779 -1.563598 3.789660 -7.799822 -4.304239 -9.145603 -7.866287 -12.172373 -14.318908 -10.975007 -9.591981 -5.158101 -0.344215 -2.182297 -4.992936 -7.001937 -5.391399 -8.069670 -17.191550 -20.078291 -16.710334 -19.973198 -20.704028 -24.932477 -18.467390 -12.342350 -12.301054 -20.293568 -18.628946 -17.412880 -27.235682 
-15.114300 -11.121979 12.418531 18.810179 7.231737 11.106807 22.933516 13.548094 9.674244 14.907484 -0.719952 5.309421 -6.619151 -1.269281 -9.315494 -5.874380 -7.890094 -8.586730 -5.057337 -4.625130 -2.981406 1.659926 1.485279 -2.739007 -2.065700 -1.853586 -5.243544 -12.983198 -13.776708 -9.985627 -14.377062 -18.215439 -25.210701 -18.274561 -13.001647 -10.562008 -17.580495 -17.383088 -19.942064 -30.640660 
-19.773930 -10.967185 10.001221 17.606027 7.534249 9.067504 23.415631 16.306405 9.156198 16.641398 -1.236252 3.338139 -4.527249 -0.948394 -7.879921 -5.809344 -9.376316 -8.152051 -3.577268 -3.885100 -2.112364 2.891352 5.497681 0.472741 1.850029 1.963287 -2.853006 -12.118930 -11.803886 -7.209378 -10.832651 -15.510631 -24.249991 -15.857395 -11.137210 -10.232277 -21.581240 -19.111844 -18.217098 -32.585153 
-18.468453 -19.912245 7.048052 16.683925 8.075931 6.463010 23.314880 18.340368 4.254487 16.262299 1.553610 1.305223 -3.865102 -4.261595 -8.473523 -7.921646 -13.568343 -10.131286 -5.984434 -6.309091 -3.880951 1.096151 6.007140 1.311996 1.559449 1.337251 -3.379395 -11.974809 -11.091603 -6.165393 -7.927544 -13.538789 -25.141021 -16.480991 -12.515088 -13.204983 -20.667621 -18.017775 -18.079951 -33.545408 
-23.999376 -23.853847 5.001350 16.292466 8.438736 4.161528 23.037901 20.143156 -0.688824 14.852438 2.886234 -0.989234 -2.269135 -7.930291 -7.775744 -11.028922 -14.098810 -10.057196 -8.510221 -7.666852 -4.462461 0.540562 5.985093 3.413780 1.805453 0.436753 -4.157729 -11.607305 -9.404358 -4.923998 -7.658169 -14.215688 -26.732674 -17.992092 -12.893933 -13.154156 -21.402824 -19.069075 -18.358238 -33.628544 
-14.289757 -16.905001 3.501100 16.064202 9.162956 2.579124 22.968481 21.959070 -3.010874 13.043037 3.980943 -3.346401 -1.630526 -9.881226 -6.959336 -12.041192 -12.920568 -9.422129 -9.568953 -7.399514 -3.881011 0.223777 4.407839 4.159535 2.259503 0.126289 -4.802878 -12.535678 -11.313986 -5.188134 -8.840012 -15.221611 -28.450032 -20.348573 -14.721097 -14.470202 -22.827839 -19.688295 -18.329413 -35.221166 
-12.196673 -17.202213 2.017441 15.771263 9.700020 1.626778 23.090773 23.458039 -4.462628 10.613482 4.307711 -5.297761 -1.350210 -11.587113 -6.691524 -13.472368 -12.160031 -9.621640 -10.643253 -7.193034 -4.925948 -1.527455 3.568943 4.410629 1.787510 -0.025077 -5.850340 -13.553546 -12.261671 -5.749741 -8.731763 -14.897614 -25.448710 -18.708806 -14.342157 -14.575916 -22.296538 -20.637535 -19.621315 -31.518140 
-21.981498 -20.678468 1.416862 15.524991 10.526286 -0.656267 22.996939 24.877750 -2.190704 7.476391 3.572811 -6.283781 -1.043028 -10.304412 -5.449911 -12.259089 -10.554455 -9.600886 -10.362535 -6.610974 -5.774624 -2.599077 2.488981 4.949712 0.947536 -1.059364 -7.789079 -14.782577 -13.484296 -8.688450 -10.007660 -16.590983 -25.837281 -18.915659 -15.665028 -16.309802 -24.445769 -22.404302 -20.560776 -30.081334 
-11.939296 -11.489475 1.500841 15.422596 11.247704 -2.355413 22.712037 25.770010 0.314157 3.279151 2.230643 -9.036435 -2.152563 -13.263849 -6.353038 -16.295243 -11.335428 -12.016725 -12.732957 -8.123821 -8.267028 -4.882219 0.542393 4.918000 0.564223 -1.403227 -8.037337 -15.200167 -13.210427 -9.232600 -10.781174 -17.301719 -28.354819 -20.024223 -15.254088 -15.456038 -23.918948 -21.523293 -20.023651 -34.906784 
-18.057233 -14.057109 0.040551 15.416828 11.638792 -3.466020 22.277418 26.178902 1.598146 -0.413825 0.285707 -9.657212 -3.531795 -13.917395 -7.181544 -15.299308 -11.790850 -12.318477 -11.528394 -8.386354 -9.130583 -6.084358 -0.574107 5.217716 0.507175 -1.701913 -8.464514 -16.569654 -14.778581 -10.799533 -11.889509 -15.877521 -27.552553 -19.301674 -14.208435 -14.896987 -24.255702 -24.119400 -22.697990 -33.082579 
-16.042480 -15.674319 1.523507 15.654544 11.778786 -4.740257 22.195326 26.217511 1.771304 -1.335813 -1.552110 -13.351839 -6.049756 -14.720827 -8.263307 -16.707881 -13.000816 -13.910645 -13.271525 -9.514374 -10.041873 -7.207292 -1.678087 3.901710 -0.533138 -3.245984 -11.324767 -19.531711 -15.863611 -11.246174 -12.429084 -15.939970 -26.726599 -20.360251 -16.167804 -16.093678 -24.646064 -23.116628 -22.389781 -33.449051 
-13.748193 -12.696969 3.131449 16.095482 11.570387 -3.438929 22.629724 25.982386 0.729645 -0.188244 -3.349309 -13.102227 -7.002075 -15.830623 -8.664389 -16.149915 -14.195629 -13.153020 -13.941563 -9.923741 -8.997202 -5.522795 -0.081045 3.178145 -0.654470 -3.865502 -13.284654 -20.872399 -17.103284 -12.612799 -11.683236 -16.193763 -27.831805 -19.542859 -16.683715 -17.549728 -28.050229 -24.090281 -21.714924 -36.637112 
-24.718179 -20.195818 4.113979 16.442186 10.512327 1.877254 23.956200 25.132878 -2.916925 2.062165 -5.075411 -9.263054 -6.542954 -12.377618 -9.276602 -13.405972 -13.588013 -10.697221 -11.974818 -9.248240 -5.508913 0.642035 0.876029 1.733435 0.453449 -4.878432 -14.488943 -20.724885 -17.169638 -10.680202 -11.053373 -17.308711 -28.105556 -21.067859 -18.798968 -19.597142 -26.809536 -25.541842 -24.802632 -33.852044 
-19.727696 -24.823771 5.120965 16.456218 9.202533 6.246271 25.290418 23.595332 -6.719447 3.730440 -6.015370 -6.479282 -7.535491 -9.566155 -9.380679 -10.400671 -12.960908 -8.846639 -4.636370 -1.711086 0.304013 1.320625 -6.542547 -4.178245 -3.885161 -10.404339 -20.458724 -25.261108 -18.954247 -12.592797 -14.533239 -21.131096 -32.472777 -24.762516 -23.476484 -24.280607 -34.113933 -30.756150 -29.236735 -40.447317 
-18.107820 -13.987428 7.766387 15.061210 7.630223 12.901685 25.027557 20.580910 -1.848695 0.911829 -4.586577 -4.500706 -8.502182 -3.420515 -6.656751 -3.796182 -3.395420 -0.597428 -2.232892 -2.567842 -9.315457 -11.414059 -15.901431 -8.575824 -9.311555 -19.820022 -27.488905 -30.767197 -23.862805 -17.163992 -18.529511 -26.454395 -36.946484 -30.503206 -29.655852 -30.038084 -39.044364 -36.825490 -35.702979 -42.055882 
-15.971463 -6.774464 9.656950 11.261628 6.417562 11.496567 14.546608 8.909778 -3.242618 -5.928791 -15.184820 -13.671133 -13.471037 -8.841689 -6.798047 -7.046924 -12.131257 -16.559039 -19.465239 -23.421396 -30.865408 -29.027585 -26.139647 -24.437670 -25.402136 -31.055019 -33.972744 -35.673991 -33.947195 -31.307487 -32.429634 -37.194313 -38.001606 -37.930270 -37.018212 -37.926853 -39.958016 -39.521358 -39.531038 -40.324312 
-21.792608 -6.616621 10.217028 12.174488 -2.498331 0.334965 0.544444 -13.279591 -6.809122 -16.121118 -22.368772 -22.155028 -13.950467 -17.187010 -29.563778 -31.557284 -32.876577 -37.150207 -35.914390 -39.631855 -43.781705 -43.782559 -42.936075 -40.073828 -43.389948 -49.780473 -50.267708 -51.300363 -51.398249 -47.812349 -50.613944 -52.839430 -55.676430 -52.747681 -52.689472 -55.483044 -55.192537 -56.340524 -55.297708 -56.039172 
-28.466207 -4.735079 10.173911 8.850784 -4.542716 2.532334 -2.248215 -13.780219 -10.015152 -21.537895 -18.570309 -30.166442 -21.924138 -16.886763 -24.359341 -36.052151 -39.126116 -46.664964 -40.804694 -46.541242 -46.392979 -47.409540 -52.192809 -46.083010 -48.726598 -51.794327 -52.631130 -55.485634 -55.550774 -51.913356 -54.028071 -57.186000 -57.478738 -57.489303 -55.549358 -55.725485 -55.216072 -56.036297 -57.567771 -60.167832 
-22.399011 -2.542572 9.955633 6.034467 -5.100107 1.478796 -6.716089 -8.290125 -13.371547 -23.030024 -22.940471 -26.852699 -22.651140 -17.902104 -25.072575 -37.227408 -40.485068 -43.295277 -45.659084 -45.713379 -47.428719 -47.641734 -48.770242 -46.277264 -48.928085 -50.603100 -50.587958 -51.544218 -50.641042 -52.060135 -52.045549 -54.161991 -54.075504 -52.433699 -54.653228 -53.614734 -53.039781 -53.539323 -54.139007 -56.353402 
-25.312282 -1.468959 8.924812 4.495723 -4.438076 0.171954 -12.525111 -10.638518 -16.838660 -28.783518 -27.393172 -28.283288 -25.650138 -21.649125 -24.753845 -33.693247 -39.701035 -46.070401 -48.198883 -49.983631 -56.992810 -58.533714 -53.963785 -49.102140 -50.494956 -57.672508 -55.303919 -57.186461 -59.192165 -57.163250 -59.024196 -59.286870 -59.304926 -57.940556 -56.836171 -57.094650 -58.744257 -60.327014 -60.309899 -60.060105 
-17.037522 -2.041545 4.239634 0.151946 0.388497 -3.335272 -11.128440 -16.806596 -26.120515 -28.272544 -28.650723 -24.739748 -25.227070 -22.476249 -24.513803 -28.306332 -30.894372 -31.551260 -32.261655 -40.242025 -43.708493 -38.538021 -39.172330 -41.419953 -40.548291 -44.591051 -43.788786 -43.043439 -40.800277 -40.681416 -47.131643 -42.727597 -44.548753 -49.966062 -48.732640 -46.288422 -47.522353 -47.871461 -49.264162 -52.207416 
-16.447343 0.955682 7.774477 4.772808 -0.885721 5.120022 1.188452 1.475850 -3.563356 -6.977804 -11.853664 -6.827601 -9.349769 -10.347147 -13.152095 -17.317854 -21.740208 -19.680905 -21.354304 -23.960749 -23.366151 -23.263950 -24.571706 -21.986109 -25.756471 -25.837445 -25.750769 -26.381989 -22.951957 -26.261268 -29.902327 -26.675106 -33.005785 -38.927668 -29.661103 -34.341718 -31.301017 -31.378878 -33.302224 -35.440494 
-14.355688 3.334195 12.592062 7.548781 8.298499 14.301658 7.966309 11.579369 4.142680 3.120812 -1.342901 2.663706 2.091449 -1.017837 -7.694889 -18.464345 -24.761462 -24.100579 -21.136432 -24.476264 -25.029146 -25.709957 -26.217654 -21.464265 -13.958961 -22.498557 -28.000256 -27.518206 -23.994845 -21.589931 -29.670681 -30.827283 -35.348027 -35.625773 -28.896401 -32.001580 -34.363313 -32.057452 -36.039677 -39.602644 
-11.263679 4.910597 13.598599 7.354654 12.454409 15.826895 10.576577 18.213655 6.189346 6.302740 2.974033 3.582923 4.719934 -2.343403 -7.038729 -13.461029 -20.051558 -23.985316 -24.955752 -27.709097 -30.671642 -29.583604 -28.615556 -25.281898 -21.148203 -24.067832 -29.388750 -28.897331 -20.644462 -21.205440 -27.644433 -38.837722 -41.161633 -37.807691 -33.575656 -32.471125 -34.001968 -33.321869 -34.555312 -41.818395 
-11.521378 6.366796 13.635675 6.699098 14.135871 14.431231 14.209662 20.719449 10.389525 8.940844 8.193538 5.864337 7.038513 -1.889257 -7.468833 -10.371685 -18.026719 -22.067406 -22.290451 -25.275680 -28.007731 -28.995153 -28.712126 -25.914602 -19.482940 -20.409368 -25.303337 -26.413411 -16.442095 -16.674653 -24.342884 -36.644905 -38.275332 -30.509986 -23.789913 -22.813710 -34.477812 -34.854651 -37.630577 -40.668682 
-13.643378 6.503208 13.233895 5.861752 14.471478 12.357309 16.594684 19.510486 13.532190 11.815809 11.491270 7.545720 7.807510 -2.652524 -7.463621 -11.709334 -19.026793 -22.922551 -23.226293 -25.169993 -28.609466 -31.255550 -30.878662 -26.628888 -19.110302 -17.808839 -23.938097 -24.919697 -14.541044 -15.436413 -23.397770 -38.343123 -42.118459 -31.073069 -25.059114 -23.145778 -32.986296 -31.231754 -36.101477 -44.857034 
-13.856725 7.081549 12.852392 4.985702 14.575029 11.870296 17.668080 17.551871 16.299250 12.429219 11.845987 7.646019 7.105130 -0.432547 -7.477159 -13.326362 -19.314016 -21.453002 -22.288115 -25.583315 -29.407026 -29.413444 -29.509991 -27.348896 -20.187560 -17.238842 -22.574241 -23.876843 -14.190003 -14.259166 -21.649572 -36.023241 -39.060975 -32.440663 -26.389226 -23.301771 -31.245201 -30.594273 -35.302064 -42.771936 
-10.284990 7.494238 12.657990 6.297515 14.670017 11.480044 17.979807 15.751823 17.487059 11.789860 11.406584 8.063311 5.295551 -0.720413 -7.891426 -14.663999 -20.248841 -23.284665 -23.688767 -25.626958 -27.802467 -29.080964 -29.726358 -26.866047 -21.109509 -17.221448 -19.983893 -21.771116 -12.093401 -12.683814 -20.628897 -34.484061 -38.441330 -31.333667 -24.397584 -21.936320 -30.112017 -27.938214 -33.961052 -41.549689 
-10.618710 7.897325 12.585587 6.012568 14.674946 10.756909 18.208865 15.105882 18.198136 11.389652 11.050774 8.499783 4.885377 -1.124706 -9.053688 -17.069030 -21.557320 -23.937088 -24.509543 -25.835755 -29.315773 -31.979414 -31.384604 -27.822553 -23.935273 -17.382169 -21.231876 -23.318762 -12.835773 -12.764740 -20.707228 -36.260237 -43.322261 -32.899331 -25.985419 -24.021370 -31.726978 -30.959375 -36.561229 -46.588286 
-10.468354 7.728976 12.393611 5.084922 14.797719 10.354888 18.073547 14.118473 18.208524 10.539278 10.311184 8.361613 3.956173 -1.689337 -8.250206 -16.024223 -21.295332 -23.963565 -24.574251 -25.825914 -29.411488 -31.000067 -30.822642 -28.629075 -24.136358 -17.537958 -20.604309 -22.616791 -12.775893 -12.468073 -20.227814 -36.221740 -42.118113 -31.691557 -25.669120 -24.300992 -32.836179 -32.452270 -37.445207 -44.526294 
-9.562395 7.930957 12.064960 6.435699 14.744812 10.663243 17.943097 14.436269 18.325593 11.087700 10.162547 8.694300 3.722095 -1.512541 -8.206364 -15.812719 -20.798070 -23.436176 -24.497432 -26.773670 -29.118505 -30.383756 -29.760890 -27.858355 -24.920840 -18.373957 -20.504926 -22.590528 -12.721477 -12.004736 -19.574842 -34.289155 -41.345214 -31.663387 -25.945085 -25.015821 -32.037297 -32.385611 -37.398142 -42.310838 
-11.495478 7.720083 11.694870 6.476752 14.543450 10.143743 17.456557 14.117684 19.234061 11.782635 9.924173 9.721008 4.510422 -1.224552 -8.030365 -16.146196 -22.246514 -23.945599 -24.386060 -26.941158 -31.006720 -33.776386 -32.424793 -29.453077 -24.486081 -17.212475 -18.719207 -22.176360 -11.855583 -10.603825 -18.453746 -34.687008 -46.656757 -31.772841 -25.021754 -22.508813 -30.624897 -29.230877 -32.281675 -47.918514 
-10.527848 7.882709 11.406629 6.241569 14.401322 8.872954 16.733547 13.614866 20.741767 12.240111 9.172426 10.642150 4.937038 -0.415942 -9.020838 -16.703999 -22.504876 -23.877637 -22.477249 -24.507100 -29.739377 -30.321838 -28.656210 -28.802866 -24.850291 -17.773696 -19.097165 -22.149030 -11.425722 -9.540034 -17.170789 -32.085170 -37.287092 -28.618169 -23.114025 -22.145038 -32.159245 -30.470595 -33.170428 -39.331469 
-5.580032 7.927741 10.828876 6.526104 13.923631 8.824863 15.939142 13.396528 21.215442 11.419470 8.222992 10.644157 5.133377 -0.946593 -10.195319 -15.711674 -21.465191 -23.926586 -23.385054 -26.208705 -29.734034 -30.727651 -32.306153 -31.462284 -24.975073 -18.230352 -19.643836 -22.786241 -12.599395 -10.691825 -18.020006 -32.534556 -44.347465 -30.552887 -24.880109 -24.078385 -31.604064 -27.924833 -33.596475 -49.578849 
-8.807036 7.448044 10.239636 6.603457 13.167345 9.226705 15.312120 14.063354 20.814693 10.767728 8.018047 10.087349 5.855830 -0.774398 -10.261606 -14.910960 -20.079793 -23.231953 -23.267812 -26.086824 -30.019727 -32.297286 -33.253614 -30.109335 -25.889281 -19.147756 -20.718000 -23.952862 -13.831790 -12.151704 -19.289470 -34.116595 -42.756196 -33.244037 -25.743242 -23.764316 -31.382624 -30.915657 -36.783382 -47.733316 
-9.142540 7.043193 10.183593 5.707993 12.870618 8.544665 14.748279 14.126761 20.286896 9.559035 7.328667 9.364733 5.566779 -1.632794 -12.478799 -17.158933 -22.865228 -25.682459 -24.918524 -27.176911 -31.014260 -32.307280 -33.532888 -32.121282 -27.508536 -19.676473 -20.105199 -24.861447 -14.375120 -11.703586 -18.636839 -32.750582 -43.666914 -33.046050 -26.411803 -24.795056 -34.527367 -32.757616 -33.169234 -44.903099 
-11.207698 6.858645 10.103327 4.889199 12.596019 6.958800 14.459767 13.251103 20.013961 10.075824 7.055089 8.769027 4.724515 -1.118471 -11.665861 -15.468189 -21.073228 -24.387470 -23.882673 -26.067531 -29.713740 -30.689516 -30.830903 -30.340241 -26.667721 -19.981051 -19.831442 -24.334472 -15.554688 -13.164214 -20.124618 -32.064102 -37.391535 -34.672919 -29.183681 -27.024775 -33.998045 -32.008518 -36.039050 -39.380769 
-9.455918 6.654621 9.676019 5.087057 11.822279 6.861974 13.333623 11.101538 19.331172 9.612705 6.389740 8.706594 5.831909 -0.087903 -10.820698 -14.617187 -20.313601 -23.797796 -24.839160 -25.386642 -27.640822 -27.857962 -28.953624 -29.250136 -26.184797 -20.896391 -20.480488 -25.010496 -16.767535 -13.324389 -20.938228 -32.283452 -35.312985 -32.590984 -29.602191 -27.194858 -32.556281 -33.501818 -36.175167 -37.604465 
-9.388537 6.419457 9.050195 4.810804 11.178339 6.608884 11.809641 10.965904 18.421622 8.673825 5.235854 7.833894 5.797339 0.207470 -11.292126 -16.705292 -23.758753 -29.268179 -28.078858 -29.758884 -32.563358 -34.388803 -34.424532 -33.557302 -30.853745 -23.635103 -22.542860 -28.505164 -19.243901 -16.185016 -23.672941 -37.123149 -44.328446 -38.864929 -33.585174 -31.816592 -35.471387 -36.995171 -39.765083 -46.606485 
-9.652817 6.265173 9.085372 4.106194 10.576718 5.362149 9.949220 10.129262 16.907499 8.194436 4.710163 6.243637 5.805967 0.391821 -9.786989 -15.342688 -24.649574 -30.747980 -30.105663 -31.898015 -34.766889 -37.644478 -36.056058 -33.530748 -31.743476 -24.146750 -21.935378 -27.991759 -22.318478 -18.475101 -25.606168 -37.669799 -46.108375 -38.355118 -30.852106 -28.020099 -36.172837 -36.239158 -36.727055 -47.516966 
-11.156583 5.866248 9.165298 2.714924 9.391885 2.870359 6.673228 7.191452 13.446345 5.677857 3.221038 4.189384 2.889273 -1.341839 -10.408601 -17.833783 -26.821256 -30.781591 -31.408129 -32.426142 -35.171287 -37.878724 -38.075520 -36.463602 -34.637598 -27.884237 -24.712513 -32.162075 -23.900801 -19.200989 -26.106558 -40.073495 -46.154370 -38.585809 -33.543073 -32.603200 -36.848910 -34.871173 -39.086281 -48.012287 
-10.711581 5.620619 9.342110 2.671062 7.363745 -0.472272 2.690367 1.023722 8.354600 -0.060153 -2.089772 -1.042148 -2.456548 -6.480484 -12.407012 -20.254453 -27.311761 -35.077682 -36.802258 -35.465830 -37.440096 -40.026127 -42.775624 -42.797912 -41.114937 -35.214316 -30.289838 -38.315533 -34.561266 -31.002027 -34.944644 -46.044183 -50.165649 -42.408567 -38.757247 -36.905281 -37.495235 -36.715252 -42.758938 -55.361125 
-11.024788 5.914641 9.446553 0.675363 4.580730 -0.858257 -1.759609 -5.448279 1.204277 -4.202530 -3.976223 -6.145155 -7.681500 -10.491923 -18.871831 -26.243182 -31.340453 -42.251298 -43.204856 -43.775456 -42.381546 -49.929720 -49.044005 -48.845227 -48.376280 -43.577333 -34.208101 -41.073538 -36.729487 -32.443373 -36.648376 -46.149250 -50.756043 -46.589031 -41.515903 -40.514670 -38.484514 -36.592155 -44.314679 -54.231474 
-13.431985 4.797588 9.648644 0.472966 -1.106454 -6.551426 -8.699168 -11.528482 -6.960276 -9.694577 -8.081441 -10.381261 -8.342249 -14.416951 -26.388028 -29.234659 -33.584018 -38.540971 -35.705593 -46.511156 -45.760096 -46.728147 -51.513186 -49.636772 -47.619851 -40.712851 -37.650404 -40.727260 -38.748814 -34.543890 -36.291861 -43.532710 -51.396241 -44.433221 -38.204562 -42.736956 -40.974377 -41.401202 -43.216872 -51.464079 
-5.283461 1.462516 3.478027 0.058457 -7.737447 -16.332210 -15.796589 -13.038021 -12.644162 -16.576403 -14.593355 -14.419031 -18.457817 -18.555739 -26.573384 -27.219610 -32.274683 -37.805501 -39.540617 -42.538828 -43.543915 -42.343033 -43.870699 -44.891986 -45.720008 -41.161467 -39.799981 -40.071763 -36.152242 -35.828135 -37.052909 -44.128946 -48.419914 -43.336305 -42.466781 -46.121848 -44.370564 -45.985441 -47.405153 -50.877427 
-26.778312 -26.953139 -26.015258 -27.788577 -28.348518 -29.395968 -30.553667 -32.218429 -34.944171 -38.302629 -43.954333 -48.886909 -45.836492 -42.278110 -41.208743 -41.779110 -43.696402 -46.251658 -47.364953 -46.947451 -47.454232 -49.562007 -50.926331 -50.129353 -50.724413 -53.241234 -53.692369 -53.499510 -55.731253 -56.149996 -54.155570 -53.567591 -54.575908 -54.864211 -56.622523 -57.239434 -56.776751 -56.852356 -58.163863 -57.548935 
-61.585420 -57.845556 -58.015160 -63.045652 -73.206323 -68.003380 -69.237469 -73.179570 -72.297259 -73.015341 -76.260307 -77.987776 -78.204110 -73.254879 -68.113684 -76.680532 -83.495984 -83.947928 -83.134503 -84.399472 -84.694971 -85.789285 -83.126105 -82.698727 -84.929432 -81.141205 -83.338430 -88.080198 -85.145346 -91.260934 -89.409001 -86.593375 -86.273348 -85.633404 -87.195034 -89.435765 -90.885085 -91.913457 -95.265658 -92.512134 
NaN NaN NaN NaN NaN NaN NaN NaN NaN NaN NaN NaN NaN NaN NaN NaN NaN NaN NaN NaN NaN NaN NaN NaN NaN NaN NaN NaN NaN NaN NaN NaN NaN NaN NaN NaN NaN NaN NaN NaN 
NaN NaN NaN NaN NaN NaN NaN NaN NaN NaN NaN NaN NaN NaN NaN NaN NaN NaN NaN NaN NaN NaN NaN NaN NaN NaN NaN NaN NaN NaN NaN NaN NaN NaN NaN NaN NaN NaN NaN NaN 
NaN NaN NaN NaN NaN NaN NaN NaN NaN NaN NaN NaN NaN NaN NaN NaN NaN NaN NaN NaN NaN NaN NaN NaN NaN NaN NaN NaN NaN NaN NaN NaN NaN NaN NaN NaN NaN NaN NaN NaN 
NaN NaN NaN NaN NaN NaN NaN NaN NaN NaN NaN NaN NaN NaN NaN NaN NaN NaN NaN NaN NaN NaN NaN NaN NaN NaN NaN NaN NaN NaN NaN NaN NaN NaN NaN NaN NaN NaN NaN NaN 
NaN NaN NaN NaN NaN NaN NaN NaN NaN NaN NaN NaN NaN NaN NaN NaN NaN NaN NaN NaN NaN NaN NaN NaN NaN NaN NaN NaN NaN NaN NaN NaN NaN NaN NaN NaN NaN NaN NaN NaN 
NaN NaN NaN NaN NaN NaN NaN NaN NaN NaN NaN NaN NaN NaN NaN NaN NaN NaN NaN NaN NaN NaN NaN NaN NaN NaN NaN NaN NaN NaN NaN NaN NaN NaN NaN NaN NaN NaN NaN NaN 
NaN NaN NaN NaN NaN NaN NaN NaN NaN NaN NaN NaN NaN NaN NaN NaN NaN NaN NaN NaN NaN NaN NaN NaN NaN NaN NaN NaN NaN NaN NaN NaN NaN NaN NaN NaN NaN NaN NaN NaN 
NaN NaN NaN NaN NaN NaN NaN NaN NaN NaN NaN NaN NaN NaN NaN NaN NaN NaN NaN NaN NaN NaN NaN NaN NaN NaN NaN NaN NaN NaN NaN NaN NaN NaN NaN NaN NaN NaN NaN NaN 
NaN NaN NaN NaN NaN NaN NaN NaN NaN NaN NaN NaN NaN NaN NaN NaN NaN NaN NaN NaN NaN NaN NaN NaN NaN NaN NaN NaN NaN NaN NaN NaN NaN NaN NaN NaN NaN NaN NaN NaN 
NaN NaN NaN NaN NaN NaN NaN NaN NaN NaN NaN NaN NaN NaN NaN NaN NaN NaN NaN NaN NaN NaN NaN NaN NaN NaN NaN NaN NaN NaN NaN NaN NaN NaN NaN NaN NaN NaN NaN NaN 
NaN NaN NaN NaN NaN NaN NaN NaN NaN NaN NaN NaN NaN NaN NaN NaN NaN NaN NaN NaN NaN NaN NaN NaN NaN NaN NaN NaN NaN NaN NaN NaN NaN NaN NaN NaN NaN NaN NaN NaN 
NaN NaN NaN NaN NaN NaN NaN NaN NaN NaN NaN NaN NaN NaN NaN NaN NaN NaN NaN NaN NaN NaN NaN NaN NaN NaN NaN NaN NaN NaN NaN NaN NaN NaN NaN NaN NaN NaN NaN NaN 
