-91.856173 -92.115394 -96.810592 -91.910708 -94.617069 -94.214726 -92.599823 -94.871097 -92.919890 -94.039027 -93.980325 -92.912055 -94.478767 -93.646991 -93.452079 -93.640422 -93.936781 -93.703482 -93.867730 -93.693809 -93.978639 -93.795986 -93.764726 -93.858158 -94.073099 -93.780673 -94.118968 -94.040236 -94.053549 -94.123466 -94.183165 -94.229852 -94.303480 -94.376629 -94.377055 -94.458534 -94.512956 -94.553189 -95.106474 -97.375987 
-83.617451 -85.739441 -80.775988 -84.053849 -83.227308 -81.833982 -85.363411 -81.355635 -85.071053 -81.810480 -84.001506 -83.046351 -82.966426 -83.934559 -83.401814 -83.305656 -83.760467 -83.834604 -84.016426 -84.268998 -84.335922 -84.551117 -84.605339 -84.766576 -85.438472 -85.015782 -85.751169 -85.687364 -86.132064 -86.574670 -87.053124 -87.725907 -88.585114 -89.596351 -90.907460 -92.359918 -93.937318 -95.483227 -97.665367 -101.072942 
-83.790653 -83.979354 -82.794588 -83.820859 -83.549460 -83.171722 -83.970483 -83.061733 -84.009327 -83.234107 -83.835581 -83.617683 -83.600528 -83.940403 -83.867128 -83.902462 -84.078608 -84.236943 -84.380416 -84.560346 -84.779532 -85.012006 -85.277382 -85.614740 -86.113058 -86.467641 -87.145626 -87.728186 -88.562943 -89.538089 -90.718775 -92.213279 -94.130039 -96.644800 -100.506007 -106.308226 -109.639534 -103.959110 -100.208705 -99.831809 
NaN NaN NaN NaN NaN NaN NaN NaN NaN NaN NaN NaN NaN NaN NaN NaN NaN NaN NaN NaN NaN NaN NaN NaN NaN NaN NaN NaN NaN NaN NaN NaN NaN NaN NaN NaN NaN NaN NaN NaN 
NaN NaN NaN NaN NaN NaN NaN NaN NaN NaN NaN NaN NaN NaN NaN NaN NaN NaN NaN NaN NaN NaN NaN NaN NaN NaN NaN NaN NaN NaN NaN NaN NaN NaN NaN NaN NaN NaN NaN NaN 
NaN NaN NaN NaN NaN NaN NaN NaN NaN NaN NaN NaN NaN NaN NaN NaN NaN NaN NaN NaN NaN NaN NaN NaN NaN NaN NaN NaN NaN NaN NaN NaN NaN NaN NaN NaN NaN NaN NaN NaN 
-156.179551 -156.173501 -156.163490 -156.146759 -156.124386 -156.093594 -156.056831 -156.010985 -155.952232 -155.885244 -155.807893 -155.717783 -155.619470 -155.510138 -155.391511 -155.267861 -155.137408 -155.006304 -154.876694 -154.753347 -154.639480 -154.538924 -154.456658 -154.392268 -154.344028 -154.304507 -154.256648 -154.171783 -154.006900 -153.709310 -153.229063 -152.545297 -151.676515 -150.671952 -149.605600 -148.557123 -147.589177 -146.755083 -146.102871 -145.678294 
-88.883017 -88.883296 -88.883769 -88.884591 -88.885748 -88.887455 -88.889662 -88.892669 -88.896946 -88.902407 -88.909486 -88.918775 -88.930183 -88.944471 -88.961865 -88.982178 -89.006172 -89.033313 -89.063929 -89.098065 -89.136765 -89.181687 -89.233997 -89.297187 -89.373205 -89.462423 -89.564266 -89.677410 -89.804813 -89.953195 -90.132192 -90.344872 -90.586439 -90.857144 -91.177809 -91.572518 -92.023487 -92.561522 -93.667281 -96.598845 
-94.963155 -94.963445 -94.963936 -94.964788 -94.965982 -94.967736 -94.969993 -94.973054 -94.977385 -94.982889 -94.989995 -94.999289 -95.010673 -95.024907 -95.042219 -95.062439 -95.086346 -95.113433 -95.144054 -95.178263 -95.217091 -95.262151 -95.314536 -95.377681 -95.453530 -95.542546 -95.644312 -95.757611 -95.885299 -96.033791 -96.212506 -96.424802 -96.666514 -96.937796 -97.258259 -97.652155 -98.104177 -98.636660 -99.682881 -102.319686 
NaN NaN NaN NaN NaN NaN NaN NaN NaN NaN NaN NaN NaN NaN NaN NaN NaN NaN NaN NaN NaN NaN NaN NaN NaN NaN NaN NaN NaN NaN NaN NaN NaN NaN NaN NaN NaN NaN NaN NaN 
NaN NaN NaN NaN NaN NaN NaN NaN NaN NaN NaN NaN NaN NaN NaN NaN NaN NaN NaN NaN NaN NaN NaN NaN NaN NaN NaN NaN NaN NaN NaN NaN NaN NaN NaN NaN NaN NaN NaN NaN 
NaN NaN NaN NaN NaN NaN NaN NaN NaN NaN NaN NaN NaN NaN NaN NaN NaN NaN NaN NaN NaN NaN NaN NaN NaN NaN NaN NaN NaN NaN NaN NaN NaN NaN NaN NaN NaN NaN NaN NaN 
-84.542010 -84.545727 -84.551916 -84.562376 -84.576577 -84.596552 -84.621046 -84.652604 -84.694772 -84.745338 -84.807228 -84.884400 -84.975351 -85.085920 -85.218524 -85.373438 -85.559495 -85.776700 -86.032395 -86.330932 -86.683104 -87.101800 -87.592025 -88.181124 -88.890994 -89.745893 -90.784284 -92.052849 -93.648682 -95.727068 -98.606075 -103.027222 -111.607925 -112.650547 -104.227010 -100.298447 -98.123375 -96.982501 -97.046733 -99.372054 
-82.099317 -82.103028 -82.109208 -82.119653 -82.133836 -82.153788 -82.178259 -82.209794 -82.251941 -82.302496 -82.364385 -82.441572 -82.532555 -82.643171 -82.775833 -82.930803 -83.116903 -83.334119 -83.589787 -83.888267 -84.240378 -84.659060 -85.149367 -85.738662 -86.448793 -87.303890 -88.342301 -89.610775 -91.206812 -93.286390 -96.168394 -100.597408 -109.282201 -110.336328 -101.790745 -97.858166 -95.682980 -94.542158 -94.646242 -97.242218 
NaN NaN NaN NaN NaN NaN NaN NaN NaN NaN NaN NaN NaN NaN NaN NaN NaN NaN NaN NaN NaN NaN NaN NaN NaN NaN NaN NaN NaN NaN NaN NaN NaN NaN NaN NaN NaN NaN NaN NaN 
NaN NaN NaN NaN NaN NaN NaN NaN NaN NaN NaN NaN NaN NaN NaN NaN NaN NaN NaN NaN NaN NaN NaN NaN NaN NaN NaN NaN NaN NaN NaN NaN NaN NaN NaN NaN NaN NaN NaN NaN 
NaN NaN NaN NaN NaN NaN NaN NaN NaN NaN NaN NaN NaN NaN NaN NaN NaN NaN NaN NaN NaN NaN NaN NaN NaN NaN NaN NaN NaN NaN NaN NaN NaN NaN NaN NaN NaN NaN NaN NaN 
NaN NaN NaN NaN NaN NaN NaN NaN NaN NaN NaN NaN NaN NaN NaN NaN NaN NaN NaN NaN NaN NaN NaN NaN NaN NaN NaN NaN NaN NaN NaN NaN NaN NaN NaN NaN NaN NaN NaN NaN 
NaN NaN NaN NaN NaN NaN NaN NaN NaN NaN NaN NaN NaN NaN NaN NaN NaN NaN NaN NaN NaN NaN NaN NaN NaN NaN NaN NaN NaN NaN NaN NaN NaN NaN NaN NaN NaN NaN NaN NaN 
NaN NaN NaN NaN NaN NaN NaN NaN NaN NaN NaN NaN NaN NaN NaN NaN NaN NaN NaN NaN NaN NaN NaN NaN NaN NaN NaN NaN NaN NaN NaN NaN NaN NaN NaN NaN NaN NaN NaN NaN 
NaN NaN NaN NaN NaN NaN NaN NaN NaN NaN NaN NaN NaN NaN NaN NaN NaN NaN NaN NaN NaN NaN NaN NaN NaN NaN NaN NaN NaN NaN NaN NaN NaN NaN NaN NaN NaN NaN NaN NaN 
NaN NaN NaN NaN NaN NaN NaN NaN NaN NaN NaN NaN NaN NaN NaN NaN NaN NaN NaN NaN NaN NaN NaN NaN NaN NaN NaN NaN NaN NaN NaN NaN NaN NaN NaN NaN NaN NaN NaN NaN 
NaN NaN NaN NaN NaN NaN NaN NaN NaN NaN NaN NaN NaN NaN NaN NaN NaN NaN NaN NaN NaN NaN NaN NaN NaN NaN NaN NaN NaN NaN NaN NaN NaN NaN NaN NaN NaN NaN NaN NaN 
NaN NaN NaN NaN NaN NaN NaN NaN NaN NaN NaN NaN NaN NaN NaN NaN NaN NaN NaN NaN NaN NaN NaN NaN NaN NaN NaN NaN NaN NaN NaN NaN NaN NaN NaN NaN NaN NaN NaN NaN 
NaN NaN NaN NaN NaN NaN NaN NaN NaN NaN NaN NaN NaN NaN NaN NaN NaN NaN NaN NaN NaN NaN NaN NaN NaN NaN NaN NaN NaN NaN NaN NaN NaN NaN NaN NaN NaN NaN NaN NaN 
NaN NaN NaN NaN NaN NaN NaN NaN NaN NaN NaN NaN NaN NaN NaN NaN NaN NaN NaN NaN NaN NaN NaN NaN NaN NaN NaN NaN NaN NaN NaN NaN NaN NaN NaN NaN NaN NaN NaN NaN 
NaN NaN NaN NaN NaN NaN NaN NaN NaN NaN NaN NaN NaN NaN NaN NaN NaN NaN NaN NaN NaN NaN NaN NaN NaN NaN NaN NaN NaN NaN NaN NaN NaN NaN NaN NaN NaN NaN NaN NaN 
NaN NaN NaN NaN NaN NaN NaN NaN NaN NaN NaN NaN NaN NaN NaN NaN NaN NaN NaN NaN NaN NaN NaN NaN NaN NaN NaN NaN NaN NaN NaN NaN NaN NaN NaN NaN NaN NaN NaN NaN 
NaN NaN NaN NaN NaN NaN NaN NaN NaN NaN NaN NaN NaN NaN NaN NaN NaN NaN NaN NaN NaN NaN NaN NaN NaN NaN NaN NaN NaN NaN NaN NaN NaN NaN NaN NaN NaN NaN NaN NaN 
NaN NaN NaN NaN NaN NaN NaN NaN NaN NaN NaN NaN NaN NaN NaN NaN NaN NaN NaN NaN NaN NaN NaN NaN NaN NaN NaN NaN NaN NaN NaN NaN NaN NaN NaN NaN NaN NaN NaN NaN 
NaN NaN NaN NaN NaN NaN NaN NaN NaN NaN NaN NaN NaN NaN NaN NaN NaN NaN NaN NaN NaN NaN NaN NaN NaN NaN NaN NaN NaN NaN NaN NaN NaN NaN NaN NaN NaN NaN NaN NaN 
NaN NaN NaN NaN NaN NaN NaN NaN NaN NaN NaN NaN NaN NaN NaN NaN NaN NaN NaN NaN NaN NaN NaN NaN NaN NaN NaN NaN NaN NaN NaN NaN NaN NaN NaN NaN NaN NaN NaN NaN 
NaN NaN NaN NaN NaN NaN NaN NaN NaN NaN NaN NaN NaN NaN NaN NaN NaN NaN NaN NaN NaN NaN NaN NaN NaN NaN NaN NaN NaN NaN NaN NaN NaN NaN NaN NaN NaN NaN NaN NaN 
-74.374589 -74.610650 -75.008062 -75.690709 -76.647020 -78.048151 -79.879740 -82.470370 -86.436282 -91.702738 -94.092666 -91.218765 -89.475730 -89.769535 -92.252669 -97.745167 -101.887242 -97.457726 -95.766836 -96.341446 -96.791247 -97.520199 -102.885595 -105.309978 -98.391543 -100.495757 -104.309069 -99.272154 -104.022568 -104.348464 -105.038619 -99.619042 -98.471521 -100.862162 -102.032870 -109.105307 -110.327937 -106.706189 -110.314961 -110.070440 
-45.586746 -45.921763 -51.517184 -60.123389 -62.246793 -63.010306 -62.509500 -63.161893 -74.526665 -75.030068 -72.194502 -76.773812 -72.525062 -65.597141 -70.572797 -73.764011 -68.401230 -70.509373 -70.844822 -75.055717 -75.588198 -71.405313 -73.246401 -76.955419 -80.715670 -77.840785 -77.389020 -79.545432 -83.271567 -77.872389 -75.080107 -79.040298 -78.594736 -77.671104 -76.734659 -79.671983 -80.470031 -83.539124 -81.754084 -79.216231 
-35.366921 -49.193064 -52.984431 -58.241672 -55.674698 -60.651970 -62.532582 -62.627836 -65.385447 -63.614429 -65.008489 -63.740865 -66.713938 -64.333606 -68.052665 -67.557289 -68.973188 -69.824983 -72.471011 -68.130530 -67.761622 -69.328032 -70.744600 -70.785068 -71.123977 -75.963476 -75.334516 -74.337944 -76.468151 -75.649274 -74.320609 -73.133678 -74.607791 -75.104251 -72.584947 -73.941064 -74.651552 -74.473139 -75.105491 -76.515763 
-23.330201 -35.684264 -52.926209 -53.425729 -50.728038 -59.218611 -64.295744 -66.205194 -67.546115 -63.487827 -64.404601 -67.867720 -67.619750 -65.404539 -66.917812 -71.814103 -73.866744 -69.440900 -69.214070 -69.879800 -71.843422 -71.122626 -71.060791 -68.380231 -71.129693 -75.992026 -75.326930 -75.800296 -78.516452 -76.762353 -76.310113 -75.619458 -73.194676 -71.965458 -70.170589 -75.221157 -76.215521 -74.828484 -76.038257 -76.416738 
-21.718478 -29.512852 -41.280361 -48.361189 -50.150544 -52.976390 -61.115484 -64.972759 -65.491966 -64.174382 -61.472284 -64.561353 -62.963009 -64.666848 -65.596036 -68.866717 -72.288737 -72.594127 -67.225068 -71.835549 -70.786651 -73.749822 -75.285170 -75.256610 -75.381899 -70.986876 -69.548665 -70.667268 -70.848749 -67.800195 -68.950457 -72.648147 -71.380487 -72.307065 -72.962036 -73.585136 -72.414054 -70.346216 -72.105318 -74.923489 
-25.494765 -38.441395 -52.571378 -52.355366 -50.501680 -55.240560 -57.811295 -58.762352 -58.247290 -61.720680 -63.101615 -67.079509 -62.671056 -63.846836 -64.402314 -67.066510 -67.097207 -68.875627 -70.937054 -68.573858 -69.714182 -70.874838 -70.465891 -70.912241 -70.594083 -71.637747 -69.749174 -70.177533 -72.448278 -70.247557 -69.211047 -71.320669 -73.378319 -71.229160 -71.816483 -74.460708 -74.287005 -74.071158 -71.555876 -74.275040 
-10.611990 -16.415977 -19.486429 -22.560892 -23.815199 -22.095760 -21.154450 -21.350689 -23.807834 -28.207133 -30.593785 -28.630409 -28.867613 -29.236989 -26.509156 -24.715681 -25.435717 -27.538685 -30.142103 -34.809095 -28.522475 -26.021845 -31.972723 -34.798946 -37.513264 -30.973038 -26.255753 -25.406194 -28.471354 -28.221264 -27.900785 -26.061326 -28.132019 -33.679234 -43.702410 -37.560473 -37.093295 -46.750971 -43.471077 -43.101887 
0.403509 -1.832611 -10.953174 -10.333550 -9.457559 -10.245698 -5.513538 -2.992501 -7.926422 -19.280048 -16.195351 -17.805092 -16.776099 -14.719509 -13.559796 -9.129415 -9.242768 -13.909251 -15.766480 -21.870252 -9.910162 -5.996113 -17.803523 -21.770508 -11.067993 -11.686287 -9.659861 -9.391858 -9.810644 -11.126233 -9.205249 -7.464576 -9.209794 -13.310328 -15.453260 -12.321470 -13.092376 -16.176859 -18.328158 -19.059234 
-0.774893 -1.751252 -9.855799 -20.633913 -23.784970 -16.600105 -8.926499 -9.047119 -12.899770 -21.333890 -24.090770 -18.457558 -22.734463 -19.647863 -18.017530 -18.736434 -20.079686 -19.560518 -22.573892 -23.614952 -14.209460 -7.079240 -16.611439 -18.912063 -10.595440 -9.016295 -11.212017 -8.205448 -4.080860 -3.392994 -5.140944 -2.427736 -3.943908 -11.411086 -10.531053 -10.174727 -7.490453 -6.982581 -9.959973 -13.684091 
-9.026609 -9.701002 -18.479724 -18.953980 -17.868177 -18.238148 -11.973457 -11.944685 -12.574384 -14.028313 -19.236844 -15.512704 -17.148016 -11.100565 -16.172630 -14.570487 -18.749428 -21.904469 -21.888970 -22.973346 -17.315835 -11.392423 -16.646622 -15.339506 -3.663132 -9.419553 -12.903145 -10.601524 -7.655776 -1.677243 -4.619621 -2.391714 -4.633934 -10.207513 -13.163670 -11.540880 -11.835375 -13.146313 -14.134599 -16.476502 
-14.652033 -15.951513 -19.546439 -18.383740 -21.828860 -25.148989 -18.613115 -12.791584 -15.356259 -19.618323 -17.937705 -19.705366 -14.742072 -15.692238 -15.041405 -15.254772 -18.633593 -22.032175 -17.222687 -16.365148 -10.580750 -8.468226 -21.329598 -22.178721 -11.120729 -9.743732 -12.161491 -13.294594 -8.752168 -6.015234 -7.231975 -8.269206 -11.510172 -12.611005 -15.293208 -13.578864 -14.368923 -17.339384 -17.391460 -21.460214 
-16.205952 -14.978851 -16.064611 -14.437847 -16.078886 -16.307531 -15.833126 -15.707001 -22.722758 -25.570958 -18.615492 -15.923705 -8.751208 -8.573655 -11.080165 -21.180925 -29.981256 -25.861351 -20.774791 -15.128163 -11.336055 -4.731326 -16.992811 -18.389389 -13.265066 -6.010080 -11.270949 -13.154585 -11.604366 -7.355777 -9.663918 -14.741790 -14.798871 -13.287380 -17.603311 -21.010086 -19.788324 -20.146416 -22.702248 -21.604551 
-6.982191 -2.498289 2.580913 2.463202 -9.520759 -16.039430 -7.874439 -5.260788 -8.575300 -16.489376 -16.246724 -20.187828 -17.068750 -16.343033 -15.601257 -20.417133 -21.198717 -14.701473 -19.896132 -16.700630 -15.391725 -4.536820 -8.097550 -20.154723 -14.299442 -9.208294 -12.995360 -13.270730 -13.410602 -13.106537 -17.069011 -19.103576 -17.877521 -17.949467 -21.094760 -23.375472 -22.510112 -19.983318 -25.329162 -21.177389 
-1.099711 11.957801 20.672944 20.526052 10.935846 7.051729 11.024410 2.942824 -0.577480 -2.604558 -6.316215 -9.884345 -15.990391 -16.852870 -15.351229 -18.340860 -20.303626 -18.357105 -18.256424 -17.601008 -17.825749 -6.784897 -5.775454 -16.433349 -9.580903 -4.396136 -10.916348 -12.471131 -20.446568 -18.547212 -24.714735 -24.490343 -17.960944 -16.766796 -18.142910 -24.491308 -22.755019 -23.786655 -25.269917 -20.307086 
-10.815652 8.333107 22.991790 22.697371 4.065076 12.720516 15.276992 8.869654 15.704164 4.265533 3.303846 -6.590925 -10.842838 -9.435323 -9.599628 -16.439636 -12.173301 -8.147190 -7.362836 -8.158832 -5.027227 0.070033 -0.721268 -11.630179 -8.672542 -2.288373 -6.382771 -11.177531 -15.166966 -15.448110 -24.894189 -25.556124 -12.830644 -11.971882 -15.124614 -21.120319 -21.173878 -20.602855 -21.453725 -21.805107 
-15.846308 3.561198 20.618803 21.669167 3.907443 16.325591 19.040489 9.125278 20.826783 9.391505 0.975792 -3.953120 -2.698954 -9.981193 -6.170139 -9.801295 -8.539350 -3.482834 -3.913155 -2.801488 -0.367903 5.533787 6.546646 -2.287526 -1.848121 1.157156 -2.762069 -5.964795 -7.273864 -8.831784 -21.413085 -21.082240 -12.211685 -9.758205 -10.463848 -17.576457 -17.232016 -16.544809 -19.197377 -18.632567 
-18.220657 -1.226618 17.636232 20.255403 3.638776 18.745590 22.583528 8.324950 20.086277 11.526418 -2.635337 -3.454997 -5.959875 -7.602196 -3.891571 -11.866208 -11.008573 -4.983733 -5.330366 -4.117675 -0.706267 5.804113 8.006894 -2.014331 -1.116550 1.541362 -2.868313 -6.149923 -7.746204 -8.348130 -21.074569 -19.918807 -11.994407 -10.005017 -10.887471 -20.125427 -17.492325 -17.440015 -19.279742 -19.218775 
-9.272901 -4.534484 15.989916 19.394595 4.216787 19.944023 24.066055 7.553505 17.164415 10.021950 -2.704496 -3.744159 -10.717867 -10.860278 -6.042616 -12.626971 -12.071984 -7.469463 -8.005456 -6.787937 -3.962552 3.152850 7.502166 -3.217744 -3.084891 0.459035 -5.584634 -8.840315 -9.692360 -10.386397 -23.755493 -22.145454 -13.205231 -12.426657 -13.555802 -23.326692 -21.844316 -19.890581 -23.350989 -22.014519 
-24.410565 -4.750913 15.633253 19.210462 3.703936 20.068854 24.693686 7.908218 15.001038 8.649100 -3.403467 -3.831812 -12.768278 -12.378665 -8.019695 -13.763315 -13.877342 -9.435543 -9.939892 -8.674992 -6.449628 -0.887059 4.554893 -3.486976 -2.278774 1.137024 -5.893538 -10.092779 -11.936712 -13.130675 -24.183261 -20.553439 -12.686766 -13.236939 -15.122027 -20.611139 -18.288306 -16.859715 -21.528449 -20.674280 
-16.727367 -7.460157 14.986486 19.258578 5.008157 19.671381 25.318185 9.144322 12.134365 7.543756 -5.699501 -4.445765 -14.873643 -13.198204 -10.155489 -13.867843 -13.966243 -11.390738 -11.151736 -9.847716 -9.096428 -3.604162 1.168769 -4.727649 -2.284495 1.032266 -6.166200 -10.353471 -10.846097 -12.220886 -24.453554 -21.345453 -14.150793 -14.046807 -15.638657 -21.448001 -19.494738 -19.558108 -23.376326 -19.517622 
-19.723542 -10.468452 14.286437 19.545024 6.881390 19.197947 26.479046 12.365001 8.340977 6.680819 -9.158243 -5.708008 -13.535310 -10.379104 -10.377993 -11.593724 -12.546836 -12.111815 -11.689900 -10.564292 -10.341719 -5.222473 -0.481892 -5.853716 -3.966530 0.215857 -5.111299 -9.622192 -10.757230 -11.563991 -25.113281 -18.871919 -11.996339 -13.518755 -14.834516 -19.960816 -19.090002 -18.803666 -21.945299 -21.037095 
-13.371468 -6.745592 14.539046 19.468907 6.143984 19.826970 26.978829 12.233792 6.685025 4.788984 -11.247773 -8.084971 -17.132303 -13.541448 -12.308941 -14.282982 -14.025334 -13.604742 -13.359473 -11.931582 -11.875899 -6.980247 -3.012097 -7.623065 -3.664846 -0.065918 -5.950992 -10.174483 -11.758817 -13.681606 -27.390292 -20.613809 -12.064384 -15.230014 -15.512315 -21.480445 -20.512912 -19.957537 -22.714907 -23.298679 
-19.058080 -6.241271 15.363750 19.060814 4.164125 21.519275 26.626403 9.962256 6.676456 1.527963 -9.115071 -8.726075 -15.388812 -16.535418 -11.621944 -16.354114 -16.430046 -12.907915 -14.030661 -13.418558 -12.263546 -8.224880 -4.435949 -4.839302 -2.588444 0.717381 -6.008526 -9.881314 -11.242204 -13.462441 -25.863977 -19.241113 -14.088523 -16.199279 -16.241334 -21.605706 -20.353392 -18.494542 -23.833433 -23.491636 
-25.903817 -4.386039 15.751341 19.110682 3.696741 22.054004 26.469381 8.744912 6.440742 -0.538802 -8.046543 -9.169105 -13.939117 -15.562954 -10.865172 -16.070779 -16.562627 -12.274103 -13.787073 -14.521948 -13.223665 -9.212442 -5.006512 -4.317264 -4.470900 -1.875304 -7.861369 -12.721103 -14.436756 -15.903367 -26.165896 -19.712658 -14.645750 -15.080205 -14.727123 -22.635054 -21.858295 -19.637545 -24.741162 -23.482150 
-28.898423 -0.688733 16.887148 18.405149 3.537851 23.373327 25.896992 8.045718 9.292093 -1.685927 -4.295285 -10.484917 -13.022030 -16.564226 -10.700596 -16.668179 -15.884729 -10.912953 -11.986332 -12.162455 -10.171462 -4.147831 0.937255 -2.282755 -1.337199 -1.847857 -8.318642 -13.101269 -13.792420 -14.602197 -27.237239 -18.871640 -13.830908 -16.947225 -16.201256 -22.796614 -23.436239 -21.398677 -25.528960 -23.223444 
-12.455445 4.123646 18.336743 17.368002 7.252821 24.914415 23.440973 8.284458 11.944245 -3.344059 -1.251448 -11.636016 -13.744878 -11.682711 -12.088361 -13.720728 -12.292174 -10.467804 -10.857675 -8.977170 -4.260149 0.744225 2.509690 -7.406199 -2.865336 -5.490716 -11.160553 -14.223240 -14.210441 -15.662070 -29.057879 -21.568529 -17.210598 -21.020287 -21.550688 -24.092342 -22.516369 -23.734804 -27.122611 -23.894089 
-13.537540 8.331941 19.226055 15.993651 15.317945 23.679030 18.343994 13.967115 11.367232 -3.056926 -5.057633 -16.884627 -11.830812 -11.179326 -10.184339 -11.080857 -13.913705 -7.294599 -1.435670 0.234808 0.227940 0.627108 -2.558831 -12.793410 -5.643208 -10.611288 -15.422263 -15.873101 -15.269639 -18.059382 -30.947565 -22.938686 -20.941131 -27.349168 -25.926554 -29.003013 -27.619350 -28.575855 -33.732980 -31.310929 
-9.052943 11.189255 18.452647 9.238366 11.986229 10.778970 10.513390 10.144901 2.687640 -14.013576 -16.373070 -20.369787 -15.959975 -14.515073 -16.462666 -17.608217 -22.609454 -17.739270 -12.376622 -10.103879 -16.472744 -19.515399 -22.113776 -24.747220 -20.489344 -25.938880 -30.256526 -30.255554 -28.681834 -33.522229 -39.315089 -35.609490 -34.991181 -38.884472 -37.015524 -40.191527 -40.587579 -41.941382 -42.093900 -42.541398 
-8.918241 11.790936 18.671594 12.380628 8.970265 6.137898 -4.530942 -6.969447 -18.031051 -17.134697 -22.121039 -22.547534 -21.995728 -20.276161 -23.495065 -28.140007 -29.299754 -30.711837 -31.491980 -33.354930 -32.117953 -33.640212 -34.816418 -35.561126 -35.255908 -36.276314 -36.847752 -37.290739 -37.898553 -38.503117 -39.062917 -39.515144 -40.013553 -40.585135 -40.885017 -41.073653 -41.323811 -41.669775 -41.893822 -42.043076 
-5.517530 12.352289 15.263085 7.824595 10.557882 1.271222 -8.094876 -15.149273 -18.014786 -24.226110 -27.434423 -27.223195 -24.452664 -24.509774 -26.457050 -33.588720 -33.576524 -34.797410 -35.590527 -36.316264 -37.446505 -37.905487 -38.536311 -39.332598 -39.759478 -40.471415 -40.950991 -41.711690 -42.339309 -42.855891 -43.302224 -43.630108 -44.168343 -44.637014 -44.932067 -45.283229 -45.577028 -45.898590 -46.054031 -46.169071 
-3.632839 10.548609 11.174616 8.922617 9.938855 0.436730 -9.918768 -17.040793 -21.285975 -29.235108 -34.666981 -33.296633 -27.596779 -22.669211 -29.457239 -39.577798 -43.888496 -50.225568 -53.197849 -54.662221 -55.342300 -56.263553 -54.320660 -55.502317 -53.459370 -56.504610 -56.057900 -58.681795 -59.610654 -58.378019 -59.801188 -56.820094 -56.331666 -58.000337 -59.187944 -60.431259 -58.816973 -56.631176 -61.398997 -61.562859 
-3.858575 3.752176 5.479227 6.041538 2.547434 -6.058668 -16.602461 -17.977491 -26.393055 -22.444163 -30.713606 -29.603243 -29.365894 -30.117033 -30.784844 -32.435205 -27.682761 -32.150024 -34.263025 -32.643600 -35.135584 -41.317274 -39.418429 -42.483501 -40.948075 -40.523922 -36.858981 -41.192266 -41.483098 -41.374974 -44.604680 -43.667751 -44.298770 -46.949271 -46.701252 -44.948062 -44.266200 -46.790216 -46.311282 -47.928845 
2.392287 10.021366 12.342232 10.738197 8.001566 6.556600 8.963047 9.852677 6.594197 -0.701799 -7.610960 -10.041227 -6.268112 -4.759393 -5.086638 -10.246329 -14.776800 -21.103764 -20.265222 -20.512304 -24.350640 -27.920014 -26.862363 -33.073407 -30.196364 -29.757351 -27.588737 -26.729156 -32.564804 -39.729075 -38.008285 -37.184315 -37.973554 -39.861863 -40.296362 -38.212009 -38.310134 -42.628289 -43.084032 -41.525451 
1.741375 13.251722 10.237296 14.232289 11.025586 8.871265 12.373668 16.421036 12.715471 4.800194 -2.750972 -2.958030 -1.249920 3.116652 3.271672 -8.659672 -16.167335 -19.989578 -21.867358 -21.812640 -23.343851 -21.504379 -20.604781 -24.113745 -22.680373 -20.411243 -19.112715 -16.379800 -20.094096 -30.344633 -43.070849 -37.899706 -31.430038 -29.141197 -29.086538 -33.470128 -30.758813 -39.690191 -38.647625 -34.854138 
2.431150 11.743710 11.239217 14.572665 8.087774 8.726519 15.366962 17.695426 16.632678 5.671122 0.689984 -4.226636 0.404190 6.818423 2.021395 -8.133470 -12.381554 -13.817734 -18.106783 -21.390521 -21.910561 -21.452861 -20.019552 -23.451216 -21.148561 -19.426948 -18.424296 -14.932770 -18.670822 -28.468504 -45.205328 -38.950324 -30.153497 -27.618375 -26.084471 -31.461701 -27.488090 -38.336671 -39.396986 -31.805202 
2.095144 9.193717 7.702424 10.633455 6.390717 6.208004 11.789587 16.707248 14.625131 4.683707 -2.605032 -8.092371 -1.368058 1.070944 -7.677839 -8.823195 -14.316147 -14.960230 -19.399482 -23.904469 -24.267171 -22.953504 -22.466262 -25.134278 -21.832950 -21.525740 -21.367716 -18.065286 -21.704483 -31.667322 -42.132910 -38.896521 -31.240177 -30.786872 -32.158370 -32.667032 -27.159809 -39.277315 -42.811602 -30.839189 
0.896137 10.907286 8.507157 8.107962 3.582391 4.978633 7.139294 9.106902 7.290157 1.230972 -4.764434 -7.398648 -6.635003 -2.725135 -6.057420 -11.518308 -17.747806 -22.051036 -24.141224 -24.749331 -25.862442 -26.347037 -29.479917 -32.765706 -29.510564 -26.696973 -25.643264 -22.157222 -23.342306 -32.437433 -46.857395 -41.559943 -32.614967 -30.903064 -31.552111 -34.514633 -29.867298 -39.914298 -41.470220 -28.962102 
3.562365 5.990117 8.318988 7.930395 7.335405 5.692138 10.055260 15.319210 13.215327 3.434951 -3.739776 -8.410310 -4.586650 3.430465 -1.560430 -10.072636 -17.076560 -21.399479 -23.169661 -23.709663 -24.876714 -24.381843 -27.232265 -33.430251 -27.039270 -24.709890 -23.581288 -18.495341 -19.116578 -28.212835 -47.930676 -43.715864 -33.644134 -28.926935 -28.539961 -35.778561 -32.063947 -39.832575 -41.280499 -36.144344 
2.938162 6.804560 9.681314 8.539646 6.846393 4.086035 6.880379 9.293841 8.599871 -1.119328 -9.042618 -11.352606 -6.352518 -4.750986 -17.672316 -22.578612 -26.190394 -29.452932 -29.492294 -30.111913 -30.792124 -31.897012 -33.359428 -36.013685 -34.160403 -30.431241 -31.412651 -24.026611 -23.805767 -33.388249 -40.788167 -39.780911 -34.468858 -27.961768 -28.231148 -34.958940 -32.736835 -41.126839 -42.104019 -32.267203 
3.124359 8.096571 10.832380 9.651187 6.511461 3.442369 8.154934 13.195423 10.045783 3.463696 -1.723173 -4.939138 -2.043034 -7.634318 -13.390855 -18.043827 -23.841229 -28.862087 -30.064541 -32.775245 -34.219170 -33.481783 -35.407192 -39.689132 -35.349183 -26.269845 -25.509751 -23.820002 -21.168131 -29.447150 -43.490154 -43.813283 -37.006702 -31.652651 -34.773568 -33.085718 -33.091800 -40.795443 -43.673932 -36.736837 
3.749009 7.098992 7.202104 1.304899 -1.068094 -7.365141 3.473106 9.986930 7.329347 -3.167603 -10.771220 -10.647861 -5.851963 -13.996234 -20.744281 -29.582770 -30.674569 -34.236329 -38.419275 -41.108205 -39.430297 -41.780165 -44.399645 -48.228197 -42.592587 -30.944108 -34.243571 -31.645537 -28.608958 -35.482521 -52.262022 -52.902133 -41.620198 -36.619761 -39.738212 -40.402458 -36.525459 -48.550298 -51.367428 -44.770045 
2.112745 2.056844 2.221343 -8.154070 -8.257085 -5.125896 6.120796 12.134443 9.415974 -2.053884 -14.300035 -10.918107 -6.975743 -12.755491 -21.074670 -33.328619 -32.579289 -34.541391 -40.431963 -41.857459 -38.603650 -43.567134 -47.339707 -48.454798 -45.733709 -28.644735 -32.132062 -29.079395 -28.204276 -30.944375 -54.746454 -54.023129 -41.993078 -32.908626 -36.120024 -38.876642 -34.950426 -52.299311 -53.820032 -45.841079 
2.800440 4.732801 4.833535 6.033474 3.909979 0.314665 5.141514 6.743446 4.031260 0.396998 -5.331786 -7.835010 -10.117817 -15.101539 -21.081882 -26.101610 -32.131913 -35.908780 -36.570715 -38.534601 -40.294000 -39.714702 -41.835715 -46.353501 -43.094187 -32.094740 -28.153608 -29.284766 -29.397820 -34.770941 -48.946504 -47.022082 -32.569270 -33.121847 -36.510540 -31.892543 -32.370042 -45.003198 -50.200609 -37.072370 
2.235432 4.112453 5.783239 1.479866 0.662740 -4.445020 2.379631 8.768132 6.943932 -2.572643 -7.772384 -9.576504 -12.705963 -19.606912 -24.428040 -30.420213 -36.204734 -38.894094 -39.918668 -41.973597 -44.696303 -43.253970 -44.183421 -49.025192 -45.639757 -33.051726 -29.773381 -32.024255 -29.266569 -33.935276 -50.620525 -48.260397 -33.316974 -32.988680 -37.280391 -34.572814 -34.178638 -48.268830 -50.122835 -40.685772 
1.907430 4.498127 6.063508 4.216570 0.590947 -1.197922 3.193862 7.891371 5.916178 -3.270319 -8.443884 -8.379789 -13.707125 -22.967529 -26.197518 -31.668536 -35.177384 -39.434618 -40.486759 -43.750945 -44.018348 -44.312122 -44.061308 -46.679591 -47.402281 -37.757622 -33.392602 -32.567564 -26.354756 -31.418588 -48.531578 -47.807022 -31.681907 -31.325503 -38.417603 -36.344774 -38.310284 -49.970212 -49.337378 -39.265935 
2.011626 6.005794 7.268164 4.839794 0.974788 -0.800199 3.594248 7.605768 6.376843 0.283976 -3.982648 -6.960046 -12.211538 -22.274229 -26.555536 -28.966122 -32.842418 -37.336479 -41.005510 -42.657795 -43.626862 -44.809921 -45.293322 -46.372715 -46.800881 -40.936708 -36.468525 -37.073105 -33.563148 -37.705126 -49.960973 -50.450816 -39.046243 -31.058894 -36.940204 -41.847522 -42.738515 -48.881595 -50.476390 -41.415946 
1.504753 5.002131 4.015527 -2.742039 -7.400704 -3.125598 0.393865 3.727816 2.755227 -3.107156 -5.733350 -10.537705 -16.233391 -23.850681 -26.613529 -34.572177 -39.898855 -42.357838 -44.031541 -45.268087 -49.788601 -51.737192 -50.603701 -55.431620 -55.089102 -40.743284 -36.136691 -35.931600 -32.300059 -36.400687 -53.536382 -52.242168 -41.001297 -37.915189 -40.354671 -40.603680 -39.963528 -53.559034 -54.532242 -46.908203 
-1.421529 0.860469 -0.323966 -0.883971 -3.736383 -2.589212 -0.508778 3.689398 2.430519 -3.208591 -6.173653 -10.188209 -17.330716 -21.763044 -25.932151 -33.381690 -38.882063 -42.775122 -42.428356 -45.286857 -45.702459 -48.763652 -49.611143 -54.831958 -51.782211 -36.189965 -33.221191 -34.522688 -29.210845 -32.680914 -53.537723 -54.341359 -39.710448 -36.861187 -38.912805 -37.890561 -37.162510 -50.289721 -52.868214 -44.899956 
-6.476948 -3.764937 -3.611636 -1.885320 -5.308424 -9.490195 -5.548904 -1.933723 -3.450092 -6.695379 -13.592705 -16.734700 -14.878228 -20.328723 -26.537228 -34.455716 -36.746488 -42.951995 -43.203634 -47.653619 -44.598946 -45.174592 -47.779217 -52.019759 -54.761745 -41.884736 -39.232298 -41.524648 -35.526730 -37.820676 -56.232898 -58.142398 -40.526575 -36.286839 -36.847375 -38.532120 -37.140844 -49.577782 -52.918196 -43.592130 
-3.928544 -3.176151 -5.913871 -7.532807 -7.013387 -13.946342 -14.754252 -12.854257 -11.648098 -9.252180 -14.712958 -15.385775 -18.356395 -21.412954 -24.935378 -31.172163 -40.685159 -41.587180 -41.730662 -43.363526 -45.546642 -43.686777 -46.046552 -50.580816 -51.259777 -41.468261 -40.120264 -40.337135 -36.553574 -41.923211 -53.216375 -54.288553 -40.416694 -31.893163 -34.261657 -35.845046 -34.870419 -45.252655 -45.301070 -38.237423 
-5.570654 -6.406675 -11.878603 -8.257624 -8.240370 -16.850648 -22.556367 -12.973119 -10.157465 -10.339351 -16.760866 -17.338525 -18.322384 -20.557737 -26.333020 -34.532538 -39.283314 -40.202660 -42.185309 -45.079504 -45.485362 -44.436165 -49.554808 -54.456366 -55.716610 -46.156848 -47.330002 -46.284454 -37.031014 -40.522337 -59.622703 -59.996493 -45.318445 -35.907293 -36.213399 -33.472784 -34.756301 -48.287838 -50.469357 -45.833249 
-10.583350 -6.205869 -14.267231 -14.727767 -17.765507 -25.309779 -25.372870 -22.395348 -19.014477 -22.135475 -19.586236 -22.223200 -20.832073 -21.053628 -33.892362 -41.907607 -37.618233 -41.033666 -40.069825 -43.256375 -43.778037 -40.861963 -46.275545 -52.956901 -53.981291 -47.074293 -45.115360 -46.447303 -45.370094 -46.902208 -59.095785 -61.399470 -50.945765 -34.996729 -34.582707 -32.039362 -32.606818 -48.822891 -51.179524 -47.089177 
-11.759422 -8.109609 -11.351590 -12.899173 -12.532704 -19.679945 -25.840147 -30.376745 -36.876301 -26.037591 -23.884652 -23.007804 -22.868021 -21.934401 -29.600244 -37.793529 -40.127474 -41.881542 -44.785278 -42.915279 -47.543589 -45.934044 -46.508911 -56.302668 -58.095009 -47.366688 -46.108190 -49.974591 -41.730349 -46.713361 -58.308898 -60.540967 -51.819313 -41.913807 -42.959075 -41.949900 -40.078782 -52.739338 -54.681646 -46.161770 
-18.984233 -17.359706 -13.699869 -11.780337 -14.965961 -20.351832 -25.121535 -30.424805 -24.895925 -20.816721 -21.037725 -22.203203 -18.766435 -20.267297 -26.259480 -34.564602 -37.472244 -42.080961 -41.906775 -42.778558 -42.914761 -42.941341 -45.331320 -53.932395 -53.574276 -51.573994 -47.667488 -51.191149 -46.194827 -52.719567 -61.752263 -61.533589 -58.643520 -47.168722 -43.852226 -43.173892 -40.675808 -52.552672 -55.459828 -54.796294 
-23.106979 -21.736275 -20.780931 -21.187317 -23.690209 -29.502336 -39.812309 -41.360604 -35.065639 -32.114967 -34.103875 -36.722106 -30.593844 -32.202851 -36.957344 -41.341292 -44.324504 -52.856132 -49.496334 -47.610703 -48.238237 -50.236072 -54.607603 -58.357646 -57.208933 -60.237818 -59.784581 -60.309235 -54.827028 -60.061923 -71.063637 -70.926120 -64.963145 -54.227899 -54.330559 -55.926147 -53.775407 -61.106900 -68.808283 -64.570200 
-77.438589 -77.618173 -74.109478 -76.929429 -75.467247 -76.697322 -75.610850 -76.835399 -72.189361 -79.002416 -75.536267 -77.438845 -77.779880 -76.590900 -76.376133 -78.105633 -79.820983 -80.299767 -78.659007 -81.559962 -84.129852 -83.518475 -86.591646 -89.749953 -90.657311 -95.615486 -91.270238 -88.111156 -87.953527 -84.380032 -85.715962 -83.226499 -85.003822 -83.753542 -84.634414 -85.676147 -86.289456 -87.536653 -88.955150 -90.781897 
-76.519729 -75.640933 -74.506268 -74.793045 -72.977528 -73.313185 -76.310194 -76.284135 -72.084465 -72.874544 -79.232721 -73.030636 -74.281570 -74.188070 -73.341571 -77.886759 -74.886566 -75.065883 -76.463170 -79.189381 -77.243980 -81.096900 -83.319397 -84.918525 -87.009809 -85.577259 -83.172687 -84.508277 -82.962796 -83.248125 -84.702735 -85.890348 -85.619379 -85.580428 -86.068646 -87.162849 -89.201430 -89.606985 -90.899214 -92.280581 
-70.749729 -72.729048 -72.296237 -74.313954 -80.321325 -76.517760 -76.723270 -78.953147 -78.763555 -79.327979 -76.199437 -74.256905 -73.028280 -69.254362 -73.262159 -80.516186 -79.115549 -77.109545 -77.064745 -76.679266 -72.859415 -76.766705 -80.194695 -84.159568 -82.001142 -77.513138 -80.420979 -84.140540 -81.774817 -82.506428 -85.659919 -87.291032 -92.687380 -89.175067 -90.020541 -88.767195 -91.817195 -88.029651 -92.316172 -91.596592 
-75.121226 -77.145458 -72.638965 -79.104125 -72.720134 -77.411483 -73.828203 -79.119844 -76.816442 -80.749070 -79.862314 -78.133932 -77.079479 -76.606003 -77.576867 -77.727012 -77.470761 -77.126767 -77.350150 -79.562990 -82.952124 -82.356448 -80.962762 -84.932526 -84.949181 -83.342671 -86.704591 -87.004115 -84.830055 -85.726978 -89.743308 -91.415673 -87.084505 -85.502477 -88.881136 -90.883479 -91.150705 -91.125169 -88.822324 -93.429723 
-79.737794 -79.829002 -79.980276 -80.233515 -80.573244 -81.039055 -81.588532 -82.251346 -83.029678 -83.754848 -84.286378 -84.441437 -84.150489 -83.543836 -82.874428 -82.377214 -82.202985 -82.500205 -83.429225 -85.212864 -88.283989 -93.198811 -96.467073 -93.470427 -91.588724 -92.443246 -95.264349 -94.707980 -91.532890 -91.141460 -95.666818 -99.883499 -92.264276 -90.934229 -95.688052 -100.114980 -99.060530 -99.484116 -94.361546 -99.667048 
-86.387613 -86.054297 -85.574868 -84.931117 -84.274460 -83.637918 -83.136501 -82.773927 -82.606517 -82.710333 -83.131604 -83.964404 -85.249912 -87.066142 -89.125153 -90.220297 -89.431644 -87.957150 -87.090213 -87.321139 -89.033666 -93.137825 -101.958361 -101.745011 -97.110981 -98.731467 -100.536541 -94.950320 -92.634380 -95.545518 -102.540317 -96.235774 -95.592474 -102.172295 -103.718044 -107.306821 -100.113997 -99.910626 -103.454837 -106.075006 
-73.967220 -73.524807 -81.222495 -75.126712 -71.608653 -77.398035 -72.104852 -72.276174 -73.677882 -71.329183 -74.896665 -72.575509 -76.515767 -76.940317 -79.360516 -81.385490 -80.097119 -78.174036 -77.143963 -77.427460 -78.907484 -82.497667 -87.799765 -87.174473 -84.772001 -84.703591 -84.065238 -81.732749 -81.298384 -82.813092 -85.495338 -84.444472 -84.557073 -88.169565 -88.869793 -89.291417 -87.719862 -88.463827 -91.602727 -93.259098 
-78.125594 -82.867882 -83.834688 -79.720838 -77.522436 -81.374208 -83.052186 -79.427301 -79.108080 -82.324479 -82.548170 -79.470075 -85.310691 -81.235100 -83.661568 -84.438361 -84.004149 -85.960988 -85.931805 -87.246618 -88.011030 -87.567966 -88.640391 -87.352446 -86.888107 -86.932240 -86.102620 -85.601394 -85.954171 -86.305213 -86.674090 -87.804793 -89.029905 -89.201307 -89.421434 -89.278443 -89.538691 -90.238525 -91.319254 -92.732898 
-87.516106 -91.869515 -86.953753 -86.371600 -89.860440 -87.724780 -86.518690 -90.082673 -86.257959 -89.370284 -87.114173 -88.499770 -87.382762 -88.686469 -87.169734 -88.388545 -88.082565 -87.722704 -88.057155 -88.268250 -88.053849 -88.146363 -88.192796 -88.236978 -88.324811 -88.463724 -88.457445 -88.512912 -88.822049 -88.734622 -89.063485 -89.193265 -89.382323 -89.590940 -89.914885 -90.200470 -90.671962 -90.967389 -92.057909 -94.751465 
-99.209182 -101.500647 -98.477340 -97.786884 -100.923931 -98.860983 -98.024309 -100.867751 -97.807946 -100.070137 -98.525352 -99.498663 -98.626748 -99.700921 -98.493567 -99.478644 -99.138914 -98.874858 -99.102133 -99.211711 -99.138470 -99.077710 -99.070213 -99.092891 -99.130588 -99.179352 -99.079064 -99.078180 -99.230006 -99.033683 -99.192887 -99.160629 -99.156274 -99.162103 -99.160369 -99.187148 -99.233611 -99.193435 -99.707528 -101.685205 
NaN NaN NaN NaN NaN NaN NaN NaN NaN NaN NaN NaN NaN NaN NaN NaN NaN NaN NaN NaN NaN NaN NaN NaN NaN NaN NaN NaN NaN NaN NaN NaN NaN NaN NaN NaN NaN NaN NaN NaN 
NaN NaN NaN NaN NaN NaN NaN NaN NaN NaN NaN NaN NaN NaN NaN NaN NaN NaN NaN NaN NaN NaN NaN NaN NaN NaN NaN NaN NaN NaN NaN NaN NaN NaN NaN NaN NaN NaN NaN NaN 
NaN NaN NaN NaN NaN NaN NaN NaN NaN NaN NaN NaN NaN NaN NaN NaN NaN NaN NaN NaN NaN NaN NaN NaN NaN NaN NaN NaN NaN NaN NaN NaN NaN NaN NaN NaN NaN NaN NaN NaN 
-81.721474 -81.725110 -81.731167 -81.741416 -81.755347 -81.774979 -81.799104 -81.830259 -81.872002 -81.922206 -81.983825 -82.060860 -82.151853 -82.262660 -82.395680 -82.551124 -82.737742 -82.955402 -83.211343 -83.509872 -83.861837 -84.280276 -84.770351 -85.359409 -86.069122 -86.923449 -87.961036 -89.229793 -90.828658 -92.913078 -95.796484 -100.213536 -108.880079 -109.976662 -101.395295 -97.472718 -95.308869 -94.164313 -94.019789 -94.857099 
-82.537412 -86.824022 -85.174953 -84.258148 -85.661527 -85.048616 -84.739212 -84.876398 -84.930873 -84.838863 -84.954802 -85.250380 -85.424442 -85.418478 -85.846815 -85.703190 -85.389631 -85.226149 -85.372887 -86.378084 -87.230038 -86.924568 -86.252446 -86.732587 -88.583122 -89.445851 -88.107540 -89.474757 -92.711765 -90.574121 -92.421424 -94.220479 -91.930470 -95.721316 -92.507804 -95.168811 -93.071998 -94.385640 -93.611643 -94.059471 
-86.435071 -86.903506 -87.714868 -89.176507 -91.375859 -94.672537 -97.097964 -94.902046 -90.972093 -88.339121 -86.841735 -86.366857 -87.023402 -89.242703 -93.768411 -95.882654 -90.641443 -87.329458 -86.652436 -88.770136 -94.530611 -92.645949 -87.613268 -87.323752 -92.449714 -92.919215 -87.557464 -89.450967 -94.276848 -88.246509 -90.674098 -92.455409 -88.765869 -94.009201 -89.303148 -93.922146 -90.272149 -93.784388 -92.091960 -92.785813 
-462.303142 -462.304922 -462.307871 -462.312816 -462.319454 -462.328641 -462.339685 -462.353569 -462.371537 -462.392247 -462.416432 -462.444914 -462.476269 -462.511280 -462.549095 -462.587689 -462.626390 -462.661257 -462.688346 -462.701685 -462.693455 -462.653245 -462.570491 -462.430597 -462.220406 -461.929268 -461.550407 -461.085417 -460.537419 -459.919311 -459.246771 -458.543832 -457.831638 -457.126852 -456.450068 -455.823555 -455.264396 -454.790941 -454.423756 -454.185489 
NaN NaN NaN NaN NaN NaN NaN NaN NaN NaN NaN NaN NaN NaN NaN NaN NaN NaN NaN NaN NaN NaN NaN NaN NaN NaN NaN NaN NaN NaN NaN NaN NaN NaN NaN NaN NaN NaN NaN NaN 
NaN NaN NaN NaN NaN NaN NaN NaN NaN NaN NaN NaN NaN NaN NaN NaN NaN NaN NaN NaN NaN NaN NaN NaN NaN NaN NaN NaN NaN NaN NaN NaN NaN NaN NaN NaN NaN NaN NaN NaN 
-98.724134 -93.847624 -90.904547 -88.851366 -87.697928 -87.334258 -87.814333 -89.393956 -93.148372 -100.618543 -97.721818 -91.081004 -88.249969 -87.724669 -89.621981 -95.653585 -97.870878 -90.438824 -88.270137 -90.554165 -98.001150 -92.483049 -89.127768 -93.075312 -96.287768 -90.451625 -93.778356 -95.458758 -92.040879 -97.162139 -93.784224 -97.274765 -95.989716 -98.700620 -98.510766 -100.968736 -102.017885 -104.849013 -106.692661 -106.724940 
-86.557075 -85.383329 -79.770712 -79.228778 -77.616616 -77.345438 -77.879632 -79.424287 -82.351144 -90.097962 -86.653815 -81.126791 -78.165819 -77.713942 -79.666130 -85.205894 -86.078974 -80.413662 -78.351015 -80.587907 -87.742481 -82.496658 -79.340554 -83.129599 -86.198363 -80.688256 -84.255110 -86.150424 -82.483821 -88.233632 -84.425230 -88.560529 -87.010281 -90.501711 -89.958466 -92.503968 -93.287366 -94.760348 -94.683210 -94.112360 
-90.098339 -90.505657 -88.093398 -90.543558 -88.942022 -89.289872 -89.745193 -89.147146 -89.600659 -89.678972 -89.186862 -89.996287 -89.230624 -89.317255 -89.685518 -89.656387 -89.620510 -89.613149 -89.601474 -89.651439 -89.779438 -89.842624 -89.888054 -89.800392 -90.103036 -90.066204 -90.229944 -90.346311 -90.459374 -90.651596 -90.844946 -91.041710 -91.301500 -91.593790 -91.899231 -92.311206 -92.755875 -93.288854 -94.341624 -97.016007 
NaN NaN NaN NaN NaN NaN NaN NaN NaN NaN NaN NaN NaN NaN NaN NaN NaN NaN NaN NaN NaN NaN NaN NaN NaN NaN NaN NaN NaN NaN NaN NaN NaN NaN NaN NaN NaN NaN NaN NaN 
