NaN NaN NaN NaN NaN NaN NaN NaN NaN NaN NaN NaN NaN NaN NaN NaN NaN NaN NaN NaN NaN NaN NaN NaN NaN NaN NaN NaN NaN NaN NaN NaN NaN NaN NaN NaN NaN NaN NaN NaN 
NaN NaN NaN NaN NaN NaN NaN NaN NaN NaN NaN NaN NaN NaN NaN NaN NaN NaN NaN NaN NaN NaN NaN NaN NaN NaN NaN NaN NaN NaN NaN NaN NaN NaN NaN NaN NaN NaN NaN NaN 
NaN NaN NaN NaN NaN NaN NaN NaN NaN NaN NaN NaN NaN NaN NaN NaN NaN NaN NaN NaN NaN NaN NaN NaN NaN NaN NaN NaN NaN NaN NaN NaN NaN NaN NaN NaN NaN NaN NaN NaN 
-38.581580 -42.576795 -48.954322 -50.120419 -51.562428 -57.875198 -62.401402 -66.790912 -66.577373 -64.760102 -64.061442 -62.372861 -62.328444 -69.474040 -70.217560 -74.612195 -74.963451 -70.727760 -73.210499 -78.043869 -74.562203 -76.206778 -75.429033 -78.598465 -82.320382 -78.103078 -76.485379 -79.106386 -77.482979 -74.565215 -76.633369 -75.368164 -74.337028 -76.651379 -81.660916 -77.351536 -79.341726 -81.515611 -80.988959 -80.998203 
-35.507414 -31.257641 -43.070690 -42.105354 -40.107531 -49.786567 -51.827254 -57.987719 -56.434703 -57.097834 -60.505451 -57.361018 -56.283310 -57.021184 -56.736313 -60.939965 -64.540499 -61.645541 -61.353525 -63.903465 -66.413984 -68.316373 -65.873861 -67.264800 -70.492392 -71.491779 -68.977273 -71.075221 -71.093681 -69.075624 -70.271798 -68.281908 -70.141226 -71.236388 -69.718543 -71.093512 -71.964186 -72.377513 -72.706385 -72.782117 
-11.856458 -17.990117 -24.465662 -25.710639 -28.224950 -29.702882 -28.120696 -26.008603 -25.197983 -25.985916 -28.335255 -31.309005 -31.573247 -30.267130 -30.199630 -30.220567 -29.539378 -29.465345 -31.229394 -33.856396 -36.188957 -38.445561 -34.925744 -33.983515 -35.406600 -37.055676 -38.366967 -36.958868 -38.997783 -39.102950 -42.029404 -46.987900 -40.284166 -36.201027 -42.148867 -43.574554 -43.875396 -46.138267 -44.505417 -52.342816 
-1.930680 -1.886797 -6.907200 -14.944038 -15.389562 -14.382450 -12.191340 -8.264933 -7.580312 -9.678434 -11.817476 -15.040163 -16.682681 -14.752054 -14.305182 -13.104035 -12.265644 -12.794573 -14.378618 -16.730595 -21.080483 -23.704538 -17.418267 -17.411799 -18.032732 -21.239889 -21.750795 -20.226966 -22.481353 -21.808596 -20.549803 -22.749408 -20.446673 -17.197848 -16.251362 -16.285179 -22.262694 -23.340005 -23.012817 -24.625114 
-3.466381 -2.990866 -10.983933 -17.060694 -18.217276 -12.732047 -9.927673 -8.925593 -11.769568 -13.615994 -12.072538 -15.222478 -18.979150 -19.412809 -20.592080 -20.176572 -20.484023 -21.592549 -23.008189 -27.238686 -33.840990 -33.653391 -24.632989 -23.338586 -21.399592 -25.354272 -25.834133 -26.481923 -25.153667 -19.006358 -18.866113 -16.451654 -16.968183 -16.985101 -14.527029 -16.445190 -19.321193 -18.790583 -16.912591 -20.778676 
-0.204640 1.405536 -6.326397 -14.028353 -12.001818 -12.244208 -7.805379 -3.393422 -9.119662 -11.468518 -10.449756 -13.311293 -22.522455 -18.215321 -22.881285 -18.340274 -19.800428 -22.187984 -22.263531 -24.769574 -27.640995 -27.454413 -20.209327 -16.766691 -13.993832 -20.049761 -20.461139 -17.104273 -19.062684 -15.293738 -9.761047 -6.669898 -8.674944 -10.290020 -6.198331 -4.769575 -9.320003 -9.561804 -10.443751 -12.194304 
-8.084576 -6.599046 -15.111144 -20.416513 -19.467168 -20.061649 -25.289916 -12.197099 -8.907675 -12.564709 -17.030268 -20.504493 -24.751610 -24.660166 -23.194130 -18.862012 -19.368930 -20.964187 -18.873404 -20.969972 -20.705828 -18.930841 -15.370849 -14.938706 -15.773086 -20.651472 -22.642781 -12.660397 -16.610809 -20.589682 -13.769363 -10.795287 -16.496951 -12.228092 -8.385097 -7.564744 -12.547280 -14.593565 -11.127801 -15.919330 
-11.032714 -17.822491 -18.932581 -23.423569 -23.511610 -20.427946 -20.158481 -17.928155 -19.080434 -14.990057 -16.561957 -20.523401 -22.286833 -18.718586 -22.085008 -28.045984 -28.758047 -25.255197 -29.140942 -31.163340 -29.634261 -23.325927 -17.424516 -18.123558 -23.363816 -25.819696 -24.401391 -17.303194 -23.078746 -29.070797 -25.373278 -19.557683 -22.650791 -23.819972 -20.057658 -19.304849 -26.803536 -28.452701 -23.421461 -27.631707 
-20.053093 -15.144745 -18.874225 -20.963268 -9.491851 -5.055417 -7.279027 -12.926042 -17.108274 -15.016540 -11.494328 -14.634106 -20.592315 -16.870350 -20.764099 -20.182876 -23.933054 -24.611080 -20.618346 -21.653479 -25.525212 -22.192227 -13.691695 -16.067169 -23.764717 -26.915977 -20.570451 -19.724836 -22.700772 -32.684745 -28.660227 -25.906117 -32.982537 -32.387636 -30.180234 -31.518290 -39.188879 -41.208383 -36.575238 -34.126724 
-17.714383 -16.287170 -16.833093 -18.223927 -1.439460 13.726822 15.136972 4.074603 -11.870230 -9.849232 5.415701 4.114634 -7.734203 -10.187336 -3.261164 -11.698673 -19.032510 -12.038033 -17.345913 -13.709456 -13.199026 -18.538029 -18.083148 -16.896825 -17.639508 -20.701548 -18.277348 -19.761630 -27.171146 -29.075378 -26.402910 -28.135084 -35.449793 -37.636357 -34.496300 -35.071520 -42.523180 -41.720827 -34.347598 -29.098562 
-9.747697 -17.349167 -14.974592 -19.811193 -7.214374 18.488866 20.376053 4.785162 -12.269931 -6.539129 18.273685 14.823626 -8.579104 -1.382583 9.364173 -5.337367 -5.871272 3.188226 -11.501082 3.823489 -2.254691 -8.695878 -7.348213 -16.310269 -15.553204 -14.533233 -11.241916 -7.258529 -21.441352 -25.035071 -22.333443 -20.627141 -26.462327 -32.989799 -30.551644 -31.457932 -37.047090 -36.102080 -25.889350 -22.654766 
-18.320674 -21.867622 -23.855751 -22.211539 -5.630420 18.893141 19.725414 -1.018291 -17.192162 0.032154 22.933789 16.582442 -13.164545 2.139309 12.846391 -6.063546 -2.106834 7.908975 -11.892554 9.360126 2.123092 -11.999413 -13.842104 -15.606932 -18.406112 -14.832543 -11.361765 -6.784205 -20.381865 -23.365751 -19.653965 -17.628882 -24.864180 -29.912271 -29.072138 -28.558432 -35.196681 -34.246083 -23.734561 -21.847149 
-19.367372 -16.160805 -16.690980 -16.040855 -14.728545 17.610768 19.263662 -1.229099 -12.568935 -5.656816 23.312778 16.921530 -19.876726 1.378650 13.732127 -4.433240 -3.331015 8.607434 -9.467670 6.339852 1.374067 -16.154571 -15.642025 -18.219648 -18.525387 -14.745245 -13.149739 -6.890860 -22.187330 -23.192218 -19.334180 -17.259077 -24.698722 -31.800738 -32.529281 -31.994412 -37.176488 -35.997255 -22.882179 -20.988711 
-21.897872 -20.720047 -21.737746 -18.634027 -4.581138 18.332746 17.964293 -4.237713 -16.932132 3.708977 23.853624 14.827737 -15.035938 6.133469 13.279223 -7.397604 2.541968 8.003786 -9.004172 8.118038 -1.564104 -15.807115 -18.283362 -16.527905 -19.944861 -13.218475 -9.589610 -7.107348 -17.043876 -21.341193 -18.408242 -16.957476 -22.928806 -29.064652 -28.740100 -28.760041 -35.860226 -34.166032 -20.958800 -19.503140 
-17.813835 -19.026692 -18.911505 -21.791169 1.705123 19.650491 15.760508 -12.242997 -13.444817 11.509351 22.101911 7.868328 -12.009284 11.802587 9.347683 -12.518499 7.763015 3.438817 1.252022 10.314181 -9.897377 -13.570524 -23.032547 -17.200888 -17.665657 -15.444763 -8.691432 -9.478622 -15.660370 -20.949808 -18.889205 -15.218681 -23.596549 -31.952284 -28.982062 -30.739445 -45.394779 -39.681769 -23.433439 -21.649036 
-18.925290 -24.932689 -30.427610 -17.446609 6.864644 20.268897 13.582905 -13.186719 -9.888462 16.874102 18.099135 -5.104488 -2.718357 14.628530 3.955502 -4.339353 9.698851 -3.456285 8.825541 7.182124 -13.987009 -13.800916 -20.243532 -21.522816 -15.348611 -17.948816 -13.644107 -8.017449 -17.902670 -21.841003 -17.389483 -14.080932 -23.735880 -30.322667 -30.340639 -31.523818 -46.757184 -39.889835 -25.006760 -22.881910 
-20.378598 -17.456894 -14.978201 -13.552325 11.137578 19.618680 8.093682 -14.033246 -1.510585 20.361356 15.176716 -9.396071 7.332357 13.811365 -6.323296 3.997141 6.999912 -2.870396 11.365294 -0.766859 -8.256874 -18.495233 -17.819811 -20.803136 -18.094182 -16.390851 -11.715565 -8.165736 -18.363928 -21.738106 -17.879469 -16.381987 -25.422005 -31.322136 -31.760857 -32.857567 -36.441870 -35.902597 -26.634716 -25.123652 
-17.091555 -18.230554 -19.451351 -6.001405 14.342990 18.978175 4.881037 -12.331843 8.535953 21.083372 9.494294 -4.286767 13.035978 10.649600 -7.613628 6.905692 0.720437 6.663816 9.539554 -4.254346 -5.287600 -16.671909 -18.157839 -18.157654 -17.625674 -14.406256 -9.206929 -8.743879 -15.381322 -19.254294 -14.657848 -13.321604 -23.381102 -30.889035 -32.596057 -35.160128 -47.772716 -43.053550 -24.656367 -24.602327 
-27.005101 -29.291583 -22.826489 4.171970 19.020507 16.215205 -3.226459 -1.466606 17.457421 17.057099 1.518103 10.582955 14.492865 1.382691 3.473359 3.576805 4.358655 9.471189 3.542353 1.235401 -9.122933 -14.923380 -18.299365 -18.463254 -15.570332 -14.108007 -8.009037 -6.282151 -16.062782 -19.508310 -14.559828 -13.522609 -21.983220 -28.589507 -30.768016 -34.276839 -45.028220 -42.254373 -27.911943 -26.085527 
-18.216707 -19.326621 -13.886042 11.256822 21.414575 14.288066 -3.530176 12.318659 19.733622 3.909045 5.768226 15.923718 8.198234 0.829399 3.047055 1.581191 9.075781 3.771174 6.358749 -4.475582 -9.728766 -14.347255 -17.170258 -17.644049 -15.295984 -13.002658 -6.489019 -5.765535 -15.149939 -17.834521 -11.328140 -11.106399 -19.837205 -26.501434 -32.187044 -36.574523 -47.503838 -41.525916 -24.723581 -24.366980 
-14.943079 -14.854999 -3.689287 16.686332 19.604593 5.631342 5.925180 20.614904 17.653082 4.371750 15.928341 11.620067 0.213057 4.166108 -0.923501 6.883570 7.169459 11.260385 2.792290 -3.494521 -11.099085 -15.653373 -17.353602 -17.601039 -16.391534 -13.044301 -6.445637 -7.079635 -16.107220 -15.736129 -7.633443 -9.898527 -18.262546 -24.021392 -35.277651 -38.942304 -49.278386 -46.282432 -27.698750 -24.995969 
-25.283546 -22.416874 3.345663 18.935278 16.369835 -0.697143 14.054602 20.853053 8.762612 13.714124 12.601753 3.926889 1.934243 -3.157222 2.667401 1.824150 9.839360 7.056202 -0.019019 -6.543414 -12.596807 -17.855750 -21.860808 -22.017663 -18.687395 -13.742981 -7.100611 -10.279117 -17.822351 -16.743625 -8.878192 -11.529957 -19.248672 -24.708602 -33.076649 -36.904903 -40.375911 -39.997113 -26.082991 -25.414451 
-25.035395 -15.722342 8.088134 18.400353 12.204993 3.488191 16.898247 12.834994 6.331055 17.235426 7.159194 -0.063304 -1.681178 -2.729101 -3.091485 1.501423 2.868467 6.814781 -2.638256 -9.051706 -15.399014 -21.074249 -22.679481 -22.661299 -20.534125 -15.665526 -8.780333 -13.199933 -19.561389 -17.793111 -9.210822 -14.492031 -20.139703 -25.935283 -36.355154 -40.442303 -44.078449 -42.441861 -26.030170 -26.677506 
-31.414542 -12.046487 10.649330 15.344358 1.985079 9.424654 16.743027 6.825703 15.627089 15.984570 0.785144 -3.124330 -7.464699 -4.851462 -5.456310 -2.569363 3.470586 3.455970 -4.541780 -10.492905 -17.554135 -23.794620 -25.800766 -23.617733 -21.065783 -15.927740 -11.070669 -17.413286 -22.362586 -20.854813 -13.560688 -21.576086 -25.266971 -30.188983 -36.453040 -38.407533 -39.958194 -40.149341 -29.944055 -30.030161 
-22.819806 -6.163352 10.990663 13.062518 1.185817 12.575683 12.372690 5.760027 18.050682 6.163154 -2.985899 -8.172864 -8.874684 -11.487380 -7.687464 -6.030410 -2.846728 1.644637 -3.879341 -12.727868 -19.173150 -23.778040 -27.112787 -25.894660 -23.039617 -17.457173 -14.441457 -21.357426 -25.528417 -22.338033 -16.408341 -23.434070 -27.737938 -32.461119 -37.316662 -39.794675 -44.732266 -43.997103 -30.013259 -31.521415 
-20.700388 -5.318636 8.369826 4.833401 1.268423 12.572081 7.669674 13.160665 16.028261 0.288238 -7.862230 -12.670153 -13.357628 -14.456422 -16.632100 -11.561735 -7.614080 -5.147579 -5.896304 -13.157152 -21.378323 -26.737737 -29.767504 -30.424902 -27.174372 -20.089186 -17.873797 -24.783411 -29.145506 -25.544273 -21.870305 -27.224541 -30.896434 -34.871816 -39.486429 -43.923399 -57.153014 -53.198868 -36.471126 -38.600525 
-23.827800 -6.037212 7.922183 7.154557 0.259661 12.671006 8.594117 11.617176 13.816462 -10.782307 -8.181703 -17.320766 -15.383732 -18.498440 -19.357213 -15.998476 -14.956347 -13.978479 -11.149955 -8.489100 -19.911201 -27.945824 -32.038263 -31.704129 -29.393921 -24.071976 -18.642009 -24.830122 -30.531970 -29.062674 -24.927315 -28.581975 -33.842490 -38.515251 -38.833180 -39.496388 -47.756849 -47.616350 -36.106280 -37.274537 
-19.545012 -4.455285 9.015960 7.314934 0.206648 12.926314 7.451578 10.369506 12.195456 -6.488529 -9.746495 -20.364241 -18.982419 -18.933567 -21.997610 -19.847107 -17.836983 -17.593671 -15.026524 -8.718225 -16.430325 -26.049822 -31.401397 -32.308484 -30.835650 -25.815548 -19.066365 -24.592430 -32.782553 -33.170280 -27.313649 -29.010865 -36.330781 -41.785236 -38.907839 -40.058674 -50.039992 -49.843809 -38.065939 -39.092877 
-17.766210 -4.374752 8.754522 6.248233 3.814249 9.755536 2.911084 9.932296 4.789790 -6.263599 -16.050154 -25.850432 -23.428690 -23.007261 -25.752363 -26.074949 -25.605978 -25.331349 -25.711893 -20.519324 -19.016423 -30.658879 -37.183841 -41.336454 -39.177652 -35.595613 -29.257975 -30.003569 -40.303109 -42.404947 -36.651358 -33.972248 -41.493987 -44.113211 -37.828774 -38.344143 -42.337292 -44.586164 -41.388287 -42.334282 
-16.891265 -7.037545 5.515420 5.985499 -4.825838 -0.790128 -1.595874 1.370723 -0.728962 -19.185782 -21.290250 -28.553267 -28.363203 -31.161876 -31.044398 -27.475831 -31.468776 -26.842252 -29.882040 -24.926662 -28.338972 -29.809531 -33.450468 -37.218115 -28.349567 -29.609451 -31.728000 -30.015071 -30.892686 -31.764053 -30.067670 -31.709585 -34.626640 -28.060283 -21.831901 -21.331143 -20.549175 -22.212837 -24.666035 -25.339383 
-15.066301 -7.751312 -2.731029 1.742523 -5.022414 -12.613334 -15.597084 -18.590392 -15.238239 -25.790641 -20.176609 -24.271194 -29.657597 -28.229112 -27.170458 -24.552163 -24.046786 -29.157077 -26.131421 -25.272668 -22.496046 -25.602411 -24.133359 -26.759462 -24.711521 -28.625195 -26.653041 -27.143745 -24.927340 -26.179206 -24.874453 -23.044842 -27.220207 -20.352715 -13.125963 -10.595418 -9.987923 -9.728520 -11.659327 -9.470068 
-17.002220 -11.522992 -4.551491 -3.015793 -9.715563 -15.153836 -27.157945 -20.251856 -20.037677 -28.163621 -22.666094 -31.327144 -27.568507 -23.472648 -25.595716 -22.804275 -20.259696 -23.783561 -27.193264 -25.129172 -25.684149 -27.936353 -23.930251 -27.264693 -24.669661 -27.887088 -30.155956 -27.349159 -28.729254 -25.630658 -24.206898 -25.909482 -28.994842 -23.699613 -15.824072 -10.761180 -10.549325 -5.557074 -6.711481 -6.113258 
-23.590385 -20.209153 -15.860376 -16.256736 -19.411505 -23.597153 -27.887689 -27.239043 -26.225047 -30.413617 -27.507427 -24.268632 -29.291489 -25.087429 -20.741703 -24.109092 -22.063003 -19.762583 -20.036776 -24.191780 -23.041417 -28.507277 -26.782313 -29.859167 -24.136170 -26.798023 -29.416606 -28.669211 -33.480123 -30.361079 -26.120268 -27.561431 -29.233014 -28.598537 -15.382904 -13.561175 -11.924820 -10.022542 -9.664827 -5.884587 
-16.416035 -20.794819 -14.166739 -10.774927 -18.848144 -23.377439 -30.510266 -22.839628 -20.908000 -25.050597 -26.280710 -25.614326 -32.679438 -27.755833 -24.770299 -23.299925 -26.529360 -18.842048 -23.870539 -28.763611 -26.830322 -29.268725 -28.122124 -23.992916 -22.027700 -27.606714 -27.989653 -30.136983 -27.751738 -30.472224 -28.976287 -29.915526 -27.865596 -26.033142 -16.835357 -15.281385 -11.611379 -10.663865 -7.702382 -4.967152 
-13.876896 -19.517153 -14.653738 -12.062388 -24.869731 -29.441493 -32.368346 -22.908792 -20.802221 -27.771768 -23.587357 -22.696677 -24.749025 -26.066095 -25.567442 -25.606694 -22.290215 -25.008072 -25.457597 -27.596995 -24.212556 -26.169575 -30.521826 -26.252050 -28.343984 -28.928704 -30.315751 -30.424944 -27.648767 -30.153972 -27.798826 -28.425005 -28.072126 -26.367314 -17.955563 -14.053638 -9.834278 -9.291577 -8.532641 -5.382214 
-19.045053 -21.840326 -22.834810 -18.625578 -24.376162 -25.929087 -26.761495 -24.221995 -25.095183 -23.305019 -24.518461 -28.956295 -25.484671 -30.590424 -28.546233 -29.892970 -26.721158 -27.617520 -26.463811 -24.624301 -26.185357 -24.560099 -30.408865 -32.911151 -30.600770 -33.687513 -31.752360 -28.157623 -30.226877 -31.602763 -31.756283 -30.306438 -28.195376 -24.892510 -16.536785 -12.202045 -9.839560 -7.456600 -4.783066 -4.717177 
-22.810643 -21.993678 -25.631025 -21.684745 -22.277888 -25.616843 -22.113780 -21.332674 -24.775731 -25.448533 -23.140687 -29.726134 -30.158787 -32.715715 -36.726307 -25.143530 -20.530604 -23.448564 -30.608918 -29.948392 -33.833568 -30.575170 -33.724640 -33.105025 -30.410463 -28.042947 -29.852554 -26.502615 -29.741164 -30.397530 -27.759842 -27.187715 -27.970937 -24.384270 -15.137326 -12.259002 -9.509676 -8.218445 -4.497449 -4.345815 
-25.827894 -33.659311 -28.203657 -27.309046 -32.776715 -32.754110 -27.392689 -28.371316 -33.892309 -37.305056 -36.060595 -34.095164 -44.036066 -42.126911 -35.306543 -30.234241 -31.698059 -32.587426 -32.764983 -35.346563 -39.426754 -38.960266 -35.983017 -35.721770 -35.036145 -40.244791 -37.867972 -32.125144 -35.014665 -32.615925 -29.534704 -27.965653 -30.055574 -25.725591 -18.595814 -16.582213 -13.898851 -10.636444 -8.566316 -8.474038 
-21.925699 -20.991904 -20.868944 -27.332057 -37.096216 -40.371301 -41.408699 -41.830277 -41.407670 -45.002111 -41.198089 -44.385564 -48.350914 -50.716332 -50.625408 -43.830734 -46.098717 -45.793471 -49.290656 -48.524825 -50.357668 -44.952136 -45.560664 -46.271557 -46.509930 -50.032445 -42.713271 -39.538527 -41.883889 -44.157340 -36.587687 -34.040978 -36.446113 -34.751270 -27.453126 -23.374577 -20.767446 -20.100420 -16.406111 -18.934439 
-23.408799 -30.065969 -24.915819 -26.713566 -32.793766 -40.481493 -46.085869 -47.794993 -54.827225 -53.252823 -55.519131 -54.830880 -59.627921 -56.561824 -56.706488 -53.179657 -54.998611 -58.171241 -69.267169 -63.615685 -59.706859 -57.275797 -54.901580 -57.583889 -60.203563 -60.797856 -61.632777 -60.743467 -58.756453 -58.301230 -56.638555 -56.134277 -53.746405 -46.205081 -40.445896 -40.786288 -39.102284 -41.124214 -38.703288 -40.223480 
-24.520558 -23.223820 -28.166319 -28.667795 -34.276552 -46.434642 -48.269358 -52.182175 -50.577050 -53.942632 -57.446233 -57.981505 -60.610875 -58.203200 -55.988010 -58.396267 -55.814156 -60.160133 -60.097078 -61.354563 -63.535074 -63.291444 -61.820362 -64.011945 -66.242013 -67.458979 -67.500105 -67.095643 -65.032094 -63.595522 -63.727719 -61.413993 -58.928961 -55.058389 -47.989667 -48.886900 -48.245873 -48.038911 -45.345664 -48.420916 
-24.500799 -43.428036 -35.116085 -33.037927 -41.884910 -54.958021 -52.245637 -54.028922 -54.815335 -57.679138 -59.841473 -60.393807 -61.083908 -60.518156 -57.841630 -62.330043 -65.906766 -67.750599 -66.220238 -63.319911 -66.123458 -66.178245 -65.821332 -67.868428 -67.265598 -66.216034 -68.709952 -70.751128 -69.843834 -74.052129 -69.164857 -67.326553 -64.954852 -65.577308 -62.266503 -59.722112 -57.902570 -56.220992 -59.424667 -59.745509 
-4.943658 -4.412313 -7.758683 -15.437792 -18.418758 -13.869319 -12.751712 -11.334323 -12.229777 -13.194470 -12.444965 -13.774326 -16.722257 -17.343044 -17.570310 -16.533896 -17.554083 -18.962864 -20.664870 -21.894607 -25.367797 -30.058369 -24.858397 -28.949331 -30.959358 -31.951791 -32.249087 -23.395457 -19.522503 -19.296719 -23.602859 -21.292609 -18.715569 -18.560906 -17.560746 -18.763311 -22.762137 -21.651574 -22.795170 -24.795764 
-6.070092 -2.854560 -8.818725 -13.884973 -13.747844 -18.125683 -19.440250 -14.429089 -16.993796 -18.313369 -15.946622 -17.758305 -24.647932 -23.078185 -23.993335 -21.042447 -23.582335 -23.192031 -25.027739 -26.662764 -28.691856 -24.537166 -18.324207 -23.074985 -25.382524 -28.563207 -21.364812 -15.879253 -21.455609 -19.653316 -19.888973 -15.697257 -16.613007 -14.009746 -11.371537 -11.668197 -17.078298 -16.549928 -16.573784 -22.159482 
-18.370653 -14.324303 -19.291637 -19.272986 -24.511209 -23.455860 -23.803249 -23.293950 -20.545711 -22.543422 -26.843812 -30.359417 -37.370767 -33.181561 -34.782732 -28.566900 -27.503145 -28.399296 -29.889675 -32.628412 -27.327202 -21.112042 -19.141603 -24.624310 -28.328759 -28.494710 -22.581955 -18.432978 -26.670023 -27.685436 -24.124110 -20.177300 -26.119745 -20.217544 -16.227006 -14.934324 -19.747652 -18.603377 -19.056681 -23.269272 
-28.421037 -30.321952 -32.284372 -33.911008 -35.131831 -38.501315 -44.376982 -42.141500 -39.609299 -41.145859 -43.172145 -47.610448 -54.174609 -56.212296 -49.517128 -50.888451 -46.415727 -49.880895 -46.645600 -46.498940 -40.002065 -36.333132 -38.624977 -40.797740 -42.529435 -41.606641 -34.700379 -32.120644 -43.094736 -41.758521 -39.662240 -35.164072 -42.787808 -36.242588 -35.228148 -33.817559 -36.767104 -36.583399 -36.387595 -41.076655 
-61.443498 -62.254886 -66.408252 -64.309516 -66.298869 -65.098416 -67.705175 -64.416684 -65.209080 -69.150627 -72.991425 -75.214057 -74.380782 -72.882898 -79.179321 -74.912135 -76.711292 -78.684031 -74.279684 -77.784055 -79.102984 -75.786029 -74.198933 -79.131139 -80.364777 -78.798710 -78.913634 -71.488873 -78.584154 -81.598932 -81.127102 -79.544744 -86.395622 -83.053092 -83.254510 -80.102497 -83.554156 -83.570842 -83.244151 -86.280666 
-70.303407 -75.875766 -78.706057 -73.502069 -69.389503 -72.520729 -82.761091 -78.783900 -72.683871 -77.140708 -77.761854 -76.423717 -77.160919 -76.304002 -79.147023 -78.645818 -79.572747 -83.552917 -81.093903 -85.227159 -86.347442 -87.555538 -88.566064 -90.127662 -92.053484 -91.144687 -87.334488 -86.745467 -86.587219 -85.669317 -85.565972 -86.090269 -86.024699 -85.596733 -85.628489 -85.541809 -86.675312 -88.379756 -91.278425 -96.878324 
-100.799857 -100.808600 -100.823153 -100.847734 -100.881083 -100.927943 -100.985350 -101.059241 -101.157878 -101.276078 -101.420732 -101.601253 -101.814478 -102.074616 -102.388448 -102.758042 -103.206652 -103.737050 -104.369917 -105.117825 -106.004376 -107.043808 -108.191957 -109.358268 -110.249722 -110.416234 -109.672536 -108.328223 -106.814695 -105.402726 -104.210236 -103.289616 -102.651221 -102.308615 -102.322431 -102.782943 -103.771025 -105.524514 -109.051784 -117.163840 
NaN NaN NaN NaN NaN NaN NaN NaN NaN NaN NaN NaN NaN NaN NaN NaN NaN NaN NaN NaN NaN NaN NaN NaN NaN NaN NaN NaN NaN NaN NaN NaN NaN NaN NaN NaN NaN NaN NaN NaN 
NaN NaN NaN NaN NaN NaN NaN NaN NaN NaN NaN NaN NaN NaN NaN NaN NaN NaN NaN NaN NaN NaN NaN NaN NaN NaN NaN NaN NaN NaN NaN NaN NaN NaN NaN NaN NaN NaN NaN NaN 
