-11.180339 -11.316510 -17.934578 -28.678041 -21.960531 -17.453918 -17.726152 -16.363200 -19.259304 -23.991551 -24.879380 -25.439498 -21.418696 -18.717518 -17.926290 -21.389891 -16.863497 -22.826764 -32.498279 -29.712732 -25.536401 -29.105396 -27.333293 -29.128235 -26.849334 -30.048268 -33.029468 -28.018817 -31.078268 -32.441585 -23.771640 -20.660401 -22.628190 -25.943914 -23.446045 -26.142261 -24.101475 -23.810378 -29.570461 -34.553482 
-6.513918 -7.303958 -9.715614 -14.251263 -10.524786 -0.759191 0.519006 -2.692918 -6.022961 -11.446148 -14.442266 -10.566222 -8.750095 -10.196452 -6.206344 -5.579849 -6.204752 -13.291145 -20.960330 -19.578738 -12.317806 -14.425320 -11.718423 -15.575236 -17.828316 -18.717328 -18.603687 -15.990231 -20.729477 -15.691803 -5.695307 -8.634486 -9.017858 -10.444984 -6.248811 -5.391112 -4.713045 -4.908971 -9.052842 -13.815075 
-8.772761 -12.087144 -17.462756 -14.120758 -6.362778 -7.844948 -6.428718 -7.492032 -7.686266 -13.778748 -15.335919 -14.742996 -15.867099 -15.021265 -14.005196 -14.672312 -14.039413 -21.183658 -24.252366 -18.292007 -7.144302 -7.598028 -10.193318 -15.158074 -16.485683 -16.479939 -12.585849 -15.649163 -15.071244 -9.463770 -4.875198 -5.792735 -6.717920 -6.266109 -4.934536 -4.523377 -4.698276 -4.748915 -8.701746 -14.126516 
-13.358907 -12.889619 -20.080721 -13.959905 -14.593113 -10.394848 -5.532229 -6.164743 -5.127763 -6.929170 -9.816955 -14.270317 -11.224742 -9.775113 -10.774125 -14.731424 -14.363434 -15.579653 -14.443145 -14.700839 -2.912472 1.157882 -8.477696 -10.464324 -16.472072 -11.148037 -8.698995 -15.579822 -15.241040 -8.666139 -1.269395 -3.341407 -5.223164 -5.243480 -4.998830 -9.135208 -6.912015 -5.889551 -11.422207 -11.332408 
-17.729974 -8.831087 -7.970560 -9.528187 -9.703272 -16.676071 -13.564567 -6.059302 -2.131817 -8.519383 -10.151976 -11.288284 -9.958103 -10.804399 -11.937626 -13.661007 -16.503510 -14.728461 -10.782019 -14.425044 -4.487839 3.706547 -3.753059 -10.391845 -12.409094 -10.596477 -8.626999 -10.884321 -12.446611 -9.372855 -3.129521 -6.540505 -9.292168 -7.062611 -7.485084 -13.862722 -11.870758 -11.076590 -11.472184 -14.857861 
-16.671459 -17.349712 -18.059070 -13.689482 -14.725752 -9.364783 -5.988964 -8.067270 -2.394891 -8.422557 -13.107354 -16.723647 -22.084927 -14.313005 -9.171775 -18.209621 -22.841059 -17.570819 -15.382364 -13.319187 -1.258291 -3.208512 -6.082878 -9.829419 -15.704724 -11.836351 -11.703850 -15.529909 -18.691199 -13.945093 -7.907667 -13.454963 -13.569330 -12.666158 -18.534584 -22.037358 -21.557481 -21.841853 -19.567270 -21.642924 
-8.558775 -13.828997 -22.257160 -8.616928 -7.242788 -11.513900 -10.791621 -12.898685 -9.217593 -16.385587 -14.101142 -11.346103 -12.752482 -10.797437 -5.361705 -12.018227 -14.312104 -14.388368 -15.484203 -14.147469 -9.490975 -5.897153 -12.020252 -14.487208 -20.027696 -16.558583 -13.517743 -19.613417 -24.085166 -20.468810 -22.116195 -20.687194 -23.849392 -25.407887 -28.076316 -29.630369 -28.630050 -28.373166 -27.989366 -30.089778 
-7.283954 -10.646406 -9.323446 3.295239 7.045397 -1.166375 -13.385468 -7.309680 -9.581613 -14.134685 -16.542967 -12.361505 -3.224238 -2.932166 -4.323644 -12.673879 -16.181439 -10.876319 -14.911178 -13.788092 -12.939919 -14.723436 -17.203201 -15.846282 -17.504487 -16.845709 -15.465325 -20.671780 -23.772214 -22.534806 -18.429314 -18.139935 -22.949748 -29.370307 -31.969112 -25.583845 -27.343705 -31.614082 -33.181963 -33.582447 
-10.146843 -15.583761 -16.356076 13.778622 20.955305 13.332797 -2.594412 -1.930821 4.912176 -5.156850 -8.850007 -0.320212 -4.936688 -1.501614 -6.449232 -8.996947 -7.709310 -9.758925 -13.339317 -14.414862 -12.080682 -16.793578 -18.756688 -18.617556 -16.427634 -15.287757 -12.435942 -18.532990 -22.106519 -22.220708 -21.427321 -24.099819 -27.215766 -31.442628 -27.998701 -22.856405 -22.641334 -29.155427 -34.008379 -29.731903 
-10.719008 -10.924312 -12.498378 16.520159 24.737653 13.847571 -8.547043 4.078053 11.755849 -1.364213 -0.826484 7.589470 -6.680413 2.528218 -0.622565 -7.843596 -4.014665 -9.911203 -4.902546 -6.589272 -10.625908 -20.732298 -19.828794 -20.144266 -17.373724 -13.640755 -10.653186 -18.613030 -23.508727 -21.093396 -18.751590 -22.819183 -24.826449 -32.987741 -24.586018 -19.810410 -24.694491 -33.427153 -36.737857 -31.083920 
-9.307338 -14.039542 -13.539019 14.913181 24.639670 14.324142 -13.995570 4.106388 13.869260 -4.167833 -3.065414 11.881584 -0.646652 3.508159 4.300513 -9.384489 -4.424275 -4.557064 -0.133044 -8.593192 -12.386268 -15.932038 -20.541499 -19.974124 -16.093921 -12.279011 -12.286943 -17.526316 -20.596563 -17.297927 -16.553900 -22.899668 -27.508294 -33.541263 -26.735336 -18.930255 -22.521605 -35.855812 -36.744315 -33.532029 
-12.569480 -17.388524 -19.385354 13.597963 24.010039 14.021464 -14.660245 3.075207 14.619745 -1.520739 0.973416 14.837065 -0.004409 3.217844 5.878397 -11.018718 -1.453964 -4.611417 3.575081 -10.807707 -15.137541 -19.127161 -20.539712 -19.157634 -18.627893 -15.345976 -11.093524 -17.477547 -20.548025 -19.519346 -14.303449 -18.585924 -27.627093 -38.466040 -30.766069 -24.542220 -28.069925 -41.442918 -42.429945 -37.204681 
-10.839789 -13.338351 -13.545453 12.114253 23.467756 14.266411 -14.415990 3.322906 15.577697 0.227051 -0.366085 16.024015 2.559472 0.900459 5.486101 -10.692522 -0.242627 -5.319176 2.808696 -15.922213 -15.385685 -22.809630 -22.558749 -20.267101 -22.402055 -16.801026 -12.524683 -16.804285 -21.834542 -19.386240 -15.174172 -20.160307 -28.878733 -38.770410 -30.045228 -25.833188 -30.270527 -40.064073 -41.746210 -37.557451 
-15.577198 -14.958030 -20.054723 12.368776 23.153913 13.674400 -14.073363 4.521659 15.944469 -0.629548 0.572882 16.259933 1.158690 2.019859 6.389349 -9.304869 0.827628 -7.322336 1.125478 -15.879811 -18.850005 -24.470317 -24.600853 -22.294260 -21.124181 -18.678962 -12.679696 -17.517261 -24.045027 -19.242458 -15.890654 -20.705922 -29.043904 -41.891192 -31.966222 -24.889628 -30.766698 -43.545489 -45.621966 -38.062881 
-20.089311 -14.558619 -22.170458 12.847562 22.820745 12.412517 -15.902588 6.509616 16.002446 -1.956919 1.955589 15.928166 -0.803714 2.763011 5.479476 -6.883665 1.243065 -5.489528 -0.532889 -17.852072 -19.963355 -25.613799 -25.576362 -23.161598 -21.144396 -18.217332 -11.522817 -17.125140 -24.578234 -22.943963 -18.672459 -21.897697 -27.277326 -36.035684 -32.786196 -26.157355 -31.153054 -37.407189 -37.607848 -35.222961 
-18.932584 -14.815462 -17.273132 14.535321 22.722145 10.563420 -16.742542 9.777201 15.474837 -7.198176 6.025527 14.695337 -5.279601 5.079825 1.939441 -3.156176 -0.653669 -4.383125 -3.494261 -19.055603 -23.284631 -25.315689 -26.223970 -26.084817 -26.139246 -23.677465 -14.985324 -23.847347 -28.052123 -22.835475 -16.792674 -22.276219 -27.692106 -45.081317 -37.093986 -27.388011 -34.116074 -44.667023 -45.414363 -38.740391 
-21.611191 -14.938276 -17.316477 16.307049 22.720816 8.969330 -11.736528 13.299939 14.926461 -9.546180 9.370106 12.650073 -9.362520 3.914627 -3.042602 0.281633 -2.592826 -4.287650 -8.008078 -21.823491 -28.045722 -27.743104 -29.639134 -28.738539 -27.541132 -23.293320 -14.812729 -20.701026 -25.330230 -19.941512 -17.970139 -23.689177 -30.991950 -46.887752 -36.413225 -28.169482 -34.929701 -47.391153 -50.084798 -39.054129 
-30.099052 -23.181628 -9.775371 18.552964 22.285415 5.974359 -4.133817 16.118551 12.362293 -9.026370 11.387932 6.862685 -4.151636 3.505129 -5.200308 3.836806 -4.530763 -2.799332 -15.942705 -25.848565 -25.276175 -30.171266 -32.953223 -29.354449 -27.409889 -24.000492 -16.757116 -21.660285 -28.255479 -24.626427 -20.217478 -27.409686 -35.842067 -46.700222 -40.143121 -31.198616 -37.412304 -48.193452 -47.174721 -41.464633 
-15.731879 -15.498764 -1.193482 20.438294 21.219605 2.241833 5.007274 17.781869 7.884388 1.274833 11.320148 -2.657628 3.642335 3.000270 2.039660 3.392997 -3.552672 -5.887555 -14.887410 -23.331534 -23.962242 -26.781600 -27.968834 -28.824275 -26.625456 -24.217167 -16.641520 -22.592499 -28.626538 -28.050680 -23.619261 -27.866124 -34.334784 -36.652344 -36.108714 -31.919112 -35.322620 -38.330161 -38.139993 -36.006092 
-14.442570 -17.540929 5.905598 21.603771 18.637725 -0.097680 12.527802 17.170112 2.882624 9.617710 8.136124 -2.938149 6.322060 0.640653 7.444970 2.691094 4.134661 -8.346458 -12.135098 -20.220251 -25.056804 -27.833635 -32.062772 -32.785553 -30.294951 -25.598022 -18.720934 -23.065622 -31.392578 -27.541195 -22.599797 -27.756079 -36.847414 -47.900679 -45.409771 -36.475756 -42.672044 -50.023086 -48.689048 -43.942901 
-17.624217 -11.160538 12.425057 21.548883 12.941859 4.976462 17.220893 12.403119 8.004769 13.023244 0.720949 5.356160 3.298721 4.924402 4.415556 7.436255 3.179194 -7.404723 -12.454438 -19.411310 -23.290361 -26.640868 -30.368842 -30.812008 -29.934187 -26.038215 -18.114594 -25.431117 -30.170465 -28.467230 -22.486834 -29.857347 -36.941965 -44.535241 -42.605210 -35.581583 -41.496501 -45.325376 -45.124776 -40.708983 
-17.269564 -2.691819 17.016771 20.433575 6.801746 13.743338 18.232992 8.901505 18.050574 12.270639 1.668802 3.998207 1.696853 2.805802 5.970880 6.064035 2.808063 -6.369000 -12.142447 -19.185181 -21.617089 -23.255022 -24.342053 -24.826705 -25.209569 -22.982881 -18.857228 -24.302287 -26.883718 -25.551270 -22.480200 -27.679525 -30.267440 -31.295622 -31.708880 -30.952282 -31.787460 -32.522778 -32.673527 -32.695429 
-14.133786 5.871171 19.583100 17.889700 8.334467 18.649133 14.308354 17.106675 21.032804 8.137387 -0.084117 0.166509 0.361222 2.435640 5.548941 9.664626 3.166726 -8.411498 -14.853389 -21.339702 -25.777337 -27.070269 -29.853500 -28.118434 -27.293449 -22.531544 -18.049510 -25.505847 -30.257477 -24.536765 -20.515433 -27.627610 -35.798205 -43.882898 -42.781261 -37.227059 -40.058550 -44.143003 -44.595227 -41.697633 
-8.640061 11.289317 20.449938 14.197733 14.567451 18.153705 13.787362 21.858369 14.302357 1.975816 -2.422000 1.323023 -1.109269 0.818746 4.143967 8.226093 2.068001 -10.104558 -15.455961 -20.946800 -22.946069 -23.992878 -24.945578 -25.531078 -24.351976 -20.015655 -18.154695 -24.756662 -28.118050 -25.583012 -20.269219 -26.302814 -31.238729 -33.705739 -33.530691 -32.941256 -34.548328 -34.979358 -35.167286 -35.307646 
-5.221089 13.820001 20.091319 12.687399 17.038947 15.241587 17.131682 18.307788 9.284654 2.582168 -2.041727 -2.433555 -1.617375 -0.242892 4.475008 6.389912 0.603219 -12.491982 -18.473777 -25.013804 -25.162684 -25.750143 -27.528219 -28.061003 -25.764272 -18.065252 -19.027760 -27.451036 -30.550354 -24.904167 -20.584476 -28.692426 -34.010490 -41.241476 -39.358098 -33.379721 -37.628071 -42.923474 -43.108940 -41.594905 
-2.258175 14.656689 17.730169 11.514038 17.265763 12.622460 17.488093 10.877912 12.288929 -1.201572 -8.945192 -2.455352 -3.843413 -1.816800 1.763913 4.664791 -0.955768 -11.325764 -16.742882 -21.577720 -23.789856 -25.993017 -27.899286 -28.412206 -25.364120 -18.494948 -19.599492 -30.536161 -31.177732 -25.371053 -20.388122 -27.794726 -35.253529 -48.191457 -43.531781 -34.121743 -39.725087 -47.715481 -49.150462 -47.781223 
-2.077823 14.632099 15.718747 12.279646 16.464584 12.549794 16.377495 11.067366 11.291368 -9.534989 -10.007489 -4.601614 -6.274433 -4.083960 -1.239745 1.155910 0.693722 -11.397843 -15.286479 -20.068217 -22.203079 -26.360953 -29.537258 -29.107893 -26.903284 -21.148036 -24.203285 -32.256560 -35.489104 -30.816641 -24.400731 -31.913891 -38.268773 -45.534889 -42.681505 -36.205367 -42.556960 -49.086033 -49.204119 -46.821622 
0.132352 14.853277 14.260753 13.366869 15.710445 13.486111 14.912512 12.623302 9.715770 -9.227944 -10.991609 -7.406458 -8.250286 -6.601570 -4.680778 -2.405137 -3.894277 -7.472229 -16.298045 -21.408412 -25.299361 -29.896522 -31.549961 -30.636978 -25.524374 -20.054230 -26.116890 -34.616463 -34.617042 -29.469575 -28.886150 -33.915596 -40.337935 -50.232117 -48.719722 -43.455394 -44.662513 -49.996843 -52.161429 -49.611918 
0.754003 14.674895 14.415620 12.937452 14.551683 12.769588 13.013239 11.958826 5.244674 -12.618659 -17.092018 -14.417394 -10.675445 -10.869065 -9.741173 -9.767808 -10.884984 -9.012372 -13.379778 -20.952852 -25.338012 -26.265492 -31.142652 -32.007540 -29.546280 -22.788674 -28.362207 -37.391583 -39.000745 -36.239630 -34.606965 -39.455963 -40.963063 -46.554713 -47.079815 -40.273660 -41.161413 -46.798543 -47.139534 -47.796176 
-0.191004 14.288016 13.237831 12.129437 11.544502 10.758171 9.852354 8.789380 1.101888 -12.090297 -17.996103 -14.612229 -14.611520 -14.251280 -14.395133 -15.548636 -22.297616 -18.736425 -13.274779 -15.361400 -18.652613 -21.882854 -28.731812 -32.501377 -28.039048 -23.879791 -28.014383 -34.008690 -34.876797 -31.899927 -33.032597 -36.304068 -38.556479 -39.789841 -40.039389 -36.929180 -37.664777 -40.736229 -40.737437 -41.602467 
2.101378 14.235639 13.246607 10.693705 7.980730 6.136878 4.455628 6.005615 -2.158683 -12.946635 -22.127650 -18.193085 -20.987129 -19.490314 -18.741942 -22.441698 -24.822974 -26.637499 -17.880408 -15.897398 -20.973379 -25.272206 -29.951842 -33.971802 -28.470598 -20.682470 -27.787223 -36.391180 -38.337726 -32.208765 -31.585793 -33.939005 -37.844474 -42.227373 -40.538573 -34.355630 -36.872388 -39.708128 -42.794506 -40.539760 
-3.194461 11.915167 11.035031 6.412852 2.089369 -1.062822 -6.236569 -9.627432 -10.233965 -14.745870 -19.327824 -20.957794 -25.804572 -22.388136 -20.038745 -22.001975 -21.356578 -23.442810 -16.550584 -14.183144 -11.545771 -19.405565 -22.422088 -24.835417 -26.916769 -20.948196 -26.208813 -34.671979 -32.795324 -27.089316 -24.430876 -28.316010 -29.302725 -25.465526 -26.418348 -26.898832 -29.984037 -29.390503 -34.226459 -36.434790 
-2.112017 7.666020 7.321288 -3.914226 -7.073172 -11.775937 -12.336792 -17.661474 -14.140310 -14.525879 -23.195099 -21.012462 -20.570454 -20.800256 -19.647294 -21.303998 -23.153327 -22.180992 -16.993953 -7.731386 -5.100049 -13.466526 -15.638185 -20.304067 -26.065955 -18.122799 -17.946418 -24.019924 -23.067941 -21.829524 -18.756644 -20.823446 -17.176530 -12.294313 -12.203808 -14.643265 -15.786130 -15.475943 -17.321250 -23.068070 
-15.138627 -9.309977 -4.967347 -14.024173 -14.075605 -16.573033 -9.793932 -13.654757 -16.044587 -18.948129 -22.261733 -14.588010 -18.390752 -18.255793 -14.388773 -15.822397 -17.448151 -18.926776 -19.024372 -12.213268 -6.320131 -11.936709 -13.281847 -18.335894 -21.196695 -16.573325 -21.945682 -25.556119 -20.977336 -18.713809 -15.270442 -13.263380 -13.979511 -9.388162 -7.478872 -6.477617 -6.953564 -8.051621 -8.598866 -15.410513 
-14.555057 -12.425635 -15.149957 -20.873463 -22.276578 -21.832423 -19.711805 -14.862456 -12.737557 -18.941276 -16.897781 -13.755249 -14.107596 -16.647071 -20.454420 -17.927288 -13.870333 -18.224345 -16.396839 -9.186660 -5.065112 -6.915897 -13.104361 -17.680700 -21.751637 -17.762944 -19.757210 -20.825754 -21.829837 -16.782111 -14.588829 -13.219984 -16.309172 -5.777735 -2.534888 -0.329595 -1.609674 -4.534062 -6.564891 -8.838797 
-15.430351 -15.774864 -16.206475 -24.569007 -26.198104 -30.267054 -22.346633 -22.728514 -28.685278 -22.476757 -22.433216 -17.469751 -15.585463 -14.871465 -16.892067 -19.433116 -17.564071 -19.245806 -23.291792 -8.470511 -7.424890 -12.526045 -15.400857 -22.967368 -26.125840 -19.572658 -19.470283 -20.246446 -18.076236 -15.638031 -13.087095 -12.952887 -11.768399 -8.661165 -7.931160 -6.583046 -4.829268 -3.351051 -3.957344 -5.619849 
-16.542858 -13.785498 -19.482076 -24.106988 -24.107186 -19.344992 -20.057594 -22.558560 -19.999954 -17.098221 -19.396147 -17.609747 -15.350946 -17.379324 -15.965406 -12.319086 -14.712091 -22.246095 -22.171750 -14.206033 -11.483783 -14.062422 -15.827428 -18.398269 -24.018102 -20.114463 -17.248524 -21.708732 -19.377801 -18.500275 -14.363702 -11.980115 -13.768884 -11.444538 -4.890041 -6.615282 -1.606638 0.651832 1.199609 -3.895757 
-15.541429 -15.546103 -17.550382 -28.167475 -29.888690 -22.089379 -20.948024 -19.765196 -17.527205 -23.513996 -21.203005 -20.204637 -15.826662 -15.729061 -13.439875 -17.938447 -14.021924 -20.571394 -21.665737 -16.847087 -11.265216 -13.258538 -18.892014 -19.912779 -21.879524 -19.800778 -18.778385 -23.091757 -20.166319 -19.881800 -12.313326 -14.120349 -13.213145 -9.491985 -2.696365 -1.584422 -1.145793 0.975019 2.104691 1.057478 
-14.982490 -17.805918 -22.619281 -24.134919 -32.829503 -29.775145 -23.044663 -26.698337 -33.695667 -26.254198 -23.209374 -23.206248 -25.682540 -18.198679 -14.873238 -17.479210 -19.188242 -18.253167 -26.436972 -15.785797 -12.958432 -16.725230 -21.281484 -24.437779 -25.747671 -19.894256 -15.211566 -20.530023 -17.255710 -19.983201 -13.128215 -12.140942 -12.407718 -8.186772 0.301273 -0.106402 2.272293 3.314346 4.068942 1.791471 
-16.949672 -25.608426 -34.685411 -33.610931 -29.303610 -32.728192 -32.419899 -24.144200 -20.023683 -21.951223 -26.876794 -32.492717 -23.255448 -19.648515 -18.505984 -17.262228 -16.444843 -21.047379 -21.344638 -18.974912 -19.935889 -23.365599 -28.372989 -24.314387 -27.210335 -24.017418 -23.449376 -25.492511 -21.728366 -19.930646 -12.854487 -11.705208 -9.396434 -8.293316 -3.952284 0.213256 1.398367 3.756582 -1.249064 0.151742 
-19.864624 -24.037209 -28.173829 -36.089215 -31.227424 -34.168292 -30.654699 -33.681011 -28.856497 -27.493068 -36.321448 -31.205853 -28.498359 -20.420711 -22.334031 -26.287546 -30.314329 -29.466796 -28.863760 -29.398256 -25.874753 -30.179066 -28.142583 -27.406338 -28.218594 -24.114055 -23.316946 -29.200765 -22.334062 -19.852855 -15.469140 -12.296345 -13.087213 -6.761939 -3.381042 -1.058592 -0.731410 2.372529 -0.778052 -1.215463 
-19.484219 -19.588018 -23.226297 -32.392916 -33.850836 -39.208575 -36.819109 -32.977320 -35.105318 -46.520283 -44.164024 -37.032238 -39.491457 -38.479712 -38.261713 -40.638421 -42.213177 -39.590575 -39.738835 -36.081544 -29.728765 -32.320220 -37.122374 -40.916296 -40.929536 -28.135199 -29.205719 -32.537354 -28.018601 -23.443591 -21.583656 -22.363291 -23.120556 -14.389949 -7.195379 -7.651273 -6.398042 -7.870372 -9.808990 -8.727494 
-17.885205 -23.365945 -28.325367 -37.051177 -42.519642 -43.105523 -41.232423 -44.353859 -53.093150 -56.173038 -51.417802 -46.920330 -50.662496 -46.400827 -50.794018 -53.717175 -48.639563 -49.987727 -50.583651 -48.999381 -50.469664 -52.083254 -54.991894 -56.733338 -55.465327 -50.425172 -50.540305 -52.093092 -46.107759 -47.910664 -46.442585 -41.235093 -38.986444 -34.294683 -29.766006 -26.126957 -27.136158 -29.118397 -31.480253 -34.052165 
-19.023601 -22.139670 -29.683565 -37.049672 -37.877382 -43.220712 -48.805946 -54.046425 -55.499074 -57.664188 -53.261893 -51.995494 -55.142518 -51.915344 -56.343243 -58.354265 -59.638873 -55.496614 -58.106844 -53.762689 -51.988270 -55.919846 -57.389339 -58.228229 -58.364389 -62.310308 -60.908086 -60.621134 -59.505524 -58.559223 -56.596505 -51.861967 -50.141164 -46.008760 -41.729828 -39.924960 -41.893247 -40.334454 -42.265108 -45.601114 
-23.681695 -25.082584 -24.252539 -29.667684 -35.979477 -43.264679 -52.377244 -50.497598 -52.186653 -54.056551 -55.642380 -56.016970 -54.730211 -57.187829 -55.043269 -54.221410 -56.931533 -57.880630 -55.945439 -58.925738 -57.980258 -57.663399 -57.890943 -59.291753 -58.593075 -59.258419 -60.757903 -59.907634 -64.073576 -63.100642 -61.808106 -62.779209 -56.894938 -51.747086 -47.377234 -51.939794 -52.993874 -51.418109 -50.305200 -54.671611 
-34.686399 -33.598837 -34.748072 -38.870321 -47.492977 -54.522563 -64.460378 -62.611756 -57.076732 -61.134745 -59.766630 -55.412570 -50.977730 -54.990212 -55.098444 -59.990783 -67.974873 -60.138558 -59.034022 -62.917303 -63.712735 -64.151920 -63.619676 -63.970859 -68.808466 -66.223676 -64.150132 -65.865851 -65.894100 -64.669533 -64.657972 -63.657084 -63.062848 -62.098904 -59.665768 -62.927614 -63.421985 -63.436073 -66.030148 -65.856203 
-19.597975 -23.223676 -30.572796 -39.776713 -46.653115 -46.286883 -45.876850 -44.197051 -43.793315 -43.902321 -47.889394 -49.061800 -48.269357 -46.434276 -48.224296 -48.717064 -53.535092 -53.542474 -49.294557 -47.377369 -45.074022 -45.706045 -52.883468 -54.350362 -53.058901 -55.328108 -49.503383 -48.180959 -49.463101 -43.209969 -43.683838 -42.617501 -40.460383 -42.953671 -48.652009 -49.897202 -51.652594 -56.012730 -54.959683 -57.984641 
-9.270096 -10.848650 -19.916656 -21.308319 -14.487841 -11.988507 -9.843785 -9.099052 -11.010029 -17.381579 -22.373744 -20.175339 -18.725013 -18.365575 -21.751280 -25.138768 -23.286532 -25.966960 -30.337751 -29.603586 -26.643533 -30.134689 -27.758403 -34.041804 -27.514480 -24.747952 -23.925848 -24.619933 -27.149685 -17.759495 -11.858605 -14.103122 -18.962759 -18.358879 -15.804693 -20.189271 -26.025022 -26.339181 -26.678361 -29.368100 
-10.817563 -17.647771 -19.982629 -15.584442 -14.765583 -17.722121 -13.619204 -13.177148 -13.616701 -18.686530 -21.033657 -24.179009 -22.954485 -22.323386 -21.096700 -25.563206 -26.622639 -27.512966 -27.679625 -21.546374 -20.335678 -30.498029 -31.192865 -28.037700 -26.089399 -18.957969 -19.831215 -21.152403 -16.271519 -8.536450 -7.438727 -10.513484 -14.625832 -10.361125 -11.465578 -12.181993 -15.871798 -16.803655 -17.007865 -22.138108 
-11.001895 -19.861961 -25.831384 -20.699536 -18.181488 -23.571472 -20.030550 -14.226293 -15.606339 -20.525717 -29.068769 -23.156410 -27.059589 -22.987964 -21.377626 -28.778806 -23.142361 -25.516412 -28.069855 -21.764945 -17.585749 -20.040973 -25.461809 -24.115007 -19.376505 -16.586524 -17.438887 -23.960620 -18.113025 -14.985326 -10.299508 -10.845271 -15.830626 -13.719409 -13.764527 -13.957531 -17.358057 -17.899009 -20.585277 -23.029778 
-9.227305 -9.387516 -13.603611 -19.810467 -34.591487 -20.920377 -14.215507 -11.926419 -17.348819 -30.516618 -33.553321 -24.908494 -29.189338 -29.894513 -25.805770 -24.304984 -27.282802 -25.168746 -28.337743 -24.715863 -19.261143 -20.316257 -27.755049 -29.464591 -26.787993 -20.025059 -20.079892 -27.657919 -23.417647 -20.537942 -15.675211 -16.718685 -19.550131 -21.201557 -19.612070 -20.779073 -22.602395 -22.870368 -25.666616 -28.490289 
-9.499760 -11.712171 -21.287327 -21.182692 -22.976769 -22.837623 -16.970449 -19.063666 -13.816099 -21.720680 -28.698703 -25.215668 -29.671184 -25.145127 -31.112455 -29.217339 -33.770336 -36.613889 -33.905301 -25.081014 -17.296140 -23.952472 -29.209025 -30.482125 -28.180119 -27.211341 -29.494456 -36.616056 -34.882938 -27.097650 -25.337198 -24.275320 -27.477429 -30.003752 -27.497473 -32.699151 -33.194480 -34.493036 -36.818015 -38.713210 
-19.138109 -21.341822 -27.352209 -29.344650 -27.815703 -29.515049 -28.628202 -26.863669 -26.403386 -32.950500 -37.913628 -33.505941 -35.951078 -34.923457 -35.680623 -37.213296 -43.969216 -45.148579 -46.122285 -39.998788 -34.387223 -43.368473 -45.058664 -46.645082 -44.873474 -33.930981 -35.956141 -46.866043 -50.188063 -43.071060 -34.497409 -38.057049 -42.565278 -44.464402 -48.249827 -43.873537 -49.139883 -52.644949 -54.696772 -54.810858 
-71.841351 -71.571006 -72.069970 -75.637168 -85.497226 -84.587535 -85.489921 -78.041381 -72.574696 -76.626424 -81.832088 -82.975719 -81.625486 -86.009905 -82.410202 -82.650090 -85.642066 -84.024907 -77.943071 -76.806350 -77.036700 -86.930456 -80.372372 -83.907427 -84.773207 -89.530257 -85.291417 -86.818790 -84.603516 -85.234702 -86.420060 -88.982604 -88.131670 -90.233421 -87.533352 -89.045364 -92.712094 -91.608635 -90.767270 -92.210668 
-168.518665 -168.513765 -168.505634 -168.491979 -168.473597 -168.448050 -168.417179 -168.378101 -168.327030 -168.267366 -168.196452 -168.110909 -168.013687 -167.900106 -167.769617 -167.624062 -167.457780 -167.274058 -167.070627 -166.849023 -166.607703 -166.346331 -166.071340 -165.778569 -165.470409 -165.150634 -164.820813 -164.485421 -164.144670 -163.802345 -163.461056 -163.126505 -162.802581 -162.491851 -162.199529 -161.932366 -161.695684 -161.496043 -161.341465 -161.241201 
NaN NaN NaN NaN NaN NaN NaN NaN NaN NaN NaN NaN NaN NaN NaN NaN NaN NaN NaN NaN NaN NaN NaN NaN NaN NaN NaN NaN NaN NaN NaN NaN NaN NaN NaN NaN NaN NaN NaN NaN 
NaN NaN NaN NaN NaN NaN NaN NaN NaN NaN NaN NaN NaN NaN NaN NaN NaN NaN NaN NaN NaN NaN NaN NaN NaN NaN NaN NaN NaN NaN NaN NaN NaN NaN NaN NaN NaN NaN NaN NaN 
NaN NaN NaN NaN NaN NaN NaN NaN NaN NaN NaN NaN NaN NaN NaN NaN NaN NaN NaN NaN NaN NaN NaN NaN NaN NaN NaN NaN NaN NaN NaN NaN NaN NaN NaN NaN NaN NaN NaN NaN 
