NaN NaN NaN NaN NaN NaN NaN NaN NaN NaN NaN NaN NaN NaN NaN NaN NaN NaN NaN NaN NaN NaN NaN NaN NaN NaN NaN NaN NaN NaN NaN NaN NaN NaN NaN NaN NaN NaN NaN NaN 
NaN NaN NaN NaN NaN NaN NaN NaN NaN NaN NaN NaN NaN NaN NaN NaN NaN NaN NaN NaN NaN NaN NaN NaN NaN NaN NaN NaN NaN NaN NaN NaN NaN NaN NaN NaN NaN NaN NaN NaN 
NaN NaN NaN NaN NaN NaN NaN NaN NaN NaN NaN NaN NaN NaN NaN NaN NaN NaN NaN NaN NaN NaN NaN NaN NaN NaN NaN NaN NaN NaN NaN NaN NaN NaN NaN NaN NaN NaN NaN NaN 
NaN NaN NaN NaN NaN NaN NaN NaN NaN NaN NaN NaN NaN NaN NaN NaN NaN NaN NaN NaN NaN NaN NaN NaN NaN NaN NaN NaN NaN NaN NaN NaN NaN NaN NaN NaN NaN NaN NaN NaN 
NaN NaN NaN NaN NaN NaN NaN NaN NaN NaN NaN NaN NaN NaN NaN NaN NaN NaN NaN NaN NaN NaN NaN NaN NaN NaN NaN NaN NaN NaN NaN NaN NaN NaN NaN NaN NaN NaN NaN NaN 
NaN NaN NaN NaN NaN NaN NaN NaN NaN NaN NaN NaN NaN NaN NaN NaN NaN NaN NaN NaN NaN NaN NaN NaN NaN NaN NaN NaN NaN NaN NaN NaN NaN NaN NaN NaN NaN NaN NaN NaN 
NaN NaN NaN NaN NaN NaN NaN NaN NaN NaN NaN NaN NaN NaN NaN NaN NaN NaN NaN NaN NaN NaN NaN NaN NaN NaN NaN NaN NaN NaN NaN NaN NaN NaN NaN NaN NaN NaN NaN NaN 
NaN NaN NaN NaN NaN NaN NaN NaN NaN NaN NaN NaN NaN NaN NaN NaN NaN NaN NaN NaN NaN NaN NaN NaN NaN NaN NaN NaN NaN NaN NaN NaN NaN NaN NaN NaN NaN NaN NaN NaN 
NaN NaN NaN NaN NaN NaN NaN NaN NaN NaN NaN NaN NaN NaN NaN NaN NaN NaN NaN NaN NaN NaN NaN NaN NaN NaN NaN NaN NaN NaN NaN NaN NaN NaN NaN NaN NaN NaN NaN NaN 
NaN NaN NaN NaN NaN NaN NaN NaN NaN NaN NaN NaN NaN NaN NaN NaN NaN NaN NaN NaN NaN NaN NaN NaN NaN NaN NaN NaN NaN NaN NaN NaN NaN NaN NaN NaN NaN NaN NaN NaN 
NaN NaN NaN NaN NaN NaN NaN NaN NaN NaN NaN NaN NaN NaN NaN NaN NaN NaN NaN NaN NaN NaN NaN NaN NaN NaN NaN NaN NaN NaN NaN NaN NaN NaN NaN NaN NaN NaN NaN NaN 
NaN NaN NaN NaN NaN NaN NaN NaN NaN NaN NaN NaN NaN NaN NaN NaN NaN NaN NaN NaN NaN NaN NaN NaN NaN NaN NaN NaN NaN NaN NaN NaN NaN NaN NaN NaN NaN NaN NaN NaN 
NaN NaN NaN NaN NaN NaN NaN NaN NaN NaN NaN NaN NaN NaN NaN NaN NaN NaN NaN NaN NaN NaN NaN NaN NaN NaN NaN NaN NaN NaN NaN NaN NaN NaN NaN NaN NaN NaN NaN NaN 
NaN NaN NaN NaN NaN NaN NaN NaN NaN NaN NaN NaN NaN NaN NaN NaN NaN NaN NaN NaN NaN NaN NaN NaN NaN NaN NaN NaN NaN NaN NaN NaN NaN NaN NaN NaN NaN NaN NaN NaN 
NaN NaN NaN NaN NaN NaN NaN NaN NaN NaN NaN NaN NaN NaN NaN NaN NaN NaN NaN NaN NaN NaN NaN NaN NaN NaN NaN NaN NaN NaN NaN NaN NaN NaN NaN NaN NaN NaN NaN NaN 
NaN NaN NaN NaN NaN NaN NaN NaN NaN NaN NaN NaN NaN NaN NaN NaN NaN NaN NaN NaN NaN NaN NaN NaN NaN NaN NaN NaN NaN NaN NaN NaN NaN NaN NaN NaN NaN NaN NaN NaN 
NaN NaN NaN NaN NaN NaN NaN NaN NaN NaN NaN NaN NaN NaN NaN NaN NaN NaN NaN NaN NaN NaN NaN NaN NaN NaN NaN NaN NaN NaN NaN NaN NaN NaN NaN NaN NaN NaN NaN NaN 
NaN NaN NaN NaN NaN NaN NaN NaN NaN NaN NaN NaN NaN NaN NaN NaN NaN NaN NaN NaN NaN NaN NaN NaN NaN NaN NaN NaN NaN NaN NaN NaN NaN NaN NaN NaN NaN NaN NaN NaN 
NaN NaN NaN NaN NaN NaN NaN NaN NaN NaN NaN NaN NaN NaN NaN NaN NaN NaN NaN NaN NaN NaN NaN NaN NaN NaN NaN NaN NaN NaN NaN NaN NaN NaN NaN NaN NaN NaN NaN NaN 
NaN NaN NaN NaN NaN NaN NaN NaN NaN NaN NaN NaN NaN NaN NaN NaN NaN NaN NaN NaN NaN NaN NaN NaN NaN NaN NaN NaN NaN NaN NaN NaN NaN NaN NaN NaN NaN NaN NaN NaN 
NaN NaN NaN NaN NaN NaN NaN NaN NaN NaN NaN NaN NaN NaN NaN NaN NaN NaN NaN NaN NaN NaN NaN NaN NaN NaN NaN NaN NaN NaN NaN NaN NaN NaN NaN NaN NaN NaN NaN NaN 
NaN NaN NaN NaN NaN NaN NaN NaN NaN NaN NaN NaN NaN NaN NaN NaN NaN NaN NaN NaN NaN NaN NaN NaN NaN NaN NaN NaN NaN NaN NaN NaN NaN NaN NaN NaN NaN NaN NaN NaN 
NaN NaN NaN NaN NaN NaN NaN NaN NaN NaN NaN NaN NaN NaN NaN NaN NaN NaN NaN NaN NaN NaN NaN NaN NaN NaN NaN NaN NaN NaN NaN NaN NaN NaN NaN NaN NaN NaN NaN NaN 
NaN NaN NaN NaN NaN NaN NaN NaN NaN NaN NaN NaN NaN NaN NaN NaN NaN NaN NaN NaN NaN NaN NaN NaN NaN NaN NaN NaN NaN NaN NaN NaN NaN NaN NaN NaN NaN NaN NaN NaN 
-66.929090 -68.175789 -70.309683 -73.994934 -79.032535 -83.080853 -83.519946 -85.305809 -91.678590 -86.382082 -82.273471 -82.669369 -84.593540 -87.235720 -92.289395 -100.751934 -98.317558 -94.685943 -93.641532 -94.699252 -89.614736 -93.532273 -99.286547 -94.034562 -95.147754 -92.453907 -90.526460 -95.799170 -94.596657 -97.527414 -99.514092 -88.793819 -87.874032 -92.665495 -92.193454 -95.294499 -88.497458 -91.904184 -92.709590 -89.676052 
-43.492906 -48.602668 -57.350906 -58.865969 -63.296439 -62.253020 -61.626668 -62.211286 -66.714772 -70.721565 -68.837832 -68.949705 -73.347871 -74.112138 -77.021634 -77.570584 -80.913951 -78.473207 -78.190826 -77.012644 -73.896816 -81.244295 -79.648257 -77.789159 -78.645640 -79.917662 -77.620927 -77.038186 -77.356706 -82.660517 -85.129994 -77.324365 -76.994716 -77.843919 -80.090052 -80.853306 -76.387895 -78.642928 -79.899876 -77.708416 
-27.626232 -39.609834 -48.505672 -49.455032 -55.205689 -61.512082 -63.506836 -64.943245 -70.175727 -67.509408 -67.767743 -70.256331 -72.443950 -72.543687 -79.234503 -78.589873 -78.448520 -77.358365 -76.505132 -79.059405 -74.579563 -77.692268 -80.713813 -74.352784 -72.846334 -76.316418 -73.822197 -72.772825 -74.841624 -72.420573 -79.477029 -80.478548 -77.122700 -74.153679 -76.403756 -77.342519 -75.274909 -73.999895 -76.456114 -76.797662 
-24.420197 -33.466045 -42.220121 -44.640356 -53.987463 -58.370948 -59.848671 -62.854989 -68.563031 -70.681416 -72.014382 -71.280531 -67.096136 -66.545417 -70.747675 -71.547695 -68.936876 -70.462307 -72.977505 -73.848370 -72.188293 -71.232688 -74.646064 -70.391504 -69.528579 -69.913365 -74.542938 -73.514365 -72.008016 -70.761469 -72.264414 -75.032246 -74.125902 -71.999570 -72.888334 -75.150103 -73.832056 -73.094363 -74.793545 -77.521336 
-11.346387 -13.001326 -16.812789 -20.310049 -19.481071 -16.139038 -14.772962 -15.850640 -19.638007 -24.590351 -26.681008 -26.544348 -28.538864 -28.584790 -27.463052 -34.931492 -33.081104 -30.546604 -33.064339 -37.503071 -33.182990 -27.108808 -31.020962 -41.206856 -35.727870 -34.424395 -32.184084 -32.692646 -30.528145 -25.798854 -24.065028 -24.637735 -31.177752 -38.813064 -38.384694 -35.627036 -38.712814 -38.096700 -39.475579 -39.650262 
1.453297 -0.157419 -9.601002 -16.263281 -16.723841 -7.961324 -4.228434 -7.814901 -13.013336 -16.182535 -17.280790 -21.488888 -22.780829 -23.232450 -17.975687 -18.206856 -23.533999 -23.269168 -23.918491 -20.695303 -16.017467 -16.635810 -23.830968 -29.139017 -15.607914 -15.066717 -19.751411 -18.600254 -19.355725 -14.297518 -15.313441 -13.623763 -13.159982 -18.560157 -17.331298 -14.065742 -18.295914 -22.655910 -19.452699 -21.199141 
0.171822 -6.707283 -14.606387 -15.877546 -13.665308 -10.053103 -12.978572 -11.827362 -14.491756 -13.020542 -21.015561 -21.447739 -23.352216 -26.856170 -25.495504 -20.978665 -24.383551 -23.796865 -24.688883 -24.374003 -18.054483 -17.426072 -21.032041 -22.550756 -11.771891 -10.527419 -18.821612 -18.637313 -14.705098 -11.001596 -13.981635 -12.025393 -10.243897 -11.161723 -14.504639 -13.795873 -14.444896 -16.041034 -15.391181 -17.674243 
-4.346601 -10.205299 -11.051136 -13.984191 -15.704247 -10.520859 -10.558760 -12.763274 -14.232845 -21.291717 -31.732922 -21.931379 -19.931751 -25.720323 -25.534246 -22.762710 -23.871476 -22.164382 -28.202446 -17.676073 -13.782135 -14.419856 -17.609733 -19.250498 -10.568089 -9.348586 -15.215322 -23.543555 -14.783139 -11.752401 -16.834904 -14.016524 -11.683676 -11.561710 -20.080718 -14.192867 -19.129495 -21.442101 -19.064284 -19.577234 
-3.503607 6.761688 11.183691 4.805808 -4.465280 -3.895304 -5.257156 -4.454768 -15.445256 -20.667479 -25.192559 -19.307822 -21.762923 -24.931617 -26.703155 -27.151889 -25.795486 -27.066089 -25.412606 -13.272005 -8.365648 -16.825956 -19.302453 -17.895550 -8.226814 -11.987812 -18.430502 -21.768560 -17.487749 -16.047923 -20.066112 -21.317875 -18.676222 -18.870641 -22.716657 -22.939823 -21.472844 -24.715368 -22.107680 -23.190123 
1.733077 16.062773 19.875507 10.065967 4.434408 6.129814 0.118194 3.834681 -1.726794 -7.910541 -16.822074 -21.318013 -17.564776 -26.060528 -24.709582 -26.187398 -19.130758 -22.271457 -21.864368 -12.822050 -5.614541 -15.195530 -15.840146 -17.442797 -8.766441 -12.684565 -22.246535 -21.230510 -21.746153 -21.654157 -21.322265 -18.321240 -20.205233 -25.400655 -26.531615 -24.822092 -24.087937 -27.125603 -28.185333 -29.340756 
-2.014101 16.692220 21.668157 11.154412 12.511671 11.823098 12.126704 13.004530 2.593819 -1.269151 -6.535826 -10.055300 -15.049932 -22.064912 -22.707423 -24.548714 -20.456521 -18.070241 -13.471818 -5.509834 -7.561967 -14.659101 -15.439779 -15.301666 -9.377622 -12.706679 -25.132055 -24.951311 -22.155429 -22.798082 -23.859117 -20.248927 -19.944062 -32.330777 -33.005992 -24.879296 -27.173954 -29.018658 -30.933398 -32.590657 
-3.413441 16.323470 21.508047 11.992915 16.963081 15.134076 17.134548 17.985503 5.613788 3.371205 -2.372373 -9.315961 -9.038803 -13.505258 -15.906622 -18.939945 -17.101363 -11.287514 -6.995280 -3.617615 -9.019073 -13.995874 -14.084815 -13.218435 -11.239759 -14.586733 -19.926389 -19.275193 -16.108376 -16.719229 -19.476522 -17.033824 -21.433656 -32.405627 -33.314808 -25.494711 -27.594829 -29.740972 -31.540372 -28.520161 
-2.299064 15.965226 20.650117 12.579136 19.210585 16.856041 21.589489 20.687268 11.111089 7.020013 -0.116607 -6.367348 -5.652698 -6.882352 -9.232531 -14.382306 -11.423798 -7.119534 -1.451335 3.547237 0.667615 -7.053760 -9.630414 -5.852180 -2.309005 -8.465257 -17.096329 -17.465922 -14.206271 -13.482490 -17.417566 -19.856786 -27.768106 -37.118837 -35.986357 -27.866851 -29.308408 -29.783082 -28.638289 -28.705106 
-2.514898 15.959313 19.668286 11.843553 19.591524 16.563578 23.690888 19.235593 14.610208 5.909221 0.998905 -2.700834 -5.158354 -6.433222 -7.303641 -11.897866 -9.007641 -5.437692 2.837904 8.756765 4.431914 -1.978753 -2.772270 -1.859300 -2.565141 -6.553031 -11.861911 -11.366816 -5.891820 -4.390573 -7.877923 -14.146085 -21.963664 -37.438873 -35.003623 -28.450772 -33.751561 -32.724300 -30.017444 -30.619370 
-0.286005 15.861013 19.162536 12.400037 19.055946 16.193062 24.339079 17.908936 15.611365 4.063853 -0.190372 -3.793266 -5.422101 -6.866984 -8.149651 -11.542268 -9.767138 -5.574930 1.732520 9.222329 6.053975 -1.836968 -2.537363 -0.318417 1.213111 -6.157297 -12.795287 -12.283077 -6.425675 -3.335020 -8.198991 -16.011770 -24.535315 -36.273679 -35.253671 -27.484380 -31.580993 -32.481125 -30.128021 -29.181808 
-0.308523 16.549223 19.273253 12.896736 18.000382 17.039326 24.490287 16.425604 14.364261 0.578226 -4.780980 -5.978759 -5.562614 -7.741964 -10.279295 -12.428841 -13.380847 -6.634955 -1.537102 7.582157 6.853573 -0.529658 -3.250246 -1.511898 1.712031 -3.154580 -11.615768 -12.899650 -7.439799 -3.274297 -6.923618 -17.741812 -24.978012 -32.458028 -31.249167 -25.749808 -30.052751 -31.337939 -30.766838 -29.821077 
1.128687 17.305077 19.317463 13.529699 17.284068 18.151719 23.580833 12.915387 10.424220 -0.944998 -6.290843 -7.827071 -8.422867 -9.804350 -12.061661 -15.198603 -15.721178 -10.497393 -4.190209 5.187946 6.564596 0.136656 -3.626307 -3.099064 -0.225008 -4.509959 -12.021387 -13.520425 -8.414192 -3.179624 -7.255157 -20.278937 -29.381360 -35.167369 -33.817655 -28.458192 -34.266911 -33.498799 -32.665721 -29.522061 
1.775191 17.437183 17.300316 13.165213 11.208696 13.990267 17.479541 7.372663 2.676072 -3.687993 -11.399488 -9.518565 -12.745713 -14.846896 -16.861944 -21.283657 -20.992412 -13.239633 -6.776104 1.440662 1.653245 -6.944515 -8.885416 -5.503419 -2.696361 -11.794187 -18.439006 -20.173749 -10.906943 -3.805854 -6.341274 -21.347127 -34.737996 -40.036357 -37.930748 -34.700149 -40.185289 -40.347347 -36.202078 -36.255892 
2.039794 18.050279 18.935786 12.242262 11.058112 3.830992 2.305616 -2.440043 -7.000698 -8.637009 -18.219195 -17.566353 -23.192674 -22.111645 -25.357830 -32.396110 -32.952250 -28.673145 -18.518447 -9.163166 -13.635846 -21.982311 -24.528356 -19.947918 -16.532287 -25.744781 -33.828121 -31.584257 -24.812113 -15.778064 -18.272268 -37.650392 -45.827794 -49.004865 -48.330619 -47.163987 -50.927393 -49.203010 -49.146756 -49.035097 
3.096636 18.055155 18.133184 10.666697 10.565770 -5.397228 -15.485695 -5.490337 -7.673346 -10.811675 -15.647957 -22.805867 -28.582614 -30.912462 -32.240748 -35.532777 -34.995489 -32.544269 -21.802042 -17.323224 -32.343471 -33.733952 -32.955358 -29.980227 -30.665177 -38.300027 -41.270604 -41.315127 -37.873492 -31.948324 -37.324728 -44.272811 -45.622482 -45.864295 -46.675161 -47.019865 -46.840509 -47.673055 -47.384402 -48.178872 
3.552607 17.682591 15.929950 10.686194 7.455945 -9.140814 -9.241556 -6.061409 -9.738578 -13.714991 -17.196944 -23.821378 -28.953404 -30.150571 -31.105962 -31.698556 -32.961539 -32.523676 -26.002609 -24.844799 -33.784992 -34.608288 -35.762259 -32.837140 -34.942401 -38.361849 -39.865173 -40.300401 -40.863781 -38.766266 -39.090992 -42.468668 -42.871774 -43.356638 -43.857310 -43.998894 -44.022267 -44.384327 -44.623364 -44.638174 
4.760596 16.461758 11.717958 9.510076 4.997995 -8.627211 -11.553533 -10.868312 -17.392923 -16.800734 -20.655994 -27.289144 -35.736395 -39.421137 -39.995313 -43.012046 -45.556411 -42.760960 -33.363698 -29.790420 -41.037164 -46.410932 -46.250020 -43.915701 -43.703385 -47.770421 -50.463030 -53.998389 -53.151216 -46.911840 -47.887287 -55.204133 -55.810905 -56.179800 -52.816406 -53.656356 -55.182060 -55.739687 -54.671763 -52.696933 
5.155468 13.419548 8.560999 7.352629 0.675990 -19.162721 -14.294209 -15.419561 -15.018043 -20.440751 -22.748294 -22.966050 -25.555508 -28.604229 -25.866238 -33.622288 -32.456346 -37.505384 -34.718754 -28.776851 -27.174955 -32.463390 -33.029981 -38.601189 -39.754373 -32.347684 -30.376472 -35.433360 -28.536868 -30.728014 -32.660555 -33.801913 -33.739835 -39.764985 -43.569685 -44.313283 -43.188201 -44.843467 -48.402051 -46.376301 
2.853412 8.275151 10.038294 6.750273 2.117000 -0.998039 -0.343713 -4.361157 -7.908035 -18.079992 -13.553989 -12.108340 -13.694799 -14.137330 -16.719224 -22.231530 -25.748120 -25.040469 -23.041806 -15.645386 -9.494531 -12.434790 -19.980710 -21.978122 -16.476926 -18.741428 -18.087274 -19.871537 -11.033008 -11.462888 -15.609202 -20.477013 -17.942091 -21.589315 -27.395884 -28.599758 -27.997490 -27.829563 -28.599591 -26.708573 
5.426207 16.371272 17.005172 10.454431 14.966853 11.537081 17.434120 11.522668 3.815700 -6.399129 -9.051212 -10.759164 -10.877368 -12.057147 -15.526519 -16.749943 -16.416955 -12.487617 -10.377650 -4.431549 2.602981 -2.605608 -8.423901 -8.417092 -4.434525 -5.442927 -13.355117 -16.045487 -9.860449 -7.200612 -12.171021 -18.843013 -19.963404 -20.453684 -24.829230 -25.119922 -25.635277 -25.563868 -25.606324 -23.247091 
4.135697 18.460126 20.281689 12.845929 17.970978 14.553802 24.462981 20.287511 14.324524 5.779706 -0.338679 -5.984179 -7.446610 -8.333408 -9.815743 -11.585234 -11.987825 -7.281790 -4.589151 3.071067 9.909417 4.421255 -0.612957 -2.242929 2.924637 4.565781 -4.135251 -9.448453 -4.784206 -1.630426 -7.660838 -21.678163 -28.878625 -35.379631 -30.243364 -25.294191 -30.741088 -32.885700 -33.684849 -29.968630 
-2.450223 16.307312 20.088778 11.855505 17.778306 13.428467 23.997840 21.321429 20.496759 13.561082 3.200016 -3.409100 -4.033826 -5.406311 -8.471791 -10.128700 -10.005826 -5.195185 -0.865278 5.552556 10.652529 8.930652 1.389935 -1.788054 2.754372 6.366052 0.259877 -4.998926 -2.999452 -2.179079 -8.137573 -18.205181 -24.076316 -39.031191 -33.499274 -22.012940 -28.121004 -31.709793 -30.410437 -29.119016 
-2.522527 15.439202 20.032333 10.787670 17.696592 14.167374 19.929032 17.576410 23.506009 18.202074 3.054665 -1.327274 -0.905751 -3.876796 -7.158102 -10.896368 -9.098094 -4.803956 -2.330819 3.503089 9.149377 8.919526 3.502035 -0.821909 0.962119 4.447352 -1.612923 -6.609311 -5.660738 -4.693929 -12.131772 -20.551803 -25.530353 -36.516934 -32.082572 -23.314165 -27.980750 -30.823625 -27.754246 -27.845363 
-5.355530 13.221422 19.123049 10.544980 17.535497 14.856771 16.998244 16.848716 23.634067 21.124051 5.249079 0.331906 0.820795 -3.379977 -6.048297 -10.364110 -8.504116 -4.221160 -1.974006 1.963669 7.501433 8.441257 4.818954 -0.560388 -0.526314 2.451437 -1.902648 -5.581155 -5.544550 -4.993257 -11.646723 -19.180879 -26.668663 -40.640802 -37.961587 -25.471577 -28.938228 -33.160644 -25.655956 -28.735328 
-9.801392 10.729317 17.828025 10.375917 16.811010 15.271813 15.166132 17.652909 22.809664 22.552559 4.849467 -0.673382 1.524842 -3.201227 -6.078230 -9.474708 -9.709135 -4.462971 -2.175270 1.624261 6.171329 9.093555 4.952932 -0.481431 -1.079265 3.425004 -0.588532 -4.536773 -5.807473 -6.807731 -12.614856 -18.359447 -25.338923 -38.512574 -33.030329 -19.766541 -25.741761 -32.933206 -26.104167 -29.678432 
-15.329056 8.477722 17.205319 10.372719 15.729134 15.329256 14.044480 18.210324 21.786419 23.765752 5.552860 0.232154 1.994211 -2.157830 -6.280179 -8.752775 -10.401555 -5.604252 -3.271464 -0.193554 4.547526 9.224210 5.858052 0.228401 1.415776 4.423530 -0.071380 -4.581463 -5.191045 -5.724503 -11.728419 -15.378387 -19.237803 -32.703272 -30.446429 -21.363076 -26.297622 -32.378058 -30.128576 -29.490817 
-9.469929 9.040996 17.872742 10.826537 14.320530 15.853806 12.374207 19.206918 19.353453 24.425267 5.919026 -0.557904 1.896924 -2.830355 -6.740289 -9.801978 -10.619183 -7.695470 -5.711410 -2.211701 1.598769 8.068389 6.060450 -0.210299 -0.212750 3.199771 -0.495655 -5.697674 -6.070393 -8.344027 -15.010415 -18.374394 -21.215243 -37.118815 -29.178034 -18.081641 -25.424931 -31.587440 -28.725934 -27.769044 
-13.710581 9.589882 18.718422 12.375501 13.549301 16.472198 11.874050 19.369242 17.729514 24.650296 7.801689 1.474674 1.181687 -3.892187 -6.358962 -10.480154 -9.019951 -7.403875 -6.201978 -3.802727 -1.415318 6.368548 5.767069 -0.164094 -0.134600 3.801704 0.793190 -4.439376 -6.293342 -7.850639 -14.601048 -16.663028 -21.061074 -34.060211 -30.201880 -18.023812 -23.876713 -29.090847 -29.587496 -28.872733 
-16.205760 9.435583 19.240701 12.737296 12.994311 17.049343 10.605527 19.450790 14.776809 23.759597 8.890052 0.879789 0.843423 -3.820527 -6.891466 -13.594242 -9.662005 -7.300754 -6.603074 -3.885603 -0.203192 6.104402 5.880513 0.329333 -1.386286 2.189392 -2.424806 -7.451479 -8.086701 -10.027155 -15.787346 -18.406123 -21.282496 -37.487694 -30.750624 -18.074140 -24.065968 -29.990773 -27.491066 -26.230366 
-11.576606 10.220406 19.718603 13.278070 13.194987 17.241298 9.822735 19.089773 13.348830 23.083786 9.143714 0.102105 0.275106 -2.949922 -6.621831 -13.570576 -9.250475 -7.022168 -5.229140 -3.416603 -0.377635 4.896921 6.318753 2.707965 1.229981 3.018019 -2.376542 -8.183198 -7.457553 -10.182842 -16.431682 -19.013619 -22.211341 -33.932908 -29.547059 -18.407985 -24.761714 -28.312395 -26.320056 -25.975766 
-11.533769 10.590596 19.908047 12.990730 13.241363 16.738181 9.926262 18.746099 14.234091 22.612146 8.442569 0.597046 0.381623 -3.856613 -7.532085 -14.318269 -10.862593 -8.878952 -7.409231 -5.441349 -2.746555 4.859866 5.812326 0.600161 -1.293782 1.125986 -3.720639 -9.020193 -7.507367 -9.742943 -15.629918 -17.805669 -20.653280 -38.654694 -34.251772 -22.848621 -27.354082 -29.517021 -29.789711 -32.909146 
-11.802740 10.396049 20.015049 13.281549 13.035319 16.658840 10.379377 18.749632 11.864236 20.375858 5.959094 0.154004 -0.889698 -3.880615 -8.617594 -15.816008 -12.496270 -9.308727 -7.862626 -6.818455 -4.287539 2.887303 4.702026 0.583351 -0.501746 1.620568 -4.182455 -10.669410 -10.633415 -12.498915 -17.435339 -16.920224 -18.298861 -33.495105 -30.477228 -22.182218 -28.678579 -30.860895 -31.552086 -32.061315 
-10.732728 10.943585 20.148276 13.417321 13.167542 16.275477 10.227031 18.331662 10.283275 19.162358 5.130567 0.534029 -1.265267 -5.805344 -9.703955 -16.691082 -12.598549 -11.305608 -9.970639 -7.673394 -4.584008 2.034859 5.518512 0.019339 -2.277981 -1.272833 -4.698199 -10.328953 -8.722380 -9.844127 -15.334784 -18.977005 -22.324097 -36.367251 -28.600744 -19.212485 -25.265189 -30.341469 -25.527543 -27.498989 
-9.459096 11.284716 19.965117 12.539761 13.080038 15.304495 10.407649 17.603289 11.339044 19.014588 4.229825 -0.117897 -1.523181 -7.216726 -10.574852 -16.794501 -15.303943 -12.397743 -9.542441 -6.890006 -5.984276 0.351855 4.735164 -1.012778 -4.334133 -0.687610 -4.974735 -11.790613 -9.076327 -9.695771 -16.149847 -19.227291 -22.633723 -34.567304 -28.509533 -19.552713 -25.480232 -27.133417 -26.451668 -27.648994 
-7.358125 11.748048 19.323366 11.104116 13.931576 13.815983 11.067220 15.663971 14.774330 18.976276 2.875857 -3.335886 -1.253195 -5.524310 -9.651847 -13.414377 -15.548319 -12.161766 -9.886717 -6.236928 -4.825019 1.343292 5.090289 -1.221628 -2.244099 -1.367191 -6.233423 -10.745093 -9.491477 -10.718327 -14.800454 -16.016656 -17.653712 -37.061059 -35.364637 -20.809079 -26.964702 -29.171524 -26.080504 -25.905775 
-6.055588 12.055005 18.654555 10.027797 13.979760 12.741357 11.883937 14.421187 18.136307 18.840707 2.805049 -2.666217 -1.701196 -5.285628 -9.127995 -13.604941 -14.646989 -9.751314 -9.320690 -7.628241 -4.917425 1.889329 4.130116 -2.832809 -5.644388 -3.671163 -7.946923 -13.233054 -12.768788 -13.972407 -17.284135 -17.917557 -19.516089 -36.604986 -32.264427 -23.218634 -27.348339 -30.144537 -25.343468 -25.991324 
-6.637838 12.689130 17.913419 8.242149 14.198704 11.071084 12.692068 13.045769 19.884787 17.212072 4.021737 -1.540565 -2.945453 -6.063008 -10.425676 -15.895106 -16.643484 -11.615638 -11.048208 -9.658296 -6.588682 -0.410047 4.630742 -2.051525 -4.417319 -3.687289 -6.376770 -12.609522 -12.081649 -14.020808 -20.236180 -18.041450 -20.454389 -39.139965 -32.477486 -22.022056 -27.432660 -30.435903 -31.478527 -30.915089 
-5.118412 13.091618 17.007236 7.784289 14.584949 10.030090 12.719001 11.112279 20.839988 13.909037 4.146245 -1.635177 -3.241635 -6.951156 -11.033790 -17.823604 -16.195692 -13.605379 -10.031363 -8.141778 -7.834534 -0.022871 4.436861 -1.446852 -3.039824 -1.860690 -5.893343 -10.454176 -10.230906 -11.884740 -18.578414 -19.053245 -22.658067 -40.304786 -34.151717 -23.198064 -29.051020 -34.170450 -31.734116 -32.711181 
-4.284349 13.468096 16.833405 8.903867 14.651683 9.338924 13.271272 12.261575 20.440405 9.240815 2.875501 -2.641907 -4.824113 -5.783128 -9.857387 -16.152000 -16.800802 -13.402035 -10.117146 -9.121516 -9.796390 -2.708111 4.591882 -0.324998 -1.513904 0.369249 -5.152090 -8.613957 -7.761873 -10.926343 -17.809494 -18.284410 -21.023420 -35.830614 -32.299116 -20.163141 -26.315554 -31.209674 -29.940312 -33.243410 
-5.179493 13.765405 16.881049 8.731934 14.195262 9.246520 14.296458 14.140538 20.120707 7.349822 1.315962 -5.068420 -7.934148 -8.703957 -12.714164 -16.296679 -18.809559 -13.836647 -11.325918 -9.979370 -9.691928 -2.417167 3.978006 -0.991465 -2.887787 -1.678422 -4.861268 -9.840011 -10.367666 -9.225974 -12.870773 -16.376513 -20.553615 -36.051551 -32.185676 -24.784948 -30.520544 -34.064807 -33.209574 -34.242552 
-2.735763 14.705816 16.884802 10.055673 13.304140 9.595575 14.226027 15.612968 18.797828 7.809545 -0.343544 -6.600245 -7.198458 -9.591599 -14.479851 -18.453213 -18.010348 -12.779125 -11.648229 -10.923696 -9.217579 -3.269531 2.670835 -0.580441 -1.401315 -1.885517 -7.426286 -11.465763 -11.054924 -10.345050 -15.249831 -20.554131 -24.129537 -41.202276 -36.962290 -24.950987 -32.582078 -32.602714 -30.380220 -32.331382 
-0.172789 15.536685 16.937292 10.018008 12.660374 9.942132 14.332863 17.022126 16.883306 6.387130 -1.969179 -6.927095 -9.301499 -10.521253 -12.950205 -18.915235 -18.789410 -15.671407 -14.673991 -13.236389 -11.118398 -5.133564 0.967380 -1.885080 -1.812137 -4.366919 -9.408332 -11.266312 -10.078095 -11.106930 -16.339130 -20.630623 -25.616324 -41.922242 -38.230932 -28.284738 -32.402244 -33.280758 -33.418713 -30.670532 
-0.767973 14.994163 17.056843 9.398088 11.948263 10.439578 14.746839 16.689144 15.990192 3.235366 -3.631218 -6.918009 -9.138995 -10.939745 -13.614818 -18.923986 -20.299433 -18.570164 -16.498812 -14.274315 -11.291564 -3.584932 3.089780 -0.626406 -1.512123 -2.617889 -8.750062 -12.892588 -10.117933 -8.397356 -14.254627 -20.044405 -23.405642 -39.759080 -35.469675 -29.148452 -30.323214 -32.101589 -33.935558 -33.242865 
-3.472098 14.564927 17.326924 7.661211 11.264981 9.601446 15.508111 12.931393 15.267436 0.206421 -7.649837 -9.358199 -11.229324 -13.899960 -16.469037 -21.715847 -22.559078 -19.315640 -18.148686 -16.313780 -13.691383 -5.761898 2.439510 1.488663 -0.403282 -3.431025 -12.849452 -16.197614 -12.850608 -10.367389 -18.304689 -23.446889 -24.100332 -40.640488 -34.311356 -21.391776 -29.161338 -34.711618 -33.001211 -30.362548 
-3.514817 13.795477 16.972526 6.558758 10.957895 7.800485 15.708399 8.410144 10.284448 -2.461785 -8.035581 -11.996191 -13.968147 -16.265257 -21.241746 -24.653606 -24.467700 -20.116127 -18.905516 -17.812978 -16.248453 -10.476628 -0.569789 -0.194932 -3.604780 -6.387505 -13.518447 -17.194971 -15.318195 -13.646500 -19.604552 -26.510792 -28.623596 -39.186097 -34.702258 -23.280516 -29.225590 -35.908840 -32.614940 -34.582900 
-5.189613 12.987756 16.258933 6.884697 10.583760 7.290544 15.876381 8.966251 8.382994 -2.701890 -8.102716 -14.415535 -14.193943 -16.789965 -21.451195 -25.855879 -26.178895 -20.700573 -20.019968 -20.216194 -20.020185 -9.783645 -1.074737 -2.201957 -5.585597 -6.459039 -12.630222 -17.409541 -17.064551 -15.092886 -20.362401 -26.025644 -28.834166 -39.389070 -34.960038 -26.980659 -34.119960 -34.949906 -31.721871 -33.066916 
-5.517857 11.797325 15.896426 6.625242 9.893187 6.537878 14.734516 8.758446 4.299867 -7.356579 -9.019455 -14.767775 -16.285658 -18.361222 -22.753634 -24.363343 -24.085483 -21.852967 -19.926411 -18.692358 -17.844165 -11.299078 -2.414349 -1.891377 -6.466715 -7.097660 -12.356748 -17.215855 -18.143130 -19.083488 -24.563463 -28.799888 -31.823461 -37.107788 -35.050140 -30.231599 -33.820982 -35.802613 -34.636659 -33.798762 
-8.563679 10.280153 15.319362 4.866441 9.179494 6.406430 13.036449 8.468277 -2.808553 -6.919411 -10.435227 -17.924630 -19.092588 -19.727709 -24.725824 -30.213774 -29.739648 -28.564055 -25.804358 -23.629648 -23.049757 -17.563871 -11.585812 -5.255690 -11.763081 -13.388689 -18.440536 -21.509414 -17.641948 -15.431916 -22.338000 -27.936824 -32.233740 -41.953137 -37.153741 -29.617972 -37.074814 -36.383350 -36.414391 -31.818731 
-7.540259 9.043914 14.352534 4.584617 7.527386 3.690282 10.189544 7.405042 -2.220539 -9.973805 -10.986925 -17.238945 -20.257572 -22.010415 -26.758986 -32.555923 -35.756202 -31.729586 -31.937655 -32.371671 -31.463709 -22.174403 -17.161111 -16.415485 -14.412099 -12.591425 -19.317750 -24.944800 -21.829960 -22.515497 -31.881067 -34.168130 -32.468468 -41.290100 -40.221238 -30.100946 -34.555379 -37.381960 -38.554515 -35.950305 
-11.200754 6.933568 14.041362 5.962280 4.275205 0.616362 4.244062 2.867572 -10.356930 -12.432551 -15.480728 -21.871887 -22.694768 -31.686414 -34.862477 -38.840910 -37.429271 -38.154294 -37.365113 -34.400024 -34.816938 -26.173927 -19.299362 -14.485619 -14.764560 -13.989830 -21.506457 -27.800750 -28.643795 -27.018400 -32.688364 -27.823030 -30.339570 -37.542269 -37.478539 -32.043452 -34.783802 -37.316431 -35.899256 -37.917823 
-9.068444 6.608429 13.854200 5.489881 0.866608 -1.255410 0.333385 0.880460 -11.382993 -13.570795 -22.908265 -23.964175 -23.822635 -31.507554 -31.590698 -33.306928 -33.164809 -33.566395 -32.759332 -34.350106 -33.229693 -27.124710 -18.053229 -15.067377 -15.447992 -14.684043 -20.361201 -30.471187 -27.785551 -28.654632 -35.733480 -32.667157 -33.130360 -38.076102 -37.762068 -34.891605 -38.690610 -37.535542 -36.558831 -38.327759 
-7.347976 7.263401 12.610121 2.561082 -2.574292 -6.323673 -6.012658 -7.293573 -13.169289 -16.123765 -19.944485 -24.617209 -25.718278 -32.263237 -32.350262 -32.953892 -35.240428 -35.626285 -35.421000 -35.539171 -34.899587 -26.904583 -19.409330 -14.687935 -15.163861 -21.052694 -22.492214 -29.116752 -28.599917 -27.031541 -33.428084 -33.483010 -35.093928 -41.128881 -41.948169 -37.332338 -39.196958 -40.889767 -38.303369 -38.686363 
-6.222221 7.832639 10.896840 0.810902 -1.063183 -6.687101 -17.449464 -12.564491 -11.463264 -18.015256 -20.536123 -27.597802 -26.659528 -35.270847 -36.571767 -40.847850 -42.324907 -43.691680 -38.165827 -41.882352 -38.339459 -31.239626 -23.234434 -19.097224 -19.159409 -22.074961 -26.969333 -33.042432 -32.253719 -32.415191 -36.147957 -35.765260 -35.187787 -39.848173 -44.075812 -40.129969 -41.727089 -44.090863 -40.062241 -41.452832 
-5.090920 1.833943 3.045455 -0.922784 -4.257212 -9.107238 -17.196326 -16.915456 -16.145117 -22.034782 -19.843115 -20.982230 -23.049428 -29.143696 -30.286319 -33.642519 -37.320887 -40.823054 -41.001636 -44.332253 -46.087508 -38.923917 -28.408186 -24.198002 -20.584932 -24.994205 -35.299681 -37.662814 -36.951052 -34.637467 -40.013407 -39.027820 -38.431139 -40.404768 -47.376913 -43.144652 -43.571505 -49.808633 -48.283031 -50.080567 
-31.339336 -30.412783 -30.115249 -32.238556 -31.886520 -31.879052 -32.272868 -33.112178 -33.897403 -34.851670 -35.752038 -37.351474 -38.985331 -41.221754 -43.924677 -46.755259 -49.256617 -49.923557 -49.703165 -49.925199 -50.790540 -51.695223 -51.025141 -49.190774 -48.114504 -47.593860 -48.148978 -49.198799 -50.026057 -50.870885 -52.191825 -53.254295 -53.759070 -55.379826 -56.894492 -55.620668 -55.765016 -56.800001 -57.345222 -57.267679 
-54.162738 -49.253311 -46.828209 -52.870472 -65.934964 -69.195245 -69.650161 -68.654362 -70.869729 -76.697622 -80.771031 -76.582395 -72.704462 -76.057705 -74.888610 -77.701018 -76.928678 -76.694579 -78.346836 -80.026773 -77.247552 -80.627410 -81.973022 -77.978744 -74.799949 -72.089470 -78.628329 -83.619636 -85.769494 -81.465068 -86.152796 -82.752932 -82.371530 -84.177907 -85.631799 -84.085379 -87.497462 -89.379558 -87.197099 -86.948939 
-73.120035 -73.612399 -74.454109 -75.936808 -78.119240 -81.564308 -86.550510 -91.879652 -89.725817 -87.416872 -87.816530 -90.726566 -93.834732 -92.666060 -92.304263 -96.244905 -98.415204 -93.742085 -94.788472 -103.597820 -98.235126 -97.516012 -104.426290 -107.680229 -103.789666 -100.426181 -103.808173 -99.170402 -106.627935 -105.451489 -102.600428 -101.268547 -102.375067 -104.048860 -103.611925 -101.850581 -104.876153 -105.897428 -105.446335 -109.969780 
NaN NaN NaN NaN NaN NaN NaN NaN NaN NaN NaN NaN NaN NaN NaN NaN NaN NaN NaN NaN NaN NaN NaN NaN NaN NaN NaN NaN NaN NaN NaN NaN NaN NaN NaN NaN NaN NaN NaN NaN 
NaN NaN NaN NaN NaN NaN NaN NaN NaN NaN NaN NaN NaN NaN NaN NaN NaN NaN NaN NaN NaN NaN NaN NaN NaN NaN NaN NaN NaN NaN NaN NaN NaN NaN NaN NaN NaN NaN NaN NaN 
NaN NaN NaN NaN NaN NaN NaN NaN NaN NaN NaN NaN NaN NaN NaN NaN NaN NaN NaN NaN NaN NaN NaN NaN NaN NaN NaN NaN NaN NaN NaN NaN NaN NaN NaN NaN NaN NaN NaN NaN 
NaN NaN NaN NaN NaN NaN NaN NaN NaN NaN NaN NaN NaN NaN NaN NaN NaN NaN NaN NaN NaN NaN NaN NaN NaN NaN NaN NaN NaN NaN NaN NaN NaN NaN NaN NaN NaN NaN NaN NaN 
NaN NaN NaN NaN NaN NaN NaN NaN NaN NaN NaN NaN NaN NaN NaN NaN NaN NaN NaN NaN NaN NaN NaN NaN NaN NaN NaN NaN NaN NaN NaN NaN NaN NaN NaN NaN NaN NaN NaN NaN 
NaN NaN NaN NaN NaN NaN NaN NaN NaN NaN NaN NaN NaN NaN NaN NaN NaN NaN NaN NaN NaN NaN NaN NaN NaN NaN NaN NaN NaN NaN NaN NaN NaN NaN NaN NaN NaN NaN NaN NaN 
NaN NaN NaN NaN NaN NaN NaN NaN NaN NaN NaN NaN NaN NaN NaN NaN NaN NaN NaN NaN NaN NaN NaN NaN NaN NaN NaN NaN NaN NaN NaN NaN NaN NaN NaN NaN NaN NaN NaN NaN 
NaN NaN NaN NaN NaN NaN NaN NaN NaN NaN NaN NaN NaN NaN NaN NaN NaN NaN NaN NaN NaN NaN NaN NaN NaN NaN NaN NaN NaN NaN NaN NaN NaN NaN NaN NaN NaN NaN NaN NaN 
NaN NaN NaN NaN NaN NaN NaN NaN NaN NaN NaN NaN NaN NaN NaN NaN NaN NaN NaN NaN NaN NaN NaN NaN NaN NaN NaN NaN NaN NaN NaN NaN NaN NaN NaN NaN NaN NaN NaN NaN 
NaN NaN NaN NaN NaN NaN NaN NaN NaN NaN NaN NaN NaN NaN NaN NaN NaN NaN NaN NaN NaN NaN NaN NaN NaN NaN NaN NaN NaN NaN NaN NaN NaN NaN NaN NaN NaN NaN NaN NaN 
NaN NaN NaN NaN NaN NaN NaN NaN NaN NaN NaN NaN NaN NaN NaN NaN NaN NaN NaN NaN NaN NaN NaN NaN NaN NaN NaN NaN NaN NaN NaN NaN NaN NaN NaN NaN NaN NaN NaN NaN 
NaN NaN NaN NaN NaN NaN NaN NaN NaN NaN NaN NaN NaN NaN NaN NaN NaN NaN NaN NaN NaN NaN NaN NaN NaN NaN NaN NaN NaN NaN NaN NaN NaN NaN NaN NaN NaN NaN NaN NaN 
NaN NaN NaN NaN NaN NaN NaN NaN NaN NaN NaN NaN NaN NaN NaN NaN NaN NaN NaN NaN NaN NaN NaN NaN NaN NaN NaN NaN NaN NaN NaN NaN NaN NaN NaN NaN NaN NaN NaN NaN 
NaN NaN NaN NaN NaN NaN NaN NaN NaN NaN NaN NaN NaN NaN NaN NaN NaN NaN NaN NaN NaN NaN NaN NaN NaN NaN NaN NaN NaN NaN NaN NaN NaN NaN NaN NaN NaN NaN NaN NaN 
