NaN NaN NaN NaN NaN NaN NaN NaN NaN NaN NaN NaN NaN NaN NaN NaN NaN NaN NaN NaN NaN NaN NaN NaN NaN NaN NaN NaN NaN NaN NaN NaN NaN NaN NaN NaN NaN NaN NaN NaN 
NaN NaN NaN NaN NaN NaN NaN NaN NaN NaN NaN NaN NaN NaN NaN NaN NaN NaN NaN NaN NaN NaN NaN NaN NaN NaN NaN NaN NaN NaN NaN NaN NaN NaN NaN NaN NaN NaN NaN NaN 
NaN NaN NaN NaN NaN NaN NaN NaN NaN NaN NaN NaN NaN NaN NaN NaN NaN NaN NaN NaN NaN NaN NaN NaN NaN NaN NaN NaN NaN NaN NaN NaN NaN NaN NaN NaN NaN NaN NaN NaN 
NaN NaN NaN NaN NaN NaN NaN NaN NaN NaN NaN NaN NaN NaN NaN NaN NaN NaN NaN NaN NaN NaN NaN NaN NaN NaN NaN NaN NaN NaN NaN NaN NaN NaN NaN NaN NaN NaN NaN NaN 
NaN NaN NaN NaN NaN NaN NaN NaN NaN NaN NaN NaN NaN NaN NaN NaN NaN NaN NaN NaN NaN NaN NaN NaN NaN NaN NaN NaN NaN NaN NaN NaN NaN NaN NaN NaN NaN NaN NaN NaN 
NaN NaN NaN NaN NaN NaN NaN NaN NaN NaN NaN NaN NaN NaN NaN NaN NaN NaN NaN NaN NaN NaN NaN NaN NaN NaN NaN NaN NaN NaN NaN NaN NaN NaN NaN NaN NaN NaN NaN NaN 
-77.508289 -77.599146 -77.750876 -78.008297 -78.360709 -78.861270 -79.484756 -80.305819 -81.437268 -82.854658 -84.700300 -87.226177 -90.660413 -95.760677 -101.646311 -99.782509 -96.316713 -95.128017 -95.777535 -98.100307 -100.917888 -100.201290 -97.984973 -97.698614 -100.370464 -105.079693 -101.589817 -98.179538 -98.980438 -104.845554 -104.927763 -99.989376 -99.965849 -102.288262 -105.121967 -107.623493 -107.699491 -105.820032 -103.788333 -107.085934 
-42.539352 -47.052351 -51.352107 -55.786160 -59.462269 -59.568458 -59.810187 -65.532340 -66.012389 -67.968096 -73.021600 -66.434299 -69.035214 -75.990303 -68.785591 -73.458078 -78.667206 -79.327985 -77.322473 -79.731865 -84.922601 -77.215622 -79.330591 -81.737628 -79.074059 -78.865722 -77.995712 -84.132881 -78.080765 -76.312759 -78.961331 -79.948693 -79.556350 -80.696823 -78.934903 -81.752090 -79.565370 -82.722394 -83.486850 -82.283349 
-40.282333 -48.605755 -51.923194 -56.967432 -61.008952 -63.572368 -58.721117 -60.245756 -63.336482 -63.988136 -68.396027 -68.366415 -68.621909 -68.674342 -65.431040 -73.794468 -72.041032 -73.467689 -72.595891 -70.724766 -71.933223 -74.312375 -76.155232 -74.962494 -74.076940 -78.001803 -76.903639 -75.844022 -74.841365 -74.627883 -74.999553 -77.245901 -77.706459 -77.615685 -77.342774 -77.092883 -77.760177 -77.373880 -78.933923 -76.903002 
-35.709318 -42.217014 -55.398766 -56.612049 -70.065428 -64.215478 -68.249834 -73.167586 -73.360510 -67.073561 -66.672094 -66.939162 -68.358164 -72.415988 -72.829881 -75.777082 -77.507310 -76.043342 -72.546928 -70.246415 -68.199842 -72.840343 -74.943390 -77.995936 -75.298352 -73.953042 -73.824734 -74.741241 -74.891328 -76.710342 -76.609575 -73.971891 -74.872860 -77.335505 -81.313893 -77.630446 -77.444392 -77.163628 -79.055437 -78.110274 
-31.651706 -39.755825 -58.014534 -53.939535 -50.247545 -52.469161 -57.581461 -64.049634 -60.769934 -62.621367 -63.892089 -64.690225 -69.314293 -69.106483 -67.617881 -68.704574 -71.201990 -71.542106 -70.789066 -70.571516 -67.083934 -68.355776 -72.100216 -74.354386 -74.100229 -72.248161 -73.586864 -73.098786 -71.866600 -75.544472 -75.421772 -78.274867 -76.442986 -76.222996 -78.859874 -78.740081 -79.248214 -76.605431 -76.946026 -79.421581 
-18.777951 -23.439568 -32.464737 -32.770608 -36.435410 -36.325714 -34.428577 -32.924452 -32.290506 -32.454873 -34.056574 -37.886617 -43.374945 -41.443529 -37.503639 -36.213053 -37.408158 -41.671187 -47.356074 -43.788377 -40.505784 -41.385985 -45.536096 -46.704669 -47.551463 -50.219788 -47.218974 -49.501991 -53.383669 -49.544921 -47.173039 -50.502145 -53.321580 -53.116616 -53.845401 -58.151391 -52.021055 -47.890633 -50.145887 -58.040919 
-5.958374 -8.346605 -19.570206 -23.219243 -19.535288 -20.335087 -9.914027 -7.396941 -11.609298 -18.702065 -18.937184 -18.604208 -23.554716 -22.914447 -22.583576 -16.437544 -16.240340 -19.206480 -22.929426 -24.059026 -17.764562 -16.922514 -22.093351 -27.986608 -27.512636 -22.867772 -20.942795 -21.374594 -25.324523 -21.120925 -23.171148 -23.600743 -24.046159 -21.326293 -17.854567 -16.703012 -16.608597 -17.898191 -17.841710 -23.972821 
-5.444501 -5.341538 -11.958995 -17.851993 -14.248778 -12.616647 -10.502647 -8.607512 -16.747511 -21.045630 -22.657315 -25.065377 -28.572651 -27.463315 -20.502228 -20.017123 -18.196537 -22.092376 -22.534600 -24.558398 -17.069102 -14.493487 -20.289576 -24.866068 -22.204083 -14.160633 -13.751501 -14.506181 -14.466909 -10.779281 -15.700898 -12.526432 -10.484216 -11.219541 -7.704141 -7.130014 -6.660135 -7.218808 -7.542862 -13.628372 
-15.040571 -16.102421 -25.690335 -23.275464 -18.697081 -12.676914 -13.188792 -10.593845 -15.675883 -21.578944 -19.922190 -19.930197 -26.115414 -20.829565 -21.189856 -20.721478 -16.865657 -20.447847 -19.513449 -22.263020 -18.479557 -20.065750 -19.253342 -18.692478 -17.107185 -11.777528 -14.215095 -14.085846 -11.989707 -7.136731 -9.530433 -9.067105 -7.559463 -7.770569 -5.760904 -1.994315 -4.412011 -6.837139 -9.655490 -11.899482 
-15.458242 -12.242331 -16.559501 -26.174298 -17.392980 -15.822955 -18.438356 -17.884948 -12.282334 -16.801072 -22.926950 -23.776507 -22.855985 -22.637534 -20.664964 -17.335470 -17.959068 -20.358029 -19.582111 -18.797843 -13.385394 -16.614856 -16.507814 -18.726009 -18.487916 -11.653030 -11.928098 -17.504736 -11.189444 -9.314670 -11.993136 -12.549227 -9.731474 -6.244783 -4.331758 -5.756810 -7.897477 -7.579657 -11.485586 -13.791875 
-5.318337 2.362314 7.692077 6.457235 -3.413248 -8.280711 -6.519400 -12.711005 -14.342382 -19.194666 -29.119586 -24.773809 -21.628785 -23.148027 -24.929482 -23.569334 -18.507868 -21.318959 -22.681100 -20.848005 -14.624688 -15.965525 -19.043810 -20.728393 -18.476490 -8.730662 -10.403597 -15.357082 -13.572624 -7.546696 -11.637737 -12.582902 -10.241792 -9.559377 -9.228477 -10.970710 -12.001419 -12.929554 -15.186982 -16.275359 
-10.978288 7.655348 17.167568 14.108771 11.286977 15.018185 8.731506 5.983822 1.104975 -5.420221 -10.822214 -18.488887 -17.686821 -20.538761 -19.435384 -18.739707 -18.078989 -17.051249 -18.301546 -15.097998 -9.869010 -9.057298 -17.337138 -20.092343 -18.413938 -9.481174 -9.018906 -16.684239 -16.218419 -9.856063 -15.069269 -14.307850 -13.989335 -15.851108 -14.831817 -19.599565 -19.198678 -18.958701 -20.443344 -23.991931 
-15.974650 6.189746 17.448979 12.384517 13.431544 20.363324 10.766401 15.334129 8.478319 0.327435 -7.688061 -7.214659 -14.156481 -13.663766 -14.883354 -16.671138 -15.176589 -11.711395 -10.698020 -10.179358 -7.635101 -3.263721 -13.239722 -17.019345 -13.683188 -6.920947 -7.594071 -16.476233 -17.853782 -16.579439 -25.188142 -16.811077 -12.532494 -18.515042 -19.177835 -17.804151 -21.990812 -25.466459 -23.856145 -30.784526 
-15.688585 7.386478 17.242515 11.657611 16.792340 21.287358 13.190492 20.371397 9.448969 1.890512 -5.684110 -5.588582 -11.626260 -14.348008 -14.535327 -13.440153 -13.646502 -11.238693 -9.079860 -7.739180 -4.089321 -0.917947 -7.296844 -12.664172 -9.898997 -3.459897 -5.692211 -13.307258 -15.392039 -15.659841 -27.896567 -13.960742 -10.985674 -21.419368 -23.165179 -14.401747 -17.925116 -26.921215 -23.299845 -30.932868 
-17.039695 7.493800 16.134899 11.098101 18.820387 20.646677 13.595598 20.776520 6.841428 0.801447 -7.629433 -7.665995 -11.526690 -15.721121 -15.558391 -13.798395 -15.881092 -13.493790 -11.140920 -10.304951 -4.838422 -1.219848 -7.246538 -12.119074 -11.085714 -1.790279 -5.485278 -14.114933 -16.872033 -15.726510 -29.077359 -16.990228 -14.763449 -22.970105 -25.322496 -18.462373 -23.579719 -27.409850 -26.521489 -34.695538 
-12.639663 6.575005 12.898711 11.705300 20.083801 17.293188 10.812550 14.750094 -0.060961 -7.251716 -11.396101 -14.183230 -14.340442 -18.775656 -18.046867 -16.149406 -18.697188 -15.615123 -13.347187 -12.362342 -5.363387 -3.811094 -11.745494 -15.959378 -12.975291 -4.697156 -8.499344 -15.113704 -16.726079 -19.367888 -31.323355 -21.332115 -17.653668 -26.732907 -30.162385 -23.268031 -28.683841 -30.684440 -30.925442 -37.074452 
-12.267174 7.111199 12.537063 9.340757 17.386749 9.834199 3.716368 6.101698 -4.936171 -8.928961 -16.804211 -21.449665 -27.506742 -27.940742 -27.432779 -25.633074 -29.135724 -27.707755 -23.528706 -25.294219 -16.015326 -17.543307 -24.060593 -27.176373 -25.561774 -17.423011 -18.715065 -24.551165 -27.481503 -27.345214 -33.708292 -31.812826 -31.572693 -38.722199 -39.279251 -34.899938 -38.803869 -39.323791 -38.476543 -41.637629 
-14.239028 6.661838 13.596127 6.953565 13.439188 10.949799 -0.271024 1.288559 -11.339129 -11.149787 -17.094094 -20.477378 -25.226311 -26.484113 -27.680001 -30.284284 -29.931291 -29.107441 -31.728636 -30.547563 -30.533061 -31.148125 -34.603193 -35.204534 -35.598656 -31.484602 -32.569427 -37.378385 -36.719084 -37.820459 -38.965992 -39.836927 -39.595348 -40.201984 -40.754958 -41.038626 -41.257279 -41.708778 -41.653884 -41.846903 
-13.514739 6.354030 12.292838 5.058333 11.841862 9.935009 0.970788 -0.984119 -8.579890 -13.022075 -14.866701 -22.654074 -28.691505 -32.684502 -37.843584 -39.162662 -33.225593 -30.885539 -34.672167 -34.059765 -30.028522 -38.097213 -46.135537 -48.120415 -47.283698 -39.339073 -46.593207 -51.810504 -49.362360 -49.265819 -52.517164 -53.452639 -53.942208 -55.280987 -56.468636 -56.971620 -56.615369 -57.632167 -57.498594 -57.695291 
-11.346092 6.310966 10.358985 4.070639 12.007991 7.348801 -2.220946 -6.270567 -5.147924 -12.639202 -16.168272 -24.205971 -28.094997 -30.202517 -32.679688 -34.088121 -33.296282 -32.174347 -33.596470 -34.834177 -29.347741 -35.896534 -39.191295 -39.776410 -40.659886 -38.114215 -41.258108 -42.584457 -42.768182 -42.904317 -44.250823 -44.627252 -45.049213 -45.541291 -45.936625 -46.250531 -46.692218 -46.824153 -46.958848 -47.119655 
-9.717581 4.809089 7.259969 1.644007 9.302313 2.056741 -4.723309 -9.307143 -6.245500 -14.986678 -19.003237 -25.774759 -31.395401 -34.455836 -34.201836 -36.277129 -35.823146 -34.266505 -37.733090 -37.881713 -31.880755 -39.353019 -42.513582 -42.821563 -43.106144 -38.597495 -43.609900 -45.081097 -45.469895 -45.472277 -46.570682 -47.208956 -47.608743 -48.187909 -48.387685 -48.788111 -49.072520 -49.185304 -49.409018 -49.599097 
-8.182618 3.571514 4.844278 3.616091 5.523057 -7.099621 -13.081751 -12.777801 -14.016131 -21.690740 -30.166492 -35.781187 -31.084774 -31.405675 -31.399383 -32.595311 -32.009303 -30.860595 -32.232943 -37.325182 -38.434929 -35.159365 -36.200841 -40.422413 -37.915196 -38.871167 -41.882135 -37.097156 -40.241078 -45.847260 -43.106423 -45.859659 -39.846192 -44.261883 -39.530168 -38.689395 -43.439680 -42.376657 -38.945406 -38.698264 
-4.934966 -4.639704 -2.977189 0.056236 -2.035759 -5.964131 -9.376872 -9.667079 -15.863470 -19.353883 -15.970944 -19.798342 -15.696978 -14.224731 -13.465160 -13.407482 -12.636617 -11.598965 -14.890595 -18.947672 -19.966098 -12.371549 -20.748721 -17.045511 -20.186354 -21.929585 -19.754514 -20.092981 -19.786107 -16.682283 -21.516576 -19.316732 -12.277580 -13.282629 -10.296023 -13.472320 -16.396724 -15.463081 -14.591445 -17.494809 
-2.942952 7.594698 12.933808 8.110922 8.979369 11.758862 4.840419 3.766821 -3.323975 -9.999632 -13.664696 -18.469956 -15.411286 -16.947350 -21.287884 -21.038281 -21.449242 -19.639778 -16.604555 -20.252583 -15.974081 -9.901143 -20.254386 -23.484811 -18.647898 -9.808523 -10.656133 -16.553967 -15.127271 -8.579086 -13.119907 -11.177140 -7.156153 -10.659514 -8.650992 -7.194572 -8.088149 -6.916894 -11.431526 -16.282571 
-5.241230 7.887474 14.554473 6.705433 15.584708 18.629228 11.785861 17.198713 5.522725 -0.973213 -6.559255 -9.903712 -12.313421 -15.634794 -18.317011 -16.625784 -17.297089 -14.370844 -12.700542 -12.470695 -7.875757 -4.237443 -12.724766 -17.563529 -14.371887 -5.318243 -10.634815 -20.572966 -19.375082 -13.424739 -16.629965 -11.919922 -10.504294 -13.204401 -16.112266 -14.852896 -17.080775 -19.438444 -17.886567 -23.361736 
-13.019512 2.903689 13.665342 9.027338 14.632976 20.364753 15.167245 24.557758 15.807504 3.409191 -2.808449 -4.292405 -7.901549 -10.518118 -12.499369 -11.577950 -11.464615 -10.457363 -9.787213 -8.874228 -5.018190 -0.624599 -5.837432 -12.653737 -11.385277 -4.500130 -5.924647 -13.714701 -17.793075 -15.709992 -25.358128 -14.725103 -12.199278 -20.448522 -20.377104 -14.994483 -19.997682 -25.259933 -25.366613 -32.143719 
-12.699868 3.467448 14.161820 9.576884 10.878310 18.877598 10.446086 26.114595 23.287362 7.227957 -0.959705 -2.203252 -7.643057 -7.352071 -11.295168 -10.504730 -9.033084 -8.255681 -7.037330 -6.257157 -2.678712 2.828320 -5.085915 -9.561323 -9.348842 -1.691033 -3.792860 -12.701723 -17.838093 -17.698197 -29.029277 -14.107710 -11.001267 -17.871531 -19.554780 -13.600265 -17.406912 -24.464886 -23.767394 -29.930817 
-21.045896 1.154266 13.511616 9.911469 5.506653 16.955259 10.882773 25.563872 26.681362 7.729009 3.001201 -2.840399 -5.592216 -5.212811 -8.956930 -9.531029 -9.065011 -7.136687 -6.540307 -6.063602 -2.188480 3.668222 -2.984858 -10.104268 -7.896918 -1.558724 -2.903027 -11.214928 -15.327809 -16.021757 -29.608053 -18.643839 -13.078041 -17.172506 -17.677766 -14.215753 -16.816108 -25.013499 -24.815369 -31.129091 
-17.822798 0.569744 13.151240 11.516063 3.068021 15.841552 11.155392 21.767570 26.728922 8.240538 9.020096 -0.900191 -0.279624 -4.874063 -7.928154 -8.268180 -9.306464 -8.664264 -7.130979 -5.878564 -2.401484 2.324350 -1.103389 -8.579358 -7.131752 -0.732853 -3.171860 -11.025558 -16.410695 -15.628667 -27.611509 -20.119756 -15.275953 -17.471172 -18.665135 -14.649335 -17.050795 -25.740924 -25.357983 -29.672813 
-15.335562 -0.903164 13.281187 12.578703 0.872791 14.737918 11.872783 17.274530 26.608602 10.267016 12.341036 1.485694 3.374866 -5.071470 -7.389090 -8.065981 -9.762404 -8.588419 -7.581982 -5.598704 -1.883091 2.224829 -4.530736 -8.270189 -7.928619 -2.690105 -5.105353 -12.740418 -18.260278 -18.279439 -29.682722 -24.876846 -19.845324 -19.853946 -22.193756 -19.682073 -18.889046 -26.013682 -25.576141 -30.824865 
-13.721973 -2.976512 12.992756 12.593800 -2.887032 13.859269 11.881700 13.640908 26.571239 12.723368 13.857490 3.243172 4.993570 -6.037306 -6.669680 -7.910737 -9.507618 -7.578908 -5.982629 -5.107888 -1.176952 3.158445 -3.364676 -7.219076 -3.798005 -0.866353 -4.418407 -10.120988 -16.745254 -15.972401 -29.096736 -21.457143 -15.062635 -14.323447 -14.180547 -11.322479 -13.271733 -23.311340 -24.467441 -28.295248 
-20.588269 -4.726477 12.381444 13.215896 -3.086439 12.340879 12.434686 11.806236 26.090686 13.314455 15.127373 6.123137 5.811828 -3.915783 -6.022808 -8.889284 -9.363418 -6.159990 -4.703082 -4.356769 0.189245 4.092306 -0.993109 -6.682837 -3.228852 1.391441 -3.840914 -10.445108 -14.052323 -15.909877 -25.958106 -19.223939 -13.543005 -15.648711 -13.207643 -9.775245 -11.550367 -20.391908 -21.245038 -25.983425 
-18.228097 -5.555431 11.249200 13.851301 -1.141067 10.472982 12.869101 8.961548 25.516244 15.075733 15.412983 9.373628 5.593980 -1.306283 -6.211122 -9.761501 -8.241232 -4.181374 -4.123338 -3.516948 0.690937 4.440259 1.438165 -5.280998 -3.551650 1.529411 -2.334581 -9.377469 -13.278873 -13.541159 -26.225126 -18.985542 -13.567422 -14.139507 -11.870956 -8.979061 -10.150517 -19.991987 -22.538361 -26.616546 
-27.889589 -11.607003 10.432987 14.078285 -0.805260 8.208638 13.056885 6.101678 25.253100 17.836072 13.973525 11.887885 4.148859 1.406567 -6.090060 -11.197853 -9.239199 -4.885749 -6.344549 -5.225388 -1.795823 2.054590 0.895954 -3.665865 -3.845115 -1.656202 -4.155437 -9.694672 -15.889315 -14.010779 -22.970379 -18.184526 -13.086901 -14.911051 -13.859071 -10.453701 -10.724533 -18.663136 -20.145570 -23.766595 
-23.745051 -8.313344 10.862152 14.619465 -0.863498 8.959671 13.847158 3.476694 24.608112 18.043131 13.188326 12.696659 4.026870 1.562575 -5.474967 -10.663815 -9.137080 -5.506715 -6.270290 -5.040254 -2.293620 1.296286 -1.320130 -5.246330 -3.708869 -2.178297 -4.872939 -9.905352 -15.403402 -17.100093 -24.942758 -19.869500 -15.094139 -14.972861 -14.538662 -12.287028 -12.518568 -19.672982 -23.220362 -26.894110 
-13.432622 -5.882636 11.773944 15.213068 0.734933 9.587474 14.757682 4.126016 24.540277 18.183468 12.754775 12.228045 3.786247 1.843456 -5.248677 -10.552968 -9.294533 -5.514358 -6.410249 -5.012018 -2.755775 0.766345 0.087595 -4.216404 -3.055335 -1.254510 -4.603140 -9.595741 -15.364444 -18.611351 -25.792424 -22.904323 -17.206874 -17.061080 -15.839622 -12.962963 -14.612888 -22.815240 -24.162601 -29.192616 
-16.271530 -8.116844 11.836522 15.056688 0.421739 10.588351 14.894166 6.141670 25.026234 18.083782 12.957764 11.265334 3.072089 0.807457 -5.347789 -11.152775 -10.073748 -5.195295 -6.009055 -5.420316 -3.405127 -0.352487 1.104951 -3.307039 -2.986684 -1.874443 -4.516511 -9.062646 -15.332161 -17.028600 -24.311259 -19.410360 -12.648975 -13.611620 -12.966797 -11.067578 -13.508609 -21.010554 -21.606541 -26.361396 
-15.648536 -5.180737 12.255279 14.233455 0.059734 12.013559 13.020259 7.254286 25.212566 16.080233 15.093424 10.489419 5.982160 -0.589768 -5.604093 -9.131850 -9.787015 -4.837651 -5.142168 -4.861193 -3.799320 1.315499 3.122903 -1.586628 -1.686414 1.007152 -1.083527 -7.893901 -14.178513 -13.675119 -23.949806 -17.846854 -11.365786 -13.245944 -11.371726 -9.008306 -11.776521 -20.094432 -20.815903 -25.183357 
-40.720373 -4.247825 12.457330 12.128568 -3.355053 12.947390 10.170573 11.531131 24.616000 12.915166 18.202667 8.437636 7.356617 -2.840809 -6.363356 -8.285550 -8.962004 -6.353576 -5.396183 -5.085042 -2.865153 2.677361 2.646429 -2.289738 -1.375871 2.103377 -1.077402 -8.074229 -12.665899 -15.537694 -25.424225 -18.636167 -14.112513 -14.621171 -11.737508 -9.115906 -11.524720 -19.059774 -18.242042 -22.817919 
-18.324538 -0.485107 13.341442 10.892423 2.028729 15.616778 10.005559 16.045031 22.286100 14.161436 18.769295 7.066556 6.621421 -1.122830 -5.413466 -6.245428 -7.541588 -6.701154 -4.891901 -4.283259 -1.910153 1.456680 3.372408 -0.226013 -0.619434 1.622449 -1.239737 -6.875150 -10.978073 -11.559370 -23.360016 -18.177847 -12.513073 -13.586638 -11.099211 -9.294262 -10.932002 -18.002681 -17.701019 -21.652118 
-20.885133 3.151606 14.601735 10.553602 9.474405 18.231038 11.322497 19.366383 16.341798 18.948150 15.941285 8.644022 2.276938 1.032744 -6.143736 -7.602350 -8.524389 -6.631529 -5.177965 -4.774399 -2.276562 2.496400 5.015156 0.688243 -0.447046 2.268766 -0.771888 -6.897275 -10.611006 -10.049960 -22.099534 -19.372927 -13.880015 -13.669568 -11.092923 -9.603087 -11.038922 -18.121508 -18.645399 -22.582996 
-18.634056 5.603774 14.733147 9.378118 14.034158 17.466144 12.259369 19.060357 14.701430 21.728867 11.641294 9.161245 2.894527 -1.859158 -7.077839 -6.840266 -7.729023 -5.887441 -4.848493 -5.043161 -4.017792 0.207171 0.744207 -0.986091 -0.611133 1.111648 -1.275676 -8.095579 -12.171564 -12.688798 -23.915659 -20.093283 -13.832055 -14.107327 -13.736833 -12.661415 -14.598376 -21.158738 -20.290735 -25.107102 
-14.656703 5.939704 12.473154 6.034241 15.703161 13.984045 13.875466 15.301402 19.582284 20.370603 12.936001 5.368300 2.716152 -2.979944 -7.416736 -7.173369 -8.558207 -7.076107 -5.356730 -6.110139 -4.730575 -0.183198 1.038936 -2.769181 -3.224581 -0.886962 -4.776293 -10.760572 -14.572412 -15.663470 -27.310251 -27.156166 -19.714437 -20.234968 -21.579852 -18.853157 -18.721637 -23.748557 -25.951468 -32.198613 
-12.527695 5.970112 9.604959 6.345864 16.677212 12.694283 15.468599 14.469867 21.617207 14.376540 11.763907 3.824240 -0.220031 -3.384656 -9.999828 -8.358084 -9.291534 -8.971953 -7.559329 -7.243539 -6.157929 -2.078905 1.500909 -0.493090 -1.551024 0.816159 -2.461607 -7.508575 -11.623738 -14.746575 -25.805147 -25.236153 -14.443943 -14.802407 -14.340286 -12.327748 -14.782521 -20.661257 -19.505537 -25.367046 
-8.152749 7.722786 8.957769 9.943547 16.919526 12.075480 14.582314 16.153311 22.173874 13.789872 8.605577 3.733807 -1.522054 -7.678564 -11.170531 -9.675676 -11.175120 -9.394736 -8.342199 -9.623085 -9.783673 -6.297954 -0.300308 -0.732312 -1.507349 1.543081 -0.810098 -6.545032 -9.820042 -12.098086 -23.792108 -24.976260 -14.969206 -14.125031 -14.313913 -12.924178 -15.304740 -21.225338 -20.002360 -23.864823 
-4.647291 9.427122 9.585503 12.167257 15.767479 10.616939 12.020117 18.624786 17.387910 10.721133 5.881665 0.720380 -4.182309 -9.438997 -13.769829 -12.882526 -13.375719 -12.640816 -11.121812 -12.091460 -12.692615 -10.299047 -3.644411 -0.221633 -0.816233 0.721065 -1.967022 -8.006697 -11.610225 -13.372012 -25.186955 -26.664771 -13.228771 -13.130180 -14.556932 -11.380588 -13.463740 -21.134175 -21.151971 -25.180608 
-1.790901 10.535215 8.715895 13.299668 13.898299 10.454274 11.194026 19.129337 13.648187 7.948632 4.129812 -3.735665 -8.969838 -12.075047 -14.443103 -13.565283 -15.775313 -13.490585 -12.930226 -15.874019 -15.756073 -13.624524 -8.803945 -2.561275 -2.156255 -1.549851 -2.829606 -9.156999 -11.806999 -13.495140 -26.591758 -27.317025 -14.844063 -15.239174 -16.042291 -12.978937 -13.559539 -22.743091 -24.020339 -23.612038 
-2.692381 10.746150 7.266001 12.753628 11.244843 9.311663 10.725728 16.258694 8.673022 1.818024 -0.414637 -8.206003 -13.734187 -15.738818 -18.064275 -17.706936 -18.960781 -17.257461 -17.720588 -18.746370 -18.314970 -16.436043 -11.019697 -2.098886 -2.131707 -2.407571 -6.167118 -12.842812 -15.781944 -15.801630 -27.244968 -28.270579 -17.271178 -16.646550 -18.682203 -14.625505 -16.391713 -28.858644 -24.828244 -26.187114 
-2.384051 7.719420 5.438969 8.190767 8.904993 6.166696 7.290871 9.427061 4.005160 -2.120407 -6.651511 -15.470076 -18.248049 -19.112486 -22.838263 -21.908523 -23.812748 -22.310673 -22.515035 -23.413075 -23.347241 -21.554266 -16.422578 -7.484299 -6.826860 -9.164277 -11.523743 -16.804593 -20.517199 -21.635435 -34.231994 -36.804921 -23.484982 -21.433419 -24.389401 -24.652413 -27.281680 -31.763149 -30.473496 -36.377892 
-6.001525 4.076028 4.030948 3.747651 1.865835 0.457431 -2.073172 -1.013575 -3.949042 -8.285317 -13.615596 -19.737712 -25.310327 -26.816325 -32.016159 -30.213397 -30.679567 -28.790292 -27.109945 -31.048756 -29.956378 -28.116847 -24.028746 -16.552791 -10.649946 -12.351704 -16.639403 -22.377192 -25.515709 -29.203390 -39.644542 -45.909279 -36.503664 -35.746896 -31.043193 -31.872738 -32.003195 -35.845082 -36.255017 -38.308794 
-5.526847 3.750321 -0.078641 1.047687 2.944564 -4.982064 -6.038641 0.675312 -2.186915 -11.265423 -16.141941 -24.857774 -26.524222 -28.091314 -35.264054 -32.674819 -36.503885 -31.346441 -29.768986 -33.670935 -33.057138 -31.651261 -28.077269 -16.941608 -9.820800 -12.599196 -17.967986 -24.274994 -25.541060 -29.167177 -40.933262 -47.329873 -38.165964 -36.276347 -33.285386 -33.289293 -32.403300 -37.122486 -34.928224 -38.128742 
-10.472183 1.206926 -1.278803 -3.212162 -6.429580 -7.590055 -12.085615 -12.045115 -14.973025 -24.996779 -27.342152 -27.969821 -29.733228 -30.557790 -40.268595 -41.948278 -41.753322 -43.062993 -39.520428 -41.276374 -43.792597 -41.070446 -36.513991 -25.266393 -20.016954 -19.048560 -19.189203 -28.320089 -23.929252 -27.952540 -43.610840 -46.674980 -39.694729 -37.275671 -36.243551 -32.774552 -31.068042 -37.411401 -35.793609 -37.817546 
-6.970653 3.529925 3.588990 3.244306 1.244484 -4.384545 -6.694544 -7.615026 -9.747360 -14.368451 -15.992559 -19.290902 -20.058211 -22.223946 -30.613332 -37.213132 -37.812232 -36.820087 -38.862964 -37.831948 -33.784798 -31.618842 -29.787232 -25.839179 -17.281338 -14.415275 -18.189738 -27.982227 -27.246579 -23.429808 -35.359386 -47.855269 -36.200949 -35.764055 -33.595713 -33.837674 -31.121850 -35.046462 -34.684342 -34.987532 
-7.911740 -0.945069 -3.455891 -5.455451 -5.237200 -10.059690 -22.213763 -10.950173 -11.961872 -23.472686 -22.597982 -26.218704 -25.745122 -25.329244 -30.398763 -37.389195 -42.194419 -37.896284 -42.786936 -41.712063 -41.720004 -41.119158 -34.216475 -29.042179 -15.292981 -13.425998 -15.237169 -22.381503 -26.773620 -27.500884 -38.206392 -47.205027 -41.103721 -38.727624 -35.668892 -32.402044 -34.944652 -40.706237 -36.620349 -40.313823 
-6.083436 2.975509 3.957531 2.091467 0.547751 -3.522820 -8.831818 -7.839592 -11.528988 -17.431191 -17.145320 -23.944481 -26.652126 -22.904515 -25.358192 -36.142438 -39.367748 -36.530583 -40.601187 -36.103437 -37.501006 -38.002298 -33.215854 -28.880050 -20.009481 -17.250209 -19.037272 -20.975873 -30.109403 -32.755048 -40.639712 -43.970045 -39.380741 -39.530812 -39.587416 -34.282489 -33.952110 -40.223716 -37.886219 -41.330743 
-9.550027 0.816631 -2.613581 -4.883980 -9.936123 -8.843973 -17.853854 -15.790535 -15.494358 -20.090971 -24.430215 -28.871280 -26.045243 -29.537801 -37.410924 -40.071961 -43.401476 -40.782928 -41.870883 -40.074506 -42.039165 -38.317331 -34.245264 -31.048506 -23.541183 -23.308690 -17.407435 -23.130634 -27.235731 -30.701785 -40.608081 -45.976574 -38.045412 -38.279802 -36.902217 -34.316984 -33.617383 -40.333114 -36.124779 -41.693605 
-6.653228 3.871263 5.260550 2.712721 1.530942 -3.337190 -10.345981 -10.076438 -12.955202 -17.502861 -19.231247 -18.172955 -18.924221 -21.766168 -24.895123 -31.900796 -39.408341 -40.001432 -37.164025 -39.637937 -38.033685 -38.211239 -36.797860 -23.098395 -14.324997 -14.057792 -14.849669 -20.208562 -25.603844 -26.194141 -37.453532 -45.309167 -34.495576 -34.774271 -36.987392 -35.402927 -33.857215 -41.310041 -40.339091 -42.441322 
-13.979466 0.167182 -2.103838 -10.028892 -8.139493 -9.635978 -14.216943 -14.362301 -15.430264 -22.354619 -22.775182 -21.115812 -24.515967 -24.515726 -25.496078 -36.483421 -39.596907 -37.140613 -34.465576 -36.661565 -41.737486 -38.662951 -39.687182 -26.995894 -19.978817 -17.379463 -19.081768 -27.065935 -23.643642 -21.448015 -38.262779 -46.755332 -38.076480 -38.152250 -37.357562 -37.352488 -38.792676 -45.774443 -43.363161 -46.902913 
-13.903027 -0.615498 -0.269126 -8.549594 -10.724195 -18.233954 -29.150014 -18.931213 -20.547336 -21.332643 -23.298365 -26.721906 -22.564666 -18.748791 -24.610155 -34.045333 -46.351620 -39.187121 -35.249605 -36.451264 -39.375170 -40.266980 -35.476843 -26.536391 -23.577741 -23.359167 -19.471499 -24.928470 -29.779495 -29.572502 -41.878092 -45.943782 -44.097766 -46.349054 -45.858807 -43.632209 -44.611364 -48.384814 -53.394572 -51.552070 
-11.511426 -4.976594 -5.145703 -10.474986 -13.893031 -19.245227 -27.377316 -21.669042 -19.346504 -25.865662 -22.770015 -25.239837 -29.944699 -26.520641 -32.187724 -38.255175 -48.179859 -46.946811 -41.533154 -38.513864 -44.766993 -44.021343 -39.689646 -35.348725 -29.772984 -25.199401 -25.946582 -30.311273 -35.523379 -40.183284 -46.232541 -51.505716 -50.472400 -51.500178 -48.232967 -49.007953 -51.345674 -53.730397 -57.626375 -58.425577 
-29.137240 -29.857874 -31.624847 -36.760969 -43.753573 -43.870949 -42.284181 -43.924868 -38.639605 -35.171963 -36.449383 -42.429690 -47.170394 -48.838936 -46.522897 -50.627104 -57.873095 -55.985768 -59.132481 -52.982165 -56.810364 -55.989911 -54.146093 -50.250865 -54.671612 -48.504195 -44.825501 -47.417915 -48.380776 -52.965256 -58.396736 -64.113920 -65.108598 -66.287565 -65.275624 -67.139544 -67.058239 -68.553187 -67.825595 -68.199256 
-62.900394 -54.379854 -53.790839 -56.427149 -57.336994 -61.129647 -71.641258 -78.522607 -65.531311 -67.739122 -74.091324 -79.801412 -78.459139 -71.164727 -76.352315 -79.523511 -81.275137 -74.196180 -71.336724 -72.286523 -71.182092 -77.476719 -75.821252 -78.847822 -77.623454 -83.958430 -78.524510 -77.500549 -79.954276 -80.685233 -84.723124 -82.170440 -81.267470 -80.771527 -80.959348 -83.315709 -82.398853 -83.461212 -84.698016 -86.769302 
-63.515741 -63.019034 -65.034526 -70.681282 -73.242336 -68.450082 -69.908853 -66.726841 -64.453718 -69.282047 -73.425645 -69.781451 -75.013458 -75.726044 -76.606688 -72.139229 -74.642237 -78.284282 -75.315705 -77.830663 -76.926405 -78.678806 -79.093526 -82.297673 -81.864644 -81.428928 -77.780201 -78.174144 -78.317858 -80.873833 -83.848212 -83.911146 -83.800830 -87.282168 -85.450027 -83.835445 -85.746261 -91.881544 -88.793061 -89.004279 
-67.666802 -68.532968 -73.112394 -77.155058 -73.870511 -70.760940 -69.953272 -69.936050 -74.609788 -82.192671 -81.799720 -77.459594 -79.867894 -86.846935 -86.282938 -83.358759 -82.678863 -86.299208 -80.344254 -82.150573 -87.371051 -84.374191 -82.762152 -89.066313 -85.081712 -87.754036 -82.464762 -81.077393 -80.585139 -82.219470 -86.806707 -89.843963 -91.378760 -94.655671 -87.961495 -86.282795 -90.314430 -96.560139 -93.306041 -92.111492 
NaN NaN NaN NaN NaN NaN NaN NaN NaN NaN NaN NaN NaN NaN NaN NaN NaN NaN NaN NaN NaN NaN NaN NaN NaN NaN NaN NaN NaN NaN NaN NaN NaN NaN NaN NaN NaN NaN NaN NaN 
NaN NaN NaN NaN NaN NaN NaN NaN NaN NaN NaN NaN NaN NaN NaN NaN NaN NaN NaN NaN NaN NaN NaN NaN NaN NaN NaN NaN NaN NaN NaN NaN NaN NaN NaN NaN NaN NaN NaN NaN 
NaN NaN NaN NaN NaN NaN NaN NaN NaN NaN NaN NaN NaN NaN NaN NaN NaN NaN NaN NaN NaN NaN NaN NaN NaN NaN NaN NaN NaN NaN NaN NaN NaN NaN NaN NaN NaN NaN NaN NaN 
