NaN NaN NaN NaN NaN NaN NaN NaN NaN NaN NaN NaN NaN NaN NaN NaN NaN NaN NaN NaN NaN NaN NaN NaN NaN NaN NaN NaN NaN NaN NaN NaN NaN NaN NaN NaN NaN NaN NaN NaN 
NaN NaN NaN NaN NaN NaN NaN NaN NaN NaN NaN NaN NaN NaN NaN NaN NaN NaN NaN NaN NaN NaN NaN NaN NaN NaN NaN NaN NaN NaN NaN NaN NaN NaN NaN NaN NaN NaN NaN NaN 
NaN NaN NaN NaN NaN NaN NaN NaN NaN NaN NaN NaN NaN NaN NaN NaN NaN NaN NaN NaN NaN NaN NaN NaN NaN NaN NaN NaN NaN NaN NaN NaN NaN NaN NaN NaN NaN NaN NaN NaN 
NaN NaN NaN NaN NaN NaN NaN NaN NaN NaN NaN NaN NaN NaN NaN NaN NaN NaN NaN NaN NaN NaN NaN NaN NaN NaN NaN NaN NaN NaN NaN NaN NaN NaN NaN NaN NaN NaN NaN NaN 
NaN NaN NaN NaN NaN NaN NaN NaN NaN NaN NaN NaN NaN NaN NaN NaN NaN NaN NaN NaN NaN NaN NaN NaN NaN NaN NaN NaN NaN NaN NaN NaN NaN NaN NaN NaN NaN NaN NaN NaN 
NaN NaN NaN NaN NaN NaN NaN NaN NaN NaN NaN NaN NaN NaN NaN NaN NaN NaN NaN NaN NaN NaN NaN NaN NaN NaN NaN NaN NaN NaN NaN NaN NaN NaN NaN NaN NaN NaN NaN NaN 
NaN NaN NaN NaN NaN NaN NaN NaN NaN NaN NaN NaN NaN NaN NaN NaN NaN NaN NaN NaN NaN NaN NaN NaN NaN NaN NaN NaN NaN NaN NaN NaN NaN NaN NaN NaN NaN NaN NaN NaN 
NaN NaN NaN NaN NaN NaN NaN NaN NaN NaN NaN NaN NaN NaN NaN NaN NaN NaN NaN NaN NaN NaN NaN NaN NaN NaN NaN NaN NaN NaN NaN NaN NaN NaN NaN NaN NaN NaN NaN NaN 
NaN NaN NaN NaN NaN NaN NaN NaN NaN NaN NaN NaN NaN NaN NaN NaN NaN NaN NaN NaN NaN NaN NaN NaN NaN NaN NaN NaN NaN NaN NaN NaN NaN NaN NaN NaN NaN NaN NaN NaN 
NaN NaN NaN NaN NaN NaN NaN NaN NaN NaN NaN NaN NaN NaN NaN NaN NaN NaN NaN NaN NaN NaN NaN NaN NaN NaN NaN NaN NaN NaN NaN NaN NaN NaN NaN NaN NaN NaN NaN NaN 
NaN NaN NaN NaN NaN NaN NaN NaN NaN NaN NaN NaN NaN NaN NaN NaN NaN NaN NaN NaN NaN NaN NaN NaN NaN NaN NaN NaN NaN NaN NaN NaN NaN NaN NaN NaN NaN NaN NaN NaN 
NaN NaN NaN NaN NaN NaN NaN NaN NaN NaN NaN NaN NaN NaN NaN NaN NaN NaN NaN NaN NaN NaN NaN NaN NaN NaN NaN NaN NaN NaN NaN NaN NaN NaN NaN NaN NaN NaN NaN NaN 
NaN NaN NaN NaN NaN NaN NaN NaN NaN NaN NaN NaN NaN NaN NaN NaN NaN NaN NaN NaN NaN NaN NaN NaN NaN NaN NaN NaN NaN NaN NaN NaN NaN NaN NaN NaN NaN NaN NaN NaN 
NaN NaN NaN NaN NaN NaN NaN NaN NaN NaN NaN NaN NaN NaN NaN NaN NaN NaN NaN NaN NaN NaN NaN NaN NaN NaN NaN NaN NaN NaN NaN NaN NaN NaN NaN NaN NaN NaN NaN NaN 
NaN NaN NaN NaN NaN NaN NaN NaN NaN NaN NaN NaN NaN NaN NaN NaN NaN NaN NaN NaN NaN NaN NaN NaN NaN NaN NaN NaN NaN NaN NaN NaN NaN NaN NaN NaN NaN NaN NaN NaN 
NaN NaN NaN NaN NaN NaN NaN NaN NaN NaN NaN NaN NaN NaN NaN NaN NaN NaN NaN NaN NaN NaN NaN NaN NaN NaN NaN NaN NaN NaN NaN NaN NaN NaN NaN NaN NaN NaN NaN NaN 
NaN NaN NaN NaN NaN NaN NaN NaN NaN NaN NaN NaN NaN NaN NaN NaN NaN NaN NaN NaN NaN NaN NaN NaN NaN NaN NaN NaN NaN NaN NaN NaN NaN NaN NaN NaN NaN NaN NaN NaN 
NaN NaN NaN NaN NaN NaN NaN NaN NaN NaN NaN NaN NaN NaN NaN NaN NaN NaN NaN NaN NaN NaN NaN NaN NaN NaN NaN NaN NaN NaN NaN NaN NaN NaN NaN NaN NaN NaN NaN NaN 
NaN NaN NaN NaN NaN NaN NaN NaN NaN NaN NaN NaN NaN NaN NaN NaN NaN NaN NaN NaN NaN NaN NaN NaN NaN NaN NaN NaN NaN NaN NaN NaN NaN NaN NaN NaN NaN NaN NaN NaN 
NaN NaN NaN NaN NaN NaN NaN NaN NaN NaN NaN NaN NaN NaN NaN NaN NaN NaN NaN NaN NaN NaN NaN NaN NaN NaN NaN NaN NaN NaN NaN NaN NaN NaN NaN NaN NaN NaN NaN NaN 
NaN NaN NaN NaN NaN NaN NaN NaN NaN NaN NaN NaN NaN NaN NaN NaN NaN NaN NaN NaN NaN NaN NaN NaN NaN NaN NaN NaN NaN NaN NaN NaN NaN NaN NaN NaN NaN NaN NaN NaN 
NaN NaN NaN NaN NaN NaN NaN NaN NaN NaN NaN NaN NaN NaN NaN NaN NaN NaN NaN NaN NaN NaN NaN NaN NaN NaN NaN NaN NaN NaN NaN NaN NaN NaN NaN NaN NaN NaN NaN NaN 
NaN NaN NaN NaN NaN NaN NaN NaN NaN NaN NaN NaN NaN NaN NaN NaN NaN NaN NaN NaN NaN NaN NaN NaN NaN NaN NaN NaN NaN NaN NaN NaN NaN NaN NaN NaN NaN NaN NaN NaN 
NaN NaN NaN NaN NaN NaN NaN NaN NaN NaN NaN NaN NaN NaN NaN NaN NaN NaN NaN NaN NaN NaN NaN NaN NaN NaN NaN NaN NaN NaN NaN NaN NaN NaN NaN NaN NaN NaN NaN NaN 
-63.975728 -65.135351 -67.205514 -71.090904 -76.667581 -77.663747 -75.003211 -74.904700 -78.865300 -87.208193 -83.073035 -81.640309 -87.521320 -90.603503 -88.074720 -94.338623 -91.666557 -93.476628 -93.426184 -97.704868 -93.786271 -95.985191 -91.393846 -94.568637 -99.020325 -96.829114 -96.230900 -99.492543 -99.557439 -99.244548 -95.003348 -95.957084 -97.562250 -94.735704 -100.385108 -99.341680 -93.171027 -96.771586 -99.647068 -100.986790 
-41.054499 -54.929149 -53.709006 -54.129924 -64.074242 -63.377036 -60.132208 -60.062657 -66.145456 -69.220966 -65.724001 -67.557273 -70.155138 -71.753656 -68.911441 -69.604036 -72.943261 -75.487501 -73.094201 -76.601562 -79.041506 -73.301777 -73.272449 -73.368116 -72.117403 -78.299886 -76.510777 -80.761045 -79.643381 -79.854941 -75.215309 -76.792850 -76.509299 -76.033838 -80.217257 -78.813437 -75.377954 -77.634849 -76.861010 -79.514100 
-26.830783 -42.391916 -47.629278 -45.604941 -52.640010 -56.931308 -57.463222 -57.998215 -59.760388 -62.892007 -63.142685 -64.119753 -63.957757 -65.941784 -65.629383 -67.196958 -66.233927 -69.328099 -65.476552 -68.910473 -70.302612 -70.228747 -70.177639 -71.385144 -69.431287 -70.860876 -74.358242 -73.155407 -73.344526 -74.432980 -73.603737 -75.285050 -75.391582 -74.930657 -75.045363 -76.471024 -76.077832 -73.846044 -75.417222 -75.976472 
-14.584759 -24.700974 -25.176364 -28.280777 -30.927050 -32.828025 -34.836666 -34.716185 -33.779057 -33.715430 -35.607928 -39.662194 -40.694227 -36.104823 -33.097054 -32.608394 -32.985143 -32.666066 -31.906550 -32.201512 -31.746271 -29.593674 -29.828865 -36.359567 -34.387785 -29.000279 -29.013303 -30.631979 -36.841962 -34.665859 -32.654820 -34.012547 -35.546062 -35.428449 -39.433174 -43.652333 -42.229842 -41.145883 -46.047436 -52.364999 
0.204488 -1.345216 -7.955194 -18.988635 -17.196458 -13.434814 -16.821048 -11.722382 -12.602011 -16.956775 -20.350612 -28.294825 -20.858179 -14.366444 -14.373047 -18.044236 -15.002904 -11.616312 -13.754847 -16.591570 -11.725595 -7.882400 -13.260607 -19.925142 -17.222228 -8.185403 -8.623894 -12.715787 -12.734073 -10.425723 -9.662272 -11.285373 -11.722252 -13.340236 -18.654339 -16.925393 -13.554689 -13.650376 -19.100125 -22.879106 
1.012266 -2.587193 -14.789385 -20.608470 -19.249216 -14.406406 -13.436845 -11.981973 -21.072496 -27.044022 -25.837120 -28.272182 -25.858550 -21.780755 -19.795108 -17.721264 -20.878658 -20.916955 -23.080063 -19.863920 -15.183109 -13.303698 -19.207777 -25.411074 -13.319882 -8.857634 -10.515440 -8.353779 -8.637358 -3.633915 -3.465643 -3.381409 -3.524022 -7.891015 -10.142997 -7.514640 -7.343885 -10.527511 -10.778145 -13.788165 
-6.696916 -15.091411 -25.650928 -24.003581 -21.305732 -16.682432 -18.822162 -20.354429 -22.767220 -22.361172 -22.872458 -22.138532 -25.251186 -20.555185 -18.495269 -14.863850 -19.147195 -18.558103 -21.487081 -24.180229 -18.350668 -9.715628 -11.076014 -15.951920 -7.449200 -5.115975 -9.761460 -7.248215 -3.404119 -0.921479 -1.571552 -0.700966 -2.387874 -3.327039 -8.704766 -5.273159 -5.680045 -6.278541 -9.710246 -11.734287 
-17.267991 -30.256398 -21.776162 -27.140528 -26.658485 -18.867609 -21.915388 -25.232837 -22.562790 -32.442951 -30.716755 -19.672869 -17.637530 -19.240050 -18.327358 -18.969000 -20.803985 -20.299625 -27.611459 -20.795472 -20.101580 -10.989247 -9.429954 -14.679739 -10.845743 -6.912141 -5.156415 -7.674630 -3.119334 0.165140 -1.976287 -4.461352 -1.125938 0.478066 -7.340082 -3.386366 -4.670672 -8.903366 -7.855117 -11.431041 
-24.088211 -26.109159 -24.491671 -23.002188 -28.771809 -30.318196 -28.916757 -21.193400 -25.269226 -30.650191 -28.336918 -22.208542 -17.479986 -20.582823 -18.149110 -23.088126 -22.687006 -28.805296 -28.695601 -24.000026 -16.143516 -13.995986 -12.355532 -17.683696 -6.582473 -6.896859 -7.803951 -6.774897 -5.014672 -2.107749 0.161654 -1.794304 -3.133564 -2.196107 -4.924658 -7.583179 -4.068890 -7.980213 -8.502195 -11.418778 
-27.247825 -25.170207 -23.543101 -21.893397 -22.562547 -17.285726 -19.653953 -22.230643 -18.806090 -24.813338 -24.654587 -24.745618 -21.057660 -19.193453 -21.698879 -20.783592 -16.710290 -21.342762 -19.656815 -24.121506 -17.675611 -10.649640 -12.310963 -19.938135 -12.770272 -5.823222 -7.201432 -8.303280 -7.522065 -6.321053 -3.462496 -1.088878 -5.544236 -7.314434 -8.396217 -12.058318 -7.732997 -11.334048 -15.162851 -18.055894 
-38.309988 -33.572562 -21.372679 -23.683716 -24.806870 -20.656021 -11.557820 -12.535798 -14.717508 -17.961215 -18.103624 -21.059958 -20.757647 -18.796777 -16.513067 -18.255484 -24.234267 -24.032527 -19.053880 -22.155085 -17.852573 -9.729574 -9.546001 -15.392609 -11.329813 -3.993916 -4.842888 -4.027686 -3.492721 -3.142788 -5.365284 -5.117271 -4.878941 -5.508771 -12.409366 -14.909682 -12.424250 -12.991355 -15.645149 -17.342701 
-16.989227 -8.842598 -1.613753 1.851658 -1.547292 -4.711470 -6.440828 -10.390641 -16.962494 -21.491647 -28.290844 -27.667727 -27.572151 -19.607290 -16.010971 -25.879249 -25.303761 -22.720013 -21.637561 -23.416422 -18.809349 -14.604805 -12.385610 -17.038321 -14.567229 -2.649587 -7.572301 -13.343479 -13.663169 -9.188279 -10.759480 -9.516494 -10.100599 -14.799748 -17.101382 -18.380078 -15.399950 -16.894798 -17.597424 -19.315467 
-4.529804 -2.828937 13.428562 21.726066 19.830580 11.441684 3.488817 1.213843 -4.188369 -13.462431 -24.303482 -27.698975 -24.016803 -20.638378 -18.919619 -24.120104 -22.761443 -20.487756 -20.831964 -21.541337 -19.923450 -16.657070 -15.437600 -15.054680 -12.228940 -6.353389 -6.652244 -12.504618 -14.545841 -12.099918 -21.067339 -11.828107 -10.645771 -13.787822 -15.983267 -19.316074 -20.128297 -18.198922 -20.975997 -20.330836 
-9.113918 -4.881527 13.615961 25.457350 19.653470 4.250564 13.228759 11.613541 -8.863689 -13.898940 -18.880137 -24.892298 -19.549360 -23.873370 -17.697980 -27.669090 -25.034775 -17.096876 -20.317478 -18.921599 -17.361116 -13.343835 -10.819474 -7.471982 -3.926493 -2.308543 -1.841758 -8.999101 -11.809911 -11.584709 -20.502059 -8.284764 -8.789787 -14.512899 -11.486487 -15.825036 -17.719290 -15.819260 -20.779427 -18.692661 
-26.796581 -19.900755 10.769415 25.070937 20.341479 -4.311826 8.629831 12.439778 -8.980413 -13.856362 -15.651493 -21.083549 -17.162252 -21.758865 -16.672570 -24.742277 -21.842639 -20.112059 -20.123803 -17.153309 -17.564302 -15.269977 -12.736587 -9.245782 -0.648692 -0.763760 -2.258970 -9.237558 -10.976087 -11.980668 -19.165776 -9.874698 -7.907679 -15.554598 -12.379274 -17.171749 -17.504231 -13.945432 -19.889169 -18.150977 
-10.728332 -13.810280 7.747282 24.451557 20.885840 -4.858070 5.355099 11.672922 -8.581055 -17.055811 -15.997534 -22.246090 -17.395995 -23.076043 -17.184703 -23.612743 -19.606001 -21.358714 -18.955257 -18.627478 -19.638380 -17.665589 -14.939489 -14.818535 -2.515647 -0.360860 -3.076844 -9.603961 -10.855655 -12.201032 -21.356463 -11.123397 -12.931500 -16.108137 -14.211663 -16.768352 -18.350137 -15.645764 -21.346426 -18.803527 
-8.755123 -14.123063 5.355249 24.089558 21.578774 -2.593322 2.422085 10.911713 -6.171581 -18.687269 -16.985952 -23.010068 -19.078837 -24.993531 -18.489236 -22.703339 -18.853847 -24.092149 -20.465140 -21.197548 -21.517574 -19.423815 -16.009754 -21.074245 -6.867946 -3.039973 -3.324801 -9.466263 -11.633085 -12.516699 -27.020707 -10.370343 -10.929099 -20.814196 -17.285529 -20.824426 -21.352300 -18.174610 -24.268659 -21.902942 
-27.118437 -19.843171 5.710195 24.163585 22.128644 -2.489325 0.899074 10.231204 -5.721080 -15.960332 -15.025183 -17.255828 -15.471818 -18.683211 -17.198141 -20.105232 -18.024793 -20.583140 -18.439610 -19.930552 -19.660613 -17.703947 -16.157682 -19.374161 -6.031548 -3.253135 -3.435288 -8.006337 -11.083650 -11.984768 -27.705353 -11.298429 -9.715224 -19.785792 -17.251023 -20.911405 -22.739255 -18.273385 -23.029979 -19.383951 
-14.142835 -13.483200 5.773514 24.374610 22.068240 -2.915470 1.680647 9.890579 -6.436629 -19.478354 -19.428840 -22.937840 -18.253436 -23.615194 -19.465328 -23.510791 -19.212195 -22.779653 -20.477006 -22.173298 -22.940126 -20.127905 -17.851132 -21.427230 -4.674657 -2.694039 -3.792433 -9.132156 -11.210935 -13.005385 -27.684538 -10.785214 -10.498064 -19.730954 -17.226446 -20.081461 -20.925498 -17.163026 -22.622046 -20.093520 
-14.140731 -16.012767 7.630402 24.584766 21.341358 -4.371535 3.783696 9.648245 -9.272923 -20.897025 -21.616053 -25.819738 -19.688051 -27.017693 -18.743940 -26.101998 -21.691613 -22.942622 -20.976014 -20.927515 -21.466173 -19.448793 -17.672150 -17.761130 -2.084583 -0.958772 -2.450397 -9.627039 -10.905862 -13.615273 -20.392644 -10.224806 -11.277259 -15.259186 -14.931883 -18.749262 -19.208632 -15.963871 -21.485966 -18.438401 
-31.425298 -18.946726 10.057921 24.670193 19.982809 -8.184900 6.866110 9.188964 -14.044340 -16.140571 -20.726704 -23.391360 -20.935055 -23.928293 -18.991528 -26.199265 -25.660335 -20.243757 -21.987769 -20.395688 -21.111055 -18.633152 -16.836140 -11.299661 -2.726195 -0.662791 -3.320775 -9.680863 -11.108226 -13.795041 -23.311433 -11.070003 -9.795827 -18.572115 -17.939395 -20.363598 -21.431699 -17.642676 -22.912662 -21.782667 
-20.022711 -14.960020 12.623644 24.772031 18.429608 -2.838292 12.040891 10.218669 -21.988707 -11.349302 -20.131993 -24.368555 -26.786528 -20.735219 -20.937341 -24.591364 -25.160594 -16.807264 -20.299996 -19.735078 -17.835702 -14.063593 -10.983195 -8.753809 -3.604138 -1.766037 -5.092661 -9.842434 -11.326722 -14.531372 -23.796701 -12.081452 -14.562919 -20.775865 -19.575401 -21.873687 -23.766284 -20.823767 -25.999780 -25.856142 
-16.276152 -9.050421 15.701501 24.458479 15.484600 4.555561 16.949299 10.940161 -11.314779 -7.309837 -21.540315 -21.271663 -27.052350 -15.944960 -19.424517 -17.678173 -17.464027 -15.877331 -16.301687 -15.168575 -10.969186 -5.055915 -4.899384 -8.345771 -1.741368 -3.311753 -10.690462 -13.801818 -13.579680 -16.271196 -27.263144 -14.612587 -13.871628 -22.983813 -21.340315 -23.466660 -22.889027 -20.890834 -27.157349 -24.273254 
-17.740607 -1.622940 18.057987 22.128392 10.655898 12.094044 18.140738 6.650583 -6.397010 -12.919440 -19.989597 -21.328336 -21.664784 -20.777715 -16.454853 -18.153428 -17.751991 -13.334333 -13.403491 -11.441553 -8.862575 -3.442289 -10.233538 -15.734754 -8.837084 -13.502096 -17.778751 -18.708698 -19.590912 -24.929324 -32.752954 -20.544237 -20.996974 -31.225517 -29.280272 -30.418028 -29.116938 -25.409788 -30.939316 -26.876102 
-20.755324 4.289492 18.722163 16.382618 4.343148 13.948310 12.432872 -0.984835 -2.221287 -18.606246 -17.427517 -23.930429 -25.652038 -20.671057 -18.549929 -20.420383 -17.968627 -15.791260 -16.006411 -11.871286 -19.203175 -18.029802 -20.393936 -26.963652 -20.124783 -20.847102 -24.097836 -26.342606 -26.855588 -28.295386 -31.924868 -28.461358 -30.353380 -36.632691 -32.540336 -33.232207 -34.850921 -37.585999 -37.333974 -35.910389 
-18.537436 6.881694 19.215756 15.866949 2.415694 10.244693 3.847443 -4.583681 -4.556504 -21.693065 -20.812376 -23.118321 -24.880594 -20.671630 -16.703990 -18.216012 -17.986596 -25.853792 -30.163756 -27.952782 -28.115933 -27.578067 -24.318465 -34.173464 -31.657246 -28.680753 -26.571313 -28.241152 -35.234362 -34.535774 -36.168467 -29.683002 -28.703411 -35.194802 -38.640563 -35.674203 -36.377266 -38.290613 -37.325728 -38.828767 
-19.889009 8.248007 19.062868 13.304674 -0.785133 2.745783 -8.085594 -5.258128 -11.897973 -22.012257 -26.767843 -32.937475 -32.019314 -27.605345 -21.476567 -23.410012 -25.432800 -31.406473 -33.663299 -32.690048 -35.930384 -35.841943 -34.822613 -40.308315 -37.719233 -34.417763 -32.521334 -33.102268 -40.582103 -41.106781 -41.796097 -37.612381 -38.565691 -41.742213 -43.195570 -38.956816 -38.523228 -39.611834 -37.924689 -38.968569 
-14.471579 9.357096 18.859644 11.744701 0.184549 0.189474 -10.248696 -6.373800 -16.823693 -23.554227 -30.458610 -32.829347 -30.072218 -27.368792 -25.143455 -22.721444 -24.109830 -27.558881 -27.955177 -34.827325 -35.443280 -30.557384 -36.918542 -37.791846 -35.577181 -35.936478 -33.891351 -36.053432 -39.288890 -37.394965 -36.447236 -40.249902 -41.145629 -39.359528 -41.486576 -37.366168 -38.958120 -42.186037 -39.979340 -40.319160 
-12.939398 9.845552 18.708948 11.656500 -0.102894 0.635195 -8.180887 -6.369739 -18.645550 -20.842363 -32.815287 -34.199583 -28.575956 -24.366607 -20.330861 -23.521465 -24.020274 -26.185505 -31.429557 -32.002924 -31.936560 -32.067912 -35.527913 -41.419061 -39.672519 -38.109424 -33.906729 -38.204092 -41.475703 -36.918716 -39.346571 -39.021996 -42.991117 -44.979789 -44.030828 -42.758016 -40.444702 -41.661606 -42.720172 -41.053026 
-12.055858 9.022387 17.680354 9.773685 -1.861383 -3.239044 -14.810595 -9.668902 -23.418536 -28.187288 -35.999400 -36.659916 -36.378813 -32.811454 -29.374707 -29.835762 -30.882605 -34.695718 -34.679999 -32.336663 -32.646331 -33.921216 -36.600627 -44.481899 -36.674917 -30.385789 -30.232415 -33.072068 -39.949868 -40.456609 -39.624780 -36.272792 -40.434788 -43.031083 -40.757164 -37.047974 -37.282480 -34.147634 -36.285605 -38.402505 
-11.384543 8.614692 16.827135 8.750340 -4.206372 -4.722242 -13.794272 -9.609529 -24.612999 -24.645873 -29.603960 -30.268476 -28.146930 -28.508664 -28.881667 -27.830605 -26.885133 -25.793639 -24.316877 -25.647682 -25.986476 -27.604061 -30.426008 -35.136209 -32.105248 -28.762006 -31.103206 -34.128081 -31.850264 -30.143376 -33.604180 -34.204641 -33.702941 -33.457608 -34.186911 -32.433132 -32.852447 -32.927230 -30.742118 -31.101750 
-8.365241 7.974687 16.562397 8.711283 -5.348471 -2.673462 -11.074589 -10.118939 -22.741590 -24.401977 -31.645521 -29.917110 -29.870052 -24.698175 -22.806170 -21.541242 -23.805461 -23.378975 -19.221264 -20.234503 -15.615604 -18.933823 -25.058297 -28.982374 -28.397203 -24.354688 -25.512739 -25.044850 -24.437887 -26.801566 -26.054262 -28.671875 -31.115277 -30.210408 -30.840899 -30.585173 -29.319023 -29.497840 -29.495657 -30.231003 
-3.098526 5.248852 14.019687 14.117902 6.725821 1.811705 -6.094627 -6.440925 -11.483373 -16.420932 -17.394280 -20.840045 -22.192704 -19.299432 -19.652568 -19.458566 -19.321940 -21.673965 -14.516575 -18.088684 -18.039247 -18.493688 -24.729488 -27.425250 -20.388725 -21.983414 -21.515149 -19.028414 -18.682201 -19.516946 -26.367068 -25.064926 -27.254418 -26.802957 -30.069746 -27.428996 -26.936017 -24.394954 -29.868716 -29.192834 
-9.926453 5.790036 18.605404 18.515030 9.968310 15.503726 11.031559 -0.285839 -3.728613 -15.235635 -19.815136 -21.404194 -16.985492 -16.203591 -17.240101 -19.123964 -20.649453 -17.148609 -14.673838 -15.132250 -9.962929 -7.968776 -15.032464 -20.101828 -16.767495 -15.469031 -20.636283 -16.271056 -20.834987 -22.165416 -28.489175 -21.320205 -24.348735 -26.371222 -27.619244 -26.950101 -28.659506 -28.089468 -29.992338 -32.021932 
-13.238901 9.657656 21.175398 16.638579 15.374243 23.109156 14.644961 5.322946 -0.544610 -7.685446 -14.558982 -23.450134 -21.881141 -16.195291 -17.122648 -18.780512 -20.729166 -15.605188 -14.701846 -14.713619 -9.304765 -4.441220 -3.581242 -10.208260 -5.747524 -1.258007 -8.422331 -14.028455 -15.177470 -16.756821 -27.847648 -17.989472 -16.433478 -19.264417 -21.405275 -26.575031 -23.835330 -23.318113 -27.311717 -23.490631 
-22.394128 8.795154 21.296146 17.286425 14.527307 24.223269 13.426000 2.945539 -1.071183 -10.147913 -13.425717 -21.577158 -21.683687 -17.876409 -18.529370 -21.974663 -21.717562 -17.127618 -17.184900 -17.091673 -15.014797 -10.156660 -7.003105 -8.871502 -4.808189 -1.250042 -6.320258 -12.949663 -12.799353 -13.801984 -25.855046 -16.498736 -13.783641 -15.963764 -17.962645 -25.750370 -23.436136 -23.310561 -27.679658 -24.486847 
-23.653511 8.216164 20.980701 17.373632 13.890396 23.924633 13.959750 -1.137016 -4.488673 -14.133289 -15.518545 -23.845796 -25.295716 -21.356393 -22.132932 -22.338201 -22.770225 -19.088285 -19.434610 -19.507184 -17.472686 -13.685407 -11.265937 -12.533409 -5.152557 -2.013464 -4.812366 -11.571242 -11.954955 -13.985726 -25.143079 -15.166564 -13.966529 -18.814582 -16.478328 -22.973829 -22.637106 -20.844331 -26.283256 -25.344757 
-20.163088 6.462095 20.501872 18.131817 10.659104 23.136984 15.762781 -10.883622 -10.594283 -22.581064 -17.660753 -27.699621 -27.287642 -23.395537 -25.128361 -22.093724 -22.229760 -22.050473 -22.305813 -22.298115 -21.105681 -17.147685 -15.148204 -13.187604 -8.417127 -2.735198 -5.112220 -12.819892 -13.510033 -14.801148 -26.511930 -17.482366 -15.041502 -19.273969 -17.326561 -21.069434 -22.350429 -21.030378 -26.916295 -29.073798 
-24.316690 5.893254 20.062507 17.852446 8.958488 22.559582 16.186613 -10.821053 -10.973442 -20.685620 -18.409099 -27.518380 -26.948691 -23.843031 -25.335920 -22.089243 -21.981845 -22.198702 -22.322733 -21.839372 -21.240396 -17.474689 -14.871754 -13.488425 -6.134740 -1.210970 -3.840287 -11.938634 -13.065721 -15.745260 -26.775376 -15.386298 -14.227971 -19.842820 -18.293352 -23.376772 -24.957374 -21.834857 -25.809473 -22.765435 
-26.107490 6.399005 20.106310 17.568709 9.004366 22.436752 15.391296 -8.734941 -10.138531 -19.560425 -19.211502 -26.047001 -26.955752 -22.429038 -23.267649 -21.796253 -22.705653 -21.228735 -21.526842 -22.432047 -20.667997 -16.973989 -15.062860 -14.652138 -4.751458 -1.504634 -4.309311 -10.826962 -12.340851 -13.330444 -26.563823 -15.197760 -14.746604 -18.741116 -16.811579 -23.811253 -23.598315 -19.389321 -25.107319 -23.309704 
-24.843021 7.296399 20.354499 16.782466 12.043791 23.508363 15.060098 -4.836546 -8.372370 -15.332066 -18.922052 -26.710935 -28.307420 -21.908781 -21.511184 -22.394251 -25.049034 -20.292003 -20.918641 -21.054183 -19.577771 -16.043250 -14.131967 -12.543544 -4.679239 -4.657314 -5.417811 -12.416306 -12.855068 -14.807167 -27.934519 -18.580839 -15.326410 -20.263075 -19.602501 -24.247216 -23.896350 -20.908697 -24.828588 -23.141514 
-16.812775 8.962729 20.618984 16.330455 15.909928 24.218958 13.612362 -0.721179 -6.748219 -11.728585 -18.469311 -21.505738 -22.469593 -21.680961 -19.981598 -22.558913 -22.517730 -18.487425 -19.064985 -19.101872 -18.426597 -14.589222 -12.420392 -11.020816 -5.319112 -2.278765 -4.592545 -11.723774 -12.193806 -13.993895 -27.330239 -17.132994 -15.297146 -18.982116 -17.199200 -23.061831 -23.448451 -17.952309 -23.151124 -20.552189 
-14.220260 11.293277 20.602556 14.618336 18.872157 22.591118 8.516489 1.721693 -9.633583 -7.448574 -15.342187 -16.902079 -17.601346 -18.907583 -17.371841 -21.130628 -19.087843 -18.105809 -19.952323 -20.741852 -19.071228 -15.585680 -13.954506 -14.275755 -6.303292 -3.962622 -4.526472 -12.697073 -13.348092 -14.952868 -25.847159 -17.551152 -14.034289 -18.659567 -17.967386 -23.088710 -21.769953 -16.318043 -21.158110 -19.255863 
-6.757843 13.251831 19.836743 12.279850 21.801474 19.623155 6.610026 2.152078 -6.217446 -9.846182 -20.141812 -23.047177 -21.705165 -20.077373 -19.705746 -23.058833 -23.201751 -20.015029 -21.549714 -21.638195 -20.625510 -17.471001 -15.276068 -16.768449 -6.379327 -6.170281 -6.185036 -11.043394 -11.290759 -12.572430 -26.895403 -17.103922 -13.803329 -19.838917 -18.674345 -22.446107 -21.909368 -18.290068 -22.063356 -20.969684 
-4.349803 13.905618 17.631067 15.140581 23.425993 15.097073 7.539658 0.431556 -0.770646 -10.743304 -15.763991 -17.347771 -17.164663 -17.900057 -19.316833 -20.615060 -21.534910 -18.884158 -19.235060 -21.501171 -21.656831 -18.430668 -15.916987 -14.942756 -6.008449 -4.480421 -5.125607 -10.455419 -10.279300 -13.267778 -27.860520 -19.497369 -15.069444 -16.192808 -14.687307 -21.668896 -21.096468 -17.145136 -20.101921 -20.160316 
-1.546837 13.095987 13.317083 19.102256 22.549624 12.993392 9.523650 2.671757 -3.232088 -14.925460 -19.538690 -24.442924 -26.121936 -23.947035 -22.543712 -25.173976 -23.551328 -21.509219 -21.253703 -22.186474 -20.872143 -16.785464 -14.292391 -12.428837 -6.953021 -5.773233 -5.944543 -9.055620 -8.814156 -12.240772 -29.594368 -20.108177 -16.216036 -17.965984 -16.564306 -19.190378 -21.081385 -19.814399 -22.979663 -19.036528 
1.458285 11.596175 11.845366 20.539311 19.070663 14.739972 10.277288 2.642038 -5.180571 -14.687387 -22.117062 -27.109388 -26.538223 -24.484690 -24.088425 -25.577665 -23.416173 -21.271565 -22.094270 -22.134328 -20.028844 -15.745986 -13.317755 -12.840212 -6.564116 -3.385405 -4.275035 -9.028859 -10.043987 -13.636949 -34.000576 -22.456582 -18.426062 -21.245719 -18.171447 -24.118534 -25.486122 -22.904608 -25.084791 -22.587773 
1.215086 10.245636 12.067134 17.620399 15.181184 15.723379 6.601260 -1.735075 -7.174770 -16.611626 -21.625801 -27.221058 -29.369180 -26.225603 -25.787346 -29.924161 -30.523322 -25.925407 -25.411849 -23.998546 -23.438454 -20.446902 -18.382818 -16.458898 -9.421847 -6.980690 -14.287086 -18.260887 -17.587864 -18.862095 -35.682319 -30.653891 -19.957920 -22.644185 -23.354155 -24.387875 -25.935145 -21.397412 -24.269559 -27.366258 
2.919434 9.901754 12.730073 14.081734 16.066909 11.919929 7.037233 1.852977 -5.381175 -14.381947 -22.808568 -28.484931 -26.192053 -24.710268 -23.635149 -24.927548 -23.360729 -20.468109 -20.873546 -21.285377 -19.284272 -14.101561 -10.824630 -10.773754 -5.741330 -3.877108 -6.756223 -9.647997 -10.474761 -16.420790 -35.482103 -24.585457 -15.672682 -21.316537 -22.454152 -22.853478 -23.350443 -19.492049 -20.961456 -25.052397 
3.472424 8.390261 11.236442 10.803333 14.086800 9.945868 4.095149 -5.727005 -13.384840 -19.108435 -29.785127 -31.801511 -33.513066 -30.527033 -29.862841 -31.987727 -30.546772 -27.835787 -29.418518 -29.048003 -28.103761 -24.114060 -20.443549 -16.104552 -9.301315 -8.298064 -11.951257 -17.984590 -19.342946 -24.210379 -42.140972 -30.810475 -18.441914 -22.785458 -24.453531 -31.339841 -30.097237 -25.256357 -24.796373 -27.905823 
2.992326 6.817046 9.950044 8.825658 11.283547 7.517380 -0.992946 -5.290012 -12.126874 -20.913347 -28.776648 -33.672205 -33.739204 -31.693846 -30.814049 -31.455965 -30.360562 -26.634565 -26.223248 -26.750587 -25.808662 -21.993070 -19.766323 -18.506155 -13.650273 -11.410400 -14.488979 -18.209453 -19.241556 -24.394248 -43.189366 -35.684861 -21.684712 -24.282181 -27.545740 -30.099993 -31.008218 -30.044647 -28.889921 -29.079071 
2.457854 5.021622 8.707853 11.607104 13.028838 10.913997 3.485350 -3.293045 -10.156735 -19.770301 -27.539396 -34.386932 -31.128894 -28.868426 -27.528311 -29.109872 -28.747901 -24.176173 -24.432519 -24.877528 -23.547944 -18.427340 -15.514279 -15.492097 -13.102003 -9.802820 -11.562928 -14.717418 -14.672442 -19.284796 -40.206865 -35.128569 -20.467980 -22.215037 -25.721153 -31.304975 -32.753622 -31.624837 -30.810222 -27.522493 
3.261349 5.651984 5.098757 7.188499 6.132351 3.914107 1.012856 -8.961936 -14.059654 -21.222527 -28.064203 -33.509311 -31.094260 -31.372753 -30.981440 -30.306300 -32.975022 -30.090984 -32.307616 -29.653202 -29.168914 -22.591417 -20.563026 -19.623204 -18.082972 -15.930758 -17.745257 -20.322947 -23.565498 -29.864354 -44.476873 -43.098396 -26.974308 -27.123263 -27.384898 -29.074519 -29.583521 -26.798638 -28.539693 -24.235719 
-0.973597 -4.880878 -5.906285 0.387896 5.832404 4.958651 -5.908319 -19.150991 -19.780669 -30.460881 -36.742646 -36.115145 -38.394611 -38.945564 -40.444811 -39.541378 -41.947114 -38.310271 -42.111047 -38.896838 -40.714014 -32.030245 -29.077847 -25.690738 -24.285782 -22.423562 -26.253297 -30.692061 -29.359255 -35.510978 -50.009884 -49.181663 -35.605819 -34.161245 -33.913862 -38.402809 -37.575682 -35.284785 -32.838413 -31.278922 
-1.120775 2.664480 3.143885 2.042346 1.769374 1.852632 -3.324460 -12.464272 -19.873481 -29.000166 -35.337255 -39.029705 -37.550886 -38.215824 -37.487440 -39.478308 -38.554454 -35.365569 -35.270667 -33.806108 -33.189037 -29.104182 -26.587554 -25.013667 -23.388941 -17.441370 -23.640231 -29.782918 -27.560240 -34.804788 -52.929094 -50.859748 -35.429895 -32.749325 -32.877845 -34.264586 -33.681216 -28.569865 -28.280114 -28.714127 
-4.519627 -4.020298 -8.626972 -10.813508 -6.935981 -4.746889 -10.158940 -21.282884 -34.370060 -42.300542 -44.866577 -44.001384 -48.283887 -46.829757 -44.330733 -44.950285 -47.641966 -50.541424 -45.542300 -44.103759 -46.868275 -39.737877 -34.057174 -31.336970 -28.872283 -29.974936 -33.291869 -38.531947 -39.925584 -45.035845 -57.365002 -54.897794 -40.018164 -36.479775 -36.813204 -35.537785 -31.290018 -32.537905 -30.381162 -28.879686 
-4.823398 -3.439516 -5.065594 -9.115474 -12.842293 -7.680687 -13.078102 -19.634045 -30.640230 -35.170108 -37.391043 -47.653206 -42.473363 -42.145029 -41.256938 -45.133546 -43.243543 -41.282268 -41.609442 -42.732736 -40.079006 -36.455953 -30.595125 -32.525013 -28.849129 -29.794910 -32.831018 -34.189055 -36.924388 -45.575624 -58.767099 -56.119964 -39.594575 -36.421346 -37.232809 -37.903006 -34.480277 -34.138194 -29.711466 -28.146802 
-3.316739 -0.612035 0.711863 -0.270505 -0.539249 0.986297 -1.129548 -7.382817 -17.322123 -26.451064 -32.238107 -38.690103 -36.175075 -33.151168 -33.234884 -35.375797 -35.318837 -32.204286 -32.827418 -32.298294 -30.631585 -25.093829 -16.786930 -20.624998 -20.540437 -18.556742 -23.811820 -25.343537 -26.408644 -35.895137 -52.245871 -51.033867 -31.126627 -29.795125 -29.317166 -35.860938 -29.274681 -33.081639 -27.597705 -25.200827 
-4.659848 -0.987724 -0.747793 -3.752903 -7.466295 -4.325751 -7.454638 -14.130617 -19.737569 -27.786830 -34.708060 -38.327824 -38.410167 -37.433787 -38.486254 -39.386669 -40.569586 -38.261801 -36.879525 -38.046912 -34.576128 -28.955140 -22.457079 -25.887893 -25.208934 -25.891166 -29.723681 -32.638241 -32.462523 -39.609673 -55.330610 -57.872871 -44.192559 -35.640624 -33.732023 -41.638316 -36.654603 -33.062458 -34.743481 -29.527939 
-13.574228 -5.940334 -6.396428 -7.765485 -7.167938 -4.570752 -5.137815 -13.706935 -23.611626 -32.184230 -39.064456 -44.754894 -42.699882 -41.107406 -41.164175 -42.748160 -45.642903 -41.224166 -40.106020 -40.172415 -37.734465 -31.084253 -22.232903 -28.516975 -25.420582 -26.039127 -33.645070 -34.180858 -32.550977 -39.443372 -57.718392 -58.302315 -45.068562 -38.450881 -35.507430 -42.246285 -40.559641 -38.974467 -39.004995 -34.151866 
-8.600343 -9.681328 -12.937549 -9.910346 -11.427266 -12.784563 -17.273983 -22.520053 -31.028189 -39.342628 -39.797379 -48.409727 -46.881634 -47.691922 -47.239854 -46.457860 -48.523399 -44.512818 -44.061104 -43.555533 -45.490457 -37.364289 -30.333175 -33.245052 -28.319296 -28.180187 -38.454305 -38.950095 -38.892013 -45.515444 -58.876380 -56.898368 -44.655431 -37.457200 -37.580994 -40.427326 -38.871412 -38.632764 -37.219650 -34.677572 
-8.238781 -6.855560 -7.849502 -7.289774 -8.128754 -6.688673 -7.847436 -14.702297 -25.221869 -32.037359 -37.563723 -44.473897 -43.243167 -39.630086 -39.780017 -41.506646 -41.478754 -38.236246 -40.346302 -40.351404 -42.658989 -35.798992 -22.146443 -27.647929 -24.483946 -30.277267 -37.171015 -37.882339 -34.405977 -40.489016 -60.228014 -59.141109 -46.745885 -34.021391 -34.852665 -39.433472 -41.109554 -40.934219 -35.839656 -29.955536 
-12.875869 -10.526585 -12.797456 -13.841675 -18.191366 -21.937852 -17.735851 -26.059836 -30.162022 -39.034485 -42.619751 -42.648025 -43.801398 -46.403773 -44.206016 -48.045316 -46.968589 -48.928412 -49.565579 -43.389152 -40.583129 -33.303634 -24.841583 -30.858656 -28.676191 -30.754926 -35.684187 -37.713239 -38.784052 -45.116009 -56.303348 -60.992336 -48.298707 -32.808498 -31.424410 -38.946930 -35.436009 -39.067880 -34.587626 -32.938643 
-18.935491 -15.527432 -17.649804 -21.015401 -17.266934 -24.219715 -21.334334 -24.196366 -27.083828 -29.318862 -33.648833 -39.966267 -37.129421 -37.602218 -41.057857 -49.389266 -42.407932 -43.692680 -44.923411 -44.979829 -36.284582 -28.227519 -25.983894 -34.064642 -27.443301 -31.605897 -38.865233 -36.345238 -40.349562 -50.461987 -59.233158 -60.570802 -49.715750 -34.821145 -33.326944 -39.689275 -34.708815 -40.947135 -37.649996 -39.767003 
-25.744448 -25.160179 -25.708409 -27.179110 -27.782445 -27.979155 -29.362925 -31.131174 -33.226460 -35.922099 -38.979360 -43.460164 -44.248913 -47.668495 -52.188606 -57.980265 -54.662063 -58.594093 -62.016460 -54.989630 -46.447981 -43.987091 -38.801216 -40.727642 -38.374409 -41.271059 -50.168571 -47.848904 -54.043510 -59.955647 -63.949145 -64.797277 -59.326774 -46.237009 -43.076781 -45.493082 -45.144132 -50.366039 -50.165327 -52.692276 
-79.233794 -81.125125 -78.513951 -76.514643 -75.523599 -82.501387 -80.485761 -78.940519 -78.446274 -81.195521 -79.788800 -79.025969 -82.147154 -81.650055 -82.086035 -86.192957 -88.663583 -86.381789 -82.965021 -82.400065 -78.338235 -78.592774 -78.544504 -79.892428 -81.372491 -82.895918 -87.376301 -87.532995 -86.886647 -83.784875 -83.146867 -82.827606 -84.333557 -87.088124 -91.150712 -88.830035 -89.660079 -91.300302 -92.112924 -95.478757 
-77.203891 -80.550570 -79.237235 -86.435989 -82.839247 -89.742283 -86.568290 -86.586140 -82.102149 -80.485261 -80.141958 -80.828563 -83.190899 -88.445551 -87.933239 -83.150908 -80.709025 -80.695068 -83.440431 -87.895899 -83.374549 -80.904301 -83.083696 -89.068892 -83.229742 -81.986889 -88.785441 -84.973136 -83.394473 -89.678289 -83.925375 -88.684852 -86.080417 -88.826851 -87.302392 -89.981271 -88.943137 -91.549308 -92.057022 -92.933754 
-69.110996 -69.688160 -69.879189 -70.768818 -71.546467 -73.208799 -75.039230 -78.185201 -83.873567 -90.665355 -87.238923 -81.118715 -78.547517 -77.422532 -76.985063 -76.617625 -75.816641 -74.679370 -73.983880 -74.388250 -76.478645 -81.150810 -83.492700 -79.705230 -78.592191 -81.717892 -89.885059 -88.734310 -86.763101 -85.612456 -86.149017 -90.946364 -86.312860 -88.971022 -84.593956 -84.024754 -94.360357 -97.903600 -98.072917 -97.453244 
-85.234822 -85.463712 -85.850380 -86.518968 -87.464525 -88.872148 -90.755386 -93.512973 -97.905409 -102.408222 -100.162175 -96.079633 -93.660210 -92.347875 -91.663867 -91.170284 -90.519357 -89.815172 -89.532976 -90.267452 -92.851911 -99.315441 -103.415692 -96.589394 -95.096681 -98.422921 -108.857460 -106.705970 -105.047430 -103.195149 -102.231582 -104.818769 -102.142183 -106.856489 -101.308035 -100.247046 -110.725008 -115.416049 -114.303744 -113.371725 
NaN NaN NaN NaN NaN NaN NaN NaN NaN NaN NaN NaN NaN NaN NaN NaN NaN NaN NaN NaN NaN NaN NaN NaN NaN NaN NaN NaN NaN NaN NaN NaN NaN NaN NaN NaN NaN NaN NaN NaN 
NaN NaN NaN NaN NaN NaN NaN NaN NaN NaN NaN NaN NaN NaN NaN NaN NaN NaN NaN NaN NaN NaN NaN NaN NaN NaN NaN NaN NaN NaN NaN NaN NaN NaN NaN NaN NaN NaN NaN NaN 
-100.603704 -100.607394 -100.613541 -100.623934 -100.638050 -100.657918 -100.682299 -100.713738 -100.755788 -100.806264 -100.868106 -100.945288 -101.036320 -101.147048 -101.279877 -101.435048 -101.621355 -101.838731 -102.094468 -102.392897 -102.744852 -103.163345 -103.653559 -104.242981 -104.953504 -105.809128 -106.847908 -108.116310 -109.711840 -111.790794 -114.671572 -119.090465 -127.521991 -128.451049 -120.241393 -116.338503 -114.172779 -113.027999 -113.132111 -115.844616 
-72.819305 -73.654487 -75.165583 -78.136429 -83.266475 -85.535623 -79.850857 -75.770221 -73.577767 -73.024798 -74.046644 -77.499534 -85.104526 -82.098223 -76.079435 -74.453064 -76.254217 -83.874704 -84.055195 -77.452341 -77.824190 -85.044407 -84.290408 -80.678141 -84.549422 -86.471724 -86.155946 -86.389051 -90.448900 -88.622104 -89.342103 -90.067956 -90.058156 -92.513513 -93.093157 -96.432823 -92.952992 -92.401268 -91.608061 -93.152921 
-78.639496 -80.627588 -80.879586 -83.201538 -84.930144 -85.542042 -83.896670 -81.903940 -80.287989 -79.706015 -80.533462 -83.113385 -86.870814 -86.132072 -82.369923 -81.240541 -82.887799 -87.575083 -87.787363 -84.203110 -84.974044 -90.283177 -90.328000 -88.189651 -92.232664 -93.397440 -93.365381 -93.428825 -94.341584 -93.182374 -93.129363 -93.100838 -93.343975 -94.809357 -95.489394 -96.645683 -96.862724 -96.720383 -96.762416 -98.350079 
-89.063817 -89.064103 -89.064587 -89.065427 -89.066606 -89.068342 -89.070579 -89.073620 -89.077930 -89.083417 -89.090514 -89.099807 -89.111202 -89.125458 -89.142803 -89.163060 -89.187001 -89.214107 -89.244724 -89.278902 -89.317678 -89.362685 -89.415045 -89.478215 -89.554138 -89.643235 -89.745025 -89.858252 -89.985826 -90.134290 -90.313140 -90.525591 -90.767218 -91.038265 -91.358872 -91.753103 -92.204601 -92.740242 -93.816151 -96.592924 
-472.650642 -472.650642 -472.650642 -472.650642 -472.650642 -472.650642 -472.650642 -472.650642 -472.650642 -472.650642 -472.650642 -472.650642 -472.650642 -472.650642 -472.650642 -472.650642 -472.650642 -472.650642 -472.650642 -472.650642 -472.650642 -472.650642 -472.650642 -472.650642 -472.650642 -472.650642 -472.650642 -472.650642 -472.650642 -472.650642 -472.650642 -472.650642 -472.650642 -472.650642 -472.650642 -472.650642 -472.650642 -472.650642 -472.650642 -472.650642 
NaN NaN NaN NaN NaN NaN NaN NaN NaN NaN NaN NaN NaN NaN NaN NaN NaN NaN NaN NaN NaN NaN NaN NaN NaN NaN NaN NaN NaN NaN NaN NaN NaN NaN NaN NaN NaN NaN NaN NaN 
NaN NaN NaN NaN NaN NaN NaN NaN NaN NaN NaN NaN NaN NaN NaN NaN NaN NaN NaN NaN NaN NaN NaN NaN NaN NaN NaN NaN NaN NaN NaN NaN NaN NaN NaN NaN NaN NaN NaN NaN 
NaN NaN NaN NaN NaN NaN NaN NaN NaN NaN NaN NaN NaN NaN NaN NaN NaN NaN NaN NaN NaN NaN NaN NaN NaN NaN NaN NaN NaN NaN NaN NaN NaN NaN NaN NaN NaN NaN NaN NaN 
