NaN NaN NaN NaN NaN NaN NaN NaN NaN NaN NaN NaN NaN NaN NaN NaN NaN NaN NaN NaN NaN NaN NaN NaN NaN NaN NaN NaN NaN NaN NaN NaN NaN NaN NaN NaN NaN NaN NaN NaN 
NaN NaN NaN NaN NaN NaN NaN NaN NaN NaN NaN NaN NaN NaN NaN NaN NaN NaN NaN NaN NaN NaN NaN NaN NaN NaN NaN NaN NaN NaN NaN NaN NaN NaN NaN NaN NaN NaN NaN NaN 
NaN NaN NaN NaN NaN NaN NaN NaN NaN NaN NaN NaN NaN NaN NaN NaN NaN NaN NaN NaN NaN NaN NaN NaN NaN NaN NaN NaN NaN NaN NaN NaN NaN NaN NaN NaN NaN NaN NaN NaN 
NaN NaN NaN NaN NaN NaN NaN NaN NaN NaN NaN NaN NaN NaN NaN NaN NaN NaN NaN NaN NaN NaN NaN NaN NaN NaN NaN NaN NaN NaN NaN NaN NaN NaN NaN NaN NaN NaN NaN NaN 
NaN NaN NaN NaN NaN NaN NaN NaN NaN NaN NaN NaN NaN NaN NaN NaN NaN NaN NaN NaN NaN NaN NaN NaN NaN NaN NaN NaN NaN NaN NaN NaN NaN NaN NaN NaN NaN NaN NaN NaN 
NaN NaN NaN NaN NaN NaN NaN NaN NaN NaN NaN NaN NaN NaN NaN NaN NaN NaN NaN NaN NaN NaN NaN NaN NaN NaN NaN NaN NaN NaN NaN NaN NaN NaN NaN NaN NaN NaN NaN NaN 
NaN NaN NaN NaN NaN NaN NaN NaN NaN NaN NaN NaN NaN NaN NaN NaN NaN NaN NaN NaN NaN NaN NaN NaN NaN NaN NaN NaN NaN NaN NaN NaN NaN NaN NaN NaN NaN NaN NaN NaN 
NaN NaN NaN NaN NaN NaN NaN NaN NaN NaN NaN NaN NaN NaN NaN NaN NaN NaN NaN NaN NaN NaN NaN NaN NaN NaN NaN NaN NaN NaN NaN NaN NaN NaN NaN NaN NaN NaN NaN NaN 
NaN NaN NaN NaN NaN NaN NaN NaN NaN NaN NaN NaN NaN NaN NaN NaN NaN NaN NaN NaN NaN NaN NaN NaN NaN NaN NaN NaN NaN NaN NaN NaN NaN NaN NaN NaN NaN NaN NaN NaN 
NaN NaN NaN NaN NaN NaN NaN NaN NaN NaN NaN NaN NaN NaN NaN NaN NaN NaN NaN NaN NaN NaN NaN NaN NaN NaN NaN NaN NaN NaN NaN NaN NaN NaN NaN NaN NaN NaN NaN NaN 
NaN NaN NaN NaN NaN NaN NaN NaN NaN NaN NaN NaN NaN NaN NaN NaN NaN NaN NaN NaN NaN NaN NaN NaN NaN NaN NaN NaN NaN NaN NaN NaN NaN NaN NaN NaN NaN NaN NaN NaN 
-76.329871 -76.398011 -76.511704 -76.704358 -76.967460 -77.340092 -77.802175 -78.406978 -79.233345 -80.256203 -81.565462 -83.310523 -85.585826 -88.814326 -93.937712 -103.649412 -101.536839 -94.709775 -91.975824 -91.053289 -91.421310 -93.056207 -96.154293 -101.220383 -106.849082 -107.688108 -109.768895 -114.869732 -107.278892 -102.895470 -102.371687 -104.881659 -110.886795 -110.561268 -105.929839 -108.422543 -110.071045 -104.238670 -107.223764 -106.271639 
-12.314609 -14.987391 -9.119619 -2.295720 -1.352773 -5.025485 -7.396867 -2.965240 -2.887723 -2.691953 0.397628 -0.715222 -1.054117 0.568746 -5.383223 -4.963657 -4.501908 -4.749029 -16.525043 -17.434346 -24.669948 -30.148141 -31.705534 -36.570010 -39.681939 -39.049248 -27.508079 -22.705230 -25.665080 -28.834796 -26.194301 -26.442274 -30.622610 -36.867105 -34.709741 -37.619348 -46.559095 -48.429460 -46.778581 -45.978948 
-4.567671 -4.896993 0.618968 9.627738 10.840983 1.057193 3.542498 7.777126 5.897732 7.500692 14.552252 12.031095 14.272606 12.777019 6.974109 5.698682 7.316591 8.501112 -4.290204 -11.967483 -19.077291 -22.671695 -22.450631 -27.327822 -32.675692 -30.871103 -20.196469 -10.233616 -14.113532 -16.298048 -15.263072 -13.441651 -18.043179 -25.957797 -26.420947 -28.084391 -39.176758 -39.840384 -38.074178 -33.811519 
-1.666236 -3.467328 -1.705544 4.949841 7.933466 1.427884 -9.980818 -2.627844 -0.703083 -5.216210 7.391108 7.204210 3.744756 3.842036 -2.221900 -1.761313 1.540087 2.468114 -1.164631 -15.267277 -19.685923 -24.507607 -26.294283 -30.800925 -31.209350 -29.796291 -23.594793 -17.279644 -19.260291 -22.412279 -21.140614 -16.897510 -20.764840 -25.025697 -23.906135 -30.720389 -39.028044 -40.853011 -36.020758 -30.664059 
-4.650857 -7.778630 -8.312314 7.995299 12.868467 4.658495 -9.671700 5.544593 2.998224 4.887185 11.902364 7.181436 7.083394 9.254050 2.836722 -0.245238 -1.143752 -4.304170 -1.588610 -9.346554 -19.131103 -21.047723 -19.884492 -22.507939 -26.423003 -26.217984 -18.153542 -9.205164 -14.102507 -19.658393 -20.654901 -14.011946 -13.155025 -19.421865 -25.446458 -27.630545 -34.530699 -35.144513 -28.263198 -25.046569 
-11.960815 -18.473683 -10.419236 13.126271 17.979251 5.004627 -2.187531 12.583064 11.803648 0.332432 18.967962 17.663096 9.319646 17.399370 8.523098 8.962071 5.711322 6.954899 0.622363 -1.415051 -6.735246 -9.124408 -12.047585 -17.163090 -21.096763 -23.695039 -16.080864 -10.518036 -14.257650 -17.668834 -19.532334 -13.575433 -15.471031 -22.762692 -22.186548 -25.608429 -33.362601 -33.304959 -24.550226 -20.237134 
-16.706640 -14.136424 -11.735442 13.065599 20.081517 7.455016 -13.173851 11.426019 15.170126 -1.688261 16.188044 20.401372 2.725499 17.737321 10.842339 6.446297 6.000013 3.934451 2.041676 -2.919687 -10.255000 -11.075050 -13.436814 -18.150044 -21.435111 -21.008486 -16.175441 -11.212288 -13.850779 -18.039978 -17.543956 -10.194472 -13.779196 -19.304666 -21.899123 -25.559086 -33.290237 -33.392138 -25.782430 -23.144458 
-11.377944 -19.278169 -17.032727 12.425715 20.969082 10.123110 -7.074485 9.524036 16.883763 -0.781590 12.021593 20.717262 4.930811 13.953705 10.870240 2.408617 5.565712 3.283292 5.270838 -5.076125 -8.214135 -12.561030 -13.994856 -16.756960 -18.933669 -19.033030 -13.786714 -7.422469 -10.319273 -17.848772 -15.832451 -11.509520 -14.516650 -20.273469 -22.131297 -21.844261 -30.441456 -33.564329 -27.351934 -19.133850 
-15.554078 -11.584551 -13.853285 10.651992 20.926006 11.091895 -9.849635 6.046517 16.811634 2.929332 3.642843 17.222878 4.594610 7.657919 11.200749 -2.268904 5.997901 -1.455243 4.848956 -5.946183 -6.957950 -13.230936 -14.390809 -16.065166 -16.328652 -17.710963 -14.567966 -8.521211 -12.084623 -19.537769 -15.596892 -9.683244 -11.357464 -17.592698 -18.406310 -19.853309 -26.768646 -30.427517 -22.649483 -18.180506 
-23.891708 -21.508541 -15.681253 8.881386 20.827363 12.871324 -9.708763 4.916850 18.370857 5.599043 4.737016 21.185275 11.123295 5.921946 12.938237 -1.500708 6.514119 -0.166250 7.020706 -5.174775 -5.287367 -12.633330 -15.274336 -15.950193 -19.180045 -17.958728 -13.684381 -6.666219 -10.430730 -18.603241 -14.764459 -11.349930 -10.122479 -18.051796 -15.379120 -17.722412 -29.658304 -33.455765 -25.409796 -19.139989 
-20.335322 -14.897855 -19.025310 7.210814 20.071486 12.843245 -11.375874 2.103087 18.078588 6.414420 -0.592317 21.187150 13.603069 5.117767 14.213560 -1.410921 3.477186 -1.888015 6.668377 -3.099766 -5.631892 -14.520842 -13.691023 -13.841877 -17.549766 -16.695719 -11.836049 -6.089530 -8.616168 -20.432391 -14.365808 -10.037502 -12.961706 -16.840733 -15.401557 -16.970287 -27.394200 -32.460551 -28.680967 -21.025663 
-13.808558 -15.468948 -21.804441 4.539150 18.541385 11.539431 -9.392980 -0.285554 15.741576 6.286579 -0.515391 19.101979 14.068797 1.810563 11.279929 -4.679839 0.859879 -4.947974 -1.256518 -4.392617 -8.935741 -16.287014 -12.524395 -14.780555 -18.992158 -21.924055 -17.831618 -11.386980 -11.658767 -16.474525 -17.552112 -10.942898 -11.533111 -17.667895 -16.596922 -16.166041 -27.359766 -30.438533 -24.352366 -18.650849 
-17.008958 -24.007514 -21.833010 6.346721 17.362830 8.762554 -12.584058 1.754335 14.142845 3.562751 1.255785 17.748102 10.227627 4.458391 10.330240 -5.040074 -2.097847 -10.787995 -3.824304 -6.013786 -7.285323 -16.077246 -15.792919 -18.728147 -22.566054 -22.382101 -20.559955 -10.844536 -16.869441 -22.235828 -16.324377 -13.756804 -13.223326 -19.371039 -14.669833 -15.086805 -27.285436 -32.286282 -26.823139 -20.880807 
-13.300939 -12.631116 -14.741544 7.821542 15.409850 4.644073 -13.027161 3.718702 9.636494 -3.872726 3.694354 13.238542 0.880978 8.077492 5.656608 -6.477484 -4.184873 -4.247494 -2.201253 -6.228696 -11.307848 -16.422436 -17.030667 -18.183967 -18.506776 -18.742811 -11.167394 -12.575187 -16.550265 -19.616660 -16.241936 -13.718491 -11.661364 -18.649130 -17.043622 -19.635263 -29.905083 -36.194411 -25.707383 -19.562508 
-9.457042 -8.617560 -6.498468 8.147573 10.548645 -0.035655 -8.048247 -1.447247 4.034482 -3.718743 3.051324 6.979881 3.670387 6.080043 1.462537 -6.399951 -11.112518 -13.824452 -12.410897 -9.237972 -12.642441 -19.381698 -20.926612 -18.778059 -22.023564 -21.088247 -14.004031 -16.699285 -18.698043 -24.764340 -23.267343 -15.943866 -14.107054 -23.523602 -22.234868 -22.609677 -32.178062 -37.463905 -35.356372 -30.602836 
-13.092197 -6.438526 -6.528915 3.399051 2.279876 -3.415923 -8.282708 -8.082364 -0.586329 -4.768806 3.275537 10.195729 5.954348 0.389347 -6.504484 -11.378769 -11.035996 -14.836865 -16.488026 -17.097655 -15.175143 -19.534600 -21.714339 -30.828866 -31.395702 -27.437955 -22.211532 -25.498223 -27.917296 -31.093583 -29.499946 -25.292430 -23.075491 -29.878881 -30.537317 -32.035030 -38.546075 -42.052178 -40.049767 -34.875464 
-22.450823 -13.759916 -13.030661 -3.728224 3.228646 -6.060960 -10.341424 -5.408614 -1.468566 -5.017979 5.180211 6.874101 -4.807480 -2.954747 -6.551083 -11.089138 -10.998203 -11.009595 -11.224595 -19.572125 -24.065753 -27.255281 -29.248148 -32.566137 -30.672724 -30.163229 -20.603474 -23.115285 -25.764128 -30.559515 -31.853913 -25.887971 -28.145599 -30.853381 -29.996288 -30.095491 -38.183896 -39.348766 -38.894373 -37.374974 
-7.572468 -7.790447 -10.683532 -8.382504 0.520732 -2.987350 -3.615944 -3.608897 -4.929635 -7.388916 8.007424 8.047235 -0.533419 -3.557155 -4.878252 -6.152579 -8.013200 -4.559494 -7.545212 -18.849939 -27.700608 -26.494185 -26.828129 -31.493521 -31.423935 -31.075324 -23.922806 -23.687060 -30.671427 -31.117075 -33.158213 -26.080934 -27.751947 -36.700878 -31.325593 -32.955413 -42.065774 -45.535557 -43.346104 -42.321873 
-14.933196 -10.942015 -8.080986 -4.932981 -4.725925 -9.144224 -5.827448 -9.840151 -11.932220 -7.549346 -2.054810 -3.241590 -9.488708 -12.719779 -13.501984 -11.113449 -10.581846 -4.274364 -7.596102 -18.967969 -28.947134 -30.340726 -30.310235 -36.346691 -37.639236 -29.844476 -24.653353 -29.532437 -36.358501 -39.116878 -37.333699 -34.350600 -37.824162 -38.680520 -34.511394 -34.766989 -42.903004 -46.643708 -46.544728 -45.866207 
-13.880377 -14.705105 -17.942051 -17.151126 -13.586502 -14.108865 -17.573117 -14.150413 -13.953633 -13.218680 -12.170723 -11.369884 -19.122155 -22.928600 -22.443395 -28.145910 -20.052948 -22.135979 -26.079238 -31.554586 -39.132861 -43.385422 -45.052172 -44.944229 -41.577348 -34.078187 -28.706048 -38.872794 -46.268172 -46.407627 -46.094116 -43.628281 -47.455701 -46.960546 -45.294937 -48.160198 -54.259697 -54.569073 -52.328719 -53.839295 
-16.409764 -19.422168 -22.397310 -18.235957 -20.665395 -25.724089 -23.667677 -22.236454 -22.344154 -21.356396 -14.225599 -16.616077 -23.924823 -27.859183 -33.002086 -32.432634 -27.210175 -28.200641 -27.181134 -36.829037 -48.837192 -53.478829 -52.035455 -49.962561 -47.444935 -39.802740 -38.024037 -50.369828 -52.218167 -52.508564 -48.014142 -48.727992 -54.367094 -52.606272 -51.653056 -52.458115 -61.143827 -61.232607 -60.843474 -62.486903 
-22.900863 -22.830650 -31.182593 -34.799578 -28.735512 -31.333054 -34.214235 -38.131621 -26.974603 -27.984762 -28.073787 -26.489176 -30.927567 -36.198826 -42.281723 -40.838246 -39.019445 -35.430441 -35.384039 -44.654926 -54.858733 -55.015387 -52.960016 -53.862360 -55.103556 -49.210082 -47.815355 -55.661984 -56.344662 -58.111116 -55.824681 -58.300834 -58.423389 -56.403841 -56.237950 -59.784093 -61.675490 -61.685612 -61.578374 -62.567056 
-15.023220 -10.678440 -10.980028 -7.362507 -5.201703 -5.157341 -5.511856 -6.679534 -9.051849 -3.205797 1.258699 2.789167 -1.778433 -8.808798 -8.207653 -7.709351 -6.404699 -10.969950 -10.787268 -21.140052 -27.918525 -30.744832 -37.420891 -36.550802 -39.210605 -33.974781 -31.332925 -33.471752 -39.730318 -42.507838 -38.283056 -33.219258 -40.927345 -35.807735 -32.004351 -35.297717 -51.923153 -53.863543 -48.088498 -47.932523 
-12.934697 -8.543553 -0.735091 6.361975 2.467153 -2.529620 5.469938 2.479178 -0.150498 10.809292 11.655836 14.750506 8.939435 3.643982 1.789899 2.181353 4.821468 5.075279 -0.912866 -10.978085 -16.879395 -19.339422 -21.834529 -22.686281 -24.955200 -20.182532 -12.744573 -13.044981 -16.886043 -18.291132 -18.882648 -19.361100 -27.384461 -26.547527 -23.547541 -29.307272 -44.310675 -46.865986 -37.375821 -34.967434 
-6.322379 -8.204609 0.256196 9.422804 2.436413 -1.667433 6.644477 4.484183 3.754443 10.326896 10.946619 13.440900 9.683285 6.841715 5.481416 3.019526 3.896879 3.982906 -1.140652 -8.058531 -13.984904 -19.441867 -20.190121 -22.641943 -21.925967 -17.294275 -11.054900 -12.299575 -20.698777 -21.060949 -17.115910 -15.256113 -17.041441 -24.870923 -27.875933 -33.503392 -42.456950 -41.357822 -33.501646 -28.740089 
-13.933507 -15.157829 -1.273660 14.348955 12.529901 -1.621233 7.306260 13.580751 2.194411 14.202497 17.499239 9.374901 18.257648 8.288389 8.861083 4.673246 8.003806 4.316723 1.816240 -5.936739 -9.713889 -13.771905 -15.762323 -17.022173 -17.387021 -16.945536 -8.345695 -10.276380 -16.792017 -22.932246 -16.208348 -13.835425 -19.277131 -23.059087 -22.251002 -26.313544 -32.385870 -31.776747 -25.387210 -21.964752 
-11.387626 -21.410192 -4.048461 16.345560 15.753536 -3.323390 6.208981 16.390796 1.178121 12.918376 21.667443 7.816579 17.351126 10.535447 10.267396 5.602747 8.738941 5.053873 3.900803 -6.645647 -8.781975 -12.591161 -13.230779 -14.261524 -17.731783 -15.588475 -9.041150 -8.162083 -13.349195 -20.220579 -15.525283 -16.645026 -17.662030 -22.731045 -17.245563 -22.060842 -37.035788 -33.444138 -21.608129 -17.065959 
-17.139725 -19.986926 -2.360613 17.840286 17.068454 -3.821138 6.669572 17.661388 3.166613 13.935716 22.569252 4.037053 16.318151 9.261938 7.207360 4.190378 9.325430 3.423436 1.434425 -8.019049 -9.515615 -13.278055 -15.783502 -19.075313 -20.613529 -20.360029 -10.834201 -9.839952 -14.007365 -21.196567 -16.564108 -13.094473 -18.593153 -22.923703 -15.095310 -22.566065 -31.948754 -30.157521 -20.374306 -18.697246 
-22.405930 -19.508870 -4.198019 18.511951 18.384322 -1.963572 5.838035 18.142992 6.035026 12.541979 23.569411 6.506883 14.567304 10.087073 6.820540 6.211573 9.218446 4.426431 -1.827964 -6.223158 -7.814684 -12.695065 -15.770876 -19.784787 -22.484491 -19.062676 -11.069416 -11.540149 -17.968165 -20.975528 -15.206643 -10.574330 -17.496287 -23.555119 -19.271105 -23.716293 -34.911777 -30.630505 -24.657005 -18.984730 
-15.550153 -18.610154 -4.971467 18.556997 19.770987 0.324249 3.292682 19.136904 9.857837 8.964740 24.369582 10.438022 12.964746 13.273902 3.905648 8.141182 6.318589 6.052502 -2.611692 -8.186976 -6.937440 -12.505073 -14.430561 -17.306934 -22.616077 -20.007868 -15.247326 -13.168983 -17.591913 -20.072427 -18.986431 -14.277717 -20.896838 -23.649095 -20.389077 -23.681848 -36.312680 -33.668954 -22.878418 -17.657956 
-19.235869 -16.309516 -7.055020 18.501153 19.894532 1.109837 2.876599 19.413309 10.302203 6.263501 24.293420 11.418727 10.929875 12.458251 2.730005 8.216329 2.199833 4.433094 -4.541373 -8.752457 -6.275573 -15.047281 -16.963863 -18.721997 -20.590539 -22.034681 -14.917652 -12.393408 -15.836591 -20.184117 -18.772846 -10.418353 -18.401837 -21.862233 -18.739727 -20.674476 -36.937372 -30.900737 -20.397368 -18.888432 
-20.715587 -23.947390 -8.625972 18.632712 20.034167 0.701306 3.454517 19.278455 10.067927 6.291836 24.140703 10.551776 9.362053 10.854371 3.085100 9.526824 2.265335 4.509988 -6.057949 -9.915037 -7.443012 -14.915145 -15.721731 -16.709627 -18.827212 -21.396217 -15.050423 -10.662351 -20.143022 -24.397317 -21.471480 -14.137647 -18.633927 -22.772035 -20.287987 -24.820755 -33.281038 -32.399620 -21.332437 -16.142461 
-13.949103 -22.896536 -5.671672 19.113924 19.854274 -0.111027 4.739024 19.242311 8.766242 8.297447 23.986538 9.563926 11.462019 11.100114 4.931537 8.943458 2.558474 2.584226 -5.857405 -9.969510 -7.829933 -16.149573 -17.530349 -18.945008 -20.830496 -21.092374 -14.628512 -11.436176 -23.283141 -29.589693 -20.315790 -14.543025 -19.208586 -21.266299 -18.570328 -25.082846 -42.530550 -35.896457 -21.071131 -18.652410 
-8.862971 -16.476167 -2.173117 19.627326 19.310307 -1.325362 7.005625 19.175340 5.561113 12.450616 23.600453 6.958982 13.628615 8.783418 8.084146 7.183191 4.934209 -0.163257 -6.326990 -10.661449 -10.265215 -15.576380 -15.873392 -18.251248 -21.487469 -20.727969 -13.430797 -12.434406 -21.942955 -25.130160 -18.742925 -14.991851 -19.290473 -20.439586 -19.013780 -27.513254 -40.032848 -35.157692 -24.090804 -19.922482 
-20.325329 -17.802850 0.186518 19.795694 18.179611 -5.187887 9.140365 18.693803 1.910650 15.506039 22.600804 3.101925 14.455631 6.860321 12.359445 6.608323 5.982034 -2.381288 -6.379601 -10.344394 -13.199304 -15.903278 -16.508623 -20.557379 -22.930483 -21.674279 -14.612802 -13.957841 -18.798973 -22.000211 -16.908720 -14.258724 -21.793218 -23.233496 -18.888629 -30.285414 -39.551633 -37.022636 -26.206611 -21.182873 
-17.170574 -17.735727 3.854109 20.016324 16.662224 -7.422589 12.332813 17.930976 -1.118590 18.534120 20.005075 3.215297 14.222843 5.430924 14.197831 3.933973 4.948125 -5.939911 -7.892387 -10.628169 -14.429834 -15.676503 -17.164038 -20.170924 -22.457214 -22.557447 -15.669789 -14.448526 -17.358924 -19.674020 -16.195459 -16.414785 -21.383439 -24.795023 -21.264933 -29.199243 -33.945134 -32.782290 -22.663790 -19.709289 
-23.960722 -18.573800 7.242422 20.169167 14.596867 -5.213987 15.292946 16.849827 -0.396024 20.607133 16.277049 6.620072 12.246360 7.401386 14.212799 3.008073 2.802862 -9.915287 -12.041904 -12.198811 -14.580699 -16.866176 -18.912807 -20.862922 -23.588149 -21.187988 -13.930340 -14.606607 -20.872113 -20.631634 -14.681340 -17.151997 -26.011399 -24.875009 -22.517537 -30.357688 -37.496703 -35.309201 -24.902391 -23.278575 
-19.662995 -20.508652 10.050508 20.564664 12.310929 -0.111367 17.593179 15.310797 6.568698 21.274105 11.095619 10.881064 7.604985 11.471483 11.871049 5.612130 -1.102838 -12.552460 -14.407068 -16.536160 -16.394763 -18.211754 -20.283490 -22.466796 -24.468016 -22.439179 -12.812697 -13.374932 -20.127934 -21.600719 -20.115950 -21.412566 -29.548561 -27.329310 -23.540288 -32.891611 -43.975775 -37.172709 -25.038115 -21.328548 
-13.260111 -10.957604 13.279084 21.335836 11.016132 5.142451 17.849502 9.746227 11.692072 18.632333 4.160404 12.855505 5.893013 12.064986 5.110054 6.278481 -6.816864 -14.742313 -14.626177 -17.123823 -17.573429 -18.256443 -20.429330 -24.996038 -30.145278 -26.306871 -18.399542 -18.588858 -21.719801 -22.609901 -17.769303 -18.789801 -26.951785 -29.441150 -27.542123 -34.654145 -43.688142 -37.752238 -26.126309 -23.234512 
-13.007749 -5.888436 15.852559 21.483036 8.983422 9.671583 17.488486 5.368963 16.017797 14.128972 6.024347 10.614428 5.503755 10.456193 7.540356 5.193262 -7.826624 -14.361337 -14.745628 -16.247510 -16.787106 -18.997111 -21.746607 -26.737354 -28.133890 -25.390276 -18.462255 -21.404997 -23.867414 -22.614661 -17.672520 -18.975537 -24.801679 -28.958839 -23.050928 -32.036662 -35.601665 -30.999475 -23.608333 -25.082439 
-20.511406 -2.292138 17.525183 20.639668 6.252010 13.542370 16.576846 5.043296 19.165791 12.069133 11.085482 8.581260 9.502483 7.046367 11.211726 2.478997 -5.914846 -12.840694 -16.818171 -16.780968 -17.289454 -20.044804 -22.352106 -29.487217 -30.788321 -25.273029 -18.256496 -22.709401 -27.741288 -28.376408 -20.753405 -22.329618 -27.238039 -30.241503 -27.734475 -39.248169 -47.921138 -37.915521 -26.479672 -23.541513 
-12.253378 2.055872 18.138680 18.559364 3.706498 15.516399 13.801167 10.524551 20.204707 8.248730 13.555864 6.506830 10.242351 7.751900 10.167188 -0.310828 -7.395306 -13.587054 -17.006075 -17.714130 -19.329932 -21.675233 -25.164500 -30.816802 -31.960675 -28.166096 -21.920811 -22.741362 -26.849627 -26.457296 -21.518490 -25.698125 -31.293729 -29.895852 -28.102438 -38.238782 -45.985040 -38.374107 -26.000806 -25.262453 
-18.525283 4.200921 18.004225 15.552005 5.837180 16.528824 10.741106 15.592513 18.421160 10.158517 12.207935 6.480202 8.198068 12.401114 7.168083 -1.610157 -8.217577 -14.477006 -17.875793 -18.028850 -19.154911 -22.764636 -24.807417 -30.056191 -30.554519 -26.367964 -20.236182 -23.678217 -27.999220 -26.235896 -21.290532 -26.589041 -29.020986 -28.527132 -26.910637 -37.649131 -41.235499 -35.622314 -25.564046 -26.211454 
-15.936219 5.948776 17.496962 13.043715 8.137968 17.228583 8.724540 17.971945 14.852894 12.124877 8.968762 8.373503 5.792497 10.569995 2.630240 -2.625333 -9.441535 -17.189808 -22.555453 -20.680259 -23.558642 -24.812637 -26.168758 -31.935863 -32.655973 -27.935060 -20.194199 -23.447644 -29.399217 -27.089547 -22.102172 -29.185027 -33.622195 -30.191517 -29.799451 -43.365082 -46.518403 -42.783940 -32.827260 -26.865247 
-11.595056 6.909647 16.858317 10.915431 11.002021 17.103310 8.413786 17.952613 9.882467 12.019195 5.298628 7.330919 7.167469 8.153127 3.081400 -5.527345 -11.733231 -18.330320 -21.576451 -20.246891 -21.802292 -23.184819 -23.706198 -27.095622 -28.580682 -25.789339 -21.687399 -26.197037 -29.245193 -25.408968 -22.573816 -28.814791 -31.318414 -29.165474 -30.115661 -34.169854 -34.780855 -34.558147 -30.901419 -25.084293 
-14.225482 8.117789 15.767792 8.223149 13.984438 15.061205 8.956026 16.068385 9.277899 9.056124 5.088855 4.682742 8.645213 6.010024 0.951380 -8.707683 -14.921329 -21.652182 -24.681429 -23.445637 -25.174913 -26.318574 -29.785647 -36.790001 -39.672357 -34.018406 -25.013026 -27.991981 -32.279701 -27.154351 -25.631020 -31.216278 -35.318302 -33.433876 -31.901348 -45.448044 -50.522844 -42.218536 -34.618367 -29.504948 
-7.847580 8.891665 15.022177 7.986480 14.680333 12.547049 10.921573 11.911123 10.067604 6.073421 6.165978 3.989659 5.082959 3.894838 -3.415593 -10.902284 -18.208085 -24.438215 -26.762850 -26.873502 -29.220283 -30.893141 -32.099856 -36.812687 -40.049173 -33.310445 -26.130589 -27.992921 -30.911135 -28.929630 -26.942387 -32.556440 -37.475699 -33.323326 -33.533363 -46.799312 -53.606104 -45.216623 -33.251974 -29.932154 
-8.382295 8.091628 13.465726 7.049893 13.658872 8.708210 10.662499 7.315641 11.543949 5.010891 4.106457 1.730020 3.248312 2.633580 -10.066415 -16.572884 -22.580210 -28.107232 -32.183023 -29.710959 -30.507169 -31.760130 -31.675550 -37.885850 -44.343116 -40.102718 -28.253008 -32.011862 -34.157269 -35.655151 -34.959642 -37.196111 -39.700600 -32.979517 -36.932221 -49.590477 -57.355220 -46.312916 -35.685894 -31.263237 
-10.776677 3.784111 13.644293 9.959552 8.864490 10.972891 4.741826 7.960416 11.189315 0.512429 2.699385 -1.446103 -1.822469 -2.049630 -11.384643 -21.652957 -24.564824 -28.768348 -28.483747 -30.517873 -29.944967 -30.487964 -30.590656 -32.585283 -33.824174 -33.089864 -29.544915 -34.034905 -35.802525 -34.525548 -33.364647 -35.455846 -37.133987 -34.505825 -35.803928 -39.427241 -39.884863 -39.216049 -36.246160 -34.410189 
-6.852097 8.563025 12.303151 9.180529 14.741186 9.254227 9.494612 8.888040 11.285035 1.378798 0.880561 2.570865 2.181857 -3.134724 -13.107730 -18.052988 -25.038467 -31.387930 -36.474980 -35.306812 -35.166184 -34.807357 -34.959301 -40.711486 -42.794308 -39.061906 -31.691057 -36.123164 -39.505471 -35.187268 -28.378643 -34.501720 -38.787101 -35.562397 -38.072419 -47.591913 -48.805040 -46.302259 -37.603296 -34.956749 
-3.852167 8.831150 9.059149 9.062362 13.708477 8.375645 9.662032 9.979871 12.034573 4.056508 1.936216 4.411276 6.413922 -2.516714 -13.055221 -19.864366 -27.370994 -34.267654 -36.181495 -34.378295 -32.831563 -35.068720 -35.582774 -45.737307 -48.133878 -37.760122 -32.066080 -33.319254 -35.989364 -32.976794 -32.315179 -33.248742 -35.358492 -29.661874 -34.160873 -51.876210 -55.920814 -48.475284 -37.502000 -34.193467 
-3.989316 8.784718 8.876069 9.845585 13.204786 7.475968 8.874050 10.359952 8.283487 -1.757606 0.537146 2.855826 3.228532 -6.947624 -18.021945 -24.945391 -30.343935 -34.726477 -36.811882 -37.472668 -38.202121 -37.179847 -40.799889 -45.871184 -46.873789 -41.878643 -35.345981 -37.974649 -43.136446 -39.892482 -36.519492 -42.433015 -46.506001 -35.570424 -38.729413 -51.341547 -55.317840 -48.251928 -39.835409 -35.385727 
-4.149049 8.893439 9.846762 9.927809 11.882449 5.401535 3.865003 8.821809 3.601324 -11.575443 -2.350599 -2.044045 -1.812127 -6.682477 -17.127704 -24.110336 -33.710750 -39.554321 -42.508932 -43.186824 -48.434348 -45.492166 -45.704899 -48.728694 -51.636776 -46.893159 -41.715537 -45.503696 -46.677836 -41.818348 -38.776618 -43.215247 -48.317636 -36.019493 -38.311753 -50.824882 -53.658545 -53.227419 -43.665815 -39.314152 
-4.438647 8.739481 8.655252 8.777096 10.187512 0.747004 -2.170931 3.296837 -3.119848 -19.944106 -6.505164 -5.826874 -4.057148 -11.507409 -26.116691 -32.442986 -37.916925 -41.967824 -45.937445 -48.017409 -50.810274 -48.194089 -48.484162 -53.563179 -55.937363 -49.109738 -42.372168 -47.626603 -47.817060 -47.590722 -41.575636 -44.835995 -44.634500 -39.439149 -41.518407 -53.049150 -57.794213 -54.117891 -44.156169 -43.683606 
-6.785408 7.849487 7.060171 6.029668 7.330788 -5.559941 -7.791849 -2.733787 -10.895919 -22.165439 -15.059584 -11.181783 -9.099319 -21.583533 -31.906241 -31.842878 -39.620207 -42.113626 -42.788323 -42.677915 -44.239654 -46.933274 -46.886186 -47.224985 -48.152067 -46.917803 -44.105552 -48.780800 -48.053142 -46.381807 -43.284676 -47.232332 -48.552927 -46.656335 -46.138621 -50.971810 -54.173901 -52.379088 -46.446012 -44.921030 
-8.285173 7.451930 7.662725 4.421769 5.426176 -4.287928 -11.355394 -6.079090 -10.716108 -21.484577 -16.857110 -10.102520 -12.622693 -16.374505 -27.626574 -29.688101 -40.827969 -43.203806 -47.289809 -46.249601 -50.593683 -50.879737 -48.873166 -52.070036 -54.141904 -50.006394 -47.487506 -51.569129 -53.194238 -53.062312 -44.533918 -47.365349 -51.108534 -51.503421 -51.744572 -55.015851 -57.681309 -54.696667 -48.840721 -48.855458 
-4.053624 7.114828 5.140042 0.533930 -0.195400 -10.859254 -16.225485 -15.872953 -23.336484 -30.415423 -26.195775 -17.226905 -11.474836 -19.953933 -25.625873 -30.564534 -37.599179 -40.902661 -41.861285 -43.474365 -44.423387 -44.223564 -44.885462 -46.413782 -47.265881 -46.494248 -43.688105 -48.547215 -49.222249 -49.298407 -47.614466 -49.420487 -50.883120 -48.128944 -50.090477 -50.440904 -52.618280 -52.362296 -49.592430 -50.383710 
-1.970449 0.170518 -0.618358 -4.173373 -10.546293 -22.657957 -25.128007 -29.687128 -27.272335 -26.140760 -26.689888 -20.926894 -17.235356 -23.027618 -32.555798 -42.708422 -41.402243 -44.240006 -46.915494 -48.245112 -48.439462 -49.532507 -49.487772 -50.797561 -51.490425 -51.386272 -49.327455 -52.584598 -53.939005 -53.772892 -54.638293 -55.655482 -55.906806 -55.685144 -54.995764 -56.157921 -57.439088 -58.149201 -56.788885 -56.825500 
-52.805721 -46.444117 -49.109464 -54.894601 -56.596960 -59.999364 -58.746493 -59.954691 -59.506842 -58.926616 -60.086886 -58.264277 -58.606995 -58.515569 -58.503219 -60.433156 -61.304848 -62.443709 -63.992429 -65.715689 -67.536481 -68.681460 -69.437480 -69.900582 -69.941571 -70.826853 -71.679406 -72.420752 -73.221290 -73.719905 -74.613951 -73.993193 -73.994589 -73.771748 -75.028372 -76.355018 -76.234556 -77.304907 -77.702029 -78.004988 
-74.861017 -75.454938 -76.475138 -78.284693 -80.984998 -85.292214 -91.141858 -94.360560 -93.012660 -95.655768 -97.066806 -88.635926 -84.140003 -82.571272 -83.370936 -86.685925 -92.173837 -94.402389 -95.592027 -98.944615 -100.207201 -103.985385 -109.942829 -108.349807 -103.818681 -108.707725 -102.028400 -101.173489 -103.357700 -97.243515 -98.042350 -100.852618 -112.064015 -106.744187 -103.793901 -103.553450 -101.641132 -107.303384 -109.907323 -111.507709 
NaN NaN NaN NaN NaN NaN NaN NaN NaN NaN NaN NaN NaN NaN NaN NaN NaN NaN NaN NaN NaN NaN NaN NaN NaN NaN NaN NaN NaN NaN NaN NaN NaN NaN NaN NaN NaN NaN NaN NaN 
NaN NaN NaN NaN NaN NaN NaN NaN NaN NaN NaN NaN NaN NaN NaN NaN NaN NaN NaN NaN NaN NaN NaN NaN NaN NaN NaN NaN NaN NaN NaN NaN NaN NaN NaN NaN NaN NaN NaN NaN 
NaN NaN NaN NaN NaN NaN NaN NaN NaN NaN NaN NaN NaN NaN NaN NaN NaN NaN NaN NaN NaN NaN NaN NaN NaN NaN NaN NaN NaN NaN NaN NaN NaN NaN NaN NaN NaN NaN NaN NaN 
NaN NaN NaN NaN NaN NaN NaN NaN NaN NaN NaN NaN NaN NaN NaN NaN NaN NaN NaN NaN NaN NaN NaN NaN NaN NaN NaN NaN NaN NaN NaN NaN NaN NaN NaN NaN NaN NaN NaN NaN 
NaN NaN NaN NaN NaN NaN NaN NaN NaN NaN NaN NaN NaN NaN NaN NaN NaN NaN NaN NaN NaN NaN NaN NaN NaN NaN NaN NaN NaN NaN NaN NaN NaN NaN NaN NaN NaN NaN NaN NaN 
NaN NaN NaN NaN NaN NaN NaN NaN NaN NaN NaN NaN NaN NaN NaN NaN NaN NaN NaN NaN NaN NaN NaN NaN NaN NaN NaN NaN NaN NaN NaN NaN NaN NaN NaN NaN NaN NaN NaN NaN 
NaN NaN NaN NaN NaN NaN NaN NaN NaN NaN NaN NaN NaN NaN NaN NaN NaN NaN NaN NaN NaN NaN NaN NaN NaN NaN NaN NaN NaN NaN NaN NaN NaN NaN NaN NaN NaN NaN NaN NaN 
NaN NaN NaN NaN NaN NaN NaN NaN NaN NaN NaN NaN NaN NaN NaN NaN NaN NaN NaN NaN NaN NaN NaN NaN NaN NaN NaN NaN NaN NaN NaN NaN NaN NaN NaN NaN NaN NaN NaN NaN 
NaN NaN NaN NaN NaN NaN NaN NaN NaN NaN NaN NaN NaN NaN NaN NaN NaN NaN NaN NaN NaN NaN NaN NaN NaN NaN NaN NaN NaN NaN NaN NaN NaN NaN NaN NaN NaN NaN NaN NaN 
NaN NaN NaN NaN NaN NaN NaN NaN NaN NaN NaN NaN NaN NaN NaN NaN NaN NaN NaN NaN NaN NaN NaN NaN NaN NaN NaN NaN NaN NaN NaN NaN NaN NaN NaN NaN NaN NaN NaN NaN 
NaN NaN NaN NaN NaN NaN NaN NaN NaN NaN NaN NaN NaN NaN NaN NaN NaN NaN NaN NaN NaN NaN NaN NaN NaN NaN NaN NaN NaN NaN NaN NaN NaN NaN NaN NaN NaN NaN NaN NaN 
