NaN NaN NaN NaN NaN NaN NaN NaN NaN NaN NaN NaN NaN NaN NaN NaN NaN NaN NaN NaN NaN NaN NaN NaN NaN NaN NaN NaN NaN NaN NaN NaN NaN NaN NaN NaN NaN NaN NaN NaN 
NaN NaN NaN NaN NaN NaN NaN NaN NaN NaN NaN NaN NaN NaN NaN NaN NaN NaN NaN NaN NaN NaN NaN NaN NaN NaN NaN NaN NaN NaN NaN NaN NaN NaN NaN NaN NaN NaN NaN NaN 
NaN NaN NaN NaN NaN NaN NaN NaN NaN NaN NaN NaN NaN NaN NaN NaN NaN NaN NaN NaN NaN NaN NaN NaN NaN NaN NaN NaN NaN NaN NaN NaN NaN NaN NaN NaN NaN NaN NaN NaN 
NaN NaN NaN NaN NaN NaN NaN NaN NaN NaN NaN NaN NaN NaN NaN NaN NaN NaN NaN NaN NaN NaN NaN NaN NaN NaN NaN NaN NaN NaN NaN NaN NaN NaN NaN NaN NaN NaN NaN NaN 
NaN NaN NaN NaN NaN NaN NaN NaN NaN NaN NaN NaN NaN NaN NaN NaN NaN NaN NaN NaN NaN NaN NaN NaN NaN NaN NaN NaN NaN NaN NaN NaN NaN NaN NaN NaN NaN NaN NaN NaN 
NaN NaN NaN NaN NaN NaN NaN NaN NaN NaN NaN NaN NaN NaN NaN NaN NaN NaN NaN NaN NaN NaN NaN NaN NaN NaN NaN NaN NaN NaN NaN NaN NaN NaN NaN NaN NaN NaN NaN NaN 
NaN NaN NaN NaN NaN NaN NaN NaN NaN NaN NaN NaN NaN NaN NaN NaN NaN NaN NaN NaN NaN NaN NaN NaN NaN NaN NaN NaN NaN NaN NaN NaN NaN NaN NaN NaN NaN NaN NaN NaN 
NaN NaN NaN NaN NaN NaN NaN NaN NaN NaN NaN NaN NaN NaN NaN NaN NaN NaN NaN NaN NaN NaN NaN NaN NaN NaN NaN NaN NaN NaN NaN NaN NaN NaN NaN NaN NaN NaN NaN NaN 
NaN NaN NaN NaN NaN NaN NaN NaN NaN NaN NaN NaN NaN NaN NaN NaN NaN NaN NaN NaN NaN NaN NaN NaN NaN NaN NaN NaN NaN NaN NaN NaN NaN NaN NaN NaN NaN NaN NaN NaN 
NaN NaN NaN NaN NaN NaN NaN NaN NaN NaN NaN NaN NaN NaN NaN NaN NaN NaN NaN NaN NaN NaN NaN NaN NaN NaN NaN NaN NaN NaN NaN NaN NaN NaN NaN NaN NaN NaN NaN NaN 
NaN NaN NaN NaN NaN NaN NaN NaN NaN NaN NaN NaN NaN NaN NaN NaN NaN NaN NaN NaN NaN NaN NaN NaN NaN NaN NaN NaN NaN NaN NaN NaN NaN NaN NaN NaN NaN NaN NaN NaN 
NaN NaN NaN NaN NaN NaN NaN NaN NaN NaN NaN NaN NaN NaN NaN NaN NaN NaN NaN NaN NaN NaN NaN NaN NaN NaN NaN NaN NaN NaN NaN NaN NaN NaN NaN NaN NaN NaN NaN NaN 
NaN NaN NaN NaN NaN NaN NaN NaN NaN NaN NaN NaN NaN NaN NaN NaN NaN NaN NaN NaN NaN NaN NaN NaN NaN NaN NaN NaN NaN NaN NaN NaN NaN NaN NaN NaN NaN NaN NaN NaN 
NaN NaN NaN NaN NaN NaN NaN NaN NaN NaN NaN NaN NaN NaN NaN NaN NaN NaN NaN NaN NaN NaN NaN NaN NaN NaN NaN NaN NaN NaN NaN NaN NaN NaN NaN NaN NaN NaN NaN NaN 
NaN NaN NaN NaN NaN NaN NaN NaN NaN NaN NaN NaN NaN NaN NaN NaN NaN NaN NaN NaN NaN NaN NaN NaN NaN NaN NaN NaN NaN NaN NaN NaN NaN NaN NaN NaN NaN NaN NaN NaN 
NaN NaN NaN NaN NaN NaN NaN NaN NaN NaN NaN NaN NaN NaN NaN NaN NaN NaN NaN NaN NaN NaN NaN NaN NaN NaN NaN NaN NaN NaN NaN NaN NaN NaN NaN NaN NaN NaN NaN NaN 
NaN NaN NaN NaN NaN NaN NaN NaN NaN NaN NaN NaN NaN NaN NaN NaN NaN NaN NaN NaN NaN NaN NaN NaN NaN NaN NaN NaN NaN NaN NaN NaN NaN NaN NaN NaN NaN NaN NaN NaN 
NaN NaN NaN NaN NaN NaN NaN NaN NaN NaN NaN NaN NaN NaN NaN NaN NaN NaN NaN NaN NaN NaN NaN NaN NaN NaN NaN NaN NaN NaN NaN NaN NaN NaN NaN NaN NaN NaN NaN NaN 
NaN NaN NaN NaN NaN NaN NaN NaN NaN NaN NaN NaN NaN NaN NaN NaN NaN NaN NaN NaN NaN NaN NaN NaN NaN NaN NaN NaN NaN NaN NaN NaN NaN NaN NaN NaN NaN NaN NaN NaN 
NaN NaN NaN NaN NaN NaN NaN NaN NaN NaN NaN NaN NaN NaN NaN NaN NaN NaN NaN NaN NaN NaN NaN NaN NaN NaN NaN NaN NaN NaN NaN NaN NaN NaN NaN NaN NaN NaN NaN NaN 
NaN NaN NaN NaN NaN NaN NaN NaN NaN NaN NaN NaN NaN NaN NaN NaN NaN NaN NaN NaN NaN NaN NaN NaN NaN NaN NaN NaN NaN NaN NaN NaN NaN NaN NaN NaN NaN NaN NaN NaN 
NaN NaN NaN NaN NaN NaN NaN NaN NaN NaN NaN NaN NaN NaN NaN NaN NaN NaN NaN NaN NaN NaN NaN NaN NaN NaN NaN NaN NaN NaN NaN NaN NaN NaN NaN NaN NaN NaN NaN NaN 
NaN NaN NaN NaN NaN NaN NaN NaN NaN NaN NaN NaN NaN NaN NaN NaN NaN NaN NaN NaN NaN NaN NaN NaN NaN NaN NaN NaN NaN NaN NaN NaN NaN NaN NaN NaN NaN NaN NaN NaN 
NaN NaN NaN NaN NaN NaN NaN NaN NaN NaN NaN NaN NaN NaN NaN NaN NaN NaN NaN NaN NaN NaN NaN NaN NaN NaN NaN NaN NaN NaN NaN NaN NaN NaN NaN NaN NaN NaN NaN NaN 
NaN NaN NaN NaN NaN NaN NaN NaN NaN NaN NaN NaN NaN NaN NaN NaN NaN NaN NaN NaN NaN NaN NaN NaN NaN NaN NaN NaN NaN NaN NaN NaN NaN NaN NaN NaN NaN NaN NaN NaN 
NaN NaN NaN NaN NaN NaN NaN NaN NaN NaN NaN NaN NaN NaN NaN NaN NaN NaN NaN NaN NaN NaN NaN NaN NaN NaN NaN NaN NaN NaN NaN NaN NaN NaN NaN NaN NaN NaN NaN NaN 
NaN NaN NaN NaN NaN NaN NaN NaN NaN NaN NaN NaN NaN NaN NaN NaN NaN NaN NaN NaN NaN NaN NaN NaN NaN NaN NaN NaN NaN NaN NaN NaN NaN NaN NaN NaN NaN NaN NaN NaN 
NaN NaN NaN NaN NaN NaN NaN NaN NaN NaN NaN NaN NaN NaN NaN NaN NaN NaN NaN NaN NaN NaN NaN NaN NaN NaN NaN NaN NaN NaN NaN NaN NaN NaN NaN NaN NaN NaN NaN NaN 
NaN NaN NaN NaN NaN NaN NaN NaN NaN NaN NaN NaN NaN NaN NaN NaN NaN NaN NaN NaN NaN NaN NaN NaN NaN NaN NaN NaN NaN NaN NaN NaN NaN NaN NaN NaN NaN NaN NaN NaN 
NaN NaN NaN NaN NaN NaN NaN NaN NaN NaN NaN NaN NaN NaN NaN NaN NaN NaN NaN NaN NaN NaN NaN NaN NaN NaN NaN NaN NaN NaN NaN NaN NaN NaN NaN NaN NaN NaN NaN NaN 
-24.654252 -24.192851 -26.888156 -35.034296 -34.939055 -35.778485 -36.839860 -34.410510 -35.607013 -30.662226 -26.646275 -27.662494 -33.332579 -37.510915 -43.453100 -43.106089 -41.246993 -43.832390 -44.661746 -48.692484 -50.513952 -53.556437 -56.396230 -56.353237 -51.198610 -42.935958 -35.424888 -37.518548 -41.554957 -48.068203 -51.649213 -54.595444 -47.996824 -53.265335 -51.780056 -49.483703 -47.470206 -52.291845 -57.081214 -58.109218 
-10.898578 -9.636427 -12.281972 -16.322203 -21.389383 -23.915683 -21.397391 -22.257822 -20.301270 -17.869122 -14.798774 -13.592644 -18.399437 -23.730367 -26.663228 -23.324900 -21.235870 -18.688597 -24.347136 -38.561453 -39.128946 -34.435130 -36.201084 -42.610186 -40.044955 -30.877934 -23.029060 -24.235357 -27.833560 -29.427552 -36.626230 -36.206775 -32.100561 -42.190487 -38.493151 -33.051599 -36.024571 -40.254449 -39.735728 -44.180557 
-7.441527 3.114045 7.402201 5.017527 -3.583262 2.415219 3.132057 0.451108 4.928243 2.179959 5.597690 2.319367 1.476668 -6.855610 -9.431126 -7.626331 -2.668005 -2.135421 -10.324851 -14.948803 -18.784862 -21.672558 -21.799285 -26.628353 -29.901051 -21.763203 -15.078379 -17.744316 -21.597947 -22.438485 -27.767532 -29.317754 -27.177554 -37.422776 -31.552059 -18.297134 -22.760783 -26.808435 -27.954585 -29.868301 
-10.842201 4.808167 14.882530 10.668921 5.539408 11.805269 6.739692 9.049404 10.461057 16.032200 15.210140 12.629412 10.626209 6.488804 4.617615 3.286898 4.758090 4.360274 -4.786272 -8.681025 -13.480613 -18.307282 -19.922926 -22.034890 -25.124630 -16.945433 -8.693982 -10.738101 -14.958960 -15.249991 -23.570060 -25.306776 -25.628307 -36.451547 -32.066839 -19.720409 -23.510673 -28.946225 -29.030906 -32.530096 
-6.013293 5.258528 16.221085 11.522766 6.075040 14.004453 4.749614 10.959902 8.157686 19.570414 12.533064 14.589419 8.312631 8.035085 5.598203 5.559901 7.936562 5.671166 -3.504819 -6.996078 -14.877472 -18.013174 -19.442877 -20.891177 -24.799542 -12.770362 -5.927778 -12.453150 -12.629687 -12.399498 -22.646589 -24.668118 -24.556326 -36.448103 -33.491149 -19.648207 -24.683956 -30.260456 -31.819172 -34.881964 
-18.757600 6.343980 17.675508 13.041218 6.364956 14.849882 5.308272 12.654028 7.579532 19.622003 14.047897 14.039836 7.879890 8.147565 5.610011 5.594161 5.912859 5.201886 -5.187970 -8.984229 -13.614482 -16.108423 -16.503116 -21.447363 -22.676184 -14.400219 -8.079449 -12.309091 -13.415489 -13.650395 -21.946199 -26.681462 -27.754070 -38.439682 -28.960315 -21.472221 -28.067389 -29.890283 -29.187991 -32.929518 
-19.314647 7.987125 19.003209 14.239508 7.283956 15.303425 5.931474 13.978212 9.923543 20.708166 14.155868 13.127140 6.448474 8.748449 6.663712 5.019608 6.413616 6.457892 -3.408815 -8.263785 -11.988734 -16.202638 -16.004436 -19.761173 -20.414771 -14.713555 -8.542790 -13.551151 -17.142054 -13.343035 -21.472270 -24.226345 -24.253522 -36.213217 -29.849314 -19.698225 -25.739109 -26.968708 -27.622288 -31.489419 
-25.117235 6.958773 19.135353 14.797981 6.820616 15.874050 6.247308 14.792808 11.250389 20.680540 15.175764 13.479063 7.770296 8.683741 6.890242 5.637236 7.922370 7.349298 -0.394967 -5.327531 -9.878744 -16.254831 -15.556605 -18.238608 -20.259722 -11.444281 -4.552270 -11.412218 -15.764342 -14.713611 -20.849690 -21.660842 -23.856726 -37.678064 -32.453135 -18.501906 -23.458236 -28.467327 -28.294929 -31.851416 
-9.421770 7.859385 19.347220 14.417763 7.822434 15.728018 6.488576 15.372675 10.246228 20.461392 14.073217 11.527706 7.164659 8.372821 5.894685 4.187208 3.960304 4.087661 -2.088349 -6.610867 -12.296914 -20.068029 -20.626611 -20.446677 -20.112535 -12.143586 -4.975690 -12.226868 -14.757283 -14.304572 -22.701006 -25.729326 -25.176771 -39.443449 -33.433787 -19.835025 -25.100696 -32.788687 -30.939283 -34.012131 
-14.479951 7.625600 19.462555 15.141214 6.789401 15.249979 6.136709 14.743030 10.123509 18.034975 12.635227 8.608035 5.556606 7.484271 4.441631 1.256346 1.283280 1.555541 -4.041162 -9.803114 -15.819665 -20.597810 -21.578141 -22.519407 -21.247547 -14.456881 -8.429138 -14.439354 -12.433762 -15.194492 -23.755114 -28.786481 -28.587087 -37.049453 -36.654012 -28.704772 -28.474371 -32.980285 -31.278194 -31.803071 
-18.301112 6.993654 19.754833 16.159666 5.439740 15.056066 7.802386 14.342006 12.682698 15.019511 12.939273 8.359359 5.440251 6.781724 4.416343 0.812680 -2.893760 -1.954355 -6.930454 -11.031808 -15.557142 -19.624230 -21.993183 -28.586105 -21.254391 -11.610894 -8.438195 -17.974036 -21.064253 -16.376386 -22.871910 -25.675948 -26.800088 -41.824797 -36.228973 -24.880170 -29.111347 -30.546316 -30.499572 -30.923166 
-14.679062 6.283890 19.914921 17.234212 3.511779 15.080309 8.860081 13.618140 14.714713 9.975651 12.966930 8.820145 7.789439 7.372127 2.895968 3.526207 -2.706723 -6.012651 -9.638241 -14.184050 -17.920047 -21.992337 -19.358511 -23.200625 -20.719779 -16.020907 -10.336769 -15.641904 -16.661367 -17.075950 -26.823594 -27.998648 -28.274083 -41.504661 -32.236331 -21.298387 -28.626947 -31.772346 -29.507017 -31.613154 
-14.325177 5.946672 19.480372 17.049720 3.436092 15.415371 9.415551 13.718151 15.565950 9.673301 12.703789 7.465959 7.453508 6.611681 2.210317 4.083623 -1.942929 -5.690502 -7.959520 -13.582862 -19.186187 -20.212185 -17.393664 -20.024163 -17.308820 -13.791743 -13.239769 -15.671698 -13.262837 -15.370926 -23.991513 -26.078875 -25.874337 -41.843513 -32.706432 -22.197177 -27.317222 -29.490448 -29.728552 -32.881700 
-12.158627 5.727435 18.903041 16.110147 3.204689 14.808740 8.186522 14.800137 15.325950 10.578579 11.862601 6.177198 5.072374 6.127324 0.736973 1.096908 -4.629198 -7.502187 -13.981123 -17.335672 -22.188147 -23.992201 -21.982756 -24.882603 -20.676933 -18.005705 -17.008320 -20.535385 -19.338074 -18.620097 -24.352730 -22.150503 -23.158190 -41.383968 -34.516490 -25.718240 -27.205374 -28.797941 -30.081339 -34.092954 
-17.475246 5.714872 18.205441 14.848736 3.999945 15.293205 8.333491 15.682815 15.964885 10.598165 11.550500 1.859960 1.674727 6.101379 0.459797 -0.157845 -2.288587 -6.102589 -11.928322 -15.936406 -19.957831 -21.322494 -21.092282 -23.676910 -18.798446 -10.525881 -11.307335 -21.657993 -18.186528 -15.208464 -19.666875 -21.239170 -24.237078 -41.403806 -36.099472 -24.343936 -31.512887 -33.833978 -33.089120 -35.250809 
-18.216962 4.313049 16.416420 12.495788 5.664486 14.329132 5.208050 16.379311 14.160466 12.246298 7.840129 0.103799 -1.935546 2.747676 -1.888406 -2.171655 -1.734579 -4.432681 -11.255460 -16.377824 -20.206405 -24.457613 -25.527787 -25.811815 -22.590563 -15.864647 -20.159437 -26.830305 -23.630496 -20.520364 -25.236735 -25.996843 -27.111489 -40.198719 -39.566779 -30.786581 -34.685433 -36.587547 -33.523973 -38.161345 
-13.584347 3.090077 13.636415 8.944503 5.361771 12.154021 4.587590 14.730193 10.552525 12.767009 3.900587 -3.903954 -4.386858 -2.899143 -6.269875 -7.817360 -5.805079 -4.755084 -10.054090 -16.363757 -22.118486 -27.320320 -26.316287 -27.243264 -23.416020 -19.626275 -24.238855 -30.016397 -26.944690 -23.597920 -27.984479 -29.516165 -29.796052 -42.424924 -39.189750 -30.883784 -38.047545 -36.121904 -36.117202 -38.912748 
-13.764195 1.224034 10.929325 6.740727 1.621752 9.464764 1.862199 10.172915 7.300648 7.791369 3.150832 -9.606943 -9.274919 -5.957377 -11.316742 -9.568272 -5.512289 -5.085700 -10.148567 -14.304652 -21.464256 -25.109905 -24.539207 -27.186312 -24.211215 -20.670359 -28.887248 -32.496492 -29.053466 -28.239715 -32.351554 -33.306262 -35.339084 -42.041862 -42.163820 -37.826514 -39.718839 -40.808707 -41.677333 -41.191179 
-17.630807 -4.099382 5.129427 -0.857833 -1.261560 2.065312 -4.789403 6.632036 1.292825 5.255796 -3.459224 -11.864700 -10.995522 -12.164170 -14.888072 -16.303225 -14.326039 -10.969235 -17.017311 -20.377561 -30.552193 -37.129886 -36.943608 -30.879732 -26.966065 -24.097148 -34.284993 -36.162056 -34.534925 -28.529568 -31.467653 -38.057686 -41.604898 -46.176288 -47.574124 -42.492568 -43.525608 -41.844733 -43.014620 -43.300702 
-10.842382 -3.566667 3.232948 -0.057294 -1.167505 3.764706 -0.434034 5.720936 4.263255 8.458513 6.300693 -3.264272 -5.321442 -7.168444 -7.274837 -9.308841 -8.161142 -12.183835 -16.300294 -20.909357 -26.143156 -27.503468 -28.456236 -27.582864 -23.000124 -17.583516 -22.719183 -25.836448 -28.532265 -28.773619 -35.419160 -36.680500 -37.153316 -40.813602 -40.267345 -37.358998 -39.287183 -40.401154 -40.439322 -38.943822 
-9.013685 2.890030 8.776848 1.907890 4.184882 8.010656 2.745299 10.680488 9.368373 17.662110 10.578627 3.018623 0.352047 -1.402189 -4.338503 -4.656483 1.061883 -2.390297 -12.218461 -14.922406 -19.660187 -21.104248 -23.225174 -24.150213 -20.101289 -12.460651 -16.572167 -22.578986 -23.984207 -24.544835 -33.057234 -29.725552 -30.527850 -41.766552 -43.042756 -36.660784 -36.569031 -37.936217 -36.637376 -39.948389 
-6.253846 3.404900 6.274248 2.142041 6.540359 6.211474 8.157266 7.763951 12.534604 17.107875 10.711948 5.358219 2.208030 -3.892727 -7.832889 -5.668356 0.820498 -4.589762 -8.273032 -12.791277 -19.185604 -22.928340 -27.913092 -27.334939 -24.162089 -16.016704 -17.398539 -27.357515 -26.778328 -25.630959 -27.574798 -26.266804 -27.374574 -37.738376 -39.929608 -35.525110 -37.058359 -37.358738 -37.915304 -39.734760 
-4.131036 7.661853 4.805142 1.482285 -0.463744 0.617434 4.974415 5.253595 4.905137 12.750035 4.870674 -0.788426 -6.765971 -8.513766 -10.060019 -8.683004 -4.437270 -10.158884 -15.205615 -18.797044 -23.444921 -23.977793 -24.861824 -26.836816 -25.895224 -21.553454 -22.097041 -27.037885 -27.132742 -28.815422 -31.502224 -31.499894 -35.227213 -44.024510 -47.273330 -36.294179 -32.038854 -38.718219 -41.301506 -41.874342 
-1.704029 11.542200 11.135354 5.982607 7.374263 6.156269 7.465802 10.761526 9.825093 16.925644 14.177114 5.963013 2.307075 -0.881904 -5.294795 -3.802583 2.418804 0.274241 -5.725966 -10.029818 -14.149029 -16.795169 -17.041146 -18.478770 -18.811923 -12.691294 -15.126430 -19.400896 -18.829284 -22.382927 -25.054688 -26.030946 -29.848892 -39.730238 -42.194518 -33.755820 -32.588758 -37.099462 -37.417070 -39.382157 
-2.285171 12.983875 12.628550 7.703399 8.944118 7.864538 9.002035 11.700894 12.574474 18.857881 14.944404 8.605820 4.979791 0.466444 -0.732169 0.789309 4.598581 2.330797 -4.326363 -8.138010 -11.766260 -14.767061 -15.608486 -15.997837 -13.328361 -9.147865 -12.157637 -13.168745 -12.824946 -15.491004 -21.069846 -23.188749 -25.134741 -38.694111 -38.268169 -27.896075 -30.505696 -35.472979 -35.264059 -37.756540 
-0.720487 12.950342 14.421838 8.207890 11.650522 7.933174 12.134438 12.232373 15.897217 21.797237 14.487908 10.996321 5.388500 0.886948 1.332738 2.089830 6.774460 3.805400 -3.274709 -6.315366 -10.183276 -14.330973 -14.841018 -15.775357 -7.736666 -1.802895 -7.403966 -10.253987 -8.796850 -11.961903 -18.706787 -19.729617 -22.855654 -41.108714 -36.208687 -25.124076 -29.805804 -33.106600 -34.349327 -37.187225 
-2.201516 13.795721 15.992112 8.909100 12.795984 9.816690 13.377574 13.883515 17.387054 22.233375 15.804442 12.079463 4.900750 4.049427 4.028844 4.502838 7.448174 4.094854 -2.818033 -6.259971 -10.284859 -14.056491 -13.176423 -14.069610 -6.061197 -0.781158 -7.257070 -11.997790 -9.889734 -12.765014 -18.894231 -20.224696 -22.381531 -36.808307 -35.489179 -26.110588 -28.686582 -36.133378 -37.009465 -36.570980 
-2.451289 14.424593 17.654801 8.460580 13.789173 9.577685 14.295551 13.407150 18.904669 19.755924 17.315529 11.068364 6.039184 3.788835 4.068836 7.664700 7.847309 3.218773 -2.471197 -6.900450 -9.322237 -12.519554 -14.813982 -15.606282 -10.254428 -2.827832 -8.164502 -11.541186 -7.885451 -10.719969 -18.146750 -18.007190 -18.754825 -38.722740 -39.632635 -25.043993 -25.619814 -30.481246 -36.180128 -37.846811 
-2.198640 14.887101 18.793927 9.205147 14.902546 10.388479 13.754029 12.069935 20.403161 17.888196 17.312229 7.442238 6.761350 5.344488 2.765236 7.872245 8.259059 1.873930 -3.200458 -6.596611 -9.958161 -13.194879 -11.178199 -13.288914 -9.293859 -1.539341 -7.750507 -13.335371 -11.454485 -12.998830 -19.642107 -19.075843 -22.642833 -33.673697 -33.257636 -29.570948 -30.083778 -32.373990 -32.161023 -33.559900 
-3.401666 13.653831 18.806206 10.220314 15.150174 11.621300 12.348516 11.167428 19.868829 15.317253 15.281503 7.262590 5.783620 5.004768 4.360043 5.534757 2.544984 -1.945390 -5.910059 -10.011031 -13.692616 -17.072802 -15.887929 -16.378797 -11.525383 -2.876059 -9.297185 -14.655802 -13.887067 -16.010616 -21.459869 -24.005135 -25.659742 -36.578843 -33.406740 -23.031055 -29.276919 -31.433032 -30.857141 -31.251536 
-11.246811 10.515808 18.045895 10.445215 14.775068 12.278281 10.401919 12.056808 19.726616 17.779311 14.484973 7.352605 5.724545 3.955166 4.597267 4.995864 3.635046 -0.030752 -5.052728 -9.453697 -14.996578 -18.289780 -17.330762 -14.984608 -10.659883 -3.142849 -5.921777 -11.482962 -8.054656 -10.931006 -19.600975 -21.653706 -23.649656 -42.147334 -36.915163 -22.642540 -27.373986 -34.088130 -30.304955 -30.920723 
-13.576321 9.653186 18.111020 10.701218 13.259758 12.941847 8.115908 13.180552 18.213294 19.436896 10.791111 7.073152 5.286113 4.205674 3.931804 4.518813 2.979905 -1.807949 -6.885716 -11.680849 -16.389328 -18.405288 -18.970882 -19.669478 -16.031057 -10.496225 -14.567592 -18.347256 -14.763263 -19.617631 -25.412923 -23.980646 -25.478337 -37.037087 -35.048713 -26.387188 -26.332464 -30.250656 -27.879205 -30.550063 
-12.999391 10.667176 19.047128 11.635836 11.812523 13.081883 7.453274 13.507952 15.632614 19.823405 8.302465 7.254854 5.199206 2.204908 2.687398 3.145051 0.139304 -6.291828 -10.275302 -15.460184 -20.042352 -20.303055 -19.081091 -23.259929 -22.067271 -17.399573 -18.728702 -23.603349 -23.564904 -25.775610 -29.434171 -27.421773 -28.933877 -34.961722 -30.564025 -18.605402 -22.191542 -27.376478 -27.462546 -30.148386 
-10.968228 10.646585 19.828636 13.303793 10.794859 14.614958 8.539004 16.547579 14.216023 21.221842 8.132401 7.478354 5.644890 2.061308 0.570718 2.631829 -3.344233 -10.063667 -14.117986 -16.183773 -21.964385 -22.658642 -20.057233 -21.098311 -18.388980 -9.228998 -11.616263 -19.266111 -18.474112 -23.039606 -31.654749 -27.200738 -27.659948 -39.821523 -35.083806 -23.366365 -25.197869 -27.351037 -32.751706 -33.875470 
-13.960656 9.289096 19.750094 13.965338 9.182555 15.122337 6.440351 16.701210 11.611751 20.565225 10.012365 7.287374 5.326976 3.992086 2.498944 3.675221 -0.507954 -6.432096 -13.471428 -15.481317 -20.159734 -22.930071 -20.908821 -21.143048 -19.148451 -9.262706 -12.169177 -17.619232 -16.602520 -20.899965 -29.153349 -27.729372 -30.529872 -34.114049 -31.813045 -25.130709 -25.198811 -26.866457 -30.506887 -32.888482 
-11.123227 8.853315 19.859632 14.777334 8.259790 15.483982 6.586907 16.610411 10.169399 18.320975 10.373881 4.090783 3.395288 5.827733 3.139242 -0.344310 -3.099731 -6.894950 -13.120580 -17.615291 -21.572614 -22.994955 -20.529016 -23.885806 -22.284270 -14.845934 -17.050245 -20.278265 -21.160181 -21.672689 -30.923235 -29.943525 -31.233373 -38.658829 -35.820975 -26.857215 -28.665530 -28.114252 -27.747674 -30.753258 
-13.570881 9.058640 19.862710 14.449859 7.895905 14.998523 6.638804 16.934240 10.096835 17.821358 9.065278 2.995590 1.230911 3.689581 1.575857 0.931566 -2.602607 -6.758797 -13.892394 -18.314796 -22.893851 -24.341219 -25.956422 -30.371382 -26.965724 -18.260081 -18.731999 -23.432245 -23.648851 -28.776447 -34.141931 -29.841400 -28.980083 -39.229113 -34.837129 -24.247488 -26.092134 -31.242734 -28.841288 -31.197754 
-18.193610 8.180690 19.370930 14.050152 7.401128 14.633730 6.079622 16.319688 9.819674 17.060782 9.052659 3.794791 1.451982 3.577713 0.167741 -1.473382 -3.535405 -9.180837 -12.327919 -17.002456 -22.304560 -21.804547 -20.939407 -25.098819 -21.538036 -11.503214 -17.473365 -25.410214 -23.314258 -25.270355 -37.366434 -28.299399 -30.891913 -43.135722 -34.175495 -22.190734 -26.615692 -28.298263 -28.281480 -32.014948 
-17.360663 7.708916 18.999436 14.044867 6.540497 14.891067 5.844180 15.565104 9.598375 15.125469 8.661118 2.962400 1.659310 4.437130 1.977872 -2.310422 -5.615645 -10.630320 -14.310657 -18.550051 -22.741039 -23.288078 -21.990029 -22.762989 -20.987894 -11.238067 -17.301499 -21.407380 -21.094893 -24.962140 -31.918562 -31.218922 -29.655485 -45.777617 -35.068233 -22.226091 -25.930361 -28.010316 -30.916162 -35.168367 
-14.672560 8.911500 19.399247 14.075001 8.502542 14.898767 7.278306 16.477454 11.604084 16.390422 8.988345 5.023663 2.544757 4.629444 3.939701 -1.438563 -6.923615 -10.487367 -15.508763 -17.926202 -22.348797 -23.658994 -22.095732 -24.877256 -22.997559 -14.296409 -15.154583 -19.243614 -17.183790 -22.936964 -32.128458 -28.716529 -30.496294 -42.226667 -38.140792 -27.226987 -28.573356 -30.019543 -31.915188 -33.122503 
-13.544630 9.591486 19.162569 12.440151 9.685366 12.988707 6.370657 14.825728 12.698360 19.743495 7.834569 4.943658 4.623241 2.657090 4.020566 3.030597 -8.619070 -13.845611 -17.386466 -19.083213 -21.962346 -22.910368 -22.062921 -24.184349 -20.497890 -12.606965 -16.081790 -19.339006 -20.864149 -27.231515 -32.441796 -28.539379 -28.970529 -37.678776 -34.134898 -25.072919 -30.020838 -33.334833 -33.123509 -33.193859 
-12.510045 9.615365 18.904920 12.075315 10.198183 13.362628 7.181353 15.264523 11.058963 20.201157 8.029068 5.117491 5.770964 2.309640 2.866984 2.043761 -7.294172 -13.108551 -15.738601 -19.708454 -22.747690 -25.064558 -22.692937 -21.899713 -20.057225 -11.457058 -14.864377 -15.343139 -14.324758 -23.264285 -29.602598 -28.483945 -30.707121 -35.400914 -30.983201 -23.668703 -28.683010 -31.041986 -32.238212 -34.232035 
-10.475618 10.898418 18.506325 10.438475 11.938721 12.856310 10.011987 15.225090 14.516049 20.298450 6.612688 3.228818 7.099381 5.002249 4.702576 1.015806 -9.238343 -13.463931 -15.223494 -17.768515 -21.431588 -24.380879 -24.970850 -26.062331 -22.071598 -12.012480 -17.360452 -17.249262 -16.969506 -25.673077 -31.585314 -31.860256 -34.247164 -39.030723 -35.022185 -28.372632 -31.140676 -31.521341 -34.045952 -36.223876 
-7.008958 12.346363 17.371716 8.003280 13.443986 10.377337 12.667074 12.322980 19.462253 17.802034 7.656920 2.686285 4.700543 5.282896 3.734132 -0.163493 -16.027265 -15.946081 -16.314373 -18.751980 -23.001205 -25.272125 -22.277623 -23.268757 -18.912950 -12.388744 -19.930497 -20.310768 -20.614944 -27.585415 -31.347834 -28.387697 -30.837029 -34.355343 -31.437314 -25.660004 -29.621056 -29.763236 -32.622844 -33.938549 
-3.303194 12.663314 16.139743 7.746052 13.875686 8.659877 13.900584 12.522994 20.944052 12.549330 8.573304 3.929793 5.345702 5.025714 -0.336138 -8.750011 -16.466287 -14.795161 -18.929371 -22.145920 -25.968542 -25.657138 -23.870028 -22.197132 -17.144568 -11.700304 -16.727138 -15.439403 -17.227986 -24.661013 -30.209439 -25.106663 -29.194233 -44.351096 -39.221513 -28.565920 -33.366296 -35.542743 -33.903063 -33.536491 
-1.078899 14.293975 16.583383 8.817573 13.533331 8.916792 14.315785 14.232190 19.607756 9.933322 6.973027 3.666971 7.754765 4.601313 -3.068597 -10.015141 -17.918807 -16.786747 -20.692434 -24.503423 -27.669411 -26.724961 -23.532886 -22.751995 -19.219189 -15.375690 -20.798890 -18.985786 -19.117296 -26.835605 -32.588036 -26.721146 -31.178792 -43.483434 -38.701137 -33.706372 -34.490973 -33.367437 -34.558499 -39.174383 
0.106544 15.757830 17.192282 10.507782 13.439470 10.559967 15.070227 17.268163 18.616795 9.554549 2.750567 1.662775 9.923104 7.627802 -1.901915 -11.373703 -19.579591 -18.495908 -22.700181 -25.253715 -27.991310 -27.144078 -27.095835 -27.663273 -18.656290 -15.912846 -21.521579 -19.530388 -22.031599 -30.906395 -35.560269 -30.475626 -33.232575 -44.729661 -42.308632 -31.557047 -32.390513 -34.610906 -33.671277 -35.448967 
-0.478450 16.127051 17.475554 11.424299 12.061355 11.933677 14.694259 19.584069 16.714146 9.509667 2.980059 3.897495 7.765206 6.009819 -4.501789 -15.994740 -23.397986 -26.380662 -25.903267 -28.810095 -31.547296 -30.564376 -29.250790 -31.347548 -20.815571 -18.116287 -25.321211 -21.737071 -25.633039 -31.557199 -36.662610 -33.597526 -36.320211 -47.142009 -41.513911 -32.134818 -36.292085 -36.994343 -35.526080 -35.282697 
0.827643 16.381758 16.677603 11.825219 11.236450 13.418977 14.081785 21.121427 15.048882 8.866510 2.685182 6.725025 5.692303 1.141437 -11.344383 -16.117472 -18.767653 -20.202979 -21.243805 -22.602342 -23.529925 -23.167982 -23.721010 -24.424157 -19.958658 -19.288863 -23.621569 -20.353365 -27.005752 -29.845470 -30.370129 -27.813211 -29.529751 -31.586783 -31.583530 -27.327789 -30.683032 -31.166818 -31.251955 -32.553048 
0.745543 16.125211 16.704813 11.623176 11.171001 14.525677 13.756726 20.477763 12.467396 7.625461 3.588910 5.449008 2.383749 -6.316865 -11.246889 -19.221413 -23.607951 -24.271260 -25.753323 -25.960845 -27.913675 -27.922077 -27.672870 -28.379409 -19.167450 -17.664756 -24.806191 -21.143161 -27.744107 -33.120326 -34.672480 -31.577658 -34.736571 -36.878009 -36.164522 -30.554157 -33.821075 -32.449435 -34.115577 -37.327865 
-0.860634 14.669204 17.233390 10.134637 -1.877775 12.532652 10.520463 17.697334 10.420552 2.061293 0.283975 3.027333 -1.967083 -10.404692 -20.339665 -25.183366 -31.889917 -31.693468 -33.798765 -32.838779 -35.327012 -36.202891 -36.851045 -35.139462 -24.914549 -22.387728 -31.606453 -25.966027 -30.386485 -39.033599 -41.978588 -36.139306 -42.092077 -46.124363 -45.623360 -39.472150 -38.516674 -37.913893 -39.934814 -42.278119 
-0.582197 13.939815 15.452854 11.365416 10.644630 13.892043 13.129547 17.279760 10.639575 7.201417 1.794846 -0.333861 -4.393546 -11.582738 -18.507574 -29.880131 -34.277483 -34.719367 -37.272279 -36.303670 -37.964992 -39.843670 -38.911114 -38.040300 -31.871134 -29.053996 -35.115415 -29.459871 -33.283353 -39.836189 -40.930407 -36.538514 -43.853044 -46.514129 -46.116005 -37.328213 -40.608957 -39.914859 -39.351244 -38.907304 
1.777660 15.706690 14.920792 10.140841 9.680062 14.659838 16.220037 17.681605 10.649327 8.756718 2.969514 1.361423 -3.991867 -14.355590 -22.774090 -29.231137 -30.612417 -31.434464 -32.699780 -33.970282 -35.498822 -36.236437 -36.057881 -36.420260 -33.156661 -30.988694 -32.564163 -29.116610 -34.309346 -36.360974 -38.628008 -37.957300 -41.350308 -43.006222 -41.444694 -32.657757 -35.625252 -39.098632 -39.634587 -43.017096 
-0.677144 14.770781 15.026456 8.930396 9.589986 13.512040 14.948688 13.353506 8.015056 7.907334 4.151107 0.874860 -9.210097 -15.832745 -20.748391 -23.169764 -24.516272 -25.649328 -26.631126 -27.684060 -28.181521 -29.325678 -30.239450 -30.425241 -28.768114 -26.808760 -31.513116 -29.574735 -32.686249 -33.689369 -34.809262 -34.121455 -35.547784 -36.669159 -36.897528 -34.916931 -35.746865 -36.523224 -37.514164 -37.947671 
-1.471608 14.010790 14.776893 7.676595 8.176411 11.602539 14.424972 10.653278 7.004713 3.908336 1.628503 -2.073971 -15.026300 -21.368360 -26.735611 -39.882086 -40.603833 -37.027760 -36.452569 -39.655039 -43.360612 -46.695501 -47.100954 -41.158004 -32.697862 -25.879940 -36.647049 -35.968999 -37.322254 -39.675069 -42.358565 -39.183394 -44.519095 -52.973325 -47.683014 -39.199379 -40.107258 -42.245822 -45.429477 -44.988906 
-1.019744 13.136063 13.557486 4.073583 4.842795 9.338490 13.148787 6.704579 3.116031 0.292721 -2.581480 -7.451171 -14.305774 -19.869452 -25.212702 -34.268345 -41.466955 -41.476850 -39.206213 -38.912778 -42.020387 -46.237113 -45.020654 -46.077827 -42.125351 -32.058415 -35.957795 -35.168546 -40.450834 -46.075701 -40.847209 -36.358877 -46.124755 -50.459359 -44.611621 -37.591503 -41.191716 -37.668620 -42.611868 -46.413467 
-2.260881 13.103810 13.938304 1.720571 0.191666 7.264028 11.654395 3.110058 0.083820 -1.019461 -7.333398 -12.904935 -16.296373 -25.902516 -34.458278 -39.904995 -43.600585 -44.273729 -40.536555 -41.136102 -42.721816 -44.606691 -44.385843 -51.395293 -47.707626 -35.573780 -40.275874 -39.174500 -39.156346 -46.467813 -45.826680 -39.207038 -42.654629 -49.890818 -48.247366 -41.965669 -45.091558 -44.692004 -42.288885 -44.294448 
-0.844453 14.032139 14.489503 1.406863 -1.915661 5.363734 10.459349 2.464798 -4.362210 -4.156942 -11.274826 -17.106555 -18.791645 -27.125804 -31.654605 -38.432427 -46.398150 -46.662956 -38.582165 -39.098066 -38.559263 -42.739752 -45.575235 -48.294587 -45.048593 -35.129753 -36.267006 -37.513250 -39.074254 -43.737321 -46.354796 -41.370544 -46.374674 -49.448734 -46.962012 -40.993091 -41.797107 -43.209303 -39.339505 -42.886802 
-0.647973 13.941680 13.358409 1.051076 -7.434180 -1.476277 0.530715 -6.567879 -14.858384 -18.949637 -14.436218 -9.823769 -17.042511 -27.769194 -30.548922 -36.622530 -37.784123 -38.413976 -40.378043 -39.401197 -40.010970 -40.668002 -42.748191 -43.204053 -43.579714 -38.443936 -36.180900 -38.623216 -38.134653 -43.518533 -46.587469 -44.233573 -44.293354 -47.824444 -46.836502 -43.903532 -43.581540 -42.439494 -43.465240 -45.134200 
5.835680 10.631722 9.268562 -0.979196 -3.324012 -4.697993 -9.788304 -15.253190 -17.520971 -15.822229 -11.293608 -14.359104 -19.742390 -25.220921 -37.751314 -35.263581 -39.587767 -40.998225 -40.502523 -40.629239 -41.130905 -41.276730 -42.649700 -46.691742 -48.472342 -46.873485 -43.284989 -44.751962 -43.608467 -46.892713 -48.501392 -46.392663 -46.130386 -52.379289 -50.665155 -49.286268 -49.816360 -49.139091 -49.857339 -50.760234 
-11.351934 -11.809827 -12.904147 -15.340561 -18.578361 -23.213673 -28.772107 -31.365712 -29.832948 -30.350829 -31.972596 -33.291521 -34.909512 -41.834813 -51.577581 -46.141862 -48.540323 -54.282182 -50.642741 -50.391812 -54.101783 -51.371504 -55.451004 -54.683680 -55.685476 -56.068992 -55.954430 -56.845302 -57.685547 -58.735985 -59.658254 -60.254315 -60.893879 -59.966459 -60.117979 -61.641005 -61.088924 -61.674225 -62.160664 -62.447259 
-45.904451 -47.104188 -51.386515 -60.118721 -56.820244 -60.374301 -66.378473 -60.421922 -63.575506 -64.775272 -65.591399 -69.339541 -68.485556 -74.023294 -74.807701 -76.302063 -75.793311 -75.352515 -73.619360 -74.560637 -79.485874 -78.392720 -79.982095 -83.818271 -80.909081 -79.033362 -82.316731 -80.200164 -82.045290 -82.167327 -82.962431 -83.182909 -85.218917 -84.675634 -85.926966 -84.482167 -84.826725 -86.479526 -83.230008 -86.565233 
-60.460909 -61.375841 -65.518686 -75.135550 -70.584300 -73.389227 -72.387126 -67.720506 -70.804373 -78.900559 -71.071793 -72.121151 -77.539897 -77.105236 -77.292056 -78.222711 -81.984582 -80.033008 -79.933374 -83.124220 -90.701525 -88.079373 -86.418372 -85.934879 -85.290330 -85.293124 -86.228502 -89.955629 -89.900792 -88.819961 -90.791319 -89.901388 -89.531162 -91.715305 -96.215799 -93.251139 -91.872745 -91.941393 -95.349988 -100.272100 
-129.877560 -129.873064 -129.865699 -129.853604 -129.837811 -129.816830 -129.792872 -129.764621 -129.731050 -129.696315 -129.660748 -129.625176 -129.593127 -129.565378 -129.543491 -129.528473 -129.518935 -129.512569 -129.504653 -129.489293 -129.460248 -129.413107 -129.349044 -129.271809 -129.189504 -129.109005 -129.028860 -128.937951 -128.818532 -128.660580 -128.470623 -128.265258 -128.041810 -127.764957 -127.402939 -126.966331 -126.438785 -125.681189 -124.619244 -123.587016 
NaN NaN NaN NaN NaN NaN NaN NaN NaN NaN NaN NaN NaN NaN NaN NaN NaN NaN NaN NaN NaN NaN NaN NaN NaN NaN NaN NaN NaN NaN NaN NaN NaN NaN NaN NaN NaN NaN NaN NaN 
NaN NaN NaN NaN NaN NaN NaN NaN NaN NaN NaN NaN NaN NaN NaN NaN NaN NaN NaN NaN NaN NaN NaN NaN NaN NaN NaN NaN NaN NaN NaN NaN NaN NaN NaN NaN NaN NaN NaN NaN 
NaN NaN NaN NaN NaN NaN NaN NaN NaN NaN NaN NaN NaN NaN NaN NaN NaN NaN NaN NaN NaN NaN NaN NaN NaN NaN NaN NaN NaN NaN NaN NaN NaN NaN NaN NaN NaN NaN NaN NaN 
NaN NaN NaN NaN NaN NaN NaN NaN NaN NaN NaN NaN NaN NaN NaN NaN NaN NaN NaN NaN NaN NaN NaN NaN NaN NaN NaN NaN NaN NaN NaN NaN NaN NaN NaN NaN NaN NaN NaN NaN 
NaN NaN NaN NaN NaN NaN NaN NaN NaN NaN NaN NaN NaN NaN NaN NaN NaN NaN NaN NaN NaN NaN NaN NaN NaN NaN NaN NaN NaN NaN NaN NaN NaN NaN NaN NaN NaN NaN NaN NaN 
NaN NaN NaN NaN NaN NaN NaN NaN NaN NaN NaN NaN NaN NaN NaN NaN NaN NaN NaN NaN NaN NaN NaN NaN NaN NaN NaN NaN NaN NaN NaN NaN NaN NaN NaN NaN NaN NaN NaN NaN 
NaN NaN NaN NaN NaN NaN NaN NaN NaN NaN NaN NaN NaN NaN NaN NaN NaN NaN NaN NaN NaN NaN NaN NaN NaN NaN NaN NaN NaN NaN NaN NaN NaN NaN NaN NaN NaN NaN NaN NaN 
NaN NaN NaN NaN NaN NaN NaN NaN NaN NaN NaN NaN NaN NaN NaN NaN NaN NaN NaN NaN NaN NaN NaN NaN NaN NaN NaN NaN NaN NaN NaN NaN NaN NaN NaN NaN NaN NaN NaN NaN 
NaN NaN NaN NaN NaN NaN NaN NaN NaN NaN NaN NaN NaN NaN NaN NaN NaN NaN NaN NaN NaN NaN NaN NaN NaN NaN NaN NaN NaN NaN NaN NaN NaN NaN NaN NaN NaN NaN NaN NaN 
NaN NaN NaN NaN NaN NaN NaN NaN NaN NaN NaN NaN NaN NaN NaN NaN NaN NaN NaN NaN NaN NaN NaN NaN NaN NaN NaN NaN NaN NaN NaN NaN NaN NaN NaN NaN NaN NaN NaN NaN 
NaN NaN NaN NaN NaN NaN NaN NaN NaN NaN NaN NaN NaN NaN NaN NaN NaN NaN NaN NaN NaN NaN NaN NaN NaN NaN NaN NaN NaN NaN NaN NaN NaN NaN NaN NaN NaN NaN NaN NaN 
NaN NaN NaN NaN NaN NaN NaN NaN NaN NaN NaN NaN NaN NaN NaN NaN NaN NaN NaN NaN NaN NaN NaN NaN NaN NaN NaN NaN NaN NaN NaN NaN NaN NaN NaN NaN NaN NaN NaN NaN 
NaN NaN NaN NaN NaN NaN NaN NaN NaN NaN NaN NaN NaN NaN NaN NaN NaN NaN NaN NaN NaN NaN NaN NaN NaN NaN NaN NaN NaN NaN NaN NaN NaN NaN NaN NaN NaN NaN NaN NaN 
NaN NaN NaN NaN NaN NaN NaN NaN NaN NaN NaN NaN NaN NaN NaN NaN NaN NaN NaN NaN NaN NaN NaN NaN NaN NaN NaN NaN NaN NaN NaN NaN NaN NaN NaN NaN NaN NaN NaN NaN 
NaN NaN NaN NaN NaN NaN NaN NaN NaN NaN NaN NaN NaN NaN NaN NaN NaN NaN NaN NaN NaN NaN NaN NaN NaN NaN NaN NaN NaN NaN NaN NaN NaN NaN NaN NaN NaN NaN NaN NaN 
NaN NaN NaN NaN NaN NaN NaN NaN NaN NaN NaN NaN NaN NaN NaN NaN NaN NaN NaN NaN NaN NaN NaN NaN NaN NaN NaN NaN NaN NaN NaN NaN NaN NaN NaN NaN NaN NaN NaN NaN 
NaN NaN NaN NaN NaN NaN NaN NaN NaN NaN NaN NaN NaN NaN NaN NaN NaN NaN NaN NaN NaN NaN NaN NaN NaN NaN NaN NaN NaN NaN NaN NaN NaN NaN NaN NaN NaN NaN NaN NaN 
NaN NaN NaN NaN NaN NaN NaN NaN NaN NaN NaN NaN NaN NaN NaN NaN NaN NaN NaN NaN NaN NaN NaN NaN NaN NaN NaN NaN NaN NaN NaN NaN NaN NaN NaN NaN NaN NaN NaN NaN 
NaN NaN NaN NaN NaN NaN NaN NaN NaN NaN NaN NaN NaN NaN NaN NaN NaN NaN NaN NaN NaN NaN NaN NaN NaN NaN NaN NaN NaN NaN NaN NaN NaN NaN NaN NaN NaN NaN NaN NaN 
NaN NaN NaN NaN NaN NaN NaN NaN NaN NaN NaN NaN NaN NaN NaN NaN NaN NaN NaN NaN NaN NaN NaN NaN NaN NaN NaN NaN NaN NaN NaN NaN NaN NaN NaN NaN NaN NaN NaN NaN 
NaN NaN NaN NaN NaN NaN NaN NaN NaN NaN NaN NaN NaN NaN NaN NaN NaN NaN NaN NaN NaN NaN NaN NaN NaN NaN NaN NaN NaN NaN NaN NaN NaN NaN NaN NaN NaN NaN NaN NaN 
NaN NaN NaN NaN NaN NaN NaN NaN NaN NaN NaN NaN NaN NaN NaN NaN NaN NaN NaN NaN NaN NaN NaN NaN NaN NaN NaN NaN NaN NaN NaN NaN NaN NaN NaN NaN NaN NaN NaN NaN 
