6.692314 8.463730 13.711757 17.600960 13.684460 3.987268 9.343679 9.614849 1.161867 9.400353 8.796836 9.163068 10.628092 6.158551 8.955382 5.147832 5.734306 5.263568 -0.579588 -11.733596 -16.171175 -17.997643 -19.255123 -19.286148 -21.470265 -18.637152 -13.725327 -14.435098 -21.313300 -23.289670 -19.674709 -21.871741 -27.683979 -32.468505 -26.579299 -18.563787 -20.737117 -31.358367 -35.667149 -37.501544 
-13.192487 -9.807736 9.573272 21.698938 15.985378 -5.309622 10.983087 11.385760 -7.501376 12.469659 5.663673 7.985646 12.554509 7.124874 10.897282 2.660570 2.331097 3.223302 -2.262205 -10.262969 -13.698069 -20.867855 -21.903947 -22.087951 -23.582142 -19.227291 -11.876081 -16.495790 -20.449411 -19.000402 -15.387222 -18.862376 -27.016454 -36.946731 -25.423218 -18.993000 -22.928024 -33.480520 -42.460433 -42.782011 
-25.108608 -14.508808 8.370782 21.711257 16.157363 -8.885635 9.827916 11.787701 -8.025228 12.397858 7.668184 8.106475 12.567015 5.739429 11.005259 2.699356 3.281886 4.900871 -2.236317 -8.212450 -11.317997 -16.235313 -18.816094 -17.325003 -20.248872 -16.039107 -10.526236 -15.168897 -21.123326 -19.604647 -17.696981 -20.044733 -28.848313 -36.489236 -21.450227 -17.089426 -21.848499 -31.382843 -41.080456 -42.938808 
-13.639491 -22.337000 5.773851 21.155373 16.704271 -11.819495 7.356277 11.434548 -8.650341 11.191814 9.370779 5.235364 12.325595 5.296101 10.833376 -4.021738 -0.170319 0.140213 -0.870038 -12.812775 -18.533223 -21.815574 -23.294817 -20.162836 -21.674554 -19.496564 -14.881100 -16.184504 -19.212309 -18.185662 -13.521286 -18.500415 -29.529203 -35.869639 -23.004927 -17.711646 -24.757511 -35.071617 -42.923618 -42.078542 
-18.643677 -16.945956 4.426868 20.901887 17.794501 -5.810628 5.345608 11.650749 -6.427032 9.224557 10.574957 1.038305 11.105576 3.374988 8.016986 -2.691868 2.000372 -0.459636 -1.479722 -16.997659 -20.743031 -24.333032 -22.969131 -19.870400 -19.618391 -19.874801 -10.961621 -13.667196 -19.311249 -20.315824 -17.251774 -19.919355 -29.005184 -36.774822 -22.725494 -16.426603 -22.496649 -33.715069 -40.528897 -41.484800 
-23.227641 -18.892023 3.154726 20.576702 17.598752 -8.090856 5.267966 11.661512 -8.808316 7.938571 10.378912 -3.708418 8.369980 -4.200725 3.275415 -2.582155 0.052882 -4.328503 -3.142402 -10.210429 -16.635802 -19.228094 -26.064920 -20.466653 -20.120196 -19.706638 -14.074151 -16.216550 -23.642326 -22.408779 -19.224072 -21.862118 -28.394688 -32.072411 -22.373318 -21.371519 -26.111997 -34.554653 -36.676415 -36.926369 
-12.975056 -23.606699 2.706083 20.383279 17.646752 -7.815284 4.764059 11.968382 -6.725308 8.699255 11.981173 -3.017814 7.098982 -2.264288 4.540869 -2.822380 -1.160410 -2.430871 0.342298 -11.823115 -20.046902 -23.831903 -29.696032 -21.395975 -23.409030 -18.803748 -12.373971 -18.933903 -25.210846 -26.094777 -21.740565 -23.078804 -32.014736 -39.340897 -27.106620 -20.900576 -25.238717 -37.814908 -45.393876 -44.266515 
-22.247040 -20.491039 1.763897 19.963627 17.846864 -6.117746 3.283731 12.031225 -3.846500 9.074648 13.650715 -3.739567 8.884753 2.156832 3.801435 -1.814747 -1.774327 -5.664949 0.139754 -11.372808 -16.470782 -19.568956 -24.538393 -21.403525 -22.877914 -19.042443 -13.608374 -17.445850 -20.387282 -18.110153 -17.245352 -20.290118 -28.444050 -34.735241 -26.635605 -20.474470 -22.383771 -31.630989 -36.626363 -35.975943 
-13.129472 -16.548599 -1.667029 19.184661 18.365458 -3.746438 1.993540 12.813649 -0.676790 6.368757 15.468121 -2.306685 8.779564 1.381557 1.562595 -1.881754 -5.766600 -7.285960 -1.990196 -11.283596 -14.277221 -18.206179 -23.194670 -20.430699 -21.126787 -18.053454 -9.754476 -13.341448 -22.036481 -20.671989 -15.467122 -17.182590 -27.772744 -37.246210 -26.224241 -17.904662 -23.272101 -37.011916 -42.144624 -41.550932 
-18.267345 -18.200883 -4.030458 18.363283 18.070236 -2.901776 0.947111 12.637894 0.103456 4.385832 15.091855 -1.942948 3.935678 0.494123 -1.347481 -1.295789 -6.955567 -5.692355 -2.256896 -7.870210 -13.709841 -21.715964 -23.662797 -22.694055 -22.338539 -20.100451 -12.988961 -16.253974 -22.111173 -20.545328 -17.585537 -19.366365 -28.650312 -37.410050 -28.723262 -21.363683 -26.511280 -40.509240 -43.022518 -40.837101 
-22.022936 -17.287223 -4.709631 17.000321 16.861952 -3.053425 -0.953151 11.161514 -2.118243 2.617982 13.788096 -0.257153 2.823984 -1.793624 -2.193969 -2.912904 -6.309067 -3.456995 -1.575091 -10.951611 -16.540102 -21.311151 -23.243021 -23.220011 -19.555125 -20.352826 -11.761554 -15.796966 -22.509029 -25.136991 -23.766960 -23.949087 -32.375859 -37.339706 -27.413041 -21.597771 -28.679738 -36.977994 -40.479999 -39.054929 
-11.333504 -14.861266 -3.507176 15.410853 14.869251 -6.000834 -0.687951 10.300023 -2.686486 2.762313 12.789063 -2.134359 3.400447 -1.545339 -0.948350 -2.097591 -6.144774 -5.573739 -2.110883 -14.247889 -19.915105 -23.832393 -26.594340 -25.053764 -24.178785 -19.079928 -12.923879 -15.608173 -21.241070 -26.351073 -20.293523 -19.811558 -28.803460 -41.806682 -29.323355 -24.037630 -27.235495 -37.263418 -42.159708 -38.845289 
-13.752676 -14.229811 -11.442906 12.127669 13.768382 -3.834708 -7.812984 8.340308 2.620222 -1.289641 10.714226 0.084285 -2.565343 -2.401695 -6.310741 -4.237122 -14.263882 -11.756581 -6.867280 -14.514183 -24.543176 -27.197906 -28.899083 -27.022534 -22.782110 -22.725211 -16.829716 -19.618977 -26.535796 -25.671143 -23.859472 -23.014753 -32.039337 -38.821321 -30.795842 -24.730541 -27.570721 -38.667378 -42.617981 -40.137168 
-16.646890 -16.124219 -21.859222 8.996962 11.971541 -4.485613 -12.323930 5.665644 3.834664 -7.545349 8.132040 5.073634 -8.009860 -4.951476 -9.813262 -13.286223 -11.319116 -5.267279 -4.051554 -13.032731 -20.239250 -22.632915 -27.787550 -28.291516 -29.296380 -26.209608 -18.084742 -22.777622 -31.539839 -29.775573 -23.769574 -23.622916 -33.551195 -39.952724 -30.758387 -23.188099 -27.450734 -42.280171 -45.719563 -43.800984 
-19.654933 -12.056377 -6.820881 4.390645 7.999809 0.064608 -5.508512 -1.605497 -3.578762 0.068855 3.167292 -1.777318 -1.635919 -5.997409 -9.617703 -17.971235 -13.011009 -3.559217 -5.800287 -22.019780 -25.449874 -27.015439 -34.753558 -35.815597 -35.351575 -27.652394 -19.777752 -27.331311 -35.619403 -35.660515 -31.700117 -31.180433 -35.968765 -40.500524 -33.146916 -25.787683 -31.066073 -41.330642 -41.876239 -43.005295 
-5.900944 -2.384942 -8.175244 -3.067802 -4.994271 -13.041144 -9.757661 -0.938938 -4.804494 -2.979163 4.776359 2.536315 -8.158545 -8.698142 -11.514566 -12.770879 -15.503571 -6.237346 -5.077646 -21.457682 -27.719115 -32.239508 -29.859734 -31.721323 -37.499558 -32.098510 -22.387725 -25.432141 -30.402101 -35.535683 -29.979914 -32.739606 -37.740248 -41.982314 -36.546378 -29.640898 -32.837202 -42.567952 -47.122704 -43.747234 
-9.892571 -8.076430 -9.539205 -8.485084 -8.353945 -9.486706 -8.908051 -7.271164 -7.902716 -4.240294 1.183380 -0.729128 -3.317103 -7.319691 -9.618765 -16.377536 -16.967453 -13.239834 -7.212966 -17.347802 -28.192948 -30.793113 -34.908301 -32.629922 -35.970070 -30.020840 -19.903430 -27.379437 -34.085113 -33.865935 -30.370031 -34.988924 -39.454637 -41.268874 -36.193894 -32.957578 -37.345661 -43.539305 -47.263733 -43.537369 
-17.442271 -8.082851 -2.877914 -3.428442 -1.806008 -6.679941 -9.362685 -4.096083 -0.065894 -3.580700 3.248719 -1.629774 -5.730116 -8.840399 -6.929111 -8.694819 -17.459407 -12.314356 -15.800135 -19.576512 -34.962875 -33.610983 -34.553028 -31.286453 -32.872235 -31.026207 -22.685508 -24.249044 -29.918473 -31.963924 -30.768261 -34.474976 -39.888652 -42.892079 -38.616195 -34.155750 -37.273091 -40.947938 -45.407202 -44.055767 
-16.281303 -5.383856 -0.343544 2.355992 1.795993 -4.105467 -7.833670 -3.634884 -2.818615 -5.801473 6.073281 4.031580 0.701885 -2.760619 -1.876099 -8.503400 -12.432295 -12.049067 -13.991374 -19.721187 -27.443273 -29.635034 -32.153757 -31.791886 -29.902987 -25.654681 -21.123305 -21.137223 -30.389412 -31.093088 -27.560552 -30.864315 -36.870784 -40.425409 -34.158737 -31.547396 -33.617873 -42.557571 -46.290472 -42.590175 
-15.680688 -8.083000 -4.059930 9.140477 7.330387 -5.676699 0.648890 7.502471 -5.167194 1.831823 10.140744 3.658169 6.856904 2.102435 0.399949 -0.323327 -4.524729 -7.581899 -10.336910 -17.250400 -25.215572 -24.224804 -26.908927 -28.326468 -27.970643 -25.104500 -20.045931 -20.314606 -29.284296 -29.748475 -27.944566 -27.079797 -34.787647 -37.613955 -32.049197 -27.451727 -29.448714 -37.017835 -41.151147 -40.994534 
-19.724338 -9.787722 -0.369619 13.865690 12.201626 -4.745427 3.572215 11.625398 -2.183670 6.501772 13.498137 -0.412490 9.223831 2.868061 5.414244 1.678894 2.391443 -1.126010 -2.135426 -10.209770 -17.243009 -20.365266 -22.021968 -21.329080 -22.812784 -22.715699 -15.909699 -16.531761 -24.763838 -22.549203 -21.580521 -26.111543 -33.294959 -36.285128 -31.270643 -27.695639 -30.335689 -36.709957 -39.234011 -38.978854 
-10.931826 -16.078289 2.900147 17.891420 13.732848 -7.775351 8.876104 12.502541 -5.111795 12.286500 11.788863 2.015781 10.546522 1.450196 8.293973 1.734820 5.899667 2.397685 0.597914 -9.688683 -16.120998 -18.523660 -20.771985 -20.892296 -20.334680 -21.002106 -14.154029 -18.609150 -23.045164 -20.477505 -14.774117 -20.270628 -28.154656 -38.040653 -34.063033 -27.293507 -28.058697 -39.101300 -42.507720 -41.034770 
-14.637171 -13.593880 7.114134 19.868056 13.862993 -8.497333 10.838441 11.147585 -8.731544 13.368851 8.029079 5.115189 10.913264 -0.669052 4.026480 -0.320861 1.225878 0.679396 -4.684583 -13.004190 -19.295263 -22.641750 -22.194692 -21.753532 -21.568506 -20.450761 -19.086545 -21.390045 -22.761919 -21.293216 -16.565082 -23.103268 -28.357561 -35.130238 -29.912527 -23.118451 -25.208046 -36.268468 -37.751196 -37.223341 
-16.368291 -16.373475 8.337616 20.658791 14.240187 -8.348221 11.007250 10.035610 -7.186880 12.852130 4.484806 7.328155 8.962860 -0.282432 2.285292 0.154343 -2.554232 -0.438041 -9.185531 -14.810641 -19.016241 -21.370522 -23.077824 -21.838675 -22.859378 -20.983603 -13.657035 -14.880369 -22.389081 -23.030496 -19.170403 -25.299537 -30.010079 -34.034809 -27.726064 -23.242733 -27.947952 -34.991097 -36.521212 -36.556926 
-16.228281 -24.691975 9.796898 21.218599 13.892924 -6.713890 11.063824 8.254330 -5.780570 12.141976 2.153937 7.513566 7.133248 1.178862 0.920297 0.237551 -2.785193 0.034856 -9.757300 -14.696770 -21.272064 -23.083407 -25.776843 -24.777004 -26.329100 -24.209712 -15.224669 -17.184823 -24.787917 -24.878885 -19.505955 -25.794511 -34.518974 -39.573495 -29.961437 -24.293979 -30.453749 -41.457675 -47.538588 -45.460303 
-17.086044 -18.924283 10.919819 21.510677 13.368035 -6.579476 11.585227 8.138048 -4.787447 11.475595 -0.122976 8.779295 5.362302 -1.304906 -1.122486 2.214844 -2.430709 -1.756847 -9.414703 -16.948572 -21.780972 -24.825873 -27.261323 -27.065846 -28.072281 -22.908557 -15.691602 -19.321299 -25.566856 -25.425506 -19.665987 -26.168779 -32.141543 -40.381646 -31.173726 -25.393289 -31.113247 -43.632837 -48.468438 -47.017462 
-18.807056 -18.506800 11.182708 21.517098 13.168627 -6.155217 11.559328 8.303587 -4.258977 11.649257 -0.130530 8.299331 4.785898 0.846463 -1.734492 0.215917 -4.320454 -3.723150 -11.423023 -15.703478 -21.327590 -25.856265 -27.834431 -26.429366 -27.265123 -24.485499 -19.557263 -23.871286 -31.030062 -29.497200 -21.009220 -29.508815 -35.439911 -44.156235 -32.389790 -25.639891 -29.578774 -41.524847 -48.549595 -47.529429 
-20.942464 -16.762687 9.783104 21.344657 14.371425 -6.977364 10.209186 9.256112 -6.348656 12.724764 5.500107 6.367206 7.897236 -1.000792 1.654937 -0.377526 -1.330891 -4.214384 -12.702174 -16.699571 -20.780359 -24.206646 -26.902038 -26.278739 -26.781464 -23.718496 -15.622940 -18.856070 -24.940049 -23.209435 -20.492784 -26.822620 -33.255158 -40.664205 -35.271737 -29.056285 -35.083722 -41.886016 -42.743794 -42.771225 
-20.849194 -15.315839 8.248917 21.417972 15.754767 -9.800608 8.533366 9.593470 -10.964670 12.524525 5.339885 3.973574 8.043057 -3.730259 0.245879 -2.881043 -1.616027 -6.140018 -14.603874 -22.701853 -22.006151 -27.927482 -32.079645 -31.899771 -29.811820 -22.891286 -13.710447 -16.201519 -23.316700 -22.815933 -23.311605 -29.902731 -36.354001 -45.097465 -33.256517 -24.531247 -30.551030 -45.270673 -45.324726 -47.499827 
-25.014835 -22.120517 7.934814 21.740072 16.519803 -10.616528 8.330805 10.286727 -10.754746 12.752172 7.719894 2.592614 9.085654 -4.754023 0.639222 -1.884162 -0.150014 -7.804761 -13.905041 -23.147648 -22.675022 -26.880698 -28.682268 -27.790551 -27.108068 -24.270149 -17.405081 -21.454851 -27.345014 -24.455013 -23.632916 -27.075564 -32.977552 -41.447401 -35.904254 -27.115371 -32.223469 -44.329126 -44.289236 -43.851651 
-20.061136 -19.138069 8.298712 22.084933 16.704226 -10.333673 8.987315 10.829182 -8.592479 13.083798 7.743362 3.230209 9.954689 -2.719473 2.104857 -0.796300 1.426544 -8.542453 -14.706249 -23.469163 -23.153239 -27.908832 -29.263474 -28.384705 -28.684750 -26.495577 -19.079804 -21.262060 -25.587414 -23.571972 -22.296366 -28.006932 -33.404773 -40.074801 -34.390956 -26.896041 -33.941089 -41.929307 -41.663253 -41.144613 
-24.993244 -14.055473 9.375638 22.319476 16.328976 -7.259611 10.031944 10.432863 -7.692480 13.320279 6.384858 5.216613 9.777276 -1.116888 4.078508 1.730895 1.722786 -9.619899 -17.771642 -24.232975 -23.763768 -29.937353 -31.178721 -32.191374 -28.968180 -26.256974 -21.731479 -22.536316 -25.409355 -21.515734 -19.770641 -27.698237 -34.166487 -46.441135 -38.952976 -32.210876 -38.524019 -47.047337 -47.103565 -45.842122 
-15.663326 -20.492566 11.142882 22.515351 15.141058 -7.327333 11.404638 9.102671 -4.610704 13.641003 3.158981 7.575162 7.537677 0.640911 2.240209 5.994149 0.683079 -11.793538 -21.351223 -25.312087 -26.999457 -31.321357 -35.174208 -34.178565 -32.346144 -28.513308 -19.025694 -22.789694 -25.281125 -22.191123 -20.979290 -27.408267 -33.658408 -48.186088 -42.474491 -33.642415 -38.310807 -47.557388 -48.676185 -47.603799 
-17.972865 -16.154050 13.000516 22.689173 13.788458 -3.843228 12.634121 7.611903 0.473294 13.008867 -0.315651 10.159144 5.013395 2.860948 0.182766 8.594138 -2.499275 -16.649784 -20.513918 -25.082747 -26.326653 -29.366560 -37.475803 -34.550216 -32.820441 -29.937498 -18.887375 -22.570995 -29.530339 -24.882504 -22.367945 -30.260282 -33.344320 -44.328720 -40.736393 -32.596190 -37.581621 -45.171820 -45.430298 -45.033386 
-24.767695 -12.341531 14.905610 22.689268 12.232175 0.467514 13.609329 5.650041 5.673111 11.524758 -2.808669 10.920788 0.672104 2.196258 0.158338 8.888170 -7.617045 -17.824721 -19.318186 -26.753032 -28.328704 -30.985910 -35.445022 -34.401974 -33.177776 -31.649823 -22.014622 -23.251268 -30.522855 -25.463571 -23.031300 -30.188317 -34.412930 -43.333104 -41.220243 -36.346365 -41.378499 -45.338029 -44.676524 -45.180054 
-18.794192 -5.854711 16.863769 22.092859 8.837651 6.231388 14.318670 1.611341 11.844421 10.801567 2.503277 9.130993 1.348654 3.249175 7.597911 6.760538 -6.394353 -16.015563 -19.174032 -25.107968 -25.684841 -30.164850 -31.758267 -32.226507 -31.955598 -30.250395 -23.602785 -26.583006 -31.743215 -25.070576 -23.767927 -30.373700 -32.663590 -38.572393 -38.247653 -33.575848 -36.855617 -39.933727 -40.015808 -40.188008 
-12.828767 -0.806083 18.604855 21.547375 5.728541 10.929659 14.574091 2.914827 15.872538 8.556374 6.061594 3.519303 5.846329 5.217091 11.266529 2.103081 -4.455365 -14.965233 -19.836669 -24.092647 -27.821784 -32.353458 -33.817597 -33.661285 -33.666171 -30.707460 -19.645981 -23.530437 -30.353958 -23.143909 -23.294152 -30.389548 -33.116230 -45.112333 -40.620302 -33.426898 -39.233248 -46.389403 -46.685039 -46.659931 
-14.088893 3.289088 20.031261 20.827094 4.607366 14.127848 13.761521 7.445143 17.434438 5.260092 7.190795 1.517877 8.712755 8.097669 12.205247 3.807070 -7.020347 -17.378342 -18.670225 -24.691471 -26.774600 -31.232480 -32.728419 -31.950259 -30.819494 -29.551065 -22.570632 -26.180113 -30.097403 -21.711674 -23.412997 -30.692078 -34.710560 -40.020366 -40.128576 -38.351109 -39.822376 -42.119077 -42.107841 -42.053774 
-13.384889 6.756153 21.208747 19.383151 4.596043 15.546473 10.593762 12.456079 16.446673 4.569801 6.810234 5.198759 7.879167 11.320902 9.210542 6.636167 -8.008716 -17.028514 -20.174175 -25.457088 -26.570329 -29.152400 -33.221286 -33.727071 -32.634821 -30.136052 -21.987339 -23.696660 -27.916764 -21.355105 -24.013054 -31.171187 -35.521440 -46.518349 -44.614593 -36.757669 -41.579886 -46.080180 -47.765490 -47.818857 
-16.295679 9.927921 21.877988 17.706734 7.126223 16.084870 7.844875 15.620369 12.398745 6.831317 3.452463 7.937119 6.971560 10.501101 9.865239 5.305686 -8.925937 -16.918743 -22.250495 -26.676882 -26.834073 -30.630489 -32.963426 -34.106428 -33.464186 -30.825897 -21.339298 -24.741336 -30.193661 -21.924465 -24.799006 -31.128846 -35.805065 -48.078266 -43.867693 -37.439646 -38.437628 -47.088828 -48.221949 -47.787834 
-13.313445 11.791929 22.341011 16.588615 10.270686 15.889407 7.720134 16.749585 8.694245 8.713346 2.636379 8.295057 8.536793 9.100434 11.165336 0.043364 -10.025224 -18.658740 -20.506849 -24.310499 -24.114209 -26.069297 -28.282921 -29.009076 -29.570795 -29.137967 -22.365293 -25.298955 -27.538435 -22.596691 -25.413412 -30.399619 -32.477284 -35.031665 -34.910480 -33.484239 -35.180020 -36.568218 -36.773077 -36.717880 
-9.965166 13.393864 22.261143 15.329528 12.324033 14.163897 9.182223 16.300735 7.541291 9.198297 3.639399 6.225133 9.998254 10.741191 10.284190 -2.713584 -12.468120 -18.808367 -25.048190 -24.980530 -26.981080 -27.105505 -28.959888 -30.583686 -30.149682 -30.035978 -22.856753 -26.020883 -28.204884 -22.713353 -26.166290 -29.459719 -33.752989 -37.198044 -37.359379 -35.174168 -37.104440 -38.396521 -38.634069 -38.652336 
-6.161926 14.282916 21.591548 13.008658 13.713535 12.836374 11.534844 14.391963 8.800213 9.061644 3.563766 4.195658 9.131983 10.361208 5.556930 -5.824627 -12.909169 -21.423281 -24.585131 -26.559639 -27.110009 -32.500613 -34.163950 -34.420888 -32.900297 -29.291597 -21.212705 -25.929728 -28.760323 -21.428080 -24.363690 -30.181296 -34.640227 -41.991480 -40.300808 -36.038790 -41.509530 -42.895236 -43.070672 -43.421171 
-6.819789 14.728720 20.879311 11.481696 14.813653 12.369165 13.105551 12.917724 12.119431 8.820785 2.415493 5.284787 8.488746 8.761425 0.988834 -6.525428 -14.738559 -24.302217 -27.438815 -30.459444 -28.761152 -32.704045 -36.338515 -37.401688 -34.694738 -30.619080 -21.510599 -26.856108 -28.724419 -22.923963 -26.344761 -30.953489 -35.916836 -44.475245 -43.832746 -38.588638 -43.119013 -46.487833 -46.741549 -47.096828 
-4.539347 14.634798 20.312043 11.506475 15.170069 12.304308 13.377244 12.156013 12.846505 7.496562 0.887394 5.840938 7.297823 6.694382 -2.255787 -8.906838 -16.379003 -23.734948 -26.386288 -27.244956 -28.763493 -29.388567 -31.063548 -32.484088 -32.541516 -31.028514 -23.262879 -28.776853 -30.670415 -24.276404 -27.424619 -32.630015 -35.593083 -38.864823 -39.019548 -36.801453 -38.116469 -40.161612 -40.296350 -40.277816 
-4.856525 14.419458 19.651977 10.420497 15.228270 11.172004 13.822218 11.305100 12.405862 5.708543 -0.863706 5.186741 5.369166 3.519192 -3.943295 -12.609532 -21.312479 -27.118057 -29.156233 -30.558084 -31.760890 -33.328110 -35.982557 -36.709368 -35.542768 -32.454315 -25.908717 -30.599473 -30.814944 -27.170143 -30.108183 -36.563102 -39.966255 -41.908538 -42.152718 -41.267434 -42.155146 -42.990651 -43.067297 -43.338345 
-3.911502 14.196012 18.867447 8.404098 15.072474 10.824305 13.798813 10.191416 11.102053 4.037659 -0.108091 5.632128 2.761891 -0.104908 -6.314525 -12.794236 -22.227612 -27.755341 -28.334290 -28.538874 -29.360284 -30.742580 -31.347272 -32.535501 -33.050658 -32.334199 -27.779952 -29.647930 -32.734427 -28.369212 -30.547401 -34.472290 -36.540277 -37.873333 -38.181358 -37.699420 -38.507987 -39.076580 -39.260190 -39.595100 
-4.449758 13.398272 18.224375 9.654710 14.685470 10.284722 14.345185 10.913888 10.439953 1.372471 -2.564569 4.647659 1.679832 -2.697665 -9.328127 -17.098988 -25.639637 -35.695311 -40.452306 -38.714026 -34.683293 -36.789678 -41.108119 -45.099821 -44.209810 -38.028610 -27.315755 -31.691436 -35.656950 -28.084211 -32.551406 -40.246485 -42.973533 -47.135388 -50.141815 -44.946218 -47.039205 -52.597650 -50.502191 -51.054247 
-3.326745 12.761805 17.850584 8.762438 13.998310 10.368432 13.213971 9.634554 7.534813 -1.070185 -3.486030 2.088811 -0.365565 -4.813959 -12.685373 -19.500169 -26.216578 -32.836260 -33.905464 -34.636315 -34.389145 -36.074947 -38.091345 -38.395613 -39.553271 -39.049561 -31.649967 -36.573509 -37.530298 -30.260891 -35.353770 -41.950386 -43.132287 -43.517296 -43.325776 -43.466585 -43.593003 -44.461954 -44.704134 -45.192779 
-5.183719 12.052569 17.118609 6.662626 12.428078 7.816903 11.313656 7.315668 5.885800 -2.577036 -8.027460 -2.222048 -2.678196 -9.530171 -14.762156 -22.505106 -27.666337 -31.259180 -31.793851 -32.838433 -33.205560 -34.495528 -35.204721 -35.737879 -36.200372 -36.361839 -35.581494 -37.379352 -38.257788 -35.192640 -37.393019 -40.318892 -40.639594 -41.126272 -41.250371 -40.811452 -41.501150 -42.400027 -42.539674 -42.803737 
-5.464811 11.631437 16.681765 7.078201 9.617516 5.918771 7.322691 5.476369 1.082667 -3.619643 -8.835933 -8.131695 -5.396652 -11.747405 -16.892452 -24.346282 -33.453751 -37.834394 -38.187423 -39.859973 -40.130393 -41.503983 -42.304878 -42.622514 -43.261321 -41.012095 -36.547423 -41.294173 -43.079312 -40.577895 -41.994079 -45.898644 -46.854782 -47.901298 -47.143767 -45.220917 -46.825742 -47.000398 -46.693082 -47.850004 
0.469979 10.517908 15.966235 8.465670 5.750186 3.953652 1.523259 1.867092 -6.166993 -11.193399 -10.386930 -5.802830 -7.688737 -13.178562 -15.612156 -25.967795 -33.373561 -34.450673 -35.204645 -39.184280 -41.409487 -41.972064 -42.541137 -42.629646 -44.561777 -43.541269 -41.187884 -43.988402 -44.150478 -40.760951 -41.984441 -45.396830 -47.554789 -48.427771 -46.826990 -45.595982 -46.462819 -48.994853 -48.176374 -49.952287 
3.293428 5.936962 6.879125 4.051207 1.200392 -1.039740 -4.659477 -4.265089 -9.270726 -13.618476 -14.666822 -21.649697 -16.695663 -25.639066 -32.390606 -31.902332 -36.539095 -36.142996 -34.346396 -36.654046 -39.484070 -38.792148 -39.736062 -40.940389 -40.670669 -41.485689 -43.795670 -43.928773 -43.469398 -44.990373 -44.880492 -45.583545 -46.413133 -46.292039 -45.833857 -45.127969 -45.194510 -48.014494 -48.568476 -48.898561 
-46.038462 -30.750368 -28.332883 -38.103603 -43.542343 -49.509609 -53.611570 -56.862716 -57.611440 -61.853073 -61.035727 -54.474418 -50.900802 -51.735308 -58.570201 -68.250656 -74.174165 -79.077666 -76.541659 -77.278404 -79.591063 -79.462445 -79.029641 -78.061322 -80.981091 -77.879373 -78.877905 -80.576408 -78.101814 -77.676433 -78.334908 -79.896384 -80.266680 -79.120757 -80.775542 -79.689269 -81.131905 -80.591903 -83.546830 -81.867206 
-46.902908 -36.934874 -37.834575 -45.360498 -54.100483 -59.761003 -70.648897 -66.562809 -67.198653 -68.519481 -71.758797 -63.648057 -62.683797 -63.923483 -63.936978 -67.650395 -71.293305 -74.578343 -76.839360 -80.106753 -83.851092 -78.425632 -79.805505 -76.181733 -78.610673 -80.554244 -81.972728 -84.988076 -80.290549 -79.196117 -78.261279 -81.538544 -84.694565 -82.405712 -82.551295 -81.536346 -83.789065 -84.931023 -84.081111 -83.714771 
-55.987839 -49.348687 -51.811335 -56.918125 -62.783187 -70.770934 -67.138381 -69.768060 -66.718629 -70.462046 -79.323367 -72.238799 -69.111199 -69.455889 -69.169234 -73.963659 -74.532952 -78.943406 -78.569036 -79.270435 -79.255121 -79.267638 -79.995760 -80.367008 -81.704818 -77.315987 -80.848865 -85.683543 -86.822080 -85.062954 -80.693611 -82.491116 -88.204379 -87.723402 -88.624889 -84.899830 -86.764607 -87.555927 -86.694211 -87.893693 
-75.440171 -74.069708 -74.570642 -78.323970 -84.123560 -82.802901 -83.934040 -87.660929 -83.896568 -87.966570 -90.077955 -86.571166 -85.042649 -88.472171 -87.272993 -86.166183 -88.890233 -89.137525 -87.751893 -89.888669 -88.662619 -90.160793 -89.938191 -91.040453 -91.356447 -92.450453 -92.978581 -94.967649 -96.491767 -97.833831 -100.041156 -104.392926 -105.530776 -107.356369 -105.624550 -101.799306 -100.361890 -99.502887 -99.677745 -101.939554 
NaN NaN NaN NaN NaN NaN NaN NaN NaN NaN NaN NaN NaN NaN NaN NaN NaN NaN NaN NaN NaN NaN NaN NaN NaN NaN NaN NaN NaN NaN NaN NaN NaN NaN NaN NaN NaN NaN NaN NaN 
NaN NaN NaN NaN NaN NaN NaN NaN NaN NaN NaN NaN NaN NaN NaN NaN NaN NaN NaN NaN NaN NaN NaN NaN NaN NaN NaN NaN NaN NaN NaN NaN NaN NaN NaN NaN NaN NaN NaN NaN 
NaN NaN NaN NaN NaN NaN NaN NaN NaN NaN NaN NaN NaN NaN NaN NaN NaN NaN NaN NaN NaN NaN NaN NaN NaN NaN NaN NaN NaN NaN NaN NaN NaN NaN NaN NaN NaN NaN NaN NaN 
NaN NaN NaN NaN NaN NaN NaN NaN NaN NaN NaN NaN NaN NaN NaN NaN NaN NaN NaN NaN NaN NaN NaN NaN NaN NaN NaN NaN NaN NaN NaN NaN NaN NaN NaN NaN NaN NaN NaN NaN 
NaN NaN NaN NaN NaN NaN NaN NaN NaN NaN NaN NaN NaN NaN NaN NaN NaN NaN NaN NaN NaN NaN NaN NaN NaN NaN NaN NaN NaN NaN NaN NaN NaN NaN NaN NaN NaN NaN NaN NaN 
NaN NaN NaN NaN NaN NaN NaN NaN NaN NaN NaN NaN NaN NaN NaN NaN NaN NaN NaN NaN NaN NaN NaN NaN NaN NaN NaN NaN NaN NaN NaN NaN NaN NaN NaN NaN NaN NaN NaN NaN 
NaN NaN NaN NaN NaN NaN NaN NaN NaN NaN NaN NaN NaN NaN NaN NaN NaN NaN NaN NaN NaN NaN NaN NaN NaN NaN NaN NaN NaN NaN NaN NaN NaN NaN NaN NaN NaN NaN NaN NaN 
NaN NaN NaN NaN NaN NaN NaN NaN NaN NaN NaN NaN NaN NaN NaN NaN NaN NaN NaN NaN NaN NaN NaN NaN NaN NaN NaN NaN NaN NaN NaN NaN NaN NaN NaN NaN NaN NaN NaN NaN 
-75.200112 -75.231632 -75.284102 -75.372702 -75.492963 -75.661949 -75.869141 -76.136241 -76.493599 -76.923361 -77.452204 -78.117871 -78.914425 -79.902617 -81.125286 -82.613720 -84.503940 -86.873370 -89.888754 -93.512026 -96.494194 -96.391358 -94.746123 -93.564900 -93.025381 -92.765388 -92.416011 -92.027312 -92.126468 -93.546650 -98.010388 -105.879724 -96.836496 -91.916855 -90.967609 -93.537934 -97.658851 -93.520531 -91.124478 -93.543627 
-74.625214 -74.657161 -74.710345 -74.800156 -74.922078 -75.093429 -75.303574 -75.574572 -75.937321 -76.373859 -76.911523 -77.589149 -78.401442 -79.411694 -80.666323 -82.202434 -84.171791 -86.683610 -89.997284 -94.309690 -98.195710 -97.459069 -95.058497 -93.651003 -93.101966 -92.862325 -92.434968 -91.870628 -91.782993 -93.032894 -97.145810 -103.247806 -95.882929 -91.146363 -90.129100 -92.351850 -95.622489 -92.275922 -90.115640 -92.209080 
NaN NaN NaN NaN NaN NaN NaN NaN NaN NaN NaN NaN NaN NaN NaN NaN NaN NaN NaN NaN NaN NaN NaN NaN NaN NaN NaN NaN NaN NaN NaN NaN NaN NaN NaN NaN NaN NaN NaN NaN 
NaN NaN NaN NaN NaN NaN NaN NaN NaN NaN NaN NaN NaN NaN NaN NaN NaN NaN NaN NaN NaN NaN NaN NaN NaN NaN NaN NaN NaN NaN NaN NaN NaN NaN NaN NaN NaN NaN NaN NaN 
