NaN NaN NaN NaN NaN NaN NaN NaN NaN NaN NaN NaN NaN NaN NaN NaN NaN NaN NaN NaN NaN NaN NaN NaN NaN NaN NaN NaN NaN NaN NaN NaN NaN NaN NaN NaN NaN NaN NaN NaN 
NaN NaN NaN NaN NaN NaN NaN NaN NaN NaN NaN NaN NaN NaN NaN NaN NaN NaN NaN NaN NaN NaN NaN NaN NaN NaN NaN NaN NaN NaN NaN NaN NaN NaN NaN NaN NaN NaN NaN NaN 
NaN NaN NaN NaN NaN NaN NaN NaN NaN NaN NaN NaN NaN NaN NaN NaN NaN NaN NaN NaN NaN NaN NaN NaN NaN NaN NaN NaN NaN NaN NaN NaN NaN NaN NaN NaN NaN NaN NaN NaN 
NaN NaN NaN NaN NaN NaN NaN NaN NaN NaN NaN NaN NaN NaN NaN NaN NaN NaN NaN NaN NaN NaN NaN NaN NaN NaN NaN NaN NaN NaN NaN NaN NaN NaN NaN NaN NaN NaN NaN NaN 
NaN NaN NaN NaN NaN NaN NaN NaN NaN NaN NaN NaN NaN NaN NaN NaN NaN NaN NaN NaN NaN NaN NaN NaN NaN NaN NaN NaN NaN NaN NaN NaN NaN NaN NaN NaN NaN NaN NaN NaN 
NaN NaN NaN NaN NaN NaN NaN NaN NaN NaN NaN NaN NaN NaN NaN NaN NaN NaN NaN NaN NaN NaN NaN NaN NaN NaN NaN NaN NaN NaN NaN NaN NaN NaN NaN NaN NaN NaN NaN NaN 
NaN NaN NaN NaN NaN NaN NaN NaN NaN NaN NaN NaN NaN NaN NaN NaN NaN NaN NaN NaN NaN NaN NaN NaN NaN NaN NaN NaN NaN NaN NaN NaN NaN NaN NaN NaN NaN NaN NaN NaN 
NaN NaN NaN NaN NaN NaN NaN NaN NaN NaN NaN NaN NaN NaN NaN NaN NaN NaN NaN NaN NaN NaN NaN NaN NaN NaN NaN NaN NaN NaN NaN NaN NaN NaN NaN NaN NaN NaN NaN NaN 
NaN NaN NaN NaN NaN NaN NaN NaN NaN NaN NaN NaN NaN NaN NaN NaN NaN NaN NaN NaN NaN NaN NaN NaN NaN NaN NaN NaN NaN NaN NaN NaN NaN NaN NaN NaN NaN NaN NaN NaN 
NaN NaN NaN NaN NaN NaN NaN NaN NaN NaN NaN NaN NaN NaN NaN NaN NaN NaN NaN NaN NaN NaN NaN NaN NaN NaN NaN NaN NaN NaN NaN NaN NaN NaN NaN NaN NaN NaN NaN NaN 
NaN NaN NaN NaN NaN NaN NaN NaN NaN NaN NaN NaN NaN NaN NaN NaN NaN NaN NaN NaN NaN NaN NaN NaN NaN NaN NaN NaN NaN NaN NaN NaN NaN NaN NaN NaN NaN NaN NaN NaN 
NaN NaN NaN NaN NaN NaN NaN NaN NaN NaN NaN NaN NaN NaN NaN NaN NaN NaN NaN NaN NaN NaN NaN NaN NaN NaN NaN NaN NaN NaN NaN NaN NaN NaN NaN NaN NaN NaN NaN NaN 
NaN NaN NaN NaN NaN NaN NaN NaN NaN NaN NaN NaN NaN NaN NaN NaN NaN NaN NaN NaN NaN NaN NaN NaN NaN NaN NaN NaN NaN NaN NaN NaN NaN NaN NaN NaN NaN NaN NaN NaN 
NaN NaN NaN NaN NaN NaN NaN NaN NaN NaN NaN NaN NaN NaN NaN NaN NaN NaN NaN NaN NaN NaN NaN NaN NaN NaN NaN NaN NaN NaN NaN NaN NaN NaN NaN NaN NaN NaN NaN NaN 
NaN NaN NaN NaN NaN NaN NaN NaN NaN NaN NaN NaN NaN NaN NaN NaN NaN NaN NaN NaN NaN NaN NaN NaN NaN NaN NaN NaN NaN NaN NaN NaN NaN NaN NaN NaN NaN NaN NaN NaN 
NaN NaN NaN NaN NaN NaN NaN NaN NaN NaN NaN NaN NaN NaN NaN NaN NaN NaN NaN NaN NaN NaN NaN NaN NaN NaN NaN NaN NaN NaN NaN NaN NaN NaN NaN NaN NaN NaN NaN NaN 
NaN NaN NaN NaN NaN NaN NaN NaN NaN NaN NaN NaN NaN NaN NaN NaN NaN NaN NaN NaN NaN NaN NaN NaN NaN NaN NaN NaN NaN NaN NaN NaN NaN NaN NaN NaN NaN NaN NaN NaN 
NaN NaN NaN NaN NaN NaN NaN NaN NaN NaN NaN NaN NaN NaN NaN NaN NaN NaN NaN NaN NaN NaN NaN NaN NaN NaN NaN NaN NaN NaN NaN NaN NaN NaN NaN NaN NaN NaN NaN NaN 
NaN NaN NaN NaN NaN NaN NaN NaN NaN NaN NaN NaN NaN NaN NaN NaN NaN NaN NaN NaN NaN NaN NaN NaN NaN NaN NaN NaN NaN NaN NaN NaN NaN NaN NaN NaN NaN NaN NaN NaN 
-35.544684 -38.383343 -43.152146 -48.896930 -52.967043 -58.148419 -59.832025 -65.668974 -71.091610 -74.637703 -76.610229 -73.879038 -72.624009 -73.275661 -76.059528 -79.614660 -76.577473 -76.958722 -84.949510 -77.460620 -77.805332 -83.501753 -80.980273 -79.008527 -80.743975 -78.773908 -75.166000 -83.804011 -80.512504 -76.772484 -77.493519 -81.446812 -77.795477 -76.750369 -80.488580 -80.015301 -80.782929 -82.856909 -79.322945 -80.997339 
-7.452707 -6.541338 -8.478570 -6.948514 -7.168478 -8.928309 -7.863840 -6.973543 -7.585701 -6.445148 -4.060881 -1.477239 -0.673734 -2.720384 -4.702003 -5.894569 -5.332843 -4.722776 -3.694119 -9.138915 -15.835684 -19.555290 -22.442302 -24.625406 -25.018359 -22.966727 -19.132155 -18.062856 -21.273313 -24.947133 -19.920329 -21.435263 -29.250519 -28.553014 -21.618889 -34.027463 -54.312851 -56.178494 -54.983950 -51.366405 
-3.708227 -4.484419 3.001491 8.682433 6.519989 3.403202 5.689416 5.270470 6.422403 9.572094 10.569389 13.669186 14.682531 13.741890 9.800977 8.161194 7.514571 8.153966 7.404480 1.293292 -4.086393 -5.980028 -8.544526 -11.227703 -13.152483 -12.869297 -8.616190 -5.505553 -9.154094 -12.861659 -11.444032 -12.357090 -16.913674 -17.686463 -18.812947 -30.409951 -39.755755 -44.189330 -45.614664 -39.459433 
-10.136687 -3.990729 5.791206 15.245437 8.377277 -1.765003 10.585831 7.425925 4.930501 15.001101 10.269674 16.773902 17.595635 17.171305 13.469403 10.557024 8.693502 10.252012 10.791830 3.402714 -4.957755 -5.389602 -8.636675 -11.213477 -13.133969 -13.253974 -7.495737 -2.704911 -8.527997 -12.782278 -9.831522 -10.372284 -15.988345 -16.636904 -19.332124 -31.448881 -39.123038 -42.182496 -43.346447 -38.667504 
-19.144662 -13.255441 5.882973 16.299541 8.652391 -2.727077 12.342090 8.825435 2.708970 16.480651 6.914168 17.521276 15.487410 17.704950 15.753117 11.277066 6.497141 9.481597 7.992782 3.702579 -4.096974 -5.691718 -10.378825 -12.993595 -15.472030 -15.280033 -10.096337 -6.021653 -11.894717 -15.287515 -11.477304 -9.779910 -16.672424 -19.045695 -20.377783 -30.060083 -45.838385 -52.897984 -48.711033 -38.839238 
-18.845513 -13.291067 4.496939 16.659044 10.769080 -5.897347 10.765766 11.406318 -1.658603 16.960660 11.834872 16.104630 19.261751 15.655416 16.467178 8.853806 8.726296 8.785546 7.060830 5.128595 -2.562769 -5.554457 -9.724756 -12.205948 -15.688466 -15.468129 -10.977186 -7.837837 -12.316188 -17.343126 -14.491577 -10.848690 -17.073561 -20.324668 -22.734979 -32.175956 -41.168791 -42.853264 -42.747544 -39.517562 
-20.455282 -27.103810 3.899619 17.365615 11.965116 -10.527252 10.185363 12.103168 -8.163268 17.432168 13.452144 13.545089 21.034403 9.417027 16.472646 5.688162 7.791209 6.748812 3.177782 4.242438 -3.281889 -7.885483 -11.006516 -14.262280 -17.761487 -17.723579 -13.525313 -9.357775 -13.211251 -15.872173 -12.864435 -10.444113 -15.184136 -18.601245 -19.704242 -30.367823 -43.630918 -48.275454 -45.879440 -36.693572 
-20.967988 -18.322388 3.095436 17.363634 12.665725 -11.134232 9.976400 12.989106 -7.830237 16.940125 14.083353 12.769564 21.112461 9.212592 17.532481 5.581471 8.814166 7.845887 5.565420 4.524145 -3.684045 -7.478280 -10.304554 -14.092563 -17.708651 -18.447305 -14.633935 -9.205927 -11.265185 -15.709916 -11.959540 -10.187790 -16.064067 -19.703358 -20.142640 -28.727492 -40.930325 -44.096460 -42.420022 -34.796037 
-29.791355 -20.920562 0.856251 17.272012 13.420772 -10.850083 8.498126 13.637819 -7.163540 16.034357 16.118039 10.005171 21.723667 8.503807 17.066612 5.251498 9.223228 7.072790 7.135603 2.975457 -4.089432 -7.180155 -10.418495 -12.805623 -16.100933 -16.318943 -14.213495 -8.291974 -10.154667 -14.706855 -10.855211 -9.706804 -17.501806 -21.625103 -20.317907 -28.803664 -34.245636 -34.953630 -35.053600 -32.397947 
-31.083305 -29.771318 0.517513 17.454386 14.325096 -9.844606 7.628094 14.045182 -5.974001 15.896955 17.650055 7.980391 22.141772 8.772168 15.777799 5.181195 9.246846 6.713040 8.541751 -0.143591 -6.486971 -8.786280 -11.541428 -13.269145 -17.643971 -18.642035 -15.097066 -10.156736 -12.227497 -17.417606 -14.098609 -10.486972 -19.465895 -22.253594 -21.033423 -30.168478 -42.664415 -46.556402 -42.441031 -34.517490 
-28.445958 -19.745178 0.497323 17.751501 14.583797 -9.219260 6.890198 14.160951 -4.727158 15.509749 18.255725 7.332835 21.982235 9.197266 14.616559 5.516258 9.060596 6.466034 9.570417 -2.485789 -7.036116 -9.381732 -12.729204 -14.492282 -18.095295 -18.632617 -14.740926 -9.351012 -10.628337 -17.419661 -14.407252 -10.990459 -19.098909 -21.660592 -20.680173 -28.855412 -34.286686 -34.815887 -34.634105 -31.808049 
-10.915802 -15.251436 -1.821334 17.884484 16.639277 -4.480976 4.429981 14.939054 1.969169 11.761955 19.841405 6.203399 21.009450 14.844073 12.509592 10.234163 8.681674 6.653723 10.755337 -2.574869 -6.036845 -7.363570 -13.118855 -15.287491 -17.352476 -17.869513 -14.799505 -10.304799 -11.758663 -17.161048 -13.200962 -10.560140 -18.774696 -23.827431 -23.511112 -34.288945 -45.334438 -47.704647 -43.177817 -34.477056 
-13.085874 -19.222689 -5.368884 17.978178 18.029807 -1.901019 2.528661 15.361525 3.785577 7.472761 20.209594 3.953005 19.640665 16.154141 9.906014 10.441474 6.763951 5.078775 8.264898 -3.304519 -8.739970 -9.509454 -16.030498 -18.334289 -20.013095 -20.097848 -16.587516 -12.296723 -13.317120 -16.979300 -13.023860 -10.103641 -21.019479 -25.910586 -23.129539 -30.261533 -36.655218 -37.055470 -36.900035 -32.547305 
-16.640954 -16.797863 -3.549947 18.221007 18.283419 -1.687353 2.540483 15.514484 3.514959 8.434800 20.361160 4.807965 19.709971 14.813208 8.736057 9.407439 6.934211 4.560702 6.262139 -5.399529 -9.687420 -10.806101 -17.641848 -19.433097 -20.535996 -20.103077 -16.894864 -12.223316 -13.237194 -17.597536 -13.176846 -11.105049 -21.385991 -26.429015 -23.007757 -31.365737 -47.595751 -49.677321 -41.281473 -33.034599 
-27.965362 -20.070649 -4.634167 17.962551 17.957246 -2.988787 2.106479 15.320967 3.023579 7.879916 20.556186 4.709378 18.914629 15.104284 7.594654 9.272170 6.735871 5.010778 4.154112 -6.176589 -11.013618 -12.053994 -17.498182 -20.227555 -20.831825 -19.373249 -15.866018 -12.718914 -16.027251 -22.158583 -16.308204 -11.825195 -21.088065 -25.657435 -23.083791 -30.844856 -45.765740 -46.911107 -43.923657 -36.031658 
-23.430052 -22.657681 -2.835413 17.119543 16.245068 -4.290708 4.242096 14.151534 -0.519740 12.659209 20.284338 4.711948 19.738974 11.702634 10.712942 7.095217 10.196419 4.727450 6.531658 -6.490681 -11.573260 -10.697324 -16.102638 -17.983206 -18.024784 -18.056238 -12.734706 -8.403800 -13.564554 -21.917846 -18.771854 -14.177932 -19.944953 -23.017087 -19.039523 -27.450691 -32.951211 -33.227734 -33.226326 -32.564732 
-22.937139 -21.253927 -0.228376 15.419245 12.393611 -7.117812 6.987982 9.588455 -1.148822 17.262476 17.875455 12.320975 19.523495 8.788313 11.201564 6.953522 11.301919 9.973818 7.625139 -5.408667 -9.944498 -12.207013 -15.198925 -16.949399 -19.063596 -18.005848 -11.940920 -6.287209 -10.343403 -18.330926 -17.377657 -14.326019 -20.486263 -22.129802 -16.929705 -25.460590 -41.755555 -45.475788 -43.443982 -39.016885 
-18.970824 -16.463699 -2.033504 13.747701 8.853991 -6.706165 4.750385 8.673270 2.335293 13.190355 12.573342 12.065607 16.081278 8.676090 10.771453 5.499086 5.616301 7.294795 6.591139 -1.968632 -8.345525 -10.730716 -14.333858 -14.622514 -17.408014 -18.247606 -14.878644 -9.439723 -15.002677 -19.927319 -18.025558 -13.583017 -20.992382 -23.785167 -22.054347 -32.164953 -45.667659 -47.787397 -44.769133 -38.481812 
-26.457302 -24.994805 0.152282 14.641951 11.469900 -5.976230 5.524365 8.822207 -2.712746 14.835011 12.582697 12.579623 19.574562 9.097465 15.478192 4.928974 7.878503 6.785910 4.862807 1.079208 -7.866212 -11.324188 -14.678111 -16.375854 -18.672019 -17.341062 -13.723660 -9.719094 -14.722679 -22.195394 -18.737258 -14.133447 -20.213253 -23.397821 -21.549027 -30.868204 -44.532189 -45.712065 -44.221406 -36.408427 
-16.852651 -20.198708 1.292980 12.309608 8.359339 -4.475283 6.412893 5.302190 0.906111 13.523227 11.074282 15.542583 18.306262 12.712748 13.043128 7.834432 7.063549 6.576784 5.641439 -0.704535 -8.456941 -12.853992 -15.847946 -19.265744 -20.934456 -19.113573 -14.760653 -10.452422 -14.499841 -21.149923 -18.353879 -14.724059 -20.818416 -22.305231 -19.763304 -28.816379 -44.864780 -47.505993 -48.588615 -42.241200 
-8.067207 -7.589232 -5.540341 3.914781 0.459062 -8.024168 -2.916432 -2.723734 -4.831442 0.475995 0.298363 6.214772 6.608567 3.769696 2.409435 -0.152203 -1.922812 -0.852206 1.394617 -7.005547 -16.067957 -18.917130 -22.294780 -24.632553 -25.877306 -23.977472 -18.829854 -15.107542 -19.952614 -26.163877 -25.442621 -23.168070 -31.514330 -32.641799 -25.173003 -32.810535 -47.600690 -49.197597 -48.894121 -44.748524 
-6.948819 -2.832788 2.201487 5.724009 -0.055393 -3.286650 0.053026 -1.197501 2.019009 4.290232 8.045333 14.029809 14.430045 12.720313 7.810650 6.493072 6.694906 6.666571 7.202181 -0.556623 -7.964925 -10.611957 -13.588894 -17.094694 -19.405885 -16.492284 -8.768440 -5.806440 -12.643239 -17.648706 -15.425183 -15.429542 -24.343704 -24.381816 -18.021252 -28.121448 -46.991302 -49.773181 -48.860365 -42.986804 
-6.180219 -4.020968 1.525423 2.773463 1.754923 2.511086 -0.065701 -0.489672 4.981320 2.825082 7.900034 12.938314 14.732206 13.274153 8.634453 7.079777 6.028791 6.273345 6.779934 1.586623 -5.941023 -8.797469 -11.566662 -14.590239 -15.798675 -14.182212 -7.997425 -6.294498 -12.059400 -16.828014 -15.807639 -14.882496 -21.363297 -22.940746 -19.541343 -28.588876 -39.977542 -41.804206 -41.859838 -38.567298 
-10.716562 -9.089472 6.338390 12.100908 1.154807 -0.646836 8.329726 0.848587 9.256395 8.325084 8.679995 16.164453 14.866030 17.419891 8.509001 8.099662 7.763185 7.141701 9.306726 3.934892 -4.777732 -8.094274 -10.413751 -13.290347 -14.082088 -11.882469 -5.119409 -3.428787 -10.579777 -13.669329 -12.535574 -10.271001 -15.931018 -17.712181 -14.132771 -24.954798 -41.790458 -45.923058 -44.716371 -36.834992 
-15.482064 -7.940268 11.470830 15.955908 3.311406 6.556808 13.071909 1.772358 15.880407 14.925544 12.411414 13.722805 9.294984 13.636636 7.077251 4.365359 5.077984 -0.036054 -0.116349 -2.192257 -0.035321 -2.608333 -9.355711 -11.757068 -14.647282 -12.205094 -8.736900 -10.957928 -18.387981 -20.082094 -16.688190 -15.738726 -19.653007 -18.465904 -18.818157 -34.495016 -46.843655 -49.240005 -48.922007 -38.022944 
-28.636006 -7.532299 12.345821 16.865481 2.931639 6.897531 13.893715 0.427928 16.171625 13.597501 12.220312 16.520586 8.117022 9.019745 6.296091 2.680015 4.730504 -1.163757 -1.508153 2.025060 4.638033 -2.282612 -10.009124 -12.141799 -15.715941 -12.044015 -8.866291 -12.069117 -16.238303 -19.969155 -15.601070 -15.770862 -18.681868 -18.026287 -20.112885 -34.099099 -42.374103 -43.303522 -42.372026 -35.063165 
-16.556468 -11.879994 11.767494 16.971092 3.721823 6.670470 14.147916 0.128091 13.829388 12.470894 10.903328 17.402847 8.522204 12.052444 7.006168 4.777434 5.348291 0.900571 0.690207 2.917283 1.713116 -6.307375 -12.795654 -15.285011 -17.081754 -12.471808 -8.932650 -11.379291 -13.162243 -15.033039 -12.209000 -13.206993 -21.451886 -19.554416 -20.184656 -33.616801 -45.282320 -47.014697 -43.185320 -31.977861 
-16.278459 -15.671733 11.297347 17.571723 5.140883 5.113137 15.037898 3.876337 11.170799 14.256834 8.001418 17.809987 7.609445 13.657734 5.917702 7.390262 5.593191 2.686429 4.234529 5.123337 -1.606462 -8.304028 -15.660890 -20.381218 -20.565094 -15.519156 -8.704997 -10.003442 -13.274941 -14.518250 -10.621140 -10.643988 -19.592041 -18.991066 -19.616748 -32.895728 -41.118552 -42.113848 -41.604409 -34.512572 
-16.092757 -13.849897 11.576387 18.378030 7.044293 4.377823 15.531195 4.996749 10.194780 15.227234 4.943460 17.680690 6.120626 13.967229 5.040578 8.474813 5.006152 4.648773 6.980410 4.424775 -3.686488 -9.220429 -15.566544 -20.277742 -21.407371 -16.270815 -8.075067 -8.628683 -12.297975 -15.438448 -11.729553 -13.399729 -20.401751 -20.414438 -20.501681 -30.287068 -33.482270 -33.659856 -33.728808 -32.573391 
-25.686544 -16.183690 11.425106 18.964459 8.018266 2.780889 15.580733 6.698172 9.564666 16.672978 3.751900 17.649207 6.372390 13.791861 4.574526 8.752103 4.792745 5.893129 9.711003 2.091795 -3.702816 -8.470012 -14.139727 -18.492638 -20.322635 -16.978752 -9.923984 -10.044947 -13.553659 -16.315630 -11.707749 -13.349186 -20.896031 -20.547605 -20.100665 -31.723215 -39.577127 -39.843788 -39.776714 -35.742669 
-25.646189 -17.081480 10.452250 19.156904 9.263404 -0.157299 15.254504 9.012729 7.858619 18.214540 4.267697 17.033236 8.942113 12.466583 5.703930 8.249297 4.074782 7.271244 9.888173 -0.417879 -4.991917 -8.577753 -14.667638 -17.187722 -19.866627 -17.726624 -11.043682 -10.395167 -14.236650 -15.790503 -12.402652 -12.226743 -20.870094 -22.049251 -20.224088 -33.648116 -50.346981 -51.219047 -47.830913 -34.167613 
-27.303154 -19.286852 10.507051 19.461258 9.663134 0.080714 15.399667 9.293491 7.363446 18.653962 4.104800 16.858749 8.951731 12.385244 4.888814 7.817004 2.221045 5.009715 6.556294 3.724786 -1.898803 -7.286428 -14.088455 -16.810035 -19.166413 -16.699642 -11.426187 -10.739060 -14.966877 -17.314039 -14.399924 -13.465179 -21.456026 -21.558069 -22.472474 -35.991628 -48.008926 -49.123906 -47.452237 -38.477935 
-25.582105 -23.316263 10.757518 20.237352 11.192234 -1.505978 15.497388 10.420577 5.681491 18.927405 4.676003 16.080598 9.858766 11.339712 6.529528 7.241393 1.627484 4.532668 6.907277 1.441370 -3.342577 -7.684600 -15.618279 -18.806310 -20.254537 -17.327820 -12.283164 -11.377553 -17.240898 -17.980595 -12.960484 -13.090525 -20.904569 -21.132913 -19.607528 -33.157872 -47.057743 -48.468455 -44.863828 -32.510136 
-38.082012 -25.453906 10.925187 20.583629 11.491193 -1.604762 15.579620 10.448135 5.825520 18.929200 4.539341 15.807112 9.152762 10.735664 4.961617 6.913820 1.965090 4.853031 7.304339 -1.244944 -6.475502 -9.840929 -18.467221 -19.674487 -20.941980 -17.644877 -10.866567 -7.983172 -13.747751 -16.596598 -13.262482 -12.304879 -21.510654 -21.259439 -19.900700 -32.333209 -47.070016 -51.238375 -48.706128 -35.737180 
-23.787853 -21.501592 11.363051 20.576707 11.008955 0.022818 15.913423 9.857705 6.720589 18.371901 3.455924 15.317262 7.480918 11.101365 4.878923 8.097806 4.141634 6.607680 6.495948 -3.757961 -8.753175 -11.235710 -18.735850 -20.342037 -22.272118 -19.686517 -12.687859 -9.329405 -14.323359 -17.587960 -14.942558 -14.536905 -23.410236 -22.184044 -21.485384 -37.435313 -49.885729 -48.569788 -48.401386 -35.883203 
-23.059141 -16.689890 12.462124 20.565493 10.105355 2.570675 16.219372 8.433055 9.114718 17.315925 4.101629 15.730269 5.915483 12.852502 4.977973 9.176635 7.839545 7.076850 6.511743 -5.251366 -10.194854 -13.141830 -20.124139 -23.652482 -25.088182 -22.026396 -15.088887 -10.215274 -13.347522 -17.773029 -14.900403 -14.685656 -24.566539 -22.723514 -21.964254 -36.630997 -49.818228 -49.035908 -46.702886 -33.699222 
-24.877014 -14.688325 13.247359 20.391634 9.323996 4.510958 16.206521 6.625364 10.641208 15.418579 3.339666 15.564358 3.885913 13.842922 5.736036 10.300654 11.241069 7.445800 5.509053 -7.156930 -12.352410 -17.660959 -24.511399 -27.999367 -30.074468 -25.618174 -17.194765 -10.073902 -14.583923 -19.746485 -17.070340 -19.017993 -26.684085 -24.209314 -20.304256 -35.478127 -48.059721 -47.845227 -45.459607 -38.390916 
-20.488834 -9.167141 13.933289 19.479111 6.950593 6.983115 15.470394 3.240740 12.868634 12.550556 9.840888 14.906582 9.405105 13.766862 10.034872 10.102353 13.604797 7.464641 4.195041 -8.580993 -12.451187 -18.179008 -23.383414 -26.582735 -25.392264 -22.257352 -16.420284 -12.915830 -18.548525 -22.249926 -18.924669 -19.063273 -27.284323 -28.604728 -26.461857 -33.507217 -34.715300 -35.096333 -35.280019 -34.410803 
-15.221341 -5.736152 14.130713 17.567678 1.560951 9.030896 13.568111 1.262027 14.629766 7.369323 14.609299 13.643047 14.370131 12.393745 12.665799 9.820326 12.270838 7.555885 -1.684433 -11.590559 -15.185399 -17.999920 -25.037446 -27.942137 -26.265503 -24.555678 -18.367471 -15.622005 -20.842991 -26.267665 -19.538177 -19.761952 -28.351096 -29.989843 -28.662683 -38.092469 -42.229471 -42.405601 -42.127669 -35.969738 
-18.129120 -3.986208 13.898689 15.760209 0.513519 9.433951 11.042789 2.177481 15.914248 6.528468 16.795726 11.776320 15.568184 10.002756 13.015281 12.559397 12.029351 6.415628 -4.908576 -11.464381 -15.720116 -18.557040 -26.320736 -32.959122 -30.506436 -27.018892 -18.316074 -13.429114 -16.695877 -22.210605 -18.506598 -19.983552 -30.686617 -30.820274 -28.210823 -40.426784 -47.576062 -47.833786 -47.075132 -38.124974 
-29.254856 -1.578821 13.934717 13.067750 -4.392463 9.962316 6.875053 6.299307 16.775242 7.172580 17.590398 9.299892 15.773982 9.811511 12.033432 13.383757 8.553151 4.201279 -5.716178 -13.345427 -17.255445 -19.453083 -24.376408 -25.728409 -26.640896 -26.220143 -20.831295 -14.920393 -18.127681 -21.794582 -19.204250 -23.645183 -30.074721 -30.447758 -28.266530 -33.161011 -33.929053 -34.125308 -34.339525 -33.517827 
-17.159488 0.559886 14.542469 12.219672 -0.812501 11.923903 6.597287 10.933750 16.227964 11.123203 17.073049 9.653767 13.952460 11.394959 11.352518 14.018769 6.714214 0.600380 -7.284135 -14.964316 -19.200208 -21.768769 -26.120264 -30.331099 -33.310294 -31.485368 -23.156794 -17.305273 -20.325459 -24.601010 -20.116892 -23.366976 -32.097161 -32.652685 -34.318204 -45.046284 -52.509365 -52.691423 -50.982664 -43.472012 
-22.909949 2.689022 15.790521 12.750290 2.042191 13.520925 7.074182 14.230597 14.592186 15.570335 16.735662 11.129440 10.361334 12.107356 14.089219 14.087990 4.699000 -5.060275 -13.209527 -20.667641 -22.522004 -23.088974 -28.121224 -33.190628 -30.970159 -31.356370 -25.949442 -18.949818 -22.086445 -26.341438 -22.709693 -26.681538 -32.983147 -32.039567 -33.562606 -44.967016 -49.337723 -51.710098 -50.154124 -45.605422 
-18.767301 3.663851 16.376101 12.990118 4.206563 13.876792 6.908537 16.927736 13.554892 18.037026 14.294391 10.257144 7.366269 12.332402 14.271776 11.076743 1.279842 -10.059250 -14.654375 -18.429818 -19.783195 -21.374943 -23.569805 -25.087032 -25.918865 -26.647671 -26.596177 -22.817745 -24.260871 -26.405758 -24.841124 -28.512973 -30.971446 -31.490656 -31.664024 -32.503171 -32.968362 -33.288586 -33.439185 -33.439651 
-24.650949 4.262235 16.717193 12.636577 5.028599 14.131706 6.654257 18.419546 14.874757 18.445545 14.034008 9.309015 6.921914 12.192681 14.277013 9.846959 1.161509 -10.339097 -16.695374 -22.199169 -23.707321 -27.565054 -30.156337 -31.553365 -32.243873 -32.496895 -26.117411 -22.453333 -26.148438 -26.395520 -19.695007 -26.015480 -32.849848 -35.122940 -35.472428 -41.514979 -43.821922 -44.014616 -44.078591 -43.337053 
-21.891027 4.180747 16.775992 12.586900 5.222427 14.418641 6.997528 19.142404 14.449127 16.714027 12.569136 8.335597 7.866595 13.150134 14.377865 6.604993 -3.517018 -13.907646 -19.209226 -23.167409 -23.322097 -26.734713 -28.580294 -30.163557 -30.561311 -30.916036 -26.527931 -22.449495 -25.447767 -28.149234 -21.241886 -26.086089 -31.884369 -32.440693 -32.323938 -36.477745 -37.451137 -37.746077 -37.831370 -38.085970 
-22.342045 4.633027 16.834809 12.614542 5.911490 14.577425 7.238356 19.689684 14.521291 14.970949 9.479366 7.478100 8.242625 12.615411 9.237690 0.906618 -7.497535 -17.289312 -23.817558 -27.513164 -29.789156 -33.821833 -37.691655 -40.032445 -41.450105 -39.311934 -30.845207 -25.753963 -29.524924 -34.437902 -26.046668 -29.277022 -35.526938 -37.597741 -35.961658 -49.152412 -54.223010 -54.679440 -53.792141 -51.294889 
-16.685424 4.022773 16.744606 12.721025 4.777303 14.552471 7.549239 19.758943 14.979566 11.823392 7.756570 8.074165 9.230945 12.897373 1.693770 -4.405179 -10.939898 -20.270680 -25.057830 -28.008074 -29.937030 -32.496243 -36.476621 -38.570514 -40.268591 -39.914962 -33.217353 -27.307198 -30.269552 -34.944391 -27.532800 -30.480306 -39.035234 -40.429628 -42.307461 -50.091432 -52.587938 -52.664038 -50.397378 -49.788601 
-26.190641 3.056013 16.418194 13.527569 3.325076 14.141256 8.800125 18.947444 17.200322 6.048503 7.590382 8.512826 8.765103 11.455307 -2.786312 -7.569877 -15.019402 -23.830214 -29.160352 -32.282899 -30.970261 -35.529423 -39.313419 -41.777053 -43.139621 -42.167895 -35.786689 -30.880911 -35.627159 -40.977756 -30.835050 -34.234317 -45.137846 -41.187539 -39.401540 -49.991479 -54.118387 -53.576560 -49.881352 -46.684085 
-20.476055 1.642121 16.079050 13.800810 0.194981 13.256546 8.421597 15.732787 18.067010 3.790913 7.000648 7.730894 8.442055 3.842385 -2.857686 -7.883191 -17.293882 -25.773911 -27.690751 -29.975009 -31.616496 -32.149409 -33.851382 -34.674689 -35.335227 -35.994443 -36.668495 -35.367556 -36.052493 -38.084467 -35.735029 -35.832949 -39.743499 -39.628336 -36.778471 -40.869998 -41.757321 -42.018271 -42.057873 -41.750235 
-16.401839 0.171979 15.375654 15.347565 -0.016981 12.158551 10.089169 11.077638 19.223843 4.062807 6.850165 5.416745 11.233429 1.979784 0.154409 -8.575655 -16.327172 -22.117508 -26.885312 -31.254386 -33.188460 -34.471531 -35.774023 -36.907562 -37.675795 -38.320550 -38.350435 -34.747524 -38.475499 -39.774968 -35.732530 -37.918008 -42.246138 -40.804543 -39.360281 -43.947554 -44.733855 -45.105758 -45.116102 -43.544229 
-26.483207 -5.189666 14.037026 16.832499 2.454704 8.948860 11.991383 4.800184 18.312066 7.452442 5.856635 4.842618 11.162734 3.498301 -0.465894 -10.046640 -14.247283 -23.209080 -29.189422 -30.879269 -33.051767 -34.691906 -37.629493 -38.865297 -38.887835 -38.962394 -37.438320 -33.450817 -36.100725 -38.831162 -30.011215 -34.489924 -42.598411 -39.407417 -36.699589 -44.721078 -46.314151 -46.363512 -46.606277 -42.585572 
-23.784107 -11.537143 11.400465 16.586394 2.802375 5.361976 13.052808 3.871007 14.910697 9.472717 4.507345 7.341621 7.434266 4.019928 -5.588928 -10.064232 -15.277200 -24.263959 -26.914568 -29.598471 -29.902733 -31.038915 -31.846389 -32.719698 -33.330361 -33.419067 -34.127190 -31.504670 -34.045838 -35.604023 -32.424243 -32.945028 -37.399295 -36.935266 -35.785824 -38.838958 -39.337240 -39.591768 -39.652886 -38.479228 
-21.276503 -16.246612 10.498765 17.707234 6.201637 4.275271 14.431342 3.764801 6.839087 9.598136 -0.483708 8.120837 -0.496165 -0.033041 -12.031612 -13.551056 -21.453831 -26.033309 -29.408950 -30.920791 -31.873940 -32.746646 -33.491594 -34.246111 -34.924191 -34.748339 -34.767838 -33.040271 -36.124940 -37.133288 -35.001782 -35.224200 -38.739010 -38.552754 -36.661480 -39.961022 -40.642836 -40.856169 -40.867748 -40.177263 
-14.809802 -19.779272 10.708289 18.934516 9.245958 1.428629 14.369429 7.613097 -3.390579 6.360352 -5.813497 6.027657 -2.249360 -10.142427 -19.922198 -19.273180 -27.060752 -28.690976 -31.248107 -32.555500 -33.471272 -35.356214 -36.435791 -36.934871 -37.792622 -38.133483 -38.137747 -35.574557 -37.820936 -40.016058 -35.607557 -36.693653 -42.081777 -42.468617 -40.361795 -43.212829 -44.203973 -44.376221 -44.426533 -44.134872 
-18.877173 -13.606817 10.057491 18.865399 10.740206 -5.324938 10.899050 6.997867 -10.798528 1.215629 -8.280426 2.455543 -2.908199 -16.424050 -20.946383 -25.574875 -27.278290 -30.844862 -33.570541 -34.363934 -34.476491 -35.679907 -36.783516 -37.414651 -37.945899 -38.309893 -38.974782 -37.714807 -38.806719 -41.045415 -38.300642 -38.100022 -42.470671 -42.989153 -39.996650 -43.227820 -44.255527 -44.344135 -44.501741 -44.111865 
-26.016220 -13.356788 6.363101 14.395761 7.736213 -10.085057 3.991413 2.063794 -19.527001 -9.764525 -12.987056 -9.628594 -9.016022 -16.553884 -24.209600 -26.744761 -28.991281 -29.928859 -31.377579 -32.159031 -32.795529 -33.598584 -34.250244 -35.091245 -35.746796 -36.409845 -37.061566 -37.814863 -38.009646 -38.640785 -39.447111 -39.331165 -40.047855 -40.646966 -39.956241 -41.077743 -41.643652 -41.938765 -42.138975 -42.081722 
-27.092806 -13.678352 -4.195855 -0.439373 -3.029452 -13.226413 -14.979429 -11.960443 -21.310970 -24.832112 -23.874713 -21.783494 -23.291761 -26.197175 -29.771092 -30.702047 -33.573599 -34.838042 -36.220353 -36.621529 -37.646729 -38.266871 -39.002058 -39.686827 -40.396064 -41.119264 -41.687490 -42.304593 -42.830395 -43.419838 -43.714400 -44.563706 -44.848741 -45.256578 -45.417820 -45.993051 -46.273435 -46.588394 -46.804105 -46.946750 
-53.134417 -52.056608 -50.735506 -47.392000 -52.291012 -51.531266 -51.994932 -51.868402 -52.957726 -52.879363 -53.212777 -54.123731 -54.437105 -56.540456 -56.997375 -59.172371 -60.652208 -63.655486 -66.700533 -70.093946 -72.163802 -70.122994 -68.549559 -67.935416 -67.880939 -69.030039 -70.754672 -71.726505 -71.826625 -71.447719 -71.758129 -72.859683 -74.191907 -73.710387 -73.312042 -74.223552 -75.115028 -74.744497 -75.259754 -76.320485 
-61.550774 -68.389131 -66.620057 -60.001311 -62.968266 -69.886248 -67.640227 -66.946659 -72.109150 -81.211037 -79.541497 -78.852751 -71.896118 -78.385948 -74.766158 -77.952137 -80.943999 -84.310261 -83.436016 -81.567578 -81.603097 -84.623461 -90.595369 -85.073162 -82.724496 -84.323195 -86.460851 -84.416318 -87.449711 -90.029191 -88.365981 -92.522152 -90.978846 -90.676518 -91.601646 -93.499788 -92.614948 -93.224273 -93.079270 -97.827960 
-83.482931 -83.663731 -83.967640 -84.488667 -85.215038 -86.273267 -87.642905 -89.551700 -92.431245 -96.600349 -102.711327 -103.784957 -99.268051 -96.893465 -96.469768 -97.841682 -101.693853 -108.637752 -106.167960 -101.751398 -101.372641 -105.116473 -111.780821 -106.306520 -104.235498 -108.790592 -111.952887 -106.642881 -109.811000 -112.720805 -108.479402 -114.004342 -110.633820 -113.388141 -112.328864 -114.359384 -112.968622 -115.666446 -114.672344 -119.752026 
NaN NaN NaN NaN NaN NaN NaN NaN NaN NaN NaN NaN NaN NaN NaN NaN NaN NaN NaN NaN NaN NaN NaN NaN NaN NaN NaN NaN NaN NaN NaN NaN NaN NaN NaN NaN NaN NaN NaN NaN 
NaN NaN NaN NaN NaN NaN NaN NaN NaN NaN NaN NaN NaN NaN NaN NaN NaN NaN NaN NaN NaN NaN NaN NaN NaN NaN NaN NaN NaN NaN NaN NaN NaN NaN NaN NaN NaN NaN NaN NaN 
NaN NaN NaN NaN NaN NaN NaN NaN NaN NaN NaN NaN NaN NaN NaN NaN NaN NaN NaN NaN NaN NaN NaN NaN NaN NaN NaN NaN NaN NaN NaN NaN NaN NaN NaN NaN NaN NaN NaN NaN 
NaN NaN NaN NaN NaN NaN NaN NaN NaN NaN NaN NaN NaN NaN NaN NaN NaN NaN NaN NaN NaN NaN NaN NaN NaN NaN NaN NaN NaN NaN NaN NaN NaN NaN NaN NaN NaN NaN NaN NaN 
NaN NaN NaN NaN NaN NaN NaN NaN NaN NaN NaN NaN NaN NaN NaN NaN NaN NaN NaN NaN NaN NaN NaN NaN NaN NaN NaN NaN NaN NaN NaN NaN NaN NaN NaN NaN NaN NaN NaN NaN 
NaN NaN NaN NaN NaN NaN NaN NaN NaN NaN NaN NaN NaN NaN NaN NaN NaN NaN NaN NaN NaN NaN NaN NaN NaN NaN NaN NaN NaN NaN NaN NaN NaN NaN NaN NaN NaN NaN NaN NaN 
NaN NaN NaN NaN NaN NaN NaN NaN NaN NaN NaN NaN NaN NaN NaN NaN NaN NaN NaN NaN NaN NaN NaN NaN NaN NaN NaN NaN NaN NaN NaN NaN NaN NaN NaN NaN NaN NaN NaN NaN 
NaN NaN NaN NaN NaN NaN NaN NaN NaN NaN NaN NaN NaN NaN NaN NaN NaN NaN NaN NaN NaN NaN NaN NaN NaN NaN NaN NaN NaN NaN NaN NaN NaN NaN NaN NaN NaN NaN NaN NaN 
NaN NaN NaN NaN NaN NaN NaN NaN NaN NaN NaN NaN NaN NaN NaN NaN NaN NaN NaN NaN NaN NaN NaN NaN NaN NaN NaN NaN NaN NaN NaN NaN NaN NaN NaN NaN NaN NaN NaN NaN 
NaN NaN NaN NaN NaN NaN NaN NaN NaN NaN NaN NaN NaN NaN NaN NaN NaN NaN NaN NaN NaN NaN NaN NaN NaN NaN NaN NaN NaN NaN NaN NaN NaN NaN NaN NaN NaN NaN NaN NaN 
NaN NaN NaN NaN NaN NaN NaN NaN NaN NaN NaN NaN NaN NaN NaN NaN NaN NaN NaN NaN NaN NaN NaN NaN NaN NaN NaN NaN NaN NaN NaN NaN NaN NaN NaN NaN NaN NaN NaN NaN 
NaN NaN NaN NaN NaN NaN NaN NaN NaN NaN NaN NaN NaN NaN NaN NaN NaN NaN NaN NaN NaN NaN NaN NaN NaN NaN NaN NaN NaN NaN NaN NaN NaN NaN NaN NaN NaN NaN NaN NaN 
NaN NaN NaN NaN NaN NaN NaN NaN NaN NaN NaN NaN NaN NaN NaN NaN NaN NaN NaN NaN NaN NaN NaN NaN NaN NaN NaN NaN NaN NaN NaN NaN NaN NaN NaN NaN NaN NaN NaN NaN 
