NaN NaN NaN NaN NaN NaN NaN NaN NaN NaN NaN NaN NaN NaN NaN NaN NaN NaN NaN NaN NaN NaN NaN NaN NaN NaN NaN NaN NaN NaN NaN NaN NaN NaN NaN NaN NaN NaN NaN NaN 
NaN NaN NaN NaN NaN NaN NaN NaN NaN NaN NaN NaN NaN NaN NaN NaN NaN NaN NaN NaN NaN NaN NaN NaN NaN NaN NaN NaN NaN NaN NaN NaN NaN NaN NaN NaN NaN NaN NaN NaN 
NaN NaN NaN NaN NaN NaN NaN NaN NaN NaN NaN NaN NaN NaN NaN NaN NaN NaN NaN NaN NaN NaN NaN NaN NaN NaN NaN NaN NaN NaN NaN NaN NaN NaN NaN NaN NaN NaN NaN NaN 
NaN NaN NaN NaN NaN NaN NaN NaN NaN NaN NaN NaN NaN NaN NaN NaN NaN NaN NaN NaN NaN NaN NaN NaN NaN NaN NaN NaN NaN NaN NaN NaN NaN NaN NaN NaN NaN NaN NaN NaN 
NaN NaN NaN NaN NaN NaN NaN NaN NaN NaN NaN NaN NaN NaN NaN NaN NaN NaN NaN NaN NaN NaN NaN NaN NaN NaN NaN NaN NaN NaN NaN NaN NaN NaN NaN NaN NaN NaN NaN NaN 
NaN NaN NaN NaN NaN NaN NaN NaN NaN NaN NaN NaN NaN NaN NaN NaN NaN NaN NaN NaN NaN NaN NaN NaN NaN NaN NaN NaN NaN NaN NaN NaN NaN NaN NaN NaN NaN NaN NaN NaN 
NaN NaN NaN NaN NaN NaN NaN NaN NaN NaN NaN NaN NaN NaN NaN NaN NaN NaN NaN NaN NaN NaN NaN NaN NaN NaN NaN NaN NaN NaN NaN NaN NaN NaN NaN NaN NaN NaN NaN NaN 
NaN NaN NaN NaN NaN NaN NaN NaN NaN NaN NaN NaN NaN NaN NaN NaN NaN NaN NaN NaN NaN NaN NaN NaN NaN NaN NaN NaN NaN NaN NaN NaN NaN NaN NaN NaN NaN NaN NaN NaN 
NaN NaN NaN NaN NaN NaN NaN NaN NaN NaN NaN NaN NaN NaN NaN NaN NaN NaN NaN NaN NaN NaN NaN NaN NaN NaN NaN NaN NaN NaN NaN NaN NaN NaN NaN NaN NaN NaN NaN NaN 
NaN NaN NaN NaN NaN NaN NaN NaN NaN NaN NaN NaN NaN NaN NaN NaN NaN NaN NaN NaN NaN NaN NaN NaN NaN NaN NaN NaN NaN NaN NaN NaN NaN NaN NaN NaN NaN NaN NaN NaN 
NaN NaN NaN NaN NaN NaN NaN NaN NaN NaN NaN NaN NaN NaN NaN NaN NaN NaN NaN NaN NaN NaN NaN NaN NaN NaN NaN NaN NaN NaN NaN NaN NaN NaN NaN NaN NaN NaN NaN NaN 
NaN NaN NaN NaN NaN NaN NaN NaN NaN NaN NaN NaN NaN NaN NaN NaN NaN NaN NaN NaN NaN NaN NaN NaN NaN NaN NaN NaN NaN NaN NaN NaN NaN NaN NaN NaN NaN NaN NaN NaN 
-118.327901 -118.326506 -118.324210 -118.320411 -118.315402 -118.308647 -118.300782 -118.291274 -118.279574 -118.266884 -118.253054 -118.237982 -118.222687 -118.206923 -118.190926 -118.174978 -118.158125 -118.139948 -118.118982 -118.093872 -118.062901 -118.024816 -117.980160 -117.928505 -117.870476 -117.805882 -117.732026 -117.644852 -117.539226 -117.413073 -117.265707 -117.093593 -116.882322 -116.611527 -116.274340 -115.869660 -115.336357 -114.544782 -113.503187 -112.550449 
-26.210191 -26.549279 -27.161656 -27.709148 -28.872540 -30.071465 -32.137217 -35.270375 -40.997777 -51.752780 -42.102993 -36.638360 -34.092111 -32.976786 -32.376310 -32.285698 -32.354543 -31.823503 -31.881104 -33.273796 -36.415474 -42.087527 -46.658010 -45.925537 -44.194766 -43.376641 -48.008984 -50.038462 -43.303713 -45.073883 -49.896379 -48.109680 -53.605249 -53.158306 -53.872635 -53.352026 -58.881844 -61.051710 -54.068946 -53.969692 
-4.995348 -4.269485 -0.726130 1.522736 -6.435133 -12.889072 -11.274615 -10.062159 -15.591099 -24.519161 -18.278928 -9.171576 -9.717704 -9.637501 -12.585247 -7.930282 -5.461999 -2.225580 -10.352133 -17.670843 -22.135991 -22.973513 -27.959010 -27.258830 -27.901092 -23.238653 -17.186670 -19.901233 -22.864160 -25.994487 -20.697740 -20.908047 -29.202773 -36.032803 -22.092396 -26.555420 -24.939458 -29.382242 -37.142232 -40.256414 
0.402024 0.698323 9.614079 16.313939 11.219723 1.746460 5.093860 5.443227 1.995126 5.483171 5.232872 8.736003 7.780451 5.592105 7.481050 3.042847 2.465981 2.565287 -2.937876 -12.437991 -15.770473 -20.124309 -19.838355 -20.694296 -16.598759 -16.957960 -12.624510 -17.829725 -21.567303 -18.962459 -16.630864 -18.961778 -26.245699 -32.593816 -20.897096 -20.289272 -24.058225 -31.478204 -38.155672 -39.908857 
-8.695830 -8.214221 12.869473 21.242207 13.012287 3.610549 13.316992 8.937111 5.097594 12.095304 9.254280 15.715102 14.541525 14.303511 12.561152 9.678432 8.871626 8.710126 0.278891 -11.227612 -15.162119 -19.721788 -20.954254 -18.659621 -17.482392 -14.169059 -10.596701 -14.456337 -18.809361 -18.643398 -16.520994 -23.497331 -33.685586 -32.899903 -20.799144 -15.856876 -22.769940 -35.152450 -40.145177 -44.091065 
-23.592518 -11.282341 14.496408 22.181613 11.488115 2.353588 14.410367 5.849832 3.313845 9.835844 1.650543 15.787597 6.131419 14.749673 5.811726 8.262458 4.125521 1.363642 -2.647005 -14.997860 -18.081997 -20.329521 -24.806889 -22.655366 -24.508664 -19.278149 -13.875526 -17.503392 -23.783828 -23.242832 -19.923946 -28.642296 -34.926940 -34.949657 -23.423628 -18.534926 -25.516161 -36.283717 -42.662892 -44.834875 
-17.426381 -12.066137 14.696221 22.698970 12.151887 0.526346 13.986126 5.546037 1.797052 9.627816 0.539594 14.586188 4.807988 14.133883 4.704637 6.574974 2.650503 2.937406 -1.860143 -13.274510 -15.905880 -20.417097 -20.468407 -21.430877 -26.435470 -21.172988 -16.343219 -16.766154 -21.715510 -26.388434 -23.477041 -28.228939 -38.800118 -36.680187 -25.969184 -17.283282 -21.184452 -35.704588 -45.046727 -45.779604 
-15.434218 -14.210357 14.972033 23.079701 12.713889 0.000977 13.747425 5.682084 1.619077 9.307173 -1.722276 13.624106 2.651732 11.908459 1.812540 3.150776 -1.402495 -1.613021 -3.824642 -14.068511 -18.855704 -21.316629 -23.785367 -20.030849 -24.217757 -21.304895 -14.462549 -19.467881 -26.860592 -25.813328 -19.807745 -26.184913 -33.815260 -35.631876 -24.486291 -21.530822 -24.803717 -35.703110 -45.359440 -46.896683 
-24.827890 -15.250587 15.048689 23.281328 12.841678 -0.066809 13.874343 6.063852 1.220876 9.805922 -1.163463 13.761424 3.270907 11.078719 2.176751 4.061135 -1.455765 -0.776430 -2.853362 -14.576172 -19.744702 -20.074297 -22.342113 -18.780611 -20.101862 -18.720047 -14.241103 -16.986111 -26.174306 -22.890048 -17.819959 -22.559857 -32.602730 -36.133411 -24.425620 -23.017358 -27.142083 -33.264467 -38.032702 -38.878864 
-17.895318 -14.396137 14.985722 23.374092 13.118644 -0.071748 13.865934 6.080941 0.959425 9.753405 -2.207388 13.016905 2.828970 11.132470 2.992959 2.635836 -3.194512 -2.824273 -3.522471 -13.983286 -19.775601 -22.126849 -23.902542 -20.959353 -24.743775 -22.582737 -16.486730 -18.448054 -27.718878 -23.653440 -17.135468 -21.881102 -33.403035 -39.440066 -24.170985 -20.473688 -24.339258 -36.980667 -43.031354 -46.274365 
-21.553126 -14.687222 14.894785 23.251083 12.829203 -0.144783 13.867329 6.110876 0.970599 9.845925 -0.924375 13.305455 3.616625 10.724186 1.229315 2.894964 -1.138536 -1.658964 -3.421122 -16.317780 -21.478015 -21.788172 -24.230871 -22.980060 -26.005934 -22.241311 -19.785507 -22.435905 -28.593314 -24.514771 -18.244192 -20.597274 -32.244343 -38.149010 -24.924569 -19.779828 -25.566190 -36.540027 -42.513955 -44.673446 
-20.376057 -15.963583 14.878292 23.035378 12.588590 0.000707 13.809398 5.806121 1.460392 9.879322 -2.618764 12.549209 1.785531 7.964867 -0.862532 2.729151 -1.714967 -1.858007 -4.702970 -14.579064 -19.639780 -20.448305 -23.572404 -25.116458 -27.536956 -23.635708 -16.982107 -18.863128 -26.133450 -28.189108 -22.007319 -24.231556 -31.665102 -35.210468 -23.949525 -22.372459 -28.601728 -35.752924 -39.195006 -40.169898 
-14.809064 -15.242772 14.470267 22.823921 12.717912 -0.313873 13.756247 6.127228 1.628900 10.075754 -2.064283 11.983735 2.071513 5.742023 -1.229367 2.981275 -2.043080 -2.295641 -3.637305 -12.907643 -18.306236 -21.466602 -23.001335 -24.748703 -26.138340 -22.500177 -15.457971 -17.560515 -22.973070 -24.306252 -18.752216 -21.573732 -31.564971 -34.211297 -27.183838 -20.612643 -26.086523 -35.188298 -36.901643 -36.928318 
-11.200561 -15.845427 14.446937 22.662165 12.685998 -1.243965 13.884158 7.047967 2.640683 11.026788 -2.340995 11.601701 1.488182 4.655353 -3.872901 1.556803 -5.229990 -3.762992 -5.489136 -12.603110 -17.765307 -23.439830 -25.635393 -24.374628 -24.223185 -21.333965 -17.434772 -18.543490 -25.020053 -24.035228 -19.143136 -24.243211 -34.995684 -36.572898 -28.349158 -20.656010 -24.761502 -38.857807 -41.366214 -41.058849 
-18.913910 -14.441998 13.841090 22.252267 12.223967 -0.737138 14.100755 7.176146 3.077933 12.467459 -1.030028 11.465165 1.043968 4.794351 -3.392298 1.317120 -4.918606 -4.167683 -3.910671 -13.679139 -18.422731 -22.590439 -25.063533 -25.362546 -24.388305 -22.798763 -16.375507 -20.629084 -27.005707 -23.210041 -17.709986 -21.463010 -31.843811 -36.000898 -25.754103 -20.071607 -26.441048 -37.429582 -39.336824 -38.232441 
-15.955798 -16.416403 13.067636 21.696694 11.856584 -1.085996 14.109506 7.579704 2.915166 13.045828 -1.832784 11.515521 1.849008 4.096820 -3.589482 1.683791 -3.843378 -3.509584 -2.899170 -13.842686 -18.669768 -21.946640 -26.418960 -24.385706 -27.463169 -25.696827 -16.882525 -21.220059 -25.563367 -22.973993 -18.037129 -19.933105 -28.394138 -37.144426 -27.233744 -23.608348 -29.490420 -38.665948 -39.831242 -40.008335 
-16.515828 -15.277197 11.747996 20.746305 11.281761 -1.806854 13.776397 7.769675 2.038129 13.141114 -0.096348 11.089007 1.971964 -0.388225 -6.046376 -1.545815 -6.733152 -4.044653 -4.181461 -13.719216 -19.807579 -24.202154 -26.047236 -25.980813 -24.035617 -20.237911 -13.585735 -20.837742 -26.986977 -25.983357 -20.518979 -23.191528 -33.312695 -39.528760 -30.890369 -23.785545 -28.375353 -41.853131 -44.268095 -43.313476 
-21.571122 -15.452250 10.463986 19.210593 9.679119 -1.623434 13.350327 7.193969 2.270662 12.448315 -2.186026 8.979988 1.149602 0.317338 -6.424021 -2.932867 -6.005331 -5.246776 -4.874633 -14.341923 -19.708006 -23.088717 -26.863402 -25.740440 -24.675263 -21.404216 -15.732268 -22.238675 -27.317879 -25.808942 -21.451099 -24.133959 -34.149411 -44.291643 -32.528443 -24.468162 -27.235823 -40.375858 -48.842649 -45.261332 
-23.185702 -15.474544 8.452232 16.812568 7.788744 -2.378404 12.162431 6.950349 1.471914 10.116386 -2.313647 6.730939 -1.547871 -0.495733 -7.269029 -3.873855 -8.193316 -5.426194 -6.403645 -15.942282 -23.291787 -27.646857 -30.463074 -31.223055 -28.520065 -24.751409 -15.604075 -22.146771 -30.098693 -30.740801 -24.860829 -27.224862 -36.086045 -43.204233 -32.275440 -27.243148 -32.736900 -43.910277 -47.921198 -45.474826 
-22.565673 -10.185128 6.725952 12.442188 3.396020 2.892535 10.068849 0.056926 3.781644 6.027271 -0.589836 3.348762 -7.244665 -3.345637 -5.899967 -4.640315 -5.357752 -3.002475 -7.686021 -20.286870 -24.437732 -26.032177 -27.986695 -28.514544 -29.083340 -25.836247 -18.907153 -24.547979 -29.918013 -30.588136 -29.526156 -30.903047 -36.205552 -41.999852 -36.094735 -25.043659 -32.247730 -43.915152 -47.805854 -43.578789 
-12.259645 -11.924036 -0.080982 3.117200 -3.232036 -2.006532 3.188301 -5.723788 1.521000 2.925057 -1.905125 -1.819578 -5.541172 -13.038017 -9.892905 -13.926330 -13.237139 -8.204713 -16.179327 -26.062004 -30.023582 -33.293737 -34.500387 -36.023259 -33.520770 -29.807429 -18.566655 -25.988194 -33.423924 -33.669314 -30.809693 -34.573445 -38.512732 -39.524046 -35.943866 -28.809788 -30.343322 -41.509552 -43.031623 -41.552088 
-14.919615 -9.200914 -1.425714 0.977976 -4.044862 -4.956128 -2.241199 -3.285997 1.009440 -2.101501 2.652402 1.541567 -4.947512 -6.282611 -4.714618 -9.915142 -3.867415 -5.222483 -10.407610 -26.003634 -27.126304 -31.605768 -34.436924 -34.560450 -31.906293 -30.241900 -21.663361 -24.593772 -33.750657 -36.930292 -27.113457 -27.907995 -38.331831 -42.916204 -35.245418 -31.211360 -29.628643 -40.986473 -46.646825 -46.642086 
-10.860910 -6.540699 -6.184989 -1.530839 1.717976 0.187966 -3.159856 -4.147679 -2.158788 -0.286337 0.434493 3.739878 -1.913705 -10.894721 -8.833758 -10.401660 -8.671069 -7.759437 -14.725921 -28.459332 -28.983143 -33.585204 -37.518055 -40.539367 -36.005575 -33.208831 -23.970160 -27.496965 -38.988201 -40.055004 -30.112225 -32.608174 -39.906137 -44.984921 -38.494301 -30.345185 -31.482624 -38.718612 -46.608273 -50.214472 
-17.622204 -17.024844 -12.944704 -9.572639 -2.928799 -6.281536 -5.088552 -6.419823 -2.032853 -4.261701 -2.040083 -1.688238 -8.139769 -9.398917 -12.349020 -16.191584 -13.104686 -10.626820 -13.839196 -25.778188 -29.560725 -34.327008 -40.121539 -37.947643 -39.269952 -32.838669 -26.633213 -32.831702 -38.409346 -37.545071 -33.118445 -34.716760 -39.702250 -45.408241 -40.786644 -36.837718 -36.793902 -42.898115 -49.137921 -49.539277 
-8.627396 -2.863887 4.478998 5.234091 -1.769869 -0.146511 -1.981800 -0.654452 2.045866 -1.125325 6.790725 0.389943 -3.417045 -5.212095 -8.454623 -7.886121 -5.797774 -5.520912 -7.713186 -18.171120 -22.496017 -27.553545 -31.488594 -34.159837 -35.182861 -26.422095 -20.815930 -22.947525 -26.846416 -27.406107 -27.927502 -31.111694 -37.458526 -40.303936 -35.536924 -31.793187 -32.815361 -39.777711 -46.570506 -48.701237 
-13.773009 3.901638 13.088316 6.772644 4.128201 7.282117 0.005214 4.217503 2.915785 6.547277 9.773339 6.991231 3.450957 -4.373943 -0.164767 -1.830704 -4.552610 -4.451976 -6.717116 -14.861594 -22.222903 -25.701707 -30.922505 -28.980265 -27.294869 -21.084034 -13.694162 -17.111338 -22.213840 -23.983401 -21.890600 -27.430470 -29.903682 -34.513263 -32.958547 -29.495619 -31.383801 -36.919153 -41.511327 -42.209106 
-17.345858 7.293290 16.401126 9.870159 6.556871 10.100917 0.645504 5.729856 -2.906509 4.973240 3.683208 7.464427 3.044744 0.063866 0.576313 -2.580195 -5.689449 -4.628458 -8.388353 -18.115645 -24.721188 -24.213559 -29.605963 -29.507626 -30.731103 -23.463362 -16.635899 -25.322155 -29.503372 -23.782500 -21.975339 -29.056883 -35.372260 -41.983668 -31.852741 -27.608520 -30.396583 -40.945765 -45.607852 -46.560674 
-13.236720 9.301590 18.499389 12.144916 8.294886 11.422802 1.618076 7.798361 -0.336908 5.018715 3.278353 7.385980 4.321947 2.595026 2.190568 2.806011 0.691306 0.321977 -3.686336 -12.812357 -19.139995 -21.587341 -24.643812 -24.190063 -23.868619 -21.670969 -16.626457 -20.951843 -26.233729 -24.421515 -22.454011 -29.303944 -35.251848 -37.014647 -30.298735 -25.132709 -29.887276 -36.607987 -39.957355 -40.185572 
-11.126690 11.701637 19.427971 11.521860 10.821635 10.262181 3.354262 6.805666 0.621236 2.127215 7.609753 5.718115 5.750824 1.580411 2.615061 2.921459 2.131862 3.081806 -1.932367 -12.759133 -16.475970 -19.899552 -23.933120 -24.549632 -23.821744 -23.615726 -20.130056 -23.091187 -25.771515 -22.915716 -19.171173 -29.121858 -38.234585 -42.350470 -29.520068 -22.740699 -27.563248 -39.411936 -48.754760 -50.691604 
-8.313208 12.794286 19.860846 11.213840 11.571113 9.632742 4.526031 5.881272 2.195230 1.486739 8.301834 3.861301 6.473141 2.527290 2.359162 1.839825 0.012934 1.486848 -3.108679 -12.488735 -15.274426 -20.561569 -25.325491 -24.946560 -26.315932 -19.133814 -12.730598 -19.665048 -25.245887 -21.643985 -19.820120 -27.430899 -34.664516 -43.345381 -29.272762 -22.440156 -29.965420 -41.939192 -49.520028 -50.533937 
-7.659098 13.633162 20.440782 11.644756 12.034057 10.272856 4.705211 6.653476 2.623166 3.125441 9.502555 6.175529 7.153450 2.883666 3.218338 3.006744 2.591423 3.539302 -2.472989 -13.590067 -16.341347 -21.101969 -23.655654 -23.269857 -24.125130 -18.656192 -15.515776 -21.442248 -24.288198 -23.300885 -20.005348 -29.781551 -36.808619 -40.800485 -30.879758 -26.551717 -31.924178 -41.921168 -45.876434 -46.644684 
-6.113109 13.912452 20.751687 11.899333 12.280948 10.640457 5.556512 7.042555 3.038335 3.389025 8.675448 4.630246 7.216008 2.797974 3.861184 4.174268 3.571668 3.417581 -2.653267 -13.168010 -14.269684 -17.868394 -22.487419 -23.344828 -21.800127 -15.233274 -11.356255 -19.103059 -24.179134 -22.980157 -16.956225 -26.348372 -32.809636 -34.878912 -32.460462 -26.588287 -29.646898 -36.780483 -37.605677 -37.796409 
-7.555051 13.995834 21.003878 12.395188 12.442136 11.156158 5.667168 7.733250 3.482086 3.810109 7.958705 4.661751 7.123279 2.869301 4.111002 5.251051 4.763524 3.308826 -2.170495 -11.954905 -14.664218 -19.442396 -23.504512 -21.469595 -19.483387 -15.955748 -13.518504 -22.334799 -23.492740 -17.879752 -16.795099 -27.309587 -32.663147 -36.713133 -29.488390 -24.601594 -30.524040 -34.915660 -39.368507 -39.712608 
-7.792274 14.055035 21.127099 12.313396 12.589667 10.995627 5.683923 7.740345 3.966967 4.308082 8.031720 4.258877 6.838143 2.773087 4.607069 6.024185 5.533421 3.551495 -2.064359 -12.996375 -15.944785 -20.874240 -24.258628 -21.298566 -21.097026 -16.769017 -13.192733 -22.876741 -26.826340 -21.705913 -17.742022 -25.791434 -33.564416 -41.072016 -30.219583 -26.345609 -34.014059 -40.920991 -43.200443 -43.750764 
-7.661781 14.185381 21.201135 12.246289 12.471263 11.216164 5.646968 7.924320 3.903617 4.681219 8.021762 4.825405 6.778619 2.624969 4.013770 5.383150 4.824610 1.329866 -3.186700 -14.074871 -17.301303 -22.711290 -25.999360 -23.446383 -21.279129 -15.491726 -12.925125 -25.081416 -26.321852 -23.791017 -20.077497 -25.757754 -33.179718 -41.026141 -30.028404 -27.048879 -28.300935 -40.680594 -49.568635 -50.857672 
-8.863287 14.343589 21.298732 12.529334 13.062011 11.587289 6.319195 8.542440 5.241428 5.499894 8.231396 4.371806 6.654911 2.609607 3.831835 6.034758 6.330347 0.881976 -5.240826 -14.368184 -17.136514 -21.047222 -23.430740 -21.012252 -21.539382 -17.082514 -12.227390 -22.341135 -26.673479 -21.532974 -19.000324 -27.474328 -33.934517 -43.638824 -30.502107 -24.185677 -32.366943 -42.066221 -46.744745 -48.563715 
-7.234483 14.707154 21.400746 12.513131 13.209456 11.747773 6.965482 8.745941 5.634664 6.155238 7.568033 4.096262 6.040235 3.423803 5.346927 7.450137 6.965357 -0.758186 -6.271648 -15.017307 -17.483762 -20.727923 -23.710952 -23.608570 -21.865739 -17.188823 -14.158078 -23.505107 -25.279656 -20.520714 -20.174592 -28.899052 -33.369785 -35.992640 -31.344498 -27.787844 -32.372793 -37.348882 -37.990312 -38.070397 
-6.609700 14.633924 21.552696 12.812452 13.170949 12.017972 7.041265 9.587536 6.490626 6.501801 6.184916 2.285709 5.374959 3.406643 4.362423 6.894696 6.632733 -5.096558 -8.173564 -16.432710 -18.491893 -21.538468 -25.432539 -23.650940 -24.260290 -19.780365 -16.588018 -24.601145 -26.922832 -21.949043 -21.598300 -30.841960 -34.400263 -39.201681 -31.555097 -28.536183 -34.830970 -40.618835 -41.888309 -42.112688 
-7.852115 14.704442 21.652108 12.894725 13.379548 11.930416 7.290887 9.740484 7.337507 7.397263 5.997182 2.553391 5.016174 4.505307 5.148026 7.687909 7.889537 -5.435824 -9.389410 -17.040266 -18.633653 -22.057584 -24.171127 -23.569097 -23.133446 -17.544873 -13.243171 -24.024793 -27.819696 -19.649102 -19.019730 -30.650847 -35.927665 -44.858455 -36.051914 -29.352244 -31.805473 -46.664859 -47.031425 -52.235411 
-6.774844 14.639281 21.518246 12.650189 13.384723 11.759110 7.705611 9.424062 8.279901 7.673381 5.237192 1.673491 4.135977 3.975630 5.641840 8.754946 7.815964 -6.513789 -10.522356 -17.790122 -20.413283 -24.692111 -25.776257 -24.014139 -24.067522 -18.735840 -14.009811 -22.953261 -26.154295 -21.045253 -20.147597 -31.785066 -37.868794 -43.324688 -36.653346 -26.545588 -32.900828 -44.745242 -45.322233 -46.145676 
-6.879376 14.589787 21.461857 12.801924 13.601996 12.141073 7.630453 10.094410 9.023135 8.735217 4.732992 1.369231 3.446565 3.392614 5.869128 8.193567 5.922820 -8.832483 -12.714200 -20.017001 -21.725581 -24.969588 -27.170670 -26.114383 -25.275161 -18.821439 -15.317969 -24.411868 -26.338016 -20.889010 -22.229383 -29.141048 -34.835253 -42.843314 -36.874465 -32.383303 -33.851743 -42.484928 -43.752886 -43.745375 
-5.898236 14.607851 21.314890 12.392287 13.643108 12.009711 8.420479 9.882926 9.396778 8.675938 3.867177 -0.040702 3.110535 3.614971 6.787656 8.205642 4.716835 -9.521626 -12.446728 -19.894761 -20.902879 -23.609950 -26.111254 -24.789525 -24.999636 -20.643813 -16.206870 -26.660640 -26.014672 -20.778658 -22.825660 -30.226283 -32.777774 -34.744739 -33.536199 -31.176008 -33.830709 -36.220816 -36.456252 -36.684350 
-5.392016 14.587155 21.077387 11.919377 13.550610 11.545860 9.016509 9.980333 10.598900 9.079550 3.291508 -0.089089 2.743821 3.944013 7.561904 6.866119 1.842015 -11.345505 -15.356483 -23.122210 -26.417326 -28.614801 -30.500834 -29.237538 -29.203650 -22.834876 -20.960648 -26.847576 -27.385154 -19.847129 -20.898254 -31.958361 -35.613357 -40.796133 -36.887811 -31.483256 -35.189039 -40.430705 -42.194420 -42.554245 
-6.713095 14.562066 20.862714 11.662992 13.625516 11.348550 9.194297 9.928270 11.081652 9.045504 3.210378 -0.017056 2.352803 4.531404 9.413210 8.109967 0.326019 -14.292743 -17.100354 -22.748170 -23.048223 -27.253966 -31.104285 -30.156318 -28.733235 -24.269550 -20.696650 -27.467715 -30.151817 -19.567176 -21.410966 -32.653700 -36.823633 -42.041490 -41.803580 -34.961355 -37.458635 -44.228482 -45.151236 -44.980778 
-4.396004 14.186443 20.621527 11.534952 13.333588 11.635882 9.325690 10.402823 11.699781 9.288205 2.114451 -2.125290 0.895624 3.760237 9.865082 6.726238 -3.034149 -15.533442 -18.521055 -24.613541 -24.749316 -28.005757 -33.194053 -31.990276 -30.602585 -23.634845 -19.927293 -27.260938 -29.885751 -21.387746 -23.880137 -33.580484 -37.987230 -45.106789 -44.018010 -34.613953 -40.020138 -49.850628 -54.076645 -50.431964 
-7.078067 13.167730 20.704471 12.532988 12.594230 12.664808 7.573266 12.278921 10.760315 10.465567 0.351627 -1.070022 1.634536 4.167767 7.646329 6.180259 -8.895015 -15.974164 -20.192770 -25.774503 -26.652602 -28.147830 -32.392601 -31.828470 -30.316204 -24.497889 -20.060052 -29.597864 -30.962003 -24.085664 -25.140058 -32.177325 -38.392185 -46.710295 -39.687205 -31.240308 -37.846477 -46.171747 -46.442466 -48.398535 
-7.653627 12.870625 20.894190 12.862631 11.929420 13.250321 7.126805 13.273052 6.293988 9.694034 -0.749639 -0.465502 3.252156 5.167466 6.484305 6.157975 -9.769088 -16.170452 -19.841081 -23.817637 -25.716335 -28.102295 -29.851464 -29.854215 -29.689471 -26.351261 -22.670616 -28.975248 -31.284773 -25.995193 -27.763924 -33.094095 -34.290130 -36.108328 -36.382235 -34.402473 -36.523604 -37.312008 -37.864498 -37.916296 
-11.087811 12.841832 21.051787 13.217463 11.840714 13.536678 7.958742 14.329889 6.535148 8.915624 -0.690340 0.140853 3.693351 6.041274 6.867604 4.164910 -10.194913 -17.155683 -22.844216 -25.786141 -26.451494 -28.308522 -30.612203 -31.441251 -31.865771 -26.243899 -22.206600 -28.397346 -32.371591 -23.979538 -25.176700 -31.109492 -34.849146 -37.659625 -37.887123 -35.249744 -37.297193 -39.037510 -39.249856 -39.382082 
-11.271108 11.900277 21.242069 14.355871 10.797549 14.297052 7.971428 16.104700 5.653539 5.275118 -2.722096 2.143639 3.416825 6.206790 8.003845 -1.774271 -11.549612 -19.095887 -24.281640 -29.432874 -28.030642 -29.334350 -33.098443 -33.507588 -31.470299 -26.818692 -19.628659 -28.504149 -32.379753 -24.524524 -24.123229 -31.252623 -35.277212 -40.053158 -39.079367 -35.676619 -38.489505 -41.116017 -41.081167 -41.073262 
-11.843608 11.071355 21.279875 15.074437 9.384803 14.886987 7.830248 17.371376 6.097693 -1.439872 -3.974187 3.493067 3.163349 4.595814 7.063421 -7.599942 -15.873161 -20.396302 -22.749009 -25.722933 -26.010943 -27.005630 -27.943747 -28.601438 -29.260653 -28.462471 -24.542008 -29.533665 -30.711968 -25.570721 -27.572893 -31.077902 -32.560679 -33.989590 -34.052252 -34.224296 -34.646663 -35.394052 -35.675595 -35.816108 
-13.015224 9.839988 21.144664 15.966107 8.484499 15.694160 8.675707 18.374497 9.923903 -7.077635 -6.289212 4.959526 2.659926 4.685959 3.418092 -7.114538 -16.141136 -27.709858 -31.468581 -33.031631 -35.878226 -38.241599 -42.385780 -41.786167 -39.984137 -37.876876 -29.282042 -34.445027 -38.118944 -28.421575 -30.258926 -39.987937 -46.336389 -47.955047 -47.422927 -40.767972 -45.211850 -49.734081 -51.076459 -50.380859 
-18.633470 8.562584 20.746531 16.748750 6.497901 15.992969 9.047535 17.803309 12.956772 -7.981281 -7.093223 5.330004 2.996191 5.458291 -3.783862 -9.918310 -19.128128 -28.873658 -32.064800 -34.610696 -37.334750 -38.940804 -39.646271 -40.704350 -40.910764 -39.263520 -30.657771 -36.270482 -37.873035 -30.016415 -30.397950 -39.934922 -44.113573 -45.960846 -44.722950 -42.794833 -46.300860 -47.667053 -47.165774 -45.242829 
-19.361880 6.287112 19.922845 17.508999 4.424356 15.973371 9.856898 14.235502 14.845579 -7.542733 -7.097048 1.705218 3.359040 2.212848 -5.199265 -13.014292 -24.872403 -30.497652 -34.803454 -36.179583 -36.448124 -38.719613 -40.630182 -41.797021 -41.539681 -40.329373 -33.661081 -35.920039 -40.856775 -31.459385 -31.500639 -39.520718 -44.688973 -45.298786 -44.203473 -41.540318 -44.001737 -46.213425 -47.120541 -47.411792 
-14.905923 3.458929 18.709741 18.008050 2.855689 15.103030 11.827720 8.827508 14.931865 -3.907965 -2.901868 -2.474757 3.742521 -2.585572 -4.534214 -15.470597 -25.154586 -28.731457 -29.817296 -31.425453 -31.550362 -33.094314 -33.928778 -34.801936 -35.683687 -36.262104 -35.207282 -35.511501 -38.164223 -35.916500 -35.273645 -38.861052 -39.483559 -40.258450 -40.869036 -40.583869 -41.080044 -41.498870 -41.996146 -41.934734 
-15.248841 0.652376 17.348219 18.532329 2.137419 12.643192 12.805699 3.877665 12.876876 -0.833547 -1.668359 -4.147970 2.811615 -6.101662 -6.791386 -18.249959 -22.139152 -24.674581 -25.814979 -27.107309 -27.797469 -28.697592 -29.465557 -30.069233 -30.867256 -31.498242 -31.422775 -32.101234 -33.252457 -33.421627 -33.620995 -34.584272 -35.256426 -35.796129 -36.111353 -36.474854 -36.637747 -36.929894 -37.189985 -37.114711 
-18.944000 -3.754949 15.885362 18.629720 2.986792 9.218222 12.043776 -2.672937 8.691310 -0.322996 -2.704292 -5.080989 -1.831123 -7.200775 -11.406165 -21.195135 -29.450376 -37.641120 -42.231832 -42.759264 -43.513446 -44.922355 -44.369789 -46.524832 -47.330160 -47.189962 -40.320852 -43.698324 -46.919748 -40.842914 -39.238470 -46.107334 -47.566124 -47.956801 -49.962114 -47.185262 -47.858356 -49.986713 -49.784586 -48.862945 
-17.741157 -6.597064 14.013335 19.029118 5.660082 4.724207 10.219713 -3.568544 2.690226 -0.821950 -6.791226 -3.527694 -10.772675 -7.009640 -12.077344 -20.725303 -33.393120 -33.452344 -34.492954 -36.335155 -36.987702 -37.640097 -38.370857 -38.958380 -39.535065 -40.123907 -38.696528 -40.183468 -41.099115 -39.309538 -39.713648 -42.471789 -44.112480 -44.047596 -44.396424 -43.781501 -44.218897 -45.391550 -45.277071 -44.753793 
-16.195425 -11.098177 12.646399 19.501118 7.687869 -3.285308 6.404408 -3.543262 -12.244285 -4.593257 -15.370172 -3.305770 -7.119535 -3.856266 -13.659066 -20.130151 -27.517759 -30.161789 -30.623924 -31.595567 -32.456171 -33.014751 -33.910577 -34.618135 -35.123792 -35.867723 -35.255263 -36.228125 -36.845887 -34.487072 -33.556831 -38.701190 -39.507587 -39.951231 -40.420274 -40.213886 -40.480869 -40.917771 -40.686638 -41.033083 
-20.957979 -16.912796 11.209557 20.057691 10.947073 -11.406428 0.994059 -2.532930 -14.716488 -9.650253 -17.716053 -6.869190 -7.690737 -7.946504 -13.073808 -22.781398 -33.027645 -34.909310 -36.805882 -38.358777 -39.331205 -39.107715 -39.888358 -40.910449 -41.237789 -42.117490 -40.280587 -42.349887 -42.878111 -38.225762 -36.535508 -44.676685 -46.014941 -47.177778 -46.055617 -45.735312 -46.122185 -46.899796 -47.352528 -47.155065 
-14.596549 -17.150867 8.584666 19.646065 12.524583 -14.409434 -6.873422 -7.736902 -17.398208 -18.287835 -26.478623 -11.881947 -13.375644 -10.656964 -15.817882 -25.124466 -31.914980 -32.971757 -36.490391 -39.222876 -39.279009 -43.117482 -44.297775 -46.216157 -46.885839 -45.922578 -42.076968 -42.261600 -45.409345 -38.446846 -37.522475 -46.535380 -50.027123 -50.607166 -50.301963 -46.810090 -48.328026 -49.177142 -50.575390 -52.322281 
-12.235822 -15.374463 8.553626 17.699556 10.150894 -16.360086 -14.229598 -15.401294 -16.553235 -19.525180 -22.725893 -12.742104 -13.356806 -10.681123 -8.266521 -19.547833 -25.791712 -30.374990 -33.330282 -37.434570 -37.546231 -37.114459 -39.469606 -39.616844 -38.487362 -41.515211 -40.821353 -41.307645 -41.955054 -42.891250 -40.785165 -43.477039 -44.775828 -45.240377 -45.535344 -44.098665 -45.032744 -46.129198 -46.767677 -46.574292 
-8.708079 -3.665207 6.473946 10.462842 5.125446 -7.048763 -10.401320 -14.171505 -19.709533 -20.589019 -23.572503 -19.240347 -15.761801 -20.182846 -13.754093 -16.653444 -24.841641 -33.025512 -34.726498 -37.777437 -38.725483 -39.753571 -40.654010 -41.149901 -41.686075 -41.963883 -41.827950 -41.199446 -43.267971 -44.231105 -43.801798 -44.853008 -45.686099 -46.881834 -47.142920 -46.923220 -46.731590 -47.080721 -48.019167 -48.173991 
-18.710860 -17.887520 -17.099880 -16.414311 -17.091854 -18.775279 -21.831067 -28.145518 -37.482012 -31.257877 -30.562889 -35.736012 -37.165241 -33.467543 -36.209904 -38.263967 -36.821760 -40.625118 -41.242701 -42.552302 -44.133838 -44.257641 -45.364945 -45.303152 -46.554793 -47.041891 -47.414306 -49.484937 -49.016190 -49.414493 -50.030937 -51.261511 -51.424059 -51.358911 -51.633503 -51.942214 -52.474244 -53.258684 -53.430312 -53.347916 
-78.528449 -77.308632 -77.694835 -72.573120 -69.549980 -73.425255 -82.968572 -79.727805 -81.153363 -81.563247 -82.235574 -81.001927 -81.936395 -77.412709 -82.500500 -77.724726 -79.643642 -87.471847 -89.058744 -81.215778 -82.655361 -90.640333 -84.960491 -86.489715 -88.436009 -85.806421 -89.382706 -88.737223 -88.621521 -89.835013 -89.024771 -90.701991 -89.567913 -89.739886 -92.734611 -93.861329 -95.591421 -97.581161 -98.582433 -100.635739 
NaN NaN NaN NaN NaN NaN NaN NaN NaN NaN NaN NaN NaN NaN NaN NaN NaN NaN NaN NaN NaN NaN NaN NaN NaN NaN NaN NaN NaN NaN NaN NaN NaN NaN NaN NaN NaN NaN NaN NaN 
NaN NaN NaN NaN NaN NaN NaN NaN NaN NaN NaN NaN NaN NaN NaN NaN NaN NaN NaN NaN NaN NaN NaN NaN NaN NaN NaN NaN NaN NaN NaN NaN NaN NaN NaN NaN NaN NaN NaN NaN 
NaN NaN NaN NaN NaN NaN NaN NaN NaN NaN NaN NaN NaN NaN NaN NaN NaN NaN NaN NaN NaN NaN NaN NaN NaN NaN NaN NaN NaN NaN NaN NaN NaN NaN NaN NaN NaN NaN NaN NaN 
NaN NaN NaN NaN NaN NaN NaN NaN NaN NaN NaN NaN NaN NaN NaN NaN NaN NaN NaN NaN NaN NaN NaN NaN NaN NaN NaN NaN NaN NaN NaN NaN NaN NaN NaN NaN NaN NaN NaN NaN 
NaN NaN NaN NaN NaN NaN NaN NaN NaN NaN NaN NaN NaN NaN NaN NaN NaN NaN NaN NaN NaN NaN NaN NaN NaN NaN NaN NaN NaN NaN NaN NaN NaN NaN NaN NaN NaN NaN NaN NaN 
NaN NaN NaN NaN NaN NaN NaN NaN NaN NaN NaN NaN NaN NaN NaN NaN NaN NaN NaN NaN NaN NaN NaN NaN NaN NaN NaN NaN NaN NaN NaN NaN NaN NaN NaN NaN NaN NaN NaN NaN 
NaN NaN NaN NaN NaN NaN NaN NaN NaN NaN NaN NaN NaN NaN NaN NaN NaN NaN NaN NaN NaN NaN NaN NaN NaN NaN NaN NaN NaN NaN NaN NaN NaN NaN NaN NaN NaN NaN NaN NaN 
NaN NaN NaN NaN NaN NaN NaN NaN NaN NaN NaN NaN NaN NaN NaN NaN NaN NaN NaN NaN NaN NaN NaN NaN NaN NaN NaN NaN NaN NaN NaN NaN NaN NaN NaN NaN NaN NaN NaN NaN 
NaN NaN NaN NaN NaN NaN NaN NaN NaN NaN NaN NaN NaN NaN NaN NaN NaN NaN NaN NaN NaN NaN NaN NaN NaN NaN NaN NaN NaN NaN NaN NaN NaN NaN NaN NaN NaN NaN NaN NaN 
NaN NaN NaN NaN NaN NaN NaN NaN NaN NaN NaN NaN NaN NaN NaN NaN NaN NaN NaN NaN NaN NaN NaN NaN NaN NaN NaN NaN NaN NaN NaN NaN NaN NaN NaN NaN NaN NaN NaN NaN 
NaN NaN NaN NaN NaN NaN NaN NaN NaN NaN NaN NaN NaN NaN NaN NaN NaN NaN NaN NaN NaN NaN NaN NaN NaN NaN NaN NaN NaN NaN NaN NaN NaN NaN NaN NaN NaN NaN NaN NaN 
NaN NaN NaN NaN NaN NaN NaN NaN NaN NaN NaN NaN NaN NaN NaN NaN NaN NaN NaN NaN NaN NaN NaN NaN NaN NaN NaN NaN NaN NaN NaN NaN NaN NaN NaN NaN NaN NaN NaN NaN 
NaN NaN NaN NaN NaN NaN NaN NaN NaN NaN NaN NaN NaN NaN NaN NaN NaN NaN NaN NaN NaN NaN NaN NaN NaN NaN NaN NaN NaN NaN NaN NaN NaN NaN NaN NaN NaN NaN NaN NaN 
NaN NaN NaN NaN NaN NaN NaN NaN NaN NaN NaN NaN NaN NaN NaN NaN NaN NaN NaN NaN NaN NaN NaN NaN NaN NaN NaN NaN NaN NaN NaN NaN NaN NaN NaN NaN NaN NaN NaN NaN 
