NaN NaN NaN NaN NaN NaN NaN NaN NaN NaN NaN NaN NaN NaN NaN NaN NaN NaN NaN NaN NaN NaN NaN NaN NaN NaN NaN NaN NaN NaN NaN NaN NaN NaN NaN NaN NaN NaN NaN NaN 
NaN NaN NaN NaN NaN NaN NaN NaN NaN NaN NaN NaN NaN NaN NaN NaN NaN NaN NaN NaN NaN NaN NaN NaN NaN NaN NaN NaN NaN NaN NaN NaN NaN NaN NaN NaN NaN NaN NaN NaN 
NaN NaN NaN NaN NaN NaN NaN NaN NaN NaN NaN NaN NaN NaN NaN NaN NaN NaN NaN NaN NaN NaN NaN NaN NaN NaN NaN NaN NaN NaN NaN NaN NaN NaN NaN NaN NaN NaN NaN NaN 
-161.199540 -161.201343 -161.204332 -161.209346 -161.216083 -161.225420 -161.236661 -161.250823 -161.269201 -161.290465 -161.315415 -161.344984 -161.377804 -161.414866 -161.455520 -161.497951 -161.541979 -161.584020 -161.620793 -161.646927 -161.655497 -161.636977 -161.580928 -161.473510 -161.301148 -161.051835 -160.716897 -160.295236 -159.787867 -159.205642 -158.563161 -157.884009 -157.189801 -156.498110 -155.830452 -155.210001 -154.654691 -154.183548 -153.817650 -153.580011 
-31.143185 -33.668470 -38.975686 -49.653047 -45.175891 -47.497887 -47.444935 -39.480408 -39.179451 -45.271471 -48.098384 -44.412110 -47.097683 -54.309868 -60.695455 -56.782250 -47.568091 -51.521279 -51.125677 -56.526669 -58.111238 -57.473324 -62.153467 -63.952172 -63.743224 -62.995129 -70.952202 -69.324521 -74.756996 -68.760641 -69.990326 -69.900952 -74.565345 -71.174278 -70.399949 -68.204779 -71.464593 -75.073074 -73.476839 -76.882818 
-18.101232 -20.100233 -21.671515 -23.851490 -27.336196 -30.344887 -30.229766 -24.280230 -24.760018 -25.855659 -30.510157 -31.066799 -27.670892 -31.600337 -40.086123 -38.503607 -25.627151 -27.372521 -30.494071 -35.816367 -37.956317 -40.001750 -43.872597 -48.466795 -47.841771 -44.174445 -45.843578 -45.460786 -45.728296 -43.497112 -50.375654 -49.602135 -52.166545 -53.483236 -55.601423 -49.809613 -49.534006 -54.309389 -55.365911 -57.054947 
-27.221305 -26.404227 -24.413764 -23.893955 -26.350362 -25.682143 -20.917308 -21.517694 -24.725911 -21.945589 -30.344814 -26.124549 -27.125680 -27.473136 -30.606282 -27.699199 -18.322508 -16.966741 -24.193836 -25.574235 -32.841820 -37.209966 -36.261181 -43.243642 -36.704710 -30.786477 -36.482179 -39.618567 -35.282284 -35.267765 -39.155051 -37.588420 -37.638263 -45.375999 -49.495197 -45.408843 -44.702024 -44.391873 -44.466740 -42.839915 
-16.324038 -14.222281 -17.317907 -20.795338 -20.661571 -14.067651 -15.151303 -17.147914 -14.682433 -14.656109 -19.499163 -20.566932 -18.463111 -24.595549 -25.053988 -18.629619 -15.298970 -15.698432 -15.436818 -22.365598 -25.794095 -29.056761 -32.736723 -33.702751 -32.634292 -26.996540 -30.693939 -34.408179 -32.027142 -33.241312 -37.114196 -33.310639 -36.189820 -44.084047 -41.453084 -38.127674 -35.256753 -34.388285 -33.728201 -38.890035 
-14.711117 -10.060384 -15.506314 -20.169066 -23.225464 -12.389678 -9.305877 -8.941241 -10.130562 -14.599314 -21.133200 -21.221412 -16.692773 -19.679672 -19.978383 -20.761541 -10.931409 -11.750971 -12.171153 -17.894847 -21.590920 -24.344273 -30.255749 -29.279200 -25.156666 -21.544907 -26.796965 -31.516273 -29.415828 -32.846200 -32.244322 -32.888999 -32.128925 -37.399535 -34.473560 -30.442742 -32.313736 -31.950799 -31.344968 -32.708393 
-6.556916 -11.905443 -9.092575 -8.729958 -19.157356 -16.360331 -8.438114 -10.121358 -15.633182 -13.948991 -16.450080 -22.861569 -24.150573 -23.842716 -23.841566 -22.831082 -14.622766 -9.781536 -12.643231 -16.968663 -20.867867 -23.894981 -27.039923 -26.380848 -23.447139 -23.807713 -23.499249 -26.574211 -23.936407 -31.015803 -32.231681 -26.949688 -28.344686 -35.438875 -30.772982 -26.770132 -27.291499 -28.931564 -28.748419 -30.287820 
-4.614944 8.566788 13.319426 8.181902 -1.750692 -3.530893 -3.794910 -6.395010 -3.901853 -8.839616 -18.804359 -24.224485 -18.734588 -17.199647 -20.719616 -20.847041 -12.682423 -10.268168 -6.678246 -12.303940 -21.132858 -27.884511 -28.974658 -23.313400 -22.453756 -23.887839 -28.515363 -28.919823 -25.623464 -31.716237 -31.627432 -26.365115 -24.935056 -33.795258 -33.655668 -24.132876 -26.072921 -27.559716 -30.924481 -30.252493 
2.261290 14.085170 19.938884 12.237331 6.376465 10.198404 1.767732 5.445464 -1.398087 -5.446684 -15.559760 -15.973554 -20.583879 -18.143029 -21.376504 -27.078484 -21.110834 -14.261761 -7.353056 -16.941746 -21.498713 -25.338126 -22.774062 -19.477733 -19.607211 -23.246203 -27.083342 -28.585742 -24.433200 -28.741298 -31.072257 -26.158737 -27.402518 -35.476340 -31.221099 -24.202905 -23.815476 -24.302108 -26.633792 -24.849847 
-4.019797 8.476205 20.163460 16.969910 6.929486 16.911365 10.726247 9.460306 6.977864 -5.250641 -7.354161 -15.487508 -14.742618 -18.206817 -21.828944 -20.006090 -12.973253 -11.748934 -11.587507 -12.927645 -18.808020 -19.306121 -21.891716 -21.476428 -25.117937 -25.365122 -28.706033 -28.439974 -21.131943 -25.854020 -30.532551 -26.451857 -29.968680 -39.369307 -29.817007 -18.684067 -19.102207 -21.320818 -21.857777 -24.814427 
-7.080669 4.561552 20.172989 19.256570 4.279346 19.813074 17.495936 8.741722 11.786132 -3.018261 -5.568062 -10.132418 -9.629789 -17.375530 -21.745110 -19.586994 -13.630379 -7.239595 -6.928638 -11.561956 -18.202258 -21.071565 -21.275299 -18.782988 -19.436824 -25.414088 -28.617206 -27.579365 -22.907836 -28.527544 -31.214808 -26.450407 -28.416794 -34.053434 -32.546471 -22.961718 -25.245442 -25.403794 -24.079224 -23.625896 
-4.255756 3.536226 19.038361 19.994490 5.300634 20.729528 23.384056 8.011062 12.294994 4.080394 -5.753754 -9.292388 -6.014258 -11.177102 -12.944588 -13.817492 -7.831830 -3.580775 -8.712144 -12.234979 -18.710588 -18.899701 -15.593603 -15.131603 -17.436788 -25.531658 -28.000453 -25.498808 -21.157062 -25.752741 -31.468922 -24.503749 -32.167357 -41.150195 -31.439192 -22.047884 -22.523708 -23.017477 -21.386835 -23.419081 
-8.356121 -2.885365 14.107086 18.969552 4.384181 21.389536 27.122571 12.327431 12.497568 8.258236 -7.779693 -5.466022 -6.418055 -5.709824 -6.650077 -7.196181 -1.604260 -0.518028 -5.269643 -10.068839 -17.291301 -16.126571 -10.613328 -10.413850 -14.215693 -24.256323 -27.274639 -22.984864 -19.649551 -23.466351 -27.850769 -29.864259 -32.086370 -33.740557 -29.133955 -23.960073 -25.247830 -24.047213 -23.734462 -25.122454 
-8.632009 -11.267133 11.858917 18.684391 8.782245 20.533895 28.427966 16.402777 9.717952 10.053610 -8.314441 -3.112485 -7.285648 -4.160848 -6.897452 -6.451938 1.342323 -1.058741 -3.096773 -7.992221 -15.464950 -18.050697 -13.981692 -11.355365 -14.476797 -23.493652 -27.436194 -25.565286 -21.043129 -24.449070 -26.879126 -24.773522 -32.579588 -35.535657 -29.548123 -21.321206 -24.809293 -26.388704 -25.782189 -26.172787 
-9.928676 -9.439322 8.619088 18.305550 11.021967 15.848813 27.594766 20.841682 4.322331 8.640490 -4.027416 -5.008533 -9.497579 -7.416596 -9.782798 -6.766082 0.696464 2.095417 -3.684718 -10.462700 -16.698419 -17.630761 -15.752904 -12.840028 -13.827297 -26.223882 -28.302634 -26.960038 -22.470898 -23.987961 -30.315696 -30.078504 -37.321410 -39.982418 -31.422031 -24.148974 -22.958014 -23.112646 -24.696604 -27.828475 
-5.750143 -14.979751 5.339222 18.084015 12.689157 3.965191 22.853753 24.821139 1.040044 4.216590 -0.159593 -10.491867 -4.711887 -15.501946 -8.523610 -8.413162 -2.224747 1.749718 -2.944585 -9.175227 -17.671869 -16.301865 -14.642497 -12.602899 -11.184117 -21.238384 -28.243288 -26.919109 -21.783609 -24.699369 -34.980904 -32.756207 -38.704002 -40.709872 -30.010464 -18.719378 -22.939673 -21.364755 -23.284905 -25.859858 
-12.032565 -13.010110 3.758578 17.303974 13.141071 1.882490 21.957970 25.840119 3.356113 4.933530 2.515950 -8.701540 -2.552803 -12.459777 -7.147462 -7.635165 -2.034567 0.315639 -2.971374 -7.109345 -18.151489 -17.291270 -15.589671 -13.690100 -10.733592 -22.089825 -26.254992 -28.219478 -22.041555 -24.656988 -31.473121 -31.157456 -33.802409 -34.629218 -30.257536 -19.410203 -19.433618 -21.932196 -24.012757 -27.248361 
-11.498496 -11.287821 -3.879756 15.861691 13.834229 -0.982241 19.816522 26.708187 8.967248 -0.057363 4.234866 -11.802148 -1.873112 -11.330091 -7.619710 -8.756322 3.237549 -1.130193 -0.669351 -10.833707 -18.638533 -19.122420 -15.193705 -12.397005 -9.699708 -20.649086 -27.771899 -28.238131 -22.971926 -24.547986 -29.747304 -29.349868 -33.396260 -35.550729 -31.515004 -20.222533 -20.298899 -23.755435 -22.677853 -25.283061 
-9.880622 -21.606734 -4.848654 14.787897 13.331577 -5.353137 15.040367 25.793566 11.292345 -3.197086 4.742202 -13.699649 -3.634345 -11.272114 -9.748742 -11.918227 3.126313 -3.242242 -3.185664 -15.110772 -20.483576 -24.354334 -20.178861 -17.843276 -14.363842 -17.156535 -29.149876 -27.514977 -28.329547 -29.557425 -32.424721 -25.580648 -29.774102 -36.373052 -29.685873 -17.897127 -18.704960 -23.385588 -21.427587 -23.167559 
-11.946749 -21.085756 -5.823237 13.985667 12.903340 -7.044665 14.284170 24.933626 9.749487 -2.805824 4.929416 -12.590184 -3.412664 -10.302283 -9.859014 -12.049876 3.583452 -2.056605 -4.489435 -15.725356 -18.553416 -22.840358 -19.901925 -22.375479 -17.349033 -18.922157 -28.646406 -29.343774 -23.721117 -24.747584 -31.141339 -31.199688 -32.726830 -33.529510 -28.952368 -19.462821 -21.194192 -22.675673 -23.835359 -24.541182 
-12.483907 -18.381086 -7.717389 13.313549 11.842353 -8.394218 13.807350 23.997748 8.115623 -4.655085 3.473231 -15.021809 -5.058079 -13.491890 -9.970136 -10.504418 3.872411 -5.007696 -6.375484 -17.881176 -24.152292 -28.311317 -24.419959 -24.035970 -17.630113 -18.263824 -29.984335 -30.316385 -25.322236 -26.452368 -33.943081 -32.260294 -34.375396 -36.014664 -29.702217 -19.202203 -21.587706 -23.006133 -26.304246 -29.051212 
-15.763065 -18.102952 -0.778232 14.305333 10.200484 -9.705693 16.717540 23.488068 4.870711 -0.505489 1.535760 -13.766794 -5.775625 -14.555150 -8.851613 -7.844728 3.395635 -9.186848 -11.267115 -18.552690 -24.577612 -26.517762 -23.234537 -24.486673 -16.879363 -19.844312 -30.693412 -30.139804 -27.066894 -32.185751 -34.602886 -31.080796 -30.449251 -34.646925 -30.005627 -20.052680 -19.429915 -20.010410 -23.968828 -28.077392 
-10.458203 -12.883974 3.979471 15.875523 9.333219 -2.285792 20.279019 22.381648 -0.510886 3.573244 -3.562861 -12.821702 -8.755297 -12.911745 -8.435083 -2.941071 0.585789 -7.801004 -14.780734 -18.380367 -30.056863 -30.274222 -28.240826 -27.445405 -20.652637 -20.622407 -34.674622 -30.602753 -29.258767 -30.799340 -36.158273 -34.890882 -35.480339 -41.989997 -32.897010 -20.703507 -21.054613 -23.051617 -24.964634 -27.533134 
-13.856665 -10.322932 9.445631 17.375437 8.104237 8.027176 22.819443 19.165829 0.965355 7.388943 -6.086549 -6.135930 -11.414232 -7.271010 -12.996054 -6.443119 -5.002765 -8.334319 -21.517101 -21.917884 -26.329750 -27.632186 -26.811848 -26.812082 -21.027310 -23.484840 -32.848548 -29.971042 -26.628362 -29.517441 -35.164377 -34.975357 -35.960351 -39.797179 -33.529435 -20.731076 -22.360369 -23.780390 -24.222706 -27.158806 
-9.939959 -3.393626 14.075213 16.828001 5.028927 15.039033 21.710185 11.968671 10.011483 6.186614 -5.771494 -8.208873 -9.144695 -8.975109 -13.625769 -11.260892 -5.539308 -10.639599 -20.833607 -23.493916 -28.940278 -29.688636 -26.567704 -29.277081 -21.356536 -23.693675 -30.472033 -33.976434 -27.624424 -29.698111 -39.010471 -36.688557 -36.705189 -40.937260 -30.906335 -17.065388 -24.241502 -27.103428 -26.402815 -29.674893 
-10.469960 5.930923 16.401201 12.378601 7.537249 15.435155 11.338725 13.410182 10.776318 -1.116297 -6.131039 -8.904836 -8.266541 -13.708019 -17.932993 -13.923836 -10.063075 -14.597307 -18.179216 -25.222227 -32.649842 -31.215991 -29.369811 -27.090024 -18.056799 -22.884406 -30.911588 -33.801015 -29.160798 -32.999492 -37.216355 -35.595665 -38.341537 -44.640304 -35.695310 -25.534249 -24.939716 -27.729808 -24.972218 -28.090874 
-4.858479 11.465931 18.023170 11.795003 12.804863 14.075290 12.300283 17.631201 11.718616 4.840384 -8.156246 -9.993340 -7.823176 -13.820679 -12.239239 -12.680446 -6.180750 -9.980837 -19.806214 -22.766648 -27.668495 -26.662753 -23.332826 -22.298922 -15.806749 -22.783021 -30.000748 -29.335951 -28.798383 -31.661712 -31.916662 -27.842487 -31.625591 -37.666768 -33.893715 -23.773839 -25.292830 -26.449960 -24.684180 -29.255882 
1.598663 15.698693 16.555142 8.705871 12.692935 9.367563 16.193827 11.918715 12.112789 3.140039 -3.618305 -6.134326 -6.896663 -8.766684 -9.307947 -9.916109 -10.268644 -13.379744 -19.376610 -21.282647 -22.372058 -24.286047 -25.446919 -23.607488 -18.666088 -22.842123 -29.302114 -28.250162 -27.918004 -31.024336 -33.077195 -33.127040 -35.019324 -36.281971 -34.024311 -23.036094 -26.469774 -27.842451 -27.977859 -31.680720 
6.795990 18.751977 17.264465 11.475810 8.075483 11.880144 13.711623 17.870547 12.735317 6.880772 -2.953757 -11.541868 -11.835287 -14.831804 -18.006087 -12.097823 -15.057862 -17.837924 -19.941094 -22.150635 -27.924409 -30.816968 -26.632922 -22.487276 -18.696079 -23.304124 -28.386534 -27.677913 -29.081638 -37.033944 -39.913859 -37.218053 -40.606014 -45.551237 -43.905751 -32.534022 -29.538071 -29.234844 -31.056657 -29.362731 
10.025424 20.231873 17.830401 12.853241 9.652626 10.714610 14.403927 14.907103 11.544356 1.840781 -6.616097 -8.989857 -7.833660 -10.052356 -12.256140 -13.418957 -16.040132 -22.330668 -23.974408 -27.907500 -28.241011 -27.383650 -25.292731 -23.344518 -19.197143 -23.100389 -27.305727 -28.618070 -27.008839 -31.487355 -37.312465 -35.037663 -37.144258 -40.847454 -40.140262 -31.256370 -31.978718 -26.423803 -28.217117 -31.062657 
12.148974 20.071944 15.637802 11.607623 8.064479 5.455495 6.870875 10.309366 6.392189 2.449239 -7.636197 -9.821978 -12.897056 -19.531527 -14.899700 -18.834390 -21.061895 -24.369630 -26.101091 -29.307022 -30.317219 -29.043325 -29.795962 -27.573889 -23.598915 -26.988885 -32.006790 -29.553772 -30.237792 -35.208035 -36.237977 -35.046828 -35.827026 -37.872170 -37.092601 -30.538477 -32.021897 -31.416954 -28.184445 -29.333942 
14.176466 20.565485 15.816223 9.075375 4.049454 3.686599 4.605384 5.407790 3.977709 -4.058467 -15.066599 -18.129297 -19.612904 -17.491868 -10.854759 -14.877339 -31.028356 -29.229544 -29.846576 -31.080779 -32.271411 -30.739619 -30.082407 -31.147864 -29.389928 -30.913076 -34.466770 -33.383881 -37.737012 -38.953043 -45.009519 -40.209786 -42.125492 -45.003008 -44.798281 -33.786385 -33.094911 -33.635633 -27.370371 -28.254763 
14.333244 19.253338 12.454193 5.637993 2.757880 0.834625 4.642993 6.255129 4.638722 -5.499110 -15.056091 -20.373476 -15.156611 -10.927352 -7.455952 -13.823465 -29.901224 -31.283832 -34.462326 -37.196560 -37.820772 -37.255183 -35.928431 -34.550317 -34.013518 -36.108945 -39.607145 -37.441188 -41.826096 -44.015149 -45.695945 -42.102173 -44.402656 -47.461683 -46.873073 -37.302965 -35.640820 -35.809923 -32.612385 -33.644525 
13.931412 17.372320 11.092960 3.514418 -0.781061 -0.232013 -0.283074 3.022382 2.788710 -3.180526 -16.253919 -19.692422 -14.865185 -9.904935 -4.742491 -15.380438 -28.135773 -29.938954 -37.512127 -41.260592 -43.720375 -44.797634 -42.607011 -41.674596 -36.618269 -38.868814 -42.028228 -40.667166 -42.613409 -49.281281 -51.156086 -44.724553 -46.729820 -51.826824 -50.482771 -40.392828 -36.878433 -35.702399 -35.337685 -35.011884 
13.921774 17.671415 12.197589 5.155749 1.751744 3.993942 5.762728 7.262235 2.397449 -5.947395 -16.834785 -19.378483 -13.227705 -15.899836 -13.882585 -19.847508 -25.898522 -27.959179 -31.570914 -39.288173 -41.861795 -42.731148 -42.255502 -42.875244 -30.273907 -34.598750 -40.167763 -37.436779 -39.335978 -45.827686 -44.960418 -39.050647 -45.808601 -50.731048 -48.440285 -38.534676 -38.661715 -38.428364 -34.411859 -35.265153 
13.386136 16.560363 10.707393 2.771841 -5.359569 -1.824081 -1.102771 1.558439 -6.133498 -10.551796 -15.920901 -16.764685 -10.546653 -10.712321 -17.760010 -24.581115 -29.290541 -32.195467 -36.356418 -39.364179 -39.577626 -37.378423 -39.542219 -38.044271 -32.052043 -30.279161 -37.646097 -33.135330 -38.574885 -45.457718 -44.188147 -44.453388 -46.789458 -48.694548 -45.531400 -36.578600 -38.084753 -36.902614 -37.027597 -36.396603 
11.355067 10.811564 -1.545266 -5.291920 -13.159354 -9.794763 -1.754227 -1.415886 -10.903045 -16.528464 -15.020013 -15.420618 -14.612507 -13.369102 -17.877091 -24.044703 -35.101604 -38.205247 -39.965804 -40.881500 -42.031550 -41.349250 -39.942214 -41.666539 -37.921397 -38.363593 -43.204502 -41.611673 -41.957618 -47.496867 -49.300980 -47.021991 -48.754099 -49.694518 -50.305235 -43.782295 -42.266124 -39.472802 -39.906334 -40.079759 
9.173459 9.481193 -0.336644 -4.082870 -5.748204 -10.960016 -7.236525 -4.496809 -6.143283 -19.572407 -16.475853 -21.635548 -13.114054 -10.452820 -17.375167 -26.044523 -37.773093 -39.873969 -45.326174 -45.418581 -46.852382 -48.285600 -43.165918 -46.516535 -37.972330 -38.835515 -48.334277 -48.233760 -46.557356 -48.843434 -51.582825 -51.037466 -53.873302 -53.004066 -51.044540 -43.740181 -42.552188 -37.438787 -38.074703 -38.724408 
6.149375 6.670218 -1.877784 -10.171904 -7.011969 -4.434596 -5.627994 -4.850336 -9.651096 -18.287218 -21.177866 -15.844162 -13.671554 -9.057528 -12.978232 -25.426612 -35.473403 -35.835225 -37.032009 -42.464782 -43.227246 -47.995850 -44.973257 -49.206585 -40.023005 -35.166849 -43.905162 -45.205864 -48.100178 -54.719939 -53.654261 -50.967406 -51.879705 -55.046335 -50.582424 -44.587738 -43.930455 -40.595095 -39.614009 -40.278371 
-1.496681 -3.443949 -1.961488 -10.750531 -7.378551 -6.929222 -9.058410 -8.024348 -6.274788 -14.215302 -21.622053 -18.381509 -18.865404 -14.105169 -15.850476 -30.748519 -40.510639 -35.941360 -39.736165 -44.103775 -45.873578 -46.139349 -45.445536 -43.171377 -41.889318 -39.139968 -39.526548 -46.740648 -44.475232 -49.488810 -52.407534 -51.240805 -50.173297 -53.758390 -51.136429 -48.236939 -45.524478 -42.857662 -38.927769 -39.678836 
-0.581501 0.012305 -6.439345 -12.795380 -9.918829 -11.987518 -22.497717 -9.391258 -6.736989 -19.098100 -16.074134 -11.165708 -12.807297 -12.357081 -13.899987 -27.335243 -35.737779 -38.787564 -38.484306 -42.510920 -43.314740 -44.892887 -46.578182 -46.793146 -45.235281 -37.672502 -41.832901 -45.205282 -39.925121 -46.023331 -49.816670 -49.391211 -49.493165 -52.756954 -51.480912 -46.108712 -44.166061 -42.777903 -43.031609 -43.639333 
-10.064971 -16.464487 -12.846807 -11.698803 -14.093520 -20.568869 -20.261733 -13.327879 -16.193381 -22.246718 -26.149507 -14.793480 -10.465518 -14.788650 -20.298734 -27.604275 -34.931144 -38.901040 -43.408999 -45.614178 -43.397857 -43.079344 -44.304056 -50.584532 -51.251298 -42.617776 -44.766633 -47.269140 -46.220386 -46.153625 -53.724210 -53.126350 -52.595603 -54.538614 -55.114274 -51.632956 -48.756151 -46.219563 -44.534798 -44.188630 
-32.017748 -28.758456 -29.610550 -32.287506 -38.845514 -45.543217 -37.435537 -34.272676 -37.031831 -45.382457 -41.738527 -32.402402 -30.597080 -34.013640 -34.428015 -38.144894 -41.714035 -47.048773 -51.114993 -53.366353 -54.491239 -57.541544 -58.540238 -59.920400 -60.723751 -58.314765 -60.326004 -62.725384 -62.356909 -59.016176 -62.670200 -65.488295 -66.358594 -67.094291 -66.597085 -65.959807 -65.563084 -64.505219 -63.655557 -62.153256 
-51.201437 -47.742047 -56.104659 -66.255531 -61.848061 -64.263782 -67.561575 -62.412682 -67.618790 -62.978222 -66.912808 -68.116306 -65.817846 -60.282184 -61.328296 -67.279022 -73.063502 -75.958908 -78.580598 -82.060817 -78.211977 -84.209172 -82.994641 -78.057824 -78.505664 -79.898947 -77.417391 -79.530239 -80.165057 -82.928040 -83.794473 -80.673334 -81.441087 -79.455155 -79.268800 -82.443024 -84.837752 -86.325240 -86.276415 -85.469580 
-61.249989 -61.992308 -68.773087 -80.202478 -79.194485 -74.545154 -73.751904 -67.628442 -66.262673 -66.087089 -70.615192 -76.265714 -74.639825 -70.174572 -69.454673 -73.116238 -81.615566 -82.202681 -80.216755 -86.515988 -83.721289 -83.977146 -84.033830 -85.856449 -86.361778 -89.773996 -83.537897 -86.787399 -90.027782 -92.809667 -90.223122 -88.163229 -90.301792 -90.752328 -91.149990 -92.571925 -91.750531 -91.215817 -90.789338 -94.122651 
NaN NaN NaN NaN NaN NaN NaN NaN NaN NaN NaN NaN NaN NaN NaN NaN NaN NaN NaN NaN NaN NaN NaN NaN NaN NaN NaN NaN NaN NaN NaN NaN NaN NaN NaN NaN NaN NaN NaN NaN 
-107.572350 -107.569073 -107.563689 -107.554805 -107.543127 -107.527457 -107.509333 -107.487613 -107.461221 -107.433092 -107.403160 -107.371613 -107.341052 -107.311559 -107.284122 -107.259504 -107.235862 -107.211108 -107.180019 -107.135772 -107.069262 -106.971422 -106.839288 -106.671184 -106.475719 -106.268118 -106.061353 -105.858906 -105.640001 -105.361732 -104.972834 -104.455908 -103.846603 -103.195622 -102.485647 -101.560416 -100.226883 -98.550574 -96.906449 -95.713316 
-72.979538 -70.690650 -71.294514 -67.772313 -64.657447 -64.947911 -65.402105 -64.147716 -65.151654 -65.943957 -65.162093 -65.928021 -64.593392 -65.364908 -64.716693 -65.343191 -64.740936 -64.314795 -64.618539 -64.972990 -65.150351 -64.656174 -63.725376 -63.098826 -63.194744 -63.223817 -62.769130 -62.594311 -62.656134 -62.682058 -62.071446 -62.314108 -61.957406 -62.278669 -62.373348 -62.003327 -62.318091 -62.075187 -62.947175 -64.822847 
-68.653311 -70.279260 -75.686747 -69.840918 -66.040114 -69.817666 -73.778240 -67.796641 -71.223862 -73.904617 -69.976460 -74.314509 -68.764214 -72.755985 -68.948946 -71.601245 -70.321655 -69.742955 -71.316662 -71.416571 -71.461883 -70.852211 -69.942253 -69.430639 -69.871664 -70.022715 -69.373055 -69.295837 -69.419415 -69.525404 -68.390655 -69.045699 -68.490637 -69.049535 -69.060723 -68.564071 -69.067266 -68.680475 -69.779631 -71.746370 
-91.022989 -91.193867 -91.480313 -91.968533 -92.641771 -93.600095 -94.783529 -96.271130 -97.975296 -99.076144 -98.807632 -97.402186 -95.876522 -94.733116 -94.171382 -94.293321 -95.198706 -96.937956 -99.067682 -99.714309 -98.263856 -96.960030 -97.070143 -98.938412 -101.730997 -101.874280 -101.179770 -103.868959 -105.863803 -100.295956 -97.885403 -98.301142 -100.383257 -101.709774 -98.554099 -99.829545 -100.733280 -100.104690 -103.737345 -102.990782 
NaN NaN NaN NaN NaN NaN NaN NaN NaN NaN NaN NaN NaN NaN NaN NaN NaN NaN NaN NaN NaN NaN NaN NaN NaN NaN NaN NaN NaN NaN NaN NaN NaN NaN NaN NaN NaN NaN NaN NaN 
NaN NaN NaN NaN NaN NaN NaN NaN NaN NaN NaN NaN NaN NaN NaN NaN NaN NaN NaN NaN NaN NaN NaN NaN NaN NaN NaN NaN NaN NaN NaN NaN NaN NaN NaN NaN NaN NaN NaN NaN 
NaN NaN NaN NaN NaN NaN NaN NaN NaN NaN NaN NaN NaN NaN NaN NaN NaN NaN NaN NaN NaN NaN NaN NaN NaN NaN NaN NaN NaN NaN NaN NaN NaN NaN NaN NaN NaN NaN NaN NaN 
NaN NaN NaN NaN NaN NaN NaN NaN NaN NaN NaN NaN NaN NaN NaN NaN NaN NaN NaN NaN NaN NaN NaN NaN NaN NaN NaN NaN NaN NaN NaN NaN NaN NaN NaN NaN NaN NaN NaN NaN 
NaN NaN NaN NaN NaN NaN NaN NaN NaN NaN NaN NaN NaN NaN NaN NaN NaN NaN NaN NaN NaN NaN NaN NaN NaN NaN NaN NaN NaN NaN NaN NaN NaN NaN NaN NaN NaN NaN NaN NaN 
NaN NaN NaN NaN NaN NaN NaN NaN NaN NaN NaN NaN NaN NaN NaN NaN NaN NaN NaN NaN NaN NaN NaN NaN NaN NaN NaN NaN NaN NaN NaN NaN NaN NaN NaN NaN NaN NaN NaN NaN 
NaN NaN NaN NaN NaN NaN NaN NaN NaN NaN NaN NaN NaN NaN NaN NaN NaN NaN NaN NaN NaN NaN NaN NaN NaN NaN NaN NaN NaN NaN NaN NaN NaN NaN NaN NaN NaN NaN NaN NaN 
NaN NaN NaN NaN NaN NaN NaN NaN NaN NaN NaN NaN NaN NaN NaN NaN NaN NaN NaN NaN NaN NaN NaN NaN NaN NaN NaN NaN NaN NaN NaN NaN NaN NaN NaN NaN NaN NaN NaN NaN 
-90.111467 -90.384875 -90.234680 -89.933814 -90.116938 -90.356441 -90.043373 -90.039496 -90.352054 -89.998354 -90.211296 -90.191235 -90.106305 -90.254272 -90.141020 -90.242631 -90.246296 -90.207196 -90.326426 -90.299298 -90.303443 -90.363493 -90.402213 -90.447302 -90.495607 -90.566764 -90.641914 -90.726835 -90.800920 -90.894379 -91.050828 -91.159205 -91.361855 -91.505456 -91.706965 -91.965377 -92.231931 -92.523509 -93.404118 -96.739758 
-71.620043 -82.661250 -74.901804 -67.355049 -71.044595 -76.923072 -68.104069 -69.570522 -75.164034 -67.384604 -74.542024 -69.758468 -71.844347 -70.794027 -71.630697 -69.903787 -72.481356 -69.890670 -70.886255 -71.270050 -70.592852 -70.675399 -71.179249 -71.088978 -70.885134 -71.038399 -71.346427 -71.540719 -72.128434 -72.066960 -71.232234 -71.887423 -71.246060 -71.560873 -71.365150 -71.160636 -71.435271 -71.583565 -72.433172 -74.548346 
-65.328468 -73.433476 -69.870292 -60.726168 -63.258534 -70.448274 -60.073547 -61.291597 -68.897481 -59.583096 -67.716519 -63.188616 -65.044477 -64.235575 -64.620098 -63.249224 -65.446554 -62.420085 -63.446532 -63.688550 -62.863081 -63.285266 -63.668489 -63.205539 -62.901216 -63.109906 -63.085418 -62.713185 -63.309990 -63.821927 -62.339258 -63.291612 -62.573093 -62.681311 -62.463579 -62.461854 -62.674528 -62.499459 -63.090319 -65.346373 
-66.333332 -69.830645 -68.076352 -58.814544 -64.217355 -72.426314 -59.471905 -62.220990 -76.218215 -61.304575 -72.400707 -68.487802 -70.143262 -68.982265 -69.040034 -64.933228 -67.197540 -62.370163 -63.743312 -64.733077 -63.608801 -62.653092 -62.671831 -62.714168 -62.291951 -62.074612 -61.799491 -61.495043 -61.882656 -61.649397 -60.770327 -61.718873 -61.342230 -61.594032 -61.902020 -62.382798 -62.787739 -62.382939 -62.111502 -63.985182 
-59.640732 -60.114713 -57.315995 -55.266744 -62.828558 -63.751913 -55.681460 -60.379779 -69.944933 -58.349050 -69.847943 -63.069908 -66.105640 -63.806295 -66.006914 -62.343822 -65.191177 -60.708484 -61.843048 -63.498514 -62.703783 -61.718456 -61.493720 -61.288571 -60.284519 -60.425651 -60.599010 -59.984033 -60.341682 -60.142018 -58.857604 -59.923900 -59.235161 -59.778507 -60.003652 -59.930032 -59.790358 -59.990948 -60.221312 -62.531073 
-70.067640 -67.430535 -69.736277 -59.483671 -64.850636 -70.011024 -58.819280 -60.638100 -72.071396 -58.280839 -67.136888 -62.587880 -63.842187 -62.867043 -63.844653 -60.625306 -64.369898 -59.533980 -61.206097 -62.166918 -61.468868 -61.094231 -61.123311 -60.798750 -60.169161 -59.658878 -59.373730 -59.049725 -59.123049 -59.297257 -58.929938 -59.737239 -58.610582 -58.669807 -58.805367 -58.819961 -59.421012 -59.367054 -59.691180 -61.678677 
-67.894593 -76.755899 -64.177330 -56.930509 -66.184640 -70.974007 -55.765788 -59.539497 -69.527560 -55.792022 -67.029065 -59.133812 -63.102677 -60.008817 -62.589383 -58.752286 -62.426177 -57.980666 -58.927236 -60.171720 -59.486678 -59.095092 -59.174590 -58.840784 -58.460163 -58.263467 -58.250620 -58.054578 -58.493617 -58.711777 -57.723100 -58.367262 -57.658024 -57.524176 -57.363640 -57.162509 -57.351419 -57.327035 -57.746668 -60.061270 
-69.456672 -74.535339 -67.036366 -56.154346 -61.148078 -67.685067 -54.828497 -56.893046 -66.714512 -54.386903 -64.530555 -59.056703 -61.568263 -59.901360 -61.397710 -57.780799 -61.676425 -56.914762 -58.335806 -59.181161 -58.084427 -57.650606 -57.925092 -58.240541 -58.402631 -57.833032 -57.148712 -57.019587 -57.645544 -57.743767 -56.492683 -57.140105 -56.366779 -56.743349 -56.526008 -56.630451 -56.591025 -56.053980 -56.229057 -58.743064 
-71.046313 -70.860164 -64.189097 -56.462490 -62.596075 -68.387273 -54.737353 -57.542470 -65.025933 -55.219257 -65.859415 -59.158062 -62.544168 -60.484723 -62.628560 -58.196791 -62.854588 -58.304596 -59.049271 -60.253572 -59.699157 -59.487058 -59.410891 -58.943070 -58.237097 -58.141749 -57.834558 -57.590216 -58.128151 -57.739543 -57.048100 -57.980798 -57.375283 -57.678768 -57.647355 -58.134891 -58.097638 -58.114073 -58.381283 -60.722307 
-73.201372 -73.995378 -67.617396 -60.115133 -65.816307 -66.809152 -58.140545 -60.903912 -66.215215 -58.485527 -68.047639 -62.578357 -65.078608 -62.456126 -63.974744 -60.224048 -63.753042 -60.227326 -61.598786 -62.596923 -62.217257 -62.050475 -62.113150 -61.878176 -61.792078 -61.383502 -60.741647 -60.359248 -61.072791 -61.333308 -60.402633 -61.073008 -60.931946 -60.815629 -60.645898 -60.717650 -61.116238 -61.417287 -62.154091 -64.443241 
-84.217330 -79.333041 -75.039100 -72.042354 -71.753382 -71.060085 -69.206231 -70.226067 -71.472294 -71.118709 -74.510648 -73.919660 -73.839807 -72.047862 -71.638162 -70.551692 -71.492743 -70.684009 -70.920409 -71.280103 -71.680841 -71.635152 -71.110587 -71.180474 -71.866134 -71.144784 -70.069746 -70.172877 -70.824816 -71.457175 -71.442215 -72.039956 -71.621607 -71.180443 -71.179138 -71.244757 -71.660523 -72.541748 -73.438722 -76.593263 
NaN NaN NaN NaN NaN NaN NaN NaN NaN NaN NaN NaN NaN NaN NaN NaN NaN NaN NaN NaN NaN NaN NaN NaN NaN NaN NaN NaN NaN NaN NaN NaN NaN NaN NaN NaN NaN NaN NaN NaN 
NaN NaN NaN NaN NaN NaN NaN NaN NaN NaN NaN NaN NaN NaN NaN NaN NaN NaN NaN NaN NaN NaN NaN NaN NaN NaN NaN NaN NaN NaN NaN NaN NaN NaN NaN NaN NaN NaN NaN NaN 
NaN NaN NaN NaN NaN NaN NaN NaN NaN NaN NaN NaN NaN NaN NaN NaN NaN NaN NaN NaN NaN NaN NaN NaN NaN NaN NaN NaN NaN NaN NaN NaN NaN NaN NaN NaN NaN NaN NaN NaN 
NaN NaN NaN NaN NaN NaN NaN NaN NaN NaN NaN NaN NaN NaN NaN NaN NaN NaN NaN NaN NaN NaN NaN NaN NaN NaN NaN NaN NaN NaN NaN NaN NaN NaN NaN NaN NaN NaN NaN NaN 
NaN NaN NaN NaN NaN NaN NaN NaN NaN NaN NaN NaN NaN NaN NaN NaN NaN NaN NaN NaN NaN NaN NaN NaN NaN NaN NaN NaN NaN NaN NaN NaN NaN NaN NaN NaN NaN NaN NaN NaN 
NaN NaN NaN NaN NaN NaN NaN NaN NaN NaN NaN NaN NaN NaN NaN NaN NaN NaN NaN NaN NaN NaN NaN NaN NaN NaN NaN NaN NaN NaN NaN NaN NaN NaN NaN NaN NaN NaN NaN NaN 
NaN NaN NaN NaN NaN NaN NaN NaN NaN NaN NaN NaN NaN NaN NaN NaN NaN NaN NaN NaN NaN NaN NaN NaN NaN NaN NaN NaN NaN NaN NaN NaN NaN NaN NaN NaN NaN NaN NaN NaN 
NaN NaN NaN NaN NaN NaN NaN NaN NaN NaN NaN NaN NaN NaN NaN NaN NaN NaN NaN NaN NaN NaN NaN NaN NaN NaN NaN NaN NaN NaN NaN NaN NaN NaN NaN NaN NaN NaN NaN NaN 
NaN NaN NaN NaN NaN NaN NaN NaN NaN NaN NaN NaN NaN NaN NaN NaN NaN NaN NaN NaN NaN NaN NaN NaN NaN NaN NaN NaN NaN NaN NaN NaN NaN NaN NaN NaN NaN NaN NaN NaN 
NaN NaN NaN NaN NaN NaN NaN NaN NaN NaN NaN NaN NaN NaN NaN NaN NaN NaN NaN NaN NaN NaN NaN NaN NaN NaN NaN NaN NaN NaN NaN NaN NaN NaN NaN NaN NaN NaN NaN NaN 
NaN NaN NaN NaN NaN NaN NaN NaN NaN NaN NaN NaN NaN NaN NaN NaN NaN NaN NaN NaN NaN NaN NaN NaN NaN NaN NaN NaN NaN NaN NaN NaN NaN NaN NaN NaN NaN NaN NaN NaN 
NaN NaN NaN NaN NaN NaN NaN NaN NaN NaN NaN NaN NaN NaN NaN NaN NaN NaN NaN NaN NaN NaN NaN NaN NaN NaN NaN NaN NaN NaN NaN NaN NaN NaN NaN NaN NaN NaN NaN NaN 
NaN NaN NaN NaN NaN NaN NaN NaN NaN NaN NaN NaN NaN NaN NaN NaN NaN NaN NaN NaN NaN NaN NaN NaN NaN NaN NaN NaN NaN NaN NaN NaN NaN NaN NaN NaN NaN NaN NaN NaN 
NaN NaN NaN NaN NaN NaN NaN NaN NaN NaN NaN NaN NaN NaN NaN NaN NaN NaN NaN NaN NaN NaN NaN NaN NaN NaN NaN NaN NaN NaN NaN NaN NaN NaN NaN NaN NaN NaN NaN NaN 
NaN NaN NaN NaN NaN NaN NaN NaN NaN NaN NaN NaN NaN NaN NaN NaN NaN NaN NaN NaN NaN NaN NaN NaN NaN NaN NaN NaN NaN NaN NaN NaN NaN NaN NaN NaN NaN NaN NaN NaN 
NaN NaN NaN NaN NaN NaN NaN NaN NaN NaN NaN NaN NaN NaN NaN NaN NaN NaN NaN NaN NaN NaN NaN NaN NaN NaN NaN NaN NaN NaN NaN NaN NaN NaN NaN NaN NaN NaN NaN NaN 
NaN NaN NaN NaN NaN NaN NaN NaN NaN NaN NaN NaN NaN NaN NaN NaN NaN NaN NaN NaN NaN NaN NaN NaN NaN NaN NaN NaN NaN NaN NaN NaN NaN NaN NaN NaN NaN NaN NaN NaN 
NaN NaN NaN NaN NaN NaN NaN NaN NaN NaN NaN NaN NaN NaN NaN NaN NaN NaN NaN NaN NaN NaN NaN NaN NaN NaN NaN NaN NaN NaN NaN NaN NaN NaN NaN NaN NaN NaN NaN NaN 
NaN NaN NaN NaN NaN NaN NaN NaN NaN NaN NaN NaN NaN NaN NaN NaN NaN NaN NaN NaN NaN NaN NaN NaN NaN NaN NaN NaN NaN NaN NaN NaN NaN NaN NaN NaN NaN NaN NaN NaN 
NaN NaN NaN NaN NaN NaN NaN NaN NaN NaN NaN NaN NaN NaN NaN NaN NaN NaN NaN NaN NaN NaN NaN NaN NaN NaN NaN NaN NaN NaN NaN NaN NaN NaN NaN NaN NaN NaN NaN NaN 
NaN NaN NaN NaN NaN NaN NaN NaN NaN NaN NaN NaN NaN NaN NaN NaN NaN NaN NaN NaN NaN NaN NaN NaN NaN NaN NaN NaN NaN NaN NaN NaN NaN NaN NaN NaN NaN NaN NaN NaN 
NaN NaN NaN NaN NaN NaN NaN NaN NaN NaN NaN NaN NaN NaN NaN NaN NaN NaN NaN NaN NaN NaN NaN NaN NaN NaN NaN NaN NaN NaN NaN NaN NaN NaN NaN NaN NaN NaN NaN NaN 
NaN NaN NaN NaN NaN NaN NaN NaN NaN NaN NaN NaN NaN NaN NaN NaN NaN NaN NaN NaN NaN NaN NaN NaN NaN NaN NaN NaN NaN NaN NaN NaN NaN NaN NaN NaN NaN NaN NaN NaN 
NaN NaN NaN NaN NaN NaN NaN NaN NaN NaN NaN NaN NaN NaN NaN NaN NaN NaN NaN NaN NaN NaN NaN NaN NaN NaN NaN NaN NaN NaN NaN NaN NaN NaN NaN NaN NaN NaN NaN NaN 
NaN NaN NaN NaN NaN NaN NaN NaN NaN NaN NaN NaN NaN NaN NaN NaN NaN NaN NaN NaN NaN NaN NaN NaN NaN NaN NaN NaN NaN NaN NaN NaN NaN NaN NaN NaN NaN NaN NaN NaN 
NaN NaN NaN NaN NaN NaN NaN NaN NaN NaN NaN NaN NaN NaN NaN NaN NaN NaN NaN NaN NaN NaN NaN NaN NaN NaN NaN NaN NaN NaN NaN NaN NaN NaN NaN NaN NaN NaN NaN NaN 
NaN NaN NaN NaN NaN NaN NaN NaN NaN NaN NaN NaN NaN NaN NaN NaN NaN NaN NaN NaN NaN NaN NaN NaN NaN NaN NaN NaN NaN NaN NaN NaN NaN NaN NaN NaN NaN NaN NaN NaN 
NaN NaN NaN NaN NaN NaN NaN NaN NaN NaN NaN NaN NaN NaN NaN NaN NaN NaN NaN NaN NaN NaN NaN NaN NaN NaN NaN NaN NaN NaN NaN NaN NaN NaN NaN NaN NaN NaN NaN NaN 
NaN NaN NaN NaN NaN NaN NaN NaN NaN NaN NaN NaN NaN NaN NaN NaN NaN NaN NaN NaN NaN NaN NaN NaN NaN NaN NaN NaN NaN NaN NaN NaN NaN NaN NaN NaN NaN NaN NaN NaN 
NaN NaN NaN NaN NaN NaN NaN NaN NaN NaN NaN NaN NaN NaN NaN NaN NaN NaN NaN NaN NaN NaN NaN NaN NaN NaN NaN NaN NaN NaN NaN NaN NaN NaN NaN NaN NaN NaN NaN NaN 
NaN NaN NaN NaN NaN NaN NaN NaN NaN NaN NaN NaN NaN NaN NaN NaN NaN NaN NaN NaN NaN NaN NaN NaN NaN NaN NaN NaN NaN NaN NaN NaN NaN NaN NaN NaN NaN NaN NaN NaN 
NaN NaN NaN NaN NaN NaN NaN NaN NaN NaN NaN NaN NaN NaN NaN NaN NaN NaN NaN NaN NaN NaN NaN NaN NaN NaN NaN NaN NaN NaN NaN NaN NaN NaN NaN NaN NaN NaN NaN NaN 
NaN NaN NaN NaN NaN NaN NaN NaN NaN NaN NaN NaN NaN NaN NaN NaN NaN NaN NaN NaN NaN NaN NaN NaN NaN NaN NaN NaN NaN NaN NaN NaN NaN NaN NaN NaN NaN NaN NaN NaN 
NaN NaN NaN NaN NaN NaN NaN NaN NaN NaN NaN NaN NaN NaN NaN NaN NaN NaN NaN NaN NaN NaN NaN NaN NaN NaN NaN NaN NaN NaN NaN NaN NaN NaN NaN NaN NaN NaN NaN NaN 
NaN NaN NaN NaN NaN NaN NaN NaN NaN NaN NaN NaN NaN NaN NaN NaN NaN NaN NaN NaN NaN NaN NaN NaN NaN NaN NaN NaN NaN NaN NaN NaN NaN NaN NaN NaN NaN NaN NaN NaN 
NaN NaN NaN NaN NaN NaN NaN NaN NaN NaN NaN NaN NaN NaN NaN NaN NaN NaN NaN NaN NaN NaN NaN NaN NaN NaN NaN NaN NaN NaN NaN NaN NaN NaN NaN NaN NaN NaN NaN NaN 
NaN NaN NaN NaN NaN NaN NaN NaN NaN NaN NaN NaN NaN NaN NaN NaN NaN NaN NaN NaN NaN NaN NaN NaN NaN NaN NaN NaN NaN NaN NaN NaN NaN NaN NaN NaN NaN NaN NaN NaN 
NaN NaN NaN NaN NaN NaN NaN NaN NaN NaN NaN NaN NaN NaN NaN NaN NaN NaN NaN NaN NaN NaN NaN NaN NaN NaN NaN NaN NaN NaN NaN NaN NaN NaN NaN NaN NaN NaN NaN NaN 
NaN NaN NaN NaN NaN NaN NaN NaN NaN NaN NaN NaN NaN NaN NaN NaN NaN NaN NaN NaN NaN NaN NaN NaN NaN NaN NaN NaN NaN NaN NaN NaN NaN NaN NaN NaN NaN NaN NaN NaN 
NaN NaN NaN NaN NaN NaN NaN NaN NaN NaN NaN NaN NaN NaN NaN NaN NaN NaN NaN NaN NaN NaN NaN NaN NaN NaN NaN NaN NaN NaN NaN NaN NaN NaN NaN NaN NaN NaN NaN NaN 
NaN NaN NaN NaN NaN NaN NaN NaN NaN NaN NaN NaN NaN NaN NaN NaN NaN NaN NaN NaN NaN NaN NaN NaN NaN NaN NaN NaN NaN NaN NaN NaN NaN NaN NaN NaN NaN NaN NaN NaN 
NaN NaN NaN NaN NaN NaN NaN NaN NaN NaN NaN NaN NaN NaN NaN NaN NaN NaN NaN NaN NaN NaN NaN NaN NaN NaN NaN NaN NaN NaN NaN NaN NaN NaN NaN NaN NaN NaN NaN NaN 
NaN NaN NaN NaN NaN NaN NaN NaN NaN NaN NaN NaN NaN NaN NaN NaN NaN NaN NaN NaN NaN NaN NaN NaN NaN NaN NaN NaN NaN NaN NaN NaN NaN NaN NaN NaN NaN NaN NaN NaN 
NaN NaN NaN NaN NaN NaN NaN NaN NaN NaN NaN NaN NaN NaN NaN NaN NaN NaN NaN NaN NaN NaN NaN NaN NaN NaN NaN NaN NaN NaN NaN NaN NaN NaN NaN NaN NaN NaN NaN NaN 
NaN NaN NaN NaN NaN NaN NaN NaN NaN NaN NaN NaN NaN NaN NaN NaN NaN NaN NaN NaN NaN NaN NaN NaN NaN NaN NaN NaN NaN NaN NaN NaN NaN NaN NaN NaN NaN NaN NaN NaN 
NaN NaN NaN NaN NaN NaN NaN NaN NaN NaN NaN NaN NaN NaN NaN NaN NaN NaN NaN NaN NaN NaN NaN NaN NaN NaN NaN NaN NaN NaN NaN NaN NaN NaN NaN NaN NaN NaN NaN NaN 
NaN NaN NaN NaN NaN NaN NaN NaN NaN NaN NaN NaN NaN NaN NaN NaN NaN NaN NaN NaN NaN NaN NaN NaN NaN NaN NaN NaN NaN NaN NaN NaN NaN NaN NaN NaN NaN NaN NaN NaN 
NaN NaN NaN NaN NaN NaN NaN NaN NaN NaN NaN NaN NaN NaN NaN NaN NaN NaN NaN NaN NaN NaN NaN NaN NaN NaN NaN NaN NaN NaN NaN NaN NaN NaN NaN NaN NaN NaN NaN NaN 
NaN NaN NaN NaN NaN NaN NaN NaN NaN NaN NaN NaN NaN NaN NaN NaN NaN NaN NaN NaN NaN NaN NaN NaN NaN NaN NaN NaN NaN NaN NaN NaN NaN NaN NaN NaN NaN NaN NaN NaN 
NaN NaN NaN NaN NaN NaN NaN NaN NaN NaN NaN NaN NaN NaN NaN NaN NaN NaN NaN NaN NaN NaN NaN NaN NaN NaN NaN NaN NaN NaN NaN NaN NaN NaN NaN NaN NaN NaN NaN NaN 
NaN NaN NaN NaN NaN NaN NaN NaN NaN NaN NaN NaN NaN NaN NaN NaN NaN NaN NaN NaN NaN NaN NaN NaN NaN NaN NaN NaN NaN NaN NaN NaN NaN NaN NaN NaN NaN NaN NaN NaN 
NaN NaN NaN NaN NaN NaN NaN NaN NaN NaN NaN NaN NaN NaN NaN NaN NaN NaN NaN NaN NaN NaN NaN NaN NaN NaN NaN NaN NaN NaN NaN NaN NaN NaN NaN NaN NaN NaN NaN NaN 
NaN NaN NaN NaN NaN NaN NaN NaN NaN NaN NaN NaN NaN NaN NaN NaN NaN NaN NaN NaN NaN NaN NaN NaN NaN NaN NaN NaN NaN NaN NaN NaN NaN NaN NaN NaN NaN NaN NaN NaN 
NaN NaN NaN NaN NaN NaN NaN NaN NaN NaN NaN NaN NaN NaN NaN NaN NaN NaN NaN NaN NaN NaN NaN NaN NaN NaN NaN NaN NaN NaN NaN NaN NaN NaN NaN NaN NaN NaN NaN NaN 
NaN NaN NaN NaN NaN NaN NaN NaN NaN NaN NaN NaN NaN NaN NaN NaN NaN NaN NaN NaN NaN NaN NaN NaN NaN NaN NaN NaN NaN NaN NaN NaN NaN NaN NaN NaN NaN NaN NaN NaN 
NaN NaN NaN NaN NaN NaN NaN NaN NaN NaN NaN NaN NaN NaN NaN NaN NaN NaN NaN NaN NaN NaN NaN NaN NaN NaN NaN NaN NaN NaN NaN NaN NaN NaN NaN NaN NaN NaN NaN NaN 
NaN NaN NaN NaN NaN NaN NaN NaN NaN NaN NaN NaN NaN NaN NaN NaN NaN NaN NaN NaN NaN NaN NaN NaN NaN NaN NaN NaN NaN NaN NaN NaN NaN NaN NaN NaN NaN NaN NaN NaN 
NaN NaN NaN NaN NaN NaN NaN NaN NaN NaN NaN NaN NaN NaN NaN NaN NaN NaN NaN NaN NaN NaN NaN NaN NaN NaN NaN NaN NaN NaN NaN NaN NaN NaN NaN NaN NaN NaN NaN NaN 
NaN NaN NaN NaN NaN NaN NaN NaN NaN NaN NaN NaN NaN NaN NaN NaN NaN NaN NaN NaN NaN NaN NaN NaN NaN NaN NaN NaN NaN NaN NaN NaN NaN NaN NaN NaN NaN NaN NaN NaN 
NaN NaN NaN NaN NaN NaN NaN NaN NaN NaN NaN NaN NaN NaN NaN NaN NaN NaN NaN NaN NaN NaN NaN NaN NaN NaN NaN NaN NaN NaN NaN NaN NaN NaN NaN NaN NaN NaN NaN NaN 
